405428 7.55484e+006 7.25638
405428 7.55484e+006 7.24577
405428 7.55484e+006 7.24577
405428 7.55484e+006 7.24577
405428 7.55484e+006 7.25638
405428 7.55484e+006 7.25638
405428 7.55484e+006 7.25679
405428 7.55484e+006 7.24618
405428 7.55484e+006 7.24577
405428 7.55484e+006 7.24577
405428 7.55484e+006 7.25638
405428 7.55484e+006 7.25679
405428 7.55484e+006 7.25679
405428 7.55484e+006 7.24618
405428 7.55484e+006 7.24618
405428 7.55484e+006 7.24618
405428 7.55484e+006 7.25679
405428 7.55484e+006 7.25679
405428 7.55484e+006 7.25638
405428 7.55484e+006 7.24577
405428 7.55484e+006 7.24618
405428 7.55484e+006 7.24618
405428 7.55484e+006 7.25679
405428 7.55484e+006 7.25638
405428 7.55484e+006 7.24618
405428 7.55484e+006 7.24618
405428 7.55484e+006 7.24577
405428 7.55484e+006 7.24577
405428 7.55484e+006 7.24577
405428 7.55484e+006 7.24618
405428 7.55484e+006 7.25638
405428 7.55484e+006 7.25679
405428 7.55484e+006 7.25679
405428 7.55484e+006 7.25679
405428 7.55484e+006 7.25638
405428 7.55484e+006 7.25638
