402803 7.56122e+006 -466.715
402803 7.56122e+006 -466.723
402803 7.56122e+006 -466.723
402803 7.56122e+006 -466.723
402803 7.56122e+006 -466.715
402803 7.56122e+006 -466.715
402803 7.56122e+006 -466.715
402803 7.56122e+006 -466.723
402803 7.56122e+006 -466.723
402803 7.56122e+006 -466.723
402803 7.56122e+006 -466.715
402803 7.56122e+006 -466.715
402803 7.56122e+006 -466.715
402803 7.56122e+006 -466.723
402803 7.56122e+006 -466.723
402803 7.56122e+006 -466.723
402803 7.56122e+006 -466.715
402803 7.56122e+006 -466.715
402803 7.56122e+006 -466.715
402803 7.56122e+006 -466.723
402803 7.56122e+006 -466.723
402803 7.56122e+006 -466.723
402803 7.56122e+006 -466.715
402803 7.56122e+006 -466.715
402803 7.56122e+006 -466.723
402803 7.56122e+006 -466.723
402803 7.56122e+006 -466.723
402803 7.56122e+006 -466.723
402803 7.56122e+006 -466.723
402803 7.56122e+006 -466.723
402803 7.56122e+006 -466.715
402803 7.56122e+006 -466.715
402803 7.56122e+006 -466.715
402803 7.56122e+006 -466.715
402803 7.56122e+006 -466.715
402803 7.56122e+006 -466.715
