396683 7.55225e+006 -259.425
396683 7.55225e+006 -259.431
396683 7.55225e+006 -259.431
396683 7.55225e+006 -259.431
396683 7.55225e+006 -259.425
396683 7.55225e+006 -259.425
396683 7.55225e+006 -259.422
396683 7.55225e+006 -259.428
396683 7.55225e+006 -259.431
396683 7.55225e+006 -259.431
396683 7.55225e+006 -259.425
396683 7.55225e+006 -259.422
396683 7.55225e+006 -259.422
396683 7.55225e+006 -259.428
396683 7.55225e+006 -259.428
396683 7.55225e+006 -259.428
396683 7.55225e+006 -259.422
396683 7.55225e+006 -259.422
396683 7.55225e+006 -259.425
396683 7.55225e+006 -259.431
396683 7.55225e+006 -259.428
396683 7.55225e+006 -259.428
396683 7.55225e+006 -259.422
396683 7.55225e+006 -259.425
396683 7.55225e+006 -259.428
396683 7.55225e+006 -259.428
396683 7.55225e+006 -259.431
396683 7.55225e+006 -259.431
396683 7.55225e+006 -259.431
396683 7.55225e+006 -259.428
396683 7.55225e+006 -259.425
396683 7.55225e+006 -259.422
396683 7.55225e+006 -259.422
396683 7.55225e+006 -259.422
396683 7.55225e+006 -259.425
396683 7.55225e+006 -259.425
