398073 7.55178e+006 -279.637
398073 7.55178e+006 -279.647
398073 7.55178e+006 -279.647
398073 7.55178e+006 -279.647
398073 7.55178e+006 -279.637
398073 7.55178e+006 -279.637
398073 7.55178e+006 -279.637
398073 7.55178e+006 -279.647
398073 7.55178e+006 -279.647
398073 7.55178e+006 -279.647
398073 7.55178e+006 -279.637
398073 7.55178e+006 -279.637
398073 7.55178e+006 -279.637
398073 7.55178e+006 -279.647
398073 7.55178e+006 -279.647
398073 7.55178e+006 -279.647
398073 7.55178e+006 -279.637
398073 7.55178e+006 -279.637
398073 7.55178e+006 -279.637
398073 7.55178e+006 -279.647
398073 7.55178e+006 -279.647
398073 7.55178e+006 -279.647
398073 7.55178e+006 -279.637
398073 7.55178e+006 -279.637
398073 7.55178e+006 -279.647
398073 7.55178e+006 -279.647
398073 7.55178e+006 -279.647
398073 7.55178e+006 -279.647
398073 7.55178e+006 -279.647
398073 7.55178e+006 -279.647
398073 7.55178e+006 -279.637
398073 7.55178e+006 -279.637
398073 7.55178e+006 -279.637
398073 7.55178e+006 -279.637
398073 7.55178e+006 -279.637
398073 7.55178e+006 -279.637
