402802 7.56122e+006 -466.709
402802 7.56122e+006 -466.717
402802 7.56122e+006 -466.717
402802 7.56122e+006 -466.717
402802 7.56122e+006 -466.709
402802 7.56122e+006 -466.709
402802 7.56122e+006 -466.709
402802 7.56122e+006 -466.717
402802 7.56122e+006 -466.717
402802 7.56122e+006 -466.717
402802 7.56122e+006 -466.709
402802 7.56122e+006 -466.709
402802 7.56122e+006 -466.709
402802 7.56122e+006 -466.717
402802 7.56122e+006 -466.717
402802 7.56122e+006 -466.717
402802 7.56122e+006 -466.709
402802 7.56122e+006 -466.709
402802 7.56122e+006 -466.709
402802 7.56122e+006 -466.717
402802 7.56122e+006 -466.717
402802 7.56122e+006 -466.717
402802 7.56122e+006 -466.709
402802 7.56122e+006 -466.709
402802 7.56122e+006 -466.717
402802 7.56122e+006 -466.717
402802 7.56122e+006 -466.717
402802 7.56122e+006 -466.717
402802 7.56122e+006 -466.717
402802 7.56122e+006 -466.717
402802 7.56122e+006 -466.709
402802 7.56122e+006 -466.709
402802 7.56122e+006 -466.709
402802 7.56122e+006 -466.709
402802 7.56122e+006 -466.709
402802 7.56122e+006 -466.709
