405434 7.5548e+006 7.25638
405434 7.5548e+006 7.24577
405434 7.5548e+006 7.24577
405434 7.5548e+006 7.24577
405434 7.5548e+006 7.25638
405434 7.5548e+006 7.25638
405434 7.5548e+006 7.25679
405434 7.5548e+006 7.24618
405434 7.5548e+006 7.24577
405434 7.5548e+006 7.24577
405434 7.5548e+006 7.25638
405434 7.5548e+006 7.25679
405434 7.5548e+006 7.25679
405434 7.5548e+006 7.24618
405434 7.5548e+006 7.24618
405434 7.5548e+006 7.24618
405434 7.5548e+006 7.25679
405434 7.5548e+006 7.25679
405434 7.5548e+006 7.25638
405434 7.5548e+006 7.24577
405434 7.5548e+006 7.24618
405434 7.5548e+006 7.24618
405434 7.5548e+006 7.25679
405434 7.5548e+006 7.25638
405434 7.5548e+006 7.24618
405434 7.5548e+006 7.24618
405434 7.5548e+006 7.24577
405434 7.5548e+006 7.24577
405434 7.5548e+006 7.24577
405434 7.5548e+006 7.24618
405434 7.5548e+006 7.25638
405434 7.5548e+006 7.25679
405434 7.5548e+006 7.25679
405434 7.5548e+006 7.25679
405434 7.5548e+006 7.25638
405434 7.5548e+006 7.25638
