404798 7.55094e+006 -559.861
404798 7.55094e+006 -559.854
404798 7.55094e+006 -559.854
404798 7.55094e+006 -559.854
404798 7.55094e+006 -559.861
404798 7.55094e+006 -559.861
404798 7.55094e+006 -559.862
404798 7.55094e+006 -559.855
404798 7.55094e+006 -559.854
404798 7.55094e+006 -559.854
404798 7.55094e+006 -559.861
404798 7.55094e+006 -559.862
404798 7.55094e+006 -559.862
404798 7.55094e+006 -559.855
404798 7.55094e+006 -559.855
404798 7.55094e+006 -559.855
404798 7.55094e+006 -559.862
404798 7.55094e+006 -559.862
404798 7.55094e+006 -559.861
404798 7.55094e+006 -559.854
404798 7.55094e+006 -559.855
404798 7.55094e+006 -559.855
404798 7.55094e+006 -559.862
404798 7.55094e+006 -559.861
404798 7.55094e+006 -559.855
404798 7.55094e+006 -559.855
404798 7.55094e+006 -559.854
404798 7.55094e+006 -559.854
404798 7.55094e+006 -559.854
404798 7.55094e+006 -559.855
404798 7.55094e+006 -559.861
404798 7.55094e+006 -559.862
404798 7.55094e+006 -559.862
404798 7.55094e+006 -559.862
404798 7.55094e+006 -559.861
404798 7.55094e+006 -559.861
