405405 7.55478e+006 8.5839
405405 7.55478e+006 8.57323
405405 7.55478e+006 8.57323
405405 7.55478e+006 8.57323
405405 7.55478e+006 8.5839
405405 7.55478e+006 8.5839
405405 7.55478e+006 8.5839
405405 7.55478e+006 8.57323
405405 7.55478e+006 8.57323
405405 7.55478e+006 8.57323
405405 7.55478e+006 8.5839
405405 7.55478e+006 8.5839
405405 7.55478e+006 8.5839
405405 7.55478e+006 8.57323
405405 7.55478e+006 8.57323
405405 7.55478e+006 8.57323
405405 7.55478e+006 8.5839
405405 7.55478e+006 8.5839
405405 7.55478e+006 8.5839
405405 7.55478e+006 8.57323
405405 7.55478e+006 8.57323
405405 7.55478e+006 8.57323
405405 7.55478e+006 8.5839
405405 7.55478e+006 8.5839
405405 7.55478e+006 8.57323
405405 7.55478e+006 8.57323
405405 7.55478e+006 8.57323
405405 7.55478e+006 8.57323
405405 7.55478e+006 8.57323
405405 7.55478e+006 8.57323
405405 7.55478e+006 8.5839
405405 7.55478e+006 8.5839
405405 7.55478e+006 8.5839
405405 7.55478e+006 8.5839
405405 7.55478e+006 8.5839
405405 7.55478e+006 8.5839
