402798 7.56122e+006 -466.695
402798 7.56122e+006 -466.7
402798 7.56122e+006 -466.7
402798 7.56122e+006 -466.7
402798 7.56122e+006 -466.695
402798 7.56122e+006 -466.695
402798 7.56122e+006 -466.697
402798 7.56122e+006 -466.702
402798 7.56122e+006 -466.7
402798 7.56122e+006 -466.7
402798 7.56122e+006 -466.695
402798 7.56122e+006 -466.697
402798 7.56122e+006 -466.697
402798 7.56122e+006 -466.702
402798 7.56122e+006 -466.702
402798 7.56122e+006 -466.702
402798 7.56122e+006 -466.697
402798 7.56122e+006 -466.697
402798 7.56122e+006 -466.695
402798 7.56122e+006 -466.7
402798 7.56122e+006 -466.702
402798 7.56122e+006 -466.702
402798 7.56122e+006 -466.697
402798 7.56122e+006 -466.695
402798 7.56122e+006 -466.702
402798 7.56122e+006 -466.702
402798 7.56122e+006 -466.7
402798 7.56122e+006 -466.7
402798 7.56122e+006 -466.7
402798 7.56122e+006 -466.702
402798 7.56122e+006 -466.695
402798 7.56122e+006 -466.697
402798 7.56122e+006 -466.697
402798 7.56122e+006 -466.697
402798 7.56122e+006 -466.695
402798 7.56122e+006 -466.695
