402804 7.56122e+006 -466.726
402804 7.56122e+006 -466.733
402804 7.56122e+006 -466.733
402804 7.56122e+006 -466.733
402804 7.56122e+006 -466.726
402804 7.56122e+006 -466.726
402804 7.56122e+006 -466.726
402804 7.56122e+006 -466.733
402804 7.56122e+006 -466.733
402804 7.56122e+006 -466.733
402804 7.56122e+006 -466.726
402804 7.56122e+006 -466.726
402804 7.56122e+006 -466.726
402804 7.56122e+006 -466.733
402804 7.56122e+006 -466.733
402804 7.56122e+006 -466.733
402804 7.56122e+006 -466.726
402804 7.56122e+006 -466.726
402804 7.56122e+006 -466.726
402804 7.56122e+006 -466.733
402804 7.56122e+006 -466.733
402804 7.56122e+006 -466.733
402804 7.56122e+006 -466.726
402804 7.56122e+006 -466.726
402804 7.56122e+006 -466.733
402804 7.56122e+006 -466.733
402804 7.56122e+006 -466.733
402804 7.56122e+006 -466.733
402804 7.56122e+006 -466.733
402804 7.56122e+006 -466.733
402804 7.56122e+006 -466.726
402804 7.56122e+006 -466.726
402804 7.56122e+006 -466.726
402804 7.56122e+006 -466.726
402804 7.56122e+006 -466.726
402804 7.56122e+006 -466.726
