402804 7.56122e+006 -466.705
402804 7.56122e+006 -466.712
402804 7.56122e+006 -466.712
402804 7.56122e+006 -466.712
402804 7.56122e+006 -466.705
402804 7.56122e+006 -466.705
402804 7.56122e+006 -466.705
402804 7.56122e+006 -466.712
402804 7.56122e+006 -466.712
402804 7.56122e+006 -466.712
402804 7.56122e+006 -466.705
402804 7.56122e+006 -466.705
402804 7.56122e+006 -466.705
402804 7.56122e+006 -466.712
402804 7.56122e+006 -466.712
402804 7.56122e+006 -466.712
402804 7.56122e+006 -466.705
402804 7.56122e+006 -466.705
402804 7.56122e+006 -466.705
402804 7.56122e+006 -466.712
402804 7.56122e+006 -466.712
402804 7.56122e+006 -466.712
402804 7.56122e+006 -466.705
402804 7.56122e+006 -466.705
402804 7.56122e+006 -466.712
402804 7.56122e+006 -466.712
402804 7.56122e+006 -466.712
402804 7.56122e+006 -466.712
402804 7.56122e+006 -466.712
402804 7.56122e+006 -466.712
402804 7.56122e+006 -466.705
402804 7.56122e+006 -466.705
402804 7.56122e+006 -466.705
402804 7.56122e+006 -466.705
402804 7.56122e+006 -466.705
402804 7.56122e+006 -466.705
