405435 7.55485e+006 7.15445
405435 7.55485e+006 7.14384
405435 7.55485e+006 7.14384
405435 7.55485e+006 7.14384
405435 7.55485e+006 7.15445
405435 7.55485e+006 7.15445
405435 7.55485e+006 7.15487
405435 7.55485e+006 7.14426
405435 7.55485e+006 7.14384
405435 7.55485e+006 7.14384
405435 7.55485e+006 7.15445
405435 7.55485e+006 7.15487
405435 7.55485e+006 7.15487
405435 7.55485e+006 7.14426
405435 7.55485e+006 7.14426
405435 7.55485e+006 7.14426
405435 7.55485e+006 7.15487
405435 7.55485e+006 7.15487
405435 7.55485e+006 7.15445
405435 7.55485e+006 7.14384
405435 7.55485e+006 7.14426
405435 7.55485e+006 7.14426
405435 7.55485e+006 7.15487
405435 7.55485e+006 7.15445
405435 7.55485e+006 7.14426
405435 7.55485e+006 7.14426
405435 7.55485e+006 7.14384
405435 7.55485e+006 7.14384
405435 7.55485e+006 7.14384
405435 7.55485e+006 7.14426
405435 7.55485e+006 7.15445
405435 7.55485e+006 7.15487
405435 7.55485e+006 7.15487
405435 7.55485e+006 7.15487
405435 7.55485e+006 7.15445
405435 7.55485e+006 7.15445
