405437 7.55485e+006 7.15445
405437 7.55485e+006 7.14384
405437 7.55485e+006 7.14384
405437 7.55485e+006 7.14384
405437 7.55485e+006 7.15445
405437 7.55485e+006 7.15445
405437 7.55485e+006 7.15487
405437 7.55485e+006 7.14426
405437 7.55485e+006 7.14384
405437 7.55485e+006 7.14384
405437 7.55485e+006 7.15445
405437 7.55485e+006 7.15487
405437 7.55485e+006 7.15487
405437 7.55485e+006 7.14426
405437 7.55485e+006 7.14426
405437 7.55485e+006 7.14426
405437 7.55485e+006 7.15487
405437 7.55485e+006 7.15487
405437 7.55485e+006 7.15445
405437 7.55485e+006 7.14384
405437 7.55485e+006 7.14426
405437 7.55485e+006 7.14426
405437 7.55485e+006 7.15487
405437 7.55485e+006 7.15445
405437 7.55485e+006 7.14426
405437 7.55485e+006 7.14426
405437 7.55485e+006 7.14384
405437 7.55485e+006 7.14384
405437 7.55485e+006 7.14384
405437 7.55485e+006 7.14426
405437 7.55485e+006 7.15445
405437 7.55485e+006 7.15487
405437 7.55485e+006 7.15487
405437 7.55485e+006 7.15487
405437 7.55485e+006 7.15445
405437 7.55485e+006 7.15445
