403388 7.54948e+006 -465.154
403388 7.54948e+006 -465.147
403388 7.54948e+006 -465.147
403388 7.54948e+006 -465.147
403388 7.54948e+006 -465.154
403388 7.54948e+006 -465.154
403388 7.54948e+006 -465.155
403388 7.54948e+006 -465.148
403388 7.54948e+006 -465.147
403388 7.54948e+006 -465.147
403388 7.54948e+006 -465.154
403388 7.54948e+006 -465.155
403388 7.54948e+006 -465.155
403388 7.54948e+006 -465.148
403388 7.54948e+006 -465.148
403388 7.54948e+006 -465.148
403388 7.54948e+006 -465.155
403388 7.54948e+006 -465.155
403388 7.54948e+006 -465.154
403388 7.54948e+006 -465.147
403388 7.54948e+006 -465.148
403388 7.54948e+006 -465.148
403388 7.54948e+006 -465.155
403388 7.54948e+006 -465.154
403388 7.54948e+006 -465.148
403388 7.54948e+006 -465.148
403388 7.54948e+006 -465.147
403388 7.54948e+006 -465.147
403388 7.54948e+006 -465.147
403388 7.54948e+006 -465.148
403388 7.54948e+006 -465.154
403388 7.54948e+006 -465.155
403388 7.54948e+006 -465.155
403388 7.54948e+006 -465.155
403388 7.54948e+006 -465.154
403388 7.54948e+006 -465.154
