402802 7.56122e+006 -466.722
402802 7.56122e+006 -466.729
402802 7.56122e+006 -466.729
402802 7.56122e+006 -466.729
402802 7.56122e+006 -466.722
402802 7.56122e+006 -466.722
402802 7.56122e+006 -466.722
402802 7.56122e+006 -466.729
402802 7.56122e+006 -466.729
402802 7.56122e+006 -466.729
402802 7.56122e+006 -466.722
402802 7.56122e+006 -466.722
402802 7.56122e+006 -466.722
402802 7.56122e+006 -466.729
402802 7.56122e+006 -466.729
402802 7.56122e+006 -466.729
402802 7.56122e+006 -466.722
402802 7.56122e+006 -466.722
402802 7.56122e+006 -466.722
402802 7.56122e+006 -466.729
402802 7.56122e+006 -466.729
402802 7.56122e+006 -466.729
402802 7.56122e+006 -466.722
402802 7.56122e+006 -466.722
402802 7.56122e+006 -466.729
402802 7.56122e+006 -466.729
402802 7.56122e+006 -466.729
402802 7.56122e+006 -466.729
402802 7.56122e+006 -466.729
402802 7.56122e+006 -466.729
402802 7.56122e+006 -466.722
402802 7.56122e+006 -466.722
402802 7.56122e+006 -466.722
402802 7.56122e+006 -466.722
402802 7.56122e+006 -466.722
402802 7.56122e+006 -466.722
