402797 7.56122e+006 -466.258
402797 7.56122e+006 -466.263
402797 7.56122e+006 -466.263
402797 7.56122e+006 -466.263
402797 7.56122e+006 -466.258
402797 7.56122e+006 -466.258
402797 7.56122e+006 -466.26
402797 7.56122e+006 -466.265
402797 7.56122e+006 -466.263
402797 7.56122e+006 -466.263
402797 7.56122e+006 -466.258
402797 7.56122e+006 -466.26
402797 7.56122e+006 -466.26
402797 7.56122e+006 -466.265
402797 7.56122e+006 -466.265
402797 7.56122e+006 -466.265
402797 7.56122e+006 -466.26
402797 7.56122e+006 -466.26
402797 7.56122e+006 -466.258
402797 7.56122e+006 -466.263
402797 7.56122e+006 -466.265
402797 7.56122e+006 -466.265
402797 7.56122e+006 -466.26
402797 7.56122e+006 -466.258
402797 7.56122e+006 -466.265
402797 7.56122e+006 -466.265
402797 7.56122e+006 -466.263
402797 7.56122e+006 -466.263
402797 7.56122e+006 -466.263
402797 7.56122e+006 -466.265
402797 7.56122e+006 -466.258
402797 7.56122e+006 -466.26
402797 7.56122e+006 -466.26
402797 7.56122e+006 -466.26
402797 7.56122e+006 -466.258
402797 7.56122e+006 -466.258
