402801 7.56122e+006 -466.722
402801 7.56122e+006 -466.729
402801 7.56122e+006 -466.729
402801 7.56122e+006 -466.729
402801 7.56122e+006 -466.722
402801 7.56122e+006 -466.722
402801 7.56122e+006 -466.722
402801 7.56122e+006 -466.729
402801 7.56122e+006 -466.729
402801 7.56122e+006 -466.729
402801 7.56122e+006 -466.722
402801 7.56122e+006 -466.722
402801 7.56122e+006 -466.722
402801 7.56122e+006 -466.729
402801 7.56122e+006 -466.729
402801 7.56122e+006 -466.729
402801 7.56122e+006 -466.722
402801 7.56122e+006 -466.722
402801 7.56122e+006 -466.722
402801 7.56122e+006 -466.729
402801 7.56122e+006 -466.729
402801 7.56122e+006 -466.729
402801 7.56122e+006 -466.722
402801 7.56122e+006 -466.722
402801 7.56122e+006 -466.729
402801 7.56122e+006 -466.729
402801 7.56122e+006 -466.729
402801 7.56122e+006 -466.729
402801 7.56122e+006 -466.729
402801 7.56122e+006 -466.729
402801 7.56122e+006 -466.722
402801 7.56122e+006 -466.722
402801 7.56122e+006 -466.722
402801 7.56122e+006 -466.722
402801 7.56122e+006 -466.722
402801 7.56122e+006 -466.722
