403387 7.54948e+006 -465.154
403387 7.54948e+006 -465.147
403387 7.54948e+006 -465.147
403387 7.54948e+006 -465.147
403387 7.54948e+006 -465.154
403387 7.54948e+006 -465.154
403387 7.54948e+006 -465.155
403387 7.54948e+006 -465.148
403387 7.54948e+006 -465.147
403387 7.54948e+006 -465.147
403387 7.54948e+006 -465.154
403387 7.54948e+006 -465.155
403387 7.54948e+006 -465.155
403387 7.54948e+006 -465.148
403387 7.54948e+006 -465.148
403387 7.54948e+006 -465.148
403387 7.54948e+006 -465.155
403387 7.54948e+006 -465.155
403387 7.54948e+006 -465.154
403387 7.54948e+006 -465.147
403387 7.54948e+006 -465.148
403387 7.54948e+006 -465.148
403387 7.54948e+006 -465.155
403387 7.54948e+006 -465.154
403387 7.54948e+006 -465.148
403387 7.54948e+006 -465.148
403387 7.54948e+006 -465.147
403387 7.54948e+006 -465.147
403387 7.54948e+006 -465.147
403387 7.54948e+006 -465.148
403387 7.54948e+006 -465.154
403387 7.54948e+006 -465.155
403387 7.54948e+006 -465.155
403387 7.54948e+006 -465.155
403387 7.54948e+006 -465.154
403387 7.54948e+006 -465.154
