405444 7.55482e+006 7.25638
405444 7.55482e+006 7.24577
405444 7.55482e+006 7.24577
405444 7.55482e+006 7.24577
405444 7.55482e+006 7.25638
405444 7.55482e+006 7.25638
405444 7.55482e+006 7.25679
405444 7.55482e+006 7.24618
405444 7.55482e+006 7.24577
405444 7.55482e+006 7.24577
405444 7.55482e+006 7.25638
405444 7.55482e+006 7.25679
405444 7.55482e+006 7.25679
405444 7.55482e+006 7.24618
405444 7.55482e+006 7.24618
405444 7.55482e+006 7.24618
405444 7.55482e+006 7.25679
405444 7.55482e+006 7.25679
405444 7.55482e+006 7.25638
405444 7.55482e+006 7.24577
405444 7.55482e+006 7.24618
405444 7.55482e+006 7.24618
405444 7.55482e+006 7.25679
405444 7.55482e+006 7.25638
405444 7.55482e+006 7.24618
405444 7.55482e+006 7.24618
405444 7.55482e+006 7.24577
405444 7.55482e+006 7.24577
405444 7.55482e+006 7.24577
405444 7.55482e+006 7.24618
405444 7.55482e+006 7.25638
405444 7.55482e+006 7.25679
405444 7.55482e+006 7.25679
405444 7.55482e+006 7.25679
405444 7.55482e+006 7.25638
405444 7.55482e+006 7.25638
