405442 7.55482e+006 8.36299
405442 7.55482e+006 7.86299
405442 7.55482e+006 7.86299
405442 7.55482e+006 7.86299
405442 7.55482e+006 8.36299
405442 7.55482e+006 8.36299
405442 7.55482e+006 8.36299
405442 7.55482e+006 7.86299
405442 7.55482e+006 7.86299
405442 7.55482e+006 7.86299
405442 7.55482e+006 8.36299
405442 7.55482e+006 8.36299
405442 7.55482e+006 8.36299
405442 7.55482e+006 7.86299
405442 7.55482e+006 7.86299
405442 7.55482e+006 7.86299
405442 7.55482e+006 8.36299
405442 7.55482e+006 8.36299
405442 7.55482e+006 8.36299
405442 7.55482e+006 7.86299
405442 7.55482e+006 7.86299
405442 7.55482e+006 7.86299
405442 7.55482e+006 8.36299
405442 7.55482e+006 8.36299
405442 7.55482e+006 8.36299
405442 7.55482e+006 7.86299
405442 7.55482e+006 7.86299
405442 7.55482e+006 7.86299
405442 7.55482e+006 8.36299
405442 7.55482e+006 8.36299
405442 7.55482e+006 8.36299
405442 7.55482e+006 7.86299
405442 7.55482e+006 7.86299
405442 7.55482e+006 7.86299
405442 7.55482e+006 8.36299
405442 7.55482e+006 8.36299
405442 7.55482e+006 7.86299
405442 7.55482e+006 7.86299
405442 7.55482e+006 7.86299
405442 7.55482e+006 7.86299
405442 7.55482e+006 7.86299
405442 7.55482e+006 7.86299
405442 7.55482e+006 7.86299
405442 7.55482e+006 7.86299
405442 7.55482e+006 7.86299
405442 7.55482e+006 7.86299
405442 7.55482e+006 7.86299
405442 7.55482e+006 7.86299
405442 7.55482e+006 8.36299
405442 7.55482e+006 8.36299
405442 7.55482e+006 8.36299
405442 7.55482e+006 8.36299
405442 7.55482e+006 8.36299
405442 7.55482e+006 8.36299
405442 7.55482e+006 8.36299
405442 7.55482e+006 8.36299
405442 7.55482e+006 8.36299
405442 7.55482e+006 8.36299
405442 7.55482e+006 8.36299
405442 7.55482e+006 8.36299
405444 7.55482e+006 8.36299
405444 7.55482e+006 7.86299
405444 7.55482e+006 7.86299
405444 7.55482e+006 7.86299
405444 7.55482e+006 8.36299
405444 7.55482e+006 8.36299
405444 7.55482e+006 8.36299
405444 7.55482e+006 7.86299
405444 7.55482e+006 7.86299
405444 7.55482e+006 7.86299
405444 7.55482e+006 8.36299
405444 7.55482e+006 8.36299
405444 7.55482e+006 8.36299
405444 7.55482e+006 7.86299
405444 7.55482e+006 7.86299
405444 7.55482e+006 7.86299
405444 7.55482e+006 8.36299
405444 7.55482e+006 8.36299
405444 7.55482e+006 8.36299
405444 7.55482e+006 7.86299
405444 7.55482e+006 7.86299
405444 7.55482e+006 7.86299
405444 7.55482e+006 8.36299
405444 7.55482e+006 8.36299
405444 7.55482e+006 8.36299
405444 7.55482e+006 7.86299
405444 7.55482e+006 7.86299
405444 7.55482e+006 7.86299
405444 7.55482e+006 8.36299
405444 7.55482e+006 8.36299
405444 7.55482e+006 8.36299
405444 7.55482e+006 7.86299
405444 7.55482e+006 7.86299
405444 7.55482e+006 7.86299
405444 7.55482e+006 8.36299
405444 7.55482e+006 8.36299
405444 7.55482e+006 7.86299
405444 7.55482e+006 7.86299
405444 7.55482e+006 7.86299
405444 7.55482e+006 7.86299
405444 7.55482e+006 7.86299
405444 7.55482e+006 7.86299
405444 7.55482e+006 7.86299
405444 7.55482e+006 7.86299
405444 7.55482e+006 7.86299
405444 7.55482e+006 7.86299
405444 7.55482e+006 7.86299
405444 7.55482e+006 7.86299
405444 7.55482e+006 8.36299
405444 7.55482e+006 8.36299
405444 7.55482e+006 8.36299
405444 7.55482e+006 8.36299
405444 7.55482e+006 8.36299
405444 7.55482e+006 8.36299
405444 7.55482e+006 8.36299
405444 7.55482e+006 8.36299
405444 7.55482e+006 8.36299
405444 7.55482e+006 8.36299
405444 7.55482e+006 8.36299
405444 7.55482e+006 8.36299
405443 7.55482e+006 8.36299
405443 7.55482e+006 7.86299
405443 7.55482e+006 7.86299
405443 7.55482e+006 7.86299
405443 7.55482e+006 8.36299
405443 7.55482e+006 8.36299
405443 7.55482e+006 8.36299
405443 7.55482e+006 7.86299
405443 7.55482e+006 7.86299
405443 7.55482e+006 7.86299
405443 7.55482e+006 8.36299
405443 7.55482e+006 8.36299
405443 7.55482e+006 8.36299
405443 7.55482e+006 7.86299
405443 7.55482e+006 7.86299
405443 7.55482e+006 7.86299
405443 7.55482e+006 8.36299
405443 7.55482e+006 8.36299
405443 7.55482e+006 8.36299
405443 7.55482e+006 7.86299
405443 7.55482e+006 7.86299
405443 7.55482e+006 7.86299
405443 7.55482e+006 8.36299
405443 7.55482e+006 8.36299
405443 7.55482e+006 8.36299
405443 7.55482e+006 7.86299
405443 7.55482e+006 7.86299
405443 7.55482e+006 7.86299
405443 7.55482e+006 8.36299
405443 7.55482e+006 8.36299
405443 7.55482e+006 8.36299
405443 7.55482e+006 7.86299
405443 7.55482e+006 7.86299
405443 7.55482e+006 7.86299
405443 7.55482e+006 8.36299
405443 7.55482e+006 8.36299
405443 7.55482e+006 7.86299
405443 7.55482e+006 7.86299
405443 7.55482e+006 7.86299
405443 7.55482e+006 7.86299
405443 7.55482e+006 7.86299
405443 7.55482e+006 7.86299
405443 7.55482e+006 7.86299
405443 7.55482e+006 7.86299
405443 7.55482e+006 7.86299
405443 7.55482e+006 7.86299
405443 7.55482e+006 7.86299
405443 7.55482e+006 7.86299
405443 7.55482e+006 8.36299
405443 7.55482e+006 8.36299
405443 7.55482e+006 8.36299
405443 7.55482e+006 8.36299
405443 7.55482e+006 8.36299
405443 7.55482e+006 8.36299
405443 7.55482e+006 8.36299
405443 7.55482e+006 8.36299
405443 7.55482e+006 8.36299
405443 7.55482e+006 8.36299
405443 7.55482e+006 8.36299
405443 7.55482e+006 8.36299
405441 7.55482e+006 8.36299
405441 7.55482e+006 7.86299
405441 7.55482e+006 7.86299
405441 7.55482e+006 7.86299
405441 7.55482e+006 8.36299
405441 7.55482e+006 8.36299
405441 7.55482e+006 8.36299
405441 7.55482e+006 7.86299
405441 7.55482e+006 7.86299
405441 7.55482e+006 7.86299
405441 7.55482e+006 8.36299
405441 7.55482e+006 8.36299
405441 7.55482e+006 8.36299
405441 7.55482e+006 7.86299
405441 7.55482e+006 7.86299
405441 7.55482e+006 7.86299
405441 7.55482e+006 8.36299
405441 7.55482e+006 8.36299
405441 7.55482e+006 8.36299
405441 7.55482e+006 7.86299
405441 7.55482e+006 7.86299
405441 7.55482e+006 7.86299
405441 7.55482e+006 8.36299
405441 7.55482e+006 8.36299
405441 7.55482e+006 8.36299
405441 7.55482e+006 7.86299
405441 7.55482e+006 7.86299
405441 7.55482e+006 7.86299
405441 7.55482e+006 8.36299
405441 7.55482e+006 8.36299
405441 7.55482e+006 8.36299
405441 7.55482e+006 7.86299
405441 7.55482e+006 7.86299
405441 7.55482e+006 7.86299
405441 7.55482e+006 8.36299
405441 7.55482e+006 8.36299
405441 7.55482e+006 7.86299
405441 7.55482e+006 7.86299
405441 7.55482e+006 7.86299
405441 7.55482e+006 7.86299
405441 7.55482e+006 7.86299
405441 7.55482e+006 7.86299
405441 7.55482e+006 7.86299
405441 7.55482e+006 7.86299
405441 7.55482e+006 7.86299
405441 7.55482e+006 7.86299
405441 7.55482e+006 7.86299
405441 7.55482e+006 7.86299
405441 7.55482e+006 8.36299
405441 7.55482e+006 8.36299
405441 7.55482e+006 8.36299
405441 7.55482e+006 8.36299
405441 7.55482e+006 8.36299
405441 7.55482e+006 8.36299
405441 7.55482e+006 8.36299
405441 7.55482e+006 8.36299
405441 7.55482e+006 8.36299
405441 7.55482e+006 8.36299
405441 7.55482e+006 8.36299
405441 7.55482e+006 8.36299
405440 7.55481e+006 8.36298
405440 7.55481e+006 7.86298
405440 7.55481e+006 7.86298
405440 7.55481e+006 7.86298
405440 7.55481e+006 8.36298
405440 7.55481e+006 8.36298
405440 7.55481e+006 8.36298
405440 7.55481e+006 7.86298
405440 7.55481e+006 7.86298
405440 7.55481e+006 7.86298
405440 7.55481e+006 8.36298
405440 7.55481e+006 8.36298
405440 7.55481e+006 8.36298
405440 7.55481e+006 7.86298
405440 7.55481e+006 7.86298
405440 7.55481e+006 7.86298
405440 7.55481e+006 8.36298
405440 7.55481e+006 8.36298
405440 7.55481e+006 8.36298
405440 7.55481e+006 7.86298
405440 7.55481e+006 7.86298
405440 7.55481e+006 7.86298
405440 7.55481e+006 8.36298
405440 7.55481e+006 8.36298
405440 7.55481e+006 8.36298
405440 7.55481e+006 7.86298
405440 7.55481e+006 7.86298
405440 7.55481e+006 7.86298
405440 7.55481e+006 8.36298
405440 7.55481e+006 8.36298
405440 7.55481e+006 8.36298
405440 7.55481e+006 7.86298
405440 7.55481e+006 7.86298
405440 7.55481e+006 7.86298
405440 7.55481e+006 8.36298
405440 7.55481e+006 8.36298
405440 7.55481e+006 7.86298
405440 7.55481e+006 7.86298
405440 7.55481e+006 7.86298
405440 7.55481e+006 7.86298
405440 7.55481e+006 7.86298
405440 7.55481e+006 7.86298
405440 7.55481e+006 7.86298
405440 7.55481e+006 7.86298
405440 7.55481e+006 7.86298
405440 7.55481e+006 7.86298
405440 7.55481e+006 7.86298
405440 7.55481e+006 7.86298
405440 7.55481e+006 8.36298
405440 7.55481e+006 8.36298
405440 7.55481e+006 8.36298
405440 7.55481e+006 8.36298
405440 7.55481e+006 8.36298
405440 7.55481e+006 8.36298
405440 7.55481e+006 8.36298
405440 7.55481e+006 8.36298
405440 7.55481e+006 8.36298
405440 7.55481e+006 8.36298
405440 7.55481e+006 8.36298
405440 7.55481e+006 8.36298
405439 7.55481e+006 8.36298
405439 7.55481e+006 7.86298
405439 7.55481e+006 7.86298
405439 7.55481e+006 7.86298
405439 7.55481e+006 8.36298
405439 7.55481e+006 8.36298
405439 7.55481e+006 8.36298
405439 7.55481e+006 7.86298
405439 7.55481e+006 7.86298
405439 7.55481e+006 7.86298
405439 7.55481e+006 8.36298
405439 7.55481e+006 8.36298
405438 7.55481e+006 8.36298
405438 7.55481e+006 7.86298
405439 7.55481e+006 7.86298
405439 7.55481e+006 7.86298
405439 7.55481e+006 8.36298
405438 7.55481e+006 8.36298
405438 7.55481e+006 8.36298
405438 7.55481e+006 7.86298
405438 7.55481e+006 7.86298
405438 7.55481e+006 7.86298
405438 7.55481e+006 8.36298
405438 7.55481e+006 8.36298
405438 7.55481e+006 8.36298
405438 7.55481e+006 7.86298
405438 7.55481e+006 7.86298
405438 7.55481e+006 7.86298
405438 7.55481e+006 8.36298
405438 7.55481e+006 8.36298
405439 7.55481e+006 8.36298
405439 7.55481e+006 7.86298
405438 7.55481e+006 7.86298
405438 7.55481e+006 7.86298
405438 7.55481e+006 8.36298
405439 7.55481e+006 8.36298
405439 7.55481e+006 7.86298
405438 7.55481e+006 7.86298
405438 7.55481e+006 7.86298
405438 7.55481e+006 7.86298
405438 7.55481e+006 7.86298
405439 7.55481e+006 7.86298
405439 7.55481e+006 7.86298
405438 7.55481e+006 7.86298
405439 7.55481e+006 7.86298
405439 7.55481e+006 7.86298
405439 7.55481e+006 7.86298
405439 7.55481e+006 7.86298
405438 7.55481e+006 8.36298
405439 7.55481e+006 8.36298
405439 7.55481e+006 8.36298
405439 7.55481e+006 8.36298
405439 7.55481e+006 8.36298
405438 7.55481e+006 8.36298
405438 7.55481e+006 8.36298
405439 7.55481e+006 8.36298
405438 7.55481e+006 8.36298
405438 7.55481e+006 8.36298
405438 7.55481e+006 8.36298
405438 7.55481e+006 8.36298
405438 7.55481e+006 8.36298
405438 7.55481e+006 7.86298
405438 7.55481e+006 7.86298
405438 7.55481e+006 7.86298
405438 7.55481e+006 8.36298
405438 7.55481e+006 8.36298
405438 7.55481e+006 8.36298
405438 7.55481e+006 7.86298
405438 7.55481e+006 7.86298
405438 7.55481e+006 7.86298
405438 7.55481e+006 8.36298
405438 7.55481e+006 8.36298
405438 7.55481e+006 8.36298
405438 7.55481e+006 7.86298
405438 7.55481e+006 7.86298
405438 7.55481e+006 7.86298
405438 7.55481e+006 8.36298
405438 7.55481e+006 8.36298
405438 7.55481e+006 8.36298
405438 7.55481e+006 7.86298
405438 7.55481e+006 7.86298
405438 7.55481e+006 7.86298
405438 7.55481e+006 8.36298
405438 7.55481e+006 8.36298
405438 7.55481e+006 8.36298
405438 7.55481e+006 7.86298
405438 7.55481e+006 7.86298
405438 7.55481e+006 7.86298
405438 7.55481e+006 8.36298
405438 7.55481e+006 8.36298
405438 7.55481e+006 8.36298
405438 7.55481e+006 7.86298
405438 7.55481e+006 7.86298
405438 7.55481e+006 7.86298
405438 7.55481e+006 8.36298
405438 7.55481e+006 8.36298
405438 7.55481e+006 7.86298
405438 7.55481e+006 7.86298
405438 7.55481e+006 7.86298
405438 7.55481e+006 7.86298
405438 7.55481e+006 7.86298
405438 7.55481e+006 7.86298
405438 7.55481e+006 7.86298
405438 7.55481e+006 7.86298
405438 7.55481e+006 7.86298
405438 7.55481e+006 7.86298
405438 7.55481e+006 7.86298
405438 7.55481e+006 7.86298
405438 7.55481e+006 8.36298
405438 7.55481e+006 8.36298
405438 7.55481e+006 8.36298
405438 7.55481e+006 8.36298
405438 7.55481e+006 8.36298
405438 7.55481e+006 8.36298
405438 7.55481e+006 8.36298
405438 7.55481e+006 8.36298
405438 7.55481e+006 8.36298
405438 7.55481e+006 8.36298
405438 7.55481e+006 8.36298
405438 7.55481e+006 8.36298
405437 7.55481e+006 8.36298
405437 7.55481e+006 7.86298
405437 7.55481e+006 7.86298
405437 7.55481e+006 7.86298
405437 7.55481e+006 8.36298
405437 7.55481e+006 8.36298
405437 7.55481e+006 8.36298
405437 7.55481e+006 7.86298
405437 7.55481e+006 7.86298
405437 7.55481e+006 7.86298
405437 7.55481e+006 8.36298
405437 7.55481e+006 8.36298
405437 7.55481e+006 8.36298
405437 7.55481e+006 7.86298
405437 7.55481e+006 7.86298
405437 7.55481e+006 7.86298
405437 7.55481e+006 8.36298
405437 7.55481e+006 8.36298
405437 7.55481e+006 8.36298
405437 7.55481e+006 7.86298
405437 7.55481e+006 7.86298
405437 7.55481e+006 7.86298
405437 7.55481e+006 8.36298
405437 7.55481e+006 8.36298
405437 7.55481e+006 8.36298
405437 7.55481e+006 7.86298
405437 7.55481e+006 7.86298
405437 7.55481e+006 7.86298
405437 7.55481e+006 8.36298
405437 7.55481e+006 8.36298
405437 7.55481e+006 8.36298
405437 7.55481e+006 7.86298
405437 7.55481e+006 7.86298
405437 7.55481e+006 7.86298
405437 7.55481e+006 8.36298
405437 7.55481e+006 8.36298
405437 7.55481e+006 7.86298
405437 7.55481e+006 7.86298
405437 7.55481e+006 7.86298
405437 7.55481e+006 7.86298
405437 7.55481e+006 7.86298
405437 7.55481e+006 7.86298
405437 7.55481e+006 7.86298
405437 7.55481e+006 7.86298
405437 7.55481e+006 7.86298
405437 7.55481e+006 7.86298
405437 7.55481e+006 7.86298
405437 7.55481e+006 7.86298
405437 7.55481e+006 8.36298
405437 7.55481e+006 8.36298
405437 7.55481e+006 8.36298
405437 7.55481e+006 8.36298
405437 7.55481e+006 8.36298
405437 7.55481e+006 8.36298
405437 7.55481e+006 8.36298
405437 7.55481e+006 8.36298
405437 7.55481e+006 8.36298
405437 7.55481e+006 8.36298
405437 7.55481e+006 8.36298
405437 7.55481e+006 8.36298
405434 7.5548e+006 8.36297
405434 7.5548e+006 7.86297
405434 7.5548e+006 7.86297
405434 7.5548e+006 7.86297
405434 7.5548e+006 8.36297
405434 7.5548e+006 8.36297
405434 7.5548e+006 8.36297
405434 7.5548e+006 7.86297
405434 7.5548e+006 7.86297
405434 7.5548e+006 7.86297
405434 7.5548e+006 8.36297
405434 7.5548e+006 8.36297
405434 7.5548e+006 8.36297
405434 7.5548e+006 7.86297
405434 7.5548e+006 7.86297
405434 7.5548e+006 7.86297
405434 7.5548e+006 8.36297
405434 7.5548e+006 8.36297
405434 7.5548e+006 8.36297
405434 7.5548e+006 7.86297
405434 7.5548e+006 7.86297
405434 7.5548e+006 7.86297
405434 7.5548e+006 8.36297
405434 7.5548e+006 8.36297
405434 7.5548e+006 8.36297
405434 7.5548e+006 7.86297
405434 7.5548e+006 7.86297
405434 7.5548e+006 7.86297
405434 7.5548e+006 8.36297
405434 7.5548e+006 8.36297
405434 7.5548e+006 8.36297
405434 7.5548e+006 7.86297
405434 7.5548e+006 7.86297
405434 7.5548e+006 7.86297
405434 7.5548e+006 8.36297
405434 7.5548e+006 8.36297
405434 7.5548e+006 7.86297
405434 7.5548e+006 7.86297
405434 7.5548e+006 7.86297
405434 7.5548e+006 7.86297
405434 7.5548e+006 7.86297
405434 7.5548e+006 7.86297
405434 7.5548e+006 7.86297
405434 7.5548e+006 7.86297
405434 7.5548e+006 7.86297
405434 7.5548e+006 7.86297
405434 7.5548e+006 7.86297
405434 7.5548e+006 7.86297
405434 7.5548e+006 8.36297
405434 7.5548e+006 8.36297
405434 7.5548e+006 8.36297
405434 7.5548e+006 8.36297
405434 7.5548e+006 8.36297
405434 7.5548e+006 8.36297
405434 7.5548e+006 8.36297
405434 7.5548e+006 8.36297
405434 7.5548e+006 8.36297
405434 7.5548e+006 8.36297
405434 7.5548e+006 8.36297
405434 7.5548e+006 8.36297
405436 7.55481e+006 8.357
405436 7.55481e+006 7.86297
405436 7.55481e+006 7.86297
405436 7.55481e+006 7.86297
405436 7.55481e+006 8.357
405436 7.55481e+006 8.357
405436 7.55481e+006 8.357
405436 7.55481e+006 7.86297
405436 7.55481e+006 7.86297
405436 7.55481e+006 7.86297
405436 7.55481e+006 8.357
405436 7.55481e+006 8.357
405436 7.55481e+006 8.357
405436 7.55481e+006 7.86297
405436 7.55481e+006 7.86297
405436 7.55481e+006 7.86297
405436 7.55481e+006 8.357
405436 7.55481e+006 8.357
405436 7.55481e+006 8.357
405436 7.55481e+006 7.86297
405436 7.55481e+006 7.86297
405436 7.55481e+006 7.86297
405436 7.55481e+006 8.357
405436 7.55481e+006 8.357
405436 7.55481e+006 8.357
405436 7.55481e+006 7.86297
405436 7.55481e+006 7.86297
405436 7.55481e+006 7.86297
405436 7.55481e+006 8.357
405436 7.55481e+006 8.357
405436 7.55481e+006 8.357
405436 7.55481e+006 7.86297
405436 7.55481e+006 7.86297
405436 7.55481e+006 7.86297
405436 7.55481e+006 8.357
405436 7.55481e+006 8.357
405436 7.55481e+006 7.86297
405436 7.55481e+006 7.86297
405436 7.55481e+006 7.86297
405436 7.55481e+006 7.86297
405436 7.55481e+006 7.86297
405436 7.55481e+006 7.86297
405436 7.55481e+006 7.86297
405436 7.55481e+006 7.86297
405436 7.55481e+006 7.86297
405436 7.55481e+006 7.86297
405436 7.55481e+006 7.86297
405436 7.55481e+006 7.86297
405436 7.55481e+006 8.357
405436 7.55481e+006 8.357
405436 7.55481e+006 8.357
405436 7.55481e+006 8.357
405436 7.55481e+006 8.357
405436 7.55481e+006 8.357
405436 7.55481e+006 8.357
405436 7.55481e+006 8.357
405436 7.55481e+006 8.357
405436 7.55481e+006 8.357
405436 7.55481e+006 8.357
405436 7.55481e+006 8.357
405433 7.5548e+006 8.36297
405433 7.5548e+006 7.86297
405433 7.5548e+006 7.86297
405433 7.5548e+006 7.86297
405433 7.5548e+006 8.36297
405433 7.5548e+006 8.36297
405433 7.5548e+006 8.36297
405433 7.5548e+006 7.86297
405433 7.5548e+006 7.86297
405433 7.5548e+006 7.86297
405433 7.5548e+006 8.36297
405433 7.5548e+006 8.36297
405433 7.5548e+006 8.36297
405433 7.5548e+006 7.86297
405433 7.5548e+006 7.86297
405433 7.5548e+006 7.86297
405433 7.5548e+006 8.36297
405433 7.5548e+006 8.36297
405433 7.5548e+006 8.36297
405433 7.5548e+006 7.86297
405433 7.5548e+006 7.86297
405433 7.5548e+006 7.86297
405433 7.5548e+006 8.36297
405433 7.5548e+006 8.36297
405433 7.5548e+006 8.36297
405433 7.5548e+006 7.86297
405433 7.5548e+006 7.86297
405433 7.5548e+006 7.86297
405433 7.5548e+006 8.36297
405433 7.5548e+006 8.36297
405433 7.5548e+006 8.36297
405433 7.5548e+006 7.86297
405433 7.5548e+006 7.86297
405433 7.5548e+006 7.86297
405433 7.5548e+006 8.36297
405433 7.5548e+006 8.36297
405433 7.5548e+006 7.86297
405433 7.5548e+006 7.86297
405433 7.5548e+006 7.86297
405433 7.5548e+006 7.86297
405433 7.5548e+006 7.86297
405433 7.5548e+006 7.86297
405433 7.5548e+006 7.86297
405433 7.5548e+006 7.86297
405433 7.5548e+006 7.86297
405433 7.5548e+006 7.86297
405433 7.5548e+006 7.86297
405433 7.5548e+006 7.86297
405433 7.5548e+006 8.36297
405433 7.5548e+006 8.36297
405433 7.5548e+006 8.36297
405433 7.5548e+006 8.36297
405433 7.5548e+006 8.36297
405433 7.5548e+006 8.36297
405433 7.5548e+006 8.36297
405433 7.5548e+006 8.36297
405433 7.5548e+006 8.36297
405433 7.5548e+006 8.36297
405433 7.5548e+006 8.36297
405433 7.5548e+006 8.36297
405434 7.5548e+006 8.36297
405434 7.5548e+006 7.86297
405434 7.5548e+006 7.86297
405434 7.5548e+006 7.86297
405434 7.5548e+006 8.36297
405434 7.5548e+006 8.36297
405434 7.5548e+006 8.36297
405434 7.5548e+006 7.86297
405434 7.5548e+006 7.86297
405434 7.5548e+006 7.86297
405434 7.5548e+006 8.36297
405434 7.5548e+006 8.36297
405434 7.5548e+006 8.36297
405434 7.5548e+006 7.86297
405434 7.5548e+006 7.86297
405434 7.5548e+006 7.86297
405434 7.5548e+006 8.36297
405434 7.5548e+006 8.36297
405434 7.5548e+006 8.36297
405434 7.5548e+006 7.86297
405434 7.5548e+006 7.86297
405434 7.5548e+006 7.86297
405434 7.5548e+006 8.36297
405434 7.5548e+006 8.36297
405434 7.5548e+006 8.36297
405434 7.5548e+006 7.86297
405434 7.5548e+006 7.86297
405434 7.5548e+006 7.86297
405434 7.5548e+006 8.36297
405434 7.5548e+006 8.36297
405434 7.5548e+006 8.36297
405434 7.5548e+006 7.86297
405434 7.5548e+006 7.86297
405434 7.5548e+006 7.86297
405434 7.5548e+006 8.36297
405434 7.5548e+006 8.36297
405434 7.5548e+006 7.86297
405434 7.5548e+006 7.86297
405434 7.5548e+006 7.86297
405434 7.5548e+006 7.86297
405434 7.5548e+006 7.86297
405434 7.5548e+006 7.86297
405434 7.5548e+006 7.86297
405434 7.5548e+006 7.86297
405434 7.5548e+006 7.86297
405434 7.5548e+006 7.86297
405434 7.5548e+006 7.86297
405434 7.5548e+006 7.86297
405434 7.5548e+006 8.36297
405434 7.5548e+006 8.36297
405434 7.5548e+006 8.36297
405434 7.5548e+006 8.36297
405434 7.5548e+006 8.36297
405434 7.5548e+006 8.36297
405434 7.5548e+006 8.36297
405434 7.5548e+006 8.36297
405434 7.5548e+006 8.36297
405434 7.5548e+006 8.36297
405434 7.5548e+006 8.36297
405434 7.5548e+006 8.36297
405439 7.55481e+006 8.36298
405439 7.55481e+006 7.86298
405439 7.55481e+006 7.86298
405439 7.55481e+006 7.86298
405439 7.55481e+006 8.36298
405439 7.55481e+006 8.36298
405439 7.55481e+006 8.36298
405439 7.55481e+006 7.86298
405439 7.55481e+006 7.86298
405439 7.55481e+006 7.86298
405439 7.55481e+006 8.36298
405439 7.55481e+006 8.36298
405439 7.55481e+006 8.36298
405439 7.55481e+006 7.86298
405439 7.55481e+006 7.86298
405439 7.55481e+006 7.86298
405439 7.55481e+006 8.36298
405439 7.55481e+006 8.36298
405439 7.55481e+006 8.36298
405439 7.55481e+006 7.86298
405439 7.55481e+006 7.86298
405439 7.55481e+006 7.86298
405439 7.55481e+006 8.36298
405439 7.55481e+006 8.36298
405439 7.55481e+006 8.36298
405439 7.55481e+006 7.86298
405439 7.55481e+006 7.86298
405439 7.55481e+006 7.86298
405439 7.55481e+006 8.36298
405439 7.55481e+006 8.36298
405439 7.55481e+006 8.36298
405439 7.55481e+006 7.86298
405439 7.55481e+006 7.86298
405439 7.55481e+006 7.86298
405439 7.55481e+006 8.36298
405439 7.55481e+006 8.36298
405439 7.55481e+006 7.86298
405439 7.55481e+006 7.86298
405439 7.55481e+006 7.86298
405439 7.55481e+006 7.86298
405439 7.55481e+006 7.86298
405439 7.55481e+006 7.86298
405439 7.55481e+006 7.86298
405439 7.55481e+006 7.86298
405439 7.55481e+006 7.86298
405439 7.55481e+006 7.86298
405439 7.55481e+006 7.86298
405439 7.55481e+006 7.86298
405439 7.55481e+006 8.36298
405439 7.55481e+006 8.36298
405439 7.55481e+006 8.36298
405439 7.55481e+006 8.36298
405439 7.55481e+006 8.36298
405439 7.55481e+006 8.36298
405439 7.55481e+006 8.36298
405439 7.55481e+006 8.36298
405439 7.55481e+006 8.36298
405439 7.55481e+006 8.36298
405439 7.55481e+006 8.36298
405439 7.55481e+006 8.36298
405438 7.55481e+006 8.36298
405438 7.55481e+006 7.86298
405438 7.55481e+006 7.86298
405438 7.55481e+006 7.86298
405438 7.55481e+006 8.36298
405438 7.55481e+006 8.36298
405438 7.55481e+006 8.36298
405438 7.55481e+006 7.86298
405438 7.55481e+006 7.86298
405438 7.55481e+006 7.86298
405438 7.55481e+006 8.36298
405438 7.55481e+006 8.36298
405438 7.55481e+006 8.36298
405438 7.55481e+006 7.86298
405438 7.55481e+006 7.86298
405438 7.55481e+006 7.86298
405438 7.55481e+006 8.36298
405438 7.55481e+006 8.36298
405438 7.55481e+006 8.36298
405438 7.55481e+006 7.86298
405438 7.55481e+006 7.86298
405438 7.55481e+006 7.86298
405438 7.55481e+006 8.36298
405438 7.55481e+006 8.36298
405438 7.55481e+006 8.36298
405438 7.55481e+006 7.86298
405438 7.55481e+006 7.86298
405438 7.55481e+006 7.86298
405438 7.55481e+006 8.36298
405438 7.55481e+006 8.36298
405438 7.55481e+006 8.36298
405438 7.55481e+006 7.86298
405438 7.55481e+006 7.86298
405438 7.55481e+006 7.86298
405438 7.55481e+006 8.36298
405438 7.55481e+006 8.36298
405438 7.55481e+006 7.86298
405438 7.55481e+006 7.86298
405438 7.55481e+006 7.86298
405438 7.55481e+006 7.86298
405438 7.55481e+006 7.86298
405438 7.55481e+006 7.86298
405438 7.55481e+006 7.86298
405438 7.55481e+006 7.86298
405438 7.55481e+006 7.86298
405438 7.55481e+006 7.86298
405438 7.55481e+006 7.86298
405438 7.55481e+006 7.86298
405438 7.55481e+006 8.36298
405438 7.55481e+006 8.36298
405438 7.55481e+006 8.36298
405438 7.55481e+006 8.36298
405438 7.55481e+006 8.36298
405438 7.55481e+006 8.36298
405438 7.55481e+006 8.36298
405438 7.55481e+006 8.36298
405438 7.55481e+006 8.36298
405438 7.55481e+006 8.36298
405438 7.55481e+006 8.36298
405438 7.55481e+006 8.36298
405436 7.5548e+006 8.36297
405436 7.5548e+006 7.86297
405436 7.5548e+006 7.86297
405436 7.5548e+006 7.86297
405436 7.5548e+006 8.36297
405436 7.5548e+006 8.36297
405436 7.5548e+006 8.36297
405436 7.5548e+006 7.86297
405436 7.5548e+006 7.86297
405436 7.5548e+006 7.86297
405436 7.5548e+006 8.36297
405436 7.5548e+006 8.36297
405436 7.5548e+006 8.36297
405436 7.5548e+006 7.86297
405436 7.5548e+006 7.86297
405436 7.5548e+006 7.86297
405436 7.5548e+006 8.36297
405436 7.5548e+006 8.36297
405436 7.5548e+006 8.36297
405436 7.5548e+006 7.86297
405436 7.5548e+006 7.86297
405436 7.5548e+006 7.86297
405436 7.5548e+006 8.36297
405436 7.5548e+006 8.36297
405436 7.5548e+006 8.36297
405436 7.5548e+006 7.86297
405436 7.5548e+006 7.86297
405436 7.5548e+006 7.86297
405436 7.5548e+006 8.36297
405436 7.5548e+006 8.36297
405436 7.5548e+006 8.36297
405436 7.5548e+006 7.86297
405436 7.5548e+006 7.86297
405436 7.5548e+006 7.86297
405436 7.5548e+006 8.36297
405436 7.5548e+006 8.36297
405436 7.5548e+006 7.86297
405436 7.5548e+006 7.86297
405436 7.5548e+006 7.86297
405436 7.5548e+006 7.86297
405436 7.5548e+006 7.86297
405436 7.5548e+006 7.86297
405436 7.5548e+006 7.86297
405436 7.5548e+006 7.86297
405436 7.5548e+006 7.86297
405436 7.5548e+006 7.86297
405436 7.5548e+006 7.86297
405436 7.5548e+006 7.86297
405436 7.5548e+006 8.36297
405436 7.5548e+006 8.36297
405436 7.5548e+006 8.36297
405436 7.5548e+006 8.36297
405436 7.5548e+006 8.36297
405436 7.5548e+006 8.36297
405436 7.5548e+006 8.36297
405436 7.5548e+006 8.36297
405436 7.5548e+006 8.36297
405436 7.5548e+006 8.36297
405436 7.5548e+006 8.36297
405436 7.5548e+006 8.36297
405437 7.55481e+006 8.36297
405437 7.55481e+006 7.86297
405437 7.55481e+006 7.86297
405437 7.55481e+006 7.86297
405437 7.55481e+006 8.36297
405437 7.55481e+006 8.36297
405437 7.55481e+006 8.36297
405437 7.55481e+006 7.86297
405437 7.55481e+006 7.86297
405437 7.55481e+006 7.86297
405437 7.55481e+006 8.36297
405437 7.55481e+006 8.36297
405437 7.55481e+006 8.36297
405437 7.55481e+006 7.86297
405437 7.55481e+006 7.86297
405437 7.55481e+006 7.86297
405437 7.55481e+006 8.36297
405437 7.55481e+006 8.36297
405437 7.55481e+006 8.36297
405437 7.55481e+006 7.86297
405437 7.55481e+006 7.86297
405437 7.55481e+006 7.86297
405437 7.55481e+006 8.36297
405437 7.55481e+006 8.36297
405437 7.55481e+006 8.36297
405437 7.55481e+006 7.86297
405437 7.55481e+006 7.86297
405437 7.55481e+006 7.86297
405437 7.55481e+006 8.36297
405437 7.55481e+006 8.36297
405437 7.55481e+006 8.36297
405437 7.55481e+006 7.86297
405437 7.55481e+006 7.86297
405437 7.55481e+006 7.86297
405437 7.55481e+006 8.36297
405437 7.55481e+006 8.36297
405437 7.55481e+006 7.86297
405437 7.55481e+006 7.86297
405437 7.55481e+006 7.86297
405437 7.55481e+006 7.86297
405437 7.55481e+006 7.86297
405437 7.55481e+006 7.86297
405437 7.55481e+006 7.86297
405437 7.55481e+006 7.86297
405437 7.55481e+006 7.86297
405437 7.55481e+006 7.86297
405437 7.55481e+006 7.86297
405437 7.55481e+006 7.86297
405437 7.55481e+006 8.36297
405437 7.55481e+006 8.36297
405437 7.55481e+006 8.36297
405437 7.55481e+006 8.36297
405437 7.55481e+006 8.36297
405437 7.55481e+006 8.36297
405437 7.55481e+006 8.36297
405437 7.55481e+006 8.36297
405437 7.55481e+006 8.36297
405437 7.55481e+006 8.36297
405437 7.55481e+006 8.36297
405437 7.55481e+006 8.36297
405435 7.5548e+006 8.36297
405435 7.5548e+006 7.86297
405435 7.5548e+006 7.86297
405435 7.5548e+006 7.86297
405435 7.5548e+006 8.36297
405435 7.5548e+006 8.36297
405435 7.5548e+006 8.36297
405435 7.5548e+006 7.86297
405435 7.5548e+006 7.86297
405435 7.5548e+006 7.86297
405435 7.5548e+006 8.36297
405435 7.5548e+006 8.36297
405435 7.5548e+006 8.36297
405435 7.5548e+006 7.86297
405435 7.5548e+006 7.86297
405435 7.5548e+006 7.86297
405435 7.5548e+006 8.36297
405435 7.5548e+006 8.36297
405435 7.5548e+006 8.36297
405435 7.5548e+006 7.86297
405435 7.5548e+006 7.86297
405435 7.5548e+006 7.86297
405435 7.5548e+006 8.36297
405435 7.5548e+006 8.36297
405435 7.5548e+006 8.36297
405435 7.5548e+006 7.86297
405435 7.5548e+006 7.86297
405435 7.5548e+006 7.86297
405435 7.5548e+006 8.36297
405435 7.5548e+006 8.36297
405435 7.5548e+006 8.36297
405435 7.5548e+006 7.86297
405435 7.5548e+006 7.86297
405435 7.5548e+006 7.86297
405435 7.5548e+006 8.36297
405435 7.5548e+006 8.36297
405435 7.5548e+006 7.86297
405435 7.5548e+006 7.86297
405435 7.5548e+006 7.86297
405435 7.5548e+006 7.86297
405435 7.5548e+006 7.86297
405435 7.5548e+006 7.86297
405435 7.5548e+006 7.86297
405435 7.5548e+006 7.86297
405435 7.5548e+006 7.86297
405435 7.5548e+006 7.86297
405435 7.5548e+006 7.86297
405435 7.5548e+006 7.86297
405435 7.5548e+006 8.36297
405435 7.5548e+006 8.36297
405435 7.5548e+006 8.36297
405435 7.5548e+006 8.36297
405435 7.5548e+006 8.36297
405435 7.5548e+006 8.36297
405435 7.5548e+006 8.36297
405435 7.5548e+006 8.36297
405435 7.5548e+006 8.36297
405435 7.5548e+006 8.36297
405435 7.5548e+006 8.36297
405435 7.5548e+006 8.36297
405434 7.5548e+006 8.36297
405434 7.5548e+006 7.86297
405434 7.5548e+006 7.86297
405434 7.5548e+006 7.86297
405434 7.5548e+006 8.36297
405434 7.5548e+006 8.36297
405434 7.5548e+006 8.36297
405434 7.5548e+006 7.86297
405434 7.5548e+006 7.86297
405434 7.5548e+006 7.86297
405434 7.5548e+006 8.36297
405434 7.5548e+006 8.36297
405434 7.5548e+006 8.36297
405434 7.5548e+006 7.86297
405434 7.5548e+006 7.86297
405434 7.5548e+006 7.86297
405434 7.5548e+006 8.36297
405434 7.5548e+006 8.36297
405434 7.5548e+006 8.36297
405434 7.5548e+006 7.86297
405434 7.5548e+006 7.86297
405434 7.5548e+006 7.86297
405434 7.5548e+006 8.36297
405434 7.5548e+006 8.36297
405434 7.5548e+006 8.36297
405434 7.5548e+006 7.86297
405434 7.5548e+006 7.86297
405434 7.5548e+006 7.86297
405434 7.5548e+006 8.36297
405434 7.5548e+006 8.36297
405434 7.5548e+006 8.36297
405434 7.5548e+006 7.86297
405434 7.5548e+006 7.86297
405434 7.5548e+006 7.86297
405434 7.5548e+006 8.36297
405434 7.5548e+006 8.36297
405434 7.5548e+006 7.86297
405434 7.5548e+006 7.86297
405434 7.5548e+006 7.86297
405434 7.5548e+006 7.86297
405434 7.5548e+006 7.86297
405434 7.5548e+006 7.86297
405434 7.5548e+006 7.86297
405434 7.5548e+006 7.86297
405434 7.5548e+006 7.86297
405434 7.5548e+006 7.86297
405434 7.5548e+006 7.86297
405434 7.5548e+006 7.86297
405434 7.5548e+006 8.36297
405434 7.5548e+006 8.36297
405434 7.5548e+006 8.36297
405434 7.5548e+006 8.36297
405434 7.5548e+006 8.36297
405434 7.5548e+006 8.36297
405434 7.5548e+006 8.36297
405434 7.5548e+006 8.36297
405434 7.5548e+006 8.36297
405434 7.5548e+006 8.36297
405434 7.5548e+006 8.36297
405434 7.5548e+006 8.36297
405443 7.55482e+006 8.36299
405443 7.55482e+006 7.86299
405443 7.55482e+006 7.86299
405443 7.55482e+006 7.86299
405443 7.55482e+006 8.36299
405443 7.55482e+006 8.36299
405443 7.55482e+006 8.36299
405443 7.55482e+006 7.86299
405443 7.55482e+006 7.86299
405443 7.55482e+006 7.86299
405443 7.55482e+006 8.36299
405443 7.55482e+006 8.36299
405443 7.55482e+006 8.36299
405443 7.55482e+006 7.86299
405443 7.55482e+006 7.86299
405443 7.55482e+006 7.86299
405443 7.55482e+006 8.36299
405443 7.55482e+006 8.36299
405443 7.55482e+006 8.36299
405443 7.55482e+006 7.86299
405443 7.55482e+006 7.86299
405443 7.55482e+006 7.86299
405443 7.55482e+006 8.36299
405443 7.55482e+006 8.36299
405443 7.55482e+006 8.36299
405443 7.55482e+006 7.86299
405443 7.55482e+006 7.86299
405443 7.55482e+006 7.86299
405443 7.55482e+006 8.36299
405443 7.55482e+006 8.36299
405443 7.55482e+006 8.36299
405443 7.55482e+006 7.86299
405443 7.55482e+006 7.86299
405443 7.55482e+006 7.86299
405443 7.55482e+006 8.36299
405443 7.55482e+006 8.36299
405443 7.55482e+006 7.86299
405443 7.55482e+006 7.86299
405443 7.55482e+006 7.86299
405443 7.55482e+006 7.86299
405443 7.55482e+006 7.86299
405443 7.55482e+006 7.86299
405443 7.55482e+006 7.86299
405443 7.55482e+006 7.86299
405443 7.55482e+006 7.86299
405443 7.55482e+006 7.86299
405443 7.55482e+006 7.86299
405443 7.55482e+006 7.86299
405443 7.55482e+006 8.36299
405443 7.55482e+006 8.36299
405443 7.55482e+006 8.36299
405443 7.55482e+006 8.36299
405443 7.55482e+006 8.36299
405443 7.55482e+006 8.36299
405443 7.55482e+006 8.36299
405443 7.55482e+006 8.36299
405443 7.55482e+006 8.36299
405443 7.55482e+006 8.36299
405443 7.55482e+006 8.36299
405443 7.55482e+006 8.36299
405442 7.55482e+006 8.36299
405442 7.55482e+006 7.86299
405442 7.55482e+006 7.86299
405442 7.55482e+006 7.86299
405442 7.55482e+006 8.36299
405442 7.55482e+006 8.36299
405442 7.55482e+006 8.36299
405442 7.55482e+006 7.86299
405442 7.55482e+006 7.86299
405442 7.55482e+006 7.86299
405442 7.55482e+006 8.36299
405442 7.55482e+006 8.36299
405442 7.55482e+006 8.36299
405442 7.55482e+006 7.86299
405442 7.55482e+006 7.86299
405442 7.55482e+006 7.86299
405442 7.55482e+006 8.36299
405442 7.55482e+006 8.36299
405442 7.55482e+006 8.36299
405442 7.55482e+006 7.86299
405442 7.55482e+006 7.86299
405442 7.55482e+006 7.86299
405442 7.55482e+006 8.36299
405442 7.55482e+006 8.36299
405442 7.55482e+006 8.36299
405442 7.55482e+006 7.86299
405442 7.55482e+006 7.86299
405442 7.55482e+006 7.86299
405442 7.55482e+006 8.36299
405442 7.55482e+006 8.36299
405442 7.55482e+006 8.36299
405442 7.55482e+006 7.86299
405442 7.55482e+006 7.86299
405442 7.55482e+006 7.86299
405442 7.55482e+006 8.36299
405442 7.55482e+006 8.36299
405442 7.55482e+006 7.86299
405442 7.55482e+006 7.86299
405442 7.55482e+006 7.86299
405442 7.55482e+006 7.86299
405442 7.55482e+006 7.86299
405442 7.55482e+006 7.86299
405442 7.55482e+006 7.86299
405442 7.55482e+006 7.86299
405442 7.55482e+006 7.86299
405442 7.55482e+006 7.86299
405442 7.55482e+006 7.86299
405442 7.55482e+006 7.86299
405442 7.55482e+006 8.36299
405442 7.55482e+006 8.36299
405442 7.55482e+006 8.36299
405442 7.55482e+006 8.36299
405442 7.55482e+006 8.36299
405442 7.55482e+006 8.36299
405442 7.55482e+006 8.36299
405442 7.55482e+006 8.36299
405442 7.55482e+006 8.36299
405442 7.55482e+006 8.36299
405442 7.55482e+006 8.36299
405442 7.55482e+006 8.36299
405439 7.55481e+006 8.36298
405439 7.55481e+006 7.86298
405439 7.55481e+006 7.86298
405439 7.55481e+006 7.86298
405439 7.55481e+006 8.36298
405439 7.55481e+006 8.36298
405439 7.55481e+006 8.36298
405439 7.55481e+006 7.86298
405439 7.55481e+006 7.86298
405439 7.55481e+006 7.86298
405439 7.55481e+006 8.36298
405439 7.55481e+006 8.36298
405439 7.55481e+006 8.36298
405439 7.55481e+006 7.86298
405439 7.55481e+006 7.86298
405439 7.55481e+006 7.86298
405439 7.55481e+006 8.36298
405439 7.55481e+006 8.36298
405439 7.55481e+006 8.36298
405439 7.55481e+006 7.86298
405439 7.55481e+006 7.86298
405439 7.55481e+006 7.86298
405439 7.55481e+006 8.36298
405439 7.55481e+006 8.36298
405439 7.55481e+006 8.36298
405439 7.55481e+006 7.86298
405439 7.55481e+006 7.86298
405439 7.55481e+006 7.86298
405439 7.55481e+006 8.36298
405439 7.55481e+006 8.36298
405439 7.55481e+006 8.36298
405439 7.55481e+006 7.86298
405439 7.55481e+006 7.86298
405439 7.55481e+006 7.86298
405439 7.55481e+006 8.36298
405439 7.55481e+006 8.36298
405439 7.55481e+006 7.86298
405439 7.55481e+006 7.86298
405439 7.55481e+006 7.86298
405439 7.55481e+006 7.86298
405439 7.55481e+006 7.86298
405439 7.55481e+006 7.86298
405439 7.55481e+006 7.86298
405439 7.55481e+006 7.86298
405439 7.55481e+006 7.86298
405439 7.55481e+006 7.86298
405439 7.55481e+006 7.86298
405439 7.55481e+006 7.86298
405439 7.55481e+006 8.36298
405439 7.55481e+006 8.36298
405439 7.55481e+006 8.36298
405439 7.55481e+006 8.36298
405439 7.55481e+006 8.36298
405439 7.55481e+006 8.36298
405439 7.55481e+006 8.36298
405439 7.55481e+006 8.36298
405439 7.55481e+006 8.36298
405439 7.55481e+006 8.36298
405439 7.55481e+006 8.36298
405439 7.55481e+006 8.36298
405438 7.55481e+006 8.36298
405438 7.55481e+006 7.86298
405438 7.55481e+006 7.86298
405438 7.55481e+006 7.86298
405438 7.55481e+006 8.36298
405438 7.55481e+006 8.36298
405438 7.55481e+006 8.36298
405438 7.55481e+006 7.86298
405438 7.55481e+006 7.86298
405438 7.55481e+006 7.86298
405438 7.55481e+006 8.36298
405438 7.55481e+006 8.36298
405438 7.55481e+006 8.36298
405438 7.55481e+006 7.86298
405438 7.55481e+006 7.86298
405438 7.55481e+006 7.86298
405438 7.55481e+006 8.36298
405438 7.55481e+006 8.36298
405438 7.55481e+006 8.36298
405438 7.55481e+006 7.86298
405438 7.55481e+006 7.86298
405438 7.55481e+006 7.86298
405438 7.55481e+006 8.36298
405438 7.55481e+006 8.36298
405438 7.55481e+006 8.36298
405438 7.55481e+006 7.86298
405438 7.55481e+006 7.86298
405438 7.55481e+006 7.86298
405438 7.55481e+006 8.36298
405438 7.55481e+006 8.36298
405438 7.55481e+006 8.36298
405438 7.55481e+006 7.86298
405438 7.55481e+006 7.86298
405438 7.55481e+006 7.86298
405438 7.55481e+006 8.36298
405438 7.55481e+006 8.36298
405438 7.55481e+006 7.86298
405438 7.55481e+006 7.86298
405438 7.55481e+006 7.86298
405438 7.55481e+006 7.86298
405438 7.55481e+006 7.86298
405438 7.55481e+006 7.86298
405438 7.55481e+006 7.86298
405438 7.55481e+006 7.86298
405438 7.55481e+006 7.86298
405438 7.55481e+006 7.86298
405438 7.55481e+006 7.86298
405438 7.55481e+006 7.86298
405438 7.55481e+006 8.36298
405438 7.55481e+006 8.36298
405438 7.55481e+006 8.36298
405438 7.55481e+006 8.36298
405438 7.55481e+006 8.36298
405438 7.55481e+006 8.36298
405438 7.55481e+006 8.36298
405438 7.55481e+006 8.36298
405438 7.55481e+006 8.36298
405438 7.55481e+006 8.36298
405438 7.55481e+006 8.36298
405438 7.55481e+006 8.36298
405439 7.55481e+006 8.36298
405439 7.55481e+006 7.86298
405439 7.55481e+006 7.86298
405439 7.55481e+006 7.86298
405439 7.55481e+006 8.36298
405439 7.55481e+006 8.36298
405439 7.55481e+006 8.36298
405439 7.55481e+006 7.86298
405439 7.55481e+006 7.86298
405439 7.55481e+006 7.86298
405439 7.55481e+006 8.36298
405439 7.55481e+006 8.36298
405439 7.55481e+006 8.36298
405439 7.55481e+006 7.86298
405439 7.55481e+006 7.86298
405439 7.55481e+006 7.86298
405439 7.55481e+006 8.36298
405439 7.55481e+006 8.36298
405439 7.55481e+006 8.36298
405439 7.55481e+006 7.86298
405439 7.55481e+006 7.86298
405439 7.55481e+006 7.86298
405439 7.55481e+006 8.36298
405439 7.55481e+006 8.36298
405439 7.55481e+006 8.36298
405439 7.55481e+006 7.86298
405439 7.55481e+006 7.86298
405439 7.55481e+006 7.86298
405439 7.55481e+006 8.36298
405439 7.55481e+006 8.36298
405439 7.55481e+006 8.36298
405439 7.55481e+006 7.86298
405439 7.55481e+006 7.86298
405439 7.55481e+006 7.86298
405439 7.55481e+006 8.36298
405439 7.55481e+006 8.36298
405439 7.55481e+006 7.86298
405439 7.55481e+006 7.86298
405439 7.55481e+006 7.86298
405439 7.55481e+006 7.86298
405439 7.55481e+006 7.86298
405439 7.55481e+006 7.86298
405439 7.55481e+006 7.86298
405439 7.55481e+006 7.86298
405439 7.55481e+006 7.86298
405439 7.55481e+006 7.86298
405439 7.55481e+006 7.86298
405439 7.55481e+006 7.86298
405439 7.55481e+006 8.36298
405439 7.55481e+006 8.36298
405439 7.55481e+006 8.36298
405439 7.55481e+006 8.36298
405439 7.55481e+006 8.36298
405439 7.55481e+006 8.36298
405439 7.55481e+006 8.36298
405439 7.55481e+006 8.36298
405439 7.55481e+006 8.36298
405439 7.55481e+006 8.36298
405439 7.55481e+006 8.36298
405439 7.55481e+006 8.36298
