405409 7.55476e+006 13.5352
405412 7.55477e+006 13.5352
405412 7.55477e+006 13.4873
405412 7.55477e+006 13.4873
405409 7.55476e+006 13.4872
405409 7.55476e+006 13.5352
405413 7.55477e+006 13.5352
405414 7.55477e+006 13.5352
405414 7.55477e+006 13.4873
405414 7.55477e+006 13.4873
405413 7.55477e+006 13.4873
405413 7.55477e+006 13.5352
405410 7.55476e+006 13.5719
405410 7.55476e+006 14.6007
405411 7.55477e+006 14.6038
405410 7.55476e+006 13.5719
405411 7.55477e+006 14.6038
405411 7.55477e+006 14.5554
405410 7.55476e+006 13.5719
405411 7.55477e+006 14.5554
405412 7.55477e+006 14.5501
405410 7.55476e+006 13.5719
405412 7.55477e+006 14.5501
405411 7.55477e+006 13.5719
405412 7.55477e+006 12.4859
405410 7.55476e+006 12.4859
405410 7.55476e+006 13.4505
405410 7.55476e+006 13.4505
405413 7.55477e+006 13.4506
405412 7.55477e+006 12.4859
405410 7.55476e+006 12.4859
405410 7.55476e+006 12.4859
405410 7.55476e+006 13.4505
405410 7.55476e+006 13.4505
405410 7.55476e+006 13.4505
405410 7.55476e+006 12.4859
405413 7.55477e+006 14.541
405414 7.55477e+006 14.545
405414 7.55477e+006 13.5719
405414 7.55477e+006 13.5719
405413 7.55477e+006 13.5719
405413 7.55477e+006 14.541
405409 7.55476e+006 13.5352
405409 7.55476e+006 13.4872
405410 7.55476e+006 13.4872
405410 7.55476e+006 13.4872
405410 7.55476e+006 13.5352
405409 7.55476e+006 13.5352
405410 7.55476e+006 14.6007
405410 7.55476e+006 13.5719
405410 7.55476e+006 13.5719
405410 7.55476e+006 13.5719
405410 7.55476e+006 14.6007
405410 7.55476e+006 14.6007
405413 7.55477e+006 12.4859
405413 7.55477e+006 13.4506
405414 7.55477e+006 13.4506
405414 7.55477e+006 13.4506
405414 7.55477e+006 12.4859
405413 7.55477e+006 12.4859
405411 7.55476e+006 11.7645
405413 7.55477e+006 11.7645
405413 7.55477e+006 11.7645
405413 7.55477e+006 11.7645
405414 7.55477e+006 11.7645
405414 7.55477e+006 11.7645
405414 7.55477e+006 11.7645
405414 7.55477e+006 11.7645
405412 7.55476e+006 11.7645
405414 7.55477e+006 11.7645
405412 7.55476e+006 11.7645
405412 7.55476e+006 11.7645
405413 7.55477e+006 11.7645
405414 7.55477e+006 11.7645
405412 7.55476e+006 11.7645
405413 7.55477e+006 11.7645
405413 7.55477e+006 11.7645
405412 7.55476e+006 11.7645
405411 7.55476e+006 11.7645
405413 7.55477e+006 11.7645
405412 7.55476e+006 11.7645
405411 7.55476e+006 11.7645
405411 7.55476e+006 11.7645
405412 7.55476e+006 11.7645
405410 7.55476e+006 14.6007
405410 7.55476e+006 14.6007
405411 7.55476e+006 15.508
405411 7.55476e+006 15.508
405411 7.55476e+006 15.5068
405410 7.55476e+006 14.6007
405411 7.55477e+006 14.6038
405410 7.55476e+006 14.6007
405411 7.55476e+006 15.5068
405411 7.55476e+006 15.5068
405411 7.55476e+006 15.4978
405411 7.55476e+006 15.4525
405411 7.55477e+006 14.6038
405411 7.55476e+006 15.5068
405411 7.55476e+006 15.4525
405410 7.55476e+006 13.5719
405411 7.55477e+006 13.5719
405412 7.55477e+006 13.5719
405412 7.55477e+006 13.5719
405413 7.55477e+006 13.5719
405412 7.55477e+006 13.5483
405410 7.55476e+006 13.5719
405412 7.55477e+006 13.5719
405412 7.55477e+006 13.5483
405410 7.55476e+006 13.5719
405412 7.55477e+006 13.5483
405409 7.55476e+006 13.5483
405413 7.55477e+006 13.5719
405414 7.55477e+006 13.5719
405414 7.55477e+006 13.5483
405414 7.55477e+006 13.5483
405413 7.55477e+006 13.5483
405413 7.55477e+006 13.5719
405410 7.55476e+006 13.5719
405410 7.55476e+006 13.5719
405409 7.55476e+006 13.5483
405409 7.55476e+006 13.5483
405410 7.55476e+006 13.5483
405410 7.55476e+006 13.5719
405413 7.55477e+006 13.4506
405410 7.55476e+006 13.4505
405409 7.55476e+006 13.4742
405409 7.55476e+006 13.4742
405412 7.55477e+006 13.4742
405413 7.55477e+006 13.4506
405410 7.55476e+006 13.4505
405410 7.55476e+006 13.4505
405410 7.55476e+006 13.4742
405410 7.55476e+006 13.4742
405409 7.55476e+006 13.4742
405410 7.55476e+006 13.4505
405414 7.55477e+006 13.4506
405413 7.55477e+006 13.4506
405413 7.55477e+006 13.4742
405413 7.55477e+006 13.4742
405414 7.55477e+006 13.4742
405414 7.55477e+006 13.4506
405413 7.55477e+006 12.4859
405414 7.55477e+006 12.4859
405414 7.55477e+006 11.9841
405414 7.55477e+006 11.9841
405413 7.55477e+006 12.0133
405413 7.55477e+006 12.4859
405410 7.55476e+006 12.4859
405410 7.55476e+006 12.4859
405411 7.55476e+006 12.0553
405411 7.55476e+006 12.0553
405411 7.55476e+006 12.0421
405410 7.55476e+006 12.4859
405410 7.55476e+006 12.4859
405412 7.55477e+006 12.4859
405412 7.55477e+006 12.0133
405412 7.55477e+006 12.0133
405411 7.55476e+006 12.0553
405410 7.55476e+006 12.4859
405413 7.55477e+006 14.541
405413 7.55477e+006 14.541
405413 7.55477e+006 13.5719
405413 7.55477e+006 13.5719
405413 7.55477e+006 13.5719
405413 7.55477e+006 14.541
405412 7.55477e+006 13.5352
405413 7.55477e+006 13.5352
405413 7.55477e+006 13.4873
405413 7.55477e+006 13.4873
405412 7.55477e+006 13.4873
405412 7.55477e+006 13.5352
405413 7.55477e+006 13.4506
405413 7.55477e+006 13.4506
405413 7.55477e+006 12.4859
405413 7.55477e+006 12.4859
405412 7.55477e+006 12.4859
405413 7.55477e+006 13.4506
405413 7.55477e+006 13.5719
405413 7.55477e+006 13.5719
405413 7.55477e+006 13.5483
405413 7.55477e+006 13.5483
405412 7.55477e+006 13.5483
405413 7.55477e+006 13.5719
405413 7.55477e+006 13.4506
405413 7.55477e+006 13.4506
405412 7.55477e+006 13.4742
405412 7.55477e+006 13.4742
405413 7.55477e+006 13.4742
405413 7.55477e+006 13.4506
405412 7.55477e+006 12.4859
405413 7.55477e+006 12.4859
405413 7.55477e+006 12.0133
405413 7.55477e+006 12.0133
405412 7.55477e+006 12.0133
405412 7.55477e+006 12.4859
405413 7.55477e+006 14.6007
405413 7.55477e+006 14.541
405412 7.55477e+006 14.5462
405412 7.55477e+006 14.5462
405412 7.55477e+006 14.6007
405413 7.55477e+006 14.6007
405414 7.55477e+006 14.6007
405414 7.55477e+006 14.545
405413 7.55477e+006 14.541
405413 7.55477e+006 14.541
405413 7.55477e+006 14.6007
405414 7.55477e+006 14.6007
405411 7.55476e+006 15.5746
405411 7.55476e+006 15.5068
405411 7.55476e+006 15.508
405411 7.55476e+006 15.508
405411 7.55476e+006 15.5746
405411 7.55476e+006 15.5746
405411 7.55476e+006 15.5746
405411 7.55476e+006 15.4978
405411 7.55476e+006 15.5068
405411 7.55476e+006 15.5068
405411 7.55476e+006 15.5746
405411 7.55476e+006 15.5746
405411 7.55477e+006 14.6712
405411 7.55477e+006 14.6038
405411 7.55476e+006 15.4525
405411 7.55476e+006 15.4525
405411 7.55476e+006 15.5041
405411 7.55477e+006 14.6712
405413 7.55477e+006 14.541
405413 7.55477e+006 14.6007
405413 7.55477e+006 14.6007
405413 7.55477e+006 14.6007
405413 7.55477e+006 14.541
405413 7.55477e+006 14.541
405411 7.55477e+006 14.6038
405411 7.55477e+006 14.6712
405411 7.55477e+006 14.6007
405411 7.55477e+006 14.6007
405411 7.55477e+006 14.5554
405411 7.55477e+006 14.6038
405411 7.55476e+006 15.5041
405411 7.55476e+006 15.4525
405411 7.55476e+006 15.4978
405411 7.55476e+006 15.4978
405411 7.55476e+006 15.5746
405411 7.55476e+006 15.5041
405413 7.55477e+006 11.7645
405413 7.55477e+006 12.0133
405414 7.55477e+006 11.9841
405414 7.55477e+006 11.9841
405413 7.55477e+006 11.7645
405413 7.55477e+006 11.7645
405411 7.55476e+006 11.7645
405411 7.55476e+006 12.0421
405411 7.55476e+006 12.0553
405411 7.55476e+006 12.0553
405411 7.55476e+006 11.7645
405411 7.55476e+006 11.7645
405411 7.55476e+006 11.7645
405411 7.55476e+006 12.0553
405412 7.55477e+006 12.0133
405412 7.55477e+006 12.0133
405413 7.55477e+006 11.7645
405411 7.55476e+006 11.7645
405413 7.55477e+006 12.0133
405413 7.55477e+006 11.7645
405413 7.55477e+006 11.7645
405413 7.55477e+006 11.7645
405412 7.55477e+006 12.0133
405413 7.55477e+006 12.0133
405412 7.55477e+006 14.5462
405413 7.55477e+006 14.541
405413 7.55477e+006 13.5719
405413 7.55477e+006 13.5719
405412 7.55477e+006 13.5719
405412 7.55477e+006 14.5462
405412 7.55477e+006 14.5501
405411 7.55477e+006 14.5554
405411 7.55477e+006 14.6007
405411 7.55477e+006 14.6007
405412 7.55477e+006 14.6007
405412 7.55477e+006 14.5501
405412 7.55477e+006 13.5719
405411 7.55477e+006 13.5719
405411 7.55477e+006 14.6074
405411 7.55477e+006 14.6074
405412 7.55477e+006 14.6073
405412 7.55477e+006 13.5719
405412 7.55477e+006 14.5501
405412 7.55477e+006 14.6007
405411 7.55477e+006 14.6074
405411 7.55477e+006 14.6074
405411 7.55477e+006 13.5719
405412 7.55477e+006 14.5501
405412 7.55477e+006 14.6007
405412 7.55477e+006 14.6007
405412 7.55477e+006 14.6073
405412 7.55477e+006 14.6073
405411 7.55477e+006 14.6074
405412 7.55477e+006 14.6007
405412 7.55477e+006 14.6007
405412 7.55477e+006 14.5462
405412 7.55477e+006 13.5719
405412 7.55477e+006 13.5719
405412 7.55477e+006 14.6073
405412 7.55477e+006 14.6007
405412 7.55477e+006 13.5571
405412 7.55477e+006 13.5569
405411 7.55477e+006 13.5569
405411 7.55477e+006 13.5569
405411 7.55477e+006 13.557
405412 7.55477e+006 13.5571
405412 7.55477e+006 14.5897
405411 7.55477e+006 14.5897
405411 7.55477e+006 14.5896
405411 7.55477e+006 14.5896
405412 7.55477e+006 14.5896
405412 7.55477e+006 14.5897
405412 7.55477e+006 13.5571
405411 7.55477e+006 13.557
405411 7.55477e+006 13.5811
405412 7.55477e+006 13.5571
405411 7.55477e+006 13.5811
405411 7.55477e+006 13.6532
405411 7.55477e+006 13.6532
405411 7.55477e+006 14.4936
405411 7.55477e+006 14.5657
405411 7.55477e+006 13.6532
405411 7.55477e+006 14.5657
405411 7.55477e+006 14.5897
405412 7.55477e+006 13.5571
405411 7.55477e+006 13.6532
405411 7.55477e+006 14.5897
405411 7.55477e+006 14.5897
405412 7.55477e+006 14.5897
405412 7.55477e+006 14.5657
405411 7.55477e+006 14.5897
405412 7.55477e+006 14.5657
405412 7.55477e+006 14.4936
405412 7.55477e+006 13.5571
405411 7.55477e+006 14.5897
405412 7.55477e+006 14.4936
405412 7.55477e+006 13.5811
405412 7.55477e+006 13.5571
405412 7.55477e+006 14.4936
405412 7.55477e+006 13.6532
405412 7.55477e+006 13.5811
405412 7.55477e+006 14.4936
405411 7.55477e+006 13.6532
405411 7.55477e+006 13.653
405411 7.55477e+006 14.4934
405411 7.55477e+006 14.4934
405411 7.55477e+006 14.4936
405411 7.55477e+006 13.6532
405411 7.55477e+006 13.5569
405412 7.55477e+006 13.5569
405412 7.55477e+006 13.581
405411 7.55477e+006 13.5569
405412 7.55477e+006 13.581
405412 7.55477e+006 13.653
405412 7.55477e+006 13.653
405412 7.55477e+006 14.4934
405412 7.55477e+006 14.5655
405412 7.55477e+006 13.653
405412 7.55477e+006 14.5655
405412 7.55477e+006 14.5896
405411 7.55477e+006 13.5569
405412 7.55477e+006 13.653
405412 7.55477e+006 14.5896
405412 7.55477e+006 14.5896
405411 7.55477e+006 14.5896
405411 7.55477e+006 14.5655
405412 7.55477e+006 14.5896
405411 7.55477e+006 14.5655
405411 7.55477e+006 14.4934
405411 7.55477e+006 13.5569
405412 7.55477e+006 14.5896
405411 7.55477e+006 14.4934
405411 7.55477e+006 13.581
405411 7.55477e+006 13.5569
405411 7.55477e+006 14.4934
405411 7.55477e+006 13.653
405411 7.55477e+006 13.581
405411 7.55477e+006 14.4934
405412 7.55477e+006 13.653
405412 7.55477e+006 13.6532
405412 7.55477e+006 14.4936
405412 7.55477e+006 14.4936
405412 7.55477e+006 14.4934
405412 7.55477e+006 13.653
405412 7.55477e+006 13.581
405412 7.55477e+006 13.5569
405412 7.55477e+006 13.5571
405412 7.55477e+006 13.5571
405412 7.55477e+006 13.5811
405412 7.55477e+006 13.581
405411 7.55477e+006 13.5811
405411 7.55477e+006 13.557
405411 7.55477e+006 13.5569
405411 7.55477e+006 13.5569
405411 7.55477e+006 13.581
405411 7.55477e+006 13.5811
405411 7.55477e+006 14.5655
405411 7.55477e+006 14.5896
405411 7.55477e+006 14.5897
405411 7.55477e+006 14.5897
405411 7.55477e+006 14.5657
405411 7.55477e+006 14.5655
405412 7.55477e+006 14.5657
405412 7.55477e+006 14.5897
405412 7.55477e+006 14.5896
405412 7.55477e+006 14.5896
405412 7.55477e+006 14.5655
405412 7.55477e+006 14.5657
405412 7.55477e+006 13.653
405412 7.55477e+006 13.581
405412 7.55477e+006 13.5811
405412 7.55477e+006 13.5811
405412 7.55477e+006 13.6532
405412 7.55477e+006 13.653
405411 7.55477e+006 13.6532
405411 7.55477e+006 13.5811
405411 7.55477e+006 13.581
405411 7.55477e+006 13.581
405411 7.55477e+006 13.653
405411 7.55477e+006 13.6532
405411 7.55477e+006 14.4934
405411 7.55477e+006 14.5655
405411 7.55477e+006 14.5657
405411 7.55477e+006 14.5657
405411 7.55477e+006 14.4936
405411 7.55477e+006 14.4934
405412 7.55477e+006 14.4936
405412 7.55477e+006 14.5657
405412 7.55477e+006 14.5655
405412 7.55477e+006 14.5655
405412 7.55477e+006 14.4934
405412 7.55477e+006 14.4936
405410 7.55476e+006 13.5719
405412 7.55476e+006 13.5719
405412 7.55476e+006 14.6007
405412 7.55476e+006 14.6007
405410 7.55476e+006 14.6007
405410 7.55476e+006 13.5719
405411 7.55476e+006 12.0421
405412 7.55476e+006 12.0421
405412 7.55476e+006 12.4859
405412 7.55476e+006 12.4859
405410 7.55476e+006 12.4859
405411 7.55476e+006 12.0421
405411 7.55477e+006 14.6007
405411 7.55477e+006 14.6712
405413 7.55476e+006 14.6712
405413 7.55476e+006 14.6712
405413 7.55476e+006 14.6007
405411 7.55477e+006 14.6007
405411 7.55476e+006 11.7645
405412 7.55476e+006 11.7645
405412 7.55476e+006 12.0421
405412 7.55476e+006 12.0421
405411 7.55476e+006 12.0421
405411 7.55476e+006 11.7645
405411 7.55476e+006 15.5041
405413 7.55476e+006 15.5041
405413 7.55476e+006 14.6712
405413 7.55476e+006 14.6712
405411 7.55477e+006 14.6712
405411 7.55476e+006 15.5041
405414 7.55477e+006 13.4506
405415 7.55477e+006 13.4506
405414 7.55477e+006 12.4859
405414 7.55477e+006 12.4859
405414 7.55477e+006 12.4859
405414 7.55477e+006 13.4506
405414 7.55477e+006 13.4742
405415 7.55477e+006 13.4742
405415 7.55477e+006 13.4506
405415 7.55477e+006 13.4506
405414 7.55477e+006 13.4506
405414 7.55477e+006 13.4742
405412 7.55477e+006 14.3761
405412 7.55477e+006 14.3761
405412 7.55477e+006 14.3761
405412 7.55477e+006 14.3761
405412 7.55477e+006 14.3761
405412 7.55477e+006 14.3761
405412 7.55477e+006 14.2698
405412 7.55477e+006 14.2698
405412 7.55477e+006 14.3761
405412 7.55477e+006 14.3761
405412 7.55477e+006 14.3761
405412 7.55477e+006 14.2698
405412 7.55477e+006 14.2698
405412 7.55477e+006 14.2698
405412 7.55477e+006 14.3761
405412 7.55477e+006 14.3761
405412 7.55477e+006 14.3761
405412 7.55477e+006 14.2698
405412 7.55477e+006 14.2698
405412 7.55477e+006 14.2698
405412 7.55477e+006 14.3761
405412 7.55477e+006 14.3761
405412 7.55477e+006 14.3761
405412 7.55477e+006 14.2698
405412 7.55477e+006 14.2698
405412 7.55477e+006 14.2698
405412 7.55477e+006 14.3761
405412 7.55477e+006 14.3761
405412 7.55477e+006 14.3761
405412 7.55477e+006 14.2698
405412 7.55477e+006 14.2698
405412 7.55477e+006 14.2698
405412 7.55477e+006 14.2698
405412 7.55477e+006 14.2698
405412 7.55477e+006 14.2698
405412 7.55477e+006 14.2698
405412 7.55477e+006 14.2954
405412 7.55477e+006 14.2954
405412 7.55477e+006 14.3494
405412 7.55477e+006 14.3494
405412 7.55477e+006 14.3494
405412 7.55477e+006 14.2954
405412 7.55477e+006 13.8627
405412 7.55477e+006 13.8627
405412 7.55477e+006 13.8627
405412 7.55477e+006 13.8627
405412 7.55477e+006 13.8627
405412 7.55477e+006 13.8627
405412 7.55477e+006 13.7563
405412 7.55477e+006 13.7563
405412 7.55477e+006 13.8627
405412 7.55477e+006 13.8627
405412 7.55477e+006 13.8627
405412 7.55477e+006 13.7563
405412 7.55477e+006 13.7563
405412 7.55477e+006 13.7563
405412 7.55477e+006 13.8627
405412 7.55477e+006 13.8627
405412 7.55477e+006 13.8627
405412 7.55477e+006 13.7563
405412 7.55477e+006 13.7563
405412 7.55477e+006 13.7563
405412 7.55477e+006 13.8627
405412 7.55477e+006 13.8627
405412 7.55477e+006 13.8627
405412 7.55477e+006 13.7563
405412 7.55477e+006 13.7563
405412 7.55477e+006 13.7563
405412 7.55477e+006 13.8627
405412 7.55477e+006 13.8627
405412 7.55477e+006 13.8627
405412 7.55477e+006 13.7563
405412 7.55477e+006 13.7563
405412 7.55477e+006 13.7563
405412 7.55477e+006 13.7563
405412 7.55477e+006 13.7563
405412 7.55477e+006 13.7563
405412 7.55477e+006 13.7563
405411 7.55476e+006 15.508
405410 7.55476e+006 14.6007
405412 7.55476e+006 14.6007
405412 7.55476e+006 14.6007
405412 7.55476e+006 15.508
405411 7.55476e+006 15.508
405414 7.55477e+006 13.5719
405414 7.55477e+006 14.545
405414 7.55477e+006 14.545
405414 7.55477e+006 14.545
405415 7.55477e+006 13.5719
405414 7.55477e+006 13.5719
405411 7.55476e+006 15.5746
405411 7.55476e+006 15.508
405412 7.55476e+006 15.508
405412 7.55476e+006 15.508
405412 7.55476e+006 15.5746
405411 7.55476e+006 15.5746
405413 7.55476e+006 13.5352
405413 7.55476e+006 13.4872
405416 7.55477e+006 13.4873
405416 7.55477e+006 13.4873
405416 7.55477e+006 13.5352
405413 7.55476e+006 13.5352
405416 7.55477e+006 13.5352
405416 7.55477e+006 13.4873
405415 7.55477e+006 13.4873
405415 7.55477e+006 13.4873
405415 7.55477e+006 13.5352
405416 7.55477e+006 13.5352
405413 7.55476e+006 13.5719
405414 7.55477e+006 13.5719
405414 7.55477e+006 14.5501
405413 7.55476e+006 13.5719
405414 7.55477e+006 14.5501
405413 7.55476e+006 14.5554
405413 7.55476e+006 13.5719
405413 7.55476e+006 14.5554
405413 7.55476e+006 14.6038
405413 7.55476e+006 13.5719
405413 7.55476e+006 14.6038
405412 7.55476e+006 14.6007
405415 7.55477e+006 12.4859
405415 7.55477e+006 13.4506
405413 7.55476e+006 13.4505
405413 7.55476e+006 13.4505
405413 7.55476e+006 12.4859
405415 7.55477e+006 12.4859
405413 7.55476e+006 12.4859
405413 7.55476e+006 13.4505
405412 7.55476e+006 13.4505
405412 7.55476e+006 13.4505
405412 7.55476e+006 12.4859
405413 7.55476e+006 12.4859
405415 7.55477e+006 14.541
405415 7.55477e+006 13.5719
405415 7.55477e+006 13.5719
405415 7.55477e+006 13.5719
405414 7.55477e+006 14.545
405415 7.55477e+006 14.541
405413 7.55476e+006 13.5352
405412 7.55476e+006 13.5352
405412 7.55476e+006 13.4872
405412 7.55476e+006 13.4872
405413 7.55476e+006 13.4872
405413 7.55476e+006 13.5352
405412 7.55476e+006 14.6007
405412 7.55476e+006 14.6007
405412 7.55476e+006 13.5719
405412 7.55476e+006 13.5719
405413 7.55476e+006 13.5719
405412 7.55476e+006 14.6007
405415 7.55477e+006 12.4859
405414 7.55477e+006 12.4859
405415 7.55477e+006 13.4506
405415 7.55477e+006 13.4506
405415 7.55477e+006 13.4506
405415 7.55477e+006 12.4859
405412 7.55476e+006 12.4859
405412 7.55476e+006 13.4505
405410 7.55476e+006 13.4505
405410 7.55476e+006 13.4505
405410 7.55476e+006 12.4859
405412 7.55476e+006 12.4859
405412 7.55476e+006 14.6007
405412 7.55476e+006 15.5068
405412 7.55476e+006 15.508
405412 7.55476e+006 15.508
405412 7.55476e+006 14.6007
405412 7.55476e+006 14.6007
405413 7.55476e+006 15.4525
405413 7.55476e+006 15.4978
405412 7.55476e+006 15.5068
405413 7.55476e+006 14.6038
405413 7.55476e+006 15.4525
405412 7.55476e+006 15.5068
405413 7.55476e+006 14.6038
405412 7.55476e+006 15.5068
405412 7.55476e+006 14.6007
405413 7.55476e+006 13.5719
405413 7.55476e+006 13.5483
405416 7.55477e+006 13.5483
405416 7.55477e+006 13.5483
405415 7.55477e+006 13.5719
405415 7.55477e+006 13.5719
405413 7.55476e+006 13.5719
405416 7.55477e+006 13.5483
405415 7.55477e+006 13.5719
405413 7.55476e+006 13.5719
405415 7.55477e+006 13.5719
405414 7.55477e+006 13.5719
405415 7.55477e+006 13.5719
405416 7.55477e+006 13.5483
405415 7.55477e+006 13.5483
405415 7.55477e+006 13.5483
405415 7.55477e+006 13.5719
405415 7.55477e+006 13.5719
405412 7.55476e+006 13.5719
405412 7.55476e+006 13.5483
405413 7.55476e+006 13.5483
405413 7.55476e+006 13.5483
405413 7.55476e+006 13.5719
405412 7.55476e+006 13.5719
405415 7.55477e+006 13.4506
405416 7.55477e+006 13.4742
405413 7.55476e+006 13.4742
405413 7.55476e+006 13.4742
405413 7.55476e+006 13.4505
405415 7.55477e+006 13.4506
405413 7.55476e+006 13.4505
405413 7.55476e+006 13.4742
405412 7.55476e+006 13.4742
405412 7.55476e+006 13.4742
405412 7.55476e+006 13.4505
405413 7.55476e+006 13.4505
405415 7.55477e+006 13.4506
405415 7.55477e+006 13.4742
405416 7.55477e+006 13.4742
405416 7.55477e+006 13.4742
405415 7.55477e+006 13.4506
405415 7.55477e+006 13.4506
405415 7.55477e+006 12.4859
405414 7.55477e+006 12.0133
405414 7.55477e+006 11.9841
405414 7.55477e+006 11.9841
405414 7.55477e+006 12.4859
405415 7.55477e+006 12.4859
405412 7.55476e+006 12.4859
405412 7.55476e+006 12.0421
405413 7.55476e+006 12.0553
405413 7.55476e+006 12.0553
405413 7.55476e+006 12.4859
405412 7.55476e+006 12.4859
405413 7.55476e+006 12.4859
405413 7.55476e+006 12.0553
405414 7.55477e+006 12.0133
405414 7.55477e+006 12.0133
405415 7.55477e+006 12.4859
405413 7.55476e+006 12.4859
405415 7.55477e+006 14.541
405415 7.55477e+006 13.5719
405415 7.55477e+006 13.5719
405415 7.55477e+006 13.5719
405415 7.55477e+006 14.541
405415 7.55477e+006 14.541
405416 7.55477e+006 13.5352
405416 7.55477e+006 13.4873
405416 7.55477e+006 13.4873
405416 7.55477e+006 13.4873
405416 7.55477e+006 13.5352
405416 7.55477e+006 13.5352
405415 7.55477e+006 13.4506
405415 7.55477e+006 12.4859
405415 7.55477e+006 12.4859
405415 7.55477e+006 12.4859
405415 7.55477e+006 13.4506
405415 7.55477e+006 13.4506
405415 7.55477e+006 13.5719
405416 7.55477e+006 13.5483
405416 7.55477e+006 13.5483
405416 7.55477e+006 13.5483
405415 7.55477e+006 13.5719
405415 7.55477e+006 13.5719
405415 7.55477e+006 13.4506
405416 7.55477e+006 13.4742
405416 7.55477e+006 13.4742
405416 7.55477e+006 13.4742
405415 7.55477e+006 13.4506
405415 7.55477e+006 13.4506
405415 7.55477e+006 12.4859
405414 7.55477e+006 12.0133
405414 7.55477e+006 12.0133
405414 7.55477e+006 12.0133
405415 7.55477e+006 12.4859
405415 7.55477e+006 12.4859
405415 7.55477e+006 13.5483
405414 7.55477e+006 13.5483
405414 7.55477e+006 13.5719
405414 7.55477e+006 13.5719
405415 7.55477e+006 13.5719
405415 7.55477e+006 13.5483
405415 7.55477e+006 14.6007
405414 7.55477e+006 14.6007
405414 7.55477e+006 14.5462
405414 7.55477e+006 14.5462
405415 7.55477e+006 14.541
405415 7.55477e+006 14.6007
405414 7.55477e+006 14.6007
405415 7.55477e+006 14.6007
405415 7.55477e+006 14.541
405415 7.55477e+006 14.541
405414 7.55477e+006 14.545
405414 7.55477e+006 14.6007
405412 7.55476e+006 15.5746
405412 7.55476e+006 15.5746
405412 7.55476e+006 15.508
405412 7.55476e+006 15.508
405412 7.55476e+006 15.5068
405412 7.55476e+006 15.5746
405413 7.55476e+006 15.5746
405412 7.55476e+006 15.5746
405412 7.55476e+006 15.5068
405412 7.55476e+006 15.5068
405413 7.55476e+006 15.4978
405413 7.55476e+006 15.5746
405413 7.55476e+006 14.6712
405413 7.55476e+006 15.5041
405413 7.55476e+006 15.4525
405413 7.55476e+006 15.4525
405413 7.55476e+006 14.6038
405413 7.55476e+006 14.6712
405415 7.55477e+006 14.541
405415 7.55477e+006 14.541
405415 7.55477e+006 14.6007
405415 7.55477e+006 14.6007
405415 7.55477e+006 14.6007
405415 7.55477e+006 14.541
405413 7.55476e+006 14.6038
405413 7.55476e+006 14.5554
405413 7.55476e+006 14.6007
405413 7.55476e+006 14.6007
405413 7.55476e+006 14.6712
405413 7.55476e+006 14.6038
405413 7.55476e+006 15.5041
405413 7.55476e+006 15.5746
405413 7.55476e+006 15.4978
405413 7.55476e+006 15.4978
405413 7.55476e+006 15.4525
405413 7.55476e+006 15.5041
405414 7.55477e+006 11.7645
405414 7.55477e+006 11.7645
405414 7.55477e+006 11.9841
405414 7.55477e+006 11.9841
405414 7.55477e+006 12.0133
405414 7.55477e+006 11.7645
405412 7.55476e+006 11.7645
405412 7.55476e+006 11.7645
405413 7.55476e+006 12.0553
405413 7.55476e+006 12.0553
405412 7.55476e+006 12.0421
405412 7.55476e+006 11.7645
405412 7.55476e+006 11.7645
405414 7.55477e+006 11.7645
405414 7.55477e+006 12.0133
405414 7.55477e+006 12.0133
405413 7.55476e+006 12.0553
405412 7.55476e+006 11.7645
405414 7.55477e+006 12.0133
405414 7.55477e+006 12.0133
405414 7.55477e+006 11.7645
405414 7.55477e+006 11.7645
405414 7.55477e+006 11.7645
405414 7.55477e+006 12.0133
405414 7.55477e+006 14.5462
405415 7.55477e+006 13.5719
405415 7.55477e+006 13.5719
405415 7.55477e+006 13.5719
405415 7.55477e+006 14.541
405414 7.55477e+006 14.5462
405414 7.55477e+006 14.5501
405414 7.55477e+006 14.6007
405413 7.55476e+006 14.6007
405413 7.55476e+006 14.6007
405413 7.55476e+006 14.5554
405414 7.55477e+006 14.5501
405415 7.55477e+006 13.5719
405415 7.55477e+006 14.6073
405414 7.55477e+006 14.6074
405414 7.55477e+006 14.6074
405414 7.55477e+006 13.5719
405415 7.55477e+006 13.5719
405414 7.55477e+006 14.5501
405414 7.55477e+006 13.5719
405414 7.55477e+006 14.6074
405414 7.55477e+006 14.6074
405414 7.55477e+006 14.6007
405414 7.55477e+006 14.5501
405414 7.55477e+006 14.6007
405414 7.55477e+006 14.6074
405415 7.55477e+006 14.6073
405415 7.55477e+006 14.6073
405414 7.55477e+006 14.6007
405414 7.55477e+006 14.6007
405414 7.55477e+006 14.6007
405415 7.55477e+006 14.6073
405415 7.55477e+006 13.5719
405415 7.55477e+006 13.5719
405414 7.55477e+006 14.5462
405414 7.55477e+006 14.6007
405415 7.55477e+006 13.5571
405414 7.55477e+006 13.5571
405414 7.55477e+006 13.5569
405414 7.55477e+006 13.5569
405415 7.55477e+006 13.5569
405415 7.55477e+006 13.5571
405415 7.55477e+006 14.5897
405414 7.55477e+006 14.5896
405414 7.55477e+006 14.5896
405414 7.55477e+006 14.5896
405414 7.55477e+006 14.5897
405415 7.55477e+006 14.5897
405415 7.55477e+006 14.5657
405415 7.55477e+006 14.5897
405414 7.55477e+006 14.5897
405415 7.55477e+006 14.4936
405415 7.55477e+006 14.5657
405414 7.55477e+006 14.5897
405414 7.55477e+006 14.5657
405414 7.55477e+006 14.4936
405414 7.55477e+006 13.6532
405414 7.55477e+006 14.5897
405414 7.55477e+006 14.5657
405414 7.55477e+006 13.6532
405414 7.55477e+006 13.5811
405414 7.55477e+006 13.5571
405415 7.55477e+006 13.5571
405414 7.55477e+006 13.6532
405414 7.55477e+006 13.5811
405415 7.55477e+006 13.5571
405414 7.55477e+006 14.5897
405414 7.55477e+006 13.6532
405415 7.55477e+006 13.5571
405415 7.55477e+006 14.4936
405414 7.55477e+006 14.5897
405415 7.55477e+006 13.5571
405415 7.55477e+006 14.4936
405415 7.55477e+006 13.5571
405415 7.55477e+006 13.5811
405415 7.55477e+006 13.6532
405415 7.55477e+006 14.4936
405415 7.55477e+006 13.5811
405414 7.55477e+006 13.6532
405414 7.55477e+006 14.4936
405414 7.55477e+006 14.4934
405414 7.55477e+006 14.4934
405414 7.55477e+006 13.653
405414 7.55477e+006 13.6532
405414 7.55477e+006 14.5655
405414 7.55477e+006 14.5896
405414 7.55477e+006 14.5896
405414 7.55477e+006 14.4934
405414 7.55477e+006 14.5655
405414 7.55477e+006 14.5896
405415 7.55477e+006 14.5655
405415 7.55477e+006 14.4934
405415 7.55477e+006 13.653
405414 7.55477e+006 14.5896
405415 7.55477e+006 14.5655
405415 7.55477e+006 13.653
405415 7.55477e+006 13.581
405415 7.55477e+006 13.5569
405414 7.55477e+006 13.5569
405415 7.55477e+006 13.653
405415 7.55477e+006 13.581
405414 7.55477e+006 13.5569
405414 7.55477e+006 14.5896
405415 7.55477e+006 13.653
405414 7.55477e+006 13.5569
405414 7.55477e+006 14.4934
405414 7.55477e+006 14.5896
405414 7.55477e+006 13.5569
405414 7.55477e+006 14.4934
405414 7.55477e+006 13.5569
405414 7.55477e+006 13.581
405414 7.55477e+006 13.653
405414 7.55477e+006 14.4934
405414 7.55477e+006 13.581
405415 7.55477e+006 13.653
405415 7.55477e+006 14.4934
405415 7.55477e+006 14.4936
405415 7.55477e+006 14.4936
405415 7.55477e+006 13.6532
405415 7.55477e+006 13.653
405415 7.55477e+006 13.581
405415 7.55477e+006 13.5811
405415 7.55477e+006 13.5571
405415 7.55477e+006 13.5571
405415 7.55477e+006 13.5569
405415 7.55477e+006 13.581
405414 7.55477e+006 13.5811
405414 7.55477e+006 13.581
405414 7.55477e+006 13.5569
405414 7.55477e+006 13.5569
405414 7.55477e+006 13.5571
405414 7.55477e+006 13.5811
405414 7.55477e+006 14.5655
405414 7.55477e+006 14.5657
405414 7.55477e+006 14.5897
405414 7.55477e+006 14.5897
405414 7.55477e+006 14.5896
405414 7.55477e+006 14.5655
405415 7.55477e+006 14.5657
405415 7.55477e+006 14.5655
405414 7.55477e+006 14.5896
405414 7.55477e+006 14.5896
405415 7.55477e+006 14.5897
405415 7.55477e+006 14.5657
405415 7.55477e+006 13.653
405415 7.55477e+006 13.6532
405415 7.55477e+006 13.5811
405415 7.55477e+006 13.5811
405415 7.55477e+006 13.581
405415 7.55477e+006 13.653
405414 7.55477e+006 13.6532
405414 7.55477e+006 13.653
405414 7.55477e+006 13.581
405414 7.55477e+006 13.581
405414 7.55477e+006 13.5811
405414 7.55477e+006 13.6532
405414 7.55477e+006 14.4934
405414 7.55477e+006 14.4936
405414 7.55477e+006 14.5657
405414 7.55477e+006 14.5657
405414 7.55477e+006 14.5655
405414 7.55477e+006 14.4934
405415 7.55477e+006 14.4936
405415 7.55477e+006 14.4934
405415 7.55477e+006 14.5655
405415 7.55477e+006 14.5655
405415 7.55477e+006 14.5657
405415 7.55477e+006 14.4936
405414 7.55477e+006 14.6007
405413 7.55477e+006 14.6007
405413 7.55477e+006 14.6007
405412 7.55477e+006 14.6007
405412 7.55477e+006 14.6007
405411 7.55477e+006 14.6007
405413 7.55477e+006 14.6007
405412 7.55477e+006 14.6007
405411 7.55477e+006 14.6007
405414 7.55477e+006 14.6007
405413 7.55477e+006 14.6007
405411 7.55477e+006 14.6007
405414 7.55477e+006 14.6007
405414 7.55477e+006 14.6007
405411 7.55477e+006 14.6007
405411 7.55477e+006 14.6007
405413 7.55476e+006 14.6007
405414 7.55477e+006 14.6007
405411 7.55477e+006 14.6007
405414 7.55477e+006 14.6007
405414 7.55477e+006 14.6007
405411 7.55477e+006 14.6007
405414 7.55477e+006 14.6007
405415 7.55477e+006 14.6007
405414 7.55477e+006 14.6007
405411 7.55477e+006 14.6007
405415 7.55477e+006 14.6007
405414 7.55477e+006 14.6007
405415 7.55477e+006 14.6007
405415 7.55477e+006 14.6007
405413 7.55476e+006 15.5041
405411 7.55476e+006 15.5041
405411 7.55476e+006 15.5746
405411 7.55476e+006 15.5746
405413 7.55476e+006 15.5746
405413 7.55476e+006 15.5041
405414 7.55477e+006 11.7645
405413 7.55477e+006 11.7645
405414 7.55477e+006 11.9841
405414 7.55477e+006 11.9841
405414 7.55477e+006 11.9841
405414 7.55477e+006 11.7645
405410 7.55476e+006 13.5352
405410 7.55476e+006 13.4872
405412 7.55476e+006 13.4872
405412 7.55476e+006 13.4872
405412 7.55476e+006 13.5352
405410 7.55476e+006 13.5352
405412 7.55476e+006 13.5719
405410 7.55476e+006 13.5719
405410 7.55476e+006 13.5483
405410 7.55476e+006 13.5483
405412 7.55476e+006 13.5483
405412 7.55476e+006 13.5719
405414 7.55477e+006 14.3761
405414 7.55477e+006 14.3761
405414 7.55477e+006 14.3761
405414 7.55477e+006 14.3761
405414 7.55477e+006 14.3761
405414 7.55477e+006 14.3761
405414 7.55477e+006 14.2698
405414 7.55477e+006 14.3761
405414 7.55477e+006 14.3761
405414 7.55477e+006 14.3761
405414 7.55477e+006 14.2698
405414 7.55477e+006 14.2698
405414 7.55477e+006 14.2698
405414 7.55477e+006 14.3761
405414 7.55477e+006 14.3761
405414 7.55477e+006 14.3761
405414 7.55477e+006 14.2698
405414 7.55477e+006 14.2698
405414 7.55477e+006 14.2698
405414 7.55477e+006 14.3761
405414 7.55477e+006 14.3761
405414 7.55477e+006 14.3761
405414 7.55477e+006 14.2698
405414 7.55477e+006 14.2698
405414 7.55477e+006 14.2698
405414 7.55477e+006 14.3761
405414 7.55477e+006 14.3761
405414 7.55477e+006 14.3761
405414 7.55477e+006 14.2698
405414 7.55477e+006 14.2698
405414 7.55477e+006 14.2698
405414 7.55477e+006 14.2698
405414 7.55477e+006 14.2698
405414 7.55477e+006 14.2698
405414 7.55477e+006 14.2698
405414 7.55477e+006 14.2698
405414 7.55477e+006 14.2954
405414 7.55477e+006 14.3494
405414 7.55477e+006 14.3494
405414 7.55477e+006 14.3494
405414 7.55477e+006 14.2954
405414 7.55477e+006 14.2954
405414 7.55477e+006 13.8627
405414 7.55477e+006 13.8627
405414 7.55477e+006 13.8627
405414 7.55477e+006 13.8627
405414 7.55477e+006 13.8627
405414 7.55477e+006 13.8627
405414 7.55477e+006 13.7563
405414 7.55477e+006 13.8627
405414 7.55477e+006 13.8627
405414 7.55477e+006 13.8627
405414 7.55477e+006 13.7563
405414 7.55477e+006 13.7563
405414 7.55477e+006 13.7563
405414 7.55477e+006 13.8627
405414 7.55477e+006 13.8627
405414 7.55477e+006 13.8627
405414 7.55477e+006 13.7563
405414 7.55477e+006 13.7563
405414 7.55477e+006 13.7563
405414 7.55477e+006 13.8627
405414 7.55477e+006 13.8627
405414 7.55477e+006 13.8627
405414 7.55477e+006 13.7563
405414 7.55477e+006 13.7563
405414 7.55477e+006 13.7563
405414 7.55477e+006 13.8627
405414 7.55477e+006 13.8627
405414 7.55477e+006 13.8627
405414 7.55477e+006 13.7563
405414 7.55477e+006 13.7563
405414 7.55477e+006 13.7563
405414 7.55477e+006 13.7563
405414 7.55477e+006 13.7563
405414 7.55477e+006 13.7563
405414 7.55477e+006 13.7563
405414 7.55477e+006 13.7563
405411 7.55476e+006 15.5746
405411 7.55476e+006 15.5746
405411 7.55476e+006 15.5746
405411 7.55476e+006 15.5746
405412 7.55476e+006 15.5746
405412 7.55476e+006 15.5746
405411 7.55476e+006 15.5746
405412 7.55476e+006 15.5746
405413 7.55476e+006 15.5746
405411 7.55476e+006 15.5746
405411 7.55476e+006 15.5746
405413 7.55476e+006 15.5746
405410 7.55476e+006 13.4742
405410 7.55476e+006 13.4505
405412 7.55476e+006 13.4505
405412 7.55476e+006 13.4505
405412 7.55476e+006 13.4742
405410 7.55476e+006 13.4742
405414 7.55477e+006 13.5352
405415 7.55477e+006 13.5352
405415 7.55477e+006 13.4873
405415 7.55477e+006 13.4873
405414 7.55477e+006 13.4873
405414 7.55477e+006 13.5352
405414 7.55477e+006 11.9841
405414 7.55477e+006 12.4859
405414 7.55477e+006 12.4859
405414 7.55477e+006 12.4859
405414 7.55477e+006 11.9841
405414 7.55477e+006 11.9841
405414 7.55477e+006 14.6007
405414 7.55477e+006 14.6007
405414 7.55477e+006 14.545
405414 7.55477e+006 14.545
405414 7.55477e+006 14.545
405414 7.55477e+006 14.6007
405409 7.55476e+006 13.5483
405412 7.55477e+006 13.5483
405412 7.55477e+006 13.5352
405412 7.55477e+006 13.5352
405409 7.55476e+006 13.5352
405409 7.55476e+006 13.5483
405412 7.55477e+006 13.5483
405413 7.55477e+006 13.5483
405413 7.55477e+006 13.5352
405413 7.55477e+006 13.5352
405412 7.55477e+006 13.5352
405412 7.55477e+006 13.5483
405413 7.55477e+006 13.5483
405414 7.55477e+006 13.5483
405414 7.55477e+006 13.5352
405414 7.55477e+006 13.5352
405413 7.55477e+006 13.5352
405413 7.55477e+006 13.5483
405414 7.55477e+006 13.5483
405415 7.55477e+006 13.5483
405415 7.55477e+006 13.5352
405415 7.55477e+006 13.5352
405414 7.55477e+006 13.5352
405414 7.55477e+006 13.5483
405415 7.55477e+006 13.5483
405416 7.55477e+006 13.5483
405416 7.55477e+006 13.5352
405416 7.55477e+006 13.5352
405415 7.55477e+006 13.5352
405415 7.55477e+006 13.5483
405416 7.55477e+006 13.5483
405416 7.55477e+006 13.5483
405416 7.55477e+006 13.5352
405416 7.55477e+006 13.5352
405416 7.55477e+006 13.5352
405416 7.55477e+006 13.5483
405416 7.55477e+006 13.5483
405413 7.55476e+006 13.5483
405413 7.55476e+006 13.5352
405413 7.55476e+006 13.5352
405416 7.55477e+006 13.5352
405416 7.55477e+006 13.5483
405413 7.55476e+006 13.5483
405412 7.55476e+006 13.5483
405412 7.55476e+006 13.5352
405412 7.55476e+006 13.5352
405413 7.55476e+006 13.5352
405413 7.55476e+006 13.5483
405412 7.55476e+006 13.5483
405410 7.55476e+006 13.5483
405410 7.55476e+006 13.5352
405410 7.55476e+006 13.5352
405412 7.55476e+006 13.5352
405412 7.55476e+006 13.5483
405410 7.55476e+006 13.5483
405409 7.55476e+006 13.5483
405409 7.55476e+006 13.5352
405409 7.55476e+006 13.5352
405410 7.55476e+006 13.5352
405410 7.55476e+006 13.5483
405412 7.55477e+006 13.4742
405409 7.55476e+006 13.4742
405409 7.55476e+006 13.4872
405409 7.55476e+006 13.4872
405412 7.55477e+006 13.4873
405412 7.55477e+006 13.4742
405409 7.55476e+006 13.4742
405410 7.55476e+006 13.4742
405410 7.55476e+006 13.4872
405410 7.55476e+006 13.4872
405409 7.55476e+006 13.4872
405409 7.55476e+006 13.4742
405410 7.55476e+006 13.4742
405412 7.55476e+006 13.4742
405412 7.55476e+006 13.4872
405412 7.55476e+006 13.4872
405410 7.55476e+006 13.4872
405410 7.55476e+006 13.4742
405412 7.55476e+006 13.4742
405413 7.55476e+006 13.4742
405413 7.55476e+006 13.4872
405413 7.55476e+006 13.4872
405412 7.55476e+006 13.4872
405412 7.55476e+006 13.4742
405413 7.55476e+006 13.4742
405416 7.55477e+006 13.4742
405416 7.55477e+006 13.4873
405416 7.55477e+006 13.4873
405413 7.55476e+006 13.4872
405413 7.55476e+006 13.4742
405416 7.55477e+006 13.4742
405416 7.55477e+006 13.4742
405416 7.55477e+006 13.4873
405416 7.55477e+006 13.4873
405416 7.55477e+006 13.4873
405416 7.55477e+006 13.4742
405416 7.55477e+006 13.4742
405415 7.55477e+006 13.4742
405415 7.55477e+006 13.4873
405415 7.55477e+006 13.4873
405416 7.55477e+006 13.4873
405416 7.55477e+006 13.4742
405415 7.55477e+006 13.4742
405414 7.55477e+006 13.4742
405414 7.55477e+006 13.4873
405414 7.55477e+006 13.4873
405415 7.55477e+006 13.4873
405415 7.55477e+006 13.4742
405414 7.55477e+006 13.4742
405413 7.55477e+006 13.4742
405413 7.55477e+006 13.4873
405413 7.55477e+006 13.4873
405414 7.55477e+006 13.4873
405414 7.55477e+006 13.4742
405413 7.55477e+006 13.4742
405412 7.55477e+006 13.4742
405412 7.55477e+006 13.4873
405412 7.55477e+006 13.4873
405413 7.55477e+006 13.4873
405413 7.55477e+006 13.4742
405414 7.55477e+006 13.8359
405414 7.55477e+006 13.8359
405414 7.55477e+006 13.782
405414 7.55477e+006 13.782
405414 7.55477e+006 13.782
405414 7.55477e+006 13.8359
405412 7.55477e+006 13.7805
405412 7.55477e+006 13.7805
405412 7.55477e+006 13.8345
405412 7.55477e+006 13.8345
405412 7.55477e+006 13.8345
405412 7.55477e+006 13.7805
