405448 7.55476e+006 13.5352
405451 7.55477e+006 13.5352
405451 7.55477e+006 13.4873
405451 7.55477e+006 13.4873
405448 7.55476e+006 13.4873
405448 7.55476e+006 13.5352
405451 7.55477e+006 13.5352
405453 7.55477e+006 13.5352
405453 7.55477e+006 13.4873
405453 7.55477e+006 13.4873
405451 7.55477e+006 13.4873
405451 7.55477e+006 13.5352
405448 7.55476e+006 13.5719
405448 7.55476e+006 14.6007
405449 7.55476e+006 14.6038
405448 7.55476e+006 13.5719
405449 7.55476e+006 14.6038
405449 7.55476e+006 14.5554
405448 7.55476e+006 13.5719
405449 7.55476e+006 14.5554
405450 7.55476e+006 14.5501
405448 7.55476e+006 13.5719
405450 7.55476e+006 14.5501
405450 7.55476e+006 13.5719
405451 7.55477e+006 12.4859
405448 7.55476e+006 12.4859
405448 7.55476e+006 13.4506
405448 7.55476e+006 13.4506
405451 7.55477e+006 13.4506
405451 7.55477e+006 12.4859
405448 7.55476e+006 12.4859
405449 7.55476e+006 12.4859
405448 7.55476e+006 13.4506
405448 7.55476e+006 13.4506
405448 7.55476e+006 13.4506
405448 7.55476e+006 12.4859
405451 7.55477e+006 14.541
405452 7.55477e+006 14.545
405452 7.55477e+006 13.5719
405452 7.55477e+006 13.5719
405451 7.55477e+006 13.5719
405451 7.55477e+006 14.541
405448 7.55476e+006 13.5352
405448 7.55476e+006 13.4873
405448 7.55476e+006 13.4873
405448 7.55476e+006 13.4873
405448 7.55476e+006 13.5352
405448 7.55476e+006 13.5352
405448 7.55476e+006 14.6007
405448 7.55476e+006 13.5719
405448 7.55476e+006 13.5719
405448 7.55476e+006 13.5719
405449 7.55476e+006 14.6007
405448 7.55476e+006 14.6007
405451 7.55477e+006 12.4859
405451 7.55477e+006 13.4506
405452 7.55477e+006 13.4506
405452 7.55477e+006 13.4506
405452 7.55477e+006 12.4859
405451 7.55477e+006 12.4859
405449 7.55476e+006 11.7645
405451 7.55476e+006 11.7645
405451 7.55476e+006 11.7645
405452 7.55476e+006 11.7645
405452 7.55476e+006 11.7645
405452 7.55476e+006 11.7645
405452 7.55476e+006 11.7645
405452 7.55476e+006 11.7645
405451 7.55476e+006 11.7645
405452 7.55476e+006 11.7645
405451 7.55476e+006 11.7645
405450 7.55476e+006 11.7645
405452 7.55476e+006 11.7645
405452 7.55476e+006 11.7645
405450 7.55476e+006 11.7645
405451 7.55476e+006 11.7645
405452 7.55476e+006 11.7645
405450 7.55476e+006 11.7645
405449 7.55476e+006 11.7645
405451 7.55476e+006 11.7645
405450 7.55476e+006 11.7645
405450 7.55476e+006 11.7645
405449 7.55476e+006 11.7645
405450 7.55476e+006 11.7645
405448 7.55476e+006 14.6007
405449 7.55476e+006 14.6007
405449 7.55476e+006 15.508
405449 7.55476e+006 15.508
405449 7.55476e+006 15.5068
405448 7.55476e+006 14.6007
405449 7.55476e+006 14.6038
405448 7.55476e+006 14.6007
405449 7.55476e+006 15.5068
405449 7.55476e+006 15.5068
405449 7.55476e+006 15.4978
405449 7.55476e+006 15.4525
405449 7.55476e+006 14.6038
405449 7.55476e+006 15.5068
405449 7.55476e+006 15.4525
405448 7.55476e+006 13.5719
405450 7.55476e+006 13.5719
405450 7.55476e+006 13.5719
405450 7.55476e+006 13.5719
405451 7.55477e+006 13.5719
405451 7.55477e+006 13.5483
405448 7.55476e+006 13.5719
405450 7.55476e+006 13.5719
405451 7.55477e+006 13.5483
405448 7.55476e+006 13.5719
405451 7.55477e+006 13.5483
405448 7.55476e+006 13.5483
405451 7.55477e+006 13.5719
405452 7.55477e+006 13.5719
405453 7.55477e+006 13.5483
405453 7.55477e+006 13.5483
405451 7.55477e+006 13.5483
405451 7.55477e+006 13.5719
405448 7.55476e+006 13.5719
405448 7.55476e+006 13.5719
405448 7.55476e+006 13.5483
405448 7.55476e+006 13.5483
405448 7.55476e+006 13.5483
405448 7.55476e+006 13.5719
405451 7.55477e+006 13.4506
405448 7.55476e+006 13.4506
405448 7.55476e+006 13.4742
405448 7.55476e+006 13.4742
405451 7.55477e+006 13.4742
405451 7.55477e+006 13.4506
405448 7.55476e+006 13.4506
405448 7.55476e+006 13.4506
405448 7.55476e+006 13.4742
405448 7.55476e+006 13.4742
405448 7.55476e+006 13.4742
405448 7.55476e+006 13.4506
405452 7.55477e+006 13.4506
405451 7.55477e+006 13.4506
405451 7.55477e+006 13.4742
405451 7.55477e+006 13.4742
405453 7.55477e+006 13.4742
405452 7.55477e+006 13.4506
405451 7.55477e+006 12.4859
405452 7.55477e+006 12.4859
405452 7.55477e+006 11.9841
405452 7.55477e+006 11.9841
405451 7.55477e+006 12.0133
405451 7.55477e+006 12.4859
405449 7.55476e+006 12.4859
405448 7.55476e+006 12.4859
405449 7.55476e+006 12.0553
405449 7.55476e+006 12.0553
405449 7.55476e+006 12.0421
405449 7.55476e+006 12.4859
405448 7.55476e+006 12.4859
405451 7.55477e+006 12.4859
405451 7.55476e+006 12.0133
405451 7.55476e+006 12.0133
405449 7.55476e+006 12.0553
405448 7.55476e+006 12.4859
405451 7.55477e+006 14.541
405451 7.55477e+006 14.541
405451 7.55477e+006 13.5719
405451 7.55477e+006 13.5719
405451 7.55477e+006 13.5719
405451 7.55477e+006 14.541
405451 7.55477e+006 13.5352
405451 7.55477e+006 13.5352
405451 7.55477e+006 13.4873
405451 7.55477e+006 13.4873
405451 7.55477e+006 13.4873
405451 7.55477e+006 13.5352
405451 7.55477e+006 13.4506
405451 7.55477e+006 13.4506
405451 7.55477e+006 12.4859
405451 7.55477e+006 12.4859
405451 7.55477e+006 12.4859
405451 7.55477e+006 13.4506
405451 7.55477e+006 13.5719
405451 7.55477e+006 13.5719
405451 7.55477e+006 13.5483
405451 7.55477e+006 13.5483
405451 7.55477e+006 13.5483
405451 7.55477e+006 13.5719
405451 7.55477e+006 13.4506
405451 7.55477e+006 13.4506
405451 7.55477e+006 13.4742
405451 7.55477e+006 13.4742
405451 7.55477e+006 13.4742
405451 7.55477e+006 13.4506
405451 7.55477e+006 12.4859
405451 7.55477e+006 12.4859
405451 7.55477e+006 12.0133
405451 7.55477e+006 12.0133
405451 7.55476e+006 12.0133
405451 7.55477e+006 12.4859
405451 7.55477e+006 14.6007
405451 7.55477e+006 14.541
405450 7.55476e+006 14.5462
405450 7.55476e+006 14.5462
405450 7.55476e+006 14.6007
405451 7.55477e+006 14.6007
405452 7.55477e+006 14.6007
405452 7.55477e+006 14.545
405451 7.55477e+006 14.541
405451 7.55477e+006 14.541
405451 7.55477e+006 14.6007
405452 7.55477e+006 14.6007
405449 7.55476e+006 15.5746
405449 7.55476e+006 15.5068
405449 7.55476e+006 15.508
405449 7.55476e+006 15.508
405449 7.55476e+006 15.5746
405449 7.55476e+006 15.5746
405449 7.55476e+006 15.5746
405449 7.55476e+006 15.4978
405449 7.55476e+006 15.5068
405449 7.55476e+006 15.5068
405449 7.55476e+006 15.5746
405449 7.55476e+006 15.5746
405449 7.55476e+006 14.6712
405449 7.55476e+006 14.6038
405449 7.55476e+006 15.4525
405449 7.55476e+006 15.4525
405449 7.55476e+006 15.5041
405449 7.55476e+006 14.6712
405451 7.55477e+006 14.541
405451 7.55477e+006 14.6007
405451 7.55477e+006 14.6007
405451 7.55477e+006 14.6007
405451 7.55477e+006 14.541
405451 7.55477e+006 14.541
405449 7.55476e+006 14.6038
405449 7.55476e+006 14.6712
405449 7.55476e+006 14.6007
405449 7.55476e+006 14.6007
405449 7.55476e+006 14.5554
405449 7.55476e+006 14.6038
405449 7.55476e+006 15.5041
405449 7.55476e+006 15.4525
405449 7.55476e+006 15.4978
405449 7.55476e+006 15.4978
405449 7.55476e+006 15.5746
405449 7.55476e+006 15.5041
405451 7.55476e+006 11.7645
405451 7.55477e+006 12.0133
405452 7.55477e+006 11.9841
405452 7.55477e+006 11.9841
405452 7.55476e+006 11.7645
405451 7.55476e+006 11.7645
405450 7.55476e+006 11.7645
405449 7.55476e+006 12.0421
405449 7.55476e+006 12.0553
405449 7.55476e+006 12.0553
405449 7.55476e+006 11.7645
405450 7.55476e+006 11.7645
405449 7.55476e+006 11.7645
405449 7.55476e+006 12.0553
405451 7.55476e+006 12.0133
405451 7.55476e+006 12.0133
405451 7.55476e+006 11.7645
405449 7.55476e+006 11.7645
405451 7.55477e+006 12.0133
405451 7.55476e+006 11.7645
405451 7.55476e+006 11.7645
405451 7.55476e+006 11.7645
405451 7.55476e+006 12.0133
405451 7.55477e+006 12.0133
405450 7.55476e+006 14.5462
405451 7.55477e+006 14.541
405451 7.55477e+006 13.5719
405451 7.55477e+006 13.5719
405450 7.55476e+006 13.5719
405450 7.55476e+006 14.5462
405450 7.55476e+006 14.5501
405449 7.55476e+006 14.5554
405449 7.55476e+006 14.6007
405449 7.55476e+006 14.6007
405450 7.55476e+006 14.6007
405450 7.55476e+006 14.5501
405450 7.55476e+006 13.5719
405450 7.55476e+006 13.5719
405450 7.55476e+006 14.6074
405450 7.55476e+006 14.6074
405450 7.55476e+006 14.6074
405450 7.55476e+006 13.5719
405450 7.55476e+006 14.5501
405450 7.55476e+006 14.6007
405450 7.55476e+006 14.6074
405450 7.55476e+006 14.6074
405450 7.55476e+006 13.5719
405450 7.55476e+006 14.5501
405450 7.55476e+006 14.6007
405450 7.55476e+006 14.6007
405450 7.55476e+006 14.6074
405450 7.55476e+006 14.6074
405450 7.55476e+006 14.6074
405450 7.55476e+006 14.6007
405450 7.55476e+006 14.6007
405450 7.55476e+006 14.5462
405450 7.55476e+006 13.5719
405450 7.55476e+006 13.5719
405450 7.55476e+006 14.6074
405450 7.55476e+006 14.6007
405450 7.55476e+006 13.5571
405450 7.55476e+006 13.5569
405450 7.55476e+006 13.5569
405450 7.55476e+006 13.5569
405450 7.55476e+006 13.5571
405450 7.55476e+006 13.5571
405450 7.55476e+006 14.5897
405450 7.55476e+006 14.5897
405450 7.55476e+006 14.5896
405450 7.55476e+006 14.5896
405450 7.55476e+006 14.5896
405450 7.55476e+006 14.5897
405450 7.55476e+006 13.5571
405450 7.55476e+006 13.5571
405450 7.55476e+006 13.5811
405450 7.55476e+006 13.5571
405450 7.55476e+006 13.5811
405449 7.55476e+006 13.6532
405449 7.55476e+006 13.6532
405450 7.55476e+006 14.4936
405450 7.55476e+006 14.5657
405449 7.55476e+006 13.6532
405450 7.55476e+006 14.5657
405450 7.55476e+006 14.5897
405450 7.55476e+006 13.5571
405449 7.55476e+006 13.6532
405450 7.55476e+006 14.5897
405450 7.55476e+006 14.5897
405450 7.55476e+006 14.5897
405450 7.55476e+006 14.5657
405450 7.55476e+006 14.5897
405450 7.55476e+006 14.5657
405450 7.55476e+006 14.4936
405450 7.55476e+006 13.5571
405450 7.55476e+006 14.5897
405450 7.55476e+006 14.4936
405450 7.55476e+006 13.5811
405450 7.55476e+006 13.5571
405450 7.55476e+006 14.4936
405450 7.55476e+006 13.6532
405450 7.55476e+006 13.5811
405450 7.55476e+006 14.4936
405449 7.55476e+006 13.6532
405450 7.55476e+006 13.653
405450 7.55476e+006 14.4934
405450 7.55476e+006 14.4934
405450 7.55476e+006 14.4936
405449 7.55476e+006 13.6532
405450 7.55476e+006 13.5569
405450 7.55476e+006 13.5569
405450 7.55476e+006 13.581
405450 7.55476e+006 13.5569
405450 7.55476e+006 13.581
405450 7.55476e+006 13.653
405450 7.55476e+006 13.653
405450 7.55476e+006 14.4934
405450 7.55476e+006 14.5655
405450 7.55476e+006 13.653
405450 7.55476e+006 14.5655
405450 7.55476e+006 14.5896
405450 7.55476e+006 13.5569
405450 7.55476e+006 13.653
405450 7.55476e+006 14.5896
405450 7.55476e+006 14.5896
405450 7.55476e+006 14.5896
405450 7.55476e+006 14.5655
405450 7.55476e+006 14.5896
405450 7.55476e+006 14.5655
405450 7.55476e+006 14.4934
405450 7.55476e+006 13.5569
405450 7.55476e+006 14.5896
405450 7.55476e+006 14.4934
405450 7.55476e+006 13.581
405450 7.55476e+006 13.5569
405450 7.55476e+006 14.4934
405450 7.55476e+006 13.653
405450 7.55476e+006 13.581
405450 7.55476e+006 14.4934
405450 7.55476e+006 13.653
405450 7.55476e+006 13.6532
405450 7.55476e+006 14.4936
405450 7.55476e+006 14.4936
405450 7.55476e+006 14.4934
405450 7.55476e+006 13.653
405450 7.55476e+006 13.581
405450 7.55476e+006 13.5569
405450 7.55476e+006 13.5571
405450 7.55476e+006 13.5571
405450 7.55476e+006 13.5811
405450 7.55476e+006 13.581
405450 7.55476e+006 13.5811
405450 7.55476e+006 13.5571
405450 7.55476e+006 13.5569
405450 7.55476e+006 13.5569
405450 7.55476e+006 13.581
405450 7.55476e+006 13.5811
405450 7.55476e+006 14.5655
405450 7.55476e+006 14.5896
405450 7.55476e+006 14.5897
405450 7.55476e+006 14.5897
405450 7.55476e+006 14.5657
405450 7.55476e+006 14.5655
405450 7.55476e+006 14.5657
405450 7.55476e+006 14.5897
405450 7.55476e+006 14.5896
405450 7.55476e+006 14.5896
405450 7.55476e+006 14.5655
405450 7.55476e+006 14.5657
405450 7.55476e+006 13.653
405450 7.55476e+006 13.581
405450 7.55476e+006 13.5811
405450 7.55476e+006 13.5811
405450 7.55476e+006 13.6532
405450 7.55476e+006 13.653
405449 7.55476e+006 13.6532
405450 7.55476e+006 13.5811
405450 7.55476e+006 13.581
405450 7.55476e+006 13.581
405450 7.55476e+006 13.653
405449 7.55476e+006 13.6532
405450 7.55476e+006 14.4934
405450 7.55476e+006 14.5655
405450 7.55476e+006 14.5657
405450 7.55476e+006 14.5657
405450 7.55476e+006 14.4936
405450 7.55476e+006 14.4934
405450 7.55476e+006 14.4936
405450 7.55476e+006 14.5657
405450 7.55476e+006 14.5655
405450 7.55476e+006 14.5655
405450 7.55476e+006 14.4934
405450 7.55476e+006 14.4936
405448 7.55476e+006 13.5719
405450 7.55476e+006 13.5719
405450 7.55476e+006 14.6007
405450 7.55476e+006 14.6007
405449 7.55476e+006 14.6007
405448 7.55476e+006 13.5719
405449 7.55476e+006 12.0421
405450 7.55476e+006 12.0421
405450 7.55476e+006 12.4859
405450 7.55476e+006 12.4859
405449 7.55476e+006 12.4859
405449 7.55476e+006 12.0421
405449 7.55476e+006 14.6007
405449 7.55476e+006 14.6712
405451 7.55476e+006 14.6712
405451 7.55476e+006 14.6712
405452 7.55476e+006 14.6007
405449 7.55476e+006 14.6007
405450 7.55476e+006 11.7645
405450 7.55476e+006 11.7645
405450 7.55476e+006 12.0421
405450 7.55476e+006 12.0421
405449 7.55476e+006 12.0421
405450 7.55476e+006 11.7645
405449 7.55476e+006 15.5041
405451 7.55476e+006 15.5041
405451 7.55476e+006 14.6712
405451 7.55476e+006 14.6712
405449 7.55476e+006 14.6712
405449 7.55476e+006 15.5041
405452 7.55477e+006 13.4506
405453 7.55477e+006 13.4506
405453 7.55477e+006 12.4859
405453 7.55477e+006 12.4859
405452 7.55477e+006 12.4859
405452 7.55477e+006 13.4506
405453 7.55477e+006 13.4742
405453 7.55477e+006 13.4742
405453 7.55477e+006 13.4506
405453 7.55477e+006 13.4506
405452 7.55477e+006 13.4506
405453 7.55477e+006 13.4742
405450 7.55476e+006 14.3761
405450 7.55476e+006 14.3761
405450 7.55476e+006 14.3761
405450 7.55476e+006 14.3761
405450 7.55476e+006 14.3761
405450 7.55476e+006 14.3761
405450 7.55476e+006 14.2698
405450 7.55476e+006 14.2698
405450 7.55476e+006 14.3761
405450 7.55476e+006 14.3761
405450 7.55476e+006 14.3761
405450 7.55476e+006 14.2698
405450 7.55476e+006 14.2698
405450 7.55476e+006 14.2698
405450 7.55476e+006 14.3761
405450 7.55476e+006 14.3761
405450 7.55476e+006 14.3761
405450 7.55476e+006 14.2698
405450 7.55476e+006 14.2698
405450 7.55476e+006 14.2698
405450 7.55476e+006 14.3761
405450 7.55476e+006 14.3761
405450 7.55476e+006 14.3761
405450 7.55476e+006 14.2698
405450 7.55476e+006 14.2698
405450 7.55476e+006 14.2698
405450 7.55476e+006 14.3761
405450 7.55476e+006 14.3761
405450 7.55476e+006 14.3761
405450 7.55476e+006 14.2698
405450 7.55476e+006 14.2698
405450 7.55476e+006 14.2698
405450 7.55476e+006 14.2698
405450 7.55476e+006 14.2698
405450 7.55476e+006 14.2698
405450 7.55476e+006 14.2698
405450 7.55476e+006 14.2954
405450 7.55476e+006 14.2954
405450 7.55476e+006 14.3494
405450 7.55476e+006 14.3494
405450 7.55476e+006 14.3494
405450 7.55476e+006 14.2954
405450 7.55476e+006 13.8627
405450 7.55476e+006 13.8627
405450 7.55476e+006 13.8627
405450 7.55476e+006 13.8627
405450 7.55476e+006 13.8627
405450 7.55476e+006 13.8627
405450 7.55476e+006 13.7563
405450 7.55476e+006 13.7563
405450 7.55476e+006 13.8627
405450 7.55476e+006 13.8627
405450 7.55476e+006 13.8627
405450 7.55476e+006 13.7563
405450 7.55476e+006 13.7563
405450 7.55476e+006 13.7563
405450 7.55476e+006 13.8627
405450 7.55476e+006 13.8627
405450 7.55476e+006 13.8627
405450 7.55476e+006 13.7563
405450 7.55476e+006 13.7563
405450 7.55476e+006 13.7563
405450 7.55476e+006 13.8627
405450 7.55476e+006 13.8627
405450 7.55476e+006 13.8627
405450 7.55476e+006 13.7563
405450 7.55476e+006 13.7563
405450 7.55476e+006 13.7563
405450 7.55476e+006 13.8627
405450 7.55476e+006 13.8627
405450 7.55476e+006 13.8627
405450 7.55476e+006 13.7563
405450 7.55476e+006 13.7563
405450 7.55476e+006 13.7563
405450 7.55476e+006 13.7563
405450 7.55476e+006 13.7563
405450 7.55476e+006 13.7563
405450 7.55476e+006 13.7563
405449 7.55476e+006 15.508
405449 7.55476e+006 14.6007
405450 7.55476e+006 14.6007
405450 7.55476e+006 14.6007
405450 7.55476e+006 15.508
405449 7.55476e+006 15.508
405452 7.55477e+006 13.5719
405452 7.55477e+006 14.545
405452 7.55477e+006 14.545
405452 7.55477e+006 14.545
405453 7.55477e+006 13.5719
405452 7.55477e+006 13.5719
405449 7.55476e+006 15.5746
405449 7.55476e+006 15.508
405450 7.55476e+006 15.508
405450 7.55476e+006 15.508
405450 7.55476e+006 15.5746
405449 7.55476e+006 15.5746
405451 7.55476e+006 13.5352
405451 7.55476e+006 13.4873
405454 7.55476e+006 13.4873
405454 7.55476e+006 13.4873
405454 7.55476e+006 13.5352
405451 7.55476e+006 13.5352
405454 7.55477e+006 13.5352
405454 7.55477e+006 13.4873
405453 7.55477e+006 13.4873
405453 7.55477e+006 13.4873
405453 7.55477e+006 13.5352
405454 7.55477e+006 13.5352
405451 7.55476e+006 13.5719
405452 7.55476e+006 13.5719
405452 7.55476e+006 14.5501
405451 7.55476e+006 13.5719
405452 7.55476e+006 14.5501
405452 7.55476e+006 14.5554
405451 7.55476e+006 13.5719
405452 7.55476e+006 14.5554
405452 7.55476e+006 14.6038
405451 7.55476e+006 13.5719
405452 7.55476e+006 14.6038
405451 7.55476e+006 14.6007
405453 7.55476e+006 12.4859
405454 7.55476e+006 13.4506
405451 7.55476e+006 13.4506
405451 7.55476e+006 13.4506
405451 7.55476e+006 12.4859
405453 7.55476e+006 12.4859
405451 7.55476e+006 12.4859
405451 7.55476e+006 13.4506
405450 7.55476e+006 13.4506
405450 7.55476e+006 13.4506
405450 7.55476e+006 12.4859
405451 7.55476e+006 12.4859
405453 7.55477e+006 14.541
405454 7.55477e+006 13.5719
405453 7.55477e+006 13.5719
405453 7.55477e+006 13.5719
405452 7.55477e+006 14.545
405453 7.55477e+006 14.541
405451 7.55476e+006 13.5352
405450 7.55476e+006 13.5352
405450 7.55476e+006 13.4873
405450 7.55476e+006 13.4873
405451 7.55476e+006 13.4873
405451 7.55476e+006 13.5352
405451 7.55476e+006 14.6007
405450 7.55476e+006 14.6007
405450 7.55476e+006 13.5719
405450 7.55476e+006 13.5719
405451 7.55476e+006 13.5719
405451 7.55476e+006 14.6007
405453 7.55477e+006 12.4859
405453 7.55477e+006 12.4859
405453 7.55477e+006 13.4506
405453 7.55477e+006 13.4506
405454 7.55477e+006 13.4506
405453 7.55477e+006 12.4859
405450 7.55476e+006 12.4859
405450 7.55476e+006 13.4506
405448 7.55476e+006 13.4506
405448 7.55476e+006 13.4506
405449 7.55476e+006 12.4859
405450 7.55476e+006 12.4859
405451 7.55476e+006 14.6007
405451 7.55476e+006 15.5068
405450 7.55476e+006 15.508
405450 7.55476e+006 15.508
405450 7.55476e+006 14.6007
405451 7.55476e+006 14.6007
405451 7.55476e+006 15.4525
405451 7.55476e+006 15.4978
405451 7.55476e+006 15.5068
405452 7.55476e+006 14.6038
405451 7.55476e+006 15.4525
405451 7.55476e+006 15.5068
405452 7.55476e+006 14.6038
405451 7.55476e+006 15.5068
405451 7.55476e+006 14.6007
405451 7.55476e+006 13.5719
405451 7.55476e+006 13.5483
405454 7.55476e+006 13.5483
405454 7.55476e+006 13.5483
405454 7.55476e+006 13.5719
405453 7.55476e+006 13.5719
405451 7.55476e+006 13.5719
405454 7.55476e+006 13.5483
405453 7.55476e+006 13.5719
405451 7.55476e+006 13.5719
405453 7.55476e+006 13.5719
405452 7.55476e+006 13.5719
405454 7.55477e+006 13.5719
405454 7.55477e+006 13.5483
405453 7.55477e+006 13.5483
405453 7.55477e+006 13.5483
405453 7.55477e+006 13.5719
405454 7.55477e+006 13.5719
405450 7.55476e+006 13.5719
405450 7.55476e+006 13.5483
405451 7.55476e+006 13.5483
405451 7.55476e+006 13.5483
405451 7.55476e+006 13.5719
405450 7.55476e+006 13.5719
405454 7.55476e+006 13.4506
405454 7.55476e+006 13.4742
405451 7.55476e+006 13.4742
405451 7.55476e+006 13.4742
405451 7.55476e+006 13.4506
405454 7.55476e+006 13.4506
405451 7.55476e+006 13.4506
405451 7.55476e+006 13.4742
405450 7.55476e+006 13.4742
405450 7.55476e+006 13.4742
405450 7.55476e+006 13.4506
405451 7.55476e+006 13.4506
405453 7.55477e+006 13.4506
405453 7.55477e+006 13.4742
405454 7.55477e+006 13.4742
405454 7.55477e+006 13.4742
405454 7.55477e+006 13.4506
405453 7.55477e+006 13.4506
405453 7.55477e+006 12.4859
405453 7.55476e+006 12.0133
405452 7.55477e+006 11.9841
405452 7.55477e+006 11.9841
405453 7.55477e+006 12.4859
405453 7.55477e+006 12.4859
405450 7.55476e+006 12.4859
405450 7.55476e+006 12.0421
405451 7.55476e+006 12.0553
405451 7.55476e+006 12.0553
405451 7.55476e+006 12.4859
405450 7.55476e+006 12.4859
405451 7.55476e+006 12.4859
405451 7.55476e+006 12.0553
405453 7.55476e+006 12.0133
405453 7.55476e+006 12.0133
405453 7.55476e+006 12.4859
405451 7.55476e+006 12.4859
405453 7.55476e+006 14.541
405454 7.55476e+006 13.5719
405454 7.55477e+006 13.5719
405454 7.55477e+006 13.5719
405453 7.55477e+006 14.541
405453 7.55476e+006 14.541
405454 7.55476e+006 13.5352
405454 7.55476e+006 13.4873
405454 7.55477e+006 13.4873
405454 7.55477e+006 13.4873
405454 7.55477e+006 13.5352
405454 7.55476e+006 13.5352
405454 7.55476e+006 13.4506
405453 7.55476e+006 12.4859
405453 7.55477e+006 12.4859
405453 7.55477e+006 12.4859
405454 7.55477e+006 13.4506
405454 7.55476e+006 13.4506
405454 7.55476e+006 13.5719
405454 7.55476e+006 13.5483
405454 7.55477e+006 13.5483
405454 7.55477e+006 13.5483
405454 7.55477e+006 13.5719
405454 7.55476e+006 13.5719
405454 7.55477e+006 13.4506
405454 7.55477e+006 13.4742
405454 7.55476e+006 13.4742
405454 7.55476e+006 13.4742
405454 7.55476e+006 13.4506
405454 7.55477e+006 13.4506
405453 7.55476e+006 12.4859
405453 7.55476e+006 12.0133
405453 7.55476e+006 12.0133
405453 7.55476e+006 12.0133
405453 7.55477e+006 12.4859
405453 7.55476e+006 12.4859
405453 7.55477e+006 13.5483
405453 7.55477e+006 13.5483
405452 7.55477e+006 13.5719
405452 7.55477e+006 13.5719
405453 7.55477e+006 13.5719
405453 7.55477e+006 13.5483
405453 7.55476e+006 14.6007
405452 7.55476e+006 14.6007
405452 7.55476e+006 14.5462
405452 7.55476e+006 14.5462
405453 7.55476e+006 14.541
405453 7.55476e+006 14.6007
405452 7.55477e+006 14.6007
405453 7.55477e+006 14.6007
405453 7.55477e+006 14.541
405453 7.55477e+006 14.541
405452 7.55477e+006 14.545
405452 7.55477e+006 14.6007
405451 7.55476e+006 15.5746
405450 7.55476e+006 15.5746
405450 7.55476e+006 15.508
405450 7.55476e+006 15.508
405451 7.55476e+006 15.5068
405451 7.55476e+006 15.5746
405451 7.55476e+006 15.5746
405451 7.55476e+006 15.5746
405451 7.55476e+006 15.5068
405451 7.55476e+006 15.5068
405451 7.55476e+006 15.4978
405451 7.55476e+006 15.5746
405451 7.55476e+006 14.6712
405451 7.55476e+006 15.5041
405451 7.55476e+006 15.4525
405451 7.55476e+006 15.4525
405452 7.55476e+006 14.6038
405451 7.55476e+006 14.6712
405453 7.55476e+006 14.541
405453 7.55477e+006 14.541
405453 7.55477e+006 14.6007
405453 7.55477e+006 14.6007
405453 7.55476e+006 14.6007
405453 7.55476e+006 14.541
405452 7.55476e+006 14.6038
405452 7.55476e+006 14.5554
405452 7.55476e+006 14.6007
405452 7.55476e+006 14.6007
405451 7.55476e+006 14.6712
405452 7.55476e+006 14.6038
405451 7.55476e+006 15.5041
405451 7.55476e+006 15.5746
405451 7.55476e+006 15.4978
405451 7.55476e+006 15.4978
405451 7.55476e+006 15.4525
405451 7.55476e+006 15.5041
405452 7.55476e+006 11.7645
405452 7.55476e+006 11.7645
405452 7.55477e+006 11.9841
405452 7.55477e+006 11.9841
405453 7.55476e+006 12.0133
405452 7.55476e+006 11.7645
405450 7.55476e+006 11.7645
405451 7.55476e+006 11.7645
405451 7.55476e+006 12.0553
405451 7.55476e+006 12.0553
405450 7.55476e+006 12.0421
405450 7.55476e+006 11.7645
405451 7.55476e+006 11.7645
405452 7.55476e+006 11.7645
405453 7.55476e+006 12.0133
405453 7.55476e+006 12.0133
405451 7.55476e+006 12.0553
405451 7.55476e+006 11.7645
405453 7.55476e+006 12.0133
405453 7.55476e+006 12.0133
405452 7.55476e+006 11.7645
405452 7.55476e+006 11.7645
405452 7.55476e+006 11.7645
405453 7.55476e+006 12.0133
405452 7.55476e+006 14.5462
405453 7.55476e+006 13.5719
405454 7.55476e+006 13.5719
405454 7.55476e+006 13.5719
405453 7.55476e+006 14.541
405452 7.55476e+006 14.5462
405452 7.55476e+006 14.5501
405452 7.55476e+006 14.6007
405452 7.55476e+006 14.6007
405452 7.55476e+006 14.6007
405452 7.55476e+006 14.5554
405452 7.55476e+006 14.5501
405453 7.55476e+006 13.5719
405453 7.55476e+006 14.6074
405452 7.55476e+006 14.6074
405452 7.55476e+006 14.6074
405452 7.55476e+006 13.5719
405453 7.55476e+006 13.5719
405452 7.55476e+006 14.5501
405452 7.55476e+006 13.5719
405452 7.55476e+006 14.6074
405452 7.55476e+006 14.6074
405452 7.55476e+006 14.6007
405452 7.55476e+006 14.5501
405452 7.55476e+006 14.6007
405452 7.55476e+006 14.6074
405453 7.55476e+006 14.6074
405453 7.55476e+006 14.6074
405452 7.55476e+006 14.6007
405452 7.55476e+006 14.6007
405452 7.55476e+006 14.6007
405453 7.55476e+006 14.6074
405453 7.55476e+006 13.5719
405453 7.55476e+006 13.5719
405452 7.55476e+006 14.5462
405452 7.55476e+006 14.6007
405453 7.55476e+006 13.5571
405452 7.55476e+006 13.5571
405452 7.55476e+006 13.5569
405452 7.55476e+006 13.5569
405453 7.55476e+006 13.5569
405453 7.55476e+006 13.5571
405453 7.55476e+006 14.5897
405453 7.55476e+006 14.5896
405452 7.55476e+006 14.5896
405452 7.55476e+006 14.5896
405452 7.55476e+006 14.5897
405453 7.55476e+006 14.5897
405453 7.55476e+006 14.5657
405453 7.55476e+006 14.5897
405452 7.55476e+006 14.5897
405453 7.55476e+006 14.4936
405453 7.55476e+006 14.5657
405452 7.55476e+006 14.5897
405452 7.55476e+006 14.5657
405452 7.55476e+006 14.4936
405452 7.55476e+006 13.6532
405452 7.55476e+006 14.5897
405452 7.55476e+006 14.5657
405452 7.55476e+006 13.6532
405452 7.55476e+006 13.5811
405452 7.55476e+006 13.5571
405453 7.55476e+006 13.5571
405452 7.55476e+006 13.6532
405452 7.55476e+006 13.5811
405453 7.55476e+006 13.5571
405452 7.55476e+006 14.5897
405452 7.55476e+006 13.6532
405453 7.55476e+006 13.5571
405453 7.55476e+006 14.4936
405452 7.55476e+006 14.5897
405453 7.55476e+006 13.5571
405453 7.55476e+006 14.4936
405453 7.55476e+006 13.5571
405453 7.55476e+006 13.5811
405453 7.55476e+006 13.6532
405453 7.55476e+006 14.4936
405453 7.55476e+006 13.5811
405452 7.55476e+006 13.6532
405452 7.55476e+006 14.4936
405452 7.55476e+006 14.4934
405452 7.55476e+006 14.4934
405452 7.55476e+006 13.653
405452 7.55476e+006 13.6532
405452 7.55476e+006 14.5655
405452 7.55476e+006 14.5896
405453 7.55476e+006 14.5896
405452 7.55476e+006 14.4934
405452 7.55476e+006 14.5655
405453 7.55476e+006 14.5896
405453 7.55476e+006 14.5655
405453 7.55476e+006 14.4934
405453 7.55476e+006 13.653
405453 7.55476e+006 14.5896
405453 7.55476e+006 14.5655
405453 7.55476e+006 13.653
405453 7.55476e+006 13.581
405453 7.55476e+006 13.5569
405452 7.55476e+006 13.5569
405453 7.55476e+006 13.653
405453 7.55476e+006 13.581
405452 7.55476e+006 13.5569
405453 7.55476e+006 14.5896
405453 7.55476e+006 13.653
405452 7.55476e+006 13.5569
405452 7.55476e+006 14.4934
405453 7.55476e+006 14.5896
405452 7.55476e+006 13.5569
405452 7.55476e+006 14.4934
405452 7.55476e+006 13.5569
405452 7.55476e+006 13.581
405452 7.55476e+006 13.653
405452 7.55476e+006 14.4934
405452 7.55476e+006 13.581
405453 7.55476e+006 13.653
405453 7.55476e+006 14.4934
405453 7.55476e+006 14.4936
405453 7.55476e+006 14.4936
405453 7.55476e+006 13.6532
405453 7.55476e+006 13.653
405453 7.55476e+006 13.581
405453 7.55476e+006 13.5811
405453 7.55476e+006 13.5571
405453 7.55476e+006 13.5571
405453 7.55476e+006 13.5569
405453 7.55476e+006 13.581
405452 7.55476e+006 13.5811
405452 7.55476e+006 13.581
405452 7.55476e+006 13.5569
405452 7.55476e+006 13.5569
405452 7.55476e+006 13.5571
405452 7.55476e+006 13.5811
405452 7.55476e+006 14.5655
405452 7.55476e+006 14.5657
405452 7.55476e+006 14.5897
405452 7.55476e+006 14.5897
405452 7.55476e+006 14.5896
405452 7.55476e+006 14.5655
405453 7.55476e+006 14.5657
405453 7.55476e+006 14.5655
405453 7.55476e+006 14.5896
405453 7.55476e+006 14.5896
405453 7.55476e+006 14.5897
405453 7.55476e+006 14.5657
405453 7.55476e+006 13.653
405453 7.55476e+006 13.6532
405453 7.55476e+006 13.5811
405453 7.55476e+006 13.5811
405453 7.55476e+006 13.581
405453 7.55476e+006 13.653
405452 7.55476e+006 13.6532
405452 7.55476e+006 13.653
405452 7.55476e+006 13.581
405452 7.55476e+006 13.581
405452 7.55476e+006 13.5811
405452 7.55476e+006 13.6532
405452 7.55476e+006 14.4934
405452 7.55476e+006 14.4936
405452 7.55476e+006 14.5657
405452 7.55476e+006 14.5657
405452 7.55476e+006 14.5655
405452 7.55476e+006 14.4934
405453 7.55476e+006 14.4936
405453 7.55476e+006 14.4934
405453 7.55476e+006 14.5655
405453 7.55476e+006 14.5655
405453 7.55476e+006 14.5657
405453 7.55476e+006 14.4936
405452 7.55477e+006 14.6007
405451 7.55477e+006 14.6007
405451 7.55477e+006 14.6007
405450 7.55476e+006 14.6007
405450 7.55476e+006 14.6007
405449 7.55476e+006 14.6007
405451 7.55477e+006 14.6007
405450 7.55476e+006 14.6007
405449 7.55476e+006 14.6007
405452 7.55477e+006 14.6007
405451 7.55477e+006 14.6007
405449 7.55476e+006 14.6007
405452 7.55477e+006 14.6007
405452 7.55477e+006 14.6007
405449 7.55476e+006 14.6007
405449 7.55476e+006 14.6007
405452 7.55476e+006 14.6007
405452 7.55476e+006 14.6007
405449 7.55476e+006 14.6007
405452 7.55476e+006 14.6007
405452 7.55476e+006 14.6007
405449 7.55476e+006 14.6007
405452 7.55476e+006 14.6007
405453 7.55476e+006 14.6007
405452 7.55477e+006 14.6007
405449 7.55476e+006 14.6007
405453 7.55476e+006 14.6007
405452 7.55477e+006 14.6007
405453 7.55476e+006 14.6007
405453 7.55477e+006 14.6007
405451 7.55476e+006 15.5041
405449 7.55476e+006 15.5041
405449 7.55476e+006 15.5746
405449 7.55476e+006 15.5746
405451 7.55476e+006 15.5746
405451 7.55476e+006 15.5041
405452 7.55476e+006 11.7645
405452 7.55476e+006 11.7645
405452 7.55477e+006 11.9841
405452 7.55477e+006 11.9841
405452 7.55477e+006 11.9841
405452 7.55476e+006 11.7645
405448 7.55476e+006 13.5352
405448 7.55476e+006 13.4873
405450 7.55476e+006 13.4873
405450 7.55476e+006 13.4873
405450 7.55476e+006 13.5352
405448 7.55476e+006 13.5352
405450 7.55476e+006 13.5719
405448 7.55476e+006 13.5719
405448 7.55476e+006 13.5483
405448 7.55476e+006 13.5483
405450 7.55476e+006 13.5483
405450 7.55476e+006 13.5719
405452 7.55476e+006 14.3761
405452 7.55476e+006 14.3761
405452 7.55476e+006 14.3761
405452 7.55476e+006 14.3761
405452 7.55476e+006 14.3761
405452 7.55476e+006 14.3761
405452 7.55476e+006 14.2698
405452 7.55476e+006 14.3761
405452 7.55476e+006 14.3761
405452 7.55476e+006 14.3761
405452 7.55476e+006 14.2698
405452 7.55476e+006 14.2698
405452 7.55476e+006 14.2698
405452 7.55476e+006 14.3761
405452 7.55476e+006 14.3761
405452 7.55476e+006 14.3761
405452 7.55476e+006 14.2698
405452 7.55476e+006 14.2698
405452 7.55476e+006 14.2698
405452 7.55476e+006 14.3761
405452 7.55476e+006 14.3761
405452 7.55476e+006 14.3761
405452 7.55476e+006 14.2698
405452 7.55476e+006 14.2698
405452 7.55476e+006 14.2698
405452 7.55476e+006 14.3761
405452 7.55476e+006 14.3761
405452 7.55476e+006 14.3761
405452 7.55476e+006 14.2698
405452 7.55476e+006 14.2698
405452 7.55476e+006 14.2698
405452 7.55476e+006 14.2698
405452 7.55476e+006 14.2698
405452 7.55476e+006 14.2698
405452 7.55476e+006 14.2698
405452 7.55476e+006 14.2698
405452 7.55476e+006 14.2954
405452 7.55476e+006 14.3494
405452 7.55476e+006 14.3494
405452 7.55476e+006 14.3494
405452 7.55476e+006 14.2954
405452 7.55476e+006 14.2954
405452 7.55476e+006 13.8627
405452 7.55476e+006 13.8627
405452 7.55476e+006 13.8627
405452 7.55476e+006 13.8627
405452 7.55476e+006 13.8627
405452 7.55476e+006 13.8627
405452 7.55476e+006 13.7563
405452 7.55476e+006 13.8627
405452 7.55476e+006 13.8627
405452 7.55476e+006 13.8627
405452 7.55476e+006 13.7563
405452 7.55476e+006 13.7563
405452 7.55476e+006 13.7563
405452 7.55476e+006 13.8627
405452 7.55476e+006 13.8627
405452 7.55476e+006 13.8627
405452 7.55476e+006 13.7563
405452 7.55476e+006 13.7563
405452 7.55476e+006 13.7563
405452 7.55476e+006 13.8627
405452 7.55476e+006 13.8627
405452 7.55476e+006 13.8627
405452 7.55476e+006 13.7563
405452 7.55476e+006 13.7563
405452 7.55476e+006 13.7563
405452 7.55476e+006 13.8627
405452 7.55476e+006 13.8627
405452 7.55476e+006 13.8627
405452 7.55476e+006 13.7563
405452 7.55476e+006 13.7563
405452 7.55476e+006 13.7563
405452 7.55476e+006 13.7563
405452 7.55476e+006 13.7563
405452 7.55476e+006 13.7563
405452 7.55476e+006 13.7563
405452 7.55476e+006 13.7563
405449 7.55476e+006 15.5746
405449 7.55476e+006 15.5746
405449 7.55476e+006 15.5746
405449 7.55476e+006 15.5746
405450 7.55476e+006 15.5746
405451 7.55476e+006 15.5746
405449 7.55476e+006 15.5746
405451 7.55476e+006 15.5746
405451 7.55476e+006 15.5746
405449 7.55476e+006 15.5746
405449 7.55476e+006 15.5746
405451 7.55476e+006 15.5746
405448 7.55476e+006 13.4742
405448 7.55476e+006 13.4506
405450 7.55476e+006 13.4506
405450 7.55476e+006 13.4506
405450 7.55476e+006 13.4742
405448 7.55476e+006 13.4742
405453 7.55477e+006 13.5352
405453 7.55477e+006 13.5352
405453 7.55477e+006 13.4873
405453 7.55477e+006 13.4873
405453 7.55477e+006 13.4873
405453 7.55477e+006 13.5352
405452 7.55477e+006 11.9841
405452 7.55477e+006 12.4859
405453 7.55477e+006 12.4859
405453 7.55477e+006 12.4859
405452 7.55477e+006 11.9841
405452 7.55477e+006 11.9841
405452 7.55477e+006 14.6007
405452 7.55477e+006 14.6007
405452 7.55477e+006 14.545
405452 7.55477e+006 14.545
405452 7.55477e+006 14.545
405452 7.55477e+006 14.6007
405448 7.55476e+006 13.5483
405451 7.55477e+006 13.5483
405451 7.55477e+006 13.5352
405451 7.55477e+006 13.5352
405448 7.55476e+006 13.5352
405448 7.55476e+006 13.5483
405451 7.55477e+006 13.5483
405451 7.55477e+006 13.5483
405451 7.55477e+006 13.5352
405451 7.55477e+006 13.5352
405451 7.55477e+006 13.5352
405451 7.55477e+006 13.5483
405451 7.55477e+006 13.5483
405453 7.55477e+006 13.5483
405453 7.55477e+006 13.5352
405453 7.55477e+006 13.5352
405451 7.55477e+006 13.5352
405451 7.55477e+006 13.5483
405453 7.55477e+006 13.5483
405453 7.55477e+006 13.5483
405453 7.55477e+006 13.5352
405453 7.55477e+006 13.5352
405453 7.55477e+006 13.5352
405453 7.55477e+006 13.5483
405453 7.55477e+006 13.5483
405454 7.55477e+006 13.5483
405454 7.55477e+006 13.5352
405454 7.55477e+006 13.5352
405453 7.55477e+006 13.5352
405453 7.55477e+006 13.5483
405454 7.55477e+006 13.5483
405454 7.55476e+006 13.5483
405454 7.55476e+006 13.5352
405454 7.55476e+006 13.5352
405454 7.55477e+006 13.5352
405454 7.55477e+006 13.5483
405454 7.55476e+006 13.5483
405451 7.55476e+006 13.5483
405451 7.55476e+006 13.5352
405451 7.55476e+006 13.5352
405454 7.55476e+006 13.5352
405454 7.55476e+006 13.5483
405451 7.55476e+006 13.5483
405450 7.55476e+006 13.5483
405450 7.55476e+006 13.5352
405450 7.55476e+006 13.5352
405451 7.55476e+006 13.5352
405451 7.55476e+006 13.5483
405450 7.55476e+006 13.5483
405448 7.55476e+006 13.5483
405448 7.55476e+006 13.5352
405448 7.55476e+006 13.5352
405450 7.55476e+006 13.5352
405450 7.55476e+006 13.5483
405448 7.55476e+006 13.5483
405448 7.55476e+006 13.5483
405448 7.55476e+006 13.5352
405448 7.55476e+006 13.5352
405448 7.55476e+006 13.5352
405448 7.55476e+006 13.5483
405451 7.55477e+006 13.4742
405448 7.55476e+006 13.4742
405448 7.55476e+006 13.4873
405448 7.55476e+006 13.4873
405451 7.55477e+006 13.4873
405451 7.55477e+006 13.4742
405448 7.55476e+006 13.4742
405448 7.55476e+006 13.4742
405448 7.55476e+006 13.4873
405448 7.55476e+006 13.4873
405448 7.55476e+006 13.4873
405448 7.55476e+006 13.4742
405448 7.55476e+006 13.4742
405450 7.55476e+006 13.4742
405450 7.55476e+006 13.4873
405450 7.55476e+006 13.4873
405448 7.55476e+006 13.4873
405448 7.55476e+006 13.4742
405450 7.55476e+006 13.4742
405451 7.55476e+006 13.4742
405451 7.55476e+006 13.4873
405451 7.55476e+006 13.4873
405450 7.55476e+006 13.4873
405450 7.55476e+006 13.4742
405451 7.55476e+006 13.4742
405454 7.55476e+006 13.4742
405454 7.55476e+006 13.4873
405454 7.55476e+006 13.4873
405451 7.55476e+006 13.4873
405451 7.55476e+006 13.4742
405454 7.55476e+006 13.4742
405454 7.55477e+006 13.4742
405454 7.55477e+006 13.4873
405454 7.55477e+006 13.4873
405454 7.55476e+006 13.4873
405454 7.55476e+006 13.4742
405454 7.55477e+006 13.4742
405453 7.55477e+006 13.4742
405453 7.55477e+006 13.4873
405453 7.55477e+006 13.4873
405454 7.55477e+006 13.4873
405454 7.55477e+006 13.4742
405453 7.55477e+006 13.4742
405453 7.55477e+006 13.4742
405453 7.55477e+006 13.4873
405453 7.55477e+006 13.4873
405453 7.55477e+006 13.4873
405453 7.55477e+006 13.4742
405453 7.55477e+006 13.4742
405451 7.55477e+006 13.4742
405451 7.55477e+006 13.4873
405451 7.55477e+006 13.4873
405453 7.55477e+006 13.4873
405453 7.55477e+006 13.4742
405451 7.55477e+006 13.4742
405451 7.55477e+006 13.4742
405451 7.55477e+006 13.4873
405451 7.55477e+006 13.4873
405451 7.55477e+006 13.4873
405451 7.55477e+006 13.4742
405452 7.55476e+006 13.836
405452 7.55476e+006 13.836
405452 7.55476e+006 13.782
405452 7.55476e+006 13.782
405452 7.55476e+006 13.782
405452 7.55476e+006 13.836
405450 7.55476e+006 13.7805
405450 7.55476e+006 13.7805
405450 7.55476e+006 13.8345
405450 7.55476e+006 13.8345
405450 7.55476e+006 13.8345
405450 7.55476e+006 13.7805
