400316 7.55245e+006 20.7896
400316 7.55245e+006 20.7896
400316 7.55245e+006 20.6015
400316 7.55245e+006 20.6015
400316 7.55245e+006 20.6015
400316 7.55245e+006 20.7896
400316 7.55245e+006 20.7896
400316 7.55245e+006 20.7896
400316 7.55245e+006 20.7896
400316 7.55245e+006 20.7896
400316 7.55245e+006 20.7896
400316 7.55245e+006 20.7896
400316 7.55245e+006 20.6015
400316 7.55245e+006 20.6015
400316 7.55245e+006 20.7896
400316 7.55245e+006 20.7896
400316 7.55245e+006 20.7896
400316 7.55245e+006 20.6015
400316 7.55245e+006 20.4134
400316 7.55245e+006 20.4134
400316 7.55245e+006 20.6015
400316 7.55245e+006 20.6015
400316 7.55245e+006 20.6015
400316 7.55245e+006 20.4134
400316 7.55245e+006 20.4134
400316 7.55245e+006 20.4134
400316 7.55245e+006 20.4134
400316 7.55245e+006 20.4134
400316 7.55245e+006 20.4134
400316 7.55245e+006 20.4134
400316 7.55245e+006 20.6015
400316 7.55245e+006 20.6015
400316 7.55245e+006 20.4134
400316 7.55245e+006 20.4134
400316 7.55245e+006 20.4134
400316 7.55245e+006 20.6015
400316 7.55246e+006 20.7896
400316 7.55245e+006 20.7896
400316 7.55245e+006 20.6015
400316 7.55245e+006 20.6015
400316 7.55246e+006 20.6015
400316 7.55246e+006 20.7896
400315 7.55245e+006 20.7896
400316 7.55245e+006 20.7896
400316 7.55245e+006 20.7896
400316 7.55245e+006 20.7896
400316 7.55246e+006 20.7896
400315 7.55245e+006 20.7896
400315 7.55245e+006 20.6015
400316 7.55245e+006 20.6015
400316 7.55245e+006 20.7896
400316 7.55245e+006 20.7896
400315 7.55245e+006 20.7896
400315 7.55245e+006 20.6015
400315 7.55245e+006 20.4134
400316 7.55245e+006 20.4134
400316 7.55245e+006 20.6015
400316 7.55245e+006 20.6015
400315 7.55245e+006 20.6015
400315 7.55245e+006 20.4134
400316 7.55246e+006 20.4134
400316 7.55245e+006 20.4134
400316 7.55245e+006 20.4134
400316 7.55245e+006 20.4134
400315 7.55245e+006 20.4134
400316 7.55246e+006 20.4134
400316 7.55246e+006 20.6015
400316 7.55245e+006 20.6015
400316 7.55245e+006 20.4134
400316 7.55245e+006 20.4134
400316 7.55246e+006 20.4134
400316 7.55246e+006 20.6015
400315 7.55246e+006 20.7896
400316 7.55246e+006 20.7896
400316 7.55246e+006 20.6015
400316 7.55246e+006 20.6015
400315 7.55246e+006 20.6015
400315 7.55246e+006 20.7896
400315 7.55246e+006 20.7896
400315 7.55245e+006 20.7896
400316 7.55246e+006 20.7896
400316 7.55246e+006 20.7896
400315 7.55246e+006 20.7896
400315 7.55246e+006 20.7896
400315 7.55246e+006 20.6015
400315 7.55245e+006 20.6015
400315 7.55245e+006 20.7896
400315 7.55245e+006 20.7896
400315 7.55246e+006 20.7896
400315 7.55246e+006 20.6015
400315 7.55246e+006 20.4134
400315 7.55245e+006 20.4134
400315 7.55245e+006 20.6015
400315 7.55245e+006 20.6015
400315 7.55246e+006 20.6015
400315 7.55246e+006 20.4134
400315 7.55246e+006 20.4134
400316 7.55246e+006 20.4134
400315 7.55245e+006 20.4134
400315 7.55245e+006 20.4134
400315 7.55246e+006 20.4134
400315 7.55246e+006 20.4134
400315 7.55246e+006 20.6015
400316 7.55246e+006 20.6015
400316 7.55246e+006 20.4134
400316 7.55246e+006 20.4134
400315 7.55246e+006 20.4134
400315 7.55246e+006 20.6015
400314 7.55246e+006 20.7896
400315 7.55246e+006 20.7896
400315 7.55246e+006 20.6015
400315 7.55246e+006 20.6015
400314 7.55246e+006 20.6015
400314 7.55246e+006 20.7896
400314 7.55246e+006 20.7896
400315 7.55246e+006 20.7896
400315 7.55246e+006 20.7896
400315 7.55246e+006 20.7896
400314 7.55246e+006 20.7896
400314 7.55246e+006 20.7896
400314 7.55246e+006 20.6015
400315 7.55246e+006 20.6015
400315 7.55246e+006 20.7896
400315 7.55246e+006 20.7896
400314 7.55246e+006 20.7896
400314 7.55246e+006 20.6015
400314 7.55246e+006 20.4134
400315 7.55246e+006 20.4134
400315 7.55246e+006 20.6015
400315 7.55246e+006 20.6015
400314 7.55246e+006 20.6015
400314 7.55246e+006 20.4134
400314 7.55246e+006 20.4134
400315 7.55246e+006 20.4134
400315 7.55246e+006 20.4134
400315 7.55246e+006 20.4134
400314 7.55246e+006 20.4134
400314 7.55246e+006 20.4134
400314 7.55246e+006 20.6015
400315 7.55246e+006 20.6015
400315 7.55246e+006 20.4134
400315 7.55246e+006 20.4134
400314 7.55246e+006 20.4134
400314 7.55246e+006 20.6015
400313 7.55246e+006 20.7896
400314 7.55246e+006 20.7896
400314 7.55246e+006 20.6015
400314 7.55246e+006 20.6015
400313 7.55246e+006 20.6015
400313 7.55246e+006 20.7896
400313 7.55246e+006 20.7896
400314 7.55246e+006 20.7896
400314 7.55246e+006 20.7896
400314 7.55246e+006 20.7896
400313 7.55246e+006 20.7896
400313 7.55246e+006 20.7896
400312 7.55246e+006 20.6015
400314 7.55246e+006 20.6015
400314 7.55246e+006 20.7896
400314 7.55246e+006 20.7896
400313 7.55246e+006 20.7896
400312 7.55246e+006 20.6015
400313 7.55246e+006 20.4134
400314 7.55246e+006 20.4134
400314 7.55246e+006 20.6015
400314 7.55246e+006 20.6015
400312 7.55246e+006 20.6015
400313 7.55246e+006 20.4134
400313 7.55246e+006 20.4134
400314 7.55246e+006 20.4134
400314 7.55246e+006 20.4134
400314 7.55246e+006 20.4134
400313 7.55246e+006 20.4134
400313 7.55246e+006 20.4134
400313 7.55246e+006 20.6015
400314 7.55246e+006 20.6015
400314 7.55246e+006 20.4134
400314 7.55246e+006 20.4134
400313 7.55246e+006 20.4134
400313 7.55246e+006 20.6015
400311 7.55246e+006 20.7896
400313 7.55246e+006 20.7896
400313 7.55246e+006 20.6015
400313 7.55246e+006 20.6015
400311 7.55246e+006 20.6015
400311 7.55246e+006 20.7896
400311 7.55246e+006 20.7896
400313 7.55246e+006 20.7896
400313 7.55246e+006 20.7896
400313 7.55246e+006 20.7896
400311 7.55246e+006 20.7896
400311 7.55246e+006 20.7896
400311 7.55246e+006 20.6015
400312 7.55246e+006 20.6015
400313 7.55246e+006 20.7896
400313 7.55246e+006 20.7896
400311 7.55246e+006 20.7896
400311 7.55246e+006 20.6015
400311 7.55246e+006 20.4134
400313 7.55246e+006 20.4134
400312 7.55246e+006 20.6015
400312 7.55246e+006 20.6015
400311 7.55246e+006 20.6015
400311 7.55246e+006 20.4134
400311 7.55246e+006 20.4134
400313 7.55246e+006 20.4134
400313 7.55246e+006 20.4134
400313 7.55246e+006 20.4134
400311 7.55246e+006 20.4134
400311 7.55246e+006 20.4134
400311 7.55246e+006 20.6015
400313 7.55246e+006 20.6015
400313 7.55246e+006 20.4134
400313 7.55246e+006 20.4134
400311 7.55246e+006 20.4134
400311 7.55246e+006 20.6015
400310 7.55246e+006 20.7896
400311 7.55246e+006 20.7896
400311 7.55246e+006 20.6015
400311 7.55246e+006 20.6015
400310 7.55246e+006 20.6015
400310 7.55246e+006 20.7896
400310 7.55246e+006 20.7896
400311 7.55246e+006 20.7896
400311 7.55246e+006 20.7896
400311 7.55246e+006 20.7896
400310 7.55246e+006 20.7896
400310 7.55246e+006 20.7896
400310 7.55246e+006 20.6015
400311 7.55246e+006 20.6015
400311 7.55246e+006 20.7896
400311 7.55246e+006 20.7896
400310 7.55246e+006 20.7896
400310 7.55246e+006 20.6015
400310 7.55246e+006 20.4134
400311 7.55246e+006 20.4134
400311 7.55246e+006 20.6015
400311 7.55246e+006 20.6015
400310 7.55246e+006 20.6015
400310 7.55246e+006 20.4134
400310 7.55246e+006 20.4134
400311 7.55246e+006 20.4134
400311 7.55246e+006 20.4134
400311 7.55246e+006 20.4134
400310 7.55246e+006 20.4134
400310 7.55246e+006 20.4134
400310 7.55246e+006 20.6015
400311 7.55246e+006 20.6015
400311 7.55246e+006 20.4134
400311 7.55246e+006 20.4134
400310 7.55246e+006 20.4134
400310 7.55246e+006 20.6015
400308 7.55246e+006 20.7896
400310 7.55246e+006 20.7896
400310 7.55246e+006 20.6015
400310 7.55246e+006 20.6015
400308 7.55246e+006 20.6015
400308 7.55246e+006 20.7896
400308 7.55246e+006 20.7896
400310 7.55246e+006 20.7896
400310 7.55246e+006 20.7896
400310 7.55246e+006 20.7896
400308 7.55246e+006 20.7896
400308 7.55246e+006 20.7896
400308 7.55246e+006 20.6015
400310 7.55246e+006 20.6015
400310 7.55246e+006 20.7896
400310 7.55246e+006 20.7896
400308 7.55246e+006 20.7896
400308 7.55246e+006 20.6015
400308 7.55246e+006 20.4134
400310 7.55246e+006 20.4134
400310 7.55246e+006 20.6015
400310 7.55246e+006 20.6015
400308 7.55246e+006 20.6015
400308 7.55246e+006 20.4134
400308 7.55246e+006 20.4134
400310 7.55246e+006 20.4134
400310 7.55246e+006 20.4134
400310 7.55246e+006 20.4134
400308 7.55246e+006 20.4134
400308 7.55246e+006 20.4134
400308 7.55246e+006 20.6015
400310 7.55246e+006 20.6015
400310 7.55246e+006 20.4134
400310 7.55246e+006 20.4134
400308 7.55246e+006 20.4134
400308 7.55246e+006 20.6015
400307 7.55246e+006 20.7896
400308 7.55246e+006 20.7896
400308 7.55246e+006 20.6015
400308 7.55246e+006 20.6015
400307 7.55246e+006 20.6015
400307 7.55246e+006 20.7896
400307 7.55246e+006 20.7896
400308 7.55246e+006 20.7896
400308 7.55246e+006 20.7896
400308 7.55246e+006 20.7896
400307 7.55246e+006 20.7896
400307 7.55246e+006 20.7896
400307 7.55246e+006 20.6015
400308 7.55246e+006 20.6015
400308 7.55246e+006 20.7896
400308 7.55246e+006 20.7896
400307 7.55246e+006 20.7896
400307 7.55246e+006 20.6015
400307 7.55246e+006 20.4134
400308 7.55246e+006 20.4134
400308 7.55246e+006 20.6015
400308 7.55246e+006 20.6015
400307 7.55246e+006 20.6015
400307 7.55246e+006 20.4134
400307 7.55246e+006 20.4134
400308 7.55246e+006 20.4134
400308 7.55246e+006 20.4134
400308 7.55246e+006 20.4134
400307 7.55246e+006 20.4134
400307 7.55246e+006 20.4134
400307 7.55246e+006 20.6015
400308 7.55246e+006 20.6015
400308 7.55246e+006 20.4134
400308 7.55246e+006 20.4134
400307 7.55246e+006 20.4134
400307 7.55246e+006 20.6015
400306 7.55246e+006 20.7896
400307 7.55246e+006 20.7896
400307 7.55246e+006 20.6015
400307 7.55246e+006 20.6015
400306 7.55246e+006 20.6015
400306 7.55246e+006 20.7896
400306 7.55246e+006 20.7896
400307 7.55246e+006 20.7896
400307 7.55246e+006 20.7896
400307 7.55246e+006 20.7896
400306 7.55246e+006 20.7896
400306 7.55246e+006 20.7896
400306 7.55246e+006 20.6015
400307 7.55246e+006 20.6015
400307 7.55246e+006 20.7896
400307 7.55246e+006 20.7896
400306 7.55246e+006 20.7896
400306 7.55246e+006 20.6015
400306 7.55246e+006 20.4134
400307 7.55246e+006 20.4134
400307 7.55246e+006 20.6015
400307 7.55246e+006 20.6015
400306 7.55246e+006 20.6015
400306 7.55246e+006 20.4134
400306 7.55246e+006 20.4134
400307 7.55246e+006 20.4134
400307 7.55246e+006 20.4134
400307 7.55246e+006 20.4134
400306 7.55246e+006 20.4134
400306 7.55246e+006 20.4134
400306 7.55246e+006 20.6015
400307 7.55246e+006 20.6015
400307 7.55246e+006 20.4134
400307 7.55246e+006 20.4134
400306 7.55246e+006 20.4134
400306 7.55246e+006 20.6015
400305 7.55246e+006 20.7896
400306 7.55246e+006 20.7896
400306 7.55246e+006 20.6015
400306 7.55246e+006 20.6015
400305 7.55246e+006 20.6015
400305 7.55246e+006 20.7896
400305 7.55246e+006 20.7896
400306 7.55246e+006 20.7896
400306 7.55246e+006 20.7896
400306 7.55246e+006 20.7896
400305 7.55246e+006 20.7896
400305 7.55246e+006 20.7896
400305 7.55246e+006 20.6015
400306 7.55246e+006 20.6015
400306 7.55246e+006 20.7896
400306 7.55246e+006 20.7896
400305 7.55246e+006 20.7896
400305 7.55246e+006 20.6015
400305 7.55246e+006 20.4134
400306 7.55246e+006 20.4134
400306 7.55246e+006 20.6015
400306 7.55246e+006 20.6015
400305 7.55246e+006 20.6015
400305 7.55246e+006 20.4134
400305 7.55246e+006 20.4134
400306 7.55246e+006 20.4134
400306 7.55246e+006 20.4134
400306 7.55246e+006 20.4134
400305 7.55246e+006 20.4134
400305 7.55246e+006 20.4134
400305 7.55246e+006 20.6015
400306 7.55246e+006 20.6015
400306 7.55246e+006 20.4134
400306 7.55246e+006 20.4134
400305 7.55246e+006 20.4134
400305 7.55246e+006 20.6015
400304 7.55246e+006 20.7896
400305 7.55246e+006 20.7896
400305 7.55246e+006 20.6015
400305 7.55246e+006 20.6015
400304 7.55246e+006 20.6015
400304 7.55246e+006 20.7896
400304 7.55245e+006 20.7896
400305 7.55246e+006 20.7896
400305 7.55246e+006 20.7896
400305 7.55246e+006 20.7896
400304 7.55246e+006 20.7896
400304 7.55245e+006 20.7896
400304 7.55245e+006 20.6015
400305 7.55246e+006 20.6015
400305 7.55246e+006 20.7896
400305 7.55246e+006 20.7896
400304 7.55245e+006 20.7896
400304 7.55245e+006 20.6015
400304 7.55245e+006 20.4134
400305 7.55246e+006 20.4134
400305 7.55246e+006 20.6015
400305 7.55246e+006 20.6015
400304 7.55245e+006 20.6015
400304 7.55245e+006 20.4134
400304 7.55246e+006 20.4134
400305 7.55246e+006 20.4134
400305 7.55246e+006 20.4134
400305 7.55246e+006 20.4134
400304 7.55245e+006 20.4134
400304 7.55246e+006 20.4134
400304 7.55246e+006 20.6015
400305 7.55246e+006 20.6015
400305 7.55246e+006 20.4134
400305 7.55246e+006 20.4134
400304 7.55246e+006 20.4134
400304 7.55246e+006 20.6015
400303 7.55245e+006 20.7896
400304 7.55246e+006 20.7896
400304 7.55246e+006 20.6015
400304 7.55246e+006 20.6015
400303 7.55245e+006 20.6015
400303 7.55245e+006 20.7896
400304 7.55245e+006 20.7896
400304 7.55245e+006 20.7896
400304 7.55246e+006 20.7896
400304 7.55246e+006 20.7896
400303 7.55245e+006 20.7896
400304 7.55245e+006 20.7896
400304 7.55245e+006 20.6015
400304 7.55245e+006 20.6015
400304 7.55245e+006 20.7896
400304 7.55245e+006 20.7896
400304 7.55245e+006 20.7896
400304 7.55245e+006 20.6015
400304 7.55245e+006 20.4134
400304 7.55245e+006 20.4134
400304 7.55245e+006 20.6015
400304 7.55245e+006 20.6015
400304 7.55245e+006 20.6015
400304 7.55245e+006 20.4134
400303 7.55245e+006 20.4134
400304 7.55246e+006 20.4134
400304 7.55245e+006 20.4134
400304 7.55245e+006 20.4134
400304 7.55245e+006 20.4134
400303 7.55245e+006 20.4134
400303 7.55245e+006 20.6015
400304 7.55246e+006 20.6015
400304 7.55246e+006 20.4134
400304 7.55246e+006 20.4134
400303 7.55245e+006 20.4134
400303 7.55245e+006 20.6015
400303 7.55245e+006 20.7896
400303 7.55245e+006 20.7896
400303 7.55245e+006 20.6015
400303 7.55245e+006 20.6015
400303 7.55245e+006 20.6015
400303 7.55245e+006 20.7896
400303 7.55245e+006 20.7896
400304 7.55245e+006 20.7896
400303 7.55245e+006 20.7896
400303 7.55245e+006 20.7896
400303 7.55245e+006 20.7896
400303 7.55245e+006 20.7896
400304 7.55245e+006 20.6015
400304 7.55245e+006 20.6015
400304 7.55245e+006 20.7896
400304 7.55245e+006 20.7896
400303 7.55245e+006 20.7896
400304 7.55245e+006 20.6015
400303 7.55245e+006 20.4134
400304 7.55245e+006 20.4134
400304 7.55245e+006 20.6015
400304 7.55245e+006 20.6015
400304 7.55245e+006 20.6015
400303 7.55245e+006 20.4134
400303 7.55245e+006 20.4134
400303 7.55245e+006 20.4134
400304 7.55245e+006 20.4134
400304 7.55245e+006 20.4134
400303 7.55245e+006 20.4134
400303 7.55245e+006 20.4134
400303 7.55245e+006 20.6015
400303 7.55245e+006 20.6015
400303 7.55245e+006 20.4134
400303 7.55245e+006 20.4134
400303 7.55245e+006 20.4134
400303 7.55245e+006 20.6015
400303 7.55245e+006 20.7896
400303 7.55245e+006 20.7896
400303 7.55245e+006 20.6015
400303 7.55245e+006 20.6015
400303 7.55245e+006 20.6015
400303 7.55245e+006 20.7896
400304 7.55245e+006 20.7896
400303 7.55245e+006 20.7896
400303 7.55245e+006 20.7896
400303 7.55245e+006 20.7896
400303 7.55245e+006 20.7896
400304 7.55245e+006 20.7896
400304 7.55245e+006 20.6015
400304 7.55245e+006 20.6015
400303 7.55245e+006 20.7896
400303 7.55245e+006 20.7896
400304 7.55245e+006 20.7896
400304 7.55245e+006 20.6015
400304 7.55245e+006 20.4134
400303 7.55245e+006 20.4134
400304 7.55245e+006 20.6015
400304 7.55245e+006 20.6015
400304 7.55245e+006 20.6015
400304 7.55245e+006 20.4134
400303 7.55245e+006 20.4134
400303 7.55245e+006 20.4134
400303 7.55245e+006 20.4134
400303 7.55245e+006 20.4134
400304 7.55245e+006 20.4134
400303 7.55245e+006 20.4134
400303 7.55245e+006 20.6015
400303 7.55245e+006 20.6015
400303 7.55245e+006 20.4134
400303 7.55245e+006 20.4134
400303 7.55245e+006 20.4134
400303 7.55245e+006 20.6015
400304 7.55245e+006 20.7896
400303 7.55245e+006 20.7896
400303 7.55245e+006 20.6015
400303 7.55245e+006 20.6015
400304 7.55245e+006 20.6015
400304 7.55245e+006 20.7896
400304 7.55245e+006 20.7896
400304 7.55245e+006 20.7896
400303 7.55245e+006 20.7896
400303 7.55245e+006 20.7896
400304 7.55245e+006 20.7896
400304 7.55245e+006 20.7896
400304 7.55245e+006 20.6015
400304 7.55245e+006 20.6015
400304 7.55245e+006 20.7896
400304 7.55245e+006 20.7896
400304 7.55245e+006 20.7896
400304 7.55245e+006 20.6015
400304 7.55245e+006 20.4134
400304 7.55245e+006 20.4134
400304 7.55245e+006 20.6015
400304 7.55245e+006 20.6015
400304 7.55245e+006 20.6015
400304 7.55245e+006 20.4134
400304 7.55245e+006 20.4134
400303 7.55245e+006 20.4134
400304 7.55245e+006 20.4134
400304 7.55245e+006 20.4134
400304 7.55245e+006 20.4134
400304 7.55245e+006 20.4134
400304 7.55245e+006 20.6015
400303 7.55245e+006 20.6015
400303 7.55245e+006 20.4134
400303 7.55245e+006 20.4134
400304 7.55245e+006 20.4134
400304 7.55245e+006 20.6015
400305 7.55245e+006 20.7896
400304 7.55245e+006 20.7896
400304 7.55245e+006 20.6015
400304 7.55245e+006 20.6015
400305 7.55245e+006 20.6015
400305 7.55245e+006 20.7896
400305 7.55245e+006 20.7896
400304 7.55245e+006 20.7896
400304 7.55245e+006 20.7896
400304 7.55245e+006 20.7896
400305 7.55245e+006 20.7896
400305 7.55245e+006 20.7896
400305 7.55245e+006 20.6015
400304 7.55245e+006 20.6015
400304 7.55245e+006 20.7896
400304 7.55245e+006 20.7896
400305 7.55245e+006 20.7896
400305 7.55245e+006 20.6015
400305 7.55245e+006 20.4134
400304 7.55245e+006 20.4134
400304 7.55245e+006 20.6015
400304 7.55245e+006 20.6015
400305 7.55245e+006 20.6015
400305 7.55245e+006 20.4134
400305 7.55245e+006 20.4134
400304 7.55245e+006 20.4134
400304 7.55245e+006 20.4134
400304 7.55245e+006 20.4134
400305 7.55245e+006 20.4134
400305 7.55245e+006 20.4134
400305 7.55245e+006 20.6015
400304 7.55245e+006 20.6015
400304 7.55245e+006 20.4134
400304 7.55245e+006 20.4134
400305 7.55245e+006 20.4134
400305 7.55245e+006 20.6015
400306 7.55245e+006 20.7896
400305 7.55245e+006 20.7896
400305 7.55245e+006 20.6015
400305 7.55245e+006 20.6015
400306 7.55245e+006 20.6015
400306 7.55245e+006 20.7896
400306 7.55245e+006 20.7896
400305 7.55245e+006 20.7896
400305 7.55245e+006 20.7896
400305 7.55245e+006 20.7896
400306 7.55245e+006 20.7896
400306 7.55245e+006 20.7896
400306 7.55245e+006 20.6015
400305 7.55245e+006 20.6015
400305 7.55245e+006 20.7896
400305 7.55245e+006 20.7896
400306 7.55245e+006 20.7896
400306 7.55245e+006 20.6015
400306 7.55245e+006 20.4134
400305 7.55245e+006 20.4134
400305 7.55245e+006 20.6015
400305 7.55245e+006 20.6015
400306 7.55245e+006 20.6015
400306 7.55245e+006 20.4134
400306 7.55245e+006 20.4134
400305 7.55245e+006 20.4134
400305 7.55245e+006 20.4134
400305 7.55245e+006 20.4134
400306 7.55245e+006 20.4134
400306 7.55245e+006 20.4134
400306 7.55245e+006 20.6015
400305 7.55245e+006 20.6015
400305 7.55245e+006 20.4134
400305 7.55245e+006 20.4134
400306 7.55245e+006 20.4134
400306 7.55245e+006 20.6015
400307 7.55245e+006 20.7896
400306 7.55245e+006 20.7896
400306 7.55245e+006 20.6015
400306 7.55245e+006 20.6015
400307 7.55245e+006 20.6015
400307 7.55245e+006 20.7896
400307 7.55245e+006 20.7896
400306 7.55245e+006 20.7896
400306 7.55245e+006 20.7896
400306 7.55245e+006 20.7896
400307 7.55245e+006 20.7896
400307 7.55245e+006 20.7896
400307 7.55245e+006 20.6015
400306 7.55245e+006 20.6015
400306 7.55245e+006 20.7896
400306 7.55245e+006 20.7896
400307 7.55245e+006 20.7896
400307 7.55245e+006 20.6015
400307 7.55245e+006 20.4134
400306 7.55245e+006 20.4134
400306 7.55245e+006 20.6015
400306 7.55245e+006 20.6015
400307 7.55245e+006 20.6015
400307 7.55245e+006 20.4134
400307 7.55245e+006 20.4134
400306 7.55245e+006 20.4134
400306 7.55245e+006 20.4134
400306 7.55245e+006 20.4134
400307 7.55245e+006 20.4134
400307 7.55245e+006 20.4134
400307 7.55245e+006 20.6015
400306 7.55245e+006 20.6015
400306 7.55245e+006 20.4134
400306 7.55245e+006 20.4134
400307 7.55245e+006 20.4134
400307 7.55245e+006 20.6015
400308 7.55245e+006 20.7896
400307 7.55245e+006 20.7896
400307 7.55245e+006 20.6015
400307 7.55245e+006 20.6015
400308 7.55245e+006 20.6015
400308 7.55245e+006 20.7896
400308 7.55245e+006 20.7896
400307 7.55245e+006 20.7896
400307 7.55245e+006 20.7896
400307 7.55245e+006 20.7896
400308 7.55245e+006 20.7896
400308 7.55245e+006 20.7896
400308 7.55245e+006 20.6015
400307 7.55245e+006 20.6015
400307 7.55245e+006 20.7896
400307 7.55245e+006 20.7896
400308 7.55245e+006 20.7896
400308 7.55245e+006 20.6015
400308 7.55245e+006 20.4134
400307 7.55245e+006 20.4134
400307 7.55245e+006 20.6015
400307 7.55245e+006 20.6015
400308 7.55245e+006 20.6015
400308 7.55245e+006 20.4134
400308 7.55245e+006 20.4134
400307 7.55245e+006 20.4134
400307 7.55245e+006 20.4134
400307 7.55245e+006 20.4134
400308 7.55245e+006 20.4134
400308 7.55245e+006 20.4134
400308 7.55245e+006 20.6015
400307 7.55245e+006 20.6015
400307 7.55245e+006 20.4134
400307 7.55245e+006 20.4134
400308 7.55245e+006 20.4134
400308 7.55245e+006 20.6015
400310 7.55245e+006 20.7896
400308 7.55245e+006 20.7896
400308 7.55245e+006 20.6015
400308 7.55245e+006 20.6015
400310 7.55245e+006 20.6015
400310 7.55245e+006 20.7896
400310 7.55245e+006 20.7896
400308 7.55245e+006 20.7896
400308 7.55245e+006 20.7896
400308 7.55245e+006 20.7896
400310 7.55245e+006 20.7896
400310 7.55245e+006 20.7896
400310 7.55245e+006 20.6015
400308 7.55245e+006 20.6015
400308 7.55245e+006 20.7896
400308 7.55245e+006 20.7896
400310 7.55245e+006 20.7896
400310 7.55245e+006 20.6015
400310 7.55245e+006 20.4134
400308 7.55245e+006 20.4134
400308 7.55245e+006 20.6015
400308 7.55245e+006 20.6015
400310 7.55245e+006 20.6015
400310 7.55245e+006 20.4134
400310 7.55245e+006 20.4134
400308 7.55245e+006 20.4134
400308 7.55245e+006 20.4134
400308 7.55245e+006 20.4134
400310 7.55245e+006 20.4134
400310 7.55245e+006 20.4134
400310 7.55245e+006 20.6015
400308 7.55245e+006 20.6015
400308 7.55245e+006 20.4134
400308 7.55245e+006 20.4134
400310 7.55245e+006 20.4134
400310 7.55245e+006 20.6015
400311 7.55245e+006 20.7896
400310 7.55245e+006 20.7896
400310 7.55245e+006 20.6015
400310 7.55245e+006 20.6015
400311 7.55245e+006 20.6015
400311 7.55245e+006 20.7896
400311 7.55245e+006 20.7896
400310 7.55245e+006 20.7896
400310 7.55245e+006 20.7896
400310 7.55245e+006 20.7896
400311 7.55245e+006 20.7896
400311 7.55245e+006 20.7896
400311 7.55245e+006 20.6015
400310 7.55245e+006 20.6015
400310 7.55245e+006 20.7896
400310 7.55245e+006 20.7896
400311 7.55245e+006 20.7896
400311 7.55245e+006 20.6015
400311 7.55245e+006 20.4134
400310 7.55245e+006 20.4134
400310 7.55245e+006 20.6015
400310 7.55245e+006 20.6015
400311 7.55245e+006 20.6015
400311 7.55245e+006 20.4134
400311 7.55245e+006 20.4134
400310 7.55245e+006 20.4134
400310 7.55245e+006 20.4134
400310 7.55245e+006 20.4134
400311 7.55245e+006 20.4134
400311 7.55245e+006 20.4134
400311 7.55245e+006 20.6015
400310 7.55245e+006 20.6015
400310 7.55245e+006 20.4134
400310 7.55245e+006 20.4134
400311 7.55245e+006 20.4134
400311 7.55245e+006 20.6015
400313 7.55245e+006 20.7896
400311 7.55245e+006 20.7896
400311 7.55245e+006 20.6015
400311 7.55245e+006 20.6015
400313 7.55245e+006 20.6015
400313 7.55245e+006 20.7896
400313 7.55245e+006 20.7896
400311 7.55245e+006 20.7896
400311 7.55245e+006 20.7896
400311 7.55245e+006 20.7896
400313 7.55245e+006 20.7896
400313 7.55245e+006 20.7896
400312 7.55245e+006 20.6015
400311 7.55245e+006 20.6015
400311 7.55245e+006 20.7896
400311 7.55245e+006 20.7896
400313 7.55245e+006 20.7896
400312 7.55245e+006 20.6015
400313 7.55245e+006 20.4134
400311 7.55245e+006 20.4134
400311 7.55245e+006 20.6015
400311 7.55245e+006 20.6015
400312 7.55245e+006 20.6015
400313 7.55245e+006 20.4134
400313 7.55245e+006 20.4134
400311 7.55245e+006 20.4134
400311 7.55245e+006 20.4134
400311 7.55245e+006 20.4134
400313 7.55245e+006 20.4134
400313 7.55245e+006 20.4134
400313 7.55245e+006 20.6015
400311 7.55245e+006 20.6015
400311 7.55245e+006 20.4134
400311 7.55245e+006 20.4134
400313 7.55245e+006 20.4134
400313 7.55245e+006 20.6015
400314 7.55245e+006 20.7896
400313 7.55245e+006 20.7896
400313 7.55245e+006 20.6015
400313 7.55245e+006 20.6015
400314 7.55245e+006 20.6015
400314 7.55245e+006 20.7896
400314 7.55245e+006 20.7896
400313 7.55245e+006 20.7896
400313 7.55245e+006 20.7896
400313 7.55245e+006 20.7896
400314 7.55245e+006 20.7896
400314 7.55245e+006 20.7896
400314 7.55245e+006 20.6015
400312 7.55245e+006 20.6015
400313 7.55245e+006 20.7896
400313 7.55245e+006 20.7896
400314 7.55245e+006 20.7896
400314 7.55245e+006 20.6015
400314 7.55245e+006 20.4134
400313 7.55245e+006 20.4134
400312 7.55245e+006 20.6015
400312 7.55245e+006 20.6015
400314 7.55245e+006 20.6015
400314 7.55245e+006 20.4134
400314 7.55245e+006 20.4134
400313 7.55245e+006 20.4134
400313 7.55245e+006 20.4134
400313 7.55245e+006 20.4134
400314 7.55245e+006 20.4134
400314 7.55245e+006 20.4134
400314 7.55245e+006 20.6015
400313 7.55245e+006 20.6015
400313 7.55245e+006 20.4134
400313 7.55245e+006 20.4134
400314 7.55245e+006 20.4134
400314 7.55245e+006 20.6015
400315 7.55245e+006 20.7896
400314 7.55245e+006 20.7896
400314 7.55245e+006 20.6015
400314 7.55245e+006 20.6015
400315 7.55245e+006 20.6015
400315 7.55245e+006 20.7896
400315 7.55245e+006 20.7896
400314 7.55245e+006 20.7896
400314 7.55245e+006 20.7896
400314 7.55245e+006 20.7896
400315 7.55245e+006 20.7896
400315 7.55245e+006 20.7896
400315 7.55245e+006 20.6015
400314 7.55245e+006 20.6015
400314 7.55245e+006 20.7896
400314 7.55245e+006 20.7896
400315 7.55245e+006 20.7896
400315 7.55245e+006 20.6015
400315 7.55245e+006 20.4134
400314 7.55245e+006 20.4134
400314 7.55245e+006 20.6015
400314 7.55245e+006 20.6015
400315 7.55245e+006 20.6015
400315 7.55245e+006 20.4134
400315 7.55245e+006 20.4134
400314 7.55245e+006 20.4134
400314 7.55245e+006 20.4134
400314 7.55245e+006 20.4134
400315 7.55245e+006 20.4134
400315 7.55245e+006 20.4134
400315 7.55245e+006 20.6015
400314 7.55245e+006 20.6015
400314 7.55245e+006 20.4134
400314 7.55245e+006 20.4134
400315 7.55245e+006 20.4134
400315 7.55245e+006 20.6015
400316 7.55245e+006 20.7896
400315 7.55245e+006 20.7896
400315 7.55245e+006 20.6015
400315 7.55245e+006 20.6015
400316 7.55245e+006 20.6015
400316 7.55245e+006 20.7896
400315 7.55245e+006 20.7896
400315 7.55245e+006 20.7896
400315 7.55245e+006 20.7896
400315 7.55245e+006 20.7896
400316 7.55245e+006 20.7896
400315 7.55245e+006 20.7896
400315 7.55245e+006 20.6015
400315 7.55245e+006 20.6015
400315 7.55245e+006 20.7896
400315 7.55245e+006 20.7896
400315 7.55245e+006 20.7896
400315 7.55245e+006 20.6015
400315 7.55245e+006 20.4134
400315 7.55245e+006 20.4134
400315 7.55245e+006 20.6015
400315 7.55245e+006 20.6015
400315 7.55245e+006 20.6015
400315 7.55245e+006 20.4134
400316 7.55245e+006 20.4134
400315 7.55245e+006 20.4134
400315 7.55245e+006 20.4134
400315 7.55245e+006 20.4134
400315 7.55245e+006 20.4134
400316 7.55245e+006 20.4134
400316 7.55245e+006 20.6015
400315 7.55245e+006 20.6015
400315 7.55245e+006 20.4134
400315 7.55245e+006 20.4134
400316 7.55245e+006 20.4134
400316 7.55245e+006 20.6015
400316 7.55245e+006 20.7896
400316 7.55245e+006 20.7896
400316 7.55245e+006 20.6015
400316 7.55245e+006 20.6015
400316 7.55245e+006 20.6015
400316 7.55245e+006 20.7896
400316 7.55245e+006 20.7896
400315 7.55245e+006 20.7896
400316 7.55245e+006 20.7896
400316 7.55245e+006 20.7896
400316 7.55245e+006 20.7896
400316 7.55245e+006 20.7896
400316 7.55245e+006 20.6015
400315 7.55245e+006 20.6015
400315 7.55245e+006 20.7896
400315 7.55245e+006 20.7896
400316 7.55245e+006 20.7896
400316 7.55245e+006 20.6015
400316 7.55245e+006 20.4134
400315 7.55245e+006 20.4134
400315 7.55245e+006 20.6015
400315 7.55245e+006 20.6015
400316 7.55245e+006 20.6015
400316 7.55245e+006 20.4134
400316 7.55245e+006 20.4134
400316 7.55245e+006 20.4134
400315 7.55245e+006 20.4134
400315 7.55245e+006 20.4134
400316 7.55245e+006 20.4134
400316 7.55245e+006 20.4134
400316 7.55245e+006 20.6015
400316 7.55245e+006 20.6015
400316 7.55245e+006 20.4134
400316 7.55245e+006 20.4134
400316 7.55245e+006 20.4134
400316 7.55245e+006 20.6015
400316 7.55245e+006 20.7896
400316 7.55245e+006 20.7896
400316 7.55245e+006 20.6015
400316 7.55245e+006 20.6015
400316 7.55245e+006 20.6015
400316 7.55245e+006 20.7896
400316 7.55245e+006 20.7896
400316 7.55245e+006 20.7896
400316 7.55245e+006 20.7896
400316 7.55245e+006 20.7896
400316 7.55245e+006 20.7896
400316 7.55245e+006 20.7896
400316 7.55245e+006 20.6015
400316 7.55245e+006 20.6015
400316 7.55245e+006 20.7896
400316 7.55245e+006 20.7896
400316 7.55245e+006 20.7896
400316 7.55245e+006 20.6015
400316 7.55245e+006 20.4134
400316 7.55245e+006 20.4134
400316 7.55245e+006 20.6015
400316 7.55245e+006 20.6015
400316 7.55245e+006 20.6015
400316 7.55245e+006 20.4134
400316 7.55245e+006 20.4134
400316 7.55245e+006 20.4134
400316 7.55245e+006 20.4134
400316 7.55245e+006 20.4134
400316 7.55245e+006 20.4134
400316 7.55245e+006 20.4134
400316 7.55245e+006 20.6015
400316 7.55245e+006 20.6015
400316 7.55245e+006 20.4134
400316 7.55245e+006 20.4134
400316 7.55245e+006 20.4134
400316 7.55245e+006 20.6015
