400612 7.55247e+006 14.7534
400610 7.55247e+006 14.7513
400605 7.55247e+006 14.6601
400605 7.55247e+006 14.6601
400601 7.55247e+006 14.66
400598 7.55248e+006 14.649
400612 7.55247e+006 14.7534
400605 7.55247e+006 14.6601
400598 7.55248e+006 14.649
400598 7.55248e+006 14.649
400594 7.55248e+006 14.6553
400590 7.55248e+006 14.6485
400590 7.55248e+006 14.6485
400585 7.55248e+006 14.6449
400579 7.55248e+006 14.6435
400598 7.55248e+006 14.649
400590 7.55248e+006 14.6485
400579 7.55248e+006 14.6435
400612 7.55247e+006 14.7534
400598 7.55248e+006 14.649
400579 7.55248e+006 14.6435
400579 7.55248e+006 14.6435
400572 7.55248e+006 14.752
400565 7.55248e+006 14.7534
400565 7.55248e+006 14.7534
400558 7.55248e+006 14.7534
400551 7.55248e+006 14.7534
400579 7.55248e+006 14.6435
400565 7.55248e+006 14.7534
400551 7.55248e+006 14.7534
400551 7.55248e+006 14.7534
400545 7.55248e+006 14.7534
400539 7.55248e+006 14.7534
400539 7.55248e+006 14.7534
400533 7.55248e+006 14.7534
400526 7.55248e+006 14.7534
400551 7.55248e+006 14.7534
400539 7.55248e+006 14.7534
400526 7.55248e+006 14.7534
400579 7.55248e+006 14.6435
400551 7.55248e+006 14.7534
400526 7.55248e+006 14.7534
400526 7.55248e+006 14.7534
400517 7.55248e+006 14.7534
400517 7.55243e+006 14.7534
400517 7.55243e+006 14.7534
400526 7.55243e+006 14.7534
400533 7.55243e+006 14.7534
400526 7.55248e+006 14.7534
400517 7.55243e+006 14.7534
400533 7.55243e+006 14.7534
400533 7.55243e+006 14.7534
400539 7.55243e+006 14.7534
400545 7.55243e+006 14.7534
400545 7.55243e+006 14.7534
400551 7.55243e+006 14.7534
400558 7.55243e+006 14.7534
400533 7.55243e+006 14.7534
400545 7.55243e+006 14.7534
400558 7.55243e+006 14.7534
400526 7.55248e+006 14.7534
400533 7.55243e+006 14.7534
400558 7.55243e+006 14.7534
400579 7.55248e+006 14.6435
400526 7.55248e+006 14.7534
400558 7.55243e+006 14.7534
400558 7.55243e+006 14.7534
400565 7.55243e+006 14.7534
400572 7.55243e+006 14.7521
400572 7.55243e+006 14.7521
400579 7.55243e+006 14.6435
400585 7.55243e+006 14.6449
400558 7.55243e+006 14.7534
400572 7.55243e+006 14.7521
400585 7.55243e+006 14.6449
400585 7.55243e+006 14.6449
400590 7.55243e+006 14.6485
400594 7.55243e+006 14.6553
400594 7.55243e+006 14.6553
400598 7.55243e+006 14.649
400601 7.55243e+006 14.66
400585 7.55243e+006 14.6449
400594 7.55243e+006 14.6553
400601 7.55243e+006 14.66
400558 7.55243e+006 14.7534
400585 7.55243e+006 14.6449
400601 7.55243e+006 14.66
400601 7.55243e+006 14.66
400605 7.55243e+006 14.6602
400610 7.55243e+006 14.7513
400610 7.55243e+006 14.7513
400612 7.55244e+006 14.7535
400616 7.55244e+006 14.7535
400601 7.55243e+006 14.66
400610 7.55243e+006 14.7513
400616 7.55244e+006 14.7535
400616 7.55244e+006 14.7535
400619 7.55244e+006 14.7535
400622 7.55244e+006 14.7535
400622 7.55244e+006 14.7535
400624 7.55244e+006 14.7535
400625 7.55244e+006 14.7535
400616 7.55244e+006 14.7535
400622 7.55244e+006 14.7535
400625 7.55244e+006 14.7535
400601 7.55243e+006 14.66
400616 7.55244e+006 14.7535
400625 7.55244e+006 14.7535
400558 7.55243e+006 14.7534
400601 7.55243e+006 14.66
400625 7.55244e+006 14.7535
400579 7.55248e+006 14.6435
400558 7.55243e+006 14.7534
400625 7.55244e+006 14.7535
400625 7.55244e+006 14.7535
400626 7.55244e+006 14.7535
400627 7.55244e+006 14.7535
400627 7.55244e+006 14.7535
400627 7.55244e+006 14.7535
400627 7.55244e+006 14.7535
400625 7.55244e+006 14.7535
400627 7.55244e+006 14.7535
400627 7.55244e+006 14.7535
400627 7.55244e+006 14.7535
400627 7.55245e+006 14.7535
400627 7.55245e+006 14.7535
400627 7.55245e+006 14.7535
400628 7.55245e+006 14.7535
400628 7.55245e+006 14.7535
400627 7.55244e+006 14.7535
400627 7.55245e+006 14.7535
400628 7.55245e+006 14.7535
400625 7.55244e+006 14.7535
400627 7.55244e+006 14.7535
400628 7.55245e+006 14.7535
400628 7.55245e+006 14.7535
400628 7.55245e+006 14.7535
400628 7.55245e+006 14.7535
400628 7.55245e+006 14.7535
400628 7.55245e+006 14.7535
400628 7.55245e+006 14.7535
400628 7.55245e+006 14.7535
400628 7.55245e+006 14.7535
400628 7.55245e+006 14.7535
400628 7.55245e+006 14.7535
400628 7.55245e+006 14.7535
400628 7.55246e+006 14.7535
400628 7.55246e+006 14.7535
400628 7.55246e+006 14.7535
400628 7.55246e+006 14.7535
400628 7.55245e+006 14.7535
400628 7.55246e+006 14.7535
400628 7.55246e+006 14.7535
400628 7.55245e+006 14.7535
400628 7.55245e+006 14.7535
400628 7.55246e+006 14.7535
400625 7.55244e+006 14.7535
400628 7.55245e+006 14.7535
400628 7.55246e+006 14.7535
400579 7.55248e+006 14.6435
400625 7.55244e+006 14.7535
400628 7.55246e+006 14.7535
400628 7.55246e+006 14.7535
400628 7.55246e+006 14.7535
400627 7.55246e+006 14.7535
400627 7.55246e+006 14.7535
400627 7.55246e+006 14.7535
400627 7.55246e+006 14.7535
400628 7.55246e+006 14.7535
400627 7.55246e+006 14.7535
400627 7.55246e+006 14.7535
400627 7.55246e+006 14.7535
400627 7.55246e+006 14.7535
400627 7.55246e+006 14.7535
400627 7.55246e+006 14.7535
400626 7.55246e+006 14.7535
400625 7.55246e+006 14.7535
400627 7.55246e+006 14.7535
400627 7.55246e+006 14.7535
400625 7.55246e+006 14.7535
400628 7.55246e+006 14.7535
400627 7.55246e+006 14.7535
400625 7.55246e+006 14.7535
400579 7.55248e+006 14.6435
400628 7.55246e+006 14.7535
400625 7.55246e+006 14.7535
400612 7.55247e+006 14.7534
400579 7.55248e+006 14.6435
400625 7.55246e+006 14.7535
400625 7.55246e+006 14.7535
400624 7.55247e+006 14.7535
400622 7.55247e+006 14.7534
400612 7.55247e+006 14.7534
400625 7.55246e+006 14.7535
400622 7.55247e+006 14.7534
400612 7.55247e+006 14.7534
400622 7.55247e+006 14.7534
400619 7.55247e+006 14.7534
400612 7.55247e+006 14.7534
400619 7.55247e+006 14.7534
400616 7.55247e+006 14.7534
400377 7.55248e+006 14.7533
400355 7.55248e+006 14.7533
400341 7.55248e+006 14.7533
400341 7.55248e+006 14.7533
400333 7.55248e+006 14.7533
400328 7.55248e+006 14.7533
400377 7.55248e+006 14.7533
400341 7.55248e+006 14.7533
400328 7.55248e+006 14.7533
400328 7.55248e+006 14.7533
400323 7.55248e+006 14.7533
400319 7.55248e+006 14.7533
400319 7.55248e+006 14.7533
400316 7.55248e+006 14.7533
400313 7.55248e+006 14.7533
400328 7.55248e+006 14.7533
400319 7.55248e+006 14.7533
400313 7.55248e+006 14.7533
400313 7.55248e+006 14.7533
400310 7.55247e+006 14.7533
400308 7.55247e+006 14.7533
400308 7.55247e+006 14.7533
400305 7.55247e+006 14.7533
400304 7.55247e+006 14.7533
400313 7.55248e+006 14.7533
400308 7.55247e+006 14.7533
400304 7.55247e+006 14.7533
400328 7.55248e+006 14.7533
400313 7.55248e+006 14.7533
400304 7.55247e+006 14.7533
400304 7.55247e+006 14.7533
400302 7.55247e+006 14.7533
400300 7.55247e+006 14.7533
400300 7.55247e+006 14.7533
400299 7.55247e+006 14.7533
400298 7.55246e+006 14.7533
400304 7.55247e+006 14.7533
400300 7.55247e+006 14.7533
400298 7.55246e+006 14.7533
400298 7.55246e+006 14.7533
400297 7.55246e+006 14.7533
400296 7.55246e+006 14.7533
400296 7.55246e+006 14.7533
400295 7.55246e+006 14.7533
400295 7.55246e+006 14.7533
400298 7.55246e+006 14.7533
400296 7.55246e+006 14.7533
400295 7.55246e+006 14.7533
400304 7.55247e+006 14.7533
400298 7.55246e+006 14.7533
400295 7.55246e+006 14.7533
400328 7.55248e+006 14.7533
400304 7.55247e+006 14.7533
400295 7.55246e+006 14.7533
400295 7.55246e+006 14.7533
400294 7.55246e+006 14.7533
400294 7.55246e+006 14.7533
400294 7.55246e+006 14.7533
400294 7.55246e+006 14.7533
400293 7.55246e+006 14.7533
400295 7.55246e+006 14.7533
400294 7.55246e+006 14.7533
400293 7.55246e+006 14.7533
400293 7.55246e+006 14.7533
400293 7.55246e+006 14.7533
400293 7.55245e+006 14.7533
400293 7.55245e+006 14.7533
400293 7.55245e+006 14.7533
400293 7.55245e+006 14.7533
400293 7.55246e+006 14.7533
400293 7.55245e+006 14.7533
400293 7.55245e+006 14.7533
400295 7.55246e+006 14.7533
400293 7.55246e+006 14.7533
400293 7.55245e+006 14.7533
400293 7.55245e+006 14.7533
400293 7.55245e+006 14.7533
400293 7.55245e+006 14.7533
400293 7.55245e+006 14.7533
400293 7.55245e+006 14.7533
400293 7.55245e+006 14.7533
400293 7.55245e+006 14.7533
400293 7.55245e+006 14.7533
400293 7.55245e+006 14.7533
400293 7.55245e+006 14.7533
400294 7.55245e+006 14.7533
400294 7.55245e+006 14.7533
400294 7.55245e+006 14.7533
400294 7.55245e+006 14.7533
400295 7.55245e+006 14.7533
400293 7.55245e+006 14.7533
400294 7.55245e+006 14.7533
400295 7.55245e+006 14.7533
400293 7.55245e+006 14.7533
400293 7.55245e+006 14.7533
400295 7.55245e+006 14.7533
400295 7.55246e+006 14.7533
400293 7.55245e+006 14.7533
400295 7.55245e+006 14.7533
400295 7.55245e+006 14.7533
400295 7.55245e+006 14.7533
400296 7.55244e+006 14.7533
400296 7.55244e+006 14.7533
400297 7.55244e+006 14.7533
400298 7.55244e+006 14.7533
400295 7.55245e+006 14.7533
400296 7.55244e+006 14.7533
400298 7.55244e+006 14.7533
400298 7.55244e+006 14.7533
400299 7.55244e+006 14.7533
400300 7.55244e+006 14.7533
400300 7.55244e+006 14.7533
400302 7.55244e+006 14.7533
400304 7.55244e+006 14.7533
400298 7.55244e+006 14.7533
400300 7.55244e+006 14.7533
400304 7.55244e+006 14.7533
400295 7.55245e+006 14.7533
400298 7.55244e+006 14.7533
400304 7.55244e+006 14.7533
400304 7.55244e+006 14.7533
400305 7.55244e+006 14.7533
400308 7.55243e+006 14.7533
400308 7.55243e+006 14.7533
400310 7.55243e+006 14.7533
400313 7.55243e+006 14.7533
400304 7.55244e+006 14.7533
400308 7.55243e+006 14.7533
400313 7.55243e+006 14.7533
400313 7.55243e+006 14.7533
400316 7.55243e+006 14.7533
400319 7.55243e+006 14.7533
400319 7.55243e+006 14.7533
400323 7.55243e+006 14.7533
400328 7.55243e+006 14.7533
400313 7.55243e+006 14.7533
400319 7.55243e+006 14.7533
400328 7.55243e+006 14.7533
400304 7.55244e+006 14.7533
400313 7.55243e+006 14.7533
400328 7.55243e+006 14.7533
400295 7.55245e+006 14.7533
400304 7.55244e+006 14.7533
400328 7.55243e+006 14.7533
400295 7.55246e+006 14.7533
400295 7.55245e+006 14.7533
400328 7.55243e+006 14.7533
400328 7.55248e+006 14.7533
400295 7.55246e+006 14.7533
400328 7.55243e+006 14.7533
400328 7.55243e+006 14.7533
400333 7.55243e+006 14.7533
400341 7.55243e+006 14.7533
400341 7.55243e+006 14.7533
400355 7.55243e+006 14.7534
400377 7.55243e+006 14.7534
400328 7.55243e+006 14.7533
400341 7.55243e+006 14.7533
400377 7.55243e+006 14.7534
400328 7.55248e+006 14.7533
400328 7.55243e+006 14.7533
400377 7.55243e+006 14.7534
400377 7.55248e+006 14.7533
400328 7.55248e+006 14.7533
400377 7.55243e+006 14.7534
400377 7.55248e+006 14.7533
400377 7.55243e+006 14.7534
400411 7.55243e+006 14.7534
400411 7.55248e+006 14.7533
400377 7.55248e+006 14.7533
400411 7.55243e+006 14.7534
400517 7.55248e+006 14.7534
400502 7.55248e+006 14.7534
400480 7.55248e+006 14.7534
400480 7.55248e+006 14.7534
400448 7.55248e+006 14.7534
400411 7.55248e+006 14.7533
400517 7.55248e+006 14.7534
400480 7.55248e+006 14.7534
400411 7.55248e+006 14.7533
400411 7.55248e+006 14.7533
400411 7.55243e+006 14.7534
400448 7.55243e+006 14.7534
400411 7.55248e+006 14.7533
400448 7.55243e+006 14.7534
400480 7.55243e+006 14.7534
400517 7.55248e+006 14.7534
400411 7.55248e+006 14.7533
400480 7.55243e+006 14.7534
400517 7.55248e+006 14.7534
400480 7.55243e+006 14.7534
400502 7.55243e+006 14.7534
400517 7.55248e+006 14.7534
400502 7.55243e+006 14.7534
400517 7.55243e+006 14.7534
