405438 7.55476e+006 31.4416
405429 7.55475e+006 31.4416
405420 7.55476e+006 31.4416
405420 7.55476e+006 31.4416
405417 7.55477e+006 31.4416
405421 7.55478e+006 31.4416
405421 7.55478e+006 31.4416
405430 7.55478e+006 31.4416
405439 7.55477e+006 31.4416
405420 7.55476e+006 31.4416
405421 7.55478e+006 31.4416
405439 7.55477e+006 31.4416
405438 7.55476e+006 31.4416
405420 7.55476e+006 31.4416
405439 7.55477e+006 31.4416
405438 7.55476e+006 31.4416
405439 7.55477e+006 31.4416
405442 7.55477e+006 31.4416
405420 7.55476e+006 31.8578
405429 7.55475e+006 31.8578
405429 7.55475e+006 31.7483
405429 7.55475e+006 31.7483
405420 7.55476e+006 31.7483
405420 7.55476e+006 31.8578
405417 7.55477e+006 31.8578
405420 7.55476e+006 31.8578
405420 7.55476e+006 31.7483
405420 7.55476e+006 31.7483
405417 7.55477e+006 31.7483
405417 7.55477e+006 31.8578
405421 7.55478e+006 31.8578
405417 7.55477e+006 31.8578
405417 7.55477e+006 31.7483
405417 7.55477e+006 31.7483
405421 7.55478e+006 31.7483
405421 7.55478e+006 31.8578
405430 7.55478e+006 31.8578
405421 7.55478e+006 31.8578
405421 7.55478e+006 31.7483
405421 7.55478e+006 31.7483
405430 7.55478e+006 31.7484
405430 7.55478e+006 31.8578
405439 7.55477e+006 31.8578
405430 7.55478e+006 31.8578
405430 7.55478e+006 31.7484
405430 7.55478e+006 31.7484
405439 7.55477e+006 31.7484
405439 7.55477e+006 31.8578
405442 7.55477e+006 31.8579
405439 7.55477e+006 31.8578
405439 7.55477e+006 31.7484
405439 7.55477e+006 31.7484
405442 7.55477e+006 31.7484
405442 7.55477e+006 31.8579
405438 7.55476e+006 31.8578
405442 7.55477e+006 31.8579
405442 7.55477e+006 31.7484
405442 7.55477e+006 31.7484
405438 7.55476e+006 31.7484
405438 7.55476e+006 31.8578
405429 7.55475e+006 31.8578
405438 7.55476e+006 31.8578
405438 7.55476e+006 31.7484
405438 7.55476e+006 31.7484
405429 7.55475e+006 31.7483
405429 7.55475e+006 31.8578
405429 7.55475e+006 31.8578
405420 7.55476e+006 31.8578
405420 7.55476e+006 31.4416
405420 7.55476e+006 31.4416
405429 7.55475e+006 31.4416
405429 7.55475e+006 31.8578
405438 7.55476e+006 31.8578
405429 7.55475e+006 31.8578
405429 7.55475e+006 31.4416
405429 7.55475e+006 31.4416
405438 7.55476e+006 31.4416
405438 7.55476e+006 31.8578
405442 7.55477e+006 31.8579
405438 7.55476e+006 31.8578
405438 7.55476e+006 31.4416
405438 7.55476e+006 31.4416
405442 7.55477e+006 31.4416
405442 7.55477e+006 31.8579
405439 7.55477e+006 31.8578
405442 7.55477e+006 31.8579
405442 7.55477e+006 31.4416
405442 7.55477e+006 31.4416
405439 7.55477e+006 31.4416
405439 7.55477e+006 31.8578
405430 7.55478e+006 31.8578
405439 7.55477e+006 31.8578
405439 7.55477e+006 31.4416
405439 7.55477e+006 31.4416
405430 7.55478e+006 31.4416
405430 7.55478e+006 31.8578
405421 7.55478e+006 31.8578
405430 7.55478e+006 31.8578
405430 7.55478e+006 31.4416
405430 7.55478e+006 31.4416
405421 7.55478e+006 31.4416
405421 7.55478e+006 31.8578
405417 7.55477e+006 31.8578
405421 7.55478e+006 31.8578
405421 7.55478e+006 31.4416
405421 7.55478e+006 31.4416
405417 7.55477e+006 31.4416
405417 7.55477e+006 31.8578
405420 7.55476e+006 31.8578
405417 7.55477e+006 31.8578
405417 7.55477e+006 31.4416
405417 7.55477e+006 31.4416
405420 7.55476e+006 31.4416
405420 7.55476e+006 31.8578
