405394 7.55481e+006 21.5747
405394 7.55481e+006 21.5747
405393 7.55481e+006 21.5747
405393 7.55481e+006 21.5747
405394 7.55481e+006 21.5747
405394 7.55481e+006 21.5747
405394 7.55481e+006 21.5747
405394 7.55481e+006 21.5747
405394 7.55481e+006 22.0351
405394 7.55481e+006 22.0351
405394 7.55481e+006 22.0406
405394 7.55481e+006 21.5747
405393 7.55481e+006 21.5747
405394 7.55481e+006 21.5747
405394 7.55481e+006 22.0413
405394 7.55481e+006 22.0413
405393 7.55481e+006 22.0367
405393 7.55481e+006 21.5747
405394 7.55481e+006 21.5747
405394 7.55481e+006 21.5747
405394 7.55481e+006 22.0406
405394 7.55481e+006 22.0406
405394 7.55481e+006 22.0413
405394 7.55481e+006 21.5747
405394 7.55481e+006 22.0413
405394 7.55481e+006 22.0406
405394 7.55481e+006 22.0351
405394 7.55481e+006 22.0351
405393 7.55481e+006 22.0367
405394 7.55481e+006 22.0413
405396 7.55481e+006 21.5747
405396 7.55481e+006 21.5747
405396 7.55481e+006 21.5747
405396 7.55481e+006 21.5747
405396 7.55481e+006 21.5747
405396 7.55481e+006 21.5747
405396 7.55481e+006 21.5747
405396 7.55481e+006 21.5747
405396 7.55481e+006 22.0351
405396 7.55481e+006 22.0351
405396 7.55481e+006 22.0406
405396 7.55481e+006 21.5747
405396 7.55481e+006 21.5747
405396 7.55481e+006 21.5747
405396 7.55481e+006 22.0413
405396 7.55481e+006 22.0413
405396 7.55481e+006 22.0367
405396 7.55481e+006 21.5747
405396 7.55481e+006 21.5747
405396 7.55481e+006 21.5747
405396 7.55481e+006 22.0406
405396 7.55481e+006 22.0406
405396 7.55481e+006 22.0413
405396 7.55481e+006 21.5747
405396 7.55481e+006 22.0413
405396 7.55481e+006 22.0406
405396 7.55481e+006 22.0351
405396 7.55481e+006 22.0351
405396 7.55481e+006 22.0367
405396 7.55481e+006 22.0413
