405446 7.5548e+006 -1.3151
405447 7.5548e+006 -1.68096
405411 7.55482e+006 -1.70837
405411 7.55482e+006 -1.70837
405410 7.55482e+006 -1.34251
405446 7.5548e+006 -1.3151
405447 7.5548e+006 -1.68096
405447 7.5548e+006 -2.56432
405411 7.55482e+006 -2.59173
405411 7.55482e+006 -2.59173
405411 7.55482e+006 -1.70837
405447 7.5548e+006 -1.68096
405447 7.5548e+006 -2.56432
405447 7.5548e+006 -3.44773
405411 7.55482e+006 -3.47513
405411 7.55482e+006 -3.47513
405411 7.55482e+006 -2.59173
405447 7.5548e+006 -2.56432
405447 7.5548e+006 -3.44773
405446 7.5548e+006 -3.81369
405410 7.55482e+006 -3.8411
405410 7.55482e+006 -3.8411
405411 7.55482e+006 -3.47513
405447 7.5548e+006 -3.44773
405446 7.5548e+006 -3.81369
405446 7.5548e+006 -3.44784
405410 7.55482e+006 -3.47525
405410 7.55482e+006 -3.47525
405410 7.55482e+006 -3.8411
405446 7.5548e+006 -3.81369
405446 7.5548e+006 -3.44784
405446 7.5548e+006 -2.56448
405410 7.55481e+006 -2.59189
405410 7.55481e+006 -2.59189
405410 7.55482e+006 -3.47525
405446 7.5548e+006 -3.44784
405446 7.5548e+006 -2.56448
405446 7.5548e+006 -1.68107
405410 7.55482e+006 -1.70848
405410 7.55482e+006 -1.70848
405410 7.55481e+006 -2.59189
405446 7.5548e+006 -2.56448
405446 7.5548e+006 -1.68107
405446 7.5548e+006 -1.3151
405410 7.55482e+006 -1.34251
405410 7.55482e+006 -1.34251
405410 7.55482e+006 -1.70848
405446 7.5548e+006 -1.68107
405446 7.5548e+006 -2.56448
405446 7.5548e+006 -3.44784
405446 7.5548e+006 -3.81369
405446 7.5548e+006 -3.81369
405447 7.5548e+006 -3.44773
405447 7.5548e+006 -2.56432
405447 7.5548e+006 -2.56432
405447 7.5548e+006 -1.68096
405446 7.5548e+006 -1.3151
405446 7.5548e+006 -3.81369
405447 7.5548e+006 -2.56432
405446 7.5548e+006 -1.3151
405446 7.5548e+006 -2.56448
405446 7.5548e+006 -3.81369
405446 7.5548e+006 -1.3151
405446 7.5548e+006 -1.68107
405446 7.5548e+006 -2.56448
405446 7.5548e+006 -1.3151
405411 7.55482e+006 -1.70837
405411 7.55482e+006 -2.59173
405411 7.55482e+006 -3.47513
405411 7.55482e+006 -3.47513
405410 7.55482e+006 -3.8411
405410 7.55482e+006 -3.47525
405410 7.55482e+006 -3.47525
405410 7.55481e+006 -2.59189
405410 7.55482e+006 -1.70848
405411 7.55482e+006 -3.47513
405410 7.55482e+006 -3.47525
405410 7.55482e+006 -1.70848
405411 7.55482e+006 -1.70837
405411 7.55482e+006 -3.47513
405410 7.55482e+006 -1.70848
405410 7.55482e+006 -1.34251
405411 7.55482e+006 -1.70837
405410 7.55482e+006 -1.70848
405440 7.55477e+006 -2.59276
405449 7.55479e+006 11.541
405449 7.55479e+006 11.1218
405449 7.55479e+006 11.1218
405439 7.55477e+006 -3.01196
405440 7.55477e+006 -2.59276
405439 7.55477e+006 -3.01196
405449 7.55479e+006 11.1218
405449 7.55479e+006 10.6291
405449 7.55479e+006 10.6291
405440 7.55477e+006 -3.50462
405439 7.55477e+006 -3.01196
405440 7.55477e+006 -3.50462
405449 7.55479e+006 10.6291
405450 7.55479e+006 10.3516
405450 7.55479e+006 10.3516
405440 7.55477e+006 -3.78216
405440 7.55477e+006 -3.50462
405440 7.55477e+006 -3.78216
405450 7.55479e+006 10.3516
405450 7.55479e+006 10.4518
405450 7.55479e+006 10.4518
405441 7.55477e+006 -3.68199
405440 7.55477e+006 -3.78216
405441 7.55477e+006 -3.68199
405450 7.55479e+006 10.4518
405450 7.55479e+006 10.871
405450 7.55479e+006 10.871
405441 7.55477e+006 -3.26279
405441 7.55477e+006 -3.68199
405441 7.55477e+006 -3.26279
405450 7.55479e+006 10.871
405450 7.55479e+006 11.3636
405450 7.55479e+006 11.3636
405441 7.55477e+006 -2.77013
405441 7.55477e+006 -3.26279
405441 7.55477e+006 -2.77013
405450 7.55479e+006 11.3636
405450 7.55479e+006 11.6412
405450 7.55479e+006 11.6412
405440 7.55477e+006 -2.49259
405441 7.55477e+006 -2.77013
405440 7.55477e+006 -2.49259
405450 7.55479e+006 11.6412
405449 7.55479e+006 11.541
405449 7.55479e+006 11.541
405440 7.55477e+006 -2.59276
405440 7.55477e+006 -2.49259
405440 7.55477e+006 -2.59276
405439 7.55477e+006 -3.01196
405440 7.55477e+006 -3.50462
405440 7.55477e+006 -3.50462
405440 7.55477e+006 -3.78216
405441 7.55477e+006 -3.68199
405440 7.55477e+006 -2.59276
405440 7.55477e+006 -3.50462
405441 7.55477e+006 -3.68199
405441 7.55477e+006 -3.68199
405441 7.55477e+006 -3.26279
405441 7.55477e+006 -2.77013
405440 7.55477e+006 -2.59276
405441 7.55477e+006 -3.68199
405441 7.55477e+006 -2.77013
405440 7.55477e+006 -2.49259
405440 7.55477e+006 -2.59276
405441 7.55477e+006 -2.77013
405450 7.55479e+006 11.6412
405450 7.55479e+006 11.3636
405450 7.55479e+006 10.871
405450 7.55479e+006 10.871
405450 7.55479e+006 10.4518
405450 7.55479e+006 10.3516
405450 7.55479e+006 11.6412
405450 7.55479e+006 10.871
405450 7.55479e+006 10.3516
405450 7.55479e+006 10.3516
405449 7.55479e+006 10.6291
405449 7.55479e+006 11.1218
405450 7.55479e+006 11.6412
405450 7.55479e+006 10.3516
405449 7.55479e+006 11.1218
405449 7.55479e+006 11.541
405450 7.55479e+006 11.6412
405449 7.55479e+006 11.1218
405417 7.55478e+006 -7.80482
405417 7.55478e+006 -8.09792
405417 7.55478e+006 -8.80477
405417 7.55478e+006 -8.80477
405417 7.55478e+006 -9.51133
405417 7.55478e+006 -9.8037
405417 7.55478e+006 -7.80482
405417 7.55478e+006 -8.80477
405417 7.55478e+006 -9.8037
405417 7.55478e+006 -9.8037
405418 7.55478e+006 -9.5106
405418 7.55478e+006 -8.80375
405417 7.55478e+006 -7.80482
405417 7.55478e+006 -9.8037
405418 7.55478e+006 -8.80375
405418 7.55478e+006 -8.09719
405417 7.55478e+006 -7.80482
405418 7.55478e+006 -8.80375
405417 7.55478e+006 -7.80482
405447 7.55479e+006 -7.78894
405447 7.5548e+006 -8.08203
405447 7.5548e+006 -8.08203
405417 7.55478e+006 -8.09792
405417 7.55478e+006 -7.80482
405417 7.55478e+006 -8.09792
405447 7.5548e+006 -8.08203
405447 7.5548e+006 -8.78889
405447 7.5548e+006 -8.78889
405417 7.55478e+006 -8.80477
405417 7.55478e+006 -8.09792
405417 7.55478e+006 -8.80477
405447 7.5548e+006 -8.78889
405447 7.5548e+006 -9.49545
405447 7.5548e+006 -9.49545
405417 7.55478e+006 -9.51133
405417 7.55478e+006 -8.80477
405417 7.55478e+006 -9.51133
405447 7.5548e+006 -9.49545
405447 7.55479e+006 -9.78781
405447 7.55479e+006 -9.78781
405417 7.55478e+006 -9.8037
405417 7.55478e+006 -9.51133
405417 7.55478e+006 -9.8037
405447 7.55479e+006 -9.78781
405448 7.55479e+006 -9.49472
405448 7.55479e+006 -9.49472
405418 7.55478e+006 -9.5106
405417 7.55478e+006 -9.8037
405418 7.55478e+006 -9.5106
405448 7.55479e+006 -9.49472
405448 7.55479e+006 -8.78786
405448 7.55479e+006 -8.78786
405418 7.55478e+006 -8.80375
405418 7.55478e+006 -9.5106
405418 7.55478e+006 -8.80375
405448 7.55479e+006 -8.78786
405448 7.55479e+006 -8.0813
405448 7.55479e+006 -8.0813
405418 7.55478e+006 -8.09719
405418 7.55478e+006 -8.80375
405418 7.55478e+006 -8.09719
405448 7.55479e+006 -8.0813
405447 7.55479e+006 -7.78894
405447 7.55479e+006 -7.78894
405417 7.55478e+006 -7.80482
405418 7.55478e+006 -8.09719
405448 7.55479e+006 -8.78786
405448 7.55479e+006 -9.49472
405447 7.55479e+006 -9.78781
405447 7.55479e+006 -9.78781
405447 7.5548e+006 -9.49545
405447 7.5548e+006 -8.78889
405448 7.55479e+006 -8.78786
405447 7.55479e+006 -9.78781
405447 7.5548e+006 -8.78889
405447 7.5548e+006 -8.78889
405447 7.5548e+006 -8.08203
405447 7.55479e+006 -7.78894
405448 7.55479e+006 -8.78786
405447 7.5548e+006 -8.78889
405447 7.55479e+006 -7.78894
405448 7.55479e+006 -8.0813
405448 7.55479e+006 -8.78786
405447 7.55479e+006 -7.78894
405394 7.55479e+006 -2.62736
405394 7.55479e+006 -3.04611
405404 7.55481e+006 10.4676
405404 7.55481e+006 10.4676
405403 7.55481e+006 10.8863
405394 7.55479e+006 -2.62736
405394 7.55479e+006 -3.04611
405394 7.55479e+006 -3.53893
405404 7.55481e+006 9.97476
405404 7.55481e+006 9.97476
405404 7.55481e+006 10.4676
405394 7.55479e+006 -3.04611
405394 7.55479e+006 -3.53893
405394 7.55479e+006 -3.81715
405403 7.55481e+006 9.69655
405403 7.55481e+006 9.69655
405404 7.55481e+006 9.97476
405394 7.55479e+006 -3.53893
405394 7.55479e+006 -3.81715
405393 7.55479e+006 -3.71778
405403 7.55481e+006 9.79592
405403 7.55481e+006 9.79592
405403 7.55481e+006 9.69655
405394 7.55479e+006 -3.81715
405393 7.55479e+006 -3.71778
405393 7.55479e+006 -3.29903
405402 7.55481e+006 10.2147
405402 7.55481e+006 10.2147
405403 7.55481e+006 9.79592
405393 7.55479e+006 -3.71778
405393 7.55479e+006 -3.29903
405393 7.55479e+006 -2.80621
405402 7.55481e+006 10.7075
405402 7.55481e+006 10.7075
405402 7.55481e+006 10.2147
405393 7.55479e+006 -3.29903
405393 7.55479e+006 -2.80621
405393 7.55479e+006 -2.52799
405403 7.55481e+006 10.9857
405403 7.55481e+006 10.9857
405402 7.55481e+006 10.7075
405393 7.55479e+006 -2.80621
405393 7.55479e+006 -2.52799
405394 7.55479e+006 -2.62736
405403 7.55481e+006 10.8863
405403 7.55481e+006 10.8863
405403 7.55481e+006 10.9857
405393 7.55479e+006 -2.52799
405393 7.55479e+006 -2.80621
405393 7.55479e+006 -3.29903
405393 7.55479e+006 -3.71778
405393 7.55479e+006 -3.71778
405394 7.55479e+006 -3.81715
405394 7.55479e+006 -3.53893
405394 7.55479e+006 -3.53893
405394 7.55479e+006 -3.04611
405394 7.55479e+006 -2.62736
405393 7.55479e+006 -3.71778
405394 7.55479e+006 -3.53893
405394 7.55479e+006 -2.62736
405393 7.55479e+006 -2.80621
405393 7.55479e+006 -3.71778
405394 7.55479e+006 -2.62736
405393 7.55479e+006 -2.52799
405393 7.55479e+006 -2.80621
405394 7.55479e+006 -2.62736
405404 7.55481e+006 10.4676
405404 7.55481e+006 9.97476
405403 7.55481e+006 9.69655
405403 7.55481e+006 9.69655
405403 7.55481e+006 9.79592
405402 7.55481e+006 10.2147
405402 7.55481e+006 10.2147
405402 7.55481e+006 10.7075
405403 7.55481e+006 10.9857
405403 7.55481e+006 9.69655
405402 7.55481e+006 10.2147
405403 7.55481e+006 10.9857
405404 7.55481e+006 10.4676
405403 7.55481e+006 9.69655
405403 7.55481e+006 10.9857
405403 7.55481e+006 10.8863
405404 7.55481e+006 10.4676
405403 7.55481e+006 10.9857
405413 7.55478e+006 -8.80743
405413 7.55478e+006 -9.51396
405414 7.55478e+006 -9.80627
405414 7.55478e+006 -9.80627
405415 7.55478e+006 -9.51313
405415 7.55478e+006 -8.80625
405415 7.55478e+006 -8.80625
405415 7.55478e+006 -8.09971
405414 7.55478e+006 -7.8074
405414 7.55478e+006 -9.80627
405415 7.55478e+006 -8.80625
405414 7.55478e+006 -7.8074
405413 7.55478e+006 -8.80743
405414 7.55478e+006 -9.80627
405414 7.55478e+006 -7.8074
405413 7.55478e+006 -8.10055
405413 7.55478e+006 -8.80743
405414 7.55478e+006 -7.8074
405414 7.55478e+006 -7.8074
405415 7.55478e+006 -8.09971
405407 7.55481e+006 -8.11251
405407 7.55481e+006 -8.11251
405406 7.55481e+006 -7.8202
405414 7.55478e+006 -7.8074
405415 7.55478e+006 -8.09971
405415 7.55478e+006 -8.80625
405407 7.55481e+006 -8.81905
405407 7.55481e+006 -8.81905
405407 7.55481e+006 -8.11251
405415 7.55478e+006 -8.09971
405415 7.55478e+006 -8.80625
405415 7.55478e+006 -9.51313
405407 7.55481e+006 -9.52593
405407 7.55481e+006 -9.52593
405407 7.55481e+006 -8.81905
405415 7.55478e+006 -8.80625
405415 7.55478e+006 -9.51313
405414 7.55478e+006 -9.80627
405406 7.55481e+006 -9.81907
405406 7.55481e+006 -9.81907
405407 7.55481e+006 -9.52593
405415 7.55478e+006 -9.51313
405414 7.55478e+006 -9.80627
405413 7.55478e+006 -9.51396
405406 7.55481e+006 -9.52676
405406 7.55481e+006 -9.52676
405406 7.55481e+006 -9.81907
405414 7.55478e+006 -9.80627
405413 7.55478e+006 -9.51396
405413 7.55478e+006 -8.80743
405405 7.55481e+006 -8.82023
405405 7.55481e+006 -8.82023
405406 7.55481e+006 -9.52676
405413 7.55478e+006 -9.51396
405413 7.55478e+006 -8.80743
405413 7.55478e+006 -8.10055
405406 7.55481e+006 -8.11335
405406 7.55481e+006 -8.11335
405405 7.55481e+006 -8.82023
405413 7.55478e+006 -8.80743
405413 7.55478e+006 -8.10055
405414 7.55478e+006 -7.8074
405406 7.55481e+006 -7.8202
405406 7.55481e+006 -7.8202
405406 7.55481e+006 -8.11335
405413 7.55478e+006 -8.10055
405406 7.55481e+006 -7.8202
405407 7.55481e+006 -8.11251
405407 7.55481e+006 -8.81905
405407 7.55481e+006 -8.81905
405407 7.55481e+006 -9.52593
405406 7.55481e+006 -9.81907
405406 7.55481e+006 -9.81907
405406 7.55481e+006 -9.52676
405405 7.55481e+006 -8.82023
405407 7.55481e+006 -8.81905
405406 7.55481e+006 -9.81907
405405 7.55481e+006 -8.82023
405406 7.55481e+006 -7.8202
405407 7.55481e+006 -8.81905
405405 7.55481e+006 -8.82023
405406 7.55481e+006 -8.11335
405406 7.55481e+006 -7.8202
405405 7.55481e+006 -8.82023
405462 7.55482e+006 -2.58923
405462 7.55482e+006 -3.00846
405453 7.5548e+006 11.1224
405453 7.5548e+006 11.1224
405453 7.5548e+006 11.5416
405462 7.55482e+006 -2.58923
405462 7.55482e+006 -3.00846
405462 7.55482e+006 -3.50116
405453 7.5548e+006 10.6297
405453 7.5548e+006 10.6297
405453 7.5548e+006 11.1224
405462 7.55482e+006 -3.00846
405462 7.55482e+006 -3.50116
405462 7.55482e+006 -3.77872
405453 7.5548e+006 10.3521
405453 7.5548e+006 10.3521
405453 7.5548e+006 10.6297
405462 7.55482e+006 -3.50116
405462 7.55482e+006 -3.77872
405463 7.55482e+006 -3.67854
405453 7.5548e+006 10.4523
405453 7.5548e+006 10.4523
405453 7.5548e+006 10.3521
405462 7.55482e+006 -3.77872
405463 7.55482e+006 -3.67854
405463 7.55482e+006 -3.25931
405454 7.5548e+006 10.8715
405454 7.5548e+006 10.8715
405453 7.5548e+006 10.4523
405463 7.55482e+006 -3.67854
405463 7.55482e+006 -3.25931
405463 7.55482e+006 -2.76661
405454 7.5548e+006 11.3642
405454 7.5548e+006 11.3642
405454 7.5548e+006 10.8715
405463 7.55482e+006 -3.25931
405463 7.55482e+006 -2.76661
405463 7.55482e+006 -2.48905
405454 7.5548e+006 11.6418
405454 7.5548e+006 11.6418
405454 7.5548e+006 11.3642
405463 7.55482e+006 -2.76661
405463 7.55482e+006 -2.48905
405462 7.55482e+006 -2.58923
405453 7.5548e+006 11.5416
405453 7.5548e+006 11.5416
405454 7.5548e+006 11.6418
405463 7.55482e+006 -2.48905
405463 7.55482e+006 -2.76661
405463 7.55482e+006 -3.25931
405463 7.55482e+006 -3.67854
405463 7.55482e+006 -3.67854
405462 7.55482e+006 -3.77872
405462 7.55482e+006 -3.50116
405462 7.55482e+006 -3.50116
405462 7.55482e+006 -3.00846
405462 7.55482e+006 -2.58923
405463 7.55482e+006 -3.67854
405462 7.55482e+006 -3.50116
405462 7.55482e+006 -2.58923
405463 7.55482e+006 -2.76661
405463 7.55482e+006 -3.67854
405462 7.55482e+006 -2.58923
405463 7.55482e+006 -2.48905
405463 7.55482e+006 -2.76661
405462 7.55482e+006 -2.58923
405453 7.5548e+006 11.1224
405453 7.5548e+006 10.6297
405453 7.5548e+006 10.3521
405453 7.5548e+006 10.3521
405453 7.5548e+006 10.4523
405454 7.5548e+006 10.8715
405454 7.5548e+006 10.8715
405454 7.5548e+006 11.3642
405454 7.5548e+006 11.6418
405453 7.5548e+006 10.3521
405454 7.5548e+006 10.8715
405454 7.5548e+006 11.6418
405453 7.5548e+006 11.1224
405453 7.5548e+006 10.3521
405454 7.5548e+006 11.6418
405453 7.5548e+006 11.5416
405453 7.5548e+006 11.1224
405454 7.5548e+006 11.6418
405444 7.55483e+006 -8.79967
405444 7.55483e+006 -9.50655
405443 7.55483e+006 -9.7997
405443 7.55483e+006 -9.7997
405443 7.55483e+006 -9.50739
405442 7.55483e+006 -8.80086
405442 7.55483e+006 -8.80086
405443 7.55483e+006 -8.09398
405443 7.55483e+006 -7.80083
405443 7.55483e+006 -9.7997
405442 7.55483e+006 -8.80086
405443 7.55483e+006 -7.80083
405444 7.55483e+006 -8.79967
405443 7.55483e+006 -9.7997
405443 7.55483e+006 -7.80083
405444 7.55483e+006 -8.09314
405444 7.55483e+006 -8.79967
405443 7.55483e+006 -7.80083
405443 7.55483e+006 -7.80083
405443 7.55483e+006 -8.09398
405450 7.5548e+006 -8.08163
405450 7.5548e+006 -8.08163
405450 7.5548e+006 -7.78849
405443 7.55483e+006 -7.80083
405443 7.55483e+006 -8.09398
405442 7.55483e+006 -8.80086
405449 7.5548e+006 -8.78851
405449 7.5548e+006 -8.78851
405450 7.5548e+006 -8.08163
405443 7.55483e+006 -8.09398
405442 7.55483e+006 -8.80086
405443 7.55483e+006 -9.50739
405450 7.5548e+006 -9.49505
405450 7.5548e+006 -9.49505
405449 7.5548e+006 -8.78851
405442 7.55483e+006 -8.80086
405443 7.55483e+006 -9.50739
405443 7.55483e+006 -9.7997
405450 7.5548e+006 -9.78736
405450 7.5548e+006 -9.78736
405450 7.5548e+006 -9.49505
405443 7.55483e+006 -9.50739
405443 7.55483e+006 -9.7997
405444 7.55483e+006 -9.50655
405451 7.5548e+006 -9.49421
405451 7.5548e+006 -9.49421
405450 7.5548e+006 -9.78736
405443 7.55483e+006 -9.7997
405444 7.55483e+006 -9.50655
405444 7.55483e+006 -8.79967
405451 7.5548e+006 -8.78733
405451 7.5548e+006 -8.78733
405451 7.5548e+006 -9.49421
405444 7.55483e+006 -9.50655
405444 7.55483e+006 -8.79967
405444 7.55483e+006 -8.09314
405451 7.5548e+006 -8.0808
405451 7.5548e+006 -8.0808
405451 7.5548e+006 -8.78733
405444 7.55483e+006 -8.79967
405444 7.55483e+006 -8.09314
405443 7.55483e+006 -7.80083
405450 7.5548e+006 -7.78849
405450 7.5548e+006 -7.78849
405451 7.5548e+006 -8.0808
405444 7.55483e+006 -8.09314
405450 7.5548e+006 -7.78849
405450 7.5548e+006 -8.08163
405449 7.5548e+006 -8.78851
405449 7.5548e+006 -8.78851
405450 7.5548e+006 -9.49505
405450 7.5548e+006 -9.78736
405450 7.5548e+006 -9.78736
405451 7.5548e+006 -9.49421
405451 7.5548e+006 -8.78733
405449 7.5548e+006 -8.78851
405450 7.5548e+006 -9.78736
405451 7.5548e+006 -8.78733
405450 7.5548e+006 -7.78849
405449 7.5548e+006 -8.78851
405451 7.5548e+006 -8.78733
405451 7.5548e+006 -8.0808
405450 7.5548e+006 -7.78849
405451 7.5548e+006 -8.78733
405417 7.55484e+006 -2.62386
405407 7.55482e+006 11.507
405408 7.55482e+006 11.0882
405408 7.55482e+006 11.0882
405417 7.55484e+006 -3.04263
405417 7.55484e+006 -2.62386
405417 7.55484e+006 -3.04263
405408 7.55482e+006 11.0882
405407 7.55482e+006 10.5954
405407 7.55482e+006 10.5954
405417 7.55484e+006 -3.5355
405417 7.55484e+006 -3.04263
405417 7.55484e+006 -3.5355
405407 7.55482e+006 10.5954
405407 7.55482e+006 10.3171
405407 7.55482e+006 10.3171
405416 7.55484e+006 -3.81374
405417 7.55484e+006 -3.5355
405416 7.55484e+006 -3.81374
405407 7.55482e+006 10.3171
405406 7.55482e+006 10.4165
405406 7.55482e+006 10.4165
405416 7.55484e+006 -3.71436
405416 7.55484e+006 -3.81374
405416 7.55484e+006 -3.71436
405406 7.55482e+006 10.4165
405406 7.55482e+006 10.8353
405406 7.55482e+006 10.8353
405416 7.55484e+006 -3.29558
405416 7.55484e+006 -3.71436
405416 7.55484e+006 -3.29558
405406 7.55482e+006 10.8353
405406 7.55482e+006 11.3281
405406 7.55482e+006 11.3281
405416 7.55484e+006 -2.80271
405416 7.55484e+006 -3.29558
405416 7.55484e+006 -2.80271
405406 7.55482e+006 11.3281
405407 7.55482e+006 11.6064
405407 7.55482e+006 11.6064
405416 7.55484e+006 -2.52448
405416 7.55484e+006 -2.80271
405416 7.55484e+006 -2.52448
405407 7.55482e+006 11.6064
405407 7.55482e+006 11.507
405407 7.55482e+006 11.507
405417 7.55484e+006 -2.62386
405416 7.55484e+006 -2.52448
405417 7.55484e+006 -2.62386
405417 7.55484e+006 -3.04263
405417 7.55484e+006 -3.5355
405417 7.55484e+006 -3.5355
405416 7.55484e+006 -3.81374
405416 7.55484e+006 -3.71436
405417 7.55484e+006 -2.62386
405417 7.55484e+006 -3.5355
405416 7.55484e+006 -3.71436
405416 7.55484e+006 -3.71436
405416 7.55484e+006 -3.29558
405416 7.55484e+006 -2.80271
405417 7.55484e+006 -2.62386
405416 7.55484e+006 -3.71436
405416 7.55484e+006 -2.80271
405416 7.55484e+006 -2.52448
405417 7.55484e+006 -2.62386
405416 7.55484e+006 -2.80271
405407 7.55482e+006 11.6064
405406 7.55482e+006 11.3281
405406 7.55482e+006 10.8353
405406 7.55482e+006 10.8353
405406 7.55482e+006 10.4165
405407 7.55482e+006 10.3171
405407 7.55482e+006 11.6064
405406 7.55482e+006 10.8353
405407 7.55482e+006 10.3171
405407 7.55482e+006 10.3171
405407 7.55482e+006 10.5954
405408 7.55482e+006 11.0882
405407 7.55482e+006 11.6064
405407 7.55482e+006 10.3171
405408 7.55482e+006 11.0882
405407 7.55482e+006 11.507
405407 7.55482e+006 11.6064
405408 7.55482e+006 11.0882
405440 7.55484e+006 -7.80341
405440 7.55484e+006 -8.09577
405440 7.55484e+006 -8.80233
405440 7.55484e+006 -8.80233
405440 7.55484e+006 -9.50919
405440 7.55484e+006 -9.80228
405440 7.55484e+006 -7.80341
405440 7.55484e+006 -8.80233
405440 7.55484e+006 -9.80228
405440 7.55484e+006 -9.80228
405440 7.55484e+006 -9.50991
405439 7.55484e+006 -8.80335
405440 7.55484e+006 -7.80341
405440 7.55484e+006 -9.80228
405439 7.55484e+006 -8.80335
405440 7.55484e+006 -8.0965
405440 7.55484e+006 -7.80341
405439 7.55484e+006 -8.80335
405440 7.55484e+006 -7.80341
405409 7.55482e+006 -7.81995
405409 7.55482e+006 -8.11232
405409 7.55482e+006 -8.11232
405440 7.55484e+006 -8.09577
405440 7.55484e+006 -7.80341
405440 7.55484e+006 -8.09577
405409 7.55482e+006 -8.11232
405409 7.55482e+006 -8.81887
405409 7.55482e+006 -8.81887
405440 7.55484e+006 -8.80233
405440 7.55484e+006 -8.09577
405440 7.55484e+006 -8.80233
405409 7.55482e+006 -8.81887
405409 7.55482e+006 -9.52573
405409 7.55482e+006 -9.52573
405440 7.55484e+006 -9.50919
405440 7.55484e+006 -8.80233
405440 7.55484e+006 -9.50919
405409 7.55482e+006 -9.52573
405409 7.55482e+006 -9.81882
405409 7.55482e+006 -9.81882
405440 7.55484e+006 -9.80228
405440 7.55484e+006 -9.50919
405440 7.55484e+006 -9.80228
405409 7.55482e+006 -9.81882
405409 7.55482e+006 -9.52646
405409 7.55482e+006 -9.52646
405440 7.55484e+006 -9.50991
405440 7.55484e+006 -9.80228
405440 7.55484e+006 -9.50991
405409 7.55482e+006 -9.52646
405409 7.55482e+006 -8.8199
405409 7.55482e+006 -8.8199
405439 7.55484e+006 -8.80335
405440 7.55484e+006 -9.50991
405439 7.55484e+006 -8.80335
405409 7.55482e+006 -8.8199
405409 7.55482e+006 -8.11304
405409 7.55482e+006 -8.11304
405440 7.55484e+006 -8.0965
405439 7.55484e+006 -8.80335
405440 7.55484e+006 -8.0965
405409 7.55482e+006 -8.11304
405409 7.55482e+006 -7.81995
405409 7.55482e+006 -7.81995
405440 7.55484e+006 -7.80341
405440 7.55484e+006 -8.0965
405409 7.55482e+006 -8.8199
405409 7.55482e+006 -9.52646
405409 7.55482e+006 -9.81882
405409 7.55482e+006 -9.81882
405409 7.55482e+006 -9.52573
405409 7.55482e+006 -8.81887
405409 7.55482e+006 -8.8199
405409 7.55482e+006 -9.81882
405409 7.55482e+006 -8.81887
405409 7.55482e+006 -8.81887
405409 7.55482e+006 -8.11232
405409 7.55482e+006 -7.81995
405409 7.55482e+006 -8.8199
405409 7.55482e+006 -8.81887
405409 7.55482e+006 -7.81995
405409 7.55482e+006 -8.11304
405409 7.55482e+006 -8.8199
405409 7.55482e+006 -7.81995
405433 7.55477e+006 -1.31712
405397 7.55479e+006 -1.34453
405397 7.55479e+006 -1.7105
405397 7.55479e+006 -1.7105
405433 7.55477e+006 -1.68309
405433 7.55477e+006 -1.31712
405433 7.55477e+006 -1.68309
405397 7.55479e+006 -1.7105
405397 7.55479e+006 -2.59391
405397 7.55479e+006 -2.59391
405433 7.55477e+006 -2.5665
405433 7.55477e+006 -1.68309
405433 7.55477e+006 -2.5665
405397 7.55479e+006 -2.59391
405397 7.55479e+006 -3.47727
405397 7.55479e+006 -3.47727
405433 7.55477e+006 -3.44986
405433 7.55477e+006 -2.5665
405433 7.55477e+006 -3.44986
405397 7.55479e+006 -3.47727
405397 7.55479e+006 -3.84312
405397 7.55479e+006 -3.84312
405433 7.55477e+006 -3.81571
405433 7.55477e+006 -3.44986
405433 7.55477e+006 -3.81571
405397 7.55479e+006 -3.84312
405397 7.55479e+006 -3.47715
405397 7.55479e+006 -3.47715
405434 7.55477e+006 -3.44975
405433 7.55477e+006 -3.81571
405434 7.55477e+006 -3.44975
405397 7.55479e+006 -3.47715
405398 7.55479e+006 -2.59375
405398 7.55479e+006 -2.59375
405434 7.55477e+006 -2.56634
405434 7.55477e+006 -3.44975
405434 7.55477e+006 -2.56634
405398 7.55479e+006 -2.59375
405397 7.55479e+006 -1.71039
405397 7.55479e+006 -1.71039
405434 7.55477e+006 -1.68298
405434 7.55477e+006 -2.56634
405434 7.55477e+006 -1.68298
405397 7.55479e+006 -1.71039
405397 7.55479e+006 -1.34453
405397 7.55479e+006 -1.34453
405433 7.55477e+006 -1.31712
405434 7.55477e+006 -1.68298
405433 7.55477e+006 -1.31712
405433 7.55477e+006 -1.68309
405433 7.55477e+006 -2.5665
405433 7.55477e+006 -2.5665
405433 7.55477e+006 -3.44986
405433 7.55477e+006 -3.81571
405433 7.55477e+006 -1.31712
405433 7.55477e+006 -2.5665
405433 7.55477e+006 -3.81571
405433 7.55477e+006 -3.81571
405434 7.55477e+006 -3.44975
405434 7.55477e+006 -2.56634
405433 7.55477e+006 -1.31712
405433 7.55477e+006 -3.81571
405434 7.55477e+006 -2.56634
405434 7.55477e+006 -1.68298
405433 7.55477e+006 -1.31712
405434 7.55477e+006 -2.56634
405397 7.55479e+006 -1.71039
405398 7.55479e+006 -2.59375
405397 7.55479e+006 -3.47715
405397 7.55479e+006 -3.47715
405397 7.55479e+006 -3.84312
405397 7.55479e+006 -3.47727
405397 7.55479e+006 -1.71039
405397 7.55479e+006 -3.47715
405397 7.55479e+006 -3.47727
405397 7.55479e+006 -3.47727
405397 7.55479e+006 -2.59391
405397 7.55479e+006 -1.7105
405397 7.55479e+006 -1.71039
405397 7.55479e+006 -3.47727
405397 7.55479e+006 -1.7105
405397 7.55479e+006 -1.34453
405397 7.55479e+006 -1.71039
405397 7.55479e+006 -1.7105
405431 7.55477e+006 -7.5448
405400 7.55479e+006 -7.56836
405399 7.55479e+006 -7.93432
405399 7.55479e+006 -7.93432
405430 7.55477e+006 -7.91077
405431 7.55477e+006 -7.5448
405430 7.55477e+006 -7.91077
405399 7.55479e+006 -7.93432
405399 7.55479e+006 -8.81773
405399 7.55479e+006 -8.81773
405430 7.55477e+006 -8.79417
405430 7.55477e+006 -7.91077
405430 7.55477e+006 -8.79417
405399 7.55479e+006 -8.81773
405399 7.55479e+006 -9.70109
405399 7.55479e+006 -9.70109
405430 7.55477e+006 -9.67754
405430 7.55477e+006 -8.79417
405430 7.55477e+006 -9.67754
405399 7.55479e+006 -9.70109
405400 7.55479e+006 -10.0669
405400 7.55479e+006 -10.0669
405431 7.55477e+006 -10.0434
405430 7.55477e+006 -9.67754
405431 7.55477e+006 -10.0434
405400 7.55479e+006 -10.0669
405400 7.55479e+006 -9.70098
405400 7.55479e+006 -9.70098
405431 7.55477e+006 -9.67742
405431 7.55477e+006 -10.0434
405431 7.55477e+006 -9.67742
405400 7.55479e+006 -9.70098
405400 7.55479e+006 -8.81757
405400 7.55479e+006 -8.81757
405431 7.55477e+006 -8.79401
405431 7.55477e+006 -9.67742
405431 7.55477e+006 -8.79401
405400 7.55479e+006 -8.81757
405400 7.55479e+006 -7.93421
405400 7.55479e+006 -7.93421
405431 7.55477e+006 -7.91065
405431 7.55477e+006 -8.79401
405431 7.55477e+006 -7.91065
405400 7.55479e+006 -7.93421
405400 7.55479e+006 -7.56836
405400 7.55479e+006 -7.56836
405431 7.55477e+006 -7.5448
405431 7.55477e+006 -7.91065
405431 7.55477e+006 -7.5448
405430 7.55477e+006 -7.91077
405430 7.55477e+006 -8.79417
405430 7.55477e+006 -8.79417
405430 7.55477e+006 -9.67754
405431 7.55477e+006 -10.0434
405431 7.55477e+006 -7.5448
405430 7.55477e+006 -8.79417
405431 7.55477e+006 -10.0434
405431 7.55477e+006 -10.0434
405431 7.55477e+006 -9.67742
405431 7.55477e+006 -8.79401
405431 7.55477e+006 -7.5448
405431 7.55477e+006 -10.0434
405431 7.55477e+006 -8.79401
405431 7.55477e+006 -7.91065
405431 7.55477e+006 -7.5448
405431 7.55477e+006 -8.79401
405400 7.55479e+006 -7.93421
405400 7.55479e+006 -8.81757
405400 7.55479e+006 -9.70098
405400 7.55479e+006 -9.70098
405400 7.55479e+006 -10.0669
405399 7.55479e+006 -9.70109
405400 7.55479e+006 -7.93421
405400 7.55479e+006 -9.70098
405399 7.55479e+006 -9.70109
405399 7.55479e+006 -9.70109
405399 7.55479e+006 -8.81773
405399 7.55479e+006 -7.93432
405400 7.55479e+006 -7.93421
405399 7.55479e+006 -9.70109
405399 7.55479e+006 -7.93432
405400 7.55479e+006 -7.56836
405400 7.55479e+006 -7.93421
405399 7.55479e+006 -7.93432
405459 7.55483e+006 -1.31308
405460 7.55483e+006 -1.67894
405424 7.55485e+006 -1.70634
405424 7.55485e+006 -1.70634
405423 7.55484e+006 -1.34049
405459 7.55483e+006 -1.31308
405460 7.55483e+006 -1.67894
405460 7.55483e+006 -2.5623
405424 7.55485e+006 -2.5897
405424 7.55485e+006 -2.5897
405424 7.55485e+006 -1.70634
405460 7.55483e+006 -1.67894
405460 7.55483e+006 -2.5623
405460 7.55483e+006 -3.4457
405424 7.55485e+006 -3.47311
405424 7.55485e+006 -3.47311
405424 7.55485e+006 -2.5897
405460 7.55483e+006 -2.5623
405460 7.55483e+006 -3.4457
405459 7.55483e+006 -3.81167
405423 7.55484e+006 -3.83908
405423 7.55484e+006 -3.83908
405424 7.55485e+006 -3.47311
405460 7.55483e+006 -3.4457
405459 7.55483e+006 -3.81167
405459 7.55483e+006 -3.44582
405423 7.55484e+006 -3.47323
405423 7.55484e+006 -3.47323
405423 7.55484e+006 -3.83908
405459 7.55483e+006 -3.81167
405459 7.55483e+006 -3.44582
405459 7.55483e+006 -2.56246
405423 7.55484e+006 -2.58987
405423 7.55484e+006 -2.58987
405423 7.55484e+006 -3.47323
405459 7.55483e+006 -3.44582
405459 7.55483e+006 -2.56246
405459 7.55483e+006 -1.67905
405423 7.55484e+006 -1.70646
405423 7.55484e+006 -1.70646
405423 7.55484e+006 -2.58987
405459 7.55483e+006 -2.56246
405459 7.55483e+006 -1.67905
405459 7.55483e+006 -1.31308
405423 7.55484e+006 -1.34049
405423 7.55484e+006 -1.34049
405423 7.55484e+006 -1.70646
405459 7.55483e+006 -1.67905
405459 7.55483e+006 -2.56246
405459 7.55483e+006 -3.44582
405459 7.55483e+006 -3.81167
405459 7.55483e+006 -3.81167
405460 7.55483e+006 -3.4457
405460 7.55483e+006 -2.5623
405460 7.55483e+006 -2.5623
405460 7.55483e+006 -1.67894
405459 7.55483e+006 -1.31308
405459 7.55483e+006 -3.81167
405460 7.55483e+006 -2.5623
405459 7.55483e+006 -1.31308
405459 7.55483e+006 -2.56246
405459 7.55483e+006 -3.81167
405459 7.55483e+006 -1.31308
405459 7.55483e+006 -1.67905
405459 7.55483e+006 -2.56246
405459 7.55483e+006 -1.31308
405424 7.55485e+006 -1.70634
405424 7.55485e+006 -2.5897
405424 7.55485e+006 -3.47311
405424 7.55485e+006 -3.47311
405423 7.55484e+006 -3.83908
405423 7.55484e+006 -3.47323
405423 7.55484e+006 -3.47323
405423 7.55484e+006 -2.58987
405423 7.55484e+006 -1.70646
405424 7.55485e+006 -3.47311
405423 7.55484e+006 -3.47323
405423 7.55484e+006 -1.70646
405424 7.55485e+006 -1.70634
405424 7.55485e+006 -3.47311
405423 7.55484e+006 -1.70646
405423 7.55484e+006 -1.34049
405424 7.55485e+006 -1.70634
405423 7.55484e+006 -1.70646
405457 7.55483e+006 -7.54076
405457 7.55483e+006 -7.90661
405426 7.55484e+006 -7.93017
405426 7.55484e+006 -7.93017
405426 7.55484e+006 -7.56431
405457 7.55483e+006 -7.54076
405457 7.55483e+006 -7.90661
405457 7.55483e+006 -8.78997
405426 7.55484e+006 -8.81353
405426 7.55484e+006 -8.81353
405426 7.55484e+006 -7.93017
405457 7.55483e+006 -7.90661
405457 7.55483e+006 -8.78997
405457 7.55483e+006 -9.67338
405426 7.55484e+006 -9.69694
405426 7.55484e+006 -9.69694
405426 7.55484e+006 -8.81353
405457 7.55483e+006 -8.78997
405457 7.55483e+006 -9.67338
405457 7.55483e+006 -10.0393
405426 7.55484e+006 -10.0629
405426 7.55484e+006 -10.0629
405426 7.55484e+006 -9.69694
405457 7.55483e+006 -9.67338
405457 7.55483e+006 -10.0393
405457 7.55483e+006 -9.6735
405426 7.55484e+006 -9.69705
405426 7.55484e+006 -9.69705
405426 7.55484e+006 -10.0629
405457 7.55483e+006 -10.0393
405457 7.55483e+006 -9.6735
405456 7.55483e+006 -8.79013
405425 7.55484e+006 -8.81369
405425 7.55484e+006 -8.81369
405426 7.55484e+006 -9.69705
405457 7.55483e+006 -9.6735
405456 7.55483e+006 -8.79013
405457 7.55483e+006 -7.90673
405426 7.55484e+006 -7.93028
405426 7.55484e+006 -7.93028
405425 7.55484e+006 -8.81369
405456 7.55483e+006 -8.79013
405457 7.55483e+006 -7.90673
405457 7.55483e+006 -7.54076
405426 7.55484e+006 -7.56431
405426 7.55484e+006 -7.56431
405426 7.55484e+006 -7.93028
405457 7.55483e+006 -7.90673
405456 7.55483e+006 -8.79013
405457 7.55483e+006 -9.6735
405457 7.55483e+006 -10.0393
405457 7.55483e+006 -10.0393
405457 7.55483e+006 -9.67338
405457 7.55483e+006 -8.78997
405457 7.55483e+006 -8.78997
405457 7.55483e+006 -7.90661
405457 7.55483e+006 -7.54076
405457 7.55483e+006 -10.0393
405457 7.55483e+006 -8.78997
405457 7.55483e+006 -7.54076
405456 7.55483e+006 -8.79013
405457 7.55483e+006 -10.0393
405457 7.55483e+006 -7.54076
405457 7.55483e+006 -7.90673
405456 7.55483e+006 -8.79013
405457 7.55483e+006 -7.54076
405426 7.55484e+006 -7.93017
405426 7.55484e+006 -8.81353
405426 7.55484e+006 -9.69694
405426 7.55484e+006 -9.69694
405426 7.55484e+006 -10.0629
405426 7.55484e+006 -9.69705
405426 7.55484e+006 -9.69705
405425 7.55484e+006 -8.81369
405426 7.55484e+006 -7.93028
405426 7.55484e+006 -9.69694
405426 7.55484e+006 -9.69705
405426 7.55484e+006 -7.93028
405426 7.55484e+006 -7.93017
405426 7.55484e+006 -9.69694
405426 7.55484e+006 -7.93028
405426 7.55484e+006 -7.56431
405426 7.55484e+006 -7.93017
405426 7.55484e+006 -7.93028
405448 7.55479e+006 13.7337
405447 7.55479e+006 13.7323
405447 7.55479e+006 -11.7677
405447 7.55479e+006 -11.7677
405448 7.55479e+006 -11.7663
405448 7.55479e+006 13.7337
405447 7.55479e+006 13.7323
405446 7.5548e+006 13.7313
405446 7.5548e+006 -11.7687
405446 7.5548e+006 -11.7687
405447 7.55479e+006 -11.7677
405447 7.55479e+006 13.7323
405446 7.5548e+006 13.7313
405446 7.5548e+006 13.7307
405446 7.5548e+006 -11.7693
405446 7.5548e+006 -11.7693
405446 7.5548e+006 -11.7687
405446 7.5548e+006 13.7313
405446 7.5548e+006 13.7307
405446 7.5548e+006 13.7306
405446 7.5548e+006 -11.7694
405446 7.5548e+006 -11.7694
405446 7.5548e+006 -11.7693
405446 7.5548e+006 13.7307
405446 7.5548e+006 13.7306
405447 7.5548e+006 13.7311
405447 7.5548e+006 -11.7689
405447 7.5548e+006 -11.7689
405446 7.5548e+006 -11.7694
405446 7.5548e+006 13.7306
405447 7.5548e+006 13.7311
405449 7.5548e+006 13.732
405449 7.5548e+006 -11.768
405449 7.5548e+006 -11.768
405447 7.5548e+006 -11.7689
405447 7.5548e+006 13.7311
405449 7.5548e+006 13.732
405451 7.5548e+006 13.7333
405451 7.5548e+006 -11.7667
405451 7.5548e+006 -11.7667
405449 7.5548e+006 -11.768
405449 7.5548e+006 13.732
405451 7.5548e+006 13.7333
405453 7.5548e+006 13.7343
405453 7.5548e+006 -11.7657
405453 7.5548e+006 -11.7657
405451 7.5548e+006 -11.7667
405451 7.5548e+006 13.7333
405460 7.5548e+006 -11.7604
405460 7.5548e+006 13.7395
405455 7.55479e+006 13.7388
405455 7.55479e+006 13.7388
405455 7.55479e+006 -11.7612
405460 7.5548e+006 -11.7604
405453 7.5548e+006 13.7344
405460 7.5548e+006 13.7395
405460 7.5548e+006 -11.7604
405460 7.5548e+006 -11.7604
405453 7.5548e+006 -11.7656
405453 7.5548e+006 13.7344
405448 7.55479e+006 -11.7664
405455 7.55479e+006 -11.7612
405455 7.55479e+006 13.7388
405455 7.55479e+006 13.7388
405448 7.55479e+006 13.7336
405448 7.55479e+006 -11.7664
405453 7.5548e+006 13.7344
405453 7.5548e+006 -11.7656
405453 7.5548e+006 -11.7657
405453 7.5548e+006 -11.7657
405453 7.5548e+006 13.7343
405453 7.5548e+006 13.7344
405448 7.55479e+006 -11.7664
405448 7.55479e+006 13.7336
405448 7.55479e+006 13.7337
405448 7.55479e+006 13.7337
405448 7.55479e+006 -11.7663
405448 7.55479e+006 -11.7664
405463 7.55482e+006 13.7364
405461 7.55482e+006 13.735
405461 7.55482e+006 -5.76498
405461 7.55482e+006 -5.76498
405463 7.55482e+006 -5.76362
405463 7.55482e+006 13.7364
405461 7.55482e+006 13.735
405459 7.55482e+006 13.7338
405459 7.55482e+006 -5.76617
405459 7.55482e+006 -5.76617
405461 7.55482e+006 -5.76498
405461 7.55482e+006 13.735
405459 7.55482e+006 13.7338
405459 7.55483e+006 13.733
405459 7.55483e+006 -5.76702
405459 7.55483e+006 -5.76702
405459 7.55482e+006 -5.76617
405459 7.55482e+006 13.7338
405459 7.55483e+006 13.733
405459 7.55483e+006 13.7326
405459 7.55483e+006 -5.76737
405459 7.55483e+006 -5.76737
405459 7.55483e+006 -5.76702
405459 7.55483e+006 13.733
405459 7.55483e+006 13.7326
405460 7.55483e+006 13.7328
405460 7.55483e+006 -5.76717
405460 7.55483e+006 -5.76717
405459 7.55483e+006 -5.76737
405459 7.55483e+006 13.7326
405460 7.55483e+006 13.7328
405461 7.55483e+006 13.7334
405461 7.55483e+006 -5.76663
405461 7.55483e+006 -5.76663
405460 7.55483e+006 -5.76717
405460 7.55483e+006 13.7328
405469 7.55483e+006 -5.76098
405469 7.55483e+006 13.739
405468 7.55482e+006 13.7394
405468 7.55482e+006 13.7394
405468 7.55482e+006 -5.76064
405469 7.55483e+006 -5.76098
405468 7.55482e+006 -5.76064
405468 7.55482e+006 13.7394
405468 7.55482e+006 13.7393
405468 7.55482e+006 13.7393
405468 7.55482e+006 -5.7607
405468 7.55482e+006 -5.76064
405468 7.55482e+006 -5.7607
405468 7.55482e+006 13.7393
405466 7.55482e+006 13.7387
405466 7.55482e+006 13.7387
405466 7.55482e+006 -5.76129
405468 7.55482e+006 -5.7607
405466 7.55482e+006 -5.76129
405466 7.55482e+006 13.7387
405464 7.55482e+006 13.7377
405464 7.55482e+006 13.7377
405464 7.55482e+006 -5.76232
405466 7.55482e+006 -5.76129
405464 7.55482e+006 -5.76232
405464 7.55482e+006 13.7377
405463 7.55482e+006 13.7364
405463 7.55482e+006 13.7364
405463 7.55482e+006 -5.76362
405464 7.55482e+006 -5.76232
405471 7.55483e+006 13.7393
405471 7.55483e+006 -5.76066
405463 7.55483e+006 -5.76631
405463 7.55483e+006 -5.76631
405463 7.55483e+006 13.7337
405471 7.55483e+006 13.7393
405471 7.55483e+006 13.7393
405469 7.55483e+006 13.739
405469 7.55483e+006 -5.76098
405469 7.55483e+006 -5.76098
405471 7.55483e+006 -5.76066
405471 7.55483e+006 13.7393
405463 7.55483e+006 -5.76631
405461 7.55483e+006 -5.76663
405461 7.55483e+006 13.7334
405461 7.55483e+006 13.7334
405463 7.55483e+006 13.7337
405463 7.55483e+006 -5.76631
405404 7.55481e+006 13.6998
405404 7.55481e+006 -11.8002
405406 7.55481e+006 -11.7987
405406 7.55481e+006 -11.7987
405406 7.55481e+006 13.7013
405404 7.55481e+006 13.6998
405406 7.55481e+006 13.7013
405406 7.55481e+006 -11.7987
405408 7.55481e+006 -11.7976
405408 7.55481e+006 -11.7976
405408 7.55481e+006 13.7024
405406 7.55481e+006 13.7013
405408 7.55481e+006 13.7024
405408 7.55481e+006 -11.7976
405409 7.55481e+006 -11.7968
405409 7.55481e+006 -11.7968
405409 7.55481e+006 13.7032
405408 7.55481e+006 13.7024
405409 7.55481e+006 13.7032
405409 7.55481e+006 -11.7968
405410 7.55482e+006 -11.7965
405410 7.55482e+006 -11.7965
405410 7.55482e+006 13.7035
405409 7.55481e+006 13.7032
405410 7.55482e+006 13.7035
405410 7.55482e+006 -11.7965
405411 7.55482e+006 -11.7967
405411 7.55482e+006 -11.7967
405411 7.55482e+006 13.7033
405410 7.55482e+006 13.7035
405411 7.55482e+006 13.7033
405411 7.55482e+006 -11.7967
405410 7.55482e+006 -11.7974
405410 7.55482e+006 -11.7974
405410 7.55482e+006 13.7026
405411 7.55482e+006 13.7033
405410 7.55482e+006 13.7026
405410 7.55482e+006 -11.7974
405409 7.55482e+006 -11.7986
405409 7.55482e+006 -11.7986
405409 7.55482e+006 13.7014
405410 7.55482e+006 13.7026
405409 7.55482e+006 13.7014
405409 7.55482e+006 -11.7986
405408 7.55482e+006 -11.7995
405408 7.55482e+006 -11.7995
405408 7.55482e+006 13.7004
405409 7.55482e+006 13.7014
405402 7.55483e+006 -11.8046
405397 7.55482e+006 -11.8054
405397 7.55482e+006 13.6946
405397 7.55482e+006 13.6946
405402 7.55483e+006 13.6954
405402 7.55483e+006 -11.8046
405408 7.55482e+006 13.7005
405408 7.55482e+006 -11.7995
405402 7.55483e+006 -11.8046
405402 7.55483e+006 -11.8046
405402 7.55483e+006 13.6954
405408 7.55482e+006 13.7005
405403 7.55481e+006 -11.8003
405403 7.55481e+006 13.6997
405397 7.55482e+006 13.6946
405397 7.55482e+006 13.6946
405397 7.55482e+006 -11.8054
405403 7.55481e+006 -11.8003
405408 7.55482e+006 13.7005
405408 7.55482e+006 13.7004
405408 7.55482e+006 -11.7995
405408 7.55482e+006 -11.7995
405408 7.55482e+006 -11.7995
405408 7.55482e+006 13.7005
405403 7.55481e+006 -11.8003
405404 7.55481e+006 -11.8002
405404 7.55481e+006 13.6998
405404 7.55481e+006 13.6998
405403 7.55481e+006 13.6997
405403 7.55481e+006 -11.8003
405440 7.55477e+006 13.733
405440 7.55477e+006 -5.76703
405439 7.55477e+006 -5.76839
405439 7.55477e+006 -5.76839
405439 7.55477e+006 13.7316
405440 7.55477e+006 13.733
405439 7.55477e+006 13.7316
405439 7.55477e+006 -5.76839
405437 7.55477e+006 -5.76969
405437 7.55477e+006 -5.76969
405437 7.55477e+006 13.7303
405439 7.55477e+006 13.7316
405437 7.55477e+006 13.7303
405437 7.55477e+006 -5.76969
405435 7.55477e+006 -5.77072
405435 7.55477e+006 -5.77072
405435 7.55477e+006 13.7293
405437 7.55477e+006 13.7303
405435 7.55477e+006 13.7293
405435 7.55477e+006 -5.77072
405433 7.55477e+006 -5.77131
405433 7.55477e+006 -5.77131
405433 7.55477e+006 13.7287
405435 7.55477e+006 13.7293
405433 7.55477e+006 13.7287
405433 7.55477e+006 -5.77131
405433 7.55477e+006 -5.77137
405433 7.55477e+006 -5.77137
405433 7.55477e+006 13.7286
405433 7.55477e+006 13.7287
405433 7.55477e+006 13.7286
405433 7.55477e+006 -5.77137
405432 7.55477e+006 -5.77103
405432 7.55477e+006 -5.77103
405432 7.55477e+006 13.729
405433 7.55477e+006 13.7286
405440 7.55476e+006 -5.76538
405441 7.55477e+006 -5.76483
405441 7.55477e+006 13.7352
405441 7.55477e+006 13.7352
405440 7.55476e+006 13.7346
405440 7.55476e+006 -5.76538
405441 7.55477e+006 -5.76483
405442 7.55477e+006 -5.76464
405442 7.55477e+006 13.7354
405442 7.55477e+006 13.7354
405441 7.55477e+006 13.7352
405441 7.55477e+006 -5.76483
405442 7.55477e+006 -5.76464
405442 7.55477e+006 -5.76499
405442 7.55477e+006 13.735
405442 7.55477e+006 13.735
405442 7.55477e+006 13.7354
405442 7.55477e+006 -5.76464
405442 7.55477e+006 -5.76499
405442 7.55477e+006 -5.76583
405442 7.55477e+006 13.7342
405442 7.55477e+006 13.7342
405442 7.55477e+006 13.735
405442 7.55477e+006 -5.76499
405442 7.55477e+006 -5.76583
405440 7.55477e+006 -5.76703
405440 7.55477e+006 13.733
405440 7.55477e+006 13.733
405442 7.55477e+006 13.7342
405442 7.55477e+006 -5.76583
405438 7.55476e+006 13.7343
405430 7.55476e+006 13.7286
405430 7.55476e+006 -5.77135
405430 7.55476e+006 -5.77135
405438 7.55476e+006 -5.7657
405438 7.55476e+006 13.7343
405438 7.55476e+006 13.7343
405438 7.55476e+006 -5.7657
405440 7.55476e+006 -5.76538
405440 7.55476e+006 -5.76538
405440 7.55476e+006 13.7346
405438 7.55476e+006 13.7343
405430 7.55476e+006 -5.77135
405430 7.55476e+006 13.7286
405432 7.55477e+006 13.729
405432 7.55477e+006 13.729
405432 7.55477e+006 -5.77103
405430 7.55476e+006 -5.77135
405409 7.55484e+006 -5.80356
405409 7.55484e+006 -11.8036
405422 7.55484e+006 -11.7932
405422 7.55484e+006 -11.7932
405422 7.55484e+006 -5.79323
405409 7.55484e+006 -5.80356
405424 7.55486e+006 -17.797
405425 7.55486e+006 -11.7969
405428 7.55485e+006 -11.7923
405428 7.55485e+006 -11.7923
405428 7.55485e+006 -17.7924
405424 7.55486e+006 -17.797
405414 7.55485e+006 -17.8028
405415 7.55486e+006 -11.8026
405425 7.55486e+006 -11.7969
405425 7.55486e+006 -11.7969
405424 7.55486e+006 -17.797
405414 7.55485e+006 -17.8028
405409 7.55484e+006 -11.8036
405390 7.5548e+006 -11.8065
405403 7.55479e+006 -11.7962
405403 7.55479e+006 -11.7962
405422 7.55484e+006 -11.7932
405409 7.55484e+006 -11.8036
405397 7.55478e+006 -11.7971
405397 7.55478e+006 -5.79712
405387 7.55478e+006 -5.80285
405387 7.55478e+006 -5.80285
405387 7.55478e+006 -11.8028
405397 7.55478e+006 -11.7971
405384 7.55479e+006 -17.8073
405387 7.55478e+006 -17.8027
405387 7.55478e+006 -11.8028
405387 7.55478e+006 -11.8028
405383 7.55479e+006 -11.8075
405384 7.55479e+006 -17.8073
405387 7.55478e+006 -11.8028
405387 7.55478e+006 -5.80285
405383 7.55479e+006 -5.80746
405383 7.55479e+006 -5.80746
405383 7.55479e+006 -11.8075
405387 7.55478e+006 -11.8028
405473 7.55483e+006 -5.75838
405473 7.55483e+006 -11.7584
405470 7.55484e+006 -11.763
405470 7.55484e+006 -11.763
405470 7.55484e+006 -5.76299
405473 7.55483e+006 -5.75838
405469 7.55484e+006 -17.7631
405470 7.55484e+006 -11.763
405473 7.55483e+006 -11.7584
405473 7.55483e+006 -11.7584
405472 7.55483e+006 -17.7585
405469 7.55484e+006 -17.7631
405459 7.55483e+006 -5.76872
405470 7.55484e+006 -5.76299
405470 7.55484e+006 -11.763
405470 7.55484e+006 -11.763
405460 7.55483e+006 -11.7687
405459 7.55483e+006 -5.76872
405453 7.55482e+006 -5.76966
405453 7.55482e+006 -11.7697
405467 7.55481e+006 -11.7593
405467 7.55481e+006 -11.7593
405467 7.55481e+006 -5.75933
405453 7.55482e+006 -5.76966
405453 7.55482e+006 -11.7697
405434 7.55478e+006 -11.7726
405448 7.55477e+006 -11.7623
405448 7.55477e+006 -11.7623
405467 7.55481e+006 -11.7593
405453 7.55482e+006 -11.7697
405434 7.55478e+006 -5.77261
405448 7.55477e+006 -5.76228
405448 7.55477e+006 -11.7623
405448 7.55477e+006 -11.7623
405434 7.55478e+006 -11.7726
405434 7.55478e+006 -5.77261
405442 7.55476e+006 -11.7632
405442 7.55476e+006 -5.76322
405431 7.55476e+006 -5.76895
405431 7.55476e+006 -5.76895
405431 7.55476e+006 -11.7689
405442 7.55476e+006 -11.7632
405429 7.55477e+006 -17.7734
405432 7.55476e+006 -17.7688
405431 7.55476e+006 -11.7689
405431 7.55476e+006 -11.7689
405428 7.55477e+006 -11.7736
405429 7.55477e+006 -17.7734
405459 7.55483e+006 -17.7689
405460 7.55483e+006 -11.7687
405470 7.55484e+006 -11.763
405470 7.55484e+006 -11.763
405469 7.55484e+006 -17.7631
405459 7.55483e+006 -17.7689
405415 7.55486e+006 -5.80262
405425 7.55486e+006 -5.79689
405425 7.55486e+006 -11.7969
405425 7.55486e+006 -11.7969
405415 7.55486e+006 -11.8026
405415 7.55486e+006 -5.80262
405429 7.55485e+006 -5.79227
405428 7.55485e+006 -11.7923
405425 7.55486e+006 -11.7969
405425 7.55486e+006 -11.7969
405425 7.55486e+006 -5.79689
405429 7.55485e+006 -5.79227
405403 7.55479e+006 -11.7962
405390 7.5548e+006 -11.8065
405390 7.5548e+006 -5.80651
405390 7.5548e+006 -5.80651
405403 7.55479e+006 -5.79618
405403 7.55479e+006 -11.7962
405431 7.55476e+006 -11.7689
405431 7.55476e+006 -5.76895
405428 7.55477e+006 -5.77356
405428 7.55477e+006 -5.77356
405428 7.55477e+006 -11.7736
405431 7.55476e+006 -11.7689
405422 7.55484e+006 -11.7932
405453 7.55482e+006 -11.7697
405460 7.55483e+006 -11.7687
405460 7.55483e+006 -11.7687
405428 7.55485e+006 -11.7923
405422 7.55484e+006 -11.7932
405422 7.55484e+006 -17.7932
405453 7.55482e+006 -17.7697
405453 7.55482e+006 -11.7697
405453 7.55482e+006 -11.7697
405422 7.55484e+006 -11.7932
405422 7.55484e+006 -17.7932
405428 7.55485e+006 -17.7924
405459 7.55483e+006 -17.7689
405453 7.55482e+006 -17.7697
405453 7.55482e+006 -17.7697
405422 7.55484e+006 -17.7932
405428 7.55485e+006 -17.7924
405428 7.55485e+006 -11.7923
405460 7.55483e+006 -11.7687
405459 7.55483e+006 -17.7689
405459 7.55483e+006 -17.7689
405428 7.55485e+006 -17.7924
405428 7.55485e+006 -11.7923
405397 7.55478e+006 -11.7971
405428 7.55477e+006 -11.7736
405434 7.55478e+006 -11.7726
405434 7.55478e+006 -11.7726
405403 7.55479e+006 -11.7962
405397 7.55478e+006 -11.7971
405398 7.55478e+006 -17.797
405429 7.55477e+006 -17.7734
405428 7.55477e+006 -11.7736
405428 7.55477e+006 -11.7736
405397 7.55478e+006 -11.7971
405398 7.55478e+006 -17.797
405403 7.55479e+006 -17.7962
405434 7.55478e+006 -17.7726
405429 7.55477e+006 -17.7734
405429 7.55477e+006 -17.7734
405398 7.55478e+006 -17.797
405403 7.55479e+006 -17.7962
405403 7.55479e+006 -11.7962
405434 7.55478e+006 -11.7726
405434 7.55478e+006 -17.7726
405434 7.55478e+006 -17.7726
405403 7.55479e+006 -17.7962
405403 7.55479e+006 -11.7962
405384 7.55479e+006 -17.8073
405383 7.55479e+006 -11.8075
405390 7.5548e+006 -11.8065
405390 7.5548e+006 -11.8065
405389 7.5548e+006 -17.8065
405384 7.55479e+006 -17.8073
405384 7.55479e+006 -17.8073
405398 7.55478e+006 -17.797
405387 7.55478e+006 -17.8027
405415 7.55486e+006 -5.80262
405409 7.55484e+006 -5.80356
405422 7.55484e+006 -5.79323
405422 7.55484e+006 -5.79323
405429 7.55485e+006 -5.79227
405415 7.55486e+006 -5.80262
405397 7.55478e+006 -5.79712
405403 7.55479e+006 -5.79618
405390 7.5548e+006 -5.80651
405390 7.5548e+006 -5.80651
405383 7.55479e+006 -5.80746
405397 7.55478e+006 -5.79712
405397 7.55478e+006 -11.7971
405387 7.55478e+006 -11.8028
405387 7.55478e+006 -17.8027
405387 7.55478e+006 -17.8027
405398 7.55478e+006 -17.797
405397 7.55478e+006 -11.7971
405473 7.55483e+006 -11.7584
405473 7.55483e+006 -5.75838
405467 7.55481e+006 -5.75933
405467 7.55481e+006 -5.75933
405467 7.55481e+006 -11.7593
405473 7.55483e+006 -11.7584
405459 7.55483e+006 -5.76872
405453 7.55482e+006 -5.76966
405467 7.55481e+006 -5.75933
405467 7.55481e+006 -5.75933
405473 7.55483e+006 -5.75838
405459 7.55483e+006 -5.76872
405453 7.55482e+006 -17.7697
405434 7.55478e+006 -17.7726
405459 7.55483e+006 -17.7689
405453 7.55482e+006 -17.7697
405459 7.55483e+006 -17.7689
405472 7.55483e+006 -17.7585
405453 7.55482e+006 -17.7697
405472 7.55483e+006 -17.7585
405467 7.55481e+006 -17.7593
405442 7.55476e+006 -5.76322
405448 7.55477e+006 -5.76228
405434 7.55478e+006 -5.77261
405434 7.55478e+006 -5.77261
405428 7.55477e+006 -5.77356
405442 7.55476e+006 -5.76322
405442 7.55476e+006 -11.7632
405431 7.55476e+006 -11.7689
405432 7.55476e+006 -17.7688
405432 7.55476e+006 -17.7688
405443 7.55476e+006 -17.7631
405442 7.55476e+006 -11.7632
405434 7.55478e+006 -11.7726
405428 7.55477e+006 -11.7736
405428 7.55477e+006 -5.77356
405428 7.55477e+006 -5.77356
405434 7.55478e+006 -5.77261
405434 7.55478e+006 -11.7726
405460 7.55483e+006 -11.7687
405453 7.55482e+006 -11.7697
405453 7.55482e+006 -5.76966
405453 7.55482e+006 -5.76966
405459 7.55483e+006 -5.76872
405460 7.55483e+006 -11.7687
405429 7.55485e+006 -5.79227
405422 7.55484e+006 -5.79323
405422 7.55484e+006 -11.7932
405422 7.55484e+006 -11.7932
405428 7.55485e+006 -11.7923
405429 7.55485e+006 -5.79227
405397 7.55478e+006 -11.7971
405403 7.55479e+006 -11.7962
405403 7.55479e+006 -5.79618
405403 7.55479e+006 -5.79618
405397 7.55478e+006 -5.79712
405397 7.55478e+006 -11.7971
405434 7.55478e+006 -11.7726
405453 7.55482e+006 -11.7697
405453 7.55482e+006 -17.7697
405453 7.55482e+006 -17.7697
405434 7.55478e+006 -17.7726
405434 7.55478e+006 -11.7726
405403 7.55479e+006 -17.7962
405422 7.55484e+006 -17.7932
405422 7.55484e+006 -11.7932
405422 7.55484e+006 -11.7932
405403 7.55479e+006 -11.7962
405403 7.55479e+006 -17.7962
405448 7.55477e+006 -11.7623
405442 7.55476e+006 -11.7632
405443 7.55476e+006 -17.7631
405443 7.55476e+006 -17.7631
405448 7.55477e+006 -17.7623
405448 7.55477e+006 -11.7623
405443 7.55476e+006 -17.7631
405429 7.55477e+006 -17.7734
405434 7.55478e+006 -17.7726
405434 7.55478e+006 -17.7726
405448 7.55477e+006 -17.7623
405443 7.55476e+006 -17.7631
405448 7.55477e+006 -11.7623
405448 7.55477e+006 -17.7623
405467 7.55481e+006 -17.7593
405467 7.55481e+006 -17.7593
405467 7.55481e+006 -11.7593
405448 7.55477e+006 -11.7623
405467 7.55481e+006 -17.7593
405448 7.55477e+006 -17.7623
405434 7.55478e+006 -17.7726
405434 7.55478e+006 -17.7726
405453 7.55482e+006 -17.7697
405467 7.55481e+006 -17.7593
405390 7.5548e+006 -11.8065
405409 7.55484e+006 -11.8036
405409 7.55484e+006 -17.8036
405409 7.55484e+006 -17.8036
405389 7.5548e+006 -17.8065
405390 7.5548e+006 -11.8065
405409 7.55484e+006 -17.8036
405422 7.55484e+006 -17.7932
405403 7.55479e+006 -17.7962
405403 7.55479e+006 -17.7962
405389 7.5548e+006 -17.8065
405409 7.55484e+006 -17.8036
405409 7.55484e+006 -11.8036
405415 7.55486e+006 -11.8026
405414 7.55485e+006 -17.8028
405414 7.55485e+006 -17.8028
405409 7.55484e+006 -17.8036
405409 7.55484e+006 -11.8036
405414 7.55485e+006 -17.8028
405428 7.55485e+006 -17.7924
405422 7.55484e+006 -17.7932
405422 7.55484e+006 -17.7932
405409 7.55484e+006 -17.8036
405414 7.55485e+006 -17.8028
405467 7.55481e+006 -11.7593
405467 7.55481e+006 -17.7593
405472 7.55483e+006 -17.7585
405472 7.55483e+006 -17.7585
405473 7.55483e+006 -11.7584
405467 7.55481e+006 -11.7593
405448 7.55477e+006 -5.76228
405442 7.55476e+006 -5.76322
405442 7.55476e+006 -11.7632
405442 7.55476e+006 -11.7632
405448 7.55477e+006 -11.7623
405448 7.55477e+006 -5.76228
405409 7.55484e+006 -5.80356
405415 7.55486e+006 -5.80262
405415 7.55486e+006 -11.8026
405415 7.55486e+006 -11.8026
405409 7.55484e+006 -11.8036
405409 7.55484e+006 -5.80356
405383 7.55479e+006 -5.80746
405390 7.5548e+006 -5.80651
405390 7.5548e+006 -11.8065
405390 7.5548e+006 -11.8065
405383 7.55479e+006 -11.8075
405383 7.55479e+006 -5.80746
405389 7.5548e+006 -17.8065
405403 7.55479e+006 -17.7962
405398 7.55478e+006 -17.797
405398 7.55478e+006 -17.797
405384 7.55479e+006 -17.8073
405389 7.5548e+006 -17.8065
405414 7.55485e+006 -17.8028
405424 7.55486e+006 -17.797
405428 7.55485e+006 -17.7924
405459 7.55483e+006 -17.7689
405469 7.55484e+006 -17.7631
405472 7.55483e+006 -17.7585
405443 7.55476e+006 -17.7631
405432 7.55476e+006 -17.7688
405429 7.55477e+006 -17.7734
405429 7.55485e+006 -5.79227
405425 7.55486e+006 -5.79689
405415 7.55486e+006 -5.80262
405383 7.55479e+006 -5.80746
405387 7.55478e+006 -5.80285
405397 7.55478e+006 -5.79712
405473 7.55483e+006 -5.75838
405470 7.55484e+006 -5.76299
405459 7.55483e+006 -5.76872
405428 7.55477e+006 -5.77356
405431 7.55476e+006 -5.76895
405442 7.55476e+006 -5.76322
405416 7.55484e+006 13.7012
405416 7.55484e+006 -5.79885
405418 7.55484e+006 -5.79749
405418 7.55484e+006 -5.79749
405418 7.55484e+006 13.7025
405416 7.55484e+006 13.7012
405418 7.55484e+006 13.7025
405418 7.55484e+006 -5.79749
405420 7.55484e+006 -5.79619
405420 7.55484e+006 -5.79619
405420 7.55484e+006 13.7038
405418 7.55484e+006 13.7025
405420 7.55484e+006 13.7038
405420 7.55484e+006 -5.79619
405422 7.55484e+006 -5.79516
405422 7.55484e+006 -5.79516
405422 7.55484e+006 13.7048
405420 7.55484e+006 13.7038
405422 7.55484e+006 13.7048
405422 7.55484e+006 -5.79516
405423 7.55484e+006 -5.79457
405423 7.55484e+006 -5.79457
405423 7.55484e+006 13.7054
405422 7.55484e+006 13.7048
405423 7.55484e+006 13.7054
405423 7.55484e+006 -5.79457
405424 7.55485e+006 -5.79451
405424 7.55485e+006 -5.79451
405424 7.55485e+006 13.7055
405423 7.55484e+006 13.7054
405424 7.55485e+006 13.7055
405424 7.55485e+006 -5.79451
405424 7.55485e+006 -5.79484
405424 7.55485e+006 -5.79484
405424 7.55485e+006 13.7051
405424 7.55485e+006 13.7055
405417 7.55485e+006 -5.8005
405415 7.55485e+006 -5.80105
405415 7.55485e+006 13.699
405415 7.55485e+006 13.699
405417 7.55485e+006 13.6995
405417 7.55485e+006 -5.8005
405415 7.55485e+006 -5.80105
405414 7.55485e+006 -5.80124
405414 7.55485e+006 13.6988
405414 7.55485e+006 13.6988
405415 7.55485e+006 13.699
405415 7.55485e+006 -5.80105
405414 7.55485e+006 -5.80124
405414 7.55485e+006 -5.80089
405414 7.55485e+006 13.6991
405414 7.55485e+006 13.6991
405414 7.55485e+006 13.6988
405414 7.55485e+006 -5.80124
405414 7.55485e+006 -5.80089
405415 7.55484e+006 -5.80005
405415 7.55484e+006 13.7
405415 7.55484e+006 13.7
405414 7.55485e+006 13.6991
405414 7.55485e+006 -5.80089
405415 7.55484e+006 -5.80005
405416 7.55484e+006 -5.79885
405416 7.55484e+006 13.7012
405416 7.55484e+006 13.7012
405415 7.55484e+006 13.7
405415 7.55484e+006 -5.80005
405419 7.55486e+006 13.6998
405426 7.55485e+006 13.7055
405426 7.55485e+006 -5.79453
405426 7.55485e+006 -5.79453
405419 7.55486e+006 -5.80018
405419 7.55486e+006 13.6998
405419 7.55486e+006 13.6998
405419 7.55486e+006 -5.80018
405417 7.55485e+006 -5.8005
405417 7.55485e+006 -5.8005
405417 7.55485e+006 13.6995
405419 7.55486e+006 13.6998
405426 7.55485e+006 -5.79453
405426 7.55485e+006 13.7055
405424 7.55485e+006 13.7051
405424 7.55485e+006 13.7051
405424 7.55485e+006 -5.79484
405426 7.55485e+006 -5.79453
405394 7.55479e+006 13.6977
405396 7.55479e+006 13.6991
405396 7.55479e+006 -5.8009
405396 7.55479e+006 -5.8009
405394 7.55479e+006 -5.80226
405394 7.55479e+006 13.6977
405396 7.55479e+006 13.6991
405397 7.55479e+006 13.7003
405397 7.55479e+006 -5.7997
405397 7.55479e+006 -5.7997
405396 7.55479e+006 -5.8009
405396 7.55479e+006 13.6991
405397 7.55479e+006 13.7003
405398 7.55479e+006 13.7011
405398 7.55479e+006 -5.79886
405398 7.55479e+006 -5.79886
405397 7.55479e+006 -5.7997
405397 7.55479e+006 13.7003
405398 7.55479e+006 13.7011
405397 7.55479e+006 13.7015
405398 7.55479e+006 -5.79851
405398 7.55479e+006 -5.79851
405398 7.55479e+006 -5.79886
405398 7.55479e+006 13.7011
405397 7.55479e+006 13.7015
405397 7.55479e+006 13.7013
405397 7.55479e+006 -5.7987
405397 7.55479e+006 -5.7987
405398 7.55479e+006 -5.79851
405397 7.55479e+006 13.7015
405397 7.55479e+006 13.7013
405395 7.55479e+006 13.7007
405395 7.55479e+006 -5.79925
405395 7.55479e+006 -5.79925
405397 7.55479e+006 -5.7987
405397 7.55479e+006 13.7013
405388 7.55479e+006 -5.8049
405388 7.55479e+006 13.6951
405388 7.55479e+006 13.6948
405388 7.55479e+006 13.6948
405388 7.55479e+006 -5.80524
405388 7.55479e+006 -5.8049
405388 7.55479e+006 -5.80524
405388 7.55479e+006 13.6948
405389 7.55479e+006 13.6948
405389 7.55479e+006 13.6948
405389 7.55479e+006 -5.80518
405388 7.55479e+006 -5.80524
405389 7.55479e+006 -5.80518
405389 7.55479e+006 13.6948
405390 7.55479e+006 13.6954
405390 7.55479e+006 13.6954
405390 7.55479e+006 -5.80459
405389 7.55479e+006 -5.80518
405390 7.55479e+006 -5.80459
405390 7.55479e+006 13.6954
405392 7.55479e+006 13.6964
405392 7.55479e+006 13.6964
405392 7.55479e+006 -5.80356
405390 7.55479e+006 -5.80459
405392 7.55479e+006 -5.80356
405392 7.55479e+006 13.6964
405394 7.55479e+006 13.6977
405394 7.55479e+006 13.6977
405394 7.55479e+006 -5.80226
405392 7.55479e+006 -5.80356
405386 7.55478e+006 13.6948
405386 7.55478e+006 -5.80522
405393 7.55478e+006 -5.79957
405393 7.55478e+006 -5.79957
405393 7.55478e+006 13.7004
405386 7.55478e+006 13.6948
405386 7.55478e+006 13.6948
405388 7.55479e+006 13.6951
405388 7.55479e+006 -5.8049
405388 7.55479e+006 -5.8049
405386 7.55478e+006 -5.80522
405386 7.55478e+006 13.6948
405393 7.55478e+006 -5.79957
405395 7.55479e+006 -5.79925
405395 7.55479e+006 13.7007
405395 7.55479e+006 13.7007
405393 7.55478e+006 13.7004
405393 7.55478e+006 -5.79957
