400376 7.55245e+006 34.1295
400376 7.55245e+006 34.1619
400376 7.55244e+006 33.8903
400376 7.55244e+006 33.8903
400376 7.55244e+006 33.8529
400376 7.55245e+006 34.1295
400376 7.55245e+006 34.8851
400376 7.55245e+006 34.9038
400376 7.55245e+006 34.1619
400376 7.55245e+006 34.1619
400376 7.55245e+006 34.1295
400376 7.55245e+006 34.8851
400376 7.55245e+006 35.9173
400376 7.55245e+006 35.9173
400376 7.55245e+006 34.9038
400376 7.55245e+006 34.9038
400376 7.55245e+006 34.8851
400376 7.55245e+006 35.9173
400376 7.55245e+006 36.9495
400376 7.55245e+006 36.9308
400376 7.55245e+006 35.9173
400376 7.55245e+006 35.9173
400376 7.55245e+006 35.9173
400376 7.55245e+006 36.9495
400376 7.55245e+006 37.7051
400376 7.55245e+006 37.6727
400376 7.55245e+006 36.9308
400376 7.55245e+006 36.9308
400376 7.55245e+006 36.9495
400376 7.55245e+006 37.7051
400376 7.55244e+006 37.9817
400376 7.55244e+006 37.9443
400376 7.55245e+006 37.6727
400376 7.55245e+006 37.6727
400376 7.55245e+006 37.7051
400376 7.55244e+006 37.9817
400376 7.55244e+006 37.7051
400376 7.55244e+006 37.6727
400376 7.55244e+006 37.9443
400376 7.55244e+006 37.9443
400376 7.55244e+006 37.9817
400376 7.55244e+006 37.7051
400376 7.55244e+006 36.9495
400376 7.55244e+006 36.9308
400376 7.55244e+006 37.6727
400376 7.55244e+006 37.6727
400376 7.55244e+006 37.7051
400376 7.55244e+006 36.9495
400376 7.55244e+006 35.9173
400376 7.55244e+006 35.9173
400376 7.55244e+006 36.9308
400376 7.55244e+006 36.9308
400376 7.55244e+006 36.9495
400376 7.55244e+006 35.9173
400376 7.55244e+006 34.8851
400376 7.55244e+006 34.9038
400376 7.55244e+006 35.9173
400376 7.55244e+006 35.9173
400376 7.55244e+006 35.9173
400376 7.55244e+006 34.8851
400376 7.55244e+006 34.1295
400376 7.55244e+006 34.1619
400376 7.55244e+006 34.9038
400376 7.55244e+006 34.9038
400376 7.55244e+006 34.8851
400376 7.55244e+006 34.1295
400376 7.55244e+006 33.8529
400376 7.55244e+006 33.8903
400376 7.55244e+006 34.1619
400376 7.55244e+006 34.1619
400376 7.55244e+006 34.1295
400376 7.55244e+006 33.8529
400361 7.55245e+006 34.1295
400376 7.55245e+006 34.1295
400376 7.55244e+006 33.8529
400376 7.55244e+006 33.8529
400361 7.55244e+006 33.8529
400361 7.55245e+006 34.1295
400361 7.55245e+006 34.8851
400376 7.55245e+006 34.8851
400376 7.55245e+006 34.1295
400376 7.55245e+006 34.1295
400361 7.55245e+006 34.1295
400361 7.55245e+006 34.8851
400361 7.55245e+006 35.9173
400376 7.55245e+006 35.9173
400376 7.55245e+006 34.8851
400376 7.55245e+006 34.8851
400361 7.55245e+006 34.8851
400361 7.55245e+006 35.9173
400361 7.55245e+006 36.9495
400376 7.55245e+006 36.9495
400376 7.55245e+006 35.9173
400376 7.55245e+006 35.9173
400361 7.55245e+006 35.9173
400361 7.55245e+006 36.9495
400361 7.55245e+006 37.7051
400376 7.55245e+006 37.7051
400376 7.55245e+006 36.9495
400376 7.55245e+006 36.9495
400361 7.55245e+006 36.9495
400361 7.55245e+006 37.7051
400361 7.55244e+006 37.9817
400376 7.55244e+006 37.9817
400376 7.55245e+006 37.7051
400376 7.55245e+006 37.7051
400361 7.55245e+006 37.7051
400361 7.55244e+006 37.9817
400361 7.55244e+006 37.7051
400376 7.55244e+006 37.7051
400376 7.55244e+006 37.9817
400376 7.55244e+006 37.9817
400361 7.55244e+006 37.9817
400361 7.55244e+006 37.7051
400361 7.55244e+006 36.9495
400376 7.55244e+006 36.9495
400376 7.55244e+006 37.7051
400376 7.55244e+006 37.7051
400361 7.55244e+006 37.7051
400361 7.55244e+006 36.9495
400361 7.55244e+006 35.9173
400376 7.55244e+006 35.9173
400376 7.55244e+006 36.9495
400376 7.55244e+006 36.9495
400361 7.55244e+006 36.9495
400361 7.55244e+006 35.9173
400361 7.55244e+006 34.8851
400376 7.55244e+006 34.8851
400376 7.55244e+006 35.9173
400376 7.55244e+006 35.9173
400361 7.55244e+006 35.9173
400361 7.55244e+006 34.8851
400361 7.55244e+006 34.1295
400376 7.55244e+006 34.1295
400376 7.55244e+006 34.8851
400376 7.55244e+006 34.8851
400361 7.55244e+006 34.8851
400361 7.55244e+006 34.1295
400361 7.55244e+006 33.8529
400376 7.55244e+006 33.8529
400376 7.55244e+006 34.1295
400376 7.55244e+006 34.1295
400361 7.55244e+006 34.1295
400361 7.55244e+006 33.8529
400361 7.55245e+006 34.1619
400361 7.55245e+006 34.1295
400361 7.55244e+006 33.8529
400361 7.55244e+006 33.8529
400361 7.55244e+006 33.8903
400361 7.55245e+006 34.1619
400361 7.55245e+006 34.9038
400361 7.55245e+006 34.8851
400361 7.55245e+006 34.1295
400361 7.55245e+006 34.1295
400361 7.55245e+006 34.1619
400361 7.55245e+006 34.9038
400361 7.55245e+006 35.9173
400361 7.55245e+006 35.9173
400361 7.55245e+006 34.8851
400361 7.55245e+006 34.8851
400361 7.55245e+006 34.9038
400361 7.55245e+006 35.9173
400361 7.55245e+006 36.9308
400361 7.55245e+006 36.9495
400361 7.55245e+006 35.9173
400361 7.55245e+006 35.9173
400361 7.55245e+006 35.9173
400361 7.55245e+006 36.9308
400361 7.55245e+006 37.6727
400361 7.55245e+006 37.7051
400361 7.55245e+006 36.9495
400361 7.55245e+006 36.9495
400361 7.55245e+006 36.9308
400361 7.55245e+006 37.6727
400361 7.55244e+006 37.9443
400361 7.55244e+006 37.9817
400361 7.55245e+006 37.7051
400361 7.55245e+006 37.7051
400361 7.55245e+006 37.6727
400361 7.55244e+006 37.9443
400361 7.55244e+006 37.6727
400361 7.55244e+006 37.7051
400361 7.55244e+006 37.9817
400361 7.55244e+006 37.9817
400361 7.55244e+006 37.9443
400361 7.55244e+006 37.6727
400361 7.55244e+006 36.9308
400361 7.55244e+006 36.9495
400361 7.55244e+006 37.7051
400361 7.55244e+006 37.7051
400361 7.55244e+006 37.6727
400361 7.55244e+006 36.9308
400361 7.55244e+006 35.9173
400361 7.55244e+006 35.9173
400361 7.55244e+006 36.9495
400361 7.55244e+006 36.9495
400361 7.55244e+006 36.9308
400361 7.55244e+006 35.9173
400361 7.55244e+006 34.9038
400361 7.55244e+006 34.8851
400361 7.55244e+006 35.9173
400361 7.55244e+006 35.9173
400361 7.55244e+006 35.9173
400361 7.55244e+006 34.9038
400361 7.55244e+006 34.1619
400361 7.55244e+006 34.1295
400361 7.55244e+006 34.8851
400361 7.55244e+006 34.8851
400361 7.55244e+006 34.9038
400361 7.55244e+006 34.1619
400361 7.55244e+006 33.8903
400361 7.55244e+006 33.8529
400361 7.55244e+006 34.1295
400361 7.55244e+006 34.1295
400361 7.55244e+006 34.1619
400361 7.55244e+006 33.8903
400364 7.55245e+006 27.4836
400364 7.55245e+006 27.4433
400364 7.55245e+006 27.7322
400364 7.55245e+006 27.7322
400364 7.55245e+006 27.7788
400364 7.55245e+006 27.4836
400364 7.55245e+006 26.6772
400364 7.55245e+006 26.6539
400364 7.55245e+006 27.4433
400364 7.55245e+006 27.4433
400364 7.55245e+006 27.4836
400364 7.55245e+006 26.6772
400364 7.55245e+006 25.5755
400364 7.55245e+006 25.5755
400364 7.55245e+006 26.6539
400364 7.55245e+006 26.6539
400364 7.55245e+006 26.6772
400364 7.55245e+006 25.5755
400364 7.55245e+006 24.4739
400364 7.55245e+006 24.4972
400364 7.55245e+006 25.5755
400364 7.55245e+006 25.5755
400364 7.55245e+006 25.5755
400364 7.55245e+006 24.4739
400364 7.55245e+006 23.6675
400364 7.55245e+006 23.7078
400364 7.55245e+006 24.4972
400364 7.55245e+006 24.4972
400364 7.55245e+006 24.4739
400364 7.55245e+006 23.6675
400364 7.55245e+006 23.3723
400364 7.55245e+006 23.4189
400364 7.55245e+006 23.7078
400364 7.55245e+006 23.7078
400364 7.55245e+006 23.6675
400364 7.55245e+006 23.3723
400364 7.55244e+006 23.6675
400364 7.55245e+006 23.7078
400364 7.55245e+006 23.4189
400364 7.55245e+006 23.4189
400364 7.55245e+006 23.3723
400364 7.55244e+006 23.6675
400364 7.55244e+006 24.4739
400364 7.55244e+006 24.4972
400364 7.55245e+006 23.7078
400364 7.55245e+006 23.7078
400364 7.55244e+006 23.6675
400364 7.55244e+006 24.4739
400364 7.55244e+006 25.5755
400364 7.55244e+006 25.5755
400364 7.55244e+006 24.4972
400364 7.55244e+006 24.4972
400364 7.55244e+006 24.4739
400364 7.55244e+006 25.5755
400364 7.55244e+006 26.6772
400364 7.55244e+006 26.6539
400364 7.55244e+006 25.5755
400364 7.55244e+006 25.5755
400364 7.55244e+006 25.5755
400364 7.55244e+006 26.6772
400364 7.55244e+006 27.4836
400364 7.55245e+006 27.4433
400364 7.55244e+006 26.6539
400364 7.55244e+006 26.6539
400364 7.55244e+006 26.6772
400364 7.55244e+006 27.4836
400364 7.55245e+006 27.7788
400364 7.55245e+006 27.7322
400364 7.55245e+006 27.4433
400364 7.55245e+006 27.4433
400364 7.55244e+006 27.4836
400364 7.55245e+006 27.7788
400382 7.55245e+006 27.4836
400364 7.55245e+006 27.4836
400364 7.55245e+006 27.7788
400364 7.55245e+006 27.7788
400382 7.55245e+006 27.7788
400382 7.55245e+006 27.4836
400382 7.55245e+006 26.6772
400364 7.55245e+006 26.6772
400364 7.55245e+006 27.4836
400364 7.55245e+006 27.4836
400382 7.55245e+006 27.4836
400382 7.55245e+006 26.6772
400382 7.55245e+006 25.5756
400364 7.55245e+006 25.5755
400364 7.55245e+006 26.6772
400364 7.55245e+006 26.6772
400382 7.55245e+006 26.6772
400382 7.55245e+006 25.5756
400382 7.55245e+006 24.4739
400364 7.55245e+006 24.4739
400364 7.55245e+006 25.5755
400364 7.55245e+006 25.5755
400382 7.55245e+006 25.5756
400382 7.55245e+006 24.4739
400382 7.55245e+006 23.6675
400364 7.55245e+006 23.6675
400364 7.55245e+006 24.4739
400364 7.55245e+006 24.4739
400382 7.55245e+006 24.4739
400382 7.55245e+006 23.6675
400382 7.55245e+006 23.3723
400364 7.55245e+006 23.3723
400364 7.55245e+006 23.6675
400364 7.55245e+006 23.6675
400382 7.55245e+006 23.6675
400382 7.55245e+006 23.3723
400382 7.55244e+006 23.6675
400364 7.55244e+006 23.6675
400364 7.55245e+006 23.3723
400364 7.55245e+006 23.3723
400382 7.55245e+006 23.3723
400382 7.55244e+006 23.6675
400382 7.55244e+006 24.4739
400364 7.55244e+006 24.4739
400364 7.55244e+006 23.6675
400364 7.55244e+006 23.6675
400382 7.55244e+006 23.6675
400382 7.55244e+006 24.4739
400382 7.55244e+006 25.5756
400364 7.55244e+006 25.5755
400364 7.55244e+006 24.4739
400364 7.55244e+006 24.4739
400382 7.55244e+006 24.4739
400382 7.55244e+006 25.5756
400382 7.55244e+006 26.6772
400364 7.55244e+006 26.6772
400364 7.55244e+006 25.5755
400364 7.55244e+006 25.5755
400382 7.55244e+006 25.5756
400382 7.55244e+006 26.6772
400382 7.55244e+006 27.4836
400364 7.55244e+006 27.4836
400364 7.55244e+006 26.6772
400364 7.55244e+006 26.6772
400382 7.55244e+006 26.6772
400382 7.55244e+006 27.4836
400382 7.55245e+006 27.7788
400364 7.55245e+006 27.7788
400364 7.55244e+006 27.4836
400364 7.55244e+006 27.4836
400382 7.55244e+006 27.4836
400382 7.55245e+006 27.7788
400382 7.55245e+006 27.4433
400382 7.55245e+006 27.4836
400382 7.55245e+006 27.7788
400382 7.55245e+006 27.7788
400382 7.55245e+006 27.7322
400382 7.55245e+006 27.4433
400382 7.55245e+006 26.6539
400382 7.55245e+006 26.6772
400382 7.55245e+006 27.4836
400382 7.55245e+006 27.4836
400382 7.55245e+006 27.4433
400382 7.55245e+006 26.6539
400382 7.55245e+006 25.5756
400382 7.55245e+006 25.5756
400382 7.55245e+006 26.6772
400382 7.55245e+006 26.6772
400382 7.55245e+006 26.6539
400382 7.55245e+006 25.5756
400382 7.55245e+006 24.4972
400382 7.55245e+006 24.4739
400382 7.55245e+006 25.5756
400382 7.55245e+006 25.5756
400382 7.55245e+006 25.5756
400382 7.55245e+006 24.4972
400382 7.55245e+006 23.7078
400382 7.55245e+006 23.6675
400382 7.55245e+006 24.4739
400382 7.55245e+006 24.4739
400382 7.55245e+006 24.4972
400382 7.55245e+006 23.7078
400382 7.55245e+006 23.4189
400382 7.55245e+006 23.3723
400382 7.55245e+006 23.6675
400382 7.55245e+006 23.6675
400382 7.55245e+006 23.7078
400382 7.55245e+006 23.4189
400382 7.55245e+006 23.7078
400382 7.55244e+006 23.6675
400382 7.55245e+006 23.3723
400382 7.55245e+006 23.3723
400382 7.55245e+006 23.4189
400382 7.55245e+006 23.7078
400382 7.55244e+006 24.4972
400382 7.55244e+006 24.4739
400382 7.55244e+006 23.6675
400382 7.55244e+006 23.6675
400382 7.55245e+006 23.7078
400382 7.55244e+006 24.4972
400382 7.55244e+006 25.5756
400382 7.55244e+006 25.5756
400382 7.55244e+006 24.4739
400382 7.55244e+006 24.4739
400382 7.55244e+006 24.4972
400382 7.55244e+006 25.5756
400382 7.55244e+006 26.6539
400382 7.55244e+006 26.6772
400382 7.55244e+006 25.5756
400382 7.55244e+006 25.5756
400382 7.55244e+006 25.5756
400382 7.55244e+006 26.6539
400382 7.55245e+006 27.4433
400382 7.55244e+006 27.4836
400382 7.55244e+006 26.6772
400382 7.55244e+006 26.6772
400382 7.55244e+006 26.6539
400382 7.55245e+006 27.4433
400382 7.55245e+006 27.7322
400382 7.55245e+006 27.7788
400382 7.55244e+006 27.4836
400382 7.55244e+006 27.4836
400382 7.55245e+006 27.4433
400382 7.55245e+006 27.7322
400382 7.55245e+006 27.084
400382 7.55245e+006 27.4433
400382 7.55245e+006 27.7322
400382 7.55245e+006 27.7322
400382 7.55245e+006 27.3174
400382 7.55245e+006 27.084
400382 7.55245e+006 26.4465
400382 7.55245e+006 26.6539
400382 7.55245e+006 27.4433
400382 7.55245e+006 27.4433
400382 7.55245e+006 27.084
400382 7.55245e+006 26.4465
400382 7.55245e+006 25.5756
400382 7.55245e+006 25.5756
400382 7.55245e+006 26.6539
400382 7.55245e+006 26.6539
400382 7.55245e+006 26.4465
400382 7.55245e+006 25.5756
400382 7.55245e+006 24.7047
400382 7.55245e+006 24.4972
400382 7.55245e+006 25.5756
400382 7.55245e+006 25.5756
400382 7.55245e+006 25.5756
400382 7.55245e+006 24.7047
400382 7.55245e+006 24.0671
400382 7.55245e+006 23.7078
400382 7.55245e+006 24.4972
400382 7.55245e+006 24.4972
400382 7.55245e+006 24.7047
400382 7.55245e+006 24.0671
400382 7.55245e+006 23.8338
400382 7.55245e+006 23.4189
400382 7.55245e+006 23.7078
400382 7.55245e+006 23.7078
400382 7.55245e+006 24.0671
400382 7.55245e+006 23.8338
400382 7.55245e+006 24.0671
400382 7.55245e+006 23.7078
400382 7.55245e+006 23.4189
400382 7.55245e+006 23.4189
400382 7.55245e+006 23.8338
400382 7.55245e+006 24.0671
400382 7.55244e+006 24.7047
400382 7.55244e+006 24.4972
400382 7.55245e+006 23.7078
400382 7.55245e+006 23.7078
400382 7.55245e+006 24.0671
400382 7.55244e+006 24.7047
400382 7.55244e+006 25.5756
400382 7.55244e+006 25.5756
400382 7.55244e+006 24.4972
400382 7.55244e+006 24.4972
400382 7.55244e+006 24.7047
400382 7.55244e+006 25.5756
400382 7.55244e+006 26.4464
400382 7.55244e+006 26.6539
400382 7.55244e+006 25.5756
400382 7.55244e+006 25.5756
400382 7.55244e+006 25.5756
400382 7.55244e+006 26.4464
400382 7.55245e+006 27.084
400382 7.55245e+006 27.4433
400382 7.55244e+006 26.6539
400382 7.55244e+006 26.6539
400382 7.55244e+006 26.4464
400382 7.55245e+006 27.084
400382 7.55245e+006 27.3174
400382 7.55245e+006 27.7322
400382 7.55245e+006 27.4433
400382 7.55245e+006 27.4433
400382 7.55245e+006 27.084
400382 7.55245e+006 27.3174
400383 7.55245e+006 26.619
400382 7.55245e+006 27.084
400382 7.55245e+006 27.3174
400382 7.55245e+006 27.3174
400383 7.55245e+006 26.7804
400383 7.55245e+006 26.619
400383 7.55245e+006 26.178
400382 7.55245e+006 26.4465
400382 7.55245e+006 27.084
400382 7.55245e+006 27.084
400383 7.55245e+006 26.619
400383 7.55245e+006 26.178
400383 7.55245e+006 25.5756
400382 7.55245e+006 25.5756
400382 7.55245e+006 26.4465
400382 7.55245e+006 26.4465
400383 7.55245e+006 26.178
400383 7.55245e+006 25.5756
400383 7.55245e+006 24.9731
400382 7.55245e+006 24.7047
400382 7.55245e+006 25.5756
400382 7.55245e+006 25.5756
400383 7.55245e+006 25.5756
400383 7.55245e+006 24.9731
400383 7.55245e+006 24.5321
400382 7.55245e+006 24.0671
400382 7.55245e+006 24.7047
400382 7.55245e+006 24.7047
400383 7.55245e+006 24.9731
400383 7.55245e+006 24.5321
400383 7.55245e+006 24.3707
400382 7.55245e+006 23.8338
400382 7.55245e+006 24.0671
400382 7.55245e+006 24.0671
400383 7.55245e+006 24.5321
400383 7.55245e+006 24.3707
400383 7.55245e+006 24.5321
400382 7.55245e+006 24.0671
400382 7.55245e+006 23.8338
400382 7.55245e+006 23.8338
400383 7.55245e+006 24.3707
400383 7.55245e+006 24.5321
400383 7.55245e+006 24.9731
400382 7.55244e+006 24.7047
400382 7.55245e+006 24.0671
400382 7.55245e+006 24.0671
400383 7.55245e+006 24.5321
400383 7.55245e+006 24.9731
400383 7.55244e+006 25.5756
400382 7.55244e+006 25.5756
400382 7.55244e+006 24.7047
400382 7.55244e+006 24.7047
400383 7.55245e+006 24.9731
400383 7.55244e+006 25.5756
400383 7.55245e+006 26.178
400382 7.55244e+006 26.4464
400382 7.55244e+006 25.5756
400382 7.55244e+006 25.5756
400383 7.55244e+006 25.5756
400383 7.55245e+006 26.178
400383 7.55245e+006 26.619
400382 7.55245e+006 27.084
400382 7.55244e+006 26.4464
400382 7.55244e+006 26.4464
400383 7.55245e+006 26.178
400383 7.55245e+006 26.619
400383 7.55245e+006 26.7804
400382 7.55245e+006 27.3174
400382 7.55245e+006 27.084
400382 7.55245e+006 27.084
400383 7.55245e+006 26.619
400383 7.55245e+006 26.7804
400383 7.55245e+006 26.1088
400383 7.55245e+006 26.619
400383 7.55245e+006 26.7804
400383 7.55245e+006 26.7804
400383 7.55245e+006 26.1913
400383 7.55245e+006 26.1088
400383 7.55245e+006 25.8834
400383 7.55245e+006 26.178
400383 7.55245e+006 26.619
400383 7.55245e+006 26.619
400383 7.55245e+006 26.1088
400383 7.55245e+006 25.8834
400383 7.55245e+006 25.5756
400383 7.55245e+006 25.5756
400383 7.55245e+006 26.178
400383 7.55245e+006 26.178
400383 7.55245e+006 25.8834
400383 7.55245e+006 25.5756
400383 7.55245e+006 25.2677
400383 7.55245e+006 24.9731
400383 7.55245e+006 25.5756
400383 7.55245e+006 25.5756
400383 7.55245e+006 25.5756
400383 7.55245e+006 25.2677
400383 7.55245e+006 25.0423
400383 7.55245e+006 24.5321
400383 7.55245e+006 24.9731
400383 7.55245e+006 24.9731
400383 7.55245e+006 25.2677
400383 7.55245e+006 25.0423
400383 7.55245e+006 24.9598
400383 7.55245e+006 24.3707
400383 7.55245e+006 24.5321
400383 7.55245e+006 24.5321
400383 7.55245e+006 25.0423
400383 7.55245e+006 24.9598
400383 7.55245e+006 25.0423
400383 7.55245e+006 24.5321
400383 7.55245e+006 24.3707
400383 7.55245e+006 24.3707
400383 7.55245e+006 24.9598
400383 7.55245e+006 25.0423
400383 7.55245e+006 25.2677
400383 7.55245e+006 24.9731
400383 7.55245e+006 24.5321
400383 7.55245e+006 24.5321
400383 7.55245e+006 25.0423
400383 7.55245e+006 25.2677
400383 7.55245e+006 25.5756
400383 7.55244e+006 25.5756
400383 7.55245e+006 24.9731
400383 7.55245e+006 24.9731
400383 7.55245e+006 25.2677
400383 7.55245e+006 25.5756
400383 7.55245e+006 25.8834
400383 7.55245e+006 26.178
400383 7.55244e+006 25.5756
400383 7.55244e+006 25.5756
400383 7.55245e+006 25.5756
400383 7.55245e+006 25.8834
400383 7.55245e+006 26.1088
400383 7.55245e+006 26.619
400383 7.55245e+006 26.178
400383 7.55245e+006 26.178
400383 7.55245e+006 25.8834
400383 7.55245e+006 26.1088
400383 7.55245e+006 26.1913
400383 7.55245e+006 26.7804
400383 7.55245e+006 26.619
400383 7.55245e+006 26.619
400383 7.55245e+006 26.1088
400383 7.55245e+006 26.1913
400383 7.55245e+006 26.1913
400383 7.55245e+006 25.5756
400383 7.55245e+006 26.1088
400383 7.55245e+006 26.1088
400383 7.55245e+006 25.5756
400383 7.55245e+006 25.8834
400383 7.55245e+006 25.8834
400383 7.55245e+006 25.5756
400383 7.55245e+006 25.5756
400383 7.55245e+006 25.5756
400383 7.55245e+006 25.5756
400383 7.55245e+006 25.2677
400383 7.55245e+006 25.2677
400383 7.55245e+006 25.5756
400383 7.55245e+006 25.0423
400383 7.55245e+006 25.0423
400383 7.55245e+006 25.5756
400383 7.55245e+006 24.9598
400383 7.55245e+006 24.9598
400383 7.55245e+006 25.5756
400383 7.55245e+006 25.0423
400383 7.55245e+006 25.0423
400383 7.55245e+006 25.5756
400383 7.55245e+006 25.2677
400383 7.55245e+006 25.2677
400383 7.55245e+006 25.5756
400383 7.55245e+006 25.5756
400383 7.55245e+006 25.5756
400383 7.55245e+006 25.5756
400383 7.55245e+006 25.8834
400383 7.55245e+006 25.8834
400383 7.55245e+006 25.5756
400383 7.55245e+006 26.1088
400383 7.55245e+006 26.1088
400383 7.55245e+006 25.5756
400383 7.55245e+006 26.1913
400361 7.55246e+006 35.1714
400361 7.55246e+006 36.4002
400376 7.55246e+006 36.4002
400376 7.55246e+006 36.4002
400376 7.55246e+006 35.1714
400361 7.55246e+006 35.1714
400361 7.55246e+006 34.3694
400361 7.55246e+006 35.1714
400376 7.55246e+006 35.1714
400376 7.55246e+006 35.1714
400376 7.55246e+006 34.3694
400361 7.55246e+006 34.3694
400361 7.55246e+006 34.3694
400361 7.55246e+006 34.3694
400376 7.55246e+006 34.3694
400376 7.55246e+006 34.3694
400376 7.55246e+006 34.3694
400361 7.55246e+006 34.3694
400361 7.55246e+006 35.1714
400361 7.55246e+006 34.3694
400376 7.55246e+006 34.3694
400376 7.55246e+006 34.3694
400376 7.55246e+006 35.1714
400361 7.55246e+006 35.1714
400361 7.55246e+006 37.4808
400361 7.55246e+006 37.9075
400376 7.55246e+006 37.9075
400376 7.55246e+006 37.9075
400376 7.55246e+006 37.4808
400361 7.55246e+006 37.4808
400361 7.55246e+006 36.4002
400361 7.55246e+006 37.4808
400376 7.55246e+006 37.4808
400376 7.55246e+006 37.4808
400376 7.55246e+006 36.4002
400361 7.55246e+006 36.4002
400361 7.55246e+006 36.4002
400361 7.55246e+006 35.1714
400376 7.55246e+006 35.1714
400376 7.55246e+006 35.1714
400376 7.55246e+006 36.4002
400361 7.55246e+006 36.4002
400361 7.55246e+006 37.4808
400361 7.55246e+006 36.4002
400376 7.55246e+006 36.4002
400376 7.55246e+006 36.4002
400376 7.55246e+006 37.4808
400361 7.55246e+006 37.4808
400361 7.55246e+006 37.4808
400376 7.55246e+006 37.4808
400376 7.55246e+006 37.9075
400376 7.55246e+006 37.9075
400361 7.55246e+006 37.9075
400361 7.55246e+006 37.4808
400375 7.55247e+006 37.8036
400375 7.55247e+006 37.4011
400375 7.55247e+006 37.2642
400375 7.55247e+006 37.2642
400375 7.55247e+006 37.6248
400375 7.55247e+006 37.8036
400375 7.55247e+006 37.4011
400375 7.55247e+006 36.382
400375 7.55247e+006 36.351
400375 7.55247e+006 36.351
400375 7.55247e+006 37.2642
400375 7.55247e+006 37.4011
400375 7.55247e+006 36.382
400375 7.55247e+006 35.2231
400375 7.55247e+006 35.3125
400375 7.55247e+006 35.3125
400375 7.55247e+006 36.351
400375 7.55247e+006 36.382
400375 7.55247e+006 35.2231
400375 7.55247e+006 34.4667
400375 7.55247e+006 34.6347
400375 7.55247e+006 34.6347
400375 7.55247e+006 35.3125
400375 7.55247e+006 35.2231
400375 7.55247e+006 34.4667
400375 7.55247e+006 34.4667
400375 7.55247e+006 34.6347
400375 7.55247e+006 34.6347
400375 7.55247e+006 34.6347
400375 7.55247e+006 34.4667
400375 7.55247e+006 34.4667
400375 7.55247e+006 35.2231
400375 7.55247e+006 35.3125
400375 7.55247e+006 35.3125
400375 7.55247e+006 34.6347
400375 7.55247e+006 34.4667
400375 7.55247e+006 35.2231
400375 7.55247e+006 36.382
400375 7.55247e+006 36.351
400375 7.55247e+006 36.351
400375 7.55247e+006 35.3125
400375 7.55247e+006 35.2231
400375 7.55247e+006 36.382
400375 7.55247e+006 37.4011
400375 7.55247e+006 37.2642
400375 7.55247e+006 37.2642
400375 7.55247e+006 36.351
400375 7.55247e+006 36.382
400375 7.55247e+006 37.4011
400375 7.55247e+006 37.8036
400375 7.55247e+006 37.6248
400375 7.55247e+006 37.6248
400375 7.55247e+006 37.2642
400375 7.55247e+006 37.4011
400375 7.55247e+006 37.6248
400375 7.55247e+006 37.2642
400374 7.55247e+006 36.8969
400374 7.55247e+006 36.8969
400374 7.55247e+006 37.1454
400375 7.55247e+006 37.6248
400375 7.55247e+006 37.2642
400375 7.55247e+006 36.351
400374 7.55247e+006 36.2677
400374 7.55247e+006 36.2677
400374 7.55247e+006 36.8969
400375 7.55247e+006 37.2642
400375 7.55247e+006 36.351
400375 7.55247e+006 35.3125
400374 7.55247e+006 35.5522
400374 7.55247e+006 35.5522
400374 7.55247e+006 36.2677
400375 7.55247e+006 36.351
400375 7.55247e+006 35.3125
400375 7.55247e+006 34.6347
400374 7.55247e+006 35.0852
400374 7.55247e+006 35.0852
400374 7.55247e+006 35.5522
400375 7.55247e+006 35.3125
400375 7.55247e+006 34.6347
400375 7.55247e+006 34.6347
400374 7.55247e+006 35.0852
400374 7.55247e+006 35.0852
400374 7.55247e+006 35.0852
400375 7.55247e+006 34.6347
400375 7.55247e+006 34.6347
400375 7.55247e+006 35.3125
400374 7.55247e+006 35.5522
400374 7.55247e+006 35.5522
400374 7.55247e+006 35.0852
400375 7.55247e+006 34.6347
400375 7.55247e+006 35.3125
400375 7.55247e+006 36.351
400374 7.55247e+006 36.2677
400374 7.55247e+006 36.2677
400374 7.55247e+006 35.5522
400375 7.55247e+006 35.3125
400375 7.55247e+006 36.351
400375 7.55247e+006 37.2642
400374 7.55247e+006 36.8969
400374 7.55247e+006 36.8969
400374 7.55247e+006 36.2677
400375 7.55247e+006 36.351
400375 7.55247e+006 37.2642
400375 7.55247e+006 37.6248
400374 7.55247e+006 37.1454
400374 7.55247e+006 37.1454
400374 7.55247e+006 36.8969
400375 7.55247e+006 37.2642
400374 7.55247e+006 37.1454
400374 7.55247e+006 36.8969
400374 7.55247e+006 36.3658
400374 7.55247e+006 36.3658
400374 7.55247e+006 36.4522
400374 7.55247e+006 37.1454
400374 7.55247e+006 36.8969
400374 7.55247e+006 36.2677
400374 7.55247e+006 36.1473
400374 7.55247e+006 36.1473
400374 7.55247e+006 36.3658
400374 7.55247e+006 36.8969
400374 7.55247e+006 36.2677
400374 7.55247e+006 35.5522
400374 7.55247e+006 35.8988
400374 7.55247e+006 35.8988
400374 7.55247e+006 36.1473
400374 7.55247e+006 36.2677
400374 7.55247e+006 35.5522
400374 7.55247e+006 35.0852
400374 7.55247e+006 35.7366
400374 7.55247e+006 35.7366
400374 7.55247e+006 35.8988
400374 7.55247e+006 35.5522
400374 7.55247e+006 35.0852
400374 7.55247e+006 35.0852
400374 7.55247e+006 35.7366
400374 7.55247e+006 35.7366
400374 7.55247e+006 35.7366
400374 7.55247e+006 35.0852
400374 7.55247e+006 35.0852
400374 7.55247e+006 35.5522
400374 7.55247e+006 35.8988
400374 7.55247e+006 35.8988
400374 7.55247e+006 35.7366
400374 7.55247e+006 35.0852
400374 7.55247e+006 35.5522
400374 7.55247e+006 36.2677
400374 7.55247e+006 36.1473
400374 7.55247e+006 36.1473
400374 7.55247e+006 35.8988
400374 7.55247e+006 35.5522
400374 7.55247e+006 36.2677
400374 7.55247e+006 36.8969
400374 7.55247e+006 36.3658
400374 7.55247e+006 36.3658
400374 7.55247e+006 36.1473
400374 7.55247e+006 36.2677
400374 7.55247e+006 36.8969
400374 7.55247e+006 37.1454
400374 7.55247e+006 36.4522
400374 7.55247e+006 36.4522
400374 7.55247e+006 36.3658
400374 7.55247e+006 36.8969
400374 7.55247e+006 36.4522
400374 7.55247e+006 36.3658
400374 7.55247e+006 36.3712
400374 7.55247e+006 36.3712
400374 7.55247e+006 36.4592
400374 7.55247e+006 36.4522
400374 7.55247e+006 36.3658
400374 7.55247e+006 36.1473
400374 7.55247e+006 36.1485
400374 7.55247e+006 36.1485
400374 7.55247e+006 36.3712
400374 7.55247e+006 36.3658
400374 7.55247e+006 36.1473
400374 7.55247e+006 35.8988
400374 7.55247e+006 35.8953
400374 7.55247e+006 35.8953
400374 7.55247e+006 36.1485
400374 7.55247e+006 36.1473
400374 7.55247e+006 35.8988
400374 7.55247e+006 35.7366
400374 7.55247e+006 35.73
400374 7.55247e+006 35.73
400374 7.55247e+006 35.8953
400374 7.55247e+006 35.8988
400374 7.55247e+006 35.7366
400374 7.55247e+006 35.7366
400374 7.55247e+006 35.73
400374 7.55247e+006 35.73
400374 7.55247e+006 35.73
400374 7.55247e+006 35.7366
400374 7.55247e+006 35.7366
400374 7.55247e+006 35.8988
400374 7.55247e+006 35.8953
400374 7.55247e+006 35.8953
400374 7.55247e+006 35.73
400374 7.55247e+006 35.7366
400374 7.55247e+006 35.8988
400374 7.55247e+006 36.1473
400374 7.55247e+006 36.1485
400374 7.55247e+006 36.1485
400374 7.55247e+006 35.8953
400374 7.55247e+006 35.8988
400374 7.55247e+006 36.1473
400374 7.55247e+006 36.3658
400374 7.55247e+006 36.3712
400374 7.55247e+006 36.3712
400374 7.55247e+006 36.1485
400374 7.55247e+006 36.1473
400374 7.55247e+006 36.3658
400374 7.55247e+006 36.4522
400374 7.55247e+006 36.4592
400374 7.55247e+006 36.4592
400374 7.55247e+006 36.3712
400374 7.55247e+006 36.3658
400374 7.55247e+006 36.4592
400374 7.55247e+006 36.3712
400374 7.55247e+006 36.5495
400374 7.55247e+006 36.5495
400374 7.55247e+006 36.6919
400374 7.55247e+006 36.4592
400374 7.55247e+006 36.3712
400374 7.55247e+006 36.1485
400374 7.55247e+006 36.189
400374 7.55247e+006 36.189
400374 7.55247e+006 36.5495
400374 7.55247e+006 36.3712
400374 7.55247e+006 36.1485
400374 7.55247e+006 35.8953
400374 7.55247e+006 35.7789
400374 7.55247e+006 35.7789
400374 7.55247e+006 36.189
400374 7.55247e+006 36.1485
400374 7.55247e+006 35.8953
400374 7.55247e+006 35.73
400374 7.55247e+006 35.5113
400374 7.55247e+006 35.5113
400374 7.55247e+006 35.7789
400374 7.55247e+006 35.8953
400374 7.55247e+006 35.73
400374 7.55247e+006 35.73
400374 7.55247e+006 35.5113
400374 7.55247e+006 35.5113
400374 7.55247e+006 35.5113
400374 7.55247e+006 35.73
400374 7.55247e+006 35.73
400374 7.55247e+006 35.8953
400374 7.55247e+006 35.7789
400374 7.55247e+006 35.7789
400374 7.55247e+006 35.5113
400374 7.55247e+006 35.73
400374 7.55247e+006 35.8953
400374 7.55247e+006 36.1485
400374 7.55247e+006 36.189
400374 7.55247e+006 36.189
400374 7.55247e+006 35.7789
400374 7.55247e+006 35.8953
400374 7.55247e+006 36.1485
400374 7.55247e+006 36.3712
400374 7.55247e+006 36.5495
400374 7.55247e+006 36.5495
400374 7.55247e+006 36.189
400374 7.55247e+006 36.1485
400374 7.55247e+006 36.3712
400374 7.55247e+006 36.4592
400374 7.55247e+006 36.6919
400374 7.55247e+006 36.6919
400374 7.55247e+006 36.5495
400374 7.55247e+006 36.3712
400374 7.55247e+006 36.6919
400374 7.55247e+006 36.5495
400374 7.55247e+006 36.5495
400374 7.55247e+006 36.5495
400374 7.55247e+006 36.6919
400374 7.55247e+006 36.6919
400374 7.55247e+006 36.5495
400374 7.55247e+006 36.189
400374 7.55247e+006 36.189
400374 7.55247e+006 36.189
400374 7.55247e+006 36.5495
400374 7.55247e+006 36.5495
400374 7.55247e+006 36.189
400374 7.55247e+006 35.7789
400374 7.55247e+006 35.7789
400374 7.55247e+006 35.7789
400374 7.55247e+006 36.189
400374 7.55247e+006 36.189
400374 7.55247e+006 35.7789
400374 7.55247e+006 35.5113
400374 7.55247e+006 35.5113
400374 7.55247e+006 35.5113
400374 7.55247e+006 35.7789
400374 7.55247e+006 35.7789
400374 7.55247e+006 35.5113
400374 7.55247e+006 35.5113
400374 7.55247e+006 35.5113
400374 7.55247e+006 35.5113
400374 7.55247e+006 35.5113
400374 7.55247e+006 35.5113
400374 7.55247e+006 35.5113
400374 7.55247e+006 35.7789
400374 7.55247e+006 35.7789
400374 7.55247e+006 35.7789
400374 7.55247e+006 35.5113
400374 7.55247e+006 35.5113
400374 7.55247e+006 35.7789
400374 7.55247e+006 36.189
400374 7.55247e+006 36.189
400374 7.55247e+006 36.189
400374 7.55247e+006 35.7789
400374 7.55247e+006 35.7789
400374 7.55247e+006 36.189
400374 7.55247e+006 36.5495
400374 7.55247e+006 36.5495
400374 7.55247e+006 36.5495
400374 7.55247e+006 36.189
400374 7.55247e+006 36.189
400374 7.55247e+006 36.5495
400374 7.55247e+006 36.6919
400374 7.55247e+006 36.6919
400374 7.55247e+006 36.6919
400374 7.55247e+006 36.5495
400374 7.55247e+006 36.5495
400374 7.55247e+006 36.189
400374 7.55247e+006 35.7789
400374 7.55247e+006 35.5113
400374 7.55247e+006 35.5113
400374 7.55247e+006 35.5113
400374 7.55247e+006 35.7789
400374 7.55247e+006 35.7789
400374 7.55247e+006 36.189
400374 7.55247e+006 36.5495
400374 7.55247e+006 35.5113
400374 7.55247e+006 35.7789
400374 7.55247e+006 36.5495
400374 7.55247e+006 36.189
400374 7.55247e+006 35.5113
400374 7.55247e+006 36.5495
400374 7.55247e+006 36.189
400374 7.55247e+006 36.5495
400374 7.55247e+006 36.6919
400374 7.55247e+006 36.5495
400374 7.55247e+006 36.189
400374 7.55247e+006 36.6919
400375 7.55247e+006 35.2231
400375 7.55247e+006 36.382
400385 7.55247e+006 36.382
400385 7.55247e+006 36.382
400385 7.55247e+006 35.2231
400375 7.55247e+006 35.2231
400375 7.55247e+006 34.4667
400375 7.55247e+006 35.2231
400385 7.55247e+006 35.2231
400385 7.55247e+006 35.2231
400385 7.55247e+006 34.4667
400375 7.55247e+006 34.4667
400375 7.55247e+006 34.4667
400375 7.55247e+006 34.4667
400385 7.55247e+006 34.4667
400385 7.55247e+006 34.4667
400385 7.55247e+006 34.4667
400375 7.55247e+006 34.4667
400375 7.55247e+006 35.2231
400375 7.55247e+006 34.4667
400385 7.55247e+006 34.4667
400385 7.55247e+006 34.4667
400385 7.55247e+006 35.2231
400375 7.55247e+006 35.2231
400385 7.55247e+006 37.8036
400386 7.55247e+006 37.6248
400386 7.55247e+006 37.2642
400386 7.55247e+006 37.2642
400385 7.55247e+006 37.4011
400385 7.55247e+006 37.8036
400385 7.55247e+006 37.4011
400386 7.55247e+006 37.2642
400386 7.55247e+006 36.351
400386 7.55247e+006 36.351
400385 7.55247e+006 36.382
400385 7.55247e+006 37.4011
400385 7.55247e+006 36.382
400386 7.55247e+006 36.351
400386 7.55247e+006 35.3125
400386 7.55247e+006 35.3125
400385 7.55247e+006 35.2231
400385 7.55247e+006 36.382
400385 7.55247e+006 35.2231
400386 7.55247e+006 35.3125
400386 7.55247e+006 34.6347
400386 7.55247e+006 34.6347
400385 7.55247e+006 34.4667
400385 7.55247e+006 35.2231
400385 7.55247e+006 34.4667
400386 7.55247e+006 34.6347
400386 7.55247e+006 34.6347
400386 7.55247e+006 34.6347
400385 7.55247e+006 34.4667
400385 7.55247e+006 34.4667
400385 7.55247e+006 34.4667
400386 7.55247e+006 34.6347
400386 7.55247e+006 35.3125
400386 7.55247e+006 35.3125
400385 7.55247e+006 35.2231
400385 7.55247e+006 34.4667
400385 7.55247e+006 35.2231
400386 7.55247e+006 35.3125
400386 7.55247e+006 36.351
400386 7.55247e+006 36.351
400385 7.55247e+006 36.382
400385 7.55247e+006 35.2231
400385 7.55247e+006 36.382
400386 7.55247e+006 36.351
400386 7.55247e+006 37.2642
400386 7.55247e+006 37.2642
400385 7.55247e+006 37.4011
400385 7.55247e+006 36.382
400385 7.55247e+006 37.4011
400386 7.55247e+006 37.2642
400386 7.55247e+006 37.6248
400386 7.55247e+006 37.6248
400385 7.55247e+006 37.8036
400385 7.55247e+006 37.4011
400386 7.55247e+006 37.6248
400386 7.55247e+006 37.1454
400386 7.55247e+006 36.8969
400386 7.55247e+006 36.8969
400386 7.55247e+006 37.2642
400386 7.55247e+006 37.6248
400386 7.55247e+006 37.2642
400386 7.55247e+006 36.8969
400386 7.55247e+006 36.2677
400386 7.55247e+006 36.2677
400386 7.55247e+006 36.351
400386 7.55247e+006 37.2642
400386 7.55247e+006 36.351
400386 7.55247e+006 36.2677
400386 7.55247e+006 35.5522
400386 7.55247e+006 35.5522
400386 7.55247e+006 35.3125
400386 7.55247e+006 36.351
400386 7.55247e+006 35.3125
400386 7.55247e+006 35.5522
400386 7.55247e+006 35.0852
400386 7.55247e+006 35.0852
400386 7.55247e+006 34.6347
400386 7.55247e+006 35.3125
400386 7.55247e+006 34.6347
400386 7.55247e+006 35.0852
400386 7.55247e+006 35.0852
400386 7.55247e+006 35.0852
400386 7.55247e+006 34.6347
400386 7.55247e+006 34.6347
400386 7.55247e+006 34.6347
400386 7.55247e+006 35.0852
400386 7.55247e+006 35.5522
400386 7.55247e+006 35.5522
400386 7.55247e+006 35.3125
400386 7.55247e+006 34.6347
400386 7.55247e+006 35.3125
400386 7.55247e+006 35.5522
400386 7.55247e+006 36.2677
400386 7.55247e+006 36.2677
400386 7.55247e+006 36.351
400386 7.55247e+006 35.3125
400386 7.55247e+006 36.351
400386 7.55247e+006 36.2677
400386 7.55247e+006 36.8969
400386 7.55247e+006 36.8969
400386 7.55247e+006 37.2642
400386 7.55247e+006 36.351
400386 7.55247e+006 37.2642
400386 7.55247e+006 36.8969
400386 7.55247e+006 37.1454
400386 7.55247e+006 37.1454
400386 7.55247e+006 37.6248
400386 7.55247e+006 37.2642
400386 7.55247e+006 37.1454
400386 7.55247e+006 36.4522
400386 7.55247e+006 36.3658
400386 7.55247e+006 36.3658
400386 7.55247e+006 36.8969
400386 7.55247e+006 37.1454
400386 7.55247e+006 36.8969
400386 7.55247e+006 36.3658
400386 7.55247e+006 36.1473
400386 7.55247e+006 36.1473
400386 7.55247e+006 36.2677
400386 7.55247e+006 36.8969
400386 7.55247e+006 36.2677
400386 7.55247e+006 36.1473
400386 7.55247e+006 35.8988
400386 7.55247e+006 35.8988
400386 7.55247e+006 35.5522
400386 7.55247e+006 36.2677
400386 7.55247e+006 35.5522
400386 7.55247e+006 35.8988
400386 7.55247e+006 35.7366
400386 7.55247e+006 35.7366
400386 7.55247e+006 35.0852
400386 7.55247e+006 35.5522
400386 7.55247e+006 35.0852
400386 7.55247e+006 35.7366
400386 7.55247e+006 35.7366
400386 7.55247e+006 35.7366
400386 7.55247e+006 35.0852
400386 7.55247e+006 35.0852
400386 7.55247e+006 35.0852
400386 7.55247e+006 35.7366
400386 7.55247e+006 35.8988
400386 7.55247e+006 35.8988
400386 7.55247e+006 35.5522
400386 7.55247e+006 35.0852
400386 7.55247e+006 35.5522
400386 7.55247e+006 35.8988
400386 7.55247e+006 36.1473
400386 7.55247e+006 36.1473
400386 7.55247e+006 36.2677
400386 7.55247e+006 35.5522
400386 7.55247e+006 36.2677
400386 7.55247e+006 36.1473
400386 7.55247e+006 36.3658
400386 7.55247e+006 36.3658
400386 7.55247e+006 36.8969
400386 7.55247e+006 36.2677
400386 7.55247e+006 36.8969
400386 7.55247e+006 36.3658
400386 7.55247e+006 36.4522
400386 7.55247e+006 36.4522
400386 7.55247e+006 37.1454
400386 7.55247e+006 36.8969
400375 7.55247e+006 37.4011
400375 7.55247e+006 37.8036
400385 7.55247e+006 37.8036
400385 7.55247e+006 37.8036
400385 7.55247e+006 37.4011
400375 7.55247e+006 37.4011
400375 7.55247e+006 36.382
400375 7.55247e+006 37.4011
400385 7.55247e+006 37.4011
400385 7.55247e+006 37.4011
400385 7.55247e+006 36.382
400375 7.55247e+006 36.382
400375 7.55247e+006 36.382
400375 7.55247e+006 35.2231
400385 7.55247e+006 35.2231
400385 7.55247e+006 35.2231
400385 7.55247e+006 36.382
400375 7.55247e+006 36.382
400375 7.55247e+006 37.4011
400375 7.55247e+006 36.382
400385 7.55247e+006 36.382
400385 7.55247e+006 36.382
400385 7.55247e+006 37.4011
400375 7.55247e+006 37.4011
400375 7.55247e+006 37.4011
400385 7.55247e+006 37.4011
400385 7.55247e+006 37.8036
400385 7.55247e+006 37.8036
400375 7.55247e+006 37.8036
400375 7.55247e+006 37.4011
400386 7.55247e+006 36.3658
400386 7.55247e+006 36.1473
400386 7.55247e+006 35.8988
400386 7.55247e+006 35.8988
400386 7.55247e+006 35.7366
400386 7.55247e+006 35.7366
400386 7.55247e+006 35.7366
400386 7.55247e+006 35.8988
400386 7.55247e+006 36.1473
400386 7.55247e+006 35.8988
400386 7.55247e+006 35.7366
400386 7.55247e+006 36.1473
400386 7.55247e+006 36.3658
400386 7.55247e+006 35.8988
400386 7.55247e+006 36.1473
400386 7.55247e+006 36.3658
400386 7.55247e+006 36.1473
400386 7.55247e+006 36.3658
400386 7.55247e+006 36.4522
400386 7.55247e+006 36.3658
400386 7.55247e+006 36.3658
400362 7.55247e+006 33.5665
400362 7.55247e+006 34.3475
400368 7.55247e+006 34.3475
400368 7.55247e+006 34.3475
400368 7.55247e+006 33.5665
400362 7.55247e+006 33.5665
400362 7.55247e+006 33.0567
400362 7.55247e+006 33.5665
400368 7.55247e+006 33.5665
400368 7.55247e+006 33.5665
400368 7.55247e+006 33.0567
400362 7.55247e+006 33.0567
400362 7.55247e+006 33.0567
400362 7.55247e+006 33.0567
400368 7.55247e+006 33.0567
400368 7.55247e+006 33.0567
400368 7.55247e+006 33.0567
400362 7.55247e+006 33.0567
400362 7.55247e+006 33.5665
400362 7.55247e+006 33.0567
400368 7.55247e+006 33.0567
400368 7.55247e+006 33.0567
400368 7.55247e+006 33.5665
400362 7.55247e+006 33.5665
400362 7.55247e+006 35.3056
400368 7.55247e+006 35.3056
400368 7.55247e+006 35.0344
400368 7.55247e+006 35.0344
400362 7.55247e+006 35.0344
400362 7.55247e+006 35.3056
400362 7.55247e+006 35.0344
400368 7.55247e+006 35.0344
400368 7.55247e+006 34.3475
400368 7.55247e+006 34.3475
400362 7.55247e+006 34.3475
400362 7.55247e+006 35.0344
400362 7.55247e+006 34.3475
400362 7.55247e+006 33.5665
400368 7.55247e+006 33.5665
400368 7.55247e+006 33.5665
400368 7.55247e+006 34.3475
400362 7.55247e+006 34.3475
400362 7.55247e+006 34.3475
400368 7.55247e+006 34.3475
400368 7.55247e+006 35.0344
400368 7.55247e+006 35.0344
400362 7.55247e+006 35.0344
400362 7.55247e+006 34.3475
400362 7.55247e+006 35.0344
400368 7.55247e+006 35.0344
400368 7.55247e+006 35.3056
400368 7.55247e+006 35.3056
400362 7.55247e+006 35.3056
400362 7.55247e+006 35.0344
400364 7.55246e+006 23.381
400363 7.55246e+006 23.6189
400363 7.55246e+006 24.099
400363 7.55246e+006 24.099
400364 7.55246e+006 23.9167
400364 7.55246e+006 23.381
400364 7.55246e+006 23.9167
400363 7.55246e+006 24.099
400363 7.55246e+006 25.3146
400363 7.55246e+006 25.3146
400364 7.55246e+006 25.2733
400364 7.55246e+006 23.9167
400364 7.55246e+006 25.2733
400363 7.55246e+006 25.3146
400363 7.55246e+006 26.697
400363 7.55246e+006 26.697
400364 7.55246e+006 26.8159
400364 7.55246e+006 25.2733
400364 7.55246e+006 26.8159
400363 7.55246e+006 26.697
400363 7.55246e+006 27.5992
400363 7.55246e+006 27.5992
400364 7.55246e+006 27.8228
400364 7.55246e+006 26.8159
400364 7.55246e+006 27.8228
400363 7.55246e+006 27.5992
400363 7.55246e+006 27.5992
400363 7.55246e+006 27.5992
400364 7.55246e+006 27.8228
400364 7.55246e+006 27.8228
400364 7.55246e+006 27.8228
400363 7.55246e+006 27.5992
400363 7.55246e+006 26.697
400363 7.55246e+006 26.697
400364 7.55246e+006 26.8159
400364 7.55246e+006 27.8228
400364 7.55246e+006 26.8159
400363 7.55246e+006 26.697
400363 7.55246e+006 25.3146
400363 7.55246e+006 25.3146
400364 7.55246e+006 25.2733
400364 7.55246e+006 26.8159
400364 7.55246e+006 25.2733
400363 7.55246e+006 25.3146
400363 7.55246e+006 24.099
400363 7.55246e+006 24.099
400364 7.55246e+006 23.9167
400364 7.55246e+006 25.2733
400364 7.55246e+006 23.9167
400363 7.55246e+006 24.099
400363 7.55246e+006 23.6189
400363 7.55246e+006 23.6189
400364 7.55246e+006 23.381
400364 7.55246e+006 23.9167
400363 7.55246e+006 23.6189
400363 7.55246e+006 24.2572
400363 7.55246e+006 24.5879
400363 7.55246e+006 24.5879
400363 7.55246e+006 24.099
400363 7.55246e+006 23.6189
400363 7.55246e+006 24.099
400363 7.55246e+006 24.5879
400363 7.55246e+006 25.4255
400363 7.55246e+006 25.4255
400363 7.55246e+006 25.3146
400363 7.55246e+006 24.099
400363 7.55246e+006 25.3146
400363 7.55246e+006 25.4255
400363 7.55246e+006 26.3778
400363 7.55246e+006 26.3778
400363 7.55246e+006 26.697
400363 7.55246e+006 25.3146
400363 7.55246e+006 26.697
400363 7.55246e+006 26.3778
400363 7.55246e+006 26.9995
400363 7.55246e+006 26.9995
400363 7.55246e+006 27.5992
400363 7.55246e+006 26.697
400363 7.55246e+006 27.5992
400363 7.55246e+006 26.9995
400363 7.55246e+006 26.9995
400363 7.55246e+006 26.9995
400363 7.55246e+006 27.5992
400363 7.55246e+006 27.5992
400363 7.55246e+006 27.5992
400363 7.55246e+006 26.9995
400363 7.55246e+006 26.3778
400363 7.55246e+006 26.3778
400363 7.55246e+006 26.697
400363 7.55246e+006 27.5992
400363 7.55246e+006 26.697
400363 7.55246e+006 26.3778
400363 7.55246e+006 25.4255
400363 7.55246e+006 25.4255
400363 7.55246e+006 25.3146
400363 7.55246e+006 26.697
400363 7.55246e+006 25.3146
400363 7.55246e+006 25.4255
400363 7.55246e+006 24.5879
400363 7.55246e+006 24.5879
400363 7.55246e+006 24.099
400363 7.55246e+006 25.3146
400363 7.55246e+006 24.099
400363 7.55246e+006 24.5879
400363 7.55246e+006 24.2572
400363 7.55246e+006 24.2572
400363 7.55246e+006 23.6189
400363 7.55246e+006 24.099
400363 7.55246e+006 24.2572
400363 7.55246e+006 25.1799
400363 7.55246e+006 25.2948
400363 7.55246e+006 25.2948
400363 7.55246e+006 24.5879
400363 7.55246e+006 24.2572
400363 7.55246e+006 24.5879
400363 7.55246e+006 25.2948
400363 7.55246e+006 25.5857
400363 7.55246e+006 25.5857
400363 7.55246e+006 25.4255
400363 7.55246e+006 24.5879
400363 7.55246e+006 25.4255
400363 7.55246e+006 25.5857
400363 7.55246e+006 25.9165
400363 7.55246e+006 25.9165
400363 7.55246e+006 26.3778
400363 7.55246e+006 25.4255
400363 7.55246e+006 26.3778
400363 7.55246e+006 25.9165
400363 7.55246e+006 26.1324
400363 7.55246e+006 26.1324
400363 7.55246e+006 26.9995
400363 7.55246e+006 26.3778
400363 7.55246e+006 26.9995
400363 7.55246e+006 26.1324
400363 7.55246e+006 26.1324
400363 7.55246e+006 26.1324
400363 7.55246e+006 26.9995
400363 7.55246e+006 26.9995
400363 7.55246e+006 26.9995
400363 7.55246e+006 26.1324
400363 7.55246e+006 25.9165
400363 7.55246e+006 25.9165
400363 7.55246e+006 26.3778
400363 7.55246e+006 26.9995
400363 7.55246e+006 26.3778
400363 7.55246e+006 25.9165
400363 7.55246e+006 25.5857
400363 7.55246e+006 25.5857
400363 7.55246e+006 25.4255
400363 7.55246e+006 26.3778
400363 7.55246e+006 25.4255
400363 7.55246e+006 25.5857
400363 7.55246e+006 25.2948
400363 7.55246e+006 25.2948
400363 7.55246e+006 24.5879
400363 7.55246e+006 25.4255
400363 7.55246e+006 24.5879
400363 7.55246e+006 25.2948
400363 7.55246e+006 25.1799
400363 7.55246e+006 25.1799
400363 7.55246e+006 24.2572
400363 7.55246e+006 24.5879
400364 7.55246e+006 26.8159
400382 7.55246e+006 26.8159
400382 7.55246e+006 25.2733
400382 7.55246e+006 25.2733
400364 7.55246e+006 25.2733
400364 7.55246e+006 26.8159
400364 7.55246e+006 27.8228
400382 7.55246e+006 27.8228
400382 7.55246e+006 26.8159
400382 7.55246e+006 26.8159
400364 7.55246e+006 26.8159
400364 7.55246e+006 27.8228
400364 7.55246e+006 27.8228
400382 7.55246e+006 27.8228
400382 7.55246e+006 27.8228
400382 7.55246e+006 27.8228
400364 7.55246e+006 27.8228
400364 7.55246e+006 27.8228
400364 7.55246e+006 26.8159
400382 7.55246e+006 26.8159
400382 7.55246e+006 27.8228
400382 7.55246e+006 27.8228
400364 7.55246e+006 27.8228
400364 7.55246e+006 26.8159
400382 7.55246e+006 23.381
400382 7.55246e+006 23.9167
400383 7.55246e+006 24.099
400383 7.55246e+006 24.099
400383 7.55246e+006 23.6189
400382 7.55246e+006 23.381
400382 7.55246e+006 23.9167
400382 7.55246e+006 25.2733
400383 7.55246e+006 25.3146
400383 7.55246e+006 25.3146
400383 7.55246e+006 24.099
400382 7.55246e+006 23.9167
400382 7.55246e+006 25.2733
400382 7.55246e+006 26.8159
400383 7.55246e+006 26.697
400383 7.55246e+006 26.697
400383 7.55246e+006 25.3146
400382 7.55246e+006 25.2733
400382 7.55246e+006 26.8159
400382 7.55246e+006 27.8228
400383 7.55246e+006 27.5992
400383 7.55246e+006 27.5992
400383 7.55246e+006 26.697
400382 7.55246e+006 26.8159
400382 7.55246e+006 27.8228
400382 7.55246e+006 27.8228
400383 7.55246e+006 27.5992
400383 7.55246e+006 27.5992
400383 7.55246e+006 27.5992
400382 7.55246e+006 27.8228
400382 7.55246e+006 27.8228
400382 7.55246e+006 26.8159
400383 7.55246e+006 26.697
400383 7.55246e+006 26.697
400383 7.55246e+006 27.5992
400382 7.55246e+006 27.8228
400382 7.55246e+006 26.8159
400382 7.55246e+006 25.2733
400383 7.55246e+006 25.3146
400383 7.55246e+006 25.3146
400383 7.55246e+006 26.697
400382 7.55246e+006 26.8159
400382 7.55246e+006 25.2733
400382 7.55246e+006 23.9167
400383 7.55246e+006 24.099
400383 7.55246e+006 24.099
400383 7.55246e+006 25.3146
400382 7.55246e+006 25.2733
400382 7.55246e+006 23.9167
400382 7.55246e+006 23.381
400383 7.55246e+006 23.6189
400383 7.55246e+006 23.6189
400383 7.55246e+006 24.099
400382 7.55246e+006 23.9167
400383 7.55246e+006 23.6189
400383 7.55246e+006 24.099
400383 7.55246e+006 24.5879
400383 7.55246e+006 24.5879
400383 7.55246e+006 24.2572
400383 7.55246e+006 23.6189
400383 7.55246e+006 24.099
400383 7.55246e+006 25.3146
400383 7.55246e+006 25.4255
400383 7.55246e+006 25.4255
400383 7.55246e+006 24.5879
400383 7.55246e+006 24.099
400383 7.55246e+006 25.3146
400383 7.55246e+006 26.697
400383 7.55246e+006 26.3778
400383 7.55246e+006 26.3778
400383 7.55246e+006 25.4255
400383 7.55246e+006 25.3146
400383 7.55246e+006 26.697
400383 7.55246e+006 27.5992
400383 7.55246e+006 26.9995
400383 7.55246e+006 26.9995
400383 7.55246e+006 26.3778
400383 7.55246e+006 26.697
400383 7.55246e+006 27.5992
400383 7.55246e+006 27.5992
400383 7.55246e+006 26.9995
400383 7.55246e+006 26.9995
400383 7.55246e+006 26.9995
400383 7.55246e+006 27.5992
400383 7.55246e+006 27.5992
400383 7.55246e+006 26.697
400383 7.55246e+006 26.3778
400383 7.55246e+006 26.3778
400383 7.55246e+006 26.9995
400383 7.55246e+006 27.5992
400383 7.55246e+006 26.697
400383 7.55246e+006 25.3146
400383 7.55246e+006 25.4255
400383 7.55246e+006 25.4255
400383 7.55246e+006 26.3778
400383 7.55246e+006 26.697
400383 7.55246e+006 25.3146
400383 7.55246e+006 24.099
400383 7.55246e+006 24.5879
400383 7.55246e+006 24.5879
400383 7.55246e+006 25.4255
400383 7.55246e+006 25.3146
400383 7.55246e+006 24.099
400383 7.55246e+006 23.6189
400383 7.55246e+006 24.2572
400383 7.55246e+006 24.2572
400383 7.55246e+006 24.5879
400383 7.55246e+006 24.099
400383 7.55246e+006 24.2572
400383 7.55246e+006 24.5879
400383 7.55246e+006 25.2948
400383 7.55246e+006 25.2948
400383 7.55246e+006 25.1799
400383 7.55246e+006 24.2572
400383 7.55246e+006 24.5879
400383 7.55246e+006 25.4255
400383 7.55246e+006 25.5857
400383 7.55246e+006 25.5857
400383 7.55246e+006 25.2948
400383 7.55246e+006 24.5879
400383 7.55246e+006 25.4255
400383 7.55246e+006 26.3778
400383 7.55246e+006 25.9165
400383 7.55246e+006 25.9165
400383 7.55246e+006 25.5857
400383 7.55246e+006 25.4255
400383 7.55246e+006 26.3778
400383 7.55246e+006 26.9995
400383 7.55246e+006 26.1324
400383 7.55246e+006 26.1324
400383 7.55246e+006 25.9165
400383 7.55246e+006 26.3778
400383 7.55246e+006 26.9995
400383 7.55246e+006 26.9995
400383 7.55246e+006 26.1324
400383 7.55246e+006 26.1324
400383 7.55246e+006 26.1324
400383 7.55246e+006 26.9995
400383 7.55246e+006 26.9995
400383 7.55246e+006 26.3778
400383 7.55246e+006 25.9165
400383 7.55246e+006 25.9165
400383 7.55246e+006 26.1324
400383 7.55246e+006 26.9995
400383 7.55246e+006 26.3778
400383 7.55246e+006 25.4255
400383 7.55246e+006 25.5857
400383 7.55246e+006 25.5857
400383 7.55246e+006 25.9165
400383 7.55246e+006 26.3778
400383 7.55246e+006 25.4255
400383 7.55246e+006 24.5879
400383 7.55246e+006 25.2948
400383 7.55246e+006 25.2948
400383 7.55246e+006 25.5857
400383 7.55246e+006 25.4255
400383 7.55246e+006 24.5879
400383 7.55246e+006 24.2572
400383 7.55246e+006 25.1799
400383 7.55246e+006 25.1799
400383 7.55246e+006 25.2948
400383 7.55246e+006 24.5879
400364 7.55246e+006 23.9167
400382 7.55246e+006 23.9167
400382 7.55246e+006 23.381
400382 7.55246e+006 23.381
400364 7.55246e+006 23.381
400364 7.55246e+006 23.9167
400364 7.55246e+006 25.2733
400382 7.55246e+006 25.2733
400382 7.55246e+006 23.9167
400382 7.55246e+006 23.9167
400364 7.55246e+006 23.9167
400364 7.55246e+006 25.2733
400364 7.55246e+006 25.2733
400382 7.55246e+006 25.2733
400382 7.55246e+006 26.8159
400382 7.55246e+006 26.8159
400364 7.55246e+006 26.8159
400364 7.55246e+006 25.2733
400364 7.55246e+006 23.9167
400382 7.55246e+006 23.9167
400382 7.55246e+006 25.2733
400382 7.55246e+006 25.2733
400364 7.55246e+006 25.2733
400364 7.55246e+006 23.9167
400364 7.55246e+006 23.9167
400364 7.55246e+006 23.381
400382 7.55246e+006 23.381
400382 7.55246e+006 23.381
400382 7.55246e+006 23.9167
400364 7.55246e+006 23.9167
400383 7.55246e+006 25.5857
400383 7.55246e+006 25.9165
400383 7.55246e+006 26.1324
400383 7.55246e+006 26.1324
400383 7.55246e+006 26.1324
400383 7.55246e+006 25.9165
400383 7.55246e+006 25.5857
400383 7.55246e+006 26.1324
400383 7.55246e+006 25.9165
400383 7.55246e+006 25.9165
400383 7.55246e+006 25.5857
400383 7.55246e+006 25.2948
400383 7.55246e+006 25.5857
400383 7.55246e+006 25.9165
400383 7.55246e+006 25.2948
400383 7.55246e+006 25.2948
400383 7.55246e+006 25.5857
400383 7.55246e+006 25.2948
400383 7.55246e+006 25.1799
400383 7.55246e+006 25.2948
400383 7.55246e+006 25.2948
400363 7.55246e+006 25.2948
400363 7.55246e+006 25.5857
400363 7.55246e+006 25.9165
400363 7.55246e+006 25.9165
400363 7.55246e+006 26.1324
400363 7.55246e+006 26.1324
400363 7.55246e+006 25.2948
400363 7.55246e+006 25.9165
400363 7.55246e+006 26.1324
400363 7.55246e+006 26.1324
400363 7.55246e+006 25.9165
400363 7.55246e+006 25.5857
400363 7.55246e+006 25.2948
400363 7.55246e+006 26.1324
400363 7.55246e+006 25.5857
400363 7.55246e+006 25.1799
400363 7.55246e+006 25.2948
400363 7.55246e+006 25.5857
400363 7.55246e+006 25.2948
400363 7.55246e+006 25.1799
400363 7.55246e+006 25.5857
400376 7.55247e+006 21.7523
400375 7.55247e+006 21.7523
400375 7.55247e+006 28.364
400375 7.55247e+006 28.364
400376 7.55247e+006 28.364
400376 7.55247e+006 21.7523
400377 7.55247e+006 21.7523
400376 7.55247e+006 21.7523
400376 7.55247e+006 28.364
400376 7.55247e+006 28.364
400377 7.55247e+006 28.364
400377 7.55247e+006 21.7523
400377 7.55247e+006 21.7523
400377 7.55247e+006 21.7523
400377 7.55247e+006 28.364
400377 7.55247e+006 28.364
400377 7.55247e+006 28.364
400377 7.55247e+006 21.7523
400376 7.55247e+006 21.7523
400377 7.55247e+006 21.7523
400377 7.55247e+006 28.364
400377 7.55247e+006 28.364
400376 7.55247e+006 28.364
400376 7.55247e+006 21.7523
400374 7.55247e+006 28.364
400374 7.55247e+006 28.7084
400375 7.55247e+006 28.7084
400375 7.55247e+006 28.7084
400374 7.55247e+006 28.364
400374 7.55247e+006 28.364
400374 7.55247e+006 28.364
400375 7.55247e+006 28.7084
400375 7.55247e+006 28.7084
400375 7.55247e+006 28.7084
400375 7.55247e+006 28.364
400374 7.55247e+006 28.364
400375 7.55247e+006 28.364
400375 7.55247e+006 28.7084
400376 7.55247e+006 28.7084
400376 7.55247e+006 28.7084
400376 7.55247e+006 28.364
400375 7.55247e+006 28.364
400376 7.55247e+006 28.364
400376 7.55247e+006 28.7084
400377 7.55247e+006 28.7084
400377 7.55247e+006 28.7084
400377 7.55247e+006 28.364
400376 7.55247e+006 28.364
400377 7.55247e+006 28.364
400377 7.55247e+006 28.7084
400377 7.55247e+006 28.7084
400377 7.55247e+006 28.7084
400377 7.55247e+006 28.364
400377 7.55247e+006 28.364
400377 7.55247e+006 28.364
400377 7.55247e+006 28.7084
400376 7.55247e+006 28.7084
400376 7.55247e+006 28.7084
400376 7.55247e+006 28.364
400377 7.55247e+006 28.364
400376 7.55247e+006 28.364
400376 7.55247e+006 28.7084
400375 7.55247e+006 28.7084
400375 7.55247e+006 28.7084
400375 7.55247e+006 28.364
400376 7.55247e+006 28.364
400375 7.55247e+006 28.364
400375 7.55247e+006 28.7084
400375 7.55247e+006 28.7084
400375 7.55247e+006 28.7084
400374 7.55247e+006 28.364
400375 7.55247e+006 28.364
400374 7.55247e+006 28.364
400375 7.55247e+006 28.7084
400374 7.55247e+006 28.7084
400374 7.55247e+006 28.7084
400374 7.55247e+006 28.364
400374 7.55247e+006 28.364
400374 7.55247e+006 28.7084
400375 7.55247e+006 28.9375
400375 7.55247e+006 28.9375
400375 7.55247e+006 28.9375
400375 7.55247e+006 28.7084
400374 7.55247e+006 28.7084
400375 7.55247e+006 28.7084
400375 7.55247e+006 28.9375
400375 7.55247e+006 28.9375
400375 7.55247e+006 28.9375
400375 7.55247e+006 28.7084
400375 7.55247e+006 28.7084
400375 7.55247e+006 28.7084
400375 7.55247e+006 28.9375
400376 7.55247e+006 28.9375
400376 7.55247e+006 28.9375
400376 7.55247e+006 28.7084
400375 7.55247e+006 28.7084
400376 7.55247e+006 28.7084
400376 7.55247e+006 28.9375
400377 7.55247e+006 28.9375
400377 7.55247e+006 28.9375
400377 7.55247e+006 28.7084
400376 7.55247e+006 28.7084
400377 7.55247e+006 28.7084
400377 7.55247e+006 28.9375
400377 7.55247e+006 28.9375
400377 7.55247e+006 28.9375
400377 7.55247e+006 28.7084
400377 7.55247e+006 28.7084
400377 7.55247e+006 28.7084
400377 7.55247e+006 28.9375
400376 7.55247e+006 28.9375
400376 7.55247e+006 28.9375
400376 7.55247e+006 28.7084
400377 7.55247e+006 28.7084
400376 7.55247e+006 28.7084
400376 7.55247e+006 28.9375
400375 7.55247e+006 28.9375
400375 7.55247e+006 28.9375
400375 7.55247e+006 28.7084
400376 7.55247e+006 28.7084
400375 7.55247e+006 28.7084
400375 7.55247e+006 28.9375
400375 7.55247e+006 28.9375
400375 7.55247e+006 28.9375
400375 7.55247e+006 28.7084
400375 7.55247e+006 28.7084
400375 7.55247e+006 28.7084
400375 7.55247e+006 28.9375
400375 7.55247e+006 28.9375
400375 7.55247e+006 28.9375
400374 7.55247e+006 28.7084
400375 7.55247e+006 28.7084
400375 7.55247e+006 28.9375
400375 7.55247e+006 29.0282
400375 7.55247e+006 29.0282
400375 7.55247e+006 29.0282
400375 7.55247e+006 28.9375
400375 7.55247e+006 28.9375
400375 7.55247e+006 28.9375
400375 7.55247e+006 29.0282
400376 7.55247e+006 29.0282
400376 7.55247e+006 29.0282
400375 7.55247e+006 28.9375
400375 7.55247e+006 28.9375
400375 7.55247e+006 28.9375
400376 7.55247e+006 29.0282
400376 7.55247e+006 29.0282
400376 7.55247e+006 29.0282
400376 7.55247e+006 28.9375
400375 7.55247e+006 28.9375
400376 7.55247e+006 28.9375
400376 7.55247e+006 29.0282
400376 7.55247e+006 29.0282
400376 7.55247e+006 29.0282
400377 7.55247e+006 28.9375
400376 7.55247e+006 28.9375
400377 7.55247e+006 28.9375
400376 7.55247e+006 29.0282
400376 7.55247e+006 29.0282
400376 7.55247e+006 29.0282
400377 7.55247e+006 28.9375
400377 7.55247e+006 28.9375
400377 7.55247e+006 28.9375
400376 7.55247e+006 29.0282
400376 7.55247e+006 29.0282
400376 7.55247e+006 29.0282
400376 7.55247e+006 28.9375
400377 7.55247e+006 28.9375
400376 7.55247e+006 28.9375
400376 7.55247e+006 29.0282
400376 7.55247e+006 29.0282
400376 7.55247e+006 29.0282
400375 7.55247e+006 28.9375
400376 7.55247e+006 28.9375
400375 7.55247e+006 28.9375
400376 7.55247e+006 29.0282
400375 7.55247e+006 29.0282
400375 7.55247e+006 29.0282
400375 7.55247e+006 28.9375
400375 7.55247e+006 28.9375
400375 7.55247e+006 28.9375
400375 7.55247e+006 29.0282
400375 7.55247e+006 29.0282
400375 7.55247e+006 29.0282
400375 7.55247e+006 28.9375
400375 7.55247e+006 28.9375
400374 7.55247e+006 21.7523
400374 7.55247e+006 21.7523
400374 7.55247e+006 28.364
400374 7.55247e+006 28.364
400374 7.55247e+006 28.364
400374 7.55247e+006 21.7523
400375 7.55247e+006 21.7523
400374 7.55247e+006 21.7523
400374 7.55247e+006 28.364
400374 7.55247e+006 28.364
400375 7.55247e+006 28.364
400375 7.55247e+006 21.7523
400375 7.55247e+006 21.7523
400376 7.55247e+006 21.7523
400376 7.55247e+006 28.364
400376 7.55247e+006 28.364
400375 7.55247e+006 28.364
400375 7.55247e+006 21.7523
400374 7.55247e+006 21.7523
400375 7.55247e+006 21.7523
400375 7.55247e+006 28.364
400375 7.55247e+006 28.364
400374 7.55247e+006 28.364
400374 7.55247e+006 21.7523
400374 7.55247e+006 21.7523
400374 7.55247e+006 28.364
400374 7.55247e+006 28.364
400374 7.55247e+006 28.364
400374 7.55247e+006 21.7523
400374 7.55247e+006 21.7523
400375 7.55247e+006 29.0282
400376 7.55247e+006 29.0282
400376 7.55247e+006 29.0282
400376 7.55247e+006 29.0282
400376 7.55247e+006 29.0282
400376 7.55247e+006 29.0282
400376 7.55247e+006 29.0282
400376 7.55247e+006 29.0282
400376 7.55247e+006 29.0282
400376 7.55247e+006 29.0282
400376 7.55247e+006 29.0282
400376 7.55247e+006 29.0282
400375 7.55247e+006 29.0282
400376 7.55247e+006 29.0282
400376 7.55247e+006 29.0282
400375 7.55247e+006 29.0282
400376 7.55247e+006 29.0282
400375 7.55247e+006 29.0282
400375 7.55247e+006 29.0282
400375 7.55247e+006 29.0282
400375 7.55247e+006 29.0282
400358 7.55247e+006 31.5715
400357 7.55247e+006 31.5715
400357 7.55247e+006 33.7376
400357 7.55247e+006 33.7376
400358 7.55247e+006 33.7376
400358 7.55247e+006 31.5715
400357 7.55247e+006 31.5715
400357 7.55247e+006 31.5715
400357 7.55247e+006 33.7376
400357 7.55247e+006 33.7376
400357 7.55247e+006 33.7376
400357 7.55247e+006 31.5715
400357 7.55247e+006 31.5715
400356 7.55247e+006 31.5715
400356 7.55247e+006 33.7376
400356 7.55247e+006 33.7376
400357 7.55247e+006 33.7376
400357 7.55247e+006 31.5715
400356 7.55247e+006 31.5715
400356 7.55247e+006 31.5715
400356 7.55247e+006 33.7376
400356 7.55247e+006 33.7376
400356 7.55247e+006 33.7376
400356 7.55247e+006 31.5715
400356 7.55247e+006 31.5715
400356 7.55247e+006 31.5715
400356 7.55247e+006 33.7376
400356 7.55247e+006 33.7376
400356 7.55247e+006 33.7376
400356 7.55247e+006 31.5715
400356 7.55247e+006 31.5715
400356 7.55247e+006 31.5715
400356 7.55247e+006 33.7376
400356 7.55247e+006 33.7376
400356 7.55247e+006 33.7376
400356 7.55247e+006 31.5715
400356 7.55247e+006 31.5715
400357 7.55247e+006 31.5715
400357 7.55247e+006 33.7376
400357 7.55247e+006 33.7376
400356 7.55247e+006 33.7376
400356 7.55247e+006 31.5715
400357 7.55247e+006 31.5715
400357 7.55247e+006 31.5715
400357 7.55247e+006 33.7376
400357 7.55247e+006 33.7376
400357 7.55247e+006 33.7376
400357 7.55247e+006 31.5715
400357 7.55247e+006 31.5715
400358 7.55247e+006 31.5715
400358 7.55247e+006 33.7376
400358 7.55247e+006 33.7376
400357 7.55247e+006 33.7376
400357 7.55247e+006 31.5715
400358 7.55247e+006 33.7376
400357 7.55247e+006 33.7376
400357 7.55247e+006 33.9829
400357 7.55247e+006 33.9829
400357 7.55247e+006 33.9829
400358 7.55247e+006 33.7376
400357 7.55247e+006 33.7376
400357 7.55247e+006 33.7376
400357 7.55247e+006 33.9829
400357 7.55247e+006 33.9829
400357 7.55247e+006 33.9829
400357 7.55247e+006 33.7376
400357 7.55247e+006 33.7376
400356 7.55247e+006 33.7376
400356 7.55247e+006 33.9829
400356 7.55247e+006 33.9829
400357 7.55247e+006 33.9829
400357 7.55247e+006 33.7376
400356 7.55247e+006 33.7376
400356 7.55247e+006 33.7376
400356 7.55247e+006 33.9829
400356 7.55247e+006 33.9829
400356 7.55247e+006 33.9829
400356 7.55247e+006 33.7376
400356 7.55247e+006 33.7376
400356 7.55247e+006 33.7376
400356 7.55247e+006 33.9829
400356 7.55247e+006 33.9829
400356 7.55247e+006 33.9829
400356 7.55247e+006 33.7376
400356 7.55247e+006 33.7376
400356 7.55247e+006 33.7376
400356 7.55247e+006 33.9829
400356 7.55247e+006 33.9829
400356 7.55247e+006 33.9829
400356 7.55247e+006 33.7376
400356 7.55247e+006 33.7376
400357 7.55247e+006 33.7376
400357 7.55247e+006 33.9829
400357 7.55247e+006 33.9829
400356 7.55247e+006 33.9829
400356 7.55247e+006 33.7376
400357 7.55247e+006 33.7376
400357 7.55247e+006 33.7376
400357 7.55247e+006 33.9829
400357 7.55247e+006 33.9829
400357 7.55247e+006 33.9829
400357 7.55247e+006 33.7376
400357 7.55247e+006 33.7376
400358 7.55247e+006 33.7376
400357 7.55247e+006 33.9829
400357 7.55247e+006 33.9829
400357 7.55247e+006 33.9829
400357 7.55247e+006 33.7376
400357 7.55247e+006 33.9829
400357 7.55247e+006 33.9829
400357 7.55247e+006 34.1462
400357 7.55247e+006 34.1462
400357 7.55247e+006 34.1462
400357 7.55247e+006 33.9829
400357 7.55247e+006 33.9829
400357 7.55247e+006 33.9829
400357 7.55247e+006 34.1462
400357 7.55247e+006 34.1462
400357 7.55247e+006 34.1462
400357 7.55247e+006 33.9829
400357 7.55247e+006 33.9829
400356 7.55247e+006 33.9829
400356 7.55247e+006 34.1462
400356 7.55247e+006 34.1462
400357 7.55247e+006 34.1462
400357 7.55247e+006 33.9829
400356 7.55247e+006 33.9829
400356 7.55247e+006 33.9829
400356 7.55247e+006 34.1462
400356 7.55247e+006 34.1462
400356 7.55247e+006 34.1462
400356 7.55247e+006 33.9829
400356 7.55247e+006 33.9829
400356 7.55247e+006 33.9829
400356 7.55247e+006 34.1462
400356 7.55247e+006 34.1462
400356 7.55247e+006 34.1462
400356 7.55247e+006 33.9829
400356 7.55247e+006 33.9829
400356 7.55247e+006 33.9829
400356 7.55247e+006 34.1462
400356 7.55247e+006 34.1462
400356 7.55247e+006 34.1462
400356 7.55247e+006 33.9829
400356 7.55247e+006 33.9829
400357 7.55247e+006 33.9829
400357 7.55247e+006 34.1462
400357 7.55247e+006 34.1462
400356 7.55247e+006 34.1462
400356 7.55247e+006 33.9829
400357 7.55247e+006 33.9829
400357 7.55247e+006 33.9829
400357 7.55247e+006 34.1462
400357 7.55247e+006 34.1462
400357 7.55247e+006 34.1462
400357 7.55247e+006 33.9829
400357 7.55247e+006 33.9829
400357 7.55247e+006 33.9829
400357 7.55247e+006 34.1462
400357 7.55247e+006 34.1462
400357 7.55247e+006 34.1462
400357 7.55247e+006 33.9829
400357 7.55247e+006 34.1462
400357 7.55247e+006 34.1462
400357 7.55247e+006 34.2108
400357 7.55247e+006 34.2108
400357 7.55247e+006 34.2108
400357 7.55247e+006 34.1462
400357 7.55247e+006 34.1462
400357 7.55247e+006 34.1462
400357 7.55247e+006 34.2108
400357 7.55247e+006 34.2108
400357 7.55247e+006 34.2108
400357 7.55247e+006 34.1462
400357 7.55247e+006 34.1462
400356 7.55247e+006 34.1462
400357 7.55247e+006 34.2108
400357 7.55247e+006 34.2108
400357 7.55247e+006 34.2108
400357 7.55247e+006 34.1462
400356 7.55247e+006 34.1462
400356 7.55247e+006 34.1462
400356 7.55247e+006 34.2108
400356 7.55247e+006 34.2108
400357 7.55247e+006 34.2108
400356 7.55247e+006 34.1462
400356 7.55247e+006 34.1462
400356 7.55247e+006 34.1462
400356 7.55247e+006 34.2108
400356 7.55247e+006 34.2108
400356 7.55247e+006 34.2108
400356 7.55247e+006 34.1462
400356 7.55247e+006 34.1462
400356 7.55247e+006 34.1462
400357 7.55247e+006 34.2108
400357 7.55247e+006 34.2108
400356 7.55247e+006 34.2108
400356 7.55247e+006 34.1462
400356 7.55247e+006 34.1462
400357 7.55247e+006 34.1462
400357 7.55247e+006 34.2108
400357 7.55247e+006 34.2108
400357 7.55247e+006 34.2108
400356 7.55247e+006 34.1462
400357 7.55247e+006 34.1462
400357 7.55247e+006 34.1462
400357 7.55247e+006 34.2108
400357 7.55247e+006 34.2108
400357 7.55247e+006 34.2108
400357 7.55247e+006 34.1462
400357 7.55247e+006 34.1462
400357 7.55247e+006 34.1462
400357 7.55247e+006 34.2108
400357 7.55247e+006 34.2108
400357 7.55247e+006 34.2108
400357 7.55247e+006 34.1462
400357 7.55247e+006 34.2108
400357 7.55247e+006 34.2108
400357 7.55247e+006 34.7076
400357 7.55247e+006 34.7076
400357 7.55247e+006 34.7076
400357 7.55247e+006 34.2108
400357 7.55247e+006 34.2108
400357 7.55247e+006 34.2108
400357 7.55247e+006 34.7076
400357 7.55247e+006 34.7076
400357 7.55247e+006 34.7076
400357 7.55247e+006 34.2108
400357 7.55247e+006 34.2108
400357 7.55247e+006 34.2108
400357 7.55247e+006 34.7076
400357 7.55247e+006 34.7076
400357 7.55247e+006 34.7076
400357 7.55247e+006 34.2108
400357 7.55247e+006 34.2108
400356 7.55247e+006 34.2108
400356 7.55247e+006 34.7076
400356 7.55247e+006 34.7076
400357 7.55247e+006 34.7076
400357 7.55247e+006 34.2108
400356 7.55247e+006 34.2108
400356 7.55247e+006 34.2108
400356 7.55247e+006 34.7076
400356 7.55247e+006 34.7076
400356 7.55247e+006 34.7076
400356 7.55247e+006 34.2108
400356 7.55247e+006 34.2108
400357 7.55247e+006 34.2108
400357 7.55247e+006 34.7076
400357 7.55247e+006 34.7076
400356 7.55247e+006 34.7076
400356 7.55247e+006 34.2108
400357 7.55247e+006 34.2108
400357 7.55247e+006 34.2108
400357 7.55247e+006 34.7076
400357 7.55247e+006 34.7076
400357 7.55247e+006 34.7076
400357 7.55247e+006 34.2108
400357 7.55247e+006 34.2108
400357 7.55247e+006 34.2108
400357 7.55247e+006 34.7076
400357 7.55247e+006 34.7076
400357 7.55247e+006 34.7076
400357 7.55247e+006 34.2108
400357 7.55247e+006 34.2108
400357 7.55247e+006 34.2108
400357 7.55247e+006 34.7076
400357 7.55247e+006 34.7076
400357 7.55247e+006 34.7076
400357 7.55247e+006 34.2108
400357 7.55247e+006 34.8899
400357 7.55247e+006 34.8899
400357 7.55247e+006 34.8899
400357 7.55247e+006 34.8899
400357 7.55247e+006 34.8899
400357 7.55247e+006 34.8899
400357 7.55247e+006 34.8899
400357 7.55247e+006 34.8899
400357 7.55247e+006 34.8899
400357 7.55247e+006 34.8899
400357 7.55247e+006 34.8899
400357 7.55247e+006 34.8899
400357 7.55247e+006 34.8899
400357 7.55247e+006 34.8899
400357 7.55247e+006 34.8899
400357 7.55247e+006 34.8899
400357 7.55247e+006 34.8899
400357 7.55247e+006 34.8899
400357 7.55247e+006 34.8899
400357 7.55247e+006 34.8899
400357 7.55247e+006 34.8899
400357 7.55247e+006 34.7076
400357 7.55247e+006 34.7076
400357 7.55247e+006 34.7961
400357 7.55247e+006 34.7961
400357 7.55247e+006 34.7961
400357 7.55247e+006 34.7076
400357 7.55247e+006 34.7076
400357 7.55247e+006 34.7076
400357 7.55247e+006 34.7961
400357 7.55247e+006 34.7961
400357 7.55247e+006 34.7961
400357 7.55247e+006 34.7076
400357 7.55247e+006 34.7076
400357 7.55247e+006 34.7076
400357 7.55247e+006 34.7961
400357 7.55247e+006 34.7961
400357 7.55247e+006 34.7961
400357 7.55247e+006 34.7076
400357 7.55247e+006 34.7076
400356 7.55247e+006 34.7076
400356 7.55247e+006 34.7961
400356 7.55247e+006 34.7961
400357 7.55247e+006 34.7961
400357 7.55247e+006 34.7076
400356 7.55247e+006 34.7076
400356 7.55247e+006 34.7076
400356 7.55247e+006 34.7961
400356 7.55247e+006 34.7961
400356 7.55247e+006 34.7961
400356 7.55247e+006 34.7076
400356 7.55247e+006 34.7076
400357 7.55247e+006 34.7076
400357 7.55247e+006 34.7961
400357 7.55247e+006 34.7961
400356 7.55247e+006 34.7961
400356 7.55247e+006 34.7076
400357 7.55247e+006 34.7076
400357 7.55247e+006 34.7076
400357 7.55247e+006 34.7961
400357 7.55247e+006 34.7961
400357 7.55247e+006 34.7961
400357 7.55247e+006 34.7076
400357 7.55247e+006 34.7076
400357 7.55247e+006 34.7076
400357 7.55247e+006 34.7961
400357 7.55247e+006 34.7961
400357 7.55247e+006 34.7961
400357 7.55247e+006 34.7076
400357 7.55247e+006 34.7076
400357 7.55247e+006 34.7076
400357 7.55247e+006 34.7961
400357 7.55247e+006 34.7961
400357 7.55247e+006 34.7961
400357 7.55247e+006 34.7076
400357 7.55247e+006 34.7961
400357 7.55247e+006 34.7961
400357 7.55247e+006 34.855
400357 7.55247e+006 34.855
400357 7.55247e+006 34.855
400357 7.55247e+006 34.7961
400357 7.55247e+006 34.7961
400357 7.55247e+006 34.7961
400357 7.55247e+006 34.855
400357 7.55247e+006 34.855
400357 7.55247e+006 34.855
400357 7.55247e+006 34.7961
400357 7.55247e+006 34.7961
400357 7.55247e+006 34.7961
400357 7.55247e+006 34.855
400357 7.55247e+006 34.855
400357 7.55247e+006 34.855
400357 7.55247e+006 34.7961
400357 7.55247e+006 34.7961
400356 7.55247e+006 34.7961
400356 7.55247e+006 34.855
400356 7.55247e+006 34.855
400357 7.55247e+006 34.855
400357 7.55247e+006 34.7961
400356 7.55247e+006 34.7961
400356 7.55247e+006 34.7961
400356 7.55247e+006 34.855
400356 7.55247e+006 34.855
400356 7.55247e+006 34.855
400356 7.55247e+006 34.7961
400356 7.55247e+006 34.7961
400357 7.55247e+006 34.7961
400357 7.55247e+006 34.855
400357 7.55247e+006 34.855
400356 7.55247e+006 34.855
400356 7.55247e+006 34.7961
400357 7.55247e+006 34.7961
400357 7.55247e+006 34.7961
400357 7.55247e+006 34.855
400357 7.55247e+006 34.855
400357 7.55247e+006 34.855
400357 7.55247e+006 34.7961
400357 7.55247e+006 34.7961
400357 7.55247e+006 34.7961
400357 7.55247e+006 34.855
400357 7.55247e+006 34.855
400357 7.55247e+006 34.855
400357 7.55247e+006 34.7961
400357 7.55247e+006 34.7961
400357 7.55247e+006 34.7961
400357 7.55247e+006 34.855
400357 7.55247e+006 34.855
400357 7.55247e+006 34.855
400357 7.55247e+006 34.7961
400357 7.55247e+006 34.855
400357 7.55247e+006 34.855
400357 7.55247e+006 34.8899
400357 7.55247e+006 34.8899
400357 7.55247e+006 34.8899
400357 7.55247e+006 34.855
400357 7.55247e+006 34.855
400357 7.55247e+006 34.855
400357 7.55247e+006 34.8899
400357 7.55247e+006 34.8899
400357 7.55247e+006 34.8899
400357 7.55247e+006 34.855
400357 7.55247e+006 34.855
400357 7.55247e+006 34.855
400357 7.55247e+006 34.8899
400357 7.55247e+006 34.8899
400357 7.55247e+006 34.8899
400357 7.55247e+006 34.855
400357 7.55247e+006 34.855
400356 7.55247e+006 34.855
400357 7.55247e+006 34.8899
400357 7.55247e+006 34.8899
400357 7.55247e+006 34.8899
400357 7.55247e+006 34.855
400356 7.55247e+006 34.855
400356 7.55247e+006 34.855
400357 7.55247e+006 34.8899
400357 7.55247e+006 34.8899
400357 7.55247e+006 34.8899
400356 7.55247e+006 34.855
400356 7.55247e+006 34.855
400357 7.55247e+006 34.855
400357 7.55247e+006 34.8899
400357 7.55247e+006 34.8899
400357 7.55247e+006 34.8899
400356 7.55247e+006 34.855
400357 7.55247e+006 34.855
400357 7.55247e+006 34.855
400357 7.55247e+006 34.8899
400357 7.55247e+006 34.8899
400357 7.55247e+006 34.8899
400357 7.55247e+006 34.855
400357 7.55247e+006 34.855
400357 7.55247e+006 34.855
400357 7.55247e+006 34.8899
400357 7.55247e+006 34.8899
400357 7.55247e+006 34.8899
400357 7.55247e+006 34.855
400357 7.55247e+006 34.855
400357 7.55247e+006 34.855
400357 7.55247e+006 34.8899
400357 7.55247e+006 34.8899
400357 7.55247e+006 34.8899
400357 7.55247e+006 34.855
