400486 7.55246e+006 21.3264
400519 7.55246e+006 21.3264
400519 7.55248e+006 21.3264
400519 7.55248e+006 21.3264
400486 7.55248e+006 21.3264
400486 7.55246e+006 21.3264
400489 7.55247e+006 40.2161
400489 7.55246e+006 40.2161
400495 7.55247e+006 40.2161
400495 7.55247e+006 40.2161
400495 7.55247e+006 40.2161
400489 7.55247e+006 40.2161
400510 7.55246e+006 32.7993
400513 7.55246e+006 32.7993
400513 7.55246e+006 32.7993
400513 7.55246e+006 32.7993
400510 7.55246e+006 32.7993
400510 7.55246e+006 32.7993
400495 7.55247e+006 30.4331
400495 7.55247e+006 30.4331
400499 7.55247e+006 30.4331
400495 7.55247e+006 30.4331
400499 7.55247e+006 30.4331
400500 7.55247e+006 30.4331
400500 7.55247e+006 30.4331
400489 7.55247e+006 30.4331
400492 7.55247e+006 30.4331
400495 7.55247e+006 30.4331
400500 7.55247e+006 30.4331
400492 7.55247e+006 30.4331
400520 7.55245e+006 21.3191
400520 7.55246e+006 21.3191
400486 7.55246e+006 21.3191
400486 7.55246e+006 21.3191
400486 7.55245e+006 21.3191
400520 7.55245e+006 21.3191
400489 7.55244e+006 26.2279
400488 7.55244e+006 26.2279
400486 7.55243e+006 26.2279
400486 7.55243e+006 26.2279
400490 7.55243e+006 26.2279
400489 7.55244e+006 26.2279
400490 7.55245e+006 21.3735
400486 7.55245e+006 21.3735
400486 7.55243e+006 21.3735
400486 7.55243e+006 21.3735
400490 7.55243e+006 21.3735
400490 7.55245e+006 21.3735
400495 7.55244e+006 40.2251
400489 7.55244e+006 40.2251
400501 7.55244e+006 40.2251
400501 7.55244e+006 40.2251
400499 7.55244e+006 40.2251
400495 7.55244e+006 40.2251
400506 7.55244e+006 32.8249
400510 7.55244e+006 32.8249
400510 7.55244e+006 32.8249
400510 7.55244e+006 32.8249
400506 7.55244e+006 32.8249
400506 7.55244e+006 32.8249
400506 7.55244e+006 32.8245
400510 7.55244e+006 32.8245
400510 7.55245e+006 32.8245
400510 7.55245e+006 32.8245
400506 7.55245e+006 32.8245
400506 7.55244e+006 32.8245
400510 7.55244e+006 32.7993
400506 7.55244e+006 32.7993
400507 7.55244e+006 32.7993
400510 7.55244e+006 32.7993
400507 7.55244e+006 32.7993
400513 7.55244e+006 32.7993
400510 7.55245e+006 32.7993
400510 7.55244e+006 32.7993
400513 7.55244e+006 32.7993
400510 7.55245e+006 32.7993
400513 7.55244e+006 32.7993
400513 7.55245e+006 32.7993
400510 7.55245e+006 32.7993
400513 7.55245e+006 32.7993
400506 7.55245e+006 32.7993
400510 7.55245e+006 32.7993
400506 7.55245e+006 32.7993
400506 7.55245e+006 32.7993
400492 7.55243e+006 30.444
400489 7.55243e+006 30.444
400500 7.55243e+006 30.444
400495 7.55243e+006 30.444
400492 7.55243e+006 30.444
400500 7.55243e+006 30.444
400495 7.55243e+006 30.444
400500 7.55243e+006 30.444
400499 7.55243e+006 30.444
400495 7.55243e+006 30.444
400499 7.55243e+006 30.444
400495 7.55243e+006 30.444
400504 7.55244e+006 22.6718
400508 7.55244e+006 22.6718
400508 7.55244e+006 22.6718
400508 7.55244e+006 22.6718
400504 7.55244e+006 22.6718
400504 7.55244e+006 22.6718
400489 7.55244e+006 40.2251
400488 7.55244e+006 40.1968
400488 7.55243e+006 40.1968
400488 7.55243e+006 40.1968
400489 7.55243e+006 40.2251
400489 7.55244e+006 40.2251
400489 7.55243e+006 44.1841
400500 7.55243e+006 44.1841
400500 7.55244e+006 44.1841
400489 7.55244e+006 44.1841
400489 7.55243e+006 44.1841
400500 7.55244e+006 44.1841
400489 7.55244e+006 44.1841
400489 7.55244e+006 44.1841
400500 7.55244e+006 44.1841
400489 7.55244e+006 44.1841
400489 7.55244e+006 44.1841
400500 7.55244e+006 44.1841
400489 7.55244e+006 44.1841
400489 7.55244e+006 44.1841
400488 7.55244e+006 44.1841
400488 7.55244e+006 44.1841
400488 7.55244e+006 44.1841
400489 7.55244e+006 44.1841
400490 7.55245e+006 21.3785
400490 7.55243e+006 21.3785
400519 7.55243e+006 21.3785
400519 7.55243e+006 21.3785
400519 7.55245e+006 21.3785
400490 7.55245e+006 21.3785
400516 7.55243e+006 26.5313
400516 7.55243e+006 26.5313
400516 7.55244e+006 26.5313
400516 7.55243e+006 26.5313
400516 7.55244e+006 26.5313
400513 7.55244e+006 26.5313
400516 7.55243e+006 26.5313
400513 7.55244e+006 26.5313
400513 7.55244e+006 26.5313
400513 7.55243e+006 26.5313
400516 7.55243e+006 26.5313
400513 7.55244e+006 26.5313
400516 7.55243e+006 26.5313
400516 7.55243e+006 26.5313
400516 7.55244e+006 26.5313
400516 7.55244e+006 26.5313
400516 7.55244e+006 26.5313
400516 7.55243e+006 26.5313
400516 7.55244e+006 26.5313
400516 7.55244e+006 26.5313
400513 7.55244e+006 26.5313
400513 7.55244e+006 26.5313
400513 7.55244e+006 26.5313
400516 7.55244e+006 26.5313
400516 7.55244e+006 26.5313
400516 7.55244e+006 26.5313
400513 7.55244e+006 26.5313
400513 7.55244e+006 26.5313
400513 7.55244e+006 26.5313
400516 7.55244e+006 26.5313
400516 7.55244e+006 26.5313
400516 7.55244e+006 26.5313
400516 7.55244e+006 26.5313
400516 7.55244e+006 26.5313
400516 7.55244e+006 26.5313
400516 7.55244e+006 26.5313
400513 7.55244e+006 26.5313
400513 7.55244e+006 26.5313
400513 7.55244e+006 26.5313
400513 7.55244e+006 26.5313
400513 7.55244e+006 26.5313
400513 7.55244e+006 26.5313
400516 7.55245e+006 26.5324
400516 7.55245e+006 26.5324
400516 7.55245e+006 26.5324
400516 7.55245e+006 26.5324
400516 7.55245e+006 26.5324
400513 7.55245e+006 26.5324
400513 7.55245e+006 26.5324
400516 7.55245e+006 26.5324
400513 7.55245e+006 26.5324
400513 7.55245e+006 26.5324
400513 7.55245e+006 26.5324
400513 7.55245e+006 26.5324
400516 7.55245e+006 26.5324
400516 7.55245e+006 26.5324
400516 7.55245e+006 26.5324
400516 7.55245e+006 26.5324
400516 7.55245e+006 26.5324
400516 7.55245e+006 26.5324
400513 7.55245e+006 26.5324
400513 7.55245e+006 26.5324
400516 7.55245e+006 26.5324
400516 7.55245e+006 26.5324
400516 7.55245e+006 26.5324
400513 7.55245e+006 26.5324
400513 7.55245e+006 26.5324
400513 7.55245e+006 26.5324
400516 7.55245e+006 26.5324
400516 7.55245e+006 26.5324
400516 7.55245e+006 26.5324
400513 7.55245e+006 26.5324
400516 7.55245e+006 26.5324
400516 7.55245e+006 26.5324
400516 7.55245e+006 26.5324
400516 7.55245e+006 26.5324
400516 7.55245e+006 26.5324
400516 7.55245e+006 26.5324
400513 7.55245e+006 26.5324
400513 7.55245e+006 26.5324
400513 7.55245e+006 26.5324
400513 7.55245e+006 26.5324
400513 7.55245e+006 26.5324
400513 7.55245e+006 26.5324
400516 7.55246e+006 26.5115
400516 7.55246e+006 26.5115
400516 7.55246e+006 26.5115
400513 7.55246e+006 26.5115
400516 7.55246e+006 26.5115
400516 7.55246e+006 26.5115
400513 7.55246e+006 26.5115
400516 7.55246e+006 26.5115
400513 7.55246e+006 26.5115
400513 7.55246e+006 26.5115
400513 7.55246e+006 26.5115
400513 7.55246e+006 26.5115
400516 7.55246e+006 26.5115
400516 7.55246e+006 26.5115
400516 7.55246e+006 26.5115
400516 7.55246e+006 26.5115
400516 7.55246e+006 26.5115
400516 7.55246e+006 26.5115
400513 7.55246e+006 26.5115
400516 7.55246e+006 26.5115
400516 7.55246e+006 26.5115
400516 7.55246e+006 26.5115
400513 7.55246e+006 26.5115
400513 7.55246e+006 26.5115
400513 7.55246e+006 26.5115
400516 7.55246e+006 26.5115
400516 7.55246e+006 26.5115
400516 7.55246e+006 26.5115
400513 7.55246e+006 26.5115
400513 7.55246e+006 26.5115
400516 7.55246e+006 26.5115
400516 7.55246e+006 26.5115
400516 7.55246e+006 26.5115
400513 7.55246e+006 26.5115
400513 7.55246e+006 26.5115
400513 7.55246e+006 26.5115
400513 7.55246e+006 26.5115
400513 7.55246e+006 26.5115
400513 7.55246e+006 26.5115
400516 7.55247e+006 26.5104
400516 7.55247e+006 26.5104
400516 7.55247e+006 26.5104
400513 7.55247e+006 26.5104
400516 7.55247e+006 26.5104
400516 7.55247e+006 26.5104
400513 7.55247e+006 26.5104
400513 7.55247e+006 26.5104
400516 7.55247e+006 26.5104
400513 7.55247e+006 26.5104
400513 7.55247e+006 26.5104
400516 7.55247e+006 26.5104
400516 7.55247e+006 26.5104
400516 7.55247e+006 26.5104
400516 7.55247e+006 26.5104
400516 7.55247e+006 26.5104
400516 7.55247e+006 26.5104
400516 7.55247e+006 26.5104
400516 7.55247e+006 26.5104
400513 7.55247e+006 26.5104
400513 7.55247e+006 26.5104
400513 7.55247e+006 26.5104
400516 7.55247e+006 26.5104
400516 7.55247e+006 26.5104
400516 7.55247e+006 26.5104
400513 7.55247e+006 26.5104
400513 7.55247e+006 26.5104
400513 7.55247e+006 26.5104
400516 7.55247e+006 26.5104
400516 7.55247e+006 26.5104
400516 7.55247e+006 26.5104
400516 7.55247e+006 26.5104
400516 7.55247e+006 26.5104
400516 7.55247e+006 26.5104
400516 7.55247e+006 26.5104
400516 7.55247e+006 26.5104
400513 7.55247e+006 26.5104
400513 7.55247e+006 26.5104
400513 7.55247e+006 26.5104
400513 7.55247e+006 26.5104
400513 7.55247e+006 26.5104
400513 7.55247e+006 26.5104
400508 7.55244e+006 36.7317
400507 7.55243e+006 36.7317
400514 7.55243e+006 36.7317
400514 7.55243e+006 36.7317
400514 7.55244e+006 36.7317
400511 7.55244e+006 36.7317
400508 7.55244e+006 36.7317
400514 7.55243e+006 36.7317
400511 7.55244e+006 36.7317
400512 7.55244e+006 36.7317
400512 7.55244e+006 36.7317
400511 7.55244e+006 36.7317
400511 7.55244e+006 36.7317
400511 7.55244e+006 36.7317
400512 7.55244e+006 36.7317
400511 7.55244e+006 36.7317
400512 7.55244e+006 36.7317
400508 7.55244e+006 36.7317
400508 7.55244e+006 36.7317
400508 7.55244e+006 36.7317
400511 7.55244e+006 36.7317
400508 7.55244e+006 36.7317
400508 7.55244e+006 36.7317
400508 7.55244e+006 36.7317
400508 7.55244e+006 36.7317
400507 7.55243e+006 36.7317
400508 7.55244e+006 36.7317
400508 7.55244e+006 36.7317
400507 7.55245e+006 36.7317
400507 7.55243e+006 36.7317
400507 7.55243e+006 36.7317
400508 7.55244e+006 36.7317
400508 7.55244e+006 36.7317
400513 7.55245e+006 36.7317
400512 7.55245e+006 36.7317
400512 7.55245e+006 36.7317
400513 7.55244e+006 36.7317
400513 7.55245e+006 36.7317
400512 7.55245e+006 36.7317
400512 7.55244e+006 36.7317
400513 7.55244e+006 36.7317
400512 7.55245e+006 36.7317
400512 7.55245e+006 36.7317
400508 7.55245e+006 36.7317
400511 7.55245e+006 36.7317
400511 7.55245e+006 36.7317
400511 7.55244e+006 36.7317
400512 7.55244e+006 36.7317
400512 7.55244e+006 36.7317
400512 7.55245e+006 36.7317
400511 7.55245e+006 36.7317
400508 7.55244e+006 36.7317
400512 7.55244e+006 36.7317
400511 7.55244e+006 36.7317
400511 7.55244e+006 36.7317
400508 7.55244e+006 36.7317
400508 7.55244e+006 36.7317
400507 7.55245e+006 36.7317
400508 7.55244e+006 36.7317
400508 7.55244e+006 36.7317
400508 7.55244e+006 36.7317
400508 7.55245e+006 36.7317
400507 7.55245e+006 36.7317
400511 7.55245e+006 36.7317
400508 7.55245e+006 36.7317
400507 7.55245e+006 36.7317
400507 7.55245e+006 36.7317
400508 7.55245e+006 36.7317
400511 7.55245e+006 36.7317
400508 7.55245e+006 36.7317
400505 7.55245e+006 36.7317
400508 7.55245e+006 36.7317
400505 7.55245e+006 36.7317
400505 7.55245e+006 36.7317
400507 7.55245e+006 36.7317
400507 7.55245e+006 36.7317
400505 7.55245e+006 36.7317
400505 7.55245e+006 36.7317
400505 7.55245e+006 36.7317
400507 7.55245e+006 36.7317
400508 7.55245e+006 36.7317
400508 7.55245e+006 36.7317
400505 7.55245e+006 36.7317
400505 7.55245e+006 36.7317
400504 7.55244e+006 35.8745
400504 7.55244e+006 35.8745
400505 7.55244e+006 35.8745
400505 7.55244e+006 35.8745
400505 7.55244e+006 35.8745
400504 7.55244e+006 35.8745
400501 7.55244e+006 35.8352
400501 7.55244e+006 35.8352
400500 7.55244e+006 35.8352
400500 7.55245e+006 35.8352
400497 7.55245e+006 35.8352
400497 7.55245e+006 35.8352
400497 7.55245e+006 35.8352
400499 7.55245e+006 35.8352
400500 7.55245e+006 35.8352
400499 7.55245e+006 35.8352
400499 7.55244e+006 35.8352
400500 7.55244e+006 35.8352
400500 7.55244e+006 35.8352
400500 7.55245e+006 35.8352
400499 7.55245e+006 35.8352
400501 7.55244e+006 35.8352
400500 7.55244e+006 35.8352
400499 7.55244e+006 35.8352
400499 7.55244e+006 35.8352
400499 7.55244e+006 35.8352
400497 7.55244e+006 35.8352
400497 7.55244e+006 35.8352
400497 7.55244e+006 35.8352
400499 7.55244e+006 35.8352
400499 7.55244e+006 35.8352
400499 7.55243e+006 35.8352
400500 7.55243e+006 35.8352
400500 7.55243e+006 35.8352
400500 7.55244e+006 35.8352
400499 7.55244e+006 35.8352
400499 7.55244e+006 35.8352
400499 7.55244e+006 35.8352
400500 7.55244e+006 35.8352
400500 7.55244e+006 35.8352
400501 7.55244e+006 35.8352
400499 7.55244e+006 35.8352
400505 7.55244e+006 35.8352
400505 7.55244e+006 35.8352
400501 7.55244e+006 35.8352
400501 7.55244e+006 35.8352
400500 7.55244e+006 35.8352
400505 7.55244e+006 35.8352
400499 7.55244e+006 27.1209
400500 7.55244e+006 27.1209
400500 7.55244e+006 27.1209
400500 7.55244e+006 27.1209
400499 7.55244e+006 27.1209
400499 7.55244e+006 27.1209
400500 7.55244e+006 27.1195
400500 7.55244e+006 27.1195
400500 7.55244e+006 27.1195
400500 7.55244e+006 27.1195
400500 7.55244e+006 27.1195
400500 7.55244e+006 27.1195
400499 7.55244e+006 26.9274
400500 7.55244e+006 26.9274
400500 7.55244e+006 26.9274
400500 7.55244e+006 26.9274
400499 7.55244e+006 26.9274
400499 7.55244e+006 26.9274
400499 7.55244e+006 26.7361
400499 7.55244e+006 26.7361
400499 7.55244e+006 26.7361
400499 7.55244e+006 26.7361
400499 7.55244e+006 26.7361
400499 7.55244e+006 26.7361
400501 7.55244e+006 27.1209
400500 7.55244e+006 27.1209
400500 7.55244e+006 27.1209
400500 7.55244e+006 27.1209
400501 7.55244e+006 27.1209
400501 7.55244e+006 27.1209
400501 7.55244e+006 27.1195
400500 7.55244e+006 27.1195
400500 7.55244e+006 27.1195
400500 7.55244e+006 27.1195
400501 7.55244e+006 27.1195
400501 7.55244e+006 27.1195
400500 7.55244e+006 27.1209
400500 7.55244e+006 27.1195
400501 7.55244e+006 27.1195
400501 7.55244e+006 27.1195
400501 7.55244e+006 27.1209
400500 7.55244e+006 27.1209
400502 7.55246e+006 35.0956
400505 7.55246e+006 35.0956
400505 7.55246e+006 35.0956
400505 7.55246e+006 35.0956
400502 7.55246e+006 35.0956
400502 7.55246e+006 35.0956
400505 7.55246e+006 35.0956
400502 7.55246e+006 35.0956
400502 7.55246e+006 35.0956
400502 7.55246e+006 35.0956
400505 7.55246e+006 35.0956
400502 7.55246e+006 35.0956
400502 7.55246e+006 35.0956
400502 7.55246e+006 35.0956
400501 7.55246e+006 35.0956
400501 7.55246e+006 35.0956
400500 7.55246e+006 35.0956
400500 7.55246e+006 35.0956
400502 7.55246e+006 35.0956
400501 7.55246e+006 35.0956
400500 7.55246e+006 35.0956
400500 7.55246e+006 35.0956
400500 7.55246e+006 35.0956
400500 7.55246e+006 35.0955
400500 7.55246e+006 35.0955
400500 7.55246e+006 35.0955
400500 7.55246e+006 35.0956
400500 7.55246e+006 35.0956
400501 7.55246e+006 35.0956
400501 7.55246e+006 35.0956
400501 7.55246e+006 35.0956
400500 7.55247e+006 35.0956
400500 7.55246e+006 35.0956
400500 7.55247e+006 35.0956
400501 7.55246e+006 35.0956
400507 7.55246e+006 35.0956
400507 7.55246e+006 35.0956
400507 7.55247e+006 35.0956
400500 7.55247e+006 35.0956
400502 7.55247e+006 35.0948
400505 7.55247e+006 35.0948
400505 7.55247e+006 35.0948
400505 7.55247e+006 35.0948
400502 7.55247e+006 35.0948
400502 7.55247e+006 35.0948
400502 7.55247e+006 35.0948
400505 7.55247e+006 35.0948
400502 7.55247e+006 35.0948
400502 7.55247e+006 35.0948
400502 7.55247e+006 35.0948
400501 7.55247e+006 35.0948
400501 7.55247e+006 35.0948
400500 7.55247e+006 35.0948
400502 7.55247e+006 35.0948
400500 7.55247e+006 35.0948
400501 7.55247e+006 35.0948
400501 7.55247e+006 35.0948
400501 7.55247e+006 35.0948
400500 7.55247e+006 35.0948
400500 7.55247e+006 35.0948
400500 7.55247e+006 35.0948
400501 7.55247e+006 35.0948
400507 7.55247e+006 35.0948
400507 7.55247e+006 35.0948
400507 7.55247e+006 35.0948
400500 7.55247e+006 35.0948
400502 7.55245e+006 35.1165
400502 7.55245e+006 35.1165
400505 7.55245e+006 35.1165
400502 7.55245e+006 35.1165
400502 7.55245e+006 35.1165
400505 7.55245e+006 35.1165
400502 7.55245e+006 35.1165
400502 7.55245e+006 35.1165
400505 7.55245e+006 35.1165
400502 7.55245e+006 35.1165
400505 7.55245e+006 35.1165
400505 7.55245e+006 35.1165
400500 7.55245e+006 35.1165
400500 7.55245e+006 35.1165
400501 7.55245e+006 35.1165
400502 7.55245e+006 35.1165
400500 7.55245e+006 35.1165
400501 7.55245e+006 35.1165
400502 7.55245e+006 35.1165
400501 7.55245e+006 35.1165
400502 7.55245e+006 35.1165
400500 7.55245e+006 35.1165
400500 7.55245e+006 35.1164
400500 7.55245e+006 35.1164
400500 7.55245e+006 35.1164
400500 7.55245e+006 35.1165
400500 7.55245e+006 35.1165
400500 7.55245e+006 35.1165
400500 7.55244e+006 35.1165
400501 7.55244e+006 35.1165
400501 7.55244e+006 35.1165
400501 7.55245e+006 35.1165
400500 7.55245e+006 35.1165
400500 7.55244e+006 35.1165
400507 7.55244e+006 35.1165
400507 7.55244e+006 35.1165
400507 7.55244e+006 35.1165
400501 7.55244e+006 35.1165
400500 7.55244e+006 35.1165
400502 7.55244e+006 35.1157
400502 7.55244e+006 35.1157
400505 7.55244e+006 35.1157
400502 7.55244e+006 35.1157
400502 7.55244e+006 35.1157
400505 7.55244e+006 35.1157
400502 7.55244e+006 35.1157
400505 7.55244e+006 35.1157
400505 7.55244e+006 35.1157
400502 7.55244e+006 35.1157
400500 7.55244e+006 35.1157
400501 7.55244e+006 35.1157
400501 7.55244e+006 35.1157
400502 7.55244e+006 35.1157
400502 7.55244e+006 35.1157
400500 7.55244e+006 35.1157
400500 7.55243e+006 35.1157
400501 7.55244e+006 35.1157
400501 7.55244e+006 35.1157
400501 7.55244e+006 35.1157
400500 7.55244e+006 35.1157
400500 7.55243e+006 35.1157
400507 7.55243e+006 35.1157
400507 7.55244e+006 35.1157
400507 7.55244e+006 35.1157
400501 7.55244e+006 35.1157
400500 7.55243e+006 35.1157
400508 7.55246e+006 36.7113
400508 7.55246e+006 36.7113
400507 7.55246e+006 36.7113
400507 7.55246e+006 36.7113
400508 7.55246e+006 36.7113
400508 7.55246e+006 36.7113
400511 7.55246e+006 36.7113
400508 7.55246e+006 36.7113
400507 7.55246e+006 36.7113
400511 7.55246e+006 36.7113
400507 7.55246e+006 36.7113
400508 7.55246e+006 36.7113
400511 7.55246e+006 36.7113
400508 7.55246e+006 36.7113
400512 7.55246e+006 36.7113
400507 7.55246e+006 36.7113
400505 7.55246e+006 36.7113
400505 7.55246e+006 36.7113
400505 7.55246e+006 36.7113
400505 7.55246e+006 36.7113
400508 7.55246e+006 36.7113
400508 7.55246e+006 36.7113
400508 7.55246e+006 36.7113
400505 7.55246e+006 36.7113
400507 7.55246e+006 36.7113
400505 7.55246e+006 36.7113
400505 7.55246e+006 36.7113
400505 7.55246e+006 36.7113
400508 7.55246e+006 36.7113
400507 7.55246e+006 36.7113
400512 7.55246e+006 36.7113
400512 7.55246e+006 36.7113
400513 7.55246e+006 36.7113
400512 7.55246e+006 36.7113
400513 7.55246e+006 36.7113
400513 7.55247e+006 36.7113
400512 7.55246e+006 36.7113
400513 7.55247e+006 36.7113
400512 7.55247e+006 36.7113
400511 7.55246e+006 36.7113
400512 7.55246e+006 36.7113
400512 7.55246e+006 36.7113
400512 7.55246e+006 36.7113
400511 7.55246e+006 36.7113
400511 7.55246e+006 36.7113
400508 7.55246e+006 36.7113
400508 7.55246e+006 36.7113
400511 7.55246e+006 36.7113
400511 7.55246e+006 36.7113
400512 7.55246e+006 36.7113
400508 7.55246e+006 36.7113
400507 7.55247e+006 36.7113
400507 7.55246e+006 36.7113
400508 7.55246e+006 36.7113
400508 7.55246e+006 36.7113
400508 7.55247e+006 36.7113
400507 7.55247e+006 36.7113
400508 7.55247e+006 36.7113
400508 7.55247e+006 36.7113
400508 7.55247e+006 36.7113
400508 7.55247e+006 36.7113
400507 7.55247e+006 36.7113
400508 7.55247e+006 36.7113
400514 7.55247e+006 36.7113
400507 7.55247e+006 36.7113
400508 7.55247e+006 36.7113
400514 7.55247e+006 36.7113
400508 7.55247e+006 36.7113
400511 7.55247e+006 36.7113
400514 7.55247e+006 36.7113
400514 7.55247e+006 36.7113
400511 7.55247e+006 36.7113
400511 7.55247e+006 36.7113
400512 7.55247e+006 36.7113
400512 7.55247e+006 36.7113
400512 7.55247e+006 36.7113
400511 7.55247e+006 36.7113
400511 7.55247e+006 36.7113
400511 7.55247e+006 36.7113
400508 7.55247e+006 36.7113
400508 7.55247e+006 36.7113
400508 7.55247e+006 36.7113
400512 7.55247e+006 36.7113
400511 7.55247e+006 36.7113
400504 7.55247e+006 35.8537
400505 7.55247e+006 35.8537
400505 7.55247e+006 35.8537
400505 7.55247e+006 35.8537
400504 7.55247e+006 35.8537
400504 7.55247e+006 35.8537
400501 7.55247e+006 35.857
400505 7.55247e+006 35.857
400505 7.55247e+006 35.857
400505 7.55247e+006 35.857
400499 7.55247e+006 35.857
400501 7.55247e+006 35.857
400501 7.55247e+006 35.857
400499 7.55247e+006 35.857
400499 7.55247e+006 35.857
400499 7.55247e+006 35.857
400501 7.55247e+006 35.857
400501 7.55247e+006 35.857
400500 7.55247e+006 35.8153
400501 7.55247e+006 35.8153
400501 7.55247e+006 35.8153
400501 7.55247e+006 35.8153
400505 7.55247e+006 35.8153
400505 7.55247e+006 35.8153
400505 7.55247e+006 35.8153
400500 7.55247e+006 35.8153
400501 7.55247e+006 35.8153
400499 7.55247e+006 35.8153
400500 7.55247e+006 35.8153
400500 7.55247e+006 35.8153
400500 7.55247e+006 35.8153
400499 7.55247e+006 35.8153
400499 7.55247e+006 35.8153
400499 7.55247e+006 35.8153
400497 7.55247e+006 35.8153
400497 7.55247e+006 35.8153
400497 7.55247e+006 35.8153
400499 7.55247e+006 35.8153
400499 7.55247e+006 35.8153
400499 7.55247e+006 35.8153
400501 7.55247e+006 35.8153
400500 7.55247e+006 35.8153
400500 7.55247e+006 35.8153
400499 7.55247e+006 35.8153
400499 7.55247e+006 35.8153
400500 7.55247e+006 35.8153
400501 7.55247e+006 35.8153
400499 7.55247e+006 35.8153
400500 7.55247e+006 35.8153
400499 7.55247e+006 35.8153
400499 7.55246e+006 35.8153
400500 7.55247e+006 35.8153
400499 7.55246e+006 35.8153
400500 7.55246e+006 35.8153
400497 7.55246e+006 35.8153
400497 7.55246e+006 35.8153
400500 7.55246e+006 35.8153
400500 7.55246e+006 35.8153
400499 7.55246e+006 35.8153
400497 7.55246e+006 35.8153
400512 7.55244e+006 40.2251
400511 7.55244e+006 40.2251
400511 7.55244e+006 40.2251
400511 7.55244e+006 40.2251
400512 7.55243e+006 40.2251
400512 7.55244e+006 40.2251
400508 7.55244e+006 40.2251
400508 7.55244e+006 40.2251
400511 7.55244e+006 40.2251
400511 7.55244e+006 40.2251
400512 7.55244e+006 40.2251
400508 7.55244e+006 40.2251
400511 7.55244e+006 40.2251
400508 7.55244e+006 40.2251
400508 7.55244e+006 40.2251
400508 7.55244e+006 40.2251
400512 7.55244e+006 40.2251
400511 7.55244e+006 40.2251
400511 7.55244e+006 40.2251
400512 7.55244e+006 40.2251
400512 7.55245e+006 40.2251
400512 7.55245e+006 40.2251
400511 7.55245e+006 40.2251
400511 7.55244e+006 40.2251
400508 7.55245e+006 40.2251
400507 7.55244e+006 40.2251
400508 7.55244e+006 40.2251
400508 7.55244e+006 40.2251
400508 7.55244e+006 40.2251
400508 7.55245e+006 40.2251
400507 7.55244e+006 40.2251
400501 7.55244e+006 40.2251
400501 7.55244e+006 40.2251
400501 7.55244e+006 40.2251
400507 7.55244e+006 40.2251
400508 7.55244e+006 40.2251
400507 7.55244e+006 40.2251
400501 7.55244e+006 40.2251
400508 7.55244e+006 40.2251
400507 7.55244e+006 40.2251
400508 7.55244e+006 40.2251
400508 7.55244e+006 40.2251
400501 7.55244e+006 40.2251
400501 7.55244e+006 40.2251
400499 7.55244e+006 40.2251
400499 7.55244e+006 40.2251
400499 7.55244e+006 40.2251
400501 7.55244e+006 40.2251
400489 7.55245e+006 40.2251
400495 7.55244e+006 40.2251
400497 7.55244e+006 40.2251
400497 7.55244e+006 40.2251
400498 7.55244e+006 40.2251
400499 7.55244e+006 40.2251
400489 7.55245e+006 40.2251
400497 7.55244e+006 40.2251
400499 7.55244e+006 40.2251
400501 7.55245e+006 40.2251
400489 7.55245e+006 40.2251
400499 7.55244e+006 40.2251
400501 7.55244e+006 40.2251
400501 7.55245e+006 40.2251
400499 7.55244e+006 40.2251
400495 7.55244e+006 40.2251
400495 7.55244e+006 40.2251
400489 7.55245e+006 40.2251
400489 7.55245e+006 40.2251
400489 7.55244e+006 40.2251
400495 7.55244e+006 40.2251
400489 7.55243e+006 40.2251
400489 7.55243e+006 40.2251
400491 7.55243e+006 40.2251
400491 7.55243e+006 40.2251
400491 7.55243e+006 40.2251
400489 7.55243e+006 40.2251
400495 7.55243e+006 40.2251
400498 7.55243e+006 40.2251
400503 7.55243e+006 40.2251
400503 7.55243e+006 40.2251
400503 7.55243e+006 40.2251
400501 7.55243e+006 40.2251
400495 7.55243e+006 40.2251
400503 7.55243e+006 40.2251
400501 7.55243e+006 40.2251
400495 7.55243e+006 40.2251
400495 7.55243e+006 40.2251
400501 7.55243e+006 40.2251
400489 7.55243e+006 40.2251
400491 7.55243e+006 40.2251
400495 7.55243e+006 40.2251
400495 7.55243e+006 40.2251
400501 7.55243e+006 40.2251
400489 7.55243e+006 40.2251
400489 7.55244e+006 40.2251
400489 7.55243e+006 40.2251
400501 7.55243e+006 40.2251
400501 7.55243e+006 40.2251
400501 7.55244e+006 40.2251
400489 7.55244e+006 40.2251
400507 7.55243e+006 40.2251
400501 7.55243e+006 40.2251
400503 7.55243e+006 40.2251
400503 7.55243e+006 40.2251
400513 7.55243e+006 40.2251
400507 7.55243e+006 40.2251
400513 7.55243e+006 40.2251
400513 7.55243e+006 40.2251
400512 7.55243e+006 40.2251
400507 7.55243e+006 40.2251
400513 7.55243e+006 40.2251
400512 7.55243e+006 40.2251
400512 7.55243e+006 40.2251
400511 7.55244e+006 40.2251
400508 7.55244e+006 40.2251
400507 7.55243e+006 40.2251
400512 7.55243e+006 40.2251
400508 7.55244e+006 40.2251
400507 7.55244e+006 40.2251
400507 7.55243e+006 40.2251
400508 7.55244e+006 40.2251
400508 7.55244e+006 40.2251
400508 7.55244e+006 40.2251
400508 7.55244e+006 40.2251
400507 7.55244e+006 40.2251
400508 7.55244e+006 40.2251
400508 7.55244e+006 40.2251
400501 7.55245e+006 40.2251
400507 7.55245e+006 40.2251
400505 7.55245e+006 40.2251
400505 7.55245e+006 40.2251
400489 7.55245e+006 40.2251
400501 7.55245e+006 40.2251
400507 7.55245e+006 40.2251
400507 7.55244e+006 40.2251
400508 7.55245e+006 40.2251
400508 7.55245e+006 40.2251
400508 7.55245e+006 40.2251
400507 7.55245e+006 40.2251
400511 7.55245e+006 40.2251
400512 7.55245e+006 40.2251
400508 7.55245e+006 40.2251
400508 7.55245e+006 40.2251
400508 7.55245e+006 40.2251
400511 7.55245e+006 40.2251
400508 7.55245e+006 40.2251
400505 7.55245e+006 40.2251
400505 7.55245e+006 40.2251
400508 7.55245e+006 40.2251
400508 7.55245e+006 40.2251
400505 7.55245e+006 40.2251
400507 7.55245e+006 40.2251
400508 7.55245e+006 40.2251
400505 7.55245e+006 40.2251
400495 7.55244e+006 40.2251
400495 7.55244e+006 40.2251
400495 7.55244e+006 40.2251
400495 7.55244e+006 40.2251
400489 7.55245e+006 40.2251
400495 7.55244e+006 40.2251
400499 7.55243e+006 32.7993
400513 7.55243e+006 32.7993
400506 7.55243e+006 32.7993
400506 7.55243e+006 32.7993
400502 7.55243e+006 32.7993
400499 7.55243e+006 32.7993
400499 7.55245e+006 32.7993
400499 7.55244e+006 32.7993
400502 7.55244e+006 32.7993
400502 7.55244e+006 32.7993
400502 7.55245e+006 32.7993
400499 7.55245e+006 32.7993
400499 7.55243e+006 32.7993
400502 7.55243e+006 32.7993
400502 7.55244e+006 32.7993
400502 7.55244e+006 32.7993
400499 7.55244e+006 32.7993
400499 7.55243e+006 32.7993
400507 7.55244e+006 32.7993
400506 7.55244e+006 32.7993
400506 7.55244e+006 32.7993
400513 7.55245e+006 32.7993
400499 7.55245e+006 32.7993
400502 7.55245e+006 32.7993
400502 7.55245e+006 32.7993
400506 7.55245e+006 32.7993
400513 7.55245e+006 32.7993
400514 7.55243e+006 32.7993
400514 7.55244e+006 32.7993
400513 7.55244e+006 32.7993
400513 7.55243e+006 32.7993
400514 7.55243e+006 32.7993
400513 7.55244e+006 32.7993
400507 7.55244e+006 32.7993
400506 7.55244e+006 32.7993
400506 7.55244e+006 32.7993
400507 7.55244e+006 32.7993
400506 7.55244e+006 32.7993
400510 7.55244e+006 32.7993
400513 7.55244e+006 32.7993
400507 7.55244e+006 32.7993
400510 7.55244e+006 32.7993
400513 7.55244e+006 32.7993
400513 7.55244e+006 32.7993
400510 7.55244e+006 32.7993
400513 7.55244e+006 32.7993
400510 7.55244e+006 32.7993
400510 7.55244e+006 32.7993
400513 7.55243e+006 32.7993
400513 7.55244e+006 32.7993
400510 7.55244e+006 32.7993
400513 7.55243e+006 32.7993
400513 7.55243e+006 32.7993
400510 7.55244e+006 32.7993
400513 7.55243e+006 32.7993
400510 7.55244e+006 32.7993
400506 7.55244e+006 32.7993
400513 7.55243e+006 32.7993
400506 7.55244e+006 32.7993
400506 7.55243e+006 32.7993
400502 7.55244e+006 32.7993
400506 7.55244e+006 32.7993
400507 7.55244e+006 32.7993
400507 7.55244e+006 32.7993
400507 7.55244e+006 32.7993
400506 7.55244e+006 32.7993
400502 7.55244e+006 32.7993
400507 7.55244e+006 32.7993
400506 7.55244e+006 32.7993
400502 7.55244e+006 32.7993
400506 7.55244e+006 32.7993
400502 7.55244e+006 32.7993
400499 7.55244e+006 32.7993
400502 7.55244e+006 32.7993
400502 7.55244e+006 32.7993
400492 7.55245e+006 30.444
400495 7.55245e+006 30.444
400495 7.55245e+006 30.444
400489 7.55245e+006 30.444
400492 7.55245e+006 30.444
400495 7.55245e+006 30.444
400489 7.55245e+006 30.444
400495 7.55245e+006 30.444
400499 7.55245e+006 30.444
400500 7.55245e+006 30.444
400489 7.55245e+006 30.444
400499 7.55245e+006 30.444
400500 7.55245e+006 30.444
400499 7.55245e+006 30.444
400499 7.55244e+006 30.444
400500 7.55245e+006 30.444
400499 7.55244e+006 30.444
400499 7.55244e+006 30.444
400500 7.55245e+006 30.444
400499 7.55244e+006 30.444
400499 7.55243e+006 30.444
400500 7.55243e+006 30.444
400500 7.55245e+006 30.444
400499 7.55243e+006 30.444
400495 7.55244e+006 30.444
400495 7.55244e+006 30.444
400495 7.55244e+006 30.444
400495 7.55244e+006 30.444
400495 7.55244e+006 30.444
400498 7.55244e+006 30.444
400499 7.55244e+006 30.444
400495 7.55244e+006 30.444
400498 7.55244e+006 30.444
400499 7.55244e+006 30.444
400498 7.55244e+006 30.444
400498 7.55244e+006 30.444
400498 7.55244e+006 30.444
400499 7.55244e+006 30.444
400499 7.55244e+006 30.444
400492 7.55244e+006 30.444
400492 7.55244e+006 30.444
400489 7.55245e+006 30.444
400492 7.55243e+006 30.444
400492 7.55244e+006 30.444
400489 7.55245e+006 30.444
400492 7.55243e+006 30.444
400489 7.55245e+006 30.444
400489 7.55243e+006 30.444
400489 7.55245e+006 30.444
400492 7.55244e+006 30.444
400492 7.55245e+006 30.444
400492 7.55244e+006 30.444
400495 7.55244e+006 30.444
400495 7.55244e+006 30.444
400492 7.55244e+006 30.444
400492 7.55244e+006 30.444
400495 7.55244e+006 30.444
400495 7.55244e+006 30.444
400492 7.55244e+006 30.444
400495 7.55244e+006 30.444
400494 7.55245e+006 22.6718
400508 7.55245e+006 22.6718
400508 7.55245e+006 22.6718
400508 7.55245e+006 22.6718
400493 7.55245e+006 22.6718
400493 7.55245e+006 22.6718
400494 7.55245e+006 22.6718
400508 7.55245e+006 22.6718
400493 7.55245e+006 22.6718
400490 7.55244e+006 22.6718
400490 7.55244e+006 22.6718
400493 7.55244e+006 22.6718
400494 7.55245e+006 22.6718
400490 7.55244e+006 22.6718
400493 7.55244e+006 22.6718
400494 7.55244e+006 22.6718
400494 7.55245e+006 22.6718
400493 7.55244e+006 22.6718
400495 7.55244e+006 22.6718
400494 7.55244e+006 22.6718
400493 7.55244e+006 22.6718
400495 7.55244e+006 22.6718
400495 7.55244e+006 22.6718
400493 7.55244e+006 22.6718
400493 7.55244e+006 22.6718
400493 7.55243e+006 22.6718
400494 7.55243e+006 22.6718
400493 7.55244e+006 22.6718
400494 7.55243e+006 22.6718
400494 7.55244e+006 22.6718
400495 7.55244e+006 22.6718
400493 7.55244e+006 22.6718
400494 7.55244e+006 22.6718
400493 7.55243e+006 22.6718
400490 7.55243e+006 22.6718
400490 7.55243e+006 22.6718
400490 7.55243e+006 22.6718
400508 7.55243e+006 22.6718
400508 7.55243e+006 22.6718
400490 7.55243e+006 22.6718
400508 7.55243e+006 22.6718
400494 7.55243e+006 22.6718
400493 7.55243e+006 22.6718
400490 7.55243e+006 22.6718
400494 7.55243e+006 22.6718
400503 7.55244e+006 22.6718
400503 7.55244e+006 22.6718
400499 7.55244e+006 22.6718
400499 7.55244e+006 22.6718
400499 7.55244e+006 22.6718
400503 7.55244e+006 22.6718
400504 7.55244e+006 22.6718
400503 7.55244e+006 22.6718
400499 7.55244e+006 22.6718
400499 7.55244e+006 22.6718
400495 7.55244e+006 22.6718
400494 7.55244e+006 22.6718
400504 7.55244e+006 22.6718
400499 7.55244e+006 22.6718
400494 7.55244e+006 22.6718
400504 7.55244e+006 22.6718
400494 7.55244e+006 22.6718
400508 7.55244e+006 22.6718
400495 7.55244e+006 22.6718
400508 7.55244e+006 22.6718
400508 7.55244e+006 22.6718
400508 7.55244e+006 22.6718
400494 7.55244e+006 22.6718
400495 7.55244e+006 22.6718
400489 7.55245e+006 22.6718
400489 7.55244e+006 22.6718
400490 7.55244e+006 22.6718
400493 7.55245e+006 22.6718
400489 7.55245e+006 22.6718
400490 7.55244e+006 22.6718
400494 7.55245e+006 22.6718
400493 7.55245e+006 22.6718
400490 7.55244e+006 22.6718
400489 7.55246e+006 30.4331
400492 7.55246e+006 30.4331
400492 7.55247e+006 30.4331
400489 7.55246e+006 30.4331
400492 7.55247e+006 30.4331
400492 7.55247e+006 30.4331
400489 7.55247e+006 30.4331
400489 7.55246e+006 30.4331
400492 7.55247e+006 30.4331
400498 7.55247e+006 30.4331
400498 7.55247e+006 30.4331
400499 7.55246e+006 30.4331
400499 7.55247e+006 30.4331
400498 7.55247e+006 30.4331
400499 7.55246e+006 30.4331
400499 7.55246e+006 30.4331
400499 7.55246e+006 30.4331
400500 7.55246e+006 30.4331
400499 7.55247e+006 30.4331
400499 7.55246e+006 30.4331
400500 7.55246e+006 30.4331
400499 7.55247e+006 30.4331
400499 7.55247e+006 30.4331
400500 7.55246e+006 30.4331
400499 7.55247e+006 30.4331
400500 7.55246e+006 30.4331
400500 7.55247e+006 30.4331
400495 7.55246e+006 30.4331
400495 7.55246e+006 30.4331
400492 7.55246e+006 30.4331
400495 7.55246e+006 30.4331
400492 7.55246e+006 30.4331
400489 7.55246e+006 30.4331
400499 7.55246e+006 30.4331
400495 7.55246e+006 30.4331
400489 7.55246e+006 30.4331
400499 7.55246e+006 30.4331
400489 7.55246e+006 30.4331
400500 7.55246e+006 30.4331
400492 7.55246e+006 30.4331
400492 7.55246e+006 30.4331
400489 7.55246e+006 30.4331
400495 7.55247e+006 30.4331
400495 7.55247e+006 30.4331
400492 7.55247e+006 30.4331
400495 7.55247e+006 30.4331
400492 7.55247e+006 30.4331
400492 7.55246e+006 30.4331
400495 7.55247e+006 30.4331
400492 7.55246e+006 30.4331
400495 7.55246e+006 30.4331
400495 7.55247e+006 30.4331
400495 7.55246e+006 30.4331
400495 7.55246e+006 30.4331
400498 7.55247e+006 30.4331
400495 7.55247e+006 30.4331
400495 7.55246e+006 30.4331
400498 7.55247e+006 30.4331
400495 7.55246e+006 30.4331
400499 7.55246e+006 30.4331
400506 7.55247e+006 32.7993
400510 7.55247e+006 32.7993
400513 7.55247e+006 32.7993
400506 7.55247e+006 32.7993
400506 7.55247e+006 32.7993
400513 7.55247e+006 32.7993
400506 7.55247e+006 32.7993
400513 7.55247e+006 32.7993
400499 7.55247e+006 32.7993
400502 7.55247e+006 32.7993
400506 7.55247e+006 32.7993
400499 7.55247e+006 32.7993
400510 7.55247e+006 32.7993
400513 7.55247e+006 32.7993
400513 7.55247e+006 32.7993
400510 7.55247e+006 32.7993
400510 7.55247e+006 32.7993
400513 7.55247e+006 32.7993
400510 7.55247e+006 32.7993
400513 7.55247e+006 32.7993
400513 7.55247e+006 32.7993
400510 7.55247e+006 32.7993
400513 7.55247e+006 32.7993
400513 7.55247e+006 32.7993
400506 7.55247e+006 32.7993
400506 7.55247e+006 32.7993
400507 7.55247e+006 32.7993
400510 7.55247e+006 32.7993
400506 7.55247e+006 32.7993
400507 7.55247e+006 32.7993
400510 7.55247e+006 32.7993
400507 7.55247e+006 32.7993
400513 7.55247e+006 32.7993
400513 7.55247e+006 32.7993
400514 7.55247e+006 32.7993
400514 7.55247e+006 32.7993
400514 7.55247e+006 32.7993
400513 7.55247e+006 32.7993
400513 7.55247e+006 32.7993
400506 7.55246e+006 32.7993
400506 7.55246e+006 32.7993
400507 7.55246e+006 32.7993
400507 7.55246e+006 32.7993
400507 7.55247e+006 32.7993
400506 7.55246e+006 32.7993
400506 7.55246e+006 32.7993
400507 7.55247e+006 32.7993
400506 7.55247e+006 32.7993
400502 7.55246e+006 32.7993
400506 7.55246e+006 32.7993
400506 7.55247e+006 32.7993
400502 7.55246e+006 32.7993
400506 7.55247e+006 32.7993
400502 7.55247e+006 32.7993
400502 7.55247e+006 32.7993
400499 7.55247e+006 32.7993
400499 7.55246e+006 32.7993
400502 7.55247e+006 32.7993
400502 7.55247e+006 32.7993
400499 7.55246e+006 32.7993
400502 7.55246e+006 32.7993
400502 7.55247e+006 32.7993
400499 7.55246e+006 32.7993
400502 7.55246e+006 32.7993
400502 7.55246e+006 32.7993
400499 7.55246e+006 32.7993
400510 7.55246e+006 32.7993
400506 7.55246e+006 32.7993
400506 7.55246e+006 32.7993
400502 7.55246e+006 32.7993
400499 7.55246e+006 32.7993
400513 7.55246e+006 32.7993
400513 7.55246e+006 32.7993
400506 7.55246e+006 32.7993
400502 7.55246e+006 32.7993
400510 7.55246e+006 32.7993
400506 7.55246e+006 32.7993
400513 7.55246e+006 32.7993
400507 7.55246e+006 32.7993
400506 7.55246e+006 32.7993
400510 7.55246e+006 32.7993
400510 7.55246e+006 32.7993
400513 7.55246e+006 32.7993
400507 7.55246e+006 32.7993
400511 7.55247e+006 40.2161
400511 7.55247e+006 40.2161
400512 7.55247e+006 40.2161
400512 7.55247e+006 40.2161
400512 7.55247e+006 40.2161
400511 7.55247e+006 40.2161
400511 7.55247e+006 40.2161
400508 7.55247e+006 40.2161
400508 7.55247e+006 40.2161
400508 7.55247e+006 40.2161
400512 7.55247e+006 40.2161
400511 7.55247e+006 40.2161
400512 7.55247e+006 40.2161
400513 7.55247e+006 40.2161
400513 7.55247e+006 40.2161
400511 7.55247e+006 40.2161
400512 7.55247e+006 40.2161
400513 7.55247e+006 40.2161
400508 7.55247e+006 40.2161
400511 7.55247e+006 40.2161
400513 7.55247e+006 40.2161
400503 7.55247e+006 40.2161
400503 7.55248e+006 40.2161
400498 7.55248e+006 40.2161
400498 7.55248e+006 40.2161
400501 7.55247e+006 40.2161
400501 7.55247e+006 40.2161
400503 7.55247e+006 40.2161
400498 7.55248e+006 40.2161
400501 7.55247e+006 40.2161
400513 7.55247e+006 40.2161
400503 7.55247e+006 40.2161
400501 7.55247e+006 40.2161
400513 7.55247e+006 40.2161
400501 7.55247e+006 40.2161
400507 7.55247e+006 40.2161
400508 7.55247e+006 40.2161
400513 7.55247e+006 40.2161
400507 7.55247e+006 40.2161
400508 7.55247e+006 40.2161
400508 7.55247e+006 40.2161
400507 7.55247e+006 40.2161
400507 7.55247e+006 40.2161
400507 7.55247e+006 40.2161
400508 7.55247e+006 40.2161
400508 7.55247e+006 40.2161
400508 7.55247e+006 40.2161
400507 7.55247e+006 40.2161
400512 7.55246e+006 40.2161
400508 7.55246e+006 40.2161
400508 7.55246e+006 40.2161
400508 7.55246e+006 40.2161
400511 7.55246e+006 40.2161
400512 7.55246e+006 40.2161
400512 7.55246e+006 40.2161
400512 7.55246e+006 40.2161
400511 7.55246e+006 40.2161
400511 7.55246e+006 40.2161
400511 7.55246e+006 40.2161
400512 7.55246e+006 40.2161
400516 7.55246e+006 26.5115
400516 7.55246e+006 26.5115
400516 7.55246e+006 26.5115
400508 7.55246e+006 40.2161
400508 7.55247e+006 40.2161
400507 7.55247e+006 40.2161
400507 7.55247e+006 40.2161
400507 7.55246e+006 40.2161
400508 7.55246e+006 40.2161
400507 7.55247e+006 40.2161
400508 7.55246e+006 40.2161
400508 7.55246e+006 40.2161
400508 7.55246e+006 40.2161
400507 7.55247e+006 40.2161
400508 7.55246e+006 40.2161
400508 7.55246e+006 40.2161
400512 7.55246e+006 40.2161
400511 7.55246e+006 40.2161
400511 7.55246e+006 40.2161
400508 7.55246e+006 40.2161
400508 7.55246e+006 40.2161
400505 7.55246e+006 40.2161
400505 7.55246e+006 40.2161
400508 7.55246e+006 40.2161
400505 7.55246e+006 40.2161
400508 7.55246e+006 40.2161
400508 7.55246e+006 40.2161
400505 7.55246e+006 40.2161
400508 7.55246e+006 40.2161
400508 7.55246e+006 40.2161
400508 7.55246e+006 40.2161
400507 7.55246e+006 40.2161
400507 7.55246e+006 40.2161
400505 7.55246e+006 40.2161
400508 7.55246e+006 40.2161
400507 7.55246e+006 40.2161
400507 7.55247e+006 40.2161
400501 7.55247e+006 40.2161
400501 7.55246e+006 40.2161
400501 7.55246e+006 40.2161
400507 7.55246e+006 40.2161
400507 7.55247e+006 40.2161
400499 7.55247e+006 40.2161
400498 7.55247e+006 40.2161
400497 7.55247e+006 40.2161
400497 7.55247e+006 40.2161
400495 7.55247e+006 40.2161
400489 7.55246e+006 40.2161
400497 7.55247e+006 40.2161
400489 7.55246e+006 40.2161
400501 7.55246e+006 40.2161
400499 7.55247e+006 40.2161
400497 7.55247e+006 40.2161
400501 7.55246e+006 40.2161
400499 7.55247e+006 40.2161
400501 7.55246e+006 40.2161
400501 7.55246e+006 40.2161
400499 7.55247e+006 40.2161
400501 7.55246e+006 40.2161
400501 7.55247e+006 40.2161
400501 7.55247e+006 40.2161
400499 7.55247e+006 40.2161
400499 7.55247e+006 40.2161
400495 7.55247e+006 40.2161
400499 7.55247e+006 40.2161
400501 7.55247e+006 40.2161
400501 7.55247e+006 40.2161
400498 7.55248e+006 40.2161
400498 7.55247e+006 40.2161
400495 7.55247e+006 40.2161
400501 7.55247e+006 40.2161
400498 7.55247e+006 40.2161
400495 7.55247e+006 40.2161
400498 7.55247e+006 40.2161
400489 7.55247e+006 40.2161
400489 7.55246e+006 40.2161
400495 7.55247e+006 40.2161
400495 7.55247e+006 40.2161
400495 7.55247e+006 40.2161
400495 7.55247e+006 40.2161
400489 7.55246e+006 40.2161
400489 7.55246e+006 40.2161
400505 7.55246e+006 40.2161
400507 7.55246e+006 40.2161
400507 7.55246e+006 40.2161
400501 7.55246e+006 40.2161
400489 7.55246e+006 40.2161
400490 7.55243e+006 26.2279
400490 7.55245e+006 26.2279
400489 7.55244e+006 26.2279
400489 7.55244e+006 26.2279
400489 7.55244e+006 26.2279
400490 7.55243e+006 26.2279
400488 7.55244e+006 26.2279
400488 7.55244e+006 26.2279
400486 7.55245e+006 26.2279
400486 7.55245e+006 26.2279
400486 7.55243e+006 26.2279
400488 7.55244e+006 26.2279
400488 7.55244e+006 26.2279
400489 7.55244e+006 26.2279
400490 7.55245e+006 26.2279
400490 7.55245e+006 26.2279
400486 7.55245e+006 26.2279
400488 7.55244e+006 26.2279
