405421 7.55479e+006 23.4026
405421 7.55479e+006 23.4027
405421 7.55479e+006 21.9027
405421 7.55479e+006 21.9027
405421 7.55479e+006 21.9026
405421 7.55479e+006 23.4026
405423 7.55479e+006 21.9026
405424 7.55479e+006 21.9027
405424 7.55479e+006 23.4027
405424 7.55479e+006 23.4027
405423 7.55479e+006 23.4026
405423 7.55479e+006 21.9026
405421 7.55479e+006 23.4026
405421 7.55479e+006 21.9026
405423 7.55479e+006 21.9026
405423 7.55479e+006 21.9026
405423 7.55479e+006 23.4026
405421 7.55479e+006 23.4026
405421 7.55479e+006 23.4027
405421 7.55479e+006 23.4026
405423 7.55479e+006 23.4026
405423 7.55479e+006 23.4026
405424 7.55479e+006 23.4027
405421 7.55479e+006 23.4027
405421 7.55479e+006 21.9027
405421 7.55479e+006 23.4027
405424 7.55479e+006 23.4027
405424 7.55479e+006 23.4027
405424 7.55479e+006 21.9027
405421 7.55479e+006 21.9027
405421 7.55479e+006 23.0857
405421 7.55479e+006 23.0857
405421 7.55479e+006 23.1527
405421 7.55479e+006 23.1527
405421 7.55479e+006 23.1527
405421 7.55479e+006 23.0857
405421 7.55479e+006 23.0857
405421 7.55479e+006 23.0857
405421 7.55479e+006 22.9027
405421 7.55479e+006 22.9027
405421 7.55479e+006 22.9027
405421 7.55479e+006 23.0857
405421 7.55479e+006 22.6527
405421 7.55479e+006 22.6527
405421 7.55479e+006 22.9027
405421 7.55479e+006 22.9027
405421 7.55479e+006 22.9027
405421 7.55479e+006 22.6527
405421 7.55479e+006 22.6527
405421 7.55479e+006 22.6527
405421 7.55479e+006 22.4027
405421 7.55479e+006 22.4027
405421 7.55479e+006 22.4027
405421 7.55479e+006 22.6527
405421 7.55479e+006 22.2197
405421 7.55479e+006 22.2197
405421 7.55479e+006 22.4027
405421 7.55479e+006 22.4027
405421 7.55479e+006 22.4027
405421 7.55479e+006 22.2197
405421 7.55479e+006 22.2197
405421 7.55479e+006 22.2197
405421 7.55479e+006 22.1527
405421 7.55479e+006 22.1527
405421 7.55479e+006 22.1527
405421 7.55479e+006 22.2197
405421 7.55479e+006 22.2197
405421 7.55479e+006 22.2197
405421 7.55479e+006 22.1527
405421 7.55479e+006 22.1527
405421 7.55479e+006 22.1527
405421 7.55479e+006 22.2197
405421 7.55479e+006 22.2197
405421 7.55479e+006 22.2197
405421 7.55479e+006 22.4027
405421 7.55479e+006 22.4027
405421 7.55479e+006 22.4027
405421 7.55479e+006 22.2197
405421 7.55479e+006 22.6527
405421 7.55479e+006 22.6527
405421 7.55479e+006 22.4027
405421 7.55479e+006 22.4027
405421 7.55479e+006 22.4027
405421 7.55479e+006 22.6527
405421 7.55479e+006 22.6527
405421 7.55479e+006 22.6527
405421 7.55479e+006 22.9027
405421 7.55479e+006 22.9027
405421 7.55479e+006 22.9027
405421 7.55479e+006 22.6527
405421 7.55479e+006 23.0857
405421 7.55479e+006 23.0857
405421 7.55479e+006 22.9027
405421 7.55479e+006 22.9027
405421 7.55479e+006 22.9027
405421 7.55479e+006 23.0857
405421 7.55479e+006 23.0857
405421 7.55479e+006 23.0857
405421 7.55479e+006 23.1527
405421 7.55479e+006 23.1527
405421 7.55479e+006 23.1527
405421 7.55479e+006 23.0857
405421 7.55479e+006 22.4027
405421 7.55479e+006 22.6527
405421 7.55479e+006 22.9027
405421 7.55479e+006 22.4027
405421 7.55479e+006 22.9027
405421 7.55479e+006 23.0857
405421 7.55479e+006 22.2197
405421 7.55479e+006 22.4027
405421 7.55479e+006 23.0857
405421 7.55479e+006 22.2197
405421 7.55479e+006 23.0857
405421 7.55479e+006 23.1527
405421 7.55479e+006 22.1527
405421 7.55479e+006 22.2197
405421 7.55479e+006 23.1527
405421 7.55479e+006 22.1527
405421 7.55479e+006 23.1527
405421 7.55479e+006 23.0857
405421 7.55479e+006 22.2197
405421 7.55479e+006 22.1527
405421 7.55479e+006 23.0857
405421 7.55479e+006 22.2197
405421 7.55479e+006 23.0857
405421 7.55479e+006 22.9027
405421 7.55479e+006 22.4027
405421 7.55479e+006 22.2197
405421 7.55479e+006 22.9027
405421 7.55479e+006 22.4027
405421 7.55479e+006 22.9027
405421 7.55479e+006 22.6527
405421 7.55479e+006 22.4027
405421 7.55479e+006 22.6527
405421 7.55479e+006 22.9027
405421 7.55479e+006 22.4027
405421 7.55479e+006 22.9027
405421 7.55479e+006 23.0857
405421 7.55479e+006 22.2197
405421 7.55479e+006 22.4027
405421 7.55479e+006 23.0857
405421 7.55479e+006 22.2197
405421 7.55479e+006 23.0857
405421 7.55479e+006 23.1527
405421 7.55479e+006 22.1527
405421 7.55479e+006 22.2197
405421 7.55479e+006 23.1527
405421 7.55479e+006 22.1527
405421 7.55479e+006 23.1527
405421 7.55479e+006 23.0857
405421 7.55479e+006 22.2197
405421 7.55479e+006 22.1527
405421 7.55479e+006 23.0857
405421 7.55479e+006 22.2197
405421 7.55479e+006 23.0857
405421 7.55479e+006 22.9027
405421 7.55479e+006 22.4027
405421 7.55479e+006 22.2197
405421 7.55479e+006 22.9027
405421 7.55479e+006 22.4027
405421 7.55479e+006 22.9027
405421 7.55479e+006 22.6527
405421 7.55479e+006 22.9125
405421 7.55479e+006 22.9125
405421 7.55479e+006 22.9527
405421 7.55479e+006 22.9527
405421 7.55479e+006 22.9527
405421 7.55479e+006 22.9125
405421 7.55479e+006 22.9125
405421 7.55479e+006 22.9125
405421 7.55479e+006 22.8027
405421 7.55479e+006 22.8027
405421 7.55479e+006 22.8027
405421 7.55479e+006 22.9125
405421 7.55479e+006 22.6527
405421 7.55479e+006 22.6527
405421 7.55479e+006 22.8027
405421 7.55479e+006 22.8027
405421 7.55479e+006 22.8027
405421 7.55479e+006 22.6527
405421 7.55479e+006 22.6527
405421 7.55479e+006 22.6527
405421 7.55479e+006 22.5027
405421 7.55479e+006 22.5027
405421 7.55479e+006 22.5027
405421 7.55479e+006 22.6527
405421 7.55479e+006 22.3929
405421 7.55479e+006 22.3929
405421 7.55479e+006 22.5027
405421 7.55479e+006 22.5027
405421 7.55479e+006 22.5027
405421 7.55479e+006 22.3929
405421 7.55479e+006 22.3929
405421 7.55479e+006 22.3929
405421 7.55479e+006 22.3527
405421 7.55479e+006 22.3527
405421 7.55479e+006 22.3527
405421 7.55479e+006 22.3929
405421 7.55479e+006 22.3929
405421 7.55479e+006 22.3929
405421 7.55479e+006 22.3527
405421 7.55479e+006 22.3527
405421 7.55479e+006 22.3527
405421 7.55479e+006 22.3929
405421 7.55479e+006 22.3929
405421 7.55479e+006 22.3929
405421 7.55479e+006 22.5027
405421 7.55479e+006 22.5027
405421 7.55479e+006 22.5027
405421 7.55479e+006 22.3929
405421 7.55479e+006 22.6527
405421 7.55479e+006 22.6527
405421 7.55479e+006 22.5027
405421 7.55479e+006 22.5027
405421 7.55479e+006 22.5027
405421 7.55479e+006 22.6527
405421 7.55479e+006 22.6527
405421 7.55479e+006 22.6527
405421 7.55479e+006 22.8027
405421 7.55479e+006 22.8027
405421 7.55479e+006 22.8027
405421 7.55479e+006 22.6527
405421 7.55479e+006 22.9125
405421 7.55479e+006 22.9125
405421 7.55479e+006 22.8027
405421 7.55479e+006 22.8027
405421 7.55479e+006 22.8027
405421 7.55479e+006 22.9125
405421 7.55479e+006 22.9125
405421 7.55479e+006 22.9125
405421 7.55479e+006 22.9527
405421 7.55479e+006 22.9527
405421 7.55479e+006 22.9527
405421 7.55479e+006 22.9125
405421 7.55479e+006 22.5027
405421 7.55479e+006 22.6527
405421 7.55479e+006 22.8027
405421 7.55479e+006 22.5027
405421 7.55479e+006 22.8027
405421 7.55479e+006 22.9125
405421 7.55479e+006 22.3929
405421 7.55479e+006 22.5027
405421 7.55479e+006 22.9125
405421 7.55479e+006 22.3929
405421 7.55479e+006 22.9125
405421 7.55479e+006 22.9527
405421 7.55479e+006 22.3527
405421 7.55479e+006 22.3929
405421 7.55479e+006 22.9527
405421 7.55479e+006 22.3527
405421 7.55479e+006 22.9527
405421 7.55479e+006 22.9125
405421 7.55479e+006 22.3929
405421 7.55479e+006 22.3527
405421 7.55479e+006 22.9125
405421 7.55479e+006 22.3929
405421 7.55479e+006 22.9125
405421 7.55479e+006 22.8027
405421 7.55479e+006 22.5027
405421 7.55479e+006 22.3929
405421 7.55479e+006 22.8027
405421 7.55479e+006 22.5027
405421 7.55479e+006 22.8027
405421 7.55479e+006 22.6527
405421 7.55479e+006 22.5027
405421 7.55479e+006 22.6527
405421 7.55479e+006 22.8027
405421 7.55479e+006 22.5027
405421 7.55479e+006 22.8027
405421 7.55479e+006 22.9125
405421 7.55479e+006 22.3929
405421 7.55479e+006 22.5027
405421 7.55479e+006 22.9125
405421 7.55479e+006 22.3929
405421 7.55479e+006 22.9125
405421 7.55479e+006 22.9527
405421 7.55479e+006 22.3527
405421 7.55479e+006 22.3929
405421 7.55479e+006 22.9527
405421 7.55479e+006 22.3527
405421 7.55479e+006 22.9527
405421 7.55479e+006 22.9125
405421 7.55479e+006 22.3929
405421 7.55479e+006 22.3527
405421 7.55479e+006 22.9125
405421 7.55479e+006 22.3929
405421 7.55479e+006 22.9125
405421 7.55479e+006 22.8027
405421 7.55479e+006 22.5027
405421 7.55479e+006 22.3929
405421 7.55479e+006 22.8027
405421 7.55479e+006 22.5027
405421 7.55479e+006 22.8027
405421 7.55479e+006 22.6527
405421 7.55479e+006 22.9558
405421 7.55479e+006 22.9558
405421 7.55479e+006 23.0027
405421 7.55479e+006 23.0027
405421 7.55479e+006 23.0027
405421 7.55479e+006 22.9558
405421 7.55479e+006 22.9558
405421 7.55479e+006 22.9558
405421 7.55479e+006 22.8277
405421 7.55479e+006 22.8277
405421 7.55479e+006 22.8277
405421 7.55479e+006 22.9558
405421 7.55479e+006 22.6527
405421 7.55479e+006 22.6527
405421 7.55479e+006 22.8277
405421 7.55479e+006 22.8277
405421 7.55479e+006 22.8277
405421 7.55479e+006 22.6527
405421 7.55479e+006 22.6527
405421 7.55479e+006 22.6527
405421 7.55479e+006 22.4777
405421 7.55479e+006 22.4777
405421 7.55479e+006 22.4777
405421 7.55479e+006 22.6527
405421 7.55479e+006 22.3496
405421 7.55479e+006 22.3496
405421 7.55479e+006 22.4777
405421 7.55479e+006 22.4777
405421 7.55479e+006 22.4777
405421 7.55479e+006 22.3496
405421 7.55479e+006 22.3496
405421 7.55479e+006 22.3496
405421 7.55479e+006 22.3027
405421 7.55479e+006 22.3027
405421 7.55479e+006 22.3027
405421 7.55479e+006 22.3496
405421 7.55479e+006 22.3496
405421 7.55479e+006 22.3496
405421 7.55479e+006 22.3027
405421 7.55479e+006 22.3027
405421 7.55479e+006 22.3027
405421 7.55479e+006 22.3496
405421 7.55479e+006 22.3496
405421 7.55479e+006 22.3496
405421 7.55479e+006 22.4777
405421 7.55479e+006 22.4777
405421 7.55479e+006 22.4777
405421 7.55479e+006 22.3496
405421 7.55479e+006 22.6527
405421 7.55479e+006 22.6527
405421 7.55479e+006 22.4777
405421 7.55479e+006 22.4777
405421 7.55479e+006 22.4777
405421 7.55479e+006 22.6527
405421 7.55479e+006 22.6527
405421 7.55479e+006 22.6527
405421 7.55479e+006 22.8277
405421 7.55479e+006 22.8277
405421 7.55479e+006 22.8277
405421 7.55479e+006 22.6527
405421 7.55479e+006 22.9558
405421 7.55479e+006 22.9558
405421 7.55479e+006 22.8277
405421 7.55479e+006 22.8277
405421 7.55479e+006 22.8277
405421 7.55479e+006 22.9558
405421 7.55479e+006 22.9558
405421 7.55479e+006 22.9558
405421 7.55479e+006 23.0027
405421 7.55479e+006 23.0027
405421 7.55479e+006 23.0027
405421 7.55479e+006 22.9558
405421 7.55479e+006 22.4777
405421 7.55479e+006 22.6527
405421 7.55479e+006 22.8277
405421 7.55479e+006 22.4777
405421 7.55479e+006 22.8277
405421 7.55479e+006 22.9558
405421 7.55479e+006 22.3496
405421 7.55479e+006 22.4777
405421 7.55479e+006 22.9558
405421 7.55479e+006 22.3496
405421 7.55479e+006 22.9558
405421 7.55479e+006 23.0027
405421 7.55479e+006 22.3027
405421 7.55479e+006 22.3496
405421 7.55479e+006 23.0027
405421 7.55479e+006 22.3027
405421 7.55479e+006 23.0027
405421 7.55479e+006 22.9558
405421 7.55479e+006 22.3496
405421 7.55479e+006 22.3027
405421 7.55479e+006 22.9558
405421 7.55479e+006 22.3496
405421 7.55479e+006 22.9558
405421 7.55479e+006 22.8277
405421 7.55479e+006 22.4777
405421 7.55479e+006 22.3496
405421 7.55479e+006 22.8277
405421 7.55479e+006 22.4777
405421 7.55479e+006 22.8277
405421 7.55479e+006 22.6527
405421 7.55479e+006 22.4777
405421 7.55479e+006 22.6527
405421 7.55479e+006 22.8277
405421 7.55479e+006 22.4777
405421 7.55479e+006 22.8277
405421 7.55479e+006 22.9558
405421 7.55479e+006 22.3496
405421 7.55479e+006 22.4777
405421 7.55479e+006 22.9558
405421 7.55479e+006 22.3496
405421 7.55479e+006 22.9558
405421 7.55479e+006 23.0027
405421 7.55479e+006 22.3027
405421 7.55479e+006 22.3496
405421 7.55479e+006 23.0027
405421 7.55479e+006 22.3027
405421 7.55479e+006 23.0027
405421 7.55479e+006 22.9558
405421 7.55479e+006 22.3496
405421 7.55479e+006 22.3027
405421 7.55479e+006 22.9558
405421 7.55479e+006 22.3496
405421 7.55479e+006 22.9558
405421 7.55479e+006 22.8277
405421 7.55479e+006 22.4777
405421 7.55479e+006 22.3496
405421 7.55479e+006 22.8277
405421 7.55479e+006 22.4777
405421 7.55479e+006 22.8277
405421 7.55479e+006 22.6527
405421 7.55479e+006 22.7826
405421 7.55479e+006 22.7826
405421 7.55479e+006 22.8027
405421 7.55479e+006 22.8027
405421 7.55479e+006 22.8027
405421 7.55479e+006 22.7826
405421 7.55479e+006 22.7826
405421 7.55479e+006 22.7826
405421 7.55479e+006 22.7277
405421 7.55479e+006 22.7277
405421 7.55479e+006 22.7277
405421 7.55479e+006 22.7826
405421 7.55479e+006 22.6527
405421 7.55479e+006 22.6527
405421 7.55479e+006 22.7277
405421 7.55479e+006 22.7277
405421 7.55479e+006 22.7277
405421 7.55479e+006 22.6527
405421 7.55479e+006 22.6527
405421 7.55479e+006 22.6527
405421 7.55479e+006 22.5777
405421 7.55479e+006 22.5777
405421 7.55479e+006 22.5777
405421 7.55479e+006 22.6527
405421 7.55479e+006 22.5228
405421 7.55479e+006 22.5228
405421 7.55479e+006 22.5777
405421 7.55479e+006 22.5777
405421 7.55479e+006 22.5777
405421 7.55479e+006 22.5228
405421 7.55479e+006 22.5228
405421 7.55479e+006 22.5228
405421 7.55479e+006 22.5027
405421 7.55479e+006 22.5027
405421 7.55479e+006 22.5027
405421 7.55479e+006 22.5228
405421 7.55479e+006 22.5228
405420 7.55479e+006 22.5228
405421 7.55479e+006 22.5027
405421 7.55479e+006 22.5027
405421 7.55479e+006 22.5027
405421 7.55479e+006 22.5228
405420 7.55479e+006 22.5228
405421 7.55479e+006 22.5228
405421 7.55479e+006 22.5777
405421 7.55479e+006 22.5777
405420 7.55479e+006 22.5777
405420 7.55479e+006 22.5228
405421 7.55479e+006 22.6527
405420 7.55479e+006 22.6527
405420 7.55479e+006 22.5777
405420 7.55479e+006 22.5777
405421 7.55479e+006 22.5777
405421 7.55479e+006 22.6527
405420 7.55479e+006 22.6527
405421 7.55479e+006 22.6527
405421 7.55479e+006 22.7277
405421 7.55479e+006 22.7277
405420 7.55479e+006 22.7277
405420 7.55479e+006 22.6527
405421 7.55479e+006 22.7826
405420 7.55479e+006 22.7826
405420 7.55479e+006 22.7277
405420 7.55479e+006 22.7277
405421 7.55479e+006 22.7277
405421 7.55479e+006 22.7826
405420 7.55479e+006 22.7826
405421 7.55479e+006 22.7826
405421 7.55479e+006 22.8027
405421 7.55479e+006 22.8027
405421 7.55479e+006 22.8027
405420 7.55479e+006 22.7826
405420 7.55479e+006 22.5777
405420 7.55479e+006 22.6527
405420 7.55479e+006 22.7277
405420 7.55479e+006 22.5777
405420 7.55479e+006 22.7277
405420 7.55479e+006 22.7826
405420 7.55479e+006 22.5228
405420 7.55479e+006 22.5777
405420 7.55479e+006 22.7826
405420 7.55479e+006 22.5228
405420 7.55479e+006 22.7826
405421 7.55479e+006 22.8027
405421 7.55479e+006 22.5027
405420 7.55479e+006 22.5228
405421 7.55479e+006 22.8027
405421 7.55479e+006 22.5027
405421 7.55479e+006 22.8027
405421 7.55479e+006 22.7826
405421 7.55479e+006 22.5228
405421 7.55479e+006 22.5027
405421 7.55479e+006 22.7826
405421 7.55479e+006 22.5228
405421 7.55479e+006 22.7826
405421 7.55479e+006 22.7277
405421 7.55479e+006 22.5777
405421 7.55479e+006 22.5228
405421 7.55479e+006 22.7277
405421 7.55479e+006 22.5777
405421 7.55479e+006 22.7277
405421 7.55479e+006 22.6527
405421 7.55479e+006 22.5777
405421 7.55479e+006 22.6527
405421 7.55479e+006 22.7277
405421 7.55479e+006 22.5777
405421 7.55479e+006 22.7277
405421 7.55479e+006 22.7826
405421 7.55479e+006 22.5228
405421 7.55479e+006 22.5777
405421 7.55479e+006 22.7826
405421 7.55479e+006 22.5228
405421 7.55479e+006 22.7826
405421 7.55479e+006 22.8027
405421 7.55479e+006 22.5027
405421 7.55479e+006 22.5228
405421 7.55479e+006 22.8027
405421 7.55479e+006 22.5027
405421 7.55479e+006 22.8027
405421 7.55479e+006 22.7826
405421 7.55479e+006 22.5228
405421 7.55479e+006 22.5027
405421 7.55479e+006 22.7826
405421 7.55479e+006 22.5228
405421 7.55479e+006 22.7826
405421 7.55479e+006 22.7277
405421 7.55479e+006 22.5777
405421 7.55479e+006 22.5228
405421 7.55479e+006 22.7277
405421 7.55479e+006 22.5777
405421 7.55479e+006 22.7277
405421 7.55479e+006 22.6527
405424 7.55479e+006 23.0857
405424 7.55479e+006 23.0857
405424 7.55479e+006 23.1527
405424 7.55479e+006 23.1527
405424 7.55479e+006 23.1527
405424 7.55479e+006 23.0857
405424 7.55479e+006 23.0857
405424 7.55479e+006 23.0857
405424 7.55479e+006 22.9027
405424 7.55479e+006 22.9027
405424 7.55479e+006 22.9027
405424 7.55479e+006 23.0857
405424 7.55479e+006 22.6527
405424 7.55479e+006 22.6527
405424 7.55479e+006 22.9027
405424 7.55479e+006 22.9027
405424 7.55479e+006 22.9027
405424 7.55479e+006 22.6527
405424 7.55479e+006 22.6527
405424 7.55479e+006 22.6527
405424 7.55479e+006 22.4027
405424 7.55479e+006 22.4027
405424 7.55479e+006 22.4027
405424 7.55479e+006 22.6527
405424 7.55479e+006 22.2197
405424 7.55479e+006 22.2197
405424 7.55479e+006 22.4027
405424 7.55479e+006 22.4027
405424 7.55479e+006 22.4027
405424 7.55479e+006 22.2197
405424 7.55479e+006 22.2197
405424 7.55479e+006 22.2197
405424 7.55479e+006 22.1527
405424 7.55479e+006 22.1527
405424 7.55479e+006 22.1527
405424 7.55479e+006 22.2197
405424 7.55479e+006 22.2197
405424 7.55479e+006 22.2197
405424 7.55479e+006 22.1527
405424 7.55479e+006 22.1527
405424 7.55479e+006 22.1527
405424 7.55479e+006 22.2197
405424 7.55479e+006 22.2197
405424 7.55479e+006 22.2197
405424 7.55479e+006 22.4027
405424 7.55479e+006 22.4027
405423 7.55479e+006 22.4027
405424 7.55479e+006 22.2197
405424 7.55479e+006 22.6527
405423 7.55479e+006 22.6527
405423 7.55479e+006 22.4027
405423 7.55479e+006 22.4027
405424 7.55479e+006 22.4027
405424 7.55479e+006 22.6527
405423 7.55479e+006 22.6527
405424 7.55479e+006 22.6527
405424 7.55479e+006 22.9027
405424 7.55479e+006 22.9027
405423 7.55479e+006 22.9027
405423 7.55479e+006 22.6527
405424 7.55479e+006 23.0857
405424 7.55479e+006 23.0857
405423 7.55479e+006 22.9027
405423 7.55479e+006 22.9027
405424 7.55479e+006 22.9027
405424 7.55479e+006 23.0857
405424 7.55479e+006 23.0857
405424 7.55479e+006 23.0857
405424 7.55479e+006 23.1527
405424 7.55479e+006 23.1527
405424 7.55479e+006 23.1527
405424 7.55479e+006 23.0857
405423 7.55479e+006 22.4027
405423 7.55479e+006 22.6527
405423 7.55479e+006 22.9027
405423 7.55479e+006 22.4027
405423 7.55479e+006 22.9027
405424 7.55479e+006 23.0857
405424 7.55479e+006 22.2197
405423 7.55479e+006 22.4027
405424 7.55479e+006 23.0857
405424 7.55479e+006 22.2197
405424 7.55479e+006 23.0857
405424 7.55479e+006 23.1527
405424 7.55479e+006 22.1527
405424 7.55479e+006 22.2197
405424 7.55479e+006 23.1527
405424 7.55479e+006 22.1527
405424 7.55479e+006 23.1527
405424 7.55479e+006 23.0857
405424 7.55479e+006 22.2197
405424 7.55479e+006 22.1527
405424 7.55479e+006 23.0857
405424 7.55479e+006 22.2197
405424 7.55479e+006 23.0857
405424 7.55479e+006 22.9027
405424 7.55479e+006 22.4027
405424 7.55479e+006 22.2197
405424 7.55479e+006 22.9027
405424 7.55479e+006 22.4027
405424 7.55479e+006 22.9027
405424 7.55479e+006 22.6527
405424 7.55479e+006 22.4027
405424 7.55479e+006 22.6527
405424 7.55479e+006 22.9027
405424 7.55479e+006 22.4027
405424 7.55479e+006 22.9027
405424 7.55479e+006 23.0857
405424 7.55479e+006 22.2197
405424 7.55479e+006 22.4027
405424 7.55479e+006 23.0857
405424 7.55479e+006 22.2197
405424 7.55479e+006 23.0857
405424 7.55479e+006 23.1527
405424 7.55479e+006 22.1527
405424 7.55479e+006 22.2197
405424 7.55479e+006 23.1527
405424 7.55479e+006 22.1527
405424 7.55479e+006 23.1527
405424 7.55479e+006 23.0857
405424 7.55479e+006 22.2197
405424 7.55479e+006 22.1527
405424 7.55479e+006 23.0857
405424 7.55479e+006 22.2197
405424 7.55479e+006 23.0857
405424 7.55479e+006 22.9027
405424 7.55479e+006 22.4027
405424 7.55479e+006 22.2197
405424 7.55479e+006 22.9027
405424 7.55479e+006 22.4027
405424 7.55479e+006 22.9027
405424 7.55479e+006 22.6527
405424 7.55479e+006 22.9125
405424 7.55479e+006 22.9125
405424 7.55479e+006 22.9527
405424 7.55479e+006 22.9527
405424 7.55479e+006 22.9527
405424 7.55479e+006 22.9125
405424 7.55479e+006 22.9125
405424 7.55479e+006 22.9125
405424 7.55479e+006 22.8027
405424 7.55479e+006 22.8027
405424 7.55479e+006 22.8027
405424 7.55479e+006 22.9125
405424 7.55479e+006 22.6527
405424 7.55479e+006 22.6527
405424 7.55479e+006 22.8027
405424 7.55479e+006 22.8027
405424 7.55479e+006 22.8027
405424 7.55479e+006 22.6527
405424 7.55479e+006 22.6527
405424 7.55479e+006 22.6527
405424 7.55479e+006 22.5027
405424 7.55479e+006 22.5027
405424 7.55479e+006 22.5027
405424 7.55479e+006 22.6527
405424 7.55479e+006 22.3929
405424 7.55479e+006 22.3929
405424 7.55479e+006 22.5027
405424 7.55479e+006 22.5027
405424 7.55479e+006 22.5027
405424 7.55479e+006 22.3929
405424 7.55479e+006 22.3929
405424 7.55479e+006 22.3929
405424 7.55479e+006 22.3527
405424 7.55479e+006 22.3527
405424 7.55479e+006 22.3527
405424 7.55479e+006 22.3929
405424 7.55479e+006 22.3929
405424 7.55479e+006 22.3929
405424 7.55479e+006 22.3527
405424 7.55479e+006 22.3527
405424 7.55479e+006 22.3527
405424 7.55479e+006 22.3929
405424 7.55479e+006 22.3929
405424 7.55479e+006 22.3929
405424 7.55479e+006 22.5027
405424 7.55479e+006 22.5027
405424 7.55479e+006 22.5027
405424 7.55479e+006 22.3929
405424 7.55479e+006 22.6527
405424 7.55479e+006 22.6527
405424 7.55479e+006 22.5027
405424 7.55479e+006 22.5027
405424 7.55479e+006 22.5027
405424 7.55479e+006 22.6527
405424 7.55479e+006 22.6527
405424 7.55479e+006 22.6527
405424 7.55479e+006 22.8027
405424 7.55479e+006 22.8027
405424 7.55479e+006 22.8027
405424 7.55479e+006 22.6527
405424 7.55479e+006 22.9125
405424 7.55479e+006 22.9125
405424 7.55479e+006 22.8027
405424 7.55479e+006 22.8027
405424 7.55479e+006 22.8027
405424 7.55479e+006 22.9125
405424 7.55479e+006 22.9125
405424 7.55479e+006 22.9125
405424 7.55479e+006 22.9527
405424 7.55479e+006 22.9527
405424 7.55479e+006 22.9527
405424 7.55479e+006 22.9125
405424 7.55479e+006 22.5027
405424 7.55479e+006 22.6527
405424 7.55479e+006 22.8027
405424 7.55479e+006 22.5027
405424 7.55479e+006 22.8027
405424 7.55479e+006 22.9125
405424 7.55479e+006 22.3929
405424 7.55479e+006 22.5027
405424 7.55479e+006 22.9125
405424 7.55479e+006 22.3929
405424 7.55479e+006 22.9125
405424 7.55479e+006 22.9527
405424 7.55479e+006 22.3527
405424 7.55479e+006 22.3929
405424 7.55479e+006 22.9527
405424 7.55479e+006 22.3527
405424 7.55479e+006 22.9527
405424 7.55479e+006 22.9125
405424 7.55479e+006 22.3929
405424 7.55479e+006 22.3527
405424 7.55479e+006 22.9125
405424 7.55479e+006 22.3929
405424 7.55479e+006 22.9125
405424 7.55479e+006 22.8027
405424 7.55479e+006 22.5027
405424 7.55479e+006 22.3929
405424 7.55479e+006 22.8027
405424 7.55479e+006 22.5027
405424 7.55479e+006 22.8027
405424 7.55479e+006 22.6527
405424 7.55479e+006 22.5027
405424 7.55479e+006 22.6527
405424 7.55479e+006 22.8027
405424 7.55479e+006 22.5027
405424 7.55479e+006 22.8027
405424 7.55479e+006 22.9125
405424 7.55479e+006 22.3929
405424 7.55479e+006 22.5027
405424 7.55479e+006 22.9125
405424 7.55479e+006 22.3929
405424 7.55479e+006 22.9125
405424 7.55479e+006 22.9527
405424 7.55479e+006 22.3527
405424 7.55479e+006 22.3929
405424 7.55479e+006 22.9527
405424 7.55479e+006 22.3527
405424 7.55479e+006 22.9527
405424 7.55479e+006 22.9125
405424 7.55479e+006 22.3929
405424 7.55479e+006 22.3527
405424 7.55479e+006 22.9125
405424 7.55479e+006 22.3929
405424 7.55479e+006 22.9125
405424 7.55479e+006 22.8027
405424 7.55479e+006 22.5027
405424 7.55479e+006 22.3929
405424 7.55479e+006 22.8027
405424 7.55479e+006 22.5027
405424 7.55479e+006 22.8027
405424 7.55479e+006 22.6527
405424 7.55479e+006 22.7176
405424 7.55479e+006 22.7176
405424 7.55479e+006 22.7277
405424 7.55479e+006 22.7277
405424 7.55479e+006 22.7277
405424 7.55479e+006 22.7176
405424 7.55479e+006 22.7176
405424 7.55479e+006 22.7176
405424 7.55479e+006 22.6902
405424 7.55479e+006 22.6902
405424 7.55479e+006 22.6902
405424 7.55479e+006 22.7176
405424 7.55479e+006 22.6527
405424 7.55479e+006 22.6527
405424 7.55479e+006 22.6902
405424 7.55479e+006 22.6902
405424 7.55479e+006 22.6902
405424 7.55479e+006 22.6527
405424 7.55479e+006 22.6527
405424 7.55479e+006 22.6527
405424 7.55479e+006 22.6152
405424 7.55479e+006 22.6152
405424 7.55479e+006 22.6152
405424 7.55479e+006 22.6527
405424 7.55479e+006 22.5877
405424 7.55479e+006 22.5877
405424 7.55479e+006 22.6152
405424 7.55479e+006 22.6152
405424 7.55479e+006 22.6152
405424 7.55479e+006 22.5877
405424 7.55479e+006 22.5877
405424 7.55479e+006 22.5877
405424 7.55479e+006 22.5777
405424 7.55479e+006 22.5777
405424 7.55479e+006 22.5777
405424 7.55479e+006 22.5877
405424 7.55479e+006 22.5877
405424 7.55479e+006 22.5877
405424 7.55479e+006 22.5777
405424 7.55479e+006 22.5777
405424 7.55479e+006 22.5777
405424 7.55479e+006 22.5877
405424 7.55479e+006 22.5877
405424 7.55479e+006 22.5877
405424 7.55479e+006 22.6152
405424 7.55479e+006 22.6152
405424 7.55479e+006 22.6152
405424 7.55479e+006 22.5877
405424 7.55479e+006 22.6527
405424 7.55479e+006 22.6527
405424 7.55479e+006 22.6152
405424 7.55479e+006 22.6152
405424 7.55479e+006 22.6152
405424 7.55479e+006 22.6527
405424 7.55479e+006 22.6527
405424 7.55479e+006 22.6527
405424 7.55479e+006 22.6902
405424 7.55479e+006 22.6902
405424 7.55479e+006 22.6902
405424 7.55479e+006 22.6527
405424 7.55479e+006 22.7176
405424 7.55479e+006 22.7176
405424 7.55479e+006 22.6902
405424 7.55479e+006 22.6902
405424 7.55479e+006 22.6902
405424 7.55479e+006 22.7176
405424 7.55479e+006 22.7176
405424 7.55479e+006 22.7176
405424 7.55479e+006 22.7277
405424 7.55479e+006 22.7277
405424 7.55479e+006 22.7277
405424 7.55479e+006 22.7176
405424 7.55479e+006 22.6152
405424 7.55479e+006 22.6527
405424 7.55479e+006 22.6902
405424 7.55479e+006 22.6152
405424 7.55479e+006 22.6902
405424 7.55479e+006 22.7176
405424 7.55479e+006 22.5877
405424 7.55479e+006 22.6152
405424 7.55479e+006 22.7176
405424 7.55479e+006 22.5877
405424 7.55479e+006 22.7176
405424 7.55479e+006 22.7277
405424 7.55479e+006 22.5777
405424 7.55479e+006 22.5877
405424 7.55479e+006 22.7277
405424 7.55479e+006 22.5777
405424 7.55479e+006 22.7277
405424 7.55479e+006 22.7176
405424 7.55479e+006 22.5877
405424 7.55479e+006 22.5777
405424 7.55479e+006 22.7176
405424 7.55479e+006 22.5877
405424 7.55479e+006 22.7176
405424 7.55479e+006 22.6902
405424 7.55479e+006 22.6152
405424 7.55479e+006 22.5877
405424 7.55479e+006 22.6902
405424 7.55479e+006 22.6152
405424 7.55479e+006 22.6902
405424 7.55479e+006 22.6527
405424 7.55479e+006 22.6152
405424 7.55479e+006 22.6527
405424 7.55479e+006 22.6902
405424 7.55479e+006 22.6152
405424 7.55479e+006 22.6902
405424 7.55479e+006 22.7176
405424 7.55479e+006 22.5877
405424 7.55479e+006 22.6152
405424 7.55479e+006 22.7176
405424 7.55479e+006 22.5877
405424 7.55479e+006 22.7176
405424 7.55479e+006 22.7277
405424 7.55479e+006 22.5777
405424 7.55479e+006 22.5877
405424 7.55479e+006 22.7277
405424 7.55479e+006 22.5777
405424 7.55479e+006 22.7277
405424 7.55479e+006 22.7176
405424 7.55479e+006 22.5877
405424 7.55479e+006 22.5777
405424 7.55479e+006 22.7176
405424 7.55479e+006 22.5877
405424 7.55479e+006 22.7176
405424 7.55479e+006 22.6902
405424 7.55479e+006 22.6152
405424 7.55479e+006 22.5877
405424 7.55479e+006 22.6902
405424 7.55479e+006 22.6152
405424 7.55479e+006 22.6902
405424 7.55479e+006 22.6527
405424 7.55479e+006 22.8692
405424 7.55479e+006 22.8692
405424 7.55479e+006 22.9027
405424 7.55479e+006 22.9027
405424 7.55479e+006 22.9027
405424 7.55479e+006 22.8692
405424 7.55479e+006 22.8692
405424 7.55479e+006 22.8692
405424 7.55479e+006 22.7777
405424 7.55479e+006 22.7777
405424 7.55479e+006 22.7777
405424 7.55479e+006 22.8692
405424 7.55479e+006 22.6527
405424 7.55479e+006 22.6527
405424 7.55479e+006 22.7777
405424 7.55479e+006 22.7777
405424 7.55479e+006 22.7777
405424 7.55479e+006 22.6527
405424 7.55479e+006 22.6527
405424 7.55479e+006 22.6527
405424 7.55479e+006 22.5277
405424 7.55479e+006 22.5277
405424 7.55479e+006 22.5277
405424 7.55479e+006 22.6527
405424 7.55479e+006 22.4362
405424 7.55479e+006 22.4362
405424 7.55479e+006 22.5277
405424 7.55479e+006 22.5277
405424 7.55479e+006 22.5277
405424 7.55479e+006 22.4362
405424 7.55479e+006 22.4362
405424 7.55479e+006 22.4362
405424 7.55479e+006 22.4027
405424 7.55479e+006 22.4027
405424 7.55479e+006 22.4027
405424 7.55479e+006 22.4362
405424 7.55479e+006 22.4362
405424 7.55479e+006 22.4362
405424 7.55479e+006 22.4027
405424 7.55479e+006 22.4027
405424 7.55479e+006 22.4027
405424 7.55479e+006 22.4362
405424 7.55479e+006 22.4362
405424 7.55479e+006 22.4362
405424 7.55479e+006 22.5277
405424 7.55479e+006 22.5277
405424 7.55479e+006 22.5277
405424 7.55479e+006 22.4362
405424 7.55479e+006 22.6527
405424 7.55479e+006 22.6527
405424 7.55479e+006 22.5277
405424 7.55479e+006 22.5277
405424 7.55479e+006 22.5277
405424 7.55479e+006 22.6527
405424 7.55479e+006 22.6527
405424 7.55479e+006 22.6527
405424 7.55479e+006 22.7777
405424 7.55479e+006 22.7777
405424 7.55479e+006 22.7777
405424 7.55479e+006 22.6527
405424 7.55479e+006 22.8692
405424 7.55479e+006 22.8692
405424 7.55479e+006 22.7777
405424 7.55479e+006 22.7777
405424 7.55479e+006 22.7777
405424 7.55479e+006 22.8692
405424 7.55479e+006 22.8692
405424 7.55479e+006 22.8692
405424 7.55479e+006 22.9027
405424 7.55479e+006 22.9027
405424 7.55479e+006 22.9027
405424 7.55479e+006 22.8692
405424 7.55479e+006 22.5277
405424 7.55479e+006 22.6527
405424 7.55479e+006 22.7777
405424 7.55479e+006 22.5277
405424 7.55479e+006 22.7777
405424 7.55479e+006 22.8692
405424 7.55479e+006 22.4362
405424 7.55479e+006 22.5277
405424 7.55479e+006 22.8692
405424 7.55479e+006 22.4362
405424 7.55479e+006 22.8692
405424 7.55479e+006 22.9027
405424 7.55479e+006 22.4027
405424 7.55479e+006 22.4362
405424 7.55479e+006 22.9027
405424 7.55479e+006 22.4027
405424 7.55479e+006 22.9027
405424 7.55479e+006 22.8692
405424 7.55479e+006 22.4362
405424 7.55479e+006 22.4027
405424 7.55479e+006 22.8692
405424 7.55479e+006 22.4362
405424 7.55479e+006 22.8692
405424 7.55479e+006 22.7777
405424 7.55479e+006 22.5277
405424 7.55479e+006 22.4362
405424 7.55479e+006 22.7777
405424 7.55479e+006 22.5277
405424 7.55479e+006 22.7777
405424 7.55479e+006 22.6527
405424 7.55479e+006 22.5277
405424 7.55479e+006 22.6527
405424 7.55479e+006 22.7777
405424 7.55479e+006 22.5277
405424 7.55479e+006 22.7777
405424 7.55479e+006 22.8692
405424 7.55479e+006 22.4362
405424 7.55479e+006 22.5277
405424 7.55479e+006 22.8692
405424 7.55479e+006 22.4362
405424 7.55479e+006 22.8692
405424 7.55479e+006 22.9027
405424 7.55479e+006 22.4027
405424 7.55479e+006 22.4362
405424 7.55479e+006 22.9027
405424 7.55479e+006 22.4027
405424 7.55479e+006 22.9027
405424 7.55479e+006 22.8692
405424 7.55479e+006 22.4362
405424 7.55479e+006 22.4027
405424 7.55479e+006 22.8692
405424 7.55479e+006 22.4362
405424 7.55479e+006 22.8692
405424 7.55479e+006 22.7777
405424 7.55479e+006 22.5277
405424 7.55479e+006 22.4362
405424 7.55479e+006 22.7777
405424 7.55479e+006 22.5277
405424 7.55479e+006 22.7777
405424 7.55479e+006 22.6527
405426 7.55479e+006 22.8692
405426 7.55479e+006 22.8692
405426 7.55479e+006 22.9027
405426 7.55479e+006 22.9027
405426 7.55479e+006 22.9027
405426 7.55479e+006 22.8692
405426 7.55479e+006 22.8692
405426 7.55479e+006 22.8692
405426 7.55479e+006 22.7777
405426 7.55479e+006 22.7777
405426 7.55479e+006 22.7777
405426 7.55479e+006 22.8692
405426 7.55479e+006 22.6527
405426 7.55479e+006 22.6527
405426 7.55479e+006 22.7777
405426 7.55479e+006 22.7777
405426 7.55479e+006 22.7777
405426 7.55479e+006 22.6527
405426 7.55479e+006 22.6527
405426 7.55479e+006 22.6527
405426 7.55479e+006 22.5277
405426 7.55479e+006 22.5277
405426 7.55479e+006 22.5277
405426 7.55479e+006 22.6527
405426 7.55479e+006 22.4362
405426 7.55479e+006 22.4362
405426 7.55479e+006 22.5277
405426 7.55479e+006 22.5277
405426 7.55479e+006 22.5277
405426 7.55479e+006 22.4362
405426 7.55479e+006 22.4362
405426 7.55479e+006 22.4362
405426 7.55479e+006 22.4027
405426 7.55479e+006 22.4027
405426 7.55479e+006 22.4027
405426 7.55479e+006 22.4362
405426 7.55479e+006 22.4362
405426 7.55479e+006 22.4362
405426 7.55479e+006 22.4027
405426 7.55479e+006 22.4027
405426 7.55479e+006 22.4027
405426 7.55479e+006 22.4362
405426 7.55479e+006 22.4362
405426 7.55479e+006 22.4362
405426 7.55479e+006 22.5277
405426 7.55479e+006 22.5277
405426 7.55479e+006 22.5277
405426 7.55479e+006 22.4362
405426 7.55479e+006 22.6527
405426 7.55479e+006 22.6527
405426 7.55479e+006 22.5277
405426 7.55479e+006 22.5277
405426 7.55479e+006 22.5277
405426 7.55479e+006 22.6527
405426 7.55479e+006 22.6527
405426 7.55479e+006 22.6527
405426 7.55479e+006 22.7777
405426 7.55479e+006 22.7777
405426 7.55479e+006 22.7777
405426 7.55479e+006 22.6527
405426 7.55479e+006 22.8692
405426 7.55479e+006 22.8692
405426 7.55479e+006 22.7777
405426 7.55479e+006 22.7777
405426 7.55479e+006 22.7777
405426 7.55479e+006 22.8692
405426 7.55479e+006 22.8692
405426 7.55479e+006 22.8692
405426 7.55479e+006 22.9027
405426 7.55479e+006 22.9027
405426 7.55479e+006 22.9027
405426 7.55479e+006 22.8692
405426 7.55479e+006 22.5277
405426 7.55479e+006 22.6527
405426 7.55479e+006 22.7777
405426 7.55479e+006 22.5277
405426 7.55479e+006 22.7777
405426 7.55479e+006 22.8692
405426 7.55479e+006 22.4362
405426 7.55479e+006 22.5277
405426 7.55479e+006 22.8692
405426 7.55479e+006 22.4362
405426 7.55479e+006 22.8692
405426 7.55479e+006 22.9027
405426 7.55479e+006 22.4027
405426 7.55479e+006 22.4362
405426 7.55479e+006 22.9027
405426 7.55479e+006 22.4027
405426 7.55479e+006 22.9027
405426 7.55479e+006 22.8692
405426 7.55479e+006 22.4362
405426 7.55479e+006 22.4027
405426 7.55479e+006 22.8692
405426 7.55479e+006 22.4362
405426 7.55479e+006 22.8692
405426 7.55479e+006 22.7777
405426 7.55479e+006 22.5277
405426 7.55479e+006 22.4362
405426 7.55479e+006 22.7777
405426 7.55479e+006 22.5277
405426 7.55479e+006 22.7777
405426 7.55479e+006 22.6527
405426 7.55479e+006 22.5277
405426 7.55479e+006 22.6527
405426 7.55479e+006 22.7777
405426 7.55479e+006 22.5277
405426 7.55479e+006 22.7777
405426 7.55479e+006 22.8692
405426 7.55479e+006 22.4362
405426 7.55479e+006 22.5277
405426 7.55479e+006 22.8692
405426 7.55479e+006 22.4362
405426 7.55479e+006 22.8692
405426 7.55479e+006 22.9027
405426 7.55479e+006 22.4027
405426 7.55479e+006 22.4362
405426 7.55479e+006 22.9027
405426 7.55479e+006 22.4027
405426 7.55479e+006 22.9027
405426 7.55479e+006 22.8692
405426 7.55479e+006 22.4362
405426 7.55479e+006 22.4027
405426 7.55479e+006 22.8692
405426 7.55479e+006 22.4362
405426 7.55479e+006 22.8692
405426 7.55479e+006 22.7777
405426 7.55479e+006 22.5277
405426 7.55479e+006 22.4362
405426 7.55479e+006 22.7777
405426 7.55479e+006 22.5277
405426 7.55479e+006 22.7777
405426 7.55479e+006 22.6527
405426 7.55479e+006 22.9991
405426 7.55479e+006 22.9991
405426 7.55479e+006 23.0527
405426 7.55479e+006 23.0527
405426 7.55479e+006 23.0527
405426 7.55479e+006 22.9991
405426 7.55479e+006 22.9991
405426 7.55479e+006 22.9991
405426 7.55479e+006 22.8527
405426 7.55479e+006 22.8527
405426 7.55479e+006 22.8527
405426 7.55479e+006 22.9991
405426 7.55479e+006 22.6527
405426 7.55479e+006 22.6527
405426 7.55479e+006 22.8527
405426 7.55479e+006 22.8527
405426 7.55479e+006 22.8527
405426 7.55479e+006 22.6527
405426 7.55479e+006 22.6527
405426 7.55479e+006 22.6527
405426 7.55479e+006 22.4527
405426 7.55479e+006 22.4527
405426 7.55479e+006 22.4527
405426 7.55479e+006 22.6527
405426 7.55479e+006 22.3063
405426 7.55479e+006 22.3063
405426 7.55479e+006 22.4527
405426 7.55479e+006 22.4527
405426 7.55479e+006 22.4527
405426 7.55479e+006 22.3063
405426 7.55479e+006 22.3063
405426 7.55479e+006 22.3063
405426 7.55479e+006 22.2527
405426 7.55479e+006 22.2527
405426 7.55479e+006 22.2527
405426 7.55479e+006 22.3063
405426 7.55479e+006 22.3063
405426 7.55479e+006 22.3063
405426 7.55479e+006 22.2527
405426 7.55479e+006 22.2527
405426 7.55479e+006 22.2527
405426 7.55479e+006 22.3063
405426 7.55479e+006 22.3063
405426 7.55479e+006 22.3063
405426 7.55479e+006 22.4527
405426 7.55479e+006 22.4527
405426 7.55479e+006 22.4527
405426 7.55479e+006 22.3063
405426 7.55479e+006 22.6527
405426 7.55479e+006 22.6527
405426 7.55479e+006 22.4527
405426 7.55479e+006 22.4527
405426 7.55479e+006 22.4527
405426 7.55479e+006 22.6527
405426 7.55479e+006 22.6527
405426 7.55479e+006 22.6527
405426 7.55479e+006 22.8527
405426 7.55479e+006 22.8527
405426 7.55479e+006 22.8527
405426 7.55479e+006 22.6527
405426 7.55479e+006 22.9991
405426 7.55479e+006 22.9991
405426 7.55479e+006 22.8527
405426 7.55479e+006 22.8527
405426 7.55479e+006 22.8527
405426 7.55479e+006 22.9991
405426 7.55479e+006 22.9991
405426 7.55479e+006 22.9991
405426 7.55479e+006 23.0527
405426 7.55479e+006 23.0527
405426 7.55479e+006 23.0527
405426 7.55479e+006 22.9991
405426 7.55479e+006 22.4527
405426 7.55479e+006 22.6527
405426 7.55479e+006 22.8527
405426 7.55479e+006 22.4527
405426 7.55479e+006 22.8527
405426 7.55479e+006 22.9991
405426 7.55479e+006 22.3063
405426 7.55479e+006 22.4527
405426 7.55479e+006 22.9991
405426 7.55479e+006 22.3063
405426 7.55479e+006 22.9991
405426 7.55479e+006 23.0527
405426 7.55479e+006 22.2527
405426 7.55479e+006 22.3063
405426 7.55479e+006 23.0527
405426 7.55479e+006 22.2527
405426 7.55479e+006 23.0527
405426 7.55479e+006 22.9991
405426 7.55479e+006 22.3063
405426 7.55479e+006 22.2527
405426 7.55479e+006 22.9991
405426 7.55479e+006 22.3063
405426 7.55479e+006 22.9991
405426 7.55479e+006 22.8527
405426 7.55479e+006 22.4527
405426 7.55479e+006 22.3063
405426 7.55479e+006 22.8527
405426 7.55479e+006 22.4527
405426 7.55479e+006 22.8527
405426 7.55479e+006 22.6527
405426 7.55479e+006 22.4527
405426 7.55479e+006 22.6527
405426 7.55479e+006 22.8527
405426 7.55479e+006 22.4527
405426 7.55479e+006 22.8527
405426 7.55479e+006 22.9991
405426 7.55479e+006 22.3063
405426 7.55479e+006 22.4527
405426 7.55479e+006 22.9991
405426 7.55479e+006 22.3063
405426 7.55479e+006 22.9991
405426 7.55479e+006 23.0527
405426 7.55479e+006 22.2527
405426 7.55479e+006 22.3063
405426 7.55479e+006 23.0527
405426 7.55479e+006 22.2527
405426 7.55479e+006 23.0527
405426 7.55479e+006 22.9991
405426 7.55479e+006 22.3063
405426 7.55479e+006 22.2527
405426 7.55479e+006 22.9991
405426 7.55479e+006 22.3063
405426 7.55479e+006 22.9991
405426 7.55479e+006 22.8527
405426 7.55479e+006 22.4527
405426 7.55479e+006 22.3063
405426 7.55479e+006 22.8527
405426 7.55479e+006 22.4527
405426 7.55479e+006 22.8527
405426 7.55479e+006 22.6527
405426 7.55479e+006 23.0857
405426 7.55479e+006 23.0857
405426 7.55479e+006 23.1527
405426 7.55479e+006 23.1527
405426 7.55479e+006 23.1527
405426 7.55479e+006 23.0857
405426 7.55479e+006 23.0857
405426 7.55479e+006 23.0857
405426 7.55479e+006 22.9027
405426 7.55479e+006 22.9027
405426 7.55479e+006 22.9027
405426 7.55479e+006 23.0857
405426 7.55479e+006 22.6527
405426 7.55479e+006 22.6527
405426 7.55479e+006 22.9027
405426 7.55479e+006 22.9027
405426 7.55479e+006 22.9027
405426 7.55479e+006 22.6527
405426 7.55479e+006 22.6527
405426 7.55479e+006 22.6527
405426 7.55479e+006 22.4027
405426 7.55479e+006 22.4027
405426 7.55479e+006 22.4027
405426 7.55479e+006 22.6527
405426 7.55479e+006 22.2197
405426 7.55479e+006 22.2197
405426 7.55479e+006 22.4027
405426 7.55479e+006 22.4027
405426 7.55479e+006 22.4027
405426 7.55479e+006 22.2197
405426 7.55479e+006 22.2197
405426 7.55479e+006 22.2197
405426 7.55479e+006 22.1527
405426 7.55479e+006 22.1527
405426 7.55479e+006 22.1527
405426 7.55479e+006 22.2197
405426 7.55479e+006 22.2197
405426 7.55479e+006 22.2197
405426 7.55479e+006 22.1527
405426 7.55479e+006 22.1527
405426 7.55479e+006 22.1527
405426 7.55479e+006 22.2197
405426 7.55479e+006 22.2197
405426 7.55479e+006 22.2197
405426 7.55479e+006 22.4027
405426 7.55479e+006 22.4027
405426 7.55479e+006 22.4027
405426 7.55479e+006 22.2197
405426 7.55479e+006 22.6527
405426 7.55479e+006 22.6527
405426 7.55479e+006 22.4027
405426 7.55479e+006 22.4027
405426 7.55479e+006 22.4027
405426 7.55479e+006 22.6527
405426 7.55479e+006 22.6527
405426 7.55479e+006 22.6527
405426 7.55479e+006 22.9027
405426 7.55479e+006 22.9027
405426 7.55479e+006 22.9027
405426 7.55479e+006 22.6527
405426 7.55479e+006 23.0857
405426 7.55479e+006 23.0857
405426 7.55479e+006 22.9027
405426 7.55479e+006 22.9027
405426 7.55479e+006 22.9027
405426 7.55479e+006 23.0857
405426 7.55479e+006 23.0857
405426 7.55479e+006 23.0857
405426 7.55479e+006 23.1527
405426 7.55479e+006 23.1527
405426 7.55479e+006 23.1527
405426 7.55479e+006 23.0857
405426 7.55479e+006 22.4027
405426 7.55479e+006 22.6527
405426 7.55479e+006 22.9027
405426 7.55479e+006 22.4027
405426 7.55479e+006 22.9027
405426 7.55479e+006 23.0857
405426 7.55479e+006 22.2197
405426 7.55479e+006 22.4027
405426 7.55479e+006 23.0857
405426 7.55479e+006 22.2197
405426 7.55479e+006 23.0857
405426 7.55479e+006 23.1527
405426 7.55479e+006 22.1527
405426 7.55479e+006 22.2197
405426 7.55479e+006 23.1527
405426 7.55479e+006 22.1527
405426 7.55479e+006 23.1527
405426 7.55479e+006 23.0857
405426 7.55479e+006 22.2197
405426 7.55479e+006 22.1527
405426 7.55479e+006 23.0857
405426 7.55479e+006 22.2197
405426 7.55479e+006 23.0857
405426 7.55479e+006 22.9027
405426 7.55479e+006 22.4027
405426 7.55479e+006 22.2197
405426 7.55479e+006 22.9027
405426 7.55479e+006 22.4027
405426 7.55479e+006 22.9027
405426 7.55479e+006 22.6527
405426 7.55479e+006 22.4027
405426 7.55479e+006 22.6527
405426 7.55479e+006 22.9027
405426 7.55479e+006 22.4027
405426 7.55479e+006 22.9027
405426 7.55479e+006 23.0857
405426 7.55479e+006 22.2197
405426 7.55479e+006 22.4027
405426 7.55479e+006 23.0857
405426 7.55479e+006 22.2197
405426 7.55479e+006 23.0857
405426 7.55479e+006 23.1527
405426 7.55479e+006 22.1527
405426 7.55479e+006 22.2197
405426 7.55479e+006 23.1527
405426 7.55479e+006 22.1527
405426 7.55479e+006 23.1527
405426 7.55479e+006 23.0857
405426 7.55479e+006 22.2197
405426 7.55479e+006 22.1527
405426 7.55479e+006 23.0857
405426 7.55479e+006 22.2197
405426 7.55479e+006 23.0857
405426 7.55479e+006 22.9027
405426 7.55479e+006 22.4027
405426 7.55479e+006 22.2197
405426 7.55479e+006 22.9027
405426 7.55479e+006 22.4027
405426 7.55479e+006 22.9027
405426 7.55479e+006 22.6527
405426 7.55479e+006 23.2027
405426 7.55479e+006 23.2026
405426 7.55479e+006 21.8526
405426 7.55479e+006 21.8526
405426 7.55479e+006 21.8527
405426 7.55479e+006 23.2027
405425 7.55479e+006 21.8527
405425 7.55479e+006 21.8526
405425 7.55479e+006 23.2026
405425 7.55479e+006 23.2026
405425 7.55479e+006 23.2027
405425 7.55479e+006 21.8527
405426 7.55479e+006 23.2027
405426 7.55479e+006 21.8527
405425 7.55479e+006 21.8527
405425 7.55479e+006 21.8527
405425 7.55479e+006 23.2027
405426 7.55479e+006 23.2027
405426 7.55479e+006 23.2026
405426 7.55479e+006 23.2027
405425 7.55479e+006 23.2027
405425 7.55479e+006 23.2027
405425 7.55479e+006 23.2026
405426 7.55479e+006 23.2026
405426 7.55479e+006 21.8526
405426 7.55479e+006 23.2026
405425 7.55479e+006 23.2026
405425 7.55479e+006 23.2026
405425 7.55479e+006 21.8526
405426 7.55479e+006 21.8526
405424 7.55479e+006 22.8259
405424 7.55479e+006 22.8259
405424 7.55479e+006 22.8527
405424 7.55479e+006 22.8527
405424 7.55479e+006 22.8527
405424 7.55479e+006 22.8259
405424 7.55479e+006 22.8259
405424 7.55479e+006 22.8259
405424 7.55479e+006 22.7527
405424 7.55479e+006 22.7527
405424 7.55479e+006 22.7527
405424 7.55479e+006 22.8259
405424 7.55479e+006 22.6527
405424 7.55479e+006 22.6527
405424 7.55479e+006 22.7527
405424 7.55479e+006 22.7527
405424 7.55479e+006 22.7527
405424 7.55479e+006 22.6527
405424 7.55479e+006 22.6527
405424 7.55479e+006 22.6527
405424 7.55479e+006 22.5527
405424 7.55479e+006 22.5527
405424 7.55479e+006 22.5527
405424 7.55479e+006 22.6527
405424 7.55479e+006 22.4795
405424 7.55479e+006 22.4795
405424 7.55479e+006 22.5527
405424 7.55479e+006 22.5527
405424 7.55479e+006 22.5527
405424 7.55479e+006 22.4795
405424 7.55479e+006 22.4795
405424 7.55479e+006 22.4795
405424 7.55479e+006 22.4527
405424 7.55479e+006 22.4527
405424 7.55479e+006 22.4527
405424 7.55479e+006 22.4795
405424 7.55479e+006 22.4795
405425 7.55479e+006 22.4795
405424 7.55479e+006 22.4527
405424 7.55479e+006 22.4527
405424 7.55479e+006 22.4527
405424 7.55479e+006 22.4795
405425 7.55479e+006 22.4795
405424 7.55479e+006 22.4795
405424 7.55479e+006 22.5527
405424 7.55479e+006 22.5527
405425 7.55479e+006 22.5527
405425 7.55479e+006 22.4795
405424 7.55479e+006 22.6527
405425 7.55479e+006 22.6527
405425 7.55479e+006 22.5527
405425 7.55479e+006 22.5527
405424 7.55479e+006 22.5527
405424 7.55479e+006 22.6527
405425 7.55479e+006 22.6527
405424 7.55479e+006 22.6527
405424 7.55479e+006 22.7527
405424 7.55479e+006 22.7527
405425 7.55479e+006 22.7527
405425 7.55479e+006 22.6527
405424 7.55479e+006 22.8259
405425 7.55479e+006 22.8259
405425 7.55479e+006 22.7527
405425 7.55479e+006 22.7527
405424 7.55479e+006 22.7527
405424 7.55479e+006 22.8259
405425 7.55479e+006 22.8259
405424 7.55479e+006 22.8259
405424 7.55479e+006 22.8527
405424 7.55479e+006 22.8527
405424 7.55479e+006 22.8527
405425 7.55479e+006 22.8259
405425 7.55479e+006 22.5527
405425 7.55479e+006 22.6527
405425 7.55479e+006 22.7527
405425 7.55479e+006 22.5527
405425 7.55479e+006 22.7527
405425 7.55479e+006 22.8259
405425 7.55479e+006 22.4795
405425 7.55479e+006 22.5527
405425 7.55479e+006 22.8259
405425 7.55479e+006 22.4795
405425 7.55479e+006 22.8259
405424 7.55479e+006 22.8527
405424 7.55479e+006 22.4527
405425 7.55479e+006 22.4795
405424 7.55479e+006 22.8527
405424 7.55479e+006 22.4527
405424 7.55479e+006 22.8527
405424 7.55479e+006 22.8259
405424 7.55479e+006 22.4795
405424 7.55479e+006 22.4527
405424 7.55479e+006 22.8259
405424 7.55479e+006 22.4795
405424 7.55479e+006 22.8259
405424 7.55479e+006 22.7527
405424 7.55479e+006 22.5527
405424 7.55479e+006 22.4795
405424 7.55479e+006 22.7527
405424 7.55479e+006 22.5527
405424 7.55479e+006 22.7527
405424 7.55479e+006 22.6527
405424 7.55479e+006 22.5527
405424 7.55479e+006 22.6527
405424 7.55479e+006 22.7527
405424 7.55479e+006 22.5527
405424 7.55479e+006 22.7527
405424 7.55479e+006 22.8259
405424 7.55479e+006 22.4795
405424 7.55479e+006 22.5527
405424 7.55479e+006 22.8259
405424 7.55479e+006 22.4795
405424 7.55479e+006 22.8259
405424 7.55479e+006 22.8527
405424 7.55479e+006 22.4527
405424 7.55479e+006 22.4795
405424 7.55479e+006 22.8527
405424 7.55479e+006 22.4527
405424 7.55479e+006 22.8527
405424 7.55479e+006 22.8259
405424 7.55479e+006 22.4795
405424 7.55479e+006 22.4527
405424 7.55479e+006 22.8259
405424 7.55479e+006 22.4795
405424 7.55479e+006 22.8259
405424 7.55479e+006 22.7527
405424 7.55479e+006 22.5527
405424 7.55479e+006 22.4795
405424 7.55479e+006 22.7527
405424 7.55479e+006 22.5527
405424 7.55479e+006 22.7527
405424 7.55479e+006 22.6527
405424 7.55479e+006 22.7176
405424 7.55479e+006 22.7176
405424 7.55479e+006 22.7277
405424 7.55479e+006 22.7277
405424 7.55479e+006 22.7277
405424 7.55479e+006 22.7176
405424 7.55479e+006 22.7176
405424 7.55479e+006 22.7176
405424 7.55479e+006 22.6902
405424 7.55479e+006 22.6902
405424 7.55479e+006 22.6902
405424 7.55479e+006 22.7176
405424 7.55479e+006 22.6527
405424 7.55479e+006 22.6527
405424 7.55479e+006 22.6902
405424 7.55479e+006 22.6902
405424 7.55479e+006 22.6902
405424 7.55479e+006 22.6527
405424 7.55479e+006 22.6527
405424 7.55479e+006 22.6527
405424 7.55479e+006 22.6152
405424 7.55479e+006 22.6152
405424 7.55479e+006 22.6152
405424 7.55479e+006 22.6527
405424 7.55479e+006 22.5877
405424 7.55479e+006 22.5877
405424 7.55479e+006 22.6152
405424 7.55479e+006 22.6152
405424 7.55479e+006 22.6152
405424 7.55479e+006 22.5877
405424 7.55479e+006 22.5877
405424 7.55479e+006 22.5877
405424 7.55479e+006 22.5777
405424 7.55479e+006 22.5777
405424 7.55479e+006 22.5777
405424 7.55479e+006 22.5877
405424 7.55479e+006 22.5877
405424 7.55479e+006 22.5877
405424 7.55479e+006 22.5777
405424 7.55479e+006 22.5777
405424 7.55479e+006 22.5777
405424 7.55479e+006 22.5877
405424 7.55479e+006 22.5877
405424 7.55479e+006 22.5877
405424 7.55479e+006 22.6152
405424 7.55479e+006 22.6152
405424 7.55479e+006 22.6152
405424 7.55479e+006 22.5877
405424 7.55479e+006 22.6527
405424 7.55479e+006 22.6527
405424 7.55479e+006 22.6152
405424 7.55479e+006 22.6152
405424 7.55479e+006 22.6152
405424 7.55479e+006 22.6527
405424 7.55479e+006 22.6527
405424 7.55479e+006 22.6527
405424 7.55479e+006 22.6902
405424 7.55479e+006 22.6902
405424 7.55479e+006 22.6902
405424 7.55479e+006 22.6527
405424 7.55479e+006 22.7176
405424 7.55479e+006 22.7176
405424 7.55479e+006 22.6902
405424 7.55479e+006 22.6902
405424 7.55479e+006 22.6902
405424 7.55479e+006 22.7176
405424 7.55479e+006 22.7176
405424 7.55479e+006 22.7176
405424 7.55479e+006 22.7277
405424 7.55479e+006 22.7277
405424 7.55479e+006 22.7277
405424 7.55479e+006 22.7176
405424 7.55479e+006 22.6152
405424 7.55479e+006 22.6527
405424 7.55479e+006 22.6902
405424 7.55479e+006 22.6152
405424 7.55479e+006 22.6902
405424 7.55479e+006 22.7176
405424 7.55479e+006 22.5877
405424 7.55479e+006 22.6152
405424 7.55479e+006 22.7176
405424 7.55479e+006 22.5877
405424 7.55479e+006 22.7176
405424 7.55479e+006 22.7277
405424 7.55479e+006 22.5777
405424 7.55479e+006 22.5877
405424 7.55479e+006 22.7277
405424 7.55479e+006 22.5777
405424 7.55479e+006 22.7277
405424 7.55479e+006 22.7176
405424 7.55479e+006 22.5877
405424 7.55479e+006 22.5777
405424 7.55479e+006 22.7176
405424 7.55479e+006 22.5877
405424 7.55479e+006 22.7176
405424 7.55479e+006 22.6902
405424 7.55479e+006 22.6152
405424 7.55479e+006 22.5877
405424 7.55479e+006 22.6902
405424 7.55479e+006 22.6152
405424 7.55479e+006 22.6902
405424 7.55479e+006 22.6527
405424 7.55479e+006 22.6152
405424 7.55479e+006 22.6527
405424 7.55479e+006 22.6902
405424 7.55479e+006 22.6152
405424 7.55479e+006 22.6902
405424 7.55479e+006 22.7176
405424 7.55479e+006 22.5877
405424 7.55479e+006 22.6152
405424 7.55479e+006 22.7176
405424 7.55479e+006 22.5877
405424 7.55479e+006 22.7176
405424 7.55479e+006 22.7277
405424 7.55479e+006 22.5777
405424 7.55479e+006 22.5877
405424 7.55479e+006 22.7277
405424 7.55479e+006 22.5777
405424 7.55479e+006 22.7277
405424 7.55479e+006 22.7176
405424 7.55479e+006 22.5877
405424 7.55479e+006 22.5777
405424 7.55479e+006 22.7176
405424 7.55479e+006 22.5877
405424 7.55479e+006 22.7176
405424 7.55479e+006 22.6902
405424 7.55479e+006 22.6152
405424 7.55479e+006 22.5877
405424 7.55479e+006 22.6902
405424 7.55479e+006 22.6152
405424 7.55479e+006 22.6902
405424 7.55479e+006 22.6527
405425 7.55479e+006 22.8527
405425 7.55479e+006 22.8527
405425 7.55479e+006 21.8527
405425 7.55479e+006 21.8527
405425 7.55479e+006 21.8527
405425 7.55479e+006 22.8527
405425 7.55479e+006 21.8527
405424 7.55479e+006 21.8527
405424 7.55479e+006 22.8527
405424 7.55479e+006 22.8527
405425 7.55479e+006 22.8527
405425 7.55479e+006 21.8527
405425 7.55479e+006 22.8527
405425 7.55479e+006 21.8527
405425 7.55479e+006 21.8527
405425 7.55479e+006 21.8527
405425 7.55479e+006 22.8527
405425 7.55479e+006 22.8527
405425 7.55479e+006 22.8527
405425 7.55479e+006 22.8527
405425 7.55479e+006 22.8527
405425 7.55479e+006 22.8527
405424 7.55479e+006 22.8527
405425 7.55479e+006 22.8527
405425 7.55479e+006 21.8527
405425 7.55479e+006 22.8527
405424 7.55479e+006 22.8527
405424 7.55479e+006 22.8527
405424 7.55479e+006 21.8527
405425 7.55479e+006 21.8527
405422 7.55479e+006 22.9776
405422 7.55479e+006 22.9776
405422 7.55479e+006 23.1026
405422 7.55479e+006 23.1026
405422 7.55479e+006 23.1026
405422 7.55479e+006 22.9776
405422 7.55479e+006 22.9776
405422 7.55479e+006 22.9776
405421 7.55479e+006 22.8861
405421 7.55479e+006 22.8861
405422 7.55479e+006 22.8861
405422 7.55479e+006 22.9776
405421 7.55479e+006 22.8526
405422 7.55479e+006 22.8526
405422 7.55479e+006 22.8861
405422 7.55479e+006 22.8861
405421 7.55479e+006 22.8861
405421 7.55479e+006 22.8526
405422 7.55479e+006 22.8526
405421 7.55479e+006 22.8526
405421 7.55479e+006 22.8861
405421 7.55479e+006 22.8861
405421 7.55479e+006 22.8861
405422 7.55479e+006 22.8526
405421 7.55479e+006 22.9776
405421 7.55479e+006 22.9776
405421 7.55479e+006 22.8861
405421 7.55479e+006 22.8861
405421 7.55479e+006 22.8861
405421 7.55479e+006 22.9776
405421 7.55479e+006 22.9776
405421 7.55479e+006 22.9776
405421 7.55479e+006 23.1026
405421 7.55479e+006 23.1026
405421 7.55479e+006 23.1026
405421 7.55479e+006 22.9776
405421 7.55479e+006 23.2276
405421 7.55479e+006 23.2276
405421 7.55479e+006 23.1026
405421 7.55479e+006 23.1026
405421 7.55479e+006 23.1026
405421 7.55479e+006 23.2276
405421 7.55479e+006 23.2276
405421 7.55479e+006 23.2276
405421 7.55479e+006 23.3191
405421 7.55479e+006 23.3191
405421 7.55479e+006 23.3192
405421 7.55479e+006 23.2276
405421 7.55479e+006 23.3526
405422 7.55479e+006 23.3526
405421 7.55479e+006 23.3192
405421 7.55479e+006 23.3192
405421 7.55479e+006 23.3191
405421 7.55479e+006 23.3526
405422 7.55479e+006 23.3526
405421 7.55479e+006 23.3526
405421 7.55479e+006 23.3191
405421 7.55479e+006 23.3191
405422 7.55479e+006 23.3191
405422 7.55479e+006 23.3526
405422 7.55479e+006 23.2276
405422 7.55479e+006 23.2276
405422 7.55479e+006 23.3191
405422 7.55479e+006 23.3191
405421 7.55479e+006 23.3191
405422 7.55479e+006 23.2276
405422 7.55479e+006 23.2276
405422 7.55479e+006 23.2276
405422 7.55479e+006 23.1026
405422 7.55479e+006 23.1026
405422 7.55479e+006 23.1026
405422 7.55479e+006 23.2276
405421 7.55479e+006 23.3192
405422 7.55479e+006 23.3526
405422 7.55479e+006 23.3191
405421 7.55479e+006 23.3192
405422 7.55479e+006 23.3191
405422 7.55479e+006 23.2276
405421 7.55479e+006 23.2276
405421 7.55479e+006 23.3192
405422 7.55479e+006 23.2276
405421 7.55479e+006 23.2276
405422 7.55479e+006 23.2276
405422 7.55479e+006 23.1026
405421 7.55479e+006 23.1026
405421 7.55479e+006 23.2276
405422 7.55479e+006 23.1026
405421 7.55479e+006 23.1026
405422 7.55479e+006 23.1026
405422 7.55479e+006 22.9776
405421 7.55479e+006 22.9776
405421 7.55479e+006 23.1026
405422 7.55479e+006 22.9776
405421 7.55479e+006 22.9776
405422 7.55479e+006 22.9776
405422 7.55479e+006 22.8861
405421 7.55479e+006 22.8861
405421 7.55479e+006 22.9776
405422 7.55479e+006 22.8861
405421 7.55479e+006 22.8861
405422 7.55479e+006 22.8861
405422 7.55479e+006 22.8526
405421 7.55479e+006 22.8861
405421 7.55479e+006 22.8526
405421 7.55479e+006 22.8861
405421 7.55479e+006 22.8861
405421 7.55479e+006 22.8861
405422 7.55479e+006 22.9776
405421 7.55479e+006 22.9776
405421 7.55479e+006 22.8861
405422 7.55479e+006 22.9776
405421 7.55479e+006 22.9776
405422 7.55479e+006 22.9776
405422 7.55479e+006 23.1026
405421 7.55479e+006 23.1026
405421 7.55479e+006 22.9776
405422 7.55479e+006 23.1026
405421 7.55479e+006 23.1026
405422 7.55479e+006 23.1026
405422 7.55479e+006 23.2276
405421 7.55479e+006 23.2276
405421 7.55479e+006 23.1026
405422 7.55479e+006 23.2276
405421 7.55479e+006 23.2276
405422 7.55479e+006 23.2276
405421 7.55479e+006 23.3191
405421 7.55479e+006 23.3191
405421 7.55479e+006 23.2276
405421 7.55479e+006 23.3191
405421 7.55479e+006 23.3191
405421 7.55479e+006 23.3191
405421 7.55479e+006 23.3526
