400446 7.55244e+006 29.7708
400446 7.55244e+006 29.4793
400446 7.55244e+006 29.4794
400446 7.55244e+006 29.4794
400446 7.55244e+006 29.7811
400446 7.55244e+006 29.7708
400446 7.55244e+006 29.7706
400446 7.55244e+006 29.4792
400446 7.55244e+006 29.4793
400446 7.55244e+006 29.4793
400446 7.55244e+006 29.7708
400446 7.55244e+006 29.7706
400446 7.55244e+006 29.7808
400446 7.55244e+006 29.4791
400446 7.55244e+006 29.4792
400446 7.55244e+006 29.4792
400446 7.55244e+006 29.7706
400446 7.55244e+006 29.7808
400446 7.55244e+006 29.791
400446 7.55244e+006 29.4792
400446 7.55244e+006 29.4791
400446 7.55244e+006 29.4791
400446 7.55244e+006 29.7808
400446 7.55244e+006 29.791
400446 7.55244e+006 29.7912
400446 7.55244e+006 29.4794
400446 7.55244e+006 29.4792
400446 7.55244e+006 29.4792
400446 7.55244e+006 29.791
400446 7.55244e+006 29.7912
400446 7.55244e+006 29.7811
400446 7.55244e+006 29.4794
400446 7.55244e+006 29.4794
400446 7.55244e+006 29.4794
400446 7.55244e+006 29.7912
400446 7.55244e+006 29.7811
400446 7.55244e+006 29.7849
400446 7.55244e+006 29.7708
400446 7.55244e+006 29.7811
400446 7.55244e+006 29.7811
400446 7.55244e+006 29.8096
400446 7.55244e+006 29.7849
400446 7.55244e+006 29.7847
400446 7.55244e+006 29.7706
400446 7.55244e+006 29.7708
400446 7.55244e+006 29.7708
400446 7.55244e+006 29.7849
400446 7.55244e+006 29.7847
400446 7.55244e+006 29.8093
400446 7.55244e+006 29.7808
400446 7.55244e+006 29.7706
400446 7.55244e+006 29.7706
400446 7.55244e+006 29.7847
400446 7.55244e+006 29.8093
400446 7.55244e+006 29.834
400446 7.55244e+006 29.791
400446 7.55244e+006 29.7808
400446 7.55244e+006 29.7808
400446 7.55244e+006 29.8093
400446 7.55244e+006 29.834
400446 7.55244e+006 29.8342
400446 7.55244e+006 29.7912
400446 7.55244e+006 29.791
400446 7.55244e+006 29.791
400446 7.55244e+006 29.834
400446 7.55244e+006 29.8342
400446 7.55244e+006 29.8096
400446 7.55244e+006 29.7811
400446 7.55244e+006 29.7912
400446 7.55244e+006 29.7912
400446 7.55244e+006 29.8342
400446 7.55244e+006 29.8096
400446 7.55244e+006 29.7863
400446 7.55244e+006 29.7849
400446 7.55244e+006 29.8096
400446 7.55244e+006 29.8096
400446 7.55244e+006 29.811
400446 7.55244e+006 29.7863
400446 7.55244e+006 29.7861
400446 7.55244e+006 29.7847
400446 7.55244e+006 29.7849
400446 7.55244e+006 29.7849
400446 7.55244e+006 29.7863
400446 7.55244e+006 29.7861
400446 7.55244e+006 29.8107
400446 7.55244e+006 29.8093
400446 7.55244e+006 29.7847
400446 7.55244e+006 29.7847
400446 7.55244e+006 29.7861
400446 7.55244e+006 29.8107
400446 7.55244e+006 29.8354
400446 7.55244e+006 29.834
400446 7.55244e+006 29.8093
400446 7.55244e+006 29.8093
400446 7.55244e+006 29.8107
400446 7.55244e+006 29.8354
400446 7.55244e+006 29.8356
400446 7.55244e+006 29.8342
400446 7.55244e+006 29.834
400446 7.55244e+006 29.834
400446 7.55244e+006 29.8354
400446 7.55244e+006 29.8356
400446 7.55244e+006 29.811
400446 7.55244e+006 29.8096
400446 7.55244e+006 29.8342
400446 7.55244e+006 29.8342
400446 7.55244e+006 29.8356
400446 7.55244e+006 29.811
400446 7.55244e+006 29.8293
400446 7.55244e+006 29.7863
400446 7.55244e+006 29.811
400446 7.55244e+006 29.811
400446 7.55244e+006 29.8396
400446 7.55244e+006 29.8293
400446 7.55244e+006 29.8291
400446 7.55244e+006 29.7861
400446 7.55244e+006 29.7863
400446 7.55244e+006 29.7863
400446 7.55244e+006 29.8293
400446 7.55244e+006 29.8291
400446 7.55244e+006 29.8392
400446 7.55244e+006 29.8107
400446 7.55244e+006 29.7861
400446 7.55244e+006 29.7861
400446 7.55244e+006 29.8291
400446 7.55244e+006 29.8392
400446 7.55244e+006 29.8495
400446 7.55244e+006 29.8354
400446 7.55244e+006 29.8107
400446 7.55244e+006 29.8107
400446 7.55244e+006 29.8392
400446 7.55244e+006 29.8495
400446 7.55244e+006 29.8497
400446 7.55244e+006 29.8356
400446 7.55244e+006 29.8354
400446 7.55244e+006 29.8354
400446 7.55244e+006 29.8495
400446 7.55244e+006 29.8497
400446 7.55244e+006 29.8396
400446 7.55244e+006 29.811
400446 7.55244e+006 29.8356
400446 7.55244e+006 29.8356
400446 7.55244e+006 29.8497
400446 7.55244e+006 29.8396
400446 7.55244e+006 32.0196
400446 7.55244e+006 29.8293
400446 7.55244e+006 29.8396
400446 7.55244e+006 29.8396
400446 7.55244e+006 32.0264
400446 7.55244e+006 32.0196
400446 7.55244e+006 32.0077
400446 7.55244e+006 29.8291
400446 7.55244e+006 29.8293
400446 7.55244e+006 29.8293
400446 7.55244e+006 32.0196
400446 7.55244e+006 32.0077
400446 7.55244e+006 32.0025
400446 7.55244e+006 29.8392
400446 7.55244e+006 29.8291
400446 7.55244e+006 29.8291
400446 7.55244e+006 32.0077
400446 7.55244e+006 32.0025
400446 7.55244e+006 32.0093
400446 7.55244e+006 29.8495
400446 7.55244e+006 29.8392
400446 7.55244e+006 29.8392
400446 7.55244e+006 32.0025
400446 7.55244e+006 32.0093
400446 7.55244e+006 32.0212
400446 7.55244e+006 29.8497
400446 7.55244e+006 29.8495
400446 7.55244e+006 29.8495
400446 7.55244e+006 32.0093
400446 7.55244e+006 32.0212
400446 7.55244e+006 32.0264
400446 7.55244e+006 29.8396
400446 7.55244e+006 29.8497
400446 7.55244e+006 29.8497
400446 7.55244e+006 32.0212
400446 7.55244e+006 32.0264
400446 7.55244e+006 32.0551
400446 7.55244e+006 32.0196
400446 7.55244e+006 32.0264
400446 7.55244e+006 32.0264
400446 7.55244e+006 32.0712
400446 7.55244e+006 32.0551
400446 7.55244e+006 32.0266
400446 7.55244e+006 32.0077
400446 7.55244e+006 32.0196
400446 7.55244e+006 32.0196
400446 7.55244e+006 32.0551
400446 7.55244e+006 32.0266
400446 7.55244e+006 32.0143
400446 7.55244e+006 32.0025
400446 7.55244e+006 32.0077
400446 7.55244e+006 32.0077
400446 7.55244e+006 32.0266
400446 7.55244e+006 32.0143
400446 7.55244e+006 32.0305
400446 7.55244e+006 32.0093
400446 7.55244e+006 32.0025
400446 7.55244e+006 32.0025
400446 7.55244e+006 32.0143
400446 7.55244e+006 32.0305
400446 7.55244e+006 32.059
400446 7.55244e+006 32.0212
400446 7.55244e+006 32.0093
400446 7.55244e+006 32.0093
400446 7.55244e+006 32.0305
400446 7.55244e+006 32.059
400446 7.55244e+006 32.0712
400446 7.55244e+006 32.0264
400446 7.55244e+006 32.0212
400446 7.55244e+006 32.0212
400446 7.55244e+006 32.059
400446 7.55244e+006 32.0712
400445 7.55244e+006 32.0459
400446 7.55244e+006 32.0551
400446 7.55244e+006 32.0712
400446 7.55244e+006 32.0712
400445 7.55244e+006 32.062
400445 7.55244e+006 32.0459
400445 7.55244e+006 32.0176
400446 7.55244e+006 32.0266
400446 7.55244e+006 32.0551
400446 7.55244e+006 32.0551
400445 7.55244e+006 32.0459
400445 7.55244e+006 32.0176
400445 7.55244e+006 32.0054
400446 7.55244e+006 32.0143
400446 7.55244e+006 32.0266
400446 7.55244e+006 32.0266
400445 7.55244e+006 32.0176
400445 7.55244e+006 32.0054
400445 7.55244e+006 32.0215
400446 7.55244e+006 32.0305
400446 7.55244e+006 32.0143
400446 7.55244e+006 32.0143
400445 7.55244e+006 32.0054
400445 7.55244e+006 32.0215
400445 7.55244e+006 32.0498
400446 7.55244e+006 32.059
400446 7.55244e+006 32.0305
400446 7.55244e+006 32.0305
400445 7.55244e+006 32.0215
400445 7.55244e+006 32.0498
400445 7.55244e+006 32.062
400446 7.55244e+006 32.0712
400446 7.55244e+006 32.059
400446 7.55244e+006 32.059
400445 7.55244e+006 32.0498
400445 7.55244e+006 32.062
400445 7.55244e+006 32.0101
400445 7.55244e+006 32.0459
400445 7.55244e+006 32.062
400445 7.55244e+006 32.062
400445 7.55244e+006 32.0167
400445 7.55244e+006 32.0101
400445 7.55244e+006 31.9985
400445 7.55244e+006 32.0176
400445 7.55244e+006 32.0459
400445 7.55244e+006 32.0459
400445 7.55244e+006 32.0101
400445 7.55244e+006 31.9985
400445 7.55244e+006 31.9935
400445 7.55244e+006 32.0054
400445 7.55244e+006 32.0176
400445 7.55244e+006 32.0176
400445 7.55244e+006 31.9985
400445 7.55244e+006 31.9935
400445 7.55244e+006 32.0001
400445 7.55244e+006 32.0215
400445 7.55244e+006 32.0054
400445 7.55244e+006 32.0054
400445 7.55244e+006 31.9935
400445 7.55244e+006 32.0001
400445 7.55244e+006 32.0117
400445 7.55244e+006 32.0498
400445 7.55244e+006 32.0215
400445 7.55244e+006 32.0215
400445 7.55244e+006 32.0001
400445 7.55244e+006 32.0117
400445 7.55244e+006 32.0167
400445 7.55244e+006 32.062
400445 7.55244e+006 32.0498
400445 7.55244e+006 32.0498
400445 7.55244e+006 32.0117
400445 7.55244e+006 32.0167
400445 7.55244e+006 18.9646
400445 7.55244e+006 32.0101
400445 7.55244e+006 32.0167
400445 7.55244e+006 32.0167
400445 7.55244e+006 18.9645
400445 7.55244e+006 18.9646
400445 7.55244e+006 18.9648
400445 7.55244e+006 31.9985
400445 7.55244e+006 32.0101
400445 7.55244e+006 32.0101
400445 7.55244e+006 18.9646
400445 7.55244e+006 18.9648
400445 7.55244e+006 18.9648
400445 7.55244e+006 31.9935
400445 7.55244e+006 31.9985
400445 7.55244e+006 31.9985
400445 7.55244e+006 18.9648
400445 7.55244e+006 18.9648
400445 7.55244e+006 18.9647
400445 7.55244e+006 32.0001
400445 7.55244e+006 31.9935
400445 7.55244e+006 31.9935
400445 7.55244e+006 18.9648
400445 7.55244e+006 18.9647
400445 7.55244e+006 18.9646
400445 7.55244e+006 32.0117
400445 7.55244e+006 32.0001
400445 7.55244e+006 32.0001
400445 7.55244e+006 18.9647
400445 7.55244e+006 18.9646
400445 7.55244e+006 18.9645
400445 7.55244e+006 32.0167
400445 7.55244e+006 32.0117
400445 7.55244e+006 32.0117
400445 7.55244e+006 18.9646
400445 7.55244e+006 18.9645
400446 7.55244e+006 29.4792
400446 7.55244e+006 29.4794
400446 7.55244e+006 29.4794
400446 7.55244e+006 29.4791
400446 7.55244e+006 29.4792
400446 7.55244e+006 29.4794
400446 7.55244e+006 29.4792
400446 7.55244e+006 29.4791
400446 7.55244e+006 29.4794
400446 7.55244e+006 29.4793
400446 7.55244e+006 29.4792
400446 7.55244e+006 29.4794
400445 7.55244e+006 18.9648
400445 7.55244e+006 18.9646
400445 7.55244e+006 18.9645
400445 7.55244e+006 18.9645
400445 7.55244e+006 18.9647
400445 7.55244e+006 18.9648
400445 7.55244e+006 18.9648
400445 7.55244e+006 18.9648
400445 7.55244e+006 18.9645
400445 7.55244e+006 18.9646
400445 7.55244e+006 18.9647
400445 7.55244e+006 18.9645
400446 7.55244e+006 29.7721
400446 7.55244e+006 29.7824
400446 7.55244e+006 29.4807
400446 7.55244e+006 29.4807
400446 7.55244e+006 29.4807
400446 7.55244e+006 29.7721
400446 7.55244e+006 29.7719
400446 7.55244e+006 29.7721
400446 7.55244e+006 29.4807
400446 7.55244e+006 29.4807
400446 7.55244e+006 29.4805
400446 7.55244e+006 29.7719
400446 7.55244e+006 29.7821
400446 7.55244e+006 29.7719
400446 7.55244e+006 29.4805
400446 7.55244e+006 29.4805
400446 7.55244e+006 29.4804
400446 7.55244e+006 29.7821
400446 7.55244e+006 29.7924
400446 7.55244e+006 29.7821
400446 7.55244e+006 29.4804
400446 7.55244e+006 29.4804
400446 7.55244e+006 29.4805
400446 7.55244e+006 29.7924
400446 7.55244e+006 29.7925
400446 7.55244e+006 29.7924
400446 7.55244e+006 29.4805
400446 7.55244e+006 29.4805
400446 7.55244e+006 29.4807
400446 7.55244e+006 29.7925
400446 7.55244e+006 29.7824
400446 7.55244e+006 29.7925
400446 7.55244e+006 29.4807
400446 7.55244e+006 29.4807
400446 7.55244e+006 29.4807
400446 7.55244e+006 29.7824
400446 7.55244e+006 29.7862
400446 7.55244e+006 29.8109
400446 7.55244e+006 29.7824
400446 7.55244e+006 29.7824
400446 7.55244e+006 29.7721
400446 7.55244e+006 29.7862
400446 7.55244e+006 29.786
400446 7.55244e+006 29.7862
400446 7.55244e+006 29.7721
400446 7.55244e+006 29.7721
400446 7.55244e+006 29.7719
400446 7.55244e+006 29.786
400446 7.55244e+006 29.8106
400446 7.55244e+006 29.786
400446 7.55244e+006 29.7719
400446 7.55244e+006 29.7719
400446 7.55244e+006 29.7821
400446 7.55244e+006 29.8106
400446 7.55244e+006 29.8353
400446 7.55244e+006 29.8106
400446 7.55244e+006 29.7821
400446 7.55244e+006 29.7821
400446 7.55244e+006 29.7924
400446 7.55244e+006 29.8353
400446 7.55244e+006 29.8355
400446 7.55244e+006 29.8353
400446 7.55244e+006 29.7924
400446 7.55244e+006 29.7924
400446 7.55244e+006 29.7925
400446 7.55244e+006 29.8355
400446 7.55244e+006 29.8109
400446 7.55244e+006 29.8355
400446 7.55244e+006 29.7925
400446 7.55244e+006 29.7925
400446 7.55244e+006 29.7824
400446 7.55244e+006 29.8109
400446 7.55244e+006 29.7876
400446 7.55244e+006 29.8123
400446 7.55244e+006 29.8109
400446 7.55244e+006 29.8109
400446 7.55244e+006 29.7862
400446 7.55244e+006 29.7876
400446 7.55244e+006 29.7875
400446 7.55244e+006 29.7876
400446 7.55244e+006 29.7862
400446 7.55244e+006 29.7862
400446 7.55244e+006 29.786
400446 7.55244e+006 29.7875
400446 7.55244e+006 29.812
400446 7.55244e+006 29.7875
400446 7.55244e+006 29.786
400446 7.55244e+006 29.786
400446 7.55244e+006 29.8106
400446 7.55244e+006 29.812
400446 7.55244e+006 29.8367
400446 7.55244e+006 29.812
400446 7.55244e+006 29.8106
400446 7.55244e+006 29.8106
400446 7.55244e+006 29.8353
400446 7.55244e+006 29.8367
400446 7.55244e+006 29.8369
400446 7.55244e+006 29.8367
400446 7.55244e+006 29.8353
400446 7.55244e+006 29.8353
400446 7.55244e+006 29.8355
400446 7.55244e+006 29.8369
400446 7.55244e+006 29.8123
400446 7.55244e+006 29.8369
400446 7.55244e+006 29.8355
400446 7.55244e+006 29.8355
400446 7.55244e+006 29.8109
400446 7.55244e+006 29.8123
400446 7.55244e+006 29.8306
400446 7.55244e+006 29.8409
400446 7.55244e+006 29.8123
400446 7.55244e+006 29.8123
400446 7.55244e+006 29.7876
400446 7.55244e+006 29.8306
400446 7.55244e+006 29.8304
400446 7.55244e+006 29.8306
400446 7.55244e+006 29.7876
400446 7.55244e+006 29.7876
400446 7.55244e+006 29.7875
400446 7.55244e+006 29.8304
400446 7.55244e+006 29.8405
400446 7.55244e+006 29.8304
400446 7.55244e+006 29.7875
400446 7.55244e+006 29.7875
400446 7.55244e+006 29.812
400446 7.55244e+006 29.8405
400446 7.55244e+006 29.8508
400446 7.55244e+006 29.8405
400446 7.55244e+006 29.812
400446 7.55244e+006 29.812
400446 7.55244e+006 29.8367
400446 7.55244e+006 29.8508
400446 7.55244e+006 29.851
400446 7.55244e+006 29.8508
400446 7.55244e+006 29.8367
400446 7.55244e+006 29.8367
400446 7.55244e+006 29.8369
400446 7.55244e+006 29.851
400446 7.55244e+006 29.8409
400446 7.55244e+006 29.851
400446 7.55244e+006 29.8369
400446 7.55244e+006 29.8369
400446 7.55244e+006 29.8123
400446 7.55244e+006 29.8409
400446 7.55244e+006 32.0761
400446 7.55244e+006 32.0829
400446 7.55244e+006 29.8409
400446 7.55244e+006 29.8409
400446 7.55244e+006 29.8306
400446 7.55244e+006 32.0761
400446 7.55244e+006 32.0642
400446 7.55244e+006 32.0761
400446 7.55244e+006 29.8306
400446 7.55244e+006 29.8306
400446 7.55244e+006 29.8304
400446 7.55244e+006 32.0642
400446 7.55244e+006 32.059
400446 7.55244e+006 32.0642
400446 7.55244e+006 29.8304
400446 7.55244e+006 29.8304
400446 7.55244e+006 29.8405
400446 7.55244e+006 32.059
400446 7.55244e+006 32.0658
400446 7.55244e+006 32.059
400446 7.55244e+006 29.8405
400446 7.55244e+006 29.8405
400446 7.55244e+006 29.8508
400446 7.55244e+006 32.0658
400446 7.55244e+006 32.0777
400446 7.55244e+006 32.0658
400446 7.55244e+006 29.8508
400446 7.55244e+006 29.8508
400446 7.55244e+006 29.851
400446 7.55244e+006 32.0777
400446 7.55244e+006 32.0829
400446 7.55244e+006 32.0777
400446 7.55244e+006 29.851
400446 7.55244e+006 29.851
400446 7.55244e+006 29.8409
400446 7.55244e+006 32.0829
400446 7.55244e+006 32.1115
400446 7.55244e+006 32.1277
400446 7.55244e+006 32.0829
400446 7.55244e+006 32.0829
400446 7.55244e+006 32.0761
400446 7.55244e+006 32.1115
400446 7.55244e+006 32.0831
400446 7.55244e+006 32.1115
400446 7.55244e+006 32.0761
400446 7.55244e+006 32.0761
400446 7.55244e+006 32.0642
400446 7.55244e+006 32.0831
400446 7.55244e+006 32.0708
400446 7.55244e+006 32.0831
400446 7.55244e+006 32.0642
400446 7.55244e+006 32.0642
400446 7.55244e+006 32.059
400446 7.55244e+006 32.0708
400446 7.55244e+006 32.087
400446 7.55244e+006 32.0708
400446 7.55244e+006 32.059
400446 7.55244e+006 32.059
400446 7.55244e+006 32.0658
400446 7.55244e+006 32.087
400446 7.55244e+006 32.1154
400446 7.55244e+006 32.087
400446 7.55244e+006 32.0658
400446 7.55244e+006 32.0658
400446 7.55244e+006 32.0777
400446 7.55244e+006 32.1154
400446 7.55244e+006 32.1277
400446 7.55244e+006 32.1154
400446 7.55244e+006 32.0777
400446 7.55244e+006 32.0777
400446 7.55244e+006 32.0829
400446 7.55244e+006 32.1277
400445 7.55244e+006 32.105
400445 7.55244e+006 32.1211
400446 7.55244e+006 32.1277
400446 7.55244e+006 32.1277
400446 7.55244e+006 32.1115
400445 7.55244e+006 32.105
400445 7.55244e+006 32.0766
400445 7.55244e+006 32.105
400446 7.55244e+006 32.1115
400446 7.55244e+006 32.1115
400446 7.55244e+006 32.0831
400445 7.55244e+006 32.0766
400445 7.55244e+006 32.0644
400445 7.55244e+006 32.0766
400446 7.55244e+006 32.0831
400446 7.55244e+006 32.0831
400446 7.55244e+006 32.0708
400445 7.55244e+006 32.0644
400445 7.55244e+006 32.0805
400445 7.55244e+006 32.0644
400446 7.55244e+006 32.0708
400446 7.55244e+006 32.0708
400446 7.55244e+006 32.087
400445 7.55244e+006 32.0805
400445 7.55244e+006 32.1088
400445 7.55244e+006 32.0805
400446 7.55244e+006 32.087
400446 7.55244e+006 32.087
400446 7.55244e+006 32.1154
400445 7.55244e+006 32.1088
400445 7.55244e+006 32.1211
400445 7.55244e+006 32.1088
400446 7.55244e+006 32.1154
400446 7.55244e+006 32.1154
400446 7.55244e+006 32.1277
400445 7.55244e+006 32.1211
400445 7.55244e+006 32.0691
400445 7.55244e+006 32.0757
400445 7.55244e+006 32.1211
400445 7.55244e+006 32.1211
400445 7.55244e+006 32.105
400445 7.55244e+006 32.0691
400445 7.55244e+006 32.0575
400445 7.55244e+006 32.0691
400445 7.55244e+006 32.105
400445 7.55244e+006 32.105
400445 7.55244e+006 32.0766
400445 7.55244e+006 32.0575
400445 7.55244e+006 32.0525
400445 7.55244e+006 32.0575
400445 7.55244e+006 32.0766
400445 7.55244e+006 32.0766
400445 7.55244e+006 32.0644
400445 7.55244e+006 32.0525
400445 7.55244e+006 32.0591
400445 7.55244e+006 32.0525
400445 7.55244e+006 32.0644
400445 7.55244e+006 32.0644
400445 7.55244e+006 32.0805
400445 7.55244e+006 32.0591
400445 7.55244e+006 32.0707
400445 7.55244e+006 32.0591
400445 7.55244e+006 32.0805
400445 7.55244e+006 32.0805
400445 7.55244e+006 32.1088
400445 7.55244e+006 32.0707
400445 7.55244e+006 32.0757
400445 7.55244e+006 32.0707
400445 7.55244e+006 32.1088
400445 7.55244e+006 32.1088
400445 7.55244e+006 32.1211
400445 7.55244e+006 32.0757
400445 7.55244e+006 29.8199
400445 7.55244e+006 29.8224
400445 7.55244e+006 32.0757
400445 7.55244e+006 32.0757
400445 7.55244e+006 32.0691
400445 7.55244e+006 29.8199
400445 7.55244e+006 29.8286
400445 7.55244e+006 29.8199
400445 7.55244e+006 32.0691
400445 7.55244e+006 32.0691
400445 7.55244e+006 32.0575
400445 7.55244e+006 29.8286
400445 7.55244e+006 29.8399
400445 7.55244e+006 29.8286
400445 7.55244e+006 32.0575
400445 7.55244e+006 32.0575
400445 7.55244e+006 32.0525
400445 7.55244e+006 29.8399
400445 7.55244e+006 29.8424
400445 7.55244e+006 29.8399
400445 7.55244e+006 32.0525
400445 7.55244e+006 32.0525
400445 7.55244e+006 32.0591
400445 7.55244e+006 29.8424
400445 7.55244e+006 29.8337
400445 7.55244e+006 29.8424
400445 7.55244e+006 32.0591
400445 7.55244e+006 32.0591
400445 7.55244e+006 32.0707
400445 7.55244e+006 29.8337
400445 7.55244e+006 29.8224
400445 7.55244e+006 29.8337
400445 7.55244e+006 32.0707
400445 7.55244e+006 32.0707
400445 7.55244e+006 32.0757
400445 7.55244e+006 29.8224
400445 7.55244e+006 29.7752
400445 7.55244e+006 29.7815
400445 7.55244e+006 29.8224
400445 7.55244e+006 29.8224
400445 7.55244e+006 29.8199
400445 7.55244e+006 29.7752
400445 7.55244e+006 29.7961
400445 7.55244e+006 29.7752
400445 7.55244e+006 29.8199
400445 7.55244e+006 29.8199
400445 7.55244e+006 29.8286
400445 7.55244e+006 29.7961
400445 7.55244e+006 29.8233
400445 7.55244e+006 29.7961
400445 7.55244e+006 29.8286
400445 7.55244e+006 29.8286
400445 7.55244e+006 29.8399
400445 7.55244e+006 29.8233
400445 7.55244e+006 29.8297
400445 7.55244e+006 29.8233
400445 7.55244e+006 29.8399
400445 7.55244e+006 29.8399
400445 7.55244e+006 29.8424
400445 7.55244e+006 29.8297
400445 7.55244e+006 29.8088
400445 7.55244e+006 29.8297
400445 7.55244e+006 29.8424
400445 7.55244e+006 29.8424
400445 7.55244e+006 29.8337
400445 7.55244e+006 29.8088
400445 7.55244e+006 29.7815
400445 7.55244e+006 29.8088
400445 7.55244e+006 29.8337
400445 7.55244e+006 29.8337
400445 7.55244e+006 29.8224
400445 7.55244e+006 29.7815
400445 7.55244e+006 29.7755
400445 7.55244e+006 29.784
400445 7.55244e+006 29.7815
400445 7.55244e+006 29.7815
400445 7.55244e+006 29.7752
400445 7.55244e+006 29.7755
400445 7.55244e+006 29.7948
400445 7.55244e+006 29.7755
400445 7.55244e+006 29.7752
400445 7.55244e+006 29.7752
400445 7.55244e+006 29.7961
400445 7.55244e+006 29.7948
400445 7.55244e+006 29.8226
400445 7.55244e+006 29.7948
400445 7.55244e+006 29.7961
400445 7.55244e+006 29.7961
400445 7.55244e+006 29.8233
400445 7.55244e+006 29.8226
400445 7.55244e+006 29.8311
400445 7.55244e+006 29.8226
400445 7.55244e+006 29.8233
400445 7.55244e+006 29.8233
400445 7.55244e+006 29.8297
400445 7.55244e+006 29.8311
400445 7.55244e+006 29.8118
400445 7.55244e+006 29.8311
400445 7.55244e+006 29.8297
400445 7.55244e+006 29.8297
400445 7.55244e+006 29.8088
400445 7.55244e+006 29.8118
400445 7.55244e+006 29.784
400445 7.55244e+006 29.8118
400445 7.55244e+006 29.8088
400445 7.55244e+006 29.8088
400445 7.55244e+006 29.7815
400445 7.55244e+006 29.784
400445 7.55244e+006 29.7727
400445 7.55244e+006 29.7833
400445 7.55244e+006 29.784
400445 7.55244e+006 29.784
400445 7.55244e+006 29.7755
400445 7.55244e+006 29.7727
400445 7.55244e+006 29.7902
400445 7.55244e+006 29.7727
400445 7.55244e+006 29.7755
400445 7.55244e+006 29.7755
400445 7.55244e+006 29.7948
400445 7.55244e+006 29.7902
400445 7.55244e+006 29.8184
400445 7.55244e+006 29.7902
400445 7.55244e+006 29.7948
400445 7.55244e+006 29.7948
400445 7.55244e+006 29.8226
400445 7.55244e+006 29.8184
400445 7.55244e+006 29.829
400445 7.55244e+006 29.8184
400445 7.55244e+006 29.8226
400445 7.55244e+006 29.8226
400445 7.55244e+006 29.8311
400445 7.55244e+006 29.829
400445 7.55244e+006 29.8115
400445 7.55244e+006 29.829
400445 7.55244e+006 29.8311
400445 7.55244e+006 29.8311
400445 7.55244e+006 29.8118
400445 7.55244e+006 29.8115
400445 7.55244e+006 29.7833
400445 7.55244e+006 29.8115
400445 7.55244e+006 29.8118
400445 7.55244e+006 29.8118
400445 7.55244e+006 29.784
400445 7.55244e+006 29.7833
400445 7.55244e+006 29.7607
400445 7.55244e+006 29.765
400445 7.55244e+006 29.7833
400445 7.55244e+006 29.7833
400445 7.55244e+006 29.7727
400445 7.55244e+006 29.7607
400445 7.55244e+006 29.768
400445 7.55244e+006 29.7607
400445 7.55244e+006 29.7727
400445 7.55244e+006 29.7727
400445 7.55244e+006 29.7902
400445 7.55244e+006 29.768
400445 7.55244e+006 29.7796
400445 7.55244e+006 29.768
400445 7.55244e+006 29.7902
400445 7.55244e+006 29.7902
400445 7.55244e+006 29.8184
400445 7.55244e+006 29.7796
400445 7.55244e+006 29.784
400445 7.55244e+006 29.7796
400445 7.55244e+006 29.8184
400445 7.55244e+006 29.8184
400445 7.55244e+006 29.829
400445 7.55244e+006 29.784
400445 7.55244e+006 29.7766
400445 7.55244e+006 29.784
400445 7.55244e+006 29.829
400445 7.55244e+006 29.829
400445 7.55244e+006 29.8115
400445 7.55244e+006 29.7766
400445 7.55244e+006 29.765
400445 7.55244e+006 29.7766
400445 7.55244e+006 29.8115
400445 7.55244e+006 29.8115
400445 7.55244e+006 29.7833
400445 7.55244e+006 29.765
400446 7.55244e+006 18.9697
400445 7.55244e+006 18.9695
400445 7.55244e+006 29.765
400445 7.55244e+006 29.765
400445 7.55244e+006 29.7607
400446 7.55244e+006 18.9697
400446 7.55244e+006 18.9698
400446 7.55244e+006 18.9697
400445 7.55244e+006 29.7607
400445 7.55244e+006 29.7607
400445 7.55244e+006 29.768
400446 7.55244e+006 18.9698
400446 7.55244e+006 18.9698
400446 7.55244e+006 18.9698
400445 7.55244e+006 29.768
400445 7.55244e+006 29.768
400445 7.55244e+006 29.7796
400446 7.55244e+006 18.9698
400446 7.55244e+006 18.9696
400446 7.55244e+006 18.9698
400445 7.55244e+006 29.7796
400445 7.55244e+006 29.7796
400445 7.55244e+006 29.784
400446 7.55244e+006 18.9696
400445 7.55244e+006 18.9695
400446 7.55244e+006 18.9696
400445 7.55244e+006 29.784
400445 7.55244e+006 29.784
400445 7.55244e+006 29.7766
400445 7.55244e+006 18.9695
400445 7.55244e+006 18.9695
400445 7.55244e+006 18.9695
400445 7.55244e+006 29.7766
400445 7.55244e+006 29.7766
400445 7.55244e+006 29.765
400445 7.55244e+006 18.9695
400446 7.55244e+006 29.4807
400446 7.55244e+006 29.4807
400446 7.55244e+006 29.4805
400446 7.55244e+006 29.4807
400446 7.55244e+006 29.4805
400446 7.55244e+006 29.4804
400446 7.55244e+006 29.4807
400446 7.55244e+006 29.4804
400446 7.55244e+006 29.4805
400446 7.55244e+006 29.4807
400446 7.55244e+006 29.4807
400446 7.55244e+006 29.4805
400446 7.55244e+006 18.9698
400445 7.55244e+006 18.9695
400446 7.55244e+006 18.9697
400445 7.55244e+006 18.9695
400446 7.55244e+006 18.9698
400446 7.55244e+006 18.9698
400446 7.55244e+006 18.9698
400446 7.55244e+006 18.9696
400445 7.55244e+006 18.9695
400445 7.55244e+006 18.9695
400445 7.55244e+006 18.9695
400446 7.55244e+006 18.9696
400446 7.55244e+006 30.8648
400445 7.55244e+006 30.8556
400445 7.55244e+006 30.83
400445 7.55244e+006 30.83
400446 7.55244e+006 30.8392
400446 7.55244e+006 30.8648
400446 7.55244e+006 30.8776
400445 7.55244e+006 30.8684
400445 7.55244e+006 30.8556
400445 7.55244e+006 30.8556
400446 7.55244e+006 30.8648
400446 7.55244e+006 30.8776
400446 7.55244e+006 30.8648
400445 7.55244e+006 30.8556
400445 7.55244e+006 30.8684
400445 7.55244e+006 30.8684
400446 7.55244e+006 30.8776
400446 7.55244e+006 30.8648
400446 7.55244e+006 30.8392
400445 7.55244e+006 30.83
400445 7.55244e+006 30.8556
400445 7.55244e+006 30.8556
400446 7.55244e+006 30.8648
400446 7.55244e+006 30.8392
400446 7.55244e+006 30.8264
400445 7.55244e+006 30.8172
400445 7.55244e+006 30.83
400445 7.55244e+006 30.83
400446 7.55244e+006 30.8392
400446 7.55244e+006 30.8264
400446 7.55244e+006 30.8392
400445 7.55244e+006 30.83
400445 7.55244e+006 30.8172
400445 7.55244e+006 30.8172
400446 7.55244e+006 30.8264
400446 7.55244e+006 30.8392
400445 7.55244e+006 30.83
400445 7.55244e+006 30.8172
400445 7.55244e+006 30.83
400445 7.55244e+006 30.8556
400445 7.55244e+006 30.83
400445 7.55244e+006 30.83
400445 7.55244e+006 30.8684
400445 7.55244e+006 30.8556
400445 7.55244e+006 30.83
400445 7.55244e+006 30.8556
400445 7.55244e+006 30.8684
400445 7.55244e+006 30.83
400446 7.55244e+006 30.8776
400446 7.55244e+006 30.8648
400446 7.55244e+006 30.8392
400446 7.55244e+006 30.8392
400446 7.55244e+006 30.8392
400446 7.55244e+006 30.8648
400446 7.55244e+006 30.8648
400446 7.55244e+006 30.8776
400446 7.55244e+006 30.8392
400446 7.55244e+006 30.8264
400446 7.55244e+006 30.8392
400446 7.55244e+006 30.8392
