405428 7.55479e+006 37.8766
405428 7.55479e+006 37.8766
405427 7.55479e+006 37.8766
405428 7.55479e+006 37.8766
405428 7.55479e+006 37.8766
405427 7.55479e+006 37.8766
405428 7.55479e+006 37.8766
405427 7.55479e+006 37.8766
405427 7.55479e+006 37.8766
405428 7.55479e+006 37.8766
405428 7.55479e+006 37.8766
405427 7.55479e+006 37.8766
405428 7.55479e+006 37.8766
405427 7.55479e+006 37.8766
405427 7.55479e+006 37.8765
405428 7.55479e+006 37.8765
405428 7.55479e+006 37.8766
405427 7.55479e+006 37.8765
405428 7.55479e+006 37.8765
405427 7.55479e+006 37.8765
405426 7.55479e+006 37.8765
405428 7.55478e+006 37.8765
405428 7.55479e+006 37.8765
405426 7.55479e+006 37.8765
405428 7.55478e+006 37.8765
405426 7.55479e+006 37.8765
405427 7.55479e+006 37.8765
405428 7.55478e+006 37.8765
405428 7.55478e+006 37.8765
405427 7.55479e+006 37.8765
405428 7.55478e+006 37.8765
405427 7.55479e+006 37.8765
405427 7.55478e+006 37.8765
405427 7.55478e+006 37.8765
405428 7.55478e+006 37.8765
405427 7.55478e+006 37.8765
405434 7.55478e+006 37.8766
405433 7.55478e+006 37.8766
405433 7.55478e+006 37.8766
405434 7.55478e+006 37.8766
405434 7.55478e+006 37.8766
405433 7.55478e+006 37.8766
405434 7.55478e+006 37.8766
405433 7.55478e+006 37.8766
405433 7.55478e+006 37.8766
405434 7.55478e+006 37.8765
405434 7.55478e+006 37.8766
405433 7.55478e+006 37.8766
405434 7.55478e+006 37.8765
405433 7.55478e+006 37.8766
405432 7.55478e+006 37.8765
405434 7.55478e+006 37.8765
405434 7.55478e+006 37.8765
405432 7.55478e+006 37.8765
405434 7.55478e+006 37.8765
405432 7.55478e+006 37.8765
405432 7.55478e+006 37.8765
405434 7.55478e+006 37.8765
405434 7.55478e+006 37.8765
405432 7.55478e+006 37.8765
405434 7.55478e+006 37.8765
405432 7.55478e+006 37.8765
405432 7.55478e+006 37.8765
405433 7.55478e+006 37.8765
405434 7.55478e+006 37.8765
405432 7.55478e+006 37.8765
405433 7.55478e+006 37.8765
405432 7.55478e+006 37.8765
405433 7.55478e+006 37.8765
405433 7.55478e+006 37.8765
405433 7.55478e+006 37.8765
405433 7.55478e+006 37.8765
