398021 7.55154e+006 -280.08
398021 7.55154e+006 -280.08
398021 7.55154e+006 -280.08
398021 7.55154e+006 -280.08
398021 7.55154e+006 -280.08
398021 7.55154e+006 -280.08
398021 7.55154e+006 -279.892
398021 7.55154e+006 -279.892
398021 7.55154e+006 -279.892
398021 7.55154e+006 -279.892
398021 7.55154e+006 -279.892
398021 7.55154e+006 -279.892
398021 7.55154e+006 -280.08
398021 7.55154e+006 -280.08
398021 7.55154e+006 -279.892
398021 7.55154e+006 -279.892
398021 7.55154e+006 -279.892
398021 7.55154e+006 -280.08
398021 7.55154e+006 -280.08
398021 7.55154e+006 -280.08
398021 7.55154e+006 -279.892
398021 7.55154e+006 -279.892
398021 7.55154e+006 -279.892
398021 7.55154e+006 -280.08
398021 7.55154e+006 -280.08
398021 7.55154e+006 -280.08
398021 7.55154e+006 -279.892
398021 7.55154e+006 -279.892
398021 7.55154e+006 -279.892
398021 7.55154e+006 -280.08
398021 7.55154e+006 -280.08
398021 7.55154e+006 -280.08
398021 7.55154e+006 -279.892
398021 7.55154e+006 -279.892
398021 7.55154e+006 -279.892
398021 7.55154e+006 -280.08
398021 7.55154e+006 -279.925
398021 7.55154e+006 -279.925
398021 7.55154e+006 -279.726
398021 7.55154e+006 -279.726
398021 7.55154e+006 -279.726
398021 7.55154e+006 -279.925
398021 7.55154e+006 -279.925
398021 7.55154e+006 -279.925
398021 7.55154e+006 -279.726
398021 7.55154e+006 -279.726
398021 7.55154e+006 -279.726
398021 7.55154e+006 -279.925
398021 7.55154e+006 -279.925
398021 7.55154e+006 -279.925
398021 7.55154e+006 -279.726
398021 7.55154e+006 -279.726
398021 7.55154e+006 -279.726
398021 7.55154e+006 -279.925
398021 7.55154e+006 -279.925
398021 7.55154e+006 -279.925
398021 7.55154e+006 -279.726
398021 7.55154e+006 -279.726
398021 7.55154e+006 -279.726
398021 7.55154e+006 -279.925
398021 7.55154e+006 -279.925
398021 7.55154e+006 -279.925
398021 7.55154e+006 -279.726
398021 7.55154e+006 -279.726
398021 7.55154e+006 -279.726
398021 7.55154e+006 -279.925
398021 7.55154e+006 -279.925
398021 7.55154e+006 -279.925
398021 7.55154e+006 -279.726
398021 7.55154e+006 -279.726
398021 7.55154e+006 -279.726
398021 7.55154e+006 -279.925
398021 7.55154e+006 -279.925
398021 7.55154e+006 -279.925
398021 7.55154e+006 -279.726
398021 7.55154e+006 -279.726
398021 7.55154e+006 -279.726
398021 7.55154e+006 -279.925
398021 7.55154e+006 -279.925
398021 7.55154e+006 -279.925
398021 7.55154e+006 -279.726
398021 7.55154e+006 -279.726
398021 7.55154e+006 -279.726
398021 7.55154e+006 -279.925
398021 7.55154e+006 -279.925
398021 7.55154e+006 -279.925
398021 7.55154e+006 -279.726
398021 7.55154e+006 -279.726
398021 7.55154e+006 -279.726
398021 7.55154e+006 -279.925
398021 7.55154e+006 -279.925
398021 7.55154e+006 -279.925
398021 7.55154e+006 -279.726
398021 7.55154e+006 -279.726
398021 7.55154e+006 -279.726
398021 7.55154e+006 -279.925
398021 7.55154e+006 -279.925
398021 7.55154e+006 -279.925
398021 7.55154e+006 -279.726
398021 7.55154e+006 -279.726
398021 7.55154e+006 -279.726
398021 7.55154e+006 -279.925
398021 7.55154e+006 -279.925
398021 7.55154e+006 -279.925
398021 7.55154e+006 -279.726
398021 7.55154e+006 -279.726
398021 7.55154e+006 -279.726
398021 7.55154e+006 -279.925
398021 7.55154e+006 -279.725
398021 7.55154e+006 -279.725
398021 7.55154e+006 -279.666
398021 7.55154e+006 -279.666
398021 7.55154e+006 -279.666
398021 7.55154e+006 -279.725
398021 7.55154e+006 -279.725
398021 7.55154e+006 -279.725
398021 7.55154e+006 -279.666
398021 7.55154e+006 -279.666
398021 7.55154e+006 -279.666
398021 7.55154e+006 -279.725
398021 7.55154e+006 -279.725
398021 7.55154e+006 -279.725
398021 7.55154e+006 -279.666
398021 7.55154e+006 -279.666
398021 7.55154e+006 -279.666
398021 7.55154e+006 -279.725
398021 7.55154e+006 -279.725
398021 7.55154e+006 -279.725
398021 7.55154e+006 -279.666
398021 7.55154e+006 -279.666
398021 7.55154e+006 -279.666
398021 7.55154e+006 -279.725
398021 7.55154e+006 -279.725
398021 7.55154e+006 -279.725
398021 7.55154e+006 -279.666
398021 7.55154e+006 -279.666
398021 7.55154e+006 -279.666
398021 7.55154e+006 -279.725
398021 7.55154e+006 -279.725
398021 7.55154e+006 -279.725
398021 7.55154e+006 -279.666
398021 7.55154e+006 -279.666
398021 7.55154e+006 -279.666
398021 7.55154e+006 -279.725
398021 7.55154e+006 -279.725
398021 7.55154e+006 -279.725
398021 7.55154e+006 -279.666
398021 7.55154e+006 -279.666
398021 7.55154e+006 -279.666
398021 7.55154e+006 -279.725
398021 7.55154e+006 -279.725
398021 7.55154e+006 -279.725
398021 7.55154e+006 -279.666
398021 7.55154e+006 -279.666
398021 7.55154e+006 -279.666
398021 7.55154e+006 -279.725
398021 7.55154e+006 -279.725
398021 7.55154e+006 -279.725
398021 7.55154e+006 -279.666
398021 7.55154e+006 -279.666
398021 7.55154e+006 -279.666
398021 7.55154e+006 -279.725
398021 7.55154e+006 -279.725
398021 7.55154e+006 -279.725
398021 7.55154e+006 -279.666
398021 7.55154e+006 -279.666
398021 7.55154e+006 -279.666
398021 7.55154e+006 -279.725
398021 7.55154e+006 -279.725
398021 7.55154e+006 -279.725
398021 7.55154e+006 -279.666
398021 7.55154e+006 -279.666
398021 7.55154e+006 -279.666
398021 7.55154e+006 -279.725
398021 7.55154e+006 -279.725
398021 7.55154e+006 -279.725
398021 7.55154e+006 -279.666
398021 7.55154e+006 -279.666
398021 7.55154e+006 -279.666
398021 7.55154e+006 -279.725
398021 7.55154e+006 -279.725
398021 7.55154e+006 -279.725
398021 7.55154e+006 -279.725
398021 7.55154e+006 -279.725
398021 7.55154e+006 -279.725
398021 7.55154e+006 -279.725
398021 7.55154e+006 -279.725
398021 7.55154e+006 -279.725
398021 7.55154e+006 -279.725
398021 7.55154e+006 -279.725
398021 7.55154e+006 -279.725
398021 7.55154e+006 -279.725
398021 7.55154e+006 -279.725
398021 7.55154e+006 -279.725
398021 7.55154e+006 -279.725
398021 7.55154e+006 -279.725
398021 7.55154e+006 -279.725
398021 7.55154e+006 -279.725
398021 7.55154e+006 -279.725
398021 7.55154e+006 -279.725
398021 7.55154e+006 -279.725
398021 7.55154e+006 -279.725
398021 7.55154e+006 -279.725
398021 7.55154e+006 -279.725
398021 7.55154e+006 -279.725
398021 7.55154e+006 -279.725
398021 7.55154e+006 -279.725
398021 7.55154e+006 -279.725
398021 7.55154e+006 -279.725
398021 7.55154e+006 -279.725
398021 7.55154e+006 -279.66
398021 7.55154e+006 -279.66
398021 7.55154e+006 -279.66
398021 7.55154e+006 -279.66
398021 7.55154e+006 -279.66
398021 7.55154e+006 -279.66
398021 7.55154e+006 -279.66
398021 7.55154e+006 -279.66
398021 7.55154e+006 -279.66
398021 7.55154e+006 -279.66
398021 7.55154e+006 -279.66
398021 7.55154e+006 -279.66
398021 7.55154e+006 -279.66
398021 7.55154e+006 -279.66
398021 7.55154e+006 -279.66
398021 7.55154e+006 -279.66
398021 7.55154e+006 -279.66
398021 7.55154e+006 -279.66
398021 7.55154e+006 -279.66
398021 7.55154e+006 -279.66
398021 7.55154e+006 -279.66
398021 7.55154e+006 -279.66
398021 7.55154e+006 -279.66
398021 7.55154e+006 -279.66
398021 7.55154e+006 -279.66
398021 7.55154e+006 -279.66
398021 7.55154e+006 -279.66
398021 7.55154e+006 -279.66
398021 7.55154e+006 -279.66
398021 7.55154e+006 -279.66
398021 7.55154e+006 -279.666
398021 7.55154e+006 -279.66
398021 7.55154e+006 -279.66
398021 7.55154e+006 -279.66
398021 7.55154e+006 -279.666
398021 7.55154e+006 -279.666
398021 7.55154e+006 -279.666
398021 7.55154e+006 -279.66
398021 7.55154e+006 -279.66
398021 7.55154e+006 -279.66
398021 7.55154e+006 -279.666
398021 7.55154e+006 -279.666
398021 7.55154e+006 -279.666
398021 7.55154e+006 -279.66
398021 7.55154e+006 -279.66
398021 7.55154e+006 -279.66
398021 7.55154e+006 -279.666
398021 7.55154e+006 -279.666
398021 7.55154e+006 -279.666
398021 7.55154e+006 -279.66
398021 7.55154e+006 -279.66
398021 7.55154e+006 -279.66
398021 7.55154e+006 -279.666
398021 7.55154e+006 -279.666
398021 7.55154e+006 -279.666
398021 7.55154e+006 -279.66
398021 7.55154e+006 -279.66
398021 7.55154e+006 -279.66
398021 7.55154e+006 -279.666
398021 7.55154e+006 -279.666
398021 7.55154e+006 -279.666
398021 7.55154e+006 -279.66
398021 7.55154e+006 -279.66
398021 7.55154e+006 -279.66
398021 7.55154e+006 -279.666
398021 7.55154e+006 -279.666
398021 7.55154e+006 -279.666
398021 7.55154e+006 -279.66
398021 7.55154e+006 -279.66
398021 7.55154e+006 -279.66
398021 7.55154e+006 -279.666
398021 7.55154e+006 -279.666
398021 7.55154e+006 -279.666
398021 7.55154e+006 -279.66
398021 7.55154e+006 -279.66
398021 7.55154e+006 -279.66
398021 7.55154e+006 -279.666
398021 7.55154e+006 -279.666
398021 7.55154e+006 -279.666
398021 7.55154e+006 -279.66
398021 7.55154e+006 -279.66
398021 7.55154e+006 -279.66
398021 7.55154e+006 -279.666
398021 7.55154e+006 -279.666
398021 7.55154e+006 -279.666
398021 7.55154e+006 -279.66
398021 7.55154e+006 -279.66
398021 7.55154e+006 -279.66
398021 7.55154e+006 -279.666
398021 7.55154e+006 -279.666
398021 7.55154e+006 -279.666
398021 7.55154e+006 -279.66
398021 7.55154e+006 -279.66
398021 7.55154e+006 -279.66
398021 7.55154e+006 -279.666
398021 7.55154e+006 -279.666
398021 7.55154e+006 -279.666
398021 7.55154e+006 -279.66
398021 7.55154e+006 -279.66
398021 7.55154e+006 -279.66
398021 7.55154e+006 -279.666
398021 7.55154e+006 -279.666
