405418 7.5548e+006 25.6842
405418 7.5548e+006 23.4342
405419 7.5548e+006 23.4343
405419 7.5548e+006 23.4343
405419 7.5548e+006 25.6843
405418 7.5548e+006 25.6842
405416 7.5548e+006 23.4317
405416 7.5548e+006 25.6817
405416 7.5548e+006 25.6818
405416 7.5548e+006 25.6818
405416 7.5548e+006 23.4318
405416 7.5548e+006 23.4317
405418 7.5548e+006 23.4342
405416 7.5548e+006 23.4317
405416 7.5548e+006 23.4318
405416 7.5548e+006 23.4318
405419 7.5548e+006 23.4343
405418 7.5548e+006 23.4342
405418 7.5548e+006 25.6842
405416 7.5548e+006 25.6817
405416 7.5548e+006 23.4317
405416 7.5548e+006 23.4317
405418 7.5548e+006 23.4342
405418 7.5548e+006 25.6842
405419 7.5548e+006 25.6843
405416 7.5548e+006 25.6818
405416 7.5548e+006 25.6817
405416 7.5548e+006 25.6817
405418 7.5548e+006 25.6842
405419 7.5548e+006 25.6843
405419 7.5548e+006 23.4343
405416 7.5548e+006 23.4318
405416 7.5548e+006 25.6818
405416 7.5548e+006 25.6818
405419 7.5548e+006 25.6843
405419 7.5548e+006 23.4343
