405409 7.5548e+006 24.6749
405409 7.5548e+006 25.1249
405408 7.5548e+006 25.1237
405408 7.5548e+006 25.1237
405408 7.5548e+006 24.674
405409 7.5548e+006 24.6749
405410 7.5548e+006 24.675
405410 7.5548e+006 25.125
405409 7.5548e+006 25.1249
405409 7.5548e+006 25.1249
405409 7.5548e+006 24.6749
405410 7.5548e+006 24.675
405409 7.5548e+006 24.6741
405409 7.5548e+006 25.1238
405410 7.5548e+006 25.125
405410 7.5548e+006 25.125
405410 7.5548e+006 24.675
405409 7.5548e+006 24.6741
405408 7.5548e+006 24.674
405408 7.5548e+006 25.1237
405409 7.5548e+006 25.1238
405409 7.5548e+006 25.1238
405409 7.5548e+006 24.6741
405408 7.5548e+006 24.674
