405426 7.55479e+006 21.8375
405426 7.55479e+006 21.8376
405426 7.55479e+006 21.7376
405426 7.55479e+006 21.7376
405426 7.55479e+006 21.7375
405426 7.55479e+006 21.8375
405424 7.55479e+006 21.736
405425 7.55479e+006 21.7361
405425 7.55479e+006 21.8361
405425 7.55479e+006 21.8361
405424 7.55479e+006 21.836
405424 7.55479e+006 21.736
405426 7.55479e+006 21.8375
405426 7.55479e+006 21.7375
405424 7.55479e+006 21.736
405424 7.55479e+006 21.736
405424 7.55479e+006 21.836
405426 7.55479e+006 21.8375
405426 7.55479e+006 21.8376
405426 7.55479e+006 21.8375
405424 7.55479e+006 21.836
405424 7.55479e+006 21.836
405425 7.55479e+006 21.8361
405426 7.55479e+006 21.8376
405426 7.55479e+006 21.7376
405426 7.55479e+006 21.8376
405425 7.55479e+006 21.8361
405425 7.55479e+006 21.8361
405425 7.55479e+006 21.7361
405426 7.55479e+006 21.7376
