405456 7.55483e+006 25.4722
405459 7.55483e+006 25.4722
405453 7.55483e+006 25.4722
405453 7.55483e+006 25.4722
405450 7.55483e+006 25.4722
405456 7.55483e+006 25.4722
405444 7.55483e+006 25.4722
405447 7.55484e+006 25.4722
405441 7.55484e+006 25.4722
405441 7.55484e+006 25.4722
405439 7.55483e+006 25.4722
405444 7.55483e+006 25.4722
405433 7.55484e+006 25.4722
405435 7.55484e+006 25.4722
405430 7.55484e+006 25.4722
405430 7.55484e+006 25.4722
405427 7.55484e+006 25.4722
405433 7.55484e+006 25.4722
