398076 7.55178e+006 -281.315
398076 7.55178e+006 -281.315
398076 7.55178e+006 -281.315
398076 7.55178e+006 -281.315
398076 7.55178e+006 -281.315
398077 7.55178e+006 -281.315
398077 7.55178e+006 -281.315
398076 7.55178e+006 -281.315
398076 7.55178e+006 -281.315
398077 7.55178e+006 -281.315
398076 7.55178e+006 -281.315
398077 7.55178e+006 -281.315
398077 7.55178e+006 -281.315
398077 7.55178e+006 -281.315
398077 7.55178e+006 -281.315
398077 7.55178e+006 -281.315
398079 7.55178e+006 -281.315
398077 7.55178e+006 -281.315
398077 7.55178e+006 -281.315
398077 7.55178e+006 -281.315
398077 7.55178e+006 -281.315
398078 7.55178e+006 -281.315
398079 7.55178e+006 -281.315
398078 7.55178e+006 -281.315
398078 7.55178e+006 -281.315
398079 7.55178e+006 -281.315
398079 7.55178e+006 -281.315
398079 7.55178e+006 -281.315
398079 7.55178e+006 -281.315
398079 7.55178e+006 -281.315
398079 7.55178e+006 -281.315
398079 7.55178e+006 -281.315
398079 7.55178e+006 -281.315
398078 7.55178e+006 -281.315
398079 7.55178e+006 -281.315
398078 7.55178e+006 -281.315
398078 7.55178e+006 -281.315
398079 7.55178e+006 -281.315
398078 7.55178e+006 -281.315
398078 7.55178e+006 -281.315
398079 7.55178e+006 -281.315
398077 7.55178e+006 -281.315
398077 7.55178e+006 -281.315
398077 7.55178e+006 -281.315
398078 7.55178e+006 -281.315
398077 7.55178e+006 -281.315
398077 7.55178e+006 -281.315
398077 7.55178e+006 -281.315
398077 7.55178e+006 -281.315
398077 7.55178e+006 -281.315
398077 7.55178e+006 -281.315
398077 7.55178e+006 -281.315
398077 7.55178e+006 -281.315
398077 7.55178e+006 -281.315
398078 7.55178e+006 -281.315
398077 7.55178e+006 -281.315
398079 7.55178e+006 -281.315
398078 7.55178e+006 -281.315
398078 7.55178e+006 -281.315
398079 7.55178e+006 -281.315
398078 7.55178e+006 -281.315
398079 7.55178e+006 -281.315
398079 7.55178e+006 -281.315
398076 7.55179e+006 -281.315
398076 7.55179e+006 -281.315
398076 7.55179e+006 -281.315
398078 7.55179e+006 -281.315
398079 7.55179e+006 -281.315
398079 7.55179e+006 -281.315
398078 7.55178e+006 -281.315
398077 7.55178e+006 -281.315
398077 7.55178e+006 -281.315
398078 7.55178e+006 -281.315
398077 7.55178e+006 -281.315
398077 7.55178e+006 -281.315
398078 7.55178e+006 -281.315
398077 7.55178e+006 -281.315
398079 7.55178e+006 -281.315
398076 7.55179e+006 -281.315
398077 7.55179e+006 -281.315
398077 7.55179e+006 -281.315
398077 7.55179e+006 -281.315
398077 7.55179e+006 -281.315
398076 7.55179e+006 -281.315
398076 7.55179e+006 -281.315
398076 7.55179e+006 -281.315
398077 7.55179e+006 -281.315
398077 7.55179e+006 -281.315
398076 7.55179e+006 -281.315
398076 7.55179e+006 -281.315
398077 7.55179e+006 -281.315
398077 7.55179e+006 -281.315
398077 7.55179e+006 -281.315
398077 7.55179e+006 -281.315
398079 7.55179e+006 -281.315
398077 7.55179e+006 -281.315
398078 7.55179e+006 -281.315
398078 7.55179e+006 -281.315
398079 7.55179e+006 -281.315
398079 7.55178e+006 -281.315
398079 7.55179e+006 -281.315
398079 7.55179e+006 -281.315
398079 7.55179e+006 -281.315
398079 7.55179e+006 -281.315
398079 7.55178e+006 -281.315
398077 7.55179e+006 -281.315
398077 7.55179e+006 -281.315
398077 7.55178e+006 -281.315
398077 7.55178e+006 -281.315
398077 7.55178e+006 -281.315
398077 7.55179e+006 -281.315
398078 7.55179e+006 -281.315
398078 7.55179e+006 -281.315
398079 7.55178e+006 -281.315
398078 7.55179e+006 -281.315
398078 7.55178e+006 -281.315
398079 7.55178e+006 -281.315
398077 7.55178e+006 -281.315
398077 7.55179e+006 -281.315
398077 7.55178e+006 -281.315
398079 7.55179e+006 -281.315
398079 7.55179e+006 -281.315
398077 7.55179e+006 -281.315
398077 7.55179e+006 -281.315
398077 7.55179e+006 -281.315
398079 7.55179e+006 -281.315
398078 7.55179e+006 -281.315
398079 7.55179e+006 -281.315
398078 7.55179e+006 -281.315
398078 7.55179e+006 -281.315
398079 7.55179e+006 -281.315
398077 7.55179e+006 -281.315
398078 7.55179e+006 -281.315
398079 7.55178e+006 -281.315
398079 7.55179e+006 -281.315
398076 7.55179e+006 -281.319
398076 7.55179e+006 -281.319
398076 7.55179e+006 -281.319
398076 7.55179e+006 -281.319
398076 7.55179e+006 -281.319
398076 7.55179e+006 -281.319
398077 7.55179e+006 -281.319
398076 7.55179e+006 -281.319
398076 7.55179e+006 -281.319
398076 7.55179e+006 -281.319
398077 7.55179e+006 -281.319
398077 7.55179e+006 -281.319
