405410 7.55479e+006 29.549
405410 7.55479e+006 36.729
405410 7.55479e+006 36.7289
405410 7.55479e+006 36.7289
405410 7.55479e+006 29.5489
405410 7.55479e+006 29.549
405409 7.55479e+006 36.7288
405409 7.55479e+006 29.5488
405409 7.55479e+006 29.5488
405409 7.55479e+006 29.5488
405409 7.55479e+006 36.7288
405409 7.55479e+006 36.7288
405410 7.55479e+006 36.729
405409 7.55479e+006 36.7288
405409 7.55479e+006 36.7288
405409 7.55479e+006 36.7288
405410 7.55479e+006 36.7289
405410 7.55479e+006 36.729
405410 7.55479e+006 29.549
405409 7.55479e+006 29.5488
405409 7.55479e+006 36.7288
405409 7.55479e+006 36.7288
405410 7.55479e+006 36.729
405410 7.55479e+006 29.549
405410 7.55479e+006 29.5489
405409 7.55479e+006 29.5488
405409 7.55479e+006 29.5488
405409 7.55479e+006 29.5488
405410 7.55479e+006 29.549
405410 7.55479e+006 29.5489
405410 7.55479e+006 36.7289
405409 7.55479e+006 36.7288
405409 7.55479e+006 29.5488
405409 7.55479e+006 29.5488
405410 7.55479e+006 29.5489
405410 7.55479e+006 36.7289
405407 7.55479e+006 29.5465
405407 7.55479e+006 36.7266
405407 7.55479e+006 36.7264
405407 7.55479e+006 36.7264
405407 7.55479e+006 29.5464
405407 7.55479e+006 29.5465
405407 7.55479e+006 36.7266
405407 7.55479e+006 29.5466
405407 7.55479e+006 29.5464
405407 7.55479e+006 29.5464
405407 7.55479e+006 36.7264
405407 7.55479e+006 36.7266
405407 7.55479e+006 36.7266
405407 7.55479e+006 36.7266
405407 7.55479e+006 36.7264
405407 7.55479e+006 36.7264
405407 7.55479e+006 36.7264
405407 7.55479e+006 36.7266
405407 7.55479e+006 29.5465
405407 7.55479e+006 29.5466
405407 7.55479e+006 36.7266
405407 7.55479e+006 36.7266
405407 7.55479e+006 36.7266
405407 7.55479e+006 29.5465
405407 7.55479e+006 29.5464
405407 7.55479e+006 29.5464
405407 7.55479e+006 29.5466
405407 7.55479e+006 29.5466
405407 7.55479e+006 29.5465
405407 7.55479e+006 29.5464
405407 7.55479e+006 36.7264
405407 7.55479e+006 36.7264
405407 7.55479e+006 29.5464
405407 7.55479e+006 29.5464
405407 7.55479e+006 29.5464
405407 7.55479e+006 36.7264
405404 7.55479e+006 29.5431
405404 7.55479e+006 36.7231
405404 7.55479e+006 36.7231
405404 7.55479e+006 36.7231
405404 7.55479e+006 29.5431
405404 7.55479e+006 29.5431
405404 7.55479e+006 36.7229
405404 7.55479e+006 29.5429
405404 7.55479e+006 29.5429
405404 7.55479e+006 29.5429
405404 7.55479e+006 36.7229
405404 7.55479e+006 36.7229
405404 7.55479e+006 36.7231
405404 7.55479e+006 36.7229
405404 7.55479e+006 36.7229
405404 7.55479e+006 36.7229
405404 7.55479e+006 36.7231
405404 7.55479e+006 36.7231
405404 7.55479e+006 29.5431
405404 7.55479e+006 29.5429
405404 7.55479e+006 36.7229
405404 7.55479e+006 36.7229
405404 7.55479e+006 36.7231
405404 7.55479e+006 29.5431
405404 7.55479e+006 29.5431
405404 7.55479e+006 29.5429
405404 7.55479e+006 29.5429
405404 7.55479e+006 29.5429
405404 7.55479e+006 29.5431
405404 7.55479e+006 29.5431
405404 7.55479e+006 36.7231
405404 7.55479e+006 36.7229
405404 7.55479e+006 29.5429
405404 7.55479e+006 29.5429
405404 7.55479e+006 29.5431
405404 7.55479e+006 36.7231
405401 7.55479e+006 29.5407
405401 7.55479e+006 36.7207
405401 7.55479e+006 36.7205
405401 7.55479e+006 36.7205
405401 7.55479e+006 29.5405
405401 7.55479e+006 29.5407
405401 7.55479e+006 36.7207
405401 7.55479e+006 29.5407
405401 7.55479e+006 29.5405
405401 7.55479e+006 29.5405
405401 7.55479e+006 36.7205
405401 7.55479e+006 36.7207
405401 7.55479e+006 36.7207
405401 7.55479e+006 36.7207
405401 7.55479e+006 36.7205
405401 7.55479e+006 36.7205
405401 7.55479e+006 36.7205
405401 7.55479e+006 36.7207
405401 7.55479e+006 29.5407
405401 7.55479e+006 29.5407
405401 7.55479e+006 36.7207
405401 7.55479e+006 36.7207
405401 7.55479e+006 36.7207
405401 7.55479e+006 29.5407
405401 7.55479e+006 29.5405
405401 7.55479e+006 29.5405
405401 7.55479e+006 29.5407
405401 7.55479e+006 29.5407
405401 7.55479e+006 29.5407
405401 7.55479e+006 29.5405
405401 7.55479e+006 36.7205
405401 7.55479e+006 36.7205
405401 7.55479e+006 29.5405
405401 7.55479e+006 29.5405
405401 7.55479e+006 29.5405
405401 7.55479e+006 36.7205
405411 7.55479e+006 36.5791
405411 7.55479e+006 36.7291
405411 7.55479e+006 36.7292
405411 7.55479e+006 36.7292
405411 7.55479e+006 36.5792
405411 7.55479e+006 36.5791
405409 7.55479e+006 36.7288
405409 7.55479e+006 36.5788
405410 7.55479e+006 36.5789
405410 7.55479e+006 36.5789
405410 7.55479e+006 36.729
405409 7.55479e+006 36.7288
405411 7.55479e+006 36.7291
405409 7.55479e+006 36.7288
405410 7.55479e+006 36.729
405410 7.55479e+006 36.729
405411 7.55479e+006 36.7292
405411 7.55479e+006 36.7291
405411 7.55479e+006 36.5791
405409 7.55479e+006 36.5788
405409 7.55479e+006 36.7288
405409 7.55479e+006 36.7288
405411 7.55479e+006 36.7291
405411 7.55479e+006 36.5791
405411 7.55479e+006 36.5792
405410 7.55479e+006 36.5789
405409 7.55479e+006 36.5788
405409 7.55479e+006 36.5788
405411 7.55479e+006 36.5791
405411 7.55479e+006 36.5792
405411 7.55479e+006 36.7292
405410 7.55479e+006 36.729
405410 7.55479e+006 36.5789
405410 7.55479e+006 36.5789
405411 7.55479e+006 36.5792
405411 7.55479e+006 36.7292
405407 7.55479e+006 36.5766
405407 7.55479e+006 36.7266
405407 7.55479e+006 36.7264
405407 7.55479e+006 36.7264
405407 7.55479e+006 36.5764
405407 7.55479e+006 36.5766
405409 7.55479e+006 36.7268
405409 7.55479e+006 36.5768
405409 7.55479e+006 36.5767
405409 7.55479e+006 36.5767
405409 7.55479e+006 36.7267
405409 7.55479e+006 36.7268
405407 7.55479e+006 36.7266
405409 7.55479e+006 36.7268
405409 7.55479e+006 36.7267
405409 7.55479e+006 36.7267
405407 7.55479e+006 36.7264
405407 7.55479e+006 36.7266
405407 7.55479e+006 36.5766
405409 7.55479e+006 36.5768
405409 7.55479e+006 36.7268
405409 7.55479e+006 36.7268
405407 7.55479e+006 36.7266
405407 7.55479e+006 36.5766
405407 7.55479e+006 36.5764
405409 7.55479e+006 36.5767
405409 7.55479e+006 36.5768
405409 7.55479e+006 36.5768
405407 7.55479e+006 36.5766
405407 7.55479e+006 36.5764
405407 7.55479e+006 36.7264
405409 7.55479e+006 36.7267
405409 7.55479e+006 36.5767
405409 7.55479e+006 36.5767
405407 7.55479e+006 36.5764
405407 7.55479e+006 36.7264
405405 7.5548e+006 36.5732
405405 7.5548e+006 36.7232
405406 7.5548e+006 36.7233
405406 7.5548e+006 36.7233
405406 7.5548e+006 36.5733
405405 7.5548e+006 36.5732
405404 7.55479e+006 36.7229
405404 7.55479e+006 36.5729
405404 7.55479e+006 36.5731
405404 7.55479e+006 36.5731
405404 7.55479e+006 36.7231
405404 7.55479e+006 36.7229
405405 7.5548e+006 36.7232
405404 7.55479e+006 36.7229
405404 7.55479e+006 36.7231
405404 7.55479e+006 36.7231
405406 7.5548e+006 36.7233
405405 7.5548e+006 36.7232
405405 7.5548e+006 36.5732
405404 7.55479e+006 36.5729
405404 7.55479e+006 36.7229
405404 7.55479e+006 36.7229
405405 7.5548e+006 36.7232
405405 7.5548e+006 36.5732
405406 7.5548e+006 36.5733
405404 7.55479e+006 36.5731
405404 7.55479e+006 36.5729
405404 7.55479e+006 36.5729
405405 7.5548e+006 36.5732
405406 7.5548e+006 36.5733
405406 7.5548e+006 36.7233
405404 7.55479e+006 36.7231
405404 7.55479e+006 36.5731
405404 7.55479e+006 36.5731
405406 7.5548e+006 36.5733
405406 7.5548e+006 36.7233
405401 7.55479e+006 36.5707
405401 7.55479e+006 36.7207
405401 7.55479e+006 36.7205
405401 7.55479e+006 36.7205
405401 7.55479e+006 36.5705
405401 7.55479e+006 36.5707
405403 7.5548e+006 36.7209
405403 7.5548e+006 36.5709
405403 7.5548e+006 36.5708
405403 7.5548e+006 36.5708
405403 7.5548e+006 36.7208
405403 7.5548e+006 36.7209
405401 7.55479e+006 36.7207
405403 7.5548e+006 36.7209
405403 7.5548e+006 36.7208
405403 7.5548e+006 36.7208
405401 7.55479e+006 36.7205
405401 7.55479e+006 36.7207
405401 7.55479e+006 36.5707
405403 7.5548e+006 36.5709
405403 7.5548e+006 36.7209
405403 7.5548e+006 36.7209
405401 7.55479e+006 36.7207
405401 7.55479e+006 36.5707
405401 7.55479e+006 36.5705
405403 7.5548e+006 36.5708
405403 7.5548e+006 36.5709
405403 7.5548e+006 36.5709
405401 7.55479e+006 36.5707
405401 7.55479e+006 36.5705
405401 7.55479e+006 36.7205
405403 7.5548e+006 36.7208
405403 7.5548e+006 36.5708
405403 7.5548e+006 36.5708
405401 7.55479e+006 36.5705
405401 7.55479e+006 36.7205
405411 7.55479e+006 36.7291
405411 7.55479e+006 36.7291
405411 7.55479e+006 36.5791
405411 7.55479e+006 36.5791
405411 7.55479e+006 36.5791
405411 7.55479e+006 36.7291
405409 7.55479e+006 36.7268
405409 7.55479e+006 36.7268
405409 7.55479e+006 36.5768
405409 7.55479e+006 36.5768
405409 7.55479e+006 36.5768
405409 7.55479e+006 36.7268
405411 7.55479e+006 36.7291
405409 7.55479e+006 36.7268
405409 7.55479e+006 36.5768
405409 7.55479e+006 36.5768
405411 7.55479e+006 36.5791
405411 7.55479e+006 36.7291
405411 7.55479e+006 36.7291
405409 7.55479e+006 36.7268
405409 7.55479e+006 36.7268
405409 7.55479e+006 36.7268
405411 7.55479e+006 36.7291
405411 7.55479e+006 36.7291
405411 7.55479e+006 36.5791
405409 7.55479e+006 36.5768
405409 7.55479e+006 36.7268
405409 7.55479e+006 36.7268
405411 7.55479e+006 36.7291
405411 7.55479e+006 36.5791
405411 7.55479e+006 36.5791
405409 7.55479e+006 36.5768
405409 7.55479e+006 36.5768
405409 7.55479e+006 36.5768
405411 7.55479e+006 36.5791
405411 7.55479e+006 36.5791
405405 7.5548e+006 36.7232
405405 7.5548e+006 36.7232
405405 7.5548e+006 36.5732
405405 7.5548e+006 36.5732
405405 7.5548e+006 36.5732
405405 7.5548e+006 36.7232
405403 7.5548e+006 36.7209
405403 7.5548e+006 36.7209
405403 7.5548e+006 36.5709
405403 7.5548e+006 36.5709
405403 7.5548e+006 36.5709
405403 7.5548e+006 36.7209
405405 7.5548e+006 36.7232
405403 7.5548e+006 36.7209
405403 7.5548e+006 36.5709
405403 7.5548e+006 36.5709
405405 7.5548e+006 36.5732
405405 7.5548e+006 36.7232
405405 7.5548e+006 36.7232
405403 7.5548e+006 36.7209
405403 7.5548e+006 36.7209
405403 7.5548e+006 36.7209
405405 7.5548e+006 36.7232
405405 7.5548e+006 36.7232
405405 7.5548e+006 36.5732
405403 7.5548e+006 36.5709
405403 7.5548e+006 36.7209
405403 7.5548e+006 36.7209
405405 7.5548e+006 36.7232
405405 7.5548e+006 36.5732
405405 7.5548e+006 36.5732
405403 7.5548e+006 36.5709
405403 7.5548e+006 36.5709
405403 7.5548e+006 36.5709
405405 7.5548e+006 36.5732
405405 7.5548e+006 36.5732
405404 7.55479e+006 36.7229
405404 7.55479e+006 36.7229
405404 7.55479e+006 36.5729
405404 7.55479e+006 36.5729
405404 7.55479e+006 36.5729
405404 7.55479e+006 36.7229
405401 7.55479e+006 36.7207
405401 7.55479e+006 36.7207
405401 7.55479e+006 36.5707
405401 7.55479e+006 36.5707
405401 7.55479e+006 36.5707
405401 7.55479e+006 36.7207
405404 7.55479e+006 36.7229
405401 7.55479e+006 36.7207
405401 7.55479e+006 36.5707
405401 7.55479e+006 36.5707
405404 7.55479e+006 36.5729
405404 7.55479e+006 36.7229
405404 7.55479e+006 36.7229
405401 7.55479e+006 36.7207
405401 7.55479e+006 36.7207
405401 7.55479e+006 36.7207
405404 7.55479e+006 36.7229
405404 7.55479e+006 36.7229
405404 7.55479e+006 36.5729
405401 7.55479e+006 36.5707
405401 7.55479e+006 36.7207
405401 7.55479e+006 36.7207
405404 7.55479e+006 36.7229
405404 7.55479e+006 36.5729
405404 7.55479e+006 36.5729
405401 7.55479e+006 36.5707
405401 7.55479e+006 36.5707
405401 7.55479e+006 36.5707
405404 7.55479e+006 36.5729
405404 7.55479e+006 36.5729
405409 7.55479e+006 36.7288
405409 7.55479e+006 36.7288
405409 7.55479e+006 36.5788
405409 7.55479e+006 36.5788
405409 7.55479e+006 36.5788
405409 7.55479e+006 36.7288
405407 7.55479e+006 36.7266
405407 7.55479e+006 36.7266
405407 7.55479e+006 36.5766
405407 7.55479e+006 36.5766
405407 7.55479e+006 36.5765
405407 7.55479e+006 36.7266
405409 7.55479e+006 36.7288
405407 7.55479e+006 36.7266
405407 7.55479e+006 36.5765
405407 7.55479e+006 36.5765
405409 7.55479e+006 36.5788
405409 7.55479e+006 36.7288
405409 7.55479e+006 36.7288
405407 7.55479e+006 36.7266
405407 7.55479e+006 36.7266
405407 7.55479e+006 36.7266
405409 7.55479e+006 36.7288
405409 7.55479e+006 36.7288
405409 7.55479e+006 36.5788
405407 7.55479e+006 36.5766
405407 7.55479e+006 36.7266
405407 7.55479e+006 36.7266
405409 7.55479e+006 36.7288
405409 7.55479e+006 36.5788
405409 7.55479e+006 36.5788
405407 7.55479e+006 36.5765
405407 7.55479e+006 36.5766
405407 7.55479e+006 36.5766
405409 7.55479e+006 36.5788
405409 7.55479e+006 36.5788
405404 7.55479e+006 32.5929
405404 7.55479e+006 32.5929
405404 7.55479e+006 32.4429
405404 7.55479e+006 32.4429
405404 7.55479e+006 32.4429
405404 7.55479e+006 32.5929
405401 7.55479e+006 32.5907
405401 7.55479e+006 32.5907
405401 7.55479e+006 32.4407
405401 7.55479e+006 32.4407
405401 7.55479e+006 32.4407
405401 7.55479e+006 32.5907
405404 7.55479e+006 32.5929
405401 7.55479e+006 32.5907
405401 7.55479e+006 32.4407
405401 7.55479e+006 32.4407
405404 7.55479e+006 32.4429
405404 7.55479e+006 32.5929
405404 7.55479e+006 32.5929
405401 7.55479e+006 32.5907
405401 7.55479e+006 32.5907
405401 7.55479e+006 32.5907
405404 7.55479e+006 32.5929
405404 7.55479e+006 32.5929
405404 7.55479e+006 32.4429
405401 7.55479e+006 32.4407
405401 7.55479e+006 32.5907
405401 7.55479e+006 32.5907
405404 7.55479e+006 32.5929
405404 7.55479e+006 32.4429
405404 7.55479e+006 32.4429
405401 7.55479e+006 32.4407
405401 7.55479e+006 32.4407
405401 7.55479e+006 32.4407
405404 7.55479e+006 32.4429
405404 7.55479e+006 32.4429
405404 7.55479e+006 34.6929
405404 7.55479e+006 34.6929
405404 7.55479e+006 34.5429
405404 7.55479e+006 34.5429
405404 7.55479e+006 34.5429
405404 7.55479e+006 34.6929
405401 7.55479e+006 34.6907
405401 7.55479e+006 34.6907
405401 7.55479e+006 34.5407
405401 7.55479e+006 34.5407
405401 7.55479e+006 34.5407
405401 7.55479e+006 34.6907
405404 7.55479e+006 34.6929
405401 7.55479e+006 34.6907
405401 7.55479e+006 34.5407
405401 7.55479e+006 34.5407
405404 7.55479e+006 34.5429
405404 7.55479e+006 34.6929
405404 7.55479e+006 34.6929
405401 7.55479e+006 34.6907
405401 7.55479e+006 34.6907
405401 7.55479e+006 34.6907
405404 7.55479e+006 34.6929
405404 7.55479e+006 34.6929
405404 7.55479e+006 34.5429
405401 7.55479e+006 34.5407
405401 7.55479e+006 34.6907
405401 7.55479e+006 34.6907
405404 7.55479e+006 34.6929
405404 7.55479e+006 34.5429
405404 7.55479e+006 34.5429
405401 7.55479e+006 34.5407
405401 7.55479e+006 34.5407
405401 7.55479e+006 34.5407
405404 7.55479e+006 34.5429
405404 7.55479e+006 34.5429
405411 7.55479e+006 34.6991
405411 7.55479e+006 34.6991
405411 7.55479e+006 34.5491
405411 7.55479e+006 34.5491
405411 7.55479e+006 34.5491
405411 7.55479e+006 34.6991
405409 7.55479e+006 34.6968
405409 7.55479e+006 34.6968
405409 7.55479e+006 34.5468
405409 7.55479e+006 34.5468
405409 7.55479e+006 34.5468
405409 7.55479e+006 34.6968
405411 7.55479e+006 34.6991
405409 7.55479e+006 34.6968
405409 7.55479e+006 34.5468
405409 7.55479e+006 34.5468
405411 7.55479e+006 34.5491
405411 7.55479e+006 34.6991
405411 7.55479e+006 34.6991
405409 7.55479e+006 34.6968
405409 7.55479e+006 34.6968
405409 7.55479e+006 34.6968
405411 7.55479e+006 34.6991
405411 7.55479e+006 34.6991
405411 7.55479e+006 34.5491
405409 7.55479e+006 34.5468
405409 7.55479e+006 34.6968
405409 7.55479e+006 34.6968
405411 7.55479e+006 34.6991
405411 7.55479e+006 34.5491
405411 7.55479e+006 34.5491
405409 7.55479e+006 34.5468
405409 7.55479e+006 34.5468
405409 7.55479e+006 34.5468
405411 7.55479e+006 34.5491
405411 7.55479e+006 34.5491
405411 7.55479e+006 32.5991
405411 7.55479e+006 32.5991
405411 7.55479e+006 32.4491
405411 7.55479e+006 32.4491
405411 7.55479e+006 32.4491
405411 7.55479e+006 32.5991
405409 7.55479e+006 32.5968
405409 7.55479e+006 32.5968
405409 7.55479e+006 32.4468
405409 7.55479e+006 32.4468
405409 7.55479e+006 32.4468
405409 7.55479e+006 32.5968
405411 7.55479e+006 32.5991
405409 7.55479e+006 32.5968
405409 7.55479e+006 32.4468
405409 7.55479e+006 32.4468
405411 7.55479e+006 32.4491
405411 7.55479e+006 32.5991
405411 7.55479e+006 32.5991
405409 7.55479e+006 32.5968
405409 7.55479e+006 32.5968
405409 7.55479e+006 32.5968
405411 7.55479e+006 32.5991
405411 7.55479e+006 32.5991
405411 7.55479e+006 32.4491
405409 7.55479e+006 32.4468
405409 7.55479e+006 32.5968
405409 7.55479e+006 32.5968
405411 7.55479e+006 32.5991
405411 7.55479e+006 32.4491
405411 7.55479e+006 32.4491
405409 7.55479e+006 32.4468
405409 7.55479e+006 32.4468
405409 7.55479e+006 32.4468
405411 7.55479e+006 32.4491
405411 7.55479e+006 32.4491
405409 7.55479e+006 32.5988
405409 7.55479e+006 32.5988
405409 7.55479e+006 32.4488
405409 7.55479e+006 32.4488
405409 7.55479e+006 32.4488
405409 7.55479e+006 32.5988
405407 7.55479e+006 32.5965
405407 7.55479e+006 32.5966
405407 7.55479e+006 32.4466
405407 7.55479e+006 32.4466
405407 7.55479e+006 32.4465
405407 7.55479e+006 32.5965
405409 7.55479e+006 32.5988
405407 7.55479e+006 32.5965
405407 7.55479e+006 32.4465
405407 7.55479e+006 32.4465
405409 7.55479e+006 32.4488
405409 7.55479e+006 32.5988
405409 7.55479e+006 32.5988
405407 7.55479e+006 32.5966
405407 7.55479e+006 32.5965
405407 7.55479e+006 32.5965
405409 7.55479e+006 32.5988
405409 7.55479e+006 32.5988
405409 7.55479e+006 32.4488
405407 7.55479e+006 32.4466
405407 7.55479e+006 32.5966
405407 7.55479e+006 32.5966
405409 7.55479e+006 32.5988
405409 7.55479e+006 32.4488
405409 7.55479e+006 32.4488
405407 7.55479e+006 32.4465
405407 7.55479e+006 32.4466
405407 7.55479e+006 32.4466
405409 7.55479e+006 32.4488
405409 7.55479e+006 32.4488
405409 7.55479e+006 34.6988
405409 7.55479e+006 34.6988
405409 7.55479e+006 34.5488
405409 7.55479e+006 34.5488
405409 7.55479e+006 34.5488
405409 7.55479e+006 34.6988
405407 7.55479e+006 34.6965
405407 7.55479e+006 34.6966
405407 7.55479e+006 34.5466
405407 7.55479e+006 34.5466
405407 7.55479e+006 34.5466
405407 7.55479e+006 34.6965
405409 7.55479e+006 34.6988
405407 7.55479e+006 34.6965
405407 7.55479e+006 34.5466
405407 7.55479e+006 34.5466
405409 7.55479e+006 34.5488
405409 7.55479e+006 34.6988
405409 7.55479e+006 34.6988
405407 7.55479e+006 34.6966
405407 7.55479e+006 34.6965
405407 7.55479e+006 34.6965
405409 7.55479e+006 34.6988
405409 7.55479e+006 34.6988
405409 7.55479e+006 34.5488
405407 7.55479e+006 34.5466
405407 7.55479e+006 34.6966
405407 7.55479e+006 34.6966
405409 7.55479e+006 34.6988
405409 7.55479e+006 34.5488
405409 7.55479e+006 34.5488
405407 7.55479e+006 34.5466
405407 7.55479e+006 34.5466
405407 7.55479e+006 34.5466
405409 7.55479e+006 34.5488
405409 7.55479e+006 34.5488
405407 7.55479e+006 34.5466
405407 7.55479e+006 34.6966
405407 7.55479e+006 34.6964
405407 7.55479e+006 34.6964
405407 7.55479e+006 34.5464
405407 7.55479e+006 34.5466
405409 7.55479e+006 34.6968
405409 7.55479e+006 34.5468
405409 7.55479e+006 34.5467
405409 7.55479e+006 34.5467
405409 7.55479e+006 34.6967
405409 7.55479e+006 34.6968
405407 7.55479e+006 34.6966
405409 7.55479e+006 34.6968
405409 7.55479e+006 34.6967
405409 7.55479e+006 34.6967
405407 7.55479e+006 34.6964
405407 7.55479e+006 34.6966
405407 7.55479e+006 34.5466
405409 7.55479e+006 34.5468
405409 7.55479e+006 34.6968
405409 7.55479e+006 34.6968
405407 7.55479e+006 34.6966
405407 7.55479e+006 34.5466
405407 7.55479e+006 34.5464
405409 7.55479e+006 34.5467
405409 7.55479e+006 34.5468
405409 7.55479e+006 34.5468
405407 7.55479e+006 34.5466
405407 7.55479e+006 34.5464
405407 7.55479e+006 34.6964
405409 7.55479e+006 34.6967
405409 7.55479e+006 34.5467
405409 7.55479e+006 34.5467
405407 7.55479e+006 34.5464
405407 7.55479e+006 34.6964
405407 7.55479e+006 32.4466
405407 7.55479e+006 32.5966
405407 7.55479e+006 32.5964
405407 7.55479e+006 32.5964
405407 7.55479e+006 32.4464
405407 7.55479e+006 32.4466
405409 7.55479e+006 32.5968
405409 7.55479e+006 32.4468
405409 7.55479e+006 32.4467
405409 7.55479e+006 32.4467
405409 7.55479e+006 32.5967
405409 7.55479e+006 32.5968
405407 7.55479e+006 32.5966
405409 7.55479e+006 32.5968
405409 7.55479e+006 32.5967
405409 7.55479e+006 32.5967
405407 7.55479e+006 32.5964
405407 7.55479e+006 32.5966
405407 7.55479e+006 32.4466
405409 7.55479e+006 32.4468
405409 7.55479e+006 32.5968
405409 7.55479e+006 32.5968
405407 7.55479e+006 32.5966
405407 7.55479e+006 32.4466
405407 7.55479e+006 32.4464
405409 7.55479e+006 32.4467
405409 7.55479e+006 32.4468
405409 7.55479e+006 32.4468
405407 7.55479e+006 32.4466
405407 7.55479e+006 32.4464
405407 7.55479e+006 32.5964
405409 7.55479e+006 32.5967
405409 7.55479e+006 32.4467
405409 7.55479e+006 32.4467
405407 7.55479e+006 32.4464
405407 7.55479e+006 32.5964
405401 7.55479e+006 34.5407
405401 7.55479e+006 34.6907
405401 7.55479e+006 34.6905
405401 7.55479e+006 34.6905
405401 7.55479e+006 34.5405
405401 7.55479e+006 34.5407
405403 7.5548e+006 34.6909
405403 7.5548e+006 34.5409
405403 7.5548e+006 34.5408
405403 7.5548e+006 34.5408
405403 7.5548e+006 34.6908
405403 7.5548e+006 34.6909
405401 7.55479e+006 34.6907
405403 7.5548e+006 34.6909
405403 7.5548e+006 34.6908
405403 7.5548e+006 34.6908
405401 7.55479e+006 34.6905
405401 7.55479e+006 34.6907
405401 7.55479e+006 34.5407
405403 7.5548e+006 34.5409
405403 7.5548e+006 34.6909
405403 7.5548e+006 34.6909
405401 7.55479e+006 34.6907
405401 7.55479e+006 34.5407
405401 7.55479e+006 34.5405
405403 7.5548e+006 34.5408
405403 7.5548e+006 34.5409
405403 7.5548e+006 34.5409
405401 7.55479e+006 34.5407
405401 7.55479e+006 34.5405
405401 7.55479e+006 34.6905
405403 7.5548e+006 34.6908
405403 7.5548e+006 34.5408
405403 7.5548e+006 34.5408
405401 7.55479e+006 34.5405
405401 7.55479e+006 34.6905
405401 7.55479e+006 32.4407
405401 7.55479e+006 32.5907
405401 7.55479e+006 32.5905
405401 7.55479e+006 32.5905
405401 7.55479e+006 32.4405
405401 7.55479e+006 32.4407
405403 7.5548e+006 32.5909
405403 7.5548e+006 32.4409
405403 7.5548e+006 32.4408
405403 7.5548e+006 32.4408
405403 7.5548e+006 32.5908
405403 7.5548e+006 32.5909
405401 7.55479e+006 32.5907
405403 7.5548e+006 32.5909
405403 7.5548e+006 32.5908
405403 7.5548e+006 32.5908
405401 7.55479e+006 32.5905
405401 7.55479e+006 32.5907
405401 7.55479e+006 32.4407
405403 7.5548e+006 32.4409
405403 7.5548e+006 32.5909
405403 7.5548e+006 32.5909
405401 7.55479e+006 32.5907
405401 7.55479e+006 32.4407
405401 7.55479e+006 32.4405
405403 7.5548e+006 32.4408
405403 7.5548e+006 32.4409
405403 7.5548e+006 32.4409
405401 7.55479e+006 32.4407
405401 7.55479e+006 32.4405
405401 7.55479e+006 32.5905
405403 7.5548e+006 32.5908
405403 7.5548e+006 32.4408
405403 7.5548e+006 32.4408
405401 7.55479e+006 32.4405
405401 7.55479e+006 32.5905
405405 7.5548e+006 34.5432
405405 7.5548e+006 34.6932
405406 7.5548e+006 34.6933
405406 7.5548e+006 34.6933
405406 7.5548e+006 34.5433
405405 7.5548e+006 34.5432
405404 7.55479e+006 34.6929
405404 7.55479e+006 34.5429
405404 7.55479e+006 34.5431
405404 7.55479e+006 34.5431
405404 7.55479e+006 34.6931
405404 7.55479e+006 34.6929
405405 7.5548e+006 34.6932
405404 7.55479e+006 34.6929
405404 7.55479e+006 34.6931
405404 7.55479e+006 34.6931
405406 7.5548e+006 34.6933
405405 7.5548e+006 34.6932
405405 7.5548e+006 34.5432
405404 7.55479e+006 34.5429
405404 7.55479e+006 34.6929
405404 7.55479e+006 34.6929
405405 7.5548e+006 34.6932
405405 7.5548e+006 34.5432
405406 7.5548e+006 34.5433
405404 7.55479e+006 34.5431
405404 7.55479e+006 34.5429
405404 7.55479e+006 34.5429
405405 7.5548e+006 34.5432
405406 7.5548e+006 34.5433
405406 7.5548e+006 34.6933
405404 7.55479e+006 34.6931
405404 7.55479e+006 34.5431
405404 7.55479e+006 34.5431
405406 7.5548e+006 34.5433
405406 7.5548e+006 34.6933
405405 7.5548e+006 32.4432
405405 7.5548e+006 32.5932
405406 7.5548e+006 32.5933
405406 7.5548e+006 32.5933
405406 7.5548e+006 32.4433
405405 7.5548e+006 32.4432
405404 7.55479e+006 32.5929
405404 7.55479e+006 32.4429
405404 7.55479e+006 32.4431
405404 7.55479e+006 32.4431
405404 7.55479e+006 32.5931
405404 7.55479e+006 32.5929
405405 7.5548e+006 32.5932
405404 7.55479e+006 32.5929
405404 7.55479e+006 32.5931
405404 7.55479e+006 32.5931
405406 7.5548e+006 32.5933
405405 7.5548e+006 32.5932
405405 7.5548e+006 32.4432
405404 7.55479e+006 32.4429
405404 7.55479e+006 32.5929
405404 7.55479e+006 32.5929
405405 7.5548e+006 32.5932
405405 7.5548e+006 32.4432
405406 7.5548e+006 32.4433
405404 7.55479e+006 32.4431
405404 7.55479e+006 32.4429
405404 7.55479e+006 32.4429
405405 7.5548e+006 32.4432
405406 7.5548e+006 32.4433
405406 7.5548e+006 32.5933
405404 7.55479e+006 32.5931
405404 7.55479e+006 32.4431
405404 7.55479e+006 32.4431
405406 7.5548e+006 32.4433
405406 7.5548e+006 32.5933
405405 7.5548e+006 34.6932
405405 7.5548e+006 34.6932
405405 7.5548e+006 34.5432
405405 7.5548e+006 34.5432
405405 7.5548e+006 34.5432
405405 7.5548e+006 34.6932
405403 7.5548e+006 34.6909
405403 7.5548e+006 34.6909
405403 7.5548e+006 34.5409
405403 7.5548e+006 34.5409
405403 7.5548e+006 34.5409
405403 7.5548e+006 34.6909
405405 7.5548e+006 34.6932
405403 7.5548e+006 34.6909
405403 7.5548e+006 34.5409
405403 7.5548e+006 34.5409
405405 7.5548e+006 34.5432
405405 7.5548e+006 34.6932
405405 7.5548e+006 34.6932
405403 7.5548e+006 34.6909
405403 7.5548e+006 34.6909
405403 7.5548e+006 34.6909
405405 7.5548e+006 34.6932
405405 7.5548e+006 34.6932
405405 7.5548e+006 34.5432
405403 7.5548e+006 34.5409
405403 7.5548e+006 34.6909
405403 7.5548e+006 34.6909
405405 7.5548e+006 34.6932
405405 7.5548e+006 34.5432
405405 7.5548e+006 34.5432
405403 7.5548e+006 34.5409
405403 7.5548e+006 34.5409
405403 7.5548e+006 34.5409
405405 7.5548e+006 34.5432
405405 7.5548e+006 34.5432
405405 7.5548e+006 32.5932
405405 7.5548e+006 32.5932
405405 7.5548e+006 32.4432
405405 7.5548e+006 32.4432
405405 7.5548e+006 32.4432
405405 7.5548e+006 32.5932
405403 7.5548e+006 32.5909
405403 7.5548e+006 32.5909
405403 7.5548e+006 32.4409
405403 7.5548e+006 32.4409
405403 7.5548e+006 32.4409
405403 7.5548e+006 32.5909
405405 7.5548e+006 32.5932
405403 7.5548e+006 32.5909
405403 7.5548e+006 32.4409
405403 7.5548e+006 32.4409
405405 7.5548e+006 32.4432
405405 7.5548e+006 32.5932
405405 7.5548e+006 32.5932
405403 7.5548e+006 32.5909
405403 7.5548e+006 32.5909
405403 7.5548e+006 32.5909
405405 7.5548e+006 32.5932
405405 7.5548e+006 32.5932
405405 7.5548e+006 32.4432
405403 7.5548e+006 32.4409
405403 7.5548e+006 32.5909
405403 7.5548e+006 32.5909
405405 7.5548e+006 32.5932
405405 7.5548e+006 32.4432
405405 7.5548e+006 32.4432
405403 7.5548e+006 32.4409
405403 7.5548e+006 32.4409
405403 7.5548e+006 32.4409
405405 7.5548e+006 32.4432
405405 7.5548e+006 32.4432
405413 7.5548e+006 29.5494
405413 7.5548e+006 36.7294
405412 7.5548e+006 36.7294
405412 7.5548e+006 36.7294
405412 7.5548e+006 29.5494
405413 7.5548e+006 29.5494
405412 7.5548e+006 36.7293
405412 7.5548e+006 29.5493
405412 7.5548e+006 29.5492
405412 7.5548e+006 29.5492
405412 7.5548e+006 36.7292
405412 7.5548e+006 36.7293
405413 7.5548e+006 36.7294
405412 7.5548e+006 36.7293
405412 7.5548e+006 36.7292
405412 7.5548e+006 36.7292
405412 7.5548e+006 36.7294
405413 7.5548e+006 36.7294
405413 7.5548e+006 29.5494
405412 7.5548e+006 29.5493
405412 7.5548e+006 36.7293
405412 7.5548e+006 36.7293
405413 7.5548e+006 36.7294
405413 7.5548e+006 29.5494
405412 7.5548e+006 29.5494
405412 7.5548e+006 29.5492
405412 7.5548e+006 29.5493
405412 7.5548e+006 29.5493
405413 7.5548e+006 29.5494
405412 7.5548e+006 29.5494
405412 7.5548e+006 36.7294
405412 7.5548e+006 36.7292
405412 7.5548e+006 29.5492
405412 7.5548e+006 29.5492
405412 7.5548e+006 29.5494
405412 7.5548e+006 36.7294
405410 7.5548e+006 29.547
405410 7.5548e+006 36.727
405410 7.5548e+006 36.7269
405410 7.5548e+006 36.7269
405410 7.5548e+006 29.5469
405410 7.5548e+006 29.547
405410 7.5548e+006 36.727
405410 7.5548e+006 29.547
405410 7.5548e+006 29.5469
405410 7.5548e+006 29.5469
405410 7.5548e+006 36.7269
405410 7.5548e+006 36.727
405410 7.5548e+006 36.727
405410 7.5548e+006 36.727
405410 7.5548e+006 36.7269
405410 7.5548e+006 36.7269
405410 7.5548e+006 36.7269
405410 7.5548e+006 36.727
405410 7.5548e+006 29.547
405410 7.5548e+006 29.547
405410 7.5548e+006 36.727
405410 7.5548e+006 36.727
405410 7.5548e+006 36.727
405410 7.5548e+006 29.547
405410 7.5548e+006 29.5469
405410 7.5548e+006 29.5469
405410 7.5548e+006 29.547
405410 7.5548e+006 29.547
405410 7.5548e+006 29.547
405410 7.5548e+006 29.5469
405410 7.5548e+006 36.7269
405410 7.5548e+006 36.7269
405410 7.5548e+006 29.5469
405410 7.5548e+006 29.5469
405410 7.5548e+006 29.5469
405410 7.5548e+006 36.7269
405407 7.5548e+006 29.5435
405407 7.5548e+006 36.7235
405407 7.5548e+006 36.7235
405407 7.5548e+006 36.7235
405407 7.5548e+006 29.5435
405407 7.5548e+006 29.5435
405407 7.5548e+006 36.7234
405407 7.5548e+006 29.5434
405407 7.5548e+006 29.5434
405407 7.5548e+006 29.5434
405407 7.5548e+006 36.7234
405407 7.5548e+006 36.7234
405407 7.5548e+006 36.7235
405407 7.5548e+006 36.7234
405407 7.5548e+006 36.7234
405407 7.5548e+006 36.7234
405407 7.5548e+006 36.7235
405407 7.5548e+006 36.7235
405407 7.5548e+006 29.5435
405407 7.5548e+006 29.5434
405407 7.5548e+006 36.7234
405407 7.5548e+006 36.7234
405407 7.5548e+006 36.7235
405407 7.5548e+006 29.5435
405407 7.5548e+006 29.5435
405407 7.5548e+006 29.5434
405407 7.5548e+006 29.5434
405407 7.5548e+006 29.5434
405407 7.5548e+006 29.5435
405407 7.5548e+006 29.5435
405407 7.5548e+006 36.7235
405407 7.5548e+006 36.7234
405407 7.5548e+006 29.5434
405407 7.5548e+006 29.5434
405407 7.5548e+006 29.5435
405407 7.5548e+006 36.7235
405404 7.5548e+006 29.5411
405404 7.5548e+006 36.7211
405404 7.5548e+006 36.721
405404 7.5548e+006 36.721
405404 7.5548e+006 29.541
405404 7.5548e+006 29.5411
405404 7.5548e+006 36.7211
405404 7.5548e+006 29.5411
405404 7.5548e+006 29.541
405404 7.5548e+006 29.541
405404 7.5548e+006 36.721
405404 7.5548e+006 36.7211
405404 7.5548e+006 36.7211
405404 7.5548e+006 36.7211
405404 7.5548e+006 36.721
405404 7.5548e+006 36.721
405404 7.5548e+006 36.721
405404 7.5548e+006 36.7211
405404 7.5548e+006 29.5411
405404 7.5548e+006 29.5411
405404 7.5548e+006 36.7211
405404 7.5548e+006 36.7211
405404 7.5548e+006 36.7211
405404 7.5548e+006 29.5411
405404 7.5548e+006 29.541
405404 7.5548e+006 29.541
405404 7.5548e+006 29.5411
405404 7.5548e+006 29.5411
405404 7.5548e+006 29.5411
405404 7.5548e+006 29.541
405404 7.5548e+006 36.721
405404 7.5548e+006 36.721
405404 7.5548e+006 29.541
405404 7.5548e+006 29.541
405404 7.5548e+006 29.541
405404 7.5548e+006 36.721
405414 7.5548e+006 36.5795
405414 7.5548e+006 36.7295
405414 7.5548e+006 36.7297
405414 7.5548e+006 36.7297
405414 7.5548e+006 36.5797
405414 7.5548e+006 36.5795
405412 7.5548e+006 36.7293
405412 7.5548e+006 36.5793
405413 7.5548e+006 36.5794
405413 7.5548e+006 36.5794
405413 7.5548e+006 36.7294
405412 7.5548e+006 36.7293
405414 7.5548e+006 36.7295
405412 7.5548e+006 36.7293
405413 7.5548e+006 36.7294
405413 7.5548e+006 36.7294
405414 7.5548e+006 36.7297
405414 7.5548e+006 36.7295
405414 7.5548e+006 36.5795
405412 7.5548e+006 36.5793
405412 7.5548e+006 36.7293
405412 7.5548e+006 36.7293
405414 7.5548e+006 36.7295
405414 7.5548e+006 36.5795
405414 7.5548e+006 36.5797
405413 7.5548e+006 36.5794
405412 7.5548e+006 36.5793
405412 7.5548e+006 36.5793
405414 7.5548e+006 36.5795
405414 7.5548e+006 36.5797
405414 7.5548e+006 36.7297
405413 7.5548e+006 36.7294
405413 7.5548e+006 36.5794
405413 7.5548e+006 36.5794
405414 7.5548e+006 36.5797
405414 7.5548e+006 36.7297
405410 7.5548e+006 36.577
405410 7.5548e+006 36.727
405410 7.5548e+006 36.7269
405410 7.5548e+006 36.7269
405410 7.5548e+006 36.5769
405410 7.5548e+006 36.577
405412 7.5548e+006 36.7273
405412 7.5548e+006 36.5773
405412 7.5548e+006 36.5771
405412 7.5548e+006 36.5771
405412 7.5548e+006 36.7271
405412 7.5548e+006 36.7273
405410 7.5548e+006 36.727
405412 7.5548e+006 36.7273
405412 7.5548e+006 36.7271
405412 7.5548e+006 36.7271
405410 7.5548e+006 36.7269
405410 7.5548e+006 36.727
405410 7.5548e+006 36.577
405412 7.5548e+006 36.5773
405412 7.5548e+006 36.7273
405412 7.5548e+006 36.7273
405410 7.5548e+006 36.727
405410 7.5548e+006 36.577
405410 7.5548e+006 36.5769
405412 7.5548e+006 36.5771
405412 7.5548e+006 36.5773
405412 7.5548e+006 36.5773
405410 7.5548e+006 36.577
405410 7.5548e+006 36.5769
405410 7.5548e+006 36.7269
405412 7.5548e+006 36.7271
405412 7.5548e+006 36.5771
405412 7.5548e+006 36.5771
405410 7.5548e+006 36.5769
405410 7.5548e+006 36.7269
405408 7.5548e+006 36.5736
405408 7.5548e+006 36.7236
405408 7.5548e+006 36.7238
405408 7.5548e+006 36.7238
405408 7.5548e+006 36.5738
405408 7.5548e+006 36.5736
405407 7.5548e+006 36.7234
405407 7.5548e+006 36.5734
405407 7.5548e+006 36.5735
405407 7.5548e+006 36.5735
405407 7.5548e+006 36.7235
405407 7.5548e+006 36.7234
405408 7.5548e+006 36.7236
405407 7.5548e+006 36.7234
405407 7.5548e+006 36.7235
405407 7.5548e+006 36.7235
405408 7.5548e+006 36.7238
405408 7.5548e+006 36.7236
405408 7.5548e+006 36.5736
405407 7.5548e+006 36.5734
405407 7.5548e+006 36.7234
405407 7.5548e+006 36.7234
405408 7.5548e+006 36.7236
405408 7.5548e+006 36.5736
405408 7.5548e+006 36.5738
405407 7.5548e+006 36.5735
405407 7.5548e+006 36.5734
405407 7.5548e+006 36.5734
405408 7.5548e+006 36.5736
405408 7.5548e+006 36.5738
405408 7.5548e+006 36.7238
405407 7.5548e+006 36.7235
405407 7.5548e+006 36.5735
405407 7.5548e+006 36.5735
405408 7.5548e+006 36.5738
405408 7.5548e+006 36.7238
405404 7.5548e+006 36.5711
405404 7.5548e+006 36.7211
405404 7.5548e+006 36.721
405404 7.5548e+006 36.721
405404 7.5548e+006 36.571
405404 7.5548e+006 36.5711
405406 7.5548e+006 36.7214
405406 7.5548e+006 36.5714
405406 7.5548e+006 36.5712
405406 7.5548e+006 36.5712
405406 7.5548e+006 36.7212
405406 7.5548e+006 36.7214
405404 7.5548e+006 36.7211
405406 7.5548e+006 36.7214
405406 7.5548e+006 36.7212
405406 7.5548e+006 36.7212
405404 7.5548e+006 36.721
405404 7.5548e+006 36.7211
405404 7.5548e+006 36.5711
405406 7.5548e+006 36.5714
405406 7.5548e+006 36.7214
405406 7.5548e+006 36.7214
405404 7.5548e+006 36.7211
405404 7.5548e+006 36.5711
405404 7.5548e+006 36.571
405406 7.5548e+006 36.5712
405406 7.5548e+006 36.5714
405406 7.5548e+006 36.5714
405404 7.5548e+006 36.5711
405404 7.5548e+006 36.571
405404 7.5548e+006 36.721
405406 7.5548e+006 36.7212
405406 7.5548e+006 36.5712
405406 7.5548e+006 36.5712
405404 7.5548e+006 36.571
405404 7.5548e+006 36.721
405414 7.5548e+006 36.7295
405414 7.5548e+006 36.7295
405414 7.5548e+006 36.5795
405414 7.5548e+006 36.5795
405414 7.5548e+006 36.5795
405414 7.5548e+006 36.7295
405412 7.5548e+006 36.7273
405412 7.5548e+006 36.7273
405412 7.5548e+006 36.5773
405412 7.5548e+006 36.5773
405412 7.5548e+006 36.5773
405412 7.5548e+006 36.7273
405414 7.5548e+006 36.7295
405412 7.5548e+006 36.7273
405412 7.5548e+006 36.5773
405412 7.5548e+006 36.5773
405414 7.5548e+006 36.5795
405414 7.5548e+006 36.7295
405414 7.5548e+006 36.7295
405412 7.5548e+006 36.7273
405412 7.5548e+006 36.7273
405412 7.5548e+006 36.7273
405414 7.5548e+006 36.7295
405414 7.5548e+006 36.7295
405414 7.5548e+006 36.5795
405412 7.5548e+006 36.5773
405412 7.5548e+006 36.7273
405412 7.5548e+006 36.7273
405414 7.5548e+006 36.7295
405414 7.5548e+006 36.5795
405414 7.5548e+006 36.5795
405412 7.5548e+006 36.5773
405412 7.5548e+006 36.5773
405412 7.5548e+006 36.5773
405414 7.5548e+006 36.5795
405414 7.5548e+006 36.5795
405408 7.5548e+006 36.7236
405408 7.5548e+006 36.7236
405408 7.5548e+006 36.5736
405408 7.5548e+006 36.5736
405408 7.5548e+006 36.5736
405408 7.5548e+006 36.7236
405406 7.5548e+006 36.7214
405406 7.5548e+006 36.7214
405406 7.5548e+006 36.5714
405406 7.5548e+006 36.5714
405406 7.5548e+006 36.5714
405406 7.5548e+006 36.7214
405408 7.5548e+006 36.7236
405406 7.5548e+006 36.7214
405406 7.5548e+006 36.5714
405406 7.5548e+006 36.5714
405408 7.5548e+006 36.5736
405408 7.5548e+006 36.7236
405408 7.5548e+006 36.7236
405406 7.5548e+006 36.7214
405406 7.5548e+006 36.7214
405406 7.5548e+006 36.7214
405408 7.5548e+006 36.7236
405408 7.5548e+006 36.7236
405408 7.5548e+006 36.5736
405406 7.5548e+006 36.5714
405406 7.5548e+006 36.7214
405406 7.5548e+006 36.7214
405408 7.5548e+006 36.7236
405408 7.5548e+006 36.5736
405408 7.5548e+006 36.5736
405406 7.5548e+006 36.5714
405406 7.5548e+006 36.5714
405406 7.5548e+006 36.5714
405408 7.5548e+006 36.5736
405408 7.5548e+006 36.5736
405407 7.5548e+006 36.7234
405407 7.5548e+006 36.7234
405407 7.5548e+006 36.5734
405407 7.5548e+006 36.5734
405407 7.5548e+006 36.5734
405407 7.5548e+006 36.7234
405404 7.5548e+006 36.7211
405404 7.5548e+006 36.7211
405404 7.5548e+006 36.5711
405404 7.5548e+006 36.5711
405404 7.5548e+006 36.5711
405404 7.5548e+006 36.7211
405407 7.5548e+006 36.7234
405404 7.5548e+006 36.7211
405404 7.5548e+006 36.5711
405404 7.5548e+006 36.5711
405407 7.5548e+006 36.5734
405407 7.5548e+006 36.7234
405407 7.5548e+006 36.7234
405404 7.5548e+006 36.7211
405404 7.5548e+006 36.7211
405404 7.5548e+006 36.7211
405407 7.5548e+006 36.7234
405407 7.5548e+006 36.7234
405407 7.5548e+006 36.5734
405404 7.5548e+006 36.5711
405404 7.5548e+006 36.7211
405404 7.5548e+006 36.7211
405407 7.5548e+006 36.7234
405407 7.5548e+006 36.5734
405407 7.5548e+006 36.5734
405404 7.5548e+006 36.5711
405404 7.5548e+006 36.5711
405404 7.5548e+006 36.5711
405407 7.5548e+006 36.5734
405407 7.5548e+006 36.5734
405412 7.5548e+006 36.7293
405412 7.5548e+006 36.7292
405412 7.5548e+006 36.5792
405412 7.5548e+006 36.5792
405412 7.5548e+006 36.5793
405412 7.5548e+006 36.7293
405410 7.5548e+006 36.727
405410 7.5548e+006 36.727
405410 7.5548e+006 36.577
405410 7.5548e+006 36.577
405410 7.5548e+006 36.577
405410 7.5548e+006 36.727
405412 7.5548e+006 36.7292
405410 7.5548e+006 36.727
405410 7.5548e+006 36.577
405410 7.5548e+006 36.577
405412 7.5548e+006 36.5792
405412 7.5548e+006 36.7292
405412 7.5548e+006 36.7293
405410 7.5548e+006 36.727
405410 7.5548e+006 36.727
405410 7.5548e+006 36.727
405412 7.5548e+006 36.7292
405412 7.5548e+006 36.7293
405412 7.5548e+006 36.5793
405410 7.5548e+006 36.577
405410 7.5548e+006 36.727
405410 7.5548e+006 36.727
405412 7.5548e+006 36.7293
405412 7.5548e+006 36.5793
405412 7.5548e+006 36.5792
405410 7.5548e+006 36.577
405410 7.5548e+006 36.577
405410 7.5548e+006 36.577
405412 7.5548e+006 36.5793
405412 7.5548e+006 36.5792
405407 7.5548e+006 32.5934
405407 7.5548e+006 32.5934
405407 7.5548e+006 32.4434
405407 7.5548e+006 32.4434
405407 7.5548e+006 32.4434
405407 7.5548e+006 32.5934
405404 7.5548e+006 32.5911
405404 7.5548e+006 32.5911
405404 7.5548e+006 32.4411
405404 7.5548e+006 32.4411
405404 7.5548e+006 32.4411
405404 7.5548e+006 32.5911
405407 7.5548e+006 32.5934
405404 7.5548e+006 32.5911
405404 7.5548e+006 32.4411
405404 7.5548e+006 32.4411
405407 7.5548e+006 32.4434
405407 7.5548e+006 32.5934
405407 7.5548e+006 32.5934
405404 7.5548e+006 32.5911
405404 7.5548e+006 32.5911
405404 7.5548e+006 32.5911
405407 7.5548e+006 32.5934
405407 7.5548e+006 32.5934
405407 7.5548e+006 32.4434
405404 7.5548e+006 32.4411
405404 7.5548e+006 32.5911
405404 7.5548e+006 32.5911
405407 7.5548e+006 32.5934
405407 7.5548e+006 32.4434
405407 7.5548e+006 32.4434
405404 7.5548e+006 32.4411
405404 7.5548e+006 32.4411
405404 7.5548e+006 32.4411
405407 7.5548e+006 32.4434
405407 7.5548e+006 32.4434
405407 7.5548e+006 34.6934
405407 7.5548e+006 34.6934
405407 7.5548e+006 34.5434
405407 7.5548e+006 34.5434
405407 7.5548e+006 34.5434
405407 7.5548e+006 34.6934
405404 7.5548e+006 34.6911
405404 7.5548e+006 34.6911
405404 7.5548e+006 34.5411
405404 7.5548e+006 34.5411
405404 7.5548e+006 34.5411
405404 7.5548e+006 34.6911
405407 7.5548e+006 34.6934
405404 7.5548e+006 34.6911
405404 7.5548e+006 34.5411
405404 7.5548e+006 34.5411
405407 7.5548e+006 34.5434
405407 7.5548e+006 34.6934
405407 7.5548e+006 34.6934
405404 7.5548e+006 34.6911
405404 7.5548e+006 34.6911
405404 7.5548e+006 34.6911
405407 7.5548e+006 34.6934
405407 7.5548e+006 34.6934
405407 7.5548e+006 34.5434
405404 7.5548e+006 34.5411
405404 7.5548e+006 34.6911
405404 7.5548e+006 34.6911
405407 7.5548e+006 34.6934
405407 7.5548e+006 34.5434
405407 7.5548e+006 34.5434
405404 7.5548e+006 34.5411
405404 7.5548e+006 34.5411
405404 7.5548e+006 34.5411
405407 7.5548e+006 34.5434
405407 7.5548e+006 34.5434
405414 7.5548e+006 34.6995
405414 7.5548e+006 34.6995
405414 7.5548e+006 34.5495
405414 7.5548e+006 34.5495
405414 7.5548e+006 34.5495
405414 7.5548e+006 34.6995
405412 7.5548e+006 34.6973
405412 7.5548e+006 34.6973
405412 7.5548e+006 34.5473
405412 7.5548e+006 34.5473
405412 7.5548e+006 34.5473
405412 7.5548e+006 34.6973
405414 7.5548e+006 34.6995
405412 7.5548e+006 34.6973
405412 7.5548e+006 34.5473
405412 7.5548e+006 34.5473
405414 7.5548e+006 34.5495
405414 7.5548e+006 34.6995
405414 7.5548e+006 34.6995
405412 7.5548e+006 34.6973
405412 7.5548e+006 34.6973
405412 7.5548e+006 34.6973
405414 7.5548e+006 34.6995
405414 7.5548e+006 34.6995
405414 7.5548e+006 34.5495
405412 7.5548e+006 34.5473
405412 7.5548e+006 34.6973
405412 7.5548e+006 34.6973
405414 7.5548e+006 34.6995
405414 7.5548e+006 34.5495
405414 7.5548e+006 34.5495
405412 7.5548e+006 34.5473
405412 7.5548e+006 34.5473
405412 7.5548e+006 34.5473
405414 7.5548e+006 34.5495
405414 7.5548e+006 34.5495
405414 7.5548e+006 32.5995
405414 7.5548e+006 32.5995
405414 7.5548e+006 32.4495
405414 7.5548e+006 32.4495
405414 7.5548e+006 32.4495
405414 7.5548e+006 32.5995
405412 7.5548e+006 32.5973
405412 7.5548e+006 32.5973
405412 7.5548e+006 32.4473
405412 7.5548e+006 32.4473
405412 7.5548e+006 32.4473
405412 7.5548e+006 32.5973
405414 7.5548e+006 32.5995
405412 7.5548e+006 32.5973
405412 7.5548e+006 32.4473
405412 7.5548e+006 32.4473
405414 7.5548e+006 32.4495
405414 7.5548e+006 32.5995
405414 7.5548e+006 32.5995
405412 7.5548e+006 32.5973
405412 7.5548e+006 32.5973
405412 7.5548e+006 32.5973
405414 7.5548e+006 32.5995
405414 7.5548e+006 32.5995
405414 7.5548e+006 32.4495
405412 7.5548e+006 32.4473
405412 7.5548e+006 32.5973
405412 7.5548e+006 32.5973
405414 7.5548e+006 32.5995
405414 7.5548e+006 32.4495
405414 7.5548e+006 32.4495
405412 7.5548e+006 32.4473
405412 7.5548e+006 32.4473
405412 7.5548e+006 32.4473
405414 7.5548e+006 32.4495
405414 7.5548e+006 32.4495
405412 7.5548e+006 32.5993
405412 7.5548e+006 32.5992
405412 7.5548e+006 32.4492
405412 7.5548e+006 32.4492
405412 7.5548e+006 32.4493
405412 7.5548e+006 32.5993
405410 7.5548e+006 32.597
405410 7.5548e+006 32.597
405410 7.5548e+006 32.447
405410 7.5548e+006 32.447
405410 7.5548e+006 32.447
405410 7.5548e+006 32.597
405412 7.5548e+006 32.5992
405410 7.5548e+006 32.597
405410 7.5548e+006 32.447
405410 7.5548e+006 32.447
405412 7.5548e+006 32.4492
405412 7.5548e+006 32.5992
405412 7.5548e+006 32.5993
405410 7.5548e+006 32.597
405410 7.5548e+006 32.597
405410 7.5548e+006 32.597
405412 7.5548e+006 32.5992
405412 7.5548e+006 32.5993
405412 7.5548e+006 32.4493
405410 7.5548e+006 32.447
405410 7.5548e+006 32.597
405410 7.5548e+006 32.597
405412 7.5548e+006 32.5993
405412 7.5548e+006 32.4493
405412 7.5548e+006 32.4492
405410 7.5548e+006 32.447
405410 7.5548e+006 32.447
405410 7.5548e+006 32.447
405412 7.5548e+006 32.4493
405412 7.5548e+006 32.4492
405412 7.5548e+006 34.6993
405412 7.5548e+006 34.6992
405412 7.5548e+006 34.5492
405412 7.5548e+006 34.5492
405412 7.5548e+006 34.5493
405412 7.5548e+006 34.6993
405410 7.5548e+006 34.697
405410 7.5548e+006 34.697
405410 7.5548e+006 34.547
405410 7.5548e+006 34.547
405410 7.5548e+006 34.547
405410 7.5548e+006 34.697
405412 7.5548e+006 34.6992
405410 7.5548e+006 34.697
405410 7.5548e+006 34.547
405410 7.5548e+006 34.547
405412 7.5548e+006 34.5492
405412 7.5548e+006 34.6992
405412 7.5548e+006 34.6993
405410 7.5548e+006 34.697
405410 7.5548e+006 34.697
405410 7.5548e+006 34.697
405412 7.5548e+006 34.6992
405412 7.5548e+006 34.6993
405412 7.5548e+006 34.5493
405410 7.5548e+006 34.547
405410 7.5548e+006 34.697
405410 7.5548e+006 34.697
405412 7.5548e+006 34.6993
405412 7.5548e+006 34.5493
405412 7.5548e+006 34.5492
405410 7.5548e+006 34.547
405410 7.5548e+006 34.547
405410 7.5548e+006 34.547
405412 7.5548e+006 34.5493
405412 7.5548e+006 34.5492
405410 7.5548e+006 34.547
405410 7.5548e+006 34.697
405410 7.5548e+006 34.6969
405410 7.5548e+006 34.6969
405410 7.5548e+006 34.5469
405410 7.5548e+006 34.547
405412 7.5548e+006 34.6973
405412 7.5548e+006 34.5473
405412 7.5548e+006 34.5471
405412 7.5548e+006 34.5471
405412 7.5548e+006 34.6971
405412 7.5548e+006 34.6973
405410 7.5548e+006 34.697
405412 7.5548e+006 34.6973
405412 7.5548e+006 34.6971
405412 7.5548e+006 34.6971
405410 7.5548e+006 34.6969
405410 7.5548e+006 34.697
405410 7.5548e+006 34.547
405412 7.5548e+006 34.5473
405412 7.5548e+006 34.6973
405412 7.5548e+006 34.6973
405410 7.5548e+006 34.697
405410 7.5548e+006 34.547
405410 7.5548e+006 34.5469
405412 7.5548e+006 34.5471
405412 7.5548e+006 34.5473
405412 7.5548e+006 34.5473
405410 7.5548e+006 34.547
405410 7.5548e+006 34.5469
405410 7.5548e+006 34.6969
405412 7.5548e+006 34.6971
405412 7.5548e+006 34.5471
405412 7.5548e+006 34.5471
405410 7.5548e+006 34.5469
405410 7.5548e+006 34.6969
405410 7.5548e+006 32.447
405410 7.5548e+006 32.597
405410 7.5548e+006 32.5969
405410 7.5548e+006 32.5969
405410 7.5548e+006 32.4469
405410 7.5548e+006 32.447
405412 7.5548e+006 32.5973
405412 7.5548e+006 32.4473
405412 7.5548e+006 32.4471
405412 7.5548e+006 32.4471
405412 7.5548e+006 32.5971
405412 7.5548e+006 32.5973
405410 7.5548e+006 32.597
405412 7.5548e+006 32.5973
405412 7.5548e+006 32.5971
405412 7.5548e+006 32.5971
405410 7.5548e+006 32.5969
405410 7.5548e+006 32.597
405410 7.5548e+006 32.447
405412 7.5548e+006 32.4473
405412 7.5548e+006 32.5973
405412 7.5548e+006 32.5973
405410 7.5548e+006 32.597
405410 7.5548e+006 32.447
405410 7.5548e+006 32.4469
405412 7.5548e+006 32.4471
405412 7.5548e+006 32.4473
405412 7.5548e+006 32.4473
405410 7.5548e+006 32.447
405410 7.5548e+006 32.4469
405410 7.5548e+006 32.5969
405412 7.5548e+006 32.5971
405412 7.5548e+006 32.4471
405412 7.5548e+006 32.4471
405410 7.5548e+006 32.4469
405410 7.5548e+006 32.5969
405404 7.5548e+006 34.5411
405404 7.5548e+006 34.6911
405404 7.5548e+006 34.691
405404 7.5548e+006 34.691
405404 7.5548e+006 34.541
405404 7.5548e+006 34.5411
405406 7.5548e+006 34.6914
405406 7.5548e+006 34.5414
405406 7.5548e+006 34.5412
405406 7.5548e+006 34.5412
405406 7.5548e+006 34.6912
405406 7.5548e+006 34.6914
405404 7.5548e+006 34.6911
405406 7.5548e+006 34.6914
405406 7.5548e+006 34.6912
405406 7.5548e+006 34.6912
405404 7.5548e+006 34.691
405404 7.5548e+006 34.6911
405404 7.5548e+006 34.5411
405406 7.5548e+006 34.5414
405406 7.5548e+006 34.6914
405406 7.5548e+006 34.6914
405404 7.5548e+006 34.6911
405404 7.5548e+006 34.5411
405404 7.5548e+006 34.541
405406 7.5548e+006 34.5412
405406 7.5548e+006 34.5414
405406 7.5548e+006 34.5414
405404 7.5548e+006 34.5411
405404 7.5548e+006 34.541
405404 7.5548e+006 34.691
405406 7.5548e+006 34.6912
405406 7.5548e+006 34.5412
405406 7.5548e+006 34.5412
405404 7.5548e+006 34.541
405404 7.5548e+006 34.691
405404 7.5548e+006 32.4411
405404 7.5548e+006 32.5911
405404 7.5548e+006 32.591
405404 7.5548e+006 32.591
405404 7.5548e+006 32.441
405404 7.5548e+006 32.4411
405406 7.5548e+006 32.5914
405406 7.5548e+006 32.4414
405406 7.5548e+006 32.4412
405406 7.5548e+006 32.4412
405406 7.5548e+006 32.5912
405406 7.5548e+006 32.5914
405404 7.5548e+006 32.5911
405406 7.5548e+006 32.5914
405406 7.5548e+006 32.5912
405406 7.5548e+006 32.5912
405404 7.5548e+006 32.591
405404 7.5548e+006 32.5911
405404 7.5548e+006 32.4411
405406 7.5548e+006 32.4414
405406 7.5548e+006 32.5914
405406 7.5548e+006 32.5914
405404 7.5548e+006 32.5911
405404 7.5548e+006 32.4411
405404 7.5548e+006 32.441
405406 7.5548e+006 32.4412
405406 7.5548e+006 32.4414
405406 7.5548e+006 32.4414
405404 7.5548e+006 32.4411
405404 7.5548e+006 32.441
405404 7.5548e+006 32.591
405406 7.5548e+006 32.5912
405406 7.5548e+006 32.4412
405406 7.5548e+006 32.4412
405404 7.5548e+006 32.441
405404 7.5548e+006 32.591
405408 7.5548e+006 34.5436
405408 7.5548e+006 34.6936
405408 7.5548e+006 34.6938
405408 7.5548e+006 34.6938
405408 7.5548e+006 34.5438
405408 7.5548e+006 34.5436
405407 7.5548e+006 34.6934
405407 7.5548e+006 34.5434
405407 7.5548e+006 34.5435
405407 7.5548e+006 34.5435
405407 7.5548e+006 34.6935
405407 7.5548e+006 34.6934
405408 7.5548e+006 34.6936
405407 7.5548e+006 34.6934
405407 7.5548e+006 34.6935
405407 7.5548e+006 34.6935
405408 7.5548e+006 34.6938
405408 7.5548e+006 34.6936
405408 7.5548e+006 34.5436
405407 7.5548e+006 34.5434
405407 7.5548e+006 34.6934
405407 7.5548e+006 34.6934
405408 7.5548e+006 34.6936
405408 7.5548e+006 34.5436
405408 7.5548e+006 34.5438
405407 7.5548e+006 34.5435
405407 7.5548e+006 34.5434
405407 7.5548e+006 34.5434
405408 7.5548e+006 34.5436
405408 7.5548e+006 34.5438
405408 7.5548e+006 34.6938
405407 7.5548e+006 34.6935
405407 7.5548e+006 34.5435
405407 7.5548e+006 34.5435
405408 7.5548e+006 34.5438
405408 7.5548e+006 34.6938
405408 7.5548e+006 32.4436
405408 7.5548e+006 32.5936
405408 7.5548e+006 32.5938
405408 7.5548e+006 32.5938
405408 7.5548e+006 32.4438
405408 7.5548e+006 32.4436
405407 7.5548e+006 32.5934
405407 7.5548e+006 32.4434
405407 7.5548e+006 32.4435
405407 7.5548e+006 32.4435
405407 7.5548e+006 32.5935
405407 7.5548e+006 32.5934
405408 7.5548e+006 32.5936
405407 7.5548e+006 32.5934
405407 7.5548e+006 32.5935
405407 7.5548e+006 32.5935
405408 7.5548e+006 32.5938
405408 7.5548e+006 32.5936
405408 7.5548e+006 32.4436
405407 7.5548e+006 32.4434
405407 7.5548e+006 32.5934
405407 7.5548e+006 32.5934
405408 7.5548e+006 32.5936
405408 7.5548e+006 32.4436
405408 7.5548e+006 32.4438
405407 7.5548e+006 32.4435
405407 7.5548e+006 32.4434
405407 7.5548e+006 32.4434
405408 7.5548e+006 32.4436
405408 7.5548e+006 32.4438
405408 7.5548e+006 32.5938
405407 7.5548e+006 32.5935
405407 7.5548e+006 32.4435
405407 7.5548e+006 32.4435
405408 7.5548e+006 32.4438
405408 7.5548e+006 32.5938
405408 7.5548e+006 34.6936
405408 7.5548e+006 34.6936
405408 7.5548e+006 34.5436
405408 7.5548e+006 34.5436
405408 7.5548e+006 34.5436
405408 7.5548e+006 34.6936
405406 7.5548e+006 34.6914
405406 7.5548e+006 34.6914
405406 7.5548e+006 34.5414
405406 7.5548e+006 34.5414
405406 7.5548e+006 34.5414
405406 7.5548e+006 34.6914
405408 7.5548e+006 34.6936
405406 7.5548e+006 34.6914
405406 7.5548e+006 34.5414
405406 7.5548e+006 34.5414
405408 7.5548e+006 34.5436
405408 7.5548e+006 34.6936
405408 7.5548e+006 34.6936
405406 7.5548e+006 34.6914
405406 7.5548e+006 34.6914
405406 7.5548e+006 34.6914
405408 7.5548e+006 34.6936
405408 7.5548e+006 34.6936
405408 7.5548e+006 34.5436
405406 7.5548e+006 34.5414
405406 7.5548e+006 34.6914
405406 7.5548e+006 34.6914
405408 7.5548e+006 34.6936
405408 7.5548e+006 34.5436
405408 7.5548e+006 34.5436
405406 7.5548e+006 34.5414
405406 7.5548e+006 34.5414
405406 7.5548e+006 34.5414
405408 7.5548e+006 34.5436
405408 7.5548e+006 34.5436
405408 7.5548e+006 32.5936
405408 7.5548e+006 32.5936
405408 7.5548e+006 32.4436
405408 7.5548e+006 32.4436
405408 7.5548e+006 32.4436
405408 7.5548e+006 32.5936
405406 7.5548e+006 32.5914
405406 7.5548e+006 32.5914
405406 7.5548e+006 32.4414
405406 7.5548e+006 32.4414
405406 7.5548e+006 32.4414
405406 7.5548e+006 32.5914
405408 7.5548e+006 32.5936
405406 7.5548e+006 32.5914
405406 7.5548e+006 32.4414
405406 7.5548e+006 32.4414
405408 7.5548e+006 32.4436
405408 7.5548e+006 32.5936
405408 7.5548e+006 32.5936
405406 7.5548e+006 32.5914
405406 7.5548e+006 32.5914
405406 7.5548e+006 32.5914
405408 7.5548e+006 32.5936
405408 7.5548e+006 32.5936
405408 7.5548e+006 32.4436
405406 7.5548e+006 32.4414
405406 7.5548e+006 32.5914
405406 7.5548e+006 32.5914
405408 7.5548e+006 32.5936
405408 7.5548e+006 32.4436
405408 7.5548e+006 32.4436
405406 7.5548e+006 32.4414
405406 7.5548e+006 32.4414
405406 7.5548e+006 32.4414
405408 7.5548e+006 32.4436
405408 7.5548e+006 32.4436
405427 7.55479e+006 29.5647
405427 7.55479e+006 36.7447
405427 7.55479e+006 36.7447
405427 7.55479e+006 36.7447
405427 7.55479e+006 29.5647
405427 7.55479e+006 29.5647
405427 7.55479e+006 36.7448
405427 7.55479e+006 29.5648
405427 7.55479e+006 29.5648
405427 7.55479e+006 29.5648
405427 7.55479e+006 36.7448
405427 7.55479e+006 36.7448
405427 7.55479e+006 36.7447
405427 7.55479e+006 36.7448
405427 7.55479e+006 36.7448
405427 7.55479e+006 36.7448
405427 7.55479e+006 36.7447
405427 7.55479e+006 36.7447
405427 7.55479e+006 29.5647
405427 7.55479e+006 29.5648
405427 7.55479e+006 36.7448
405427 7.55479e+006 36.7448
405427 7.55479e+006 36.7447
405427 7.55479e+006 29.5647
405427 7.55479e+006 29.5647
405427 7.55479e+006 29.5648
405427 7.55479e+006 29.5648
405427 7.55479e+006 29.5648
405427 7.55479e+006 29.5647
405427 7.55479e+006 29.5647
405427 7.55479e+006 36.7447
405427 7.55479e+006 36.7448
405427 7.55479e+006 29.5648
405427 7.55479e+006 29.5648
405427 7.55479e+006 29.5647
405427 7.55479e+006 36.7447
405433 7.55479e+006 29.5706
405433 7.55479e+006 36.7506
405433 7.55479e+006 36.7506
405433 7.55479e+006 36.7506
405433 7.55479e+006 29.5706
405433 7.55479e+006 29.5706
405433 7.55479e+006 36.7507
405433 7.55479e+006 29.5707
405433 7.55479e+006 29.5707
405433 7.55479e+006 29.5707
405433 7.55479e+006 36.7507
405433 7.55479e+006 36.7507
405433 7.55479e+006 36.7506
405433 7.55479e+006 36.7507
405433 7.55479e+006 36.7507
405433 7.55479e+006 36.7507
405433 7.55479e+006 36.7506
405433 7.55479e+006 36.7506
405433 7.55479e+006 29.5706
405433 7.55479e+006 29.5707
405433 7.55479e+006 36.7507
405433 7.55479e+006 36.7507
405433 7.55479e+006 36.7506
405433 7.55479e+006 29.5706
405433 7.55479e+006 29.5706
405433 7.55479e+006 29.5707
405433 7.55479e+006 29.5707
405433 7.55479e+006 29.5707
405433 7.55479e+006 29.5706
405433 7.55479e+006 29.5706
405433 7.55479e+006 36.7506
405433 7.55479e+006 36.7507
405433 7.55479e+006 29.5707
405433 7.55479e+006 29.5707
405433 7.55479e+006 29.5706
405433 7.55479e+006 36.7506
405425 7.55478e+006 36.5945
405425 7.55478e+006 36.7445
405425 7.55478e+006 36.7444
405425 7.55478e+006 36.7444
405425 7.55478e+006 36.5944
405425 7.55478e+006 36.5945
405427 7.55479e+006 36.7448
405427 7.55479e+006 36.5948
405427 7.55479e+006 36.5947
405427 7.55479e+006 36.5947
405427 7.55479e+006 36.7447
405427 7.55479e+006 36.7448
405425 7.55478e+006 36.7445
405427 7.55479e+006 36.7448
405427 7.55479e+006 36.7447
405427 7.55479e+006 36.7447
405425 7.55478e+006 36.7444
405425 7.55478e+006 36.7445
405425 7.55478e+006 36.5945
405427 7.55479e+006 36.5948
405427 7.55479e+006 36.7448
405427 7.55479e+006 36.7448
405425 7.55478e+006 36.7445
405425 7.55478e+006 36.5945
405425 7.55478e+006 36.5944
405427 7.55479e+006 36.5947
405427 7.55479e+006 36.5948
405427 7.55479e+006 36.5948
405425 7.55478e+006 36.5945
405425 7.55478e+006 36.5944
405425 7.55478e+006 36.7444
405427 7.55479e+006 36.7447
405427 7.55479e+006 36.5947
405427 7.55479e+006 36.5947
405425 7.55478e+006 36.5944
405425 7.55478e+006 36.7444
405429 7.55479e+006 36.5971
405429 7.55479e+006 36.7471
405430 7.55479e+006 36.7472
405430 7.55479e+006 36.7472
405430 7.55479e+006 36.5972
405429 7.55479e+006 36.5971
405428 7.55478e+006 36.7468
405428 7.55478e+006 36.5968
405428 7.55478e+006 36.5969
405428 7.55478e+006 36.5969
405428 7.55478e+006 36.7469
405428 7.55478e+006 36.7468
405429 7.55479e+006 36.7471
405428 7.55478e+006 36.7468
405428 7.55478e+006 36.7469
405428 7.55478e+006 36.7469
405430 7.55479e+006 36.7472
405429 7.55479e+006 36.7471
405429 7.55479e+006 36.5971
405428 7.55478e+006 36.5968
405428 7.55478e+006 36.7468
405428 7.55478e+006 36.7468
405429 7.55479e+006 36.7471
405429 7.55479e+006 36.5971
405430 7.55479e+006 36.5972
405428 7.55478e+006 36.5969
405428 7.55478e+006 36.5968
405428 7.55478e+006 36.5968
405429 7.55479e+006 36.5971
405430 7.55479e+006 36.5972
405430 7.55479e+006 36.7472
405428 7.55478e+006 36.7469
405428 7.55478e+006 36.5969
405428 7.55478e+006 36.5969
405430 7.55479e+006 36.5972
405430 7.55479e+006 36.7472
405431 7.55478e+006 36.6004
405431 7.55478e+006 36.7504
405431 7.55478e+006 36.7503
405431 7.55478e+006 36.7503
405431 7.55478e+006 36.6003
405431 7.55478e+006 36.6004
405433 7.55479e+006 36.7507
405433 7.55479e+006 36.6007
405433 7.55479e+006 36.6006
405433 7.55479e+006 36.6006
405433 7.55479e+006 36.7506
405433 7.55479e+006 36.7507
405431 7.55478e+006 36.7504
405433 7.55479e+006 36.7507
405433 7.55479e+006 36.7506
405433 7.55479e+006 36.7506
405431 7.55478e+006 36.7503
405431 7.55478e+006 36.7504
405431 7.55478e+006 36.6004
405433 7.55479e+006 36.6007
405433 7.55479e+006 36.7507
405433 7.55479e+006 36.7507
405431 7.55478e+006 36.7504
405431 7.55478e+006 36.6004
405431 7.55478e+006 36.6003
405433 7.55479e+006 36.6006
405433 7.55479e+006 36.6007
405433 7.55479e+006 36.6007
405431 7.55478e+006 36.6004
405431 7.55478e+006 36.6003
405431 7.55478e+006 36.7503
405433 7.55479e+006 36.7506
405433 7.55479e+006 36.6006
405433 7.55479e+006 36.6006
405431 7.55478e+006 36.6003
405431 7.55478e+006 36.7503
405435 7.55478e+006 36.603
405435 7.55478e+006 36.753
405435 7.55478e+006 36.7531
405435 7.55478e+006 36.7531
405435 7.55478e+006 36.6031
405435 7.55478e+006 36.603
405434 7.55478e+006 36.7527
405434 7.55478e+006 36.6027
405434 7.55478e+006 36.6028
405434 7.55478e+006 36.6028
405434 7.55478e+006 36.7528
405434 7.55478e+006 36.7527
405435 7.55478e+006 36.753
405434 7.55478e+006 36.7527
405434 7.55478e+006 36.7528
405434 7.55478e+006 36.7528
405435 7.55478e+006 36.7531
405435 7.55478e+006 36.753
405435 7.55478e+006 36.603
405434 7.55478e+006 36.6027
405434 7.55478e+006 36.7527
405434 7.55478e+006 36.7527
405435 7.55478e+006 36.753
405435 7.55478e+006 36.603
405435 7.55478e+006 36.6031
405434 7.55478e+006 36.6028
405434 7.55478e+006 36.6027
405434 7.55478e+006 36.6027
405435 7.55478e+006 36.603
405435 7.55478e+006 36.6031
405435 7.55478e+006 36.7531
405434 7.55478e+006 36.7528
405434 7.55478e+006 36.6028
405434 7.55478e+006 36.6028
405435 7.55478e+006 36.6031
405435 7.55478e+006 36.7531
405425 7.55478e+006 36.7445
405425 7.55478e+006 36.7446
405425 7.55478e+006 36.5946
405425 7.55478e+006 36.5946
405425 7.55478e+006 36.5945
405425 7.55478e+006 36.7445
405428 7.55478e+006 36.7468
405428 7.55478e+006 36.7468
405428 7.55478e+006 36.5968
405428 7.55478e+006 36.5968
405428 7.55478e+006 36.5968
405428 7.55478e+006 36.7468
405425 7.55478e+006 36.7446
405428 7.55478e+006 36.7468
405428 7.55478e+006 36.5968
405428 7.55478e+006 36.5968
405425 7.55478e+006 36.5946
405425 7.55478e+006 36.7446
405425 7.55478e+006 36.7445
405428 7.55478e+006 36.7468
405428 7.55478e+006 36.7468
405428 7.55478e+006 36.7468
405425 7.55478e+006 36.7446
405425 7.55478e+006 36.7445
405425 7.55478e+006 36.5945
405428 7.55478e+006 36.5968
405428 7.55478e+006 36.7468
405428 7.55478e+006 36.7468
405425 7.55478e+006 36.7445
405425 7.55478e+006 36.5945
405425 7.55478e+006 36.5946
405428 7.55478e+006 36.5968
405428 7.55478e+006 36.5968
405428 7.55478e+006 36.5968
405425 7.55478e+006 36.5945
405425 7.55478e+006 36.5946
405431 7.55478e+006 36.7504
405431 7.55478e+006 36.7504
405431 7.55478e+006 36.6004
405431 7.55478e+006 36.6004
405431 7.55478e+006 36.6004
405431 7.55478e+006 36.7504
405434 7.55478e+006 36.7527
405433 7.55478e+006 36.7527
405433 7.55478e+006 36.6027
405433 7.55478e+006 36.6027
405434 7.55478e+006 36.6027
405434 7.55478e+006 36.7527
405431 7.55478e+006 36.7504
405434 7.55478e+006 36.7527
405434 7.55478e+006 36.6027
405434 7.55478e+006 36.6027
405431 7.55478e+006 36.6004
405431 7.55478e+006 36.7504
405431 7.55478e+006 36.7504
405433 7.55478e+006 36.7527
405434 7.55478e+006 36.7527
405434 7.55478e+006 36.7527
405431 7.55478e+006 36.7504
405431 7.55478e+006 36.7504
405431 7.55478e+006 36.6004
405433 7.55478e+006 36.6027
405433 7.55478e+006 36.7527
405433 7.55478e+006 36.7527
405431 7.55478e+006 36.7504
405431 7.55478e+006 36.6004
405431 7.55478e+006 36.6004
405434 7.55478e+006 36.6027
405433 7.55478e+006 36.6027
405433 7.55478e+006 36.6027
405431 7.55478e+006 36.6004
405431 7.55478e+006 36.6004
405433 7.55479e+006 36.7507
405433 7.55479e+006 36.7507
405433 7.55479e+006 36.6007
405433 7.55479e+006 36.6007
405433 7.55479e+006 36.6007
405433 7.55479e+006 36.7507
405435 7.55478e+006 36.753
405435 7.55478e+006 36.753
405435 7.55478e+006 36.603
405435 7.55478e+006 36.603
405435 7.55478e+006 36.603
405435 7.55478e+006 36.753
405433 7.55479e+006 36.7507
405435 7.55478e+006 36.753
405435 7.55478e+006 36.603
405435 7.55478e+006 36.603
405433 7.55479e+006 36.6007
405433 7.55479e+006 36.7507
405433 7.55479e+006 36.7507
405435 7.55478e+006 36.753
405435 7.55478e+006 36.753
405435 7.55478e+006 36.753
405433 7.55479e+006 36.7507
405433 7.55479e+006 36.7507
405433 7.55479e+006 36.6007
405435 7.55478e+006 36.603
405435 7.55478e+006 36.753
405435 7.55478e+006 36.753
405433 7.55479e+006 36.7507
405433 7.55479e+006 36.6007
405433 7.55479e+006 36.6007
405435 7.55478e+006 36.603
405435 7.55478e+006 36.603
405435 7.55478e+006 36.603
405433 7.55479e+006 36.6007
405433 7.55479e+006 36.6007
405427 7.55479e+006 36.7448
405427 7.55479e+006 36.7448
405427 7.55479e+006 36.5948
405427 7.55479e+006 36.5948
405427 7.55479e+006 36.5948
405427 7.55479e+006 36.7448
405430 7.55479e+006 36.7471
405429 7.55479e+006 36.7471
405429 7.55479e+006 36.5971
405429 7.55479e+006 36.5971
405430 7.55479e+006 36.5971
405430 7.55479e+006 36.7471
405427 7.55479e+006 36.7448
405430 7.55479e+006 36.7471
405430 7.55479e+006 36.5971
405430 7.55479e+006 36.5971
405427 7.55479e+006 36.5948
405427 7.55479e+006 36.7448
405427 7.55479e+006 36.7448
405429 7.55479e+006 36.7471
405430 7.55479e+006 36.7471
405430 7.55479e+006 36.7471
405427 7.55479e+006 36.7448
405427 7.55479e+006 36.7448
405427 7.55479e+006 36.5948
405429 7.55479e+006 36.5971
405429 7.55479e+006 36.7471
405429 7.55479e+006 36.7471
405427 7.55479e+006 36.7448
405427 7.55479e+006 36.5948
405427 7.55479e+006 36.5948
405430 7.55479e+006 36.5971
405429 7.55479e+006 36.5971
405429 7.55479e+006 36.5971
405427 7.55479e+006 36.5948
405427 7.55479e+006 36.5948
405433 7.55479e+006 32.6207
405433 7.55479e+006 32.6207
405433 7.55479e+006 32.4707
405433 7.55479e+006 32.4707
405433 7.55479e+006 32.4707
405433 7.55479e+006 32.6207
405435 7.55478e+006 32.623
405435 7.55478e+006 32.623
405435 7.55478e+006 32.473
405435 7.55478e+006 32.473
405435 7.55478e+006 32.473
405435 7.55478e+006 32.623
405433 7.55479e+006 32.6207
405435 7.55478e+006 32.623
405435 7.55478e+006 32.473
405435 7.55478e+006 32.473
405433 7.55479e+006 32.4707
405433 7.55479e+006 32.6207
405433 7.55479e+006 32.6207
405435 7.55478e+006 32.623
405435 7.55478e+006 32.623
405435 7.55478e+006 32.623
405433 7.55479e+006 32.6207
405433 7.55479e+006 32.6207
405433 7.55479e+006 32.4707
405435 7.55478e+006 32.473
405435 7.55478e+006 32.623
405435 7.55478e+006 32.623
405433 7.55479e+006 32.6207
405433 7.55479e+006 32.4707
405433 7.55479e+006 32.4707
405435 7.55478e+006 32.473
405435 7.55478e+006 32.473
405435 7.55478e+006 32.473
405433 7.55479e+006 32.4707
405433 7.55479e+006 32.4707
405425 7.55478e+006 32.4645
405425 7.55478e+006 32.6145
405425 7.55478e+006 32.6144
405425 7.55478e+006 32.6144
405425 7.55478e+006 32.4644
405425 7.55478e+006 32.4645
405427 7.55479e+006 32.6148
405427 7.55479e+006 32.4648
405427 7.55479e+006 32.4647
405427 7.55479e+006 32.4647
405427 7.55479e+006 32.6147
405427 7.55479e+006 32.6148
405425 7.55478e+006 32.6145
405427 7.55479e+006 32.6148
405427 7.55479e+006 32.6147
405427 7.55479e+006 32.6147
405425 7.55478e+006 32.6144
405425 7.55478e+006 32.6145
405425 7.55478e+006 32.4645
405427 7.55479e+006 32.4648
405427 7.55479e+006 32.6148
405427 7.55479e+006 32.6148
405425 7.55478e+006 32.6145
405425 7.55478e+006 32.4645
405425 7.55478e+006 32.4644
405427 7.55479e+006 32.4647
405427 7.55479e+006 32.4648
405427 7.55479e+006 32.4648
405425 7.55478e+006 32.4645
405425 7.55478e+006 32.4644
405425 7.55478e+006 32.6144
405427 7.55479e+006 32.6147
405427 7.55479e+006 32.4647
405427 7.55479e+006 32.4647
405425 7.55478e+006 32.4644
405425 7.55478e+006 32.6144
405433 7.55479e+006 34.7207
405433 7.55479e+006 34.7207
405433 7.55479e+006 34.5707
405433 7.55479e+006 34.5707
405433 7.55479e+006 34.5707
405433 7.55479e+006 34.7207
405435 7.55478e+006 34.723
405435 7.55478e+006 34.723
405435 7.55478e+006 34.573
405435 7.55478e+006 34.573
405435 7.55478e+006 34.573
405435 7.55478e+006 34.723
405433 7.55479e+006 34.7207
405435 7.55478e+006 34.723
405435 7.55478e+006 34.573
405435 7.55478e+006 34.573
405433 7.55479e+006 34.5707
405433 7.55479e+006 34.7207
405433 7.55479e+006 34.7207
405435 7.55478e+006 34.723
405435 7.55478e+006 34.723
405435 7.55478e+006 34.723
405433 7.55479e+006 34.7207
405433 7.55479e+006 34.7207
405433 7.55479e+006 34.5707
405435 7.55478e+006 34.573
405435 7.55478e+006 34.723
405435 7.55478e+006 34.723
405433 7.55479e+006 34.7207
405433 7.55479e+006 34.5707
405433 7.55479e+006 34.5707
405435 7.55478e+006 34.573
405435 7.55478e+006 34.573
405435 7.55478e+006 34.573
405433 7.55479e+006 34.5707
405433 7.55479e+006 34.5707
405425 7.55478e+006 34.5645
405425 7.55478e+006 34.7145
405425 7.55478e+006 34.7144
405425 7.55478e+006 34.7144
405425 7.55478e+006 34.5644
405425 7.55478e+006 34.5645
405427 7.55479e+006 34.7148
405427 7.55479e+006 34.5648
405427 7.55479e+006 34.5647
405427 7.55479e+006 34.5647
405427 7.55479e+006 34.7147
405427 7.55479e+006 34.7148
405425 7.55478e+006 34.7145
405427 7.55479e+006 34.7148
405427 7.55479e+006 34.7147
405427 7.55479e+006 34.7147
405425 7.55478e+006 34.7144
405425 7.55478e+006 34.7145
405425 7.55478e+006 34.5645
405427 7.55479e+006 34.5648
405427 7.55479e+006 34.7148
405427 7.55479e+006 34.7148
405425 7.55478e+006 34.7145
405425 7.55478e+006 34.5645
405425 7.55478e+006 34.5644
405427 7.55479e+006 34.5647
405427 7.55479e+006 34.5648
405427 7.55479e+006 34.5648
405425 7.55478e+006 34.5645
405425 7.55478e+006 34.5644
405425 7.55478e+006 34.7144
405427 7.55479e+006 34.7147
405427 7.55479e+006 34.5647
405427 7.55479e+006 34.5647
405425 7.55478e+006 34.5644
405425 7.55478e+006 34.7144
405425 7.55478e+006 34.7145
405425 7.55478e+006 34.7146
405425 7.55478e+006 34.5646
405425 7.55478e+006 34.5646
405425 7.55478e+006 34.5645
405425 7.55478e+006 34.7145
405428 7.55478e+006 34.7168
405428 7.55478e+006 34.7168
405428 7.55478e+006 34.5668
405428 7.55478e+006 34.5668
405428 7.55478e+006 34.5668
405428 7.55478e+006 34.7168
405425 7.55478e+006 34.7146
405428 7.55478e+006 34.7168
405428 7.55478e+006 34.5668
405428 7.55478e+006 34.5668
405425 7.55478e+006 34.5646
405425 7.55478e+006 34.7146
405425 7.55478e+006 34.7145
405428 7.55478e+006 34.7168
405428 7.55478e+006 34.7168
405428 7.55478e+006 34.7168
405425 7.55478e+006 34.7146
405425 7.55478e+006 34.7145
405425 7.55478e+006 34.5645
405428 7.55478e+006 34.5668
405428 7.55478e+006 34.7168
405428 7.55478e+006 34.7168
405425 7.55478e+006 34.7145
405425 7.55478e+006 34.5645
405425 7.55478e+006 34.5646
405428 7.55478e+006 34.5668
405428 7.55478e+006 34.5668
405428 7.55478e+006 34.5668
405425 7.55478e+006 34.5645
405425 7.55478e+006 34.5646
405425 7.55478e+006 32.6145
405425 7.55478e+006 32.6146
405425 7.55478e+006 32.4646
405425 7.55478e+006 32.4646
405425 7.55478e+006 32.4645
405425 7.55478e+006 32.6145
405428 7.55478e+006 32.6168
405428 7.55478e+006 32.6168
405428 7.55478e+006 32.4668
405428 7.55478e+006 32.4668
405428 7.55478e+006 32.4668
405428 7.55478e+006 32.6168
405425 7.55478e+006 32.6146
405428 7.55478e+006 32.6168
405428 7.55478e+006 32.4668
405428 7.55478e+006 32.4668
405425 7.55478e+006 32.4646
405425 7.55478e+006 32.6146
405425 7.55478e+006 32.6145
405428 7.55478e+006 32.6168
405428 7.55478e+006 32.6168
405428 7.55478e+006 32.6168
405425 7.55478e+006 32.6146
405425 7.55478e+006 32.6145
405425 7.55478e+006 32.4645
405428 7.55478e+006 32.4668
405428 7.55478e+006 32.6168
405428 7.55478e+006 32.6168
405425 7.55478e+006 32.6145
405425 7.55478e+006 32.4645
405425 7.55478e+006 32.4646
405428 7.55478e+006 32.4668
405428 7.55478e+006 32.4668
405428 7.55478e+006 32.4668
405425 7.55478e+006 32.4645
405425 7.55478e+006 32.4646
405427 7.55479e+006 32.6148
405427 7.55479e+006 32.6148
405427 7.55479e+006 32.4648
405427 7.55479e+006 32.4648
405427 7.55479e+006 32.4648
405427 7.55479e+006 32.6148
405430 7.55479e+006 32.6171
405429 7.55479e+006 32.6171
405429 7.55479e+006 32.4671
405429 7.55479e+006 32.4671
405430 7.55479e+006 32.4671
405430 7.55479e+006 32.6171
405427 7.55479e+006 32.6148
405430 7.55479e+006 32.6171
405430 7.55479e+006 32.4671
405430 7.55479e+006 32.4671
405427 7.55479e+006 32.4648
405427 7.55479e+006 32.6148
405427 7.55479e+006 32.6148
405429 7.55479e+006 32.6171
405430 7.55479e+006 32.6171
405430 7.55479e+006 32.6171
405427 7.55479e+006 32.6148
405427 7.55479e+006 32.6148
405427 7.55479e+006 32.4648
405429 7.55479e+006 32.4671
405429 7.55479e+006 32.6171
405429 7.55479e+006 32.6171
405427 7.55479e+006 32.6148
405427 7.55479e+006 32.4648
405427 7.55479e+006 32.4648
405430 7.55479e+006 32.4671
405429 7.55479e+006 32.4671
405429 7.55479e+006 32.4671
405427 7.55479e+006 32.4648
405427 7.55479e+006 32.4648
405427 7.55479e+006 34.7148
405427 7.55479e+006 34.7148
405427 7.55479e+006 34.5648
405427 7.55479e+006 34.5648
405427 7.55479e+006 34.5648
405427 7.55479e+006 34.7148
405430 7.55479e+006 34.7171
405429 7.55479e+006 34.7171
405429 7.55479e+006 34.5671
405429 7.55479e+006 34.5671
405430 7.55479e+006 34.5671
405430 7.55479e+006 34.7171
405427 7.55479e+006 34.7148
405430 7.55479e+006 34.7171
405430 7.55479e+006 34.5671
405430 7.55479e+006 34.5671
405427 7.55479e+006 34.5648
405427 7.55479e+006 34.7148
405427 7.55479e+006 34.7148
405429 7.55479e+006 34.7171
405430 7.55479e+006 34.7171
405430 7.55479e+006 34.7171
405427 7.55479e+006 34.7148
405427 7.55479e+006 34.7148
405427 7.55479e+006 34.5648
405429 7.55479e+006 34.5671
405429 7.55479e+006 34.7171
405429 7.55479e+006 34.7171
405427 7.55479e+006 34.7148
405427 7.55479e+006 34.5648
405427 7.55479e+006 34.5648
405430 7.55479e+006 34.5671
405429 7.55479e+006 34.5671
405429 7.55479e+006 34.5671
405427 7.55479e+006 34.5648
405427 7.55479e+006 34.5648
405429 7.55479e+006 34.5671
405429 7.55479e+006 34.7171
405430 7.55479e+006 34.7172
405430 7.55479e+006 34.7172
405430 7.55479e+006 34.5672
405429 7.55479e+006 34.5671
405428 7.55478e+006 34.7168
405428 7.55478e+006 34.5668
405428 7.55478e+006 34.5669
405428 7.55478e+006 34.5669
405428 7.55478e+006 34.7169
405428 7.55478e+006 34.7168
405429 7.55479e+006 34.7171
405428 7.55478e+006 34.7168
405428 7.55478e+006 34.7169
405428 7.55478e+006 34.7169
405430 7.55479e+006 34.7172
405429 7.55479e+006 34.7171
405429 7.55479e+006 34.5671
405428 7.55478e+006 34.5668
405428 7.55478e+006 34.7168
405428 7.55478e+006 34.7168
405429 7.55479e+006 34.7171
405429 7.55479e+006 34.5671
405430 7.55479e+006 34.5672
405428 7.55478e+006 34.5669
405428 7.55478e+006 34.5668
405428 7.55478e+006 34.5668
405429 7.55479e+006 34.5671
405430 7.55479e+006 34.5672
405430 7.55479e+006 34.7172
405428 7.55478e+006 34.7169
405428 7.55478e+006 34.5669
405428 7.55478e+006 34.5669
405430 7.55479e+006 34.5672
405430 7.55479e+006 34.7172
405429 7.55479e+006 32.4671
405429 7.55479e+006 32.6171
405430 7.55479e+006 32.6172
405430 7.55479e+006 32.6172
405430 7.55479e+006 32.4672
405429 7.55479e+006 32.4671
405428 7.55478e+006 32.6168
405428 7.55478e+006 32.4668
405428 7.55478e+006 32.4669
405428 7.55478e+006 32.4669
405428 7.55478e+006 32.6169
405428 7.55478e+006 32.6168
405429 7.55479e+006 32.6171
405428 7.55478e+006 32.6168
405428 7.55478e+006 32.6169
405428 7.55478e+006 32.6169
405430 7.55479e+006 32.6172
405429 7.55479e+006 32.6171
405429 7.55479e+006 32.4671
405428 7.55478e+006 32.4668
405428 7.55478e+006 32.6168
405428 7.55478e+006 32.6168
405429 7.55479e+006 32.6171
405429 7.55479e+006 32.4671
405430 7.55479e+006 32.4672
405428 7.55478e+006 32.4669
405428 7.55478e+006 32.4668
405428 7.55478e+006 32.4668
405429 7.55479e+006 32.4671
405430 7.55479e+006 32.4672
405430 7.55479e+006 32.6172
405428 7.55478e+006 32.6169
405428 7.55478e+006 32.4669
405428 7.55478e+006 32.4669
405430 7.55479e+006 32.4672
405430 7.55479e+006 32.6172
405435 7.55478e+006 34.573
405435 7.55478e+006 34.723
405435 7.55478e+006 34.7231
405435 7.55478e+006 34.7231
405435 7.55478e+006 34.5731
405435 7.55478e+006 34.573
405434 7.55478e+006 34.7227
405434 7.55478e+006 34.5727
405434 7.55478e+006 34.5728
405434 7.55478e+006 34.5728
405434 7.55478e+006 34.7228
405434 7.55478e+006 34.7227
405435 7.55478e+006 34.723
405434 7.55478e+006 34.7227
405434 7.55478e+006 34.7228
405434 7.55478e+006 34.7228
405435 7.55478e+006 34.7231
405435 7.55478e+006 34.723
405435 7.55478e+006 34.573
405434 7.55478e+006 34.5727
405434 7.55478e+006 34.7227
405434 7.55478e+006 34.7227
405435 7.55478e+006 34.723
405435 7.55478e+006 34.573
405435 7.55478e+006 34.5731
405434 7.55478e+006 34.5728
405434 7.55478e+006 34.5727
405434 7.55478e+006 34.5727
405435 7.55478e+006 34.573
405435 7.55478e+006 34.5731
405435 7.55478e+006 34.7231
405434 7.55478e+006 34.7228
405434 7.55478e+006 34.5728
405434 7.55478e+006 34.5728
405435 7.55478e+006 34.5731
405435 7.55478e+006 34.7231
405435 7.55478e+006 32.473
405435 7.55478e+006 32.623
405435 7.55478e+006 32.6231
405435 7.55478e+006 32.6231
405435 7.55478e+006 32.4731
405435 7.55478e+006 32.473
405434 7.55478e+006 32.6227
405434 7.55478e+006 32.4727
405434 7.55478e+006 32.4728
405434 7.55478e+006 32.4728
405434 7.55478e+006 32.6228
405434 7.55478e+006 32.6227
405435 7.55478e+006 32.623
405434 7.55478e+006 32.6227
405434 7.55478e+006 32.6228
405434 7.55478e+006 32.6228
405435 7.55478e+006 32.6231
405435 7.55478e+006 32.623
405435 7.55478e+006 32.473
405434 7.55478e+006 32.4727
405434 7.55478e+006 32.6227
405434 7.55478e+006 32.6227
405435 7.55478e+006 32.623
405435 7.55478e+006 32.473
405435 7.55478e+006 32.4731
405434 7.55478e+006 32.4728
405434 7.55478e+006 32.4727
405434 7.55478e+006 32.4727
405435 7.55478e+006 32.473
405435 7.55478e+006 32.4731
405435 7.55478e+006 32.6231
405434 7.55478e+006 32.6228
405434 7.55478e+006 32.4728
405434 7.55478e+006 32.4728
405435 7.55478e+006 32.4731
405435 7.55478e+006 32.6231
405431 7.55478e+006 34.5704
405431 7.55478e+006 34.7204
405431 7.55478e+006 34.7203
405431 7.55478e+006 34.7203
405431 7.55478e+006 34.5703
405431 7.55478e+006 34.5704
405433 7.55479e+006 34.7207
405433 7.55479e+006 34.5707
405433 7.55479e+006 34.5706
405433 7.55479e+006 34.5706
405433 7.55479e+006 34.7206
405433 7.55479e+006 34.7207
405431 7.55478e+006 34.7204
405433 7.55479e+006 34.7207
405433 7.55479e+006 34.7206
405433 7.55479e+006 34.7206
405431 7.55478e+006 34.7203
405431 7.55478e+006 34.7204
405431 7.55478e+006 34.5704
405433 7.55479e+006 34.5707
405433 7.55479e+006 34.7207
405433 7.55479e+006 34.7207
405431 7.55478e+006 34.7204
405431 7.55478e+006 34.5704
405431 7.55478e+006 34.5703
405433 7.55479e+006 34.5706
405433 7.55479e+006 34.5707
405433 7.55479e+006 34.5707
405431 7.55478e+006 34.5704
405431 7.55478e+006 34.5703
405431 7.55478e+006 34.7203
405433 7.55479e+006 34.7206
405433 7.55479e+006 34.5706
405433 7.55479e+006 34.5706
405431 7.55478e+006 34.5703
405431 7.55478e+006 34.7203
405431 7.55478e+006 32.4704
405431 7.55478e+006 32.6204
405431 7.55478e+006 32.6203
405431 7.55478e+006 32.6203
405431 7.55478e+006 32.4703
405431 7.55478e+006 32.4704
405433 7.55479e+006 32.6207
405433 7.55479e+006 32.4707
405433 7.55479e+006 32.4706
405433 7.55479e+006 32.4706
405433 7.55479e+006 32.6206
405433 7.55479e+006 32.6207
405431 7.55478e+006 32.6204
405433 7.55479e+006 32.6207
405433 7.55479e+006 32.6206
405433 7.55479e+006 32.6206
405431 7.55478e+006 32.6203
405431 7.55478e+006 32.6204
405431 7.55478e+006 32.4704
405433 7.55479e+006 32.4707
405433 7.55479e+006 32.6207
405433 7.55479e+006 32.6207
405431 7.55478e+006 32.6204
405431 7.55478e+006 32.4704
405431 7.55478e+006 32.4703
405433 7.55479e+006 32.4706
405433 7.55479e+006 32.4707
405433 7.55479e+006 32.4707
405431 7.55478e+006 32.4704
405431 7.55478e+006 32.4703
405431 7.55478e+006 32.6203
405433 7.55479e+006 32.6206
405433 7.55479e+006 32.4706
405433 7.55479e+006 32.4706
405431 7.55478e+006 32.4703
405431 7.55478e+006 32.6203
405431 7.55478e+006 34.7204
405431 7.55478e+006 34.7204
405431 7.55478e+006 34.5704
405431 7.55478e+006 34.5704
405431 7.55478e+006 34.5704
405431 7.55478e+006 34.7204
405434 7.55478e+006 34.7227
405433 7.55478e+006 34.7227
405433 7.55478e+006 34.5727
405433 7.55478e+006 34.5727
405434 7.55478e+006 34.5727
405434 7.55478e+006 34.7227
405431 7.55478e+006 34.7204
405434 7.55478e+006 34.7227
405434 7.55478e+006 34.5727
405434 7.55478e+006 34.5727
405431 7.55478e+006 34.5704
405431 7.55478e+006 34.7204
405431 7.55478e+006 34.7204
405433 7.55478e+006 34.7227
405434 7.55478e+006 34.7227
405434 7.55478e+006 34.7227
405431 7.55478e+006 34.7204
405431 7.55478e+006 34.7204
405431 7.55478e+006 34.5704
405433 7.55478e+006 34.5727
405433 7.55478e+006 34.7227
405433 7.55478e+006 34.7227
405431 7.55478e+006 34.7204
405431 7.55478e+006 34.5704
405431 7.55478e+006 34.5704
405434 7.55478e+006 34.5727
405433 7.55478e+006 34.5727
405433 7.55478e+006 34.5727
405431 7.55478e+006 34.5704
405431 7.55478e+006 34.5704
405431 7.55478e+006 32.6204
405431 7.55478e+006 32.6204
405431 7.55478e+006 32.4704
405431 7.55478e+006 32.4704
405431 7.55478e+006 32.4704
405431 7.55478e+006 32.6204
405434 7.55478e+006 32.6227
405433 7.55478e+006 32.6227
405433 7.55478e+006 32.4727
405433 7.55478e+006 32.4727
405434 7.55478e+006 32.4727
405434 7.55478e+006 32.6227
405431 7.55478e+006 32.6204
405434 7.55478e+006 32.6227
405434 7.55478e+006 32.4727
405434 7.55478e+006 32.4727
405431 7.55478e+006 32.4704
405431 7.55478e+006 32.6204
405431 7.55478e+006 32.6204
405433 7.55478e+006 32.6227
405434 7.55478e+006 32.6227
405434 7.55478e+006 32.6227
405431 7.55478e+006 32.6204
405431 7.55478e+006 32.6204
405431 7.55478e+006 32.4704
405433 7.55478e+006 32.4727
405433 7.55478e+006 32.6227
405433 7.55478e+006 32.6227
405431 7.55478e+006 32.6204
405431 7.55478e+006 32.4704
405431 7.55478e+006 32.4704
405434 7.55478e+006 32.4727
405433 7.55478e+006 32.4727
405433 7.55478e+006 32.4727
405431 7.55478e+006 32.4704
405431 7.55478e+006 32.4704
405403 7.5548e+006 29.5408
405403 7.5548e+006 36.7208
405403 7.5548e+006 36.7208
405403 7.5548e+006 36.7208
405403 7.5548e+006 29.5408
405403 7.5548e+006 29.5408
405403 7.5548e+006 36.7209
405403 7.5548e+006 29.5409
405403 7.5548e+006 29.5409
405403 7.5548e+006 29.5409
405403 7.5548e+006 36.7209
405403 7.5548e+006 36.7209
405403 7.5548e+006 36.7208
405403 7.5548e+006 36.7209
405403 7.5548e+006 36.7209
405403 7.5548e+006 36.7209
405403 7.5548e+006 36.7208
405403 7.5548e+006 36.7208
405403 7.5548e+006 29.5408
405403 7.5548e+006 29.5409
405403 7.5548e+006 36.7209
405403 7.5548e+006 36.7209
405403 7.5548e+006 36.7208
405403 7.5548e+006 29.5408
405403 7.5548e+006 29.5408
405403 7.5548e+006 29.5409
405403 7.5548e+006 29.5409
405403 7.5548e+006 29.5409
405403 7.5548e+006 29.5408
405403 7.5548e+006 29.5408
405403 7.5548e+006 36.7208
405403 7.5548e+006 36.7209
405403 7.5548e+006 29.5409
405403 7.5548e+006 29.5409
405403 7.5548e+006 29.5408
405403 7.5548e+006 36.7208
405406 7.5548e+006 29.5433
405406 7.5548e+006 29.5433
405406 7.5548e+006 36.7233
405406 7.5548e+006 36.7233
405406 7.5548e+006 36.7233
405406 7.5548e+006 29.5433
405405 7.5548e+006 36.7232
405405 7.5548e+006 36.7232
405406 7.5548e+006 29.5432
405406 7.5548e+006 29.5432
405405 7.5548e+006 29.5432
405405 7.5548e+006 36.7232
405406 7.5548e+006 36.7233
405406 7.5548e+006 36.7233
405405 7.5548e+006 36.7232
405405 7.5548e+006 36.7232
405405 7.5548e+006 36.7232
405406 7.5548e+006 36.7233
405406 7.5548e+006 29.5433
405406 7.5548e+006 36.7233
405405 7.5548e+006 36.7232
405405 7.5548e+006 36.7232
405405 7.5548e+006 29.5432
405406 7.5548e+006 29.5433
405406 7.5548e+006 29.5433
405406 7.5548e+006 29.5433
405405 7.5548e+006 29.5432
405405 7.5548e+006 29.5432
405406 7.5548e+006 29.5432
405406 7.5548e+006 29.5433
405406 7.5548e+006 36.7233
405406 7.5548e+006 29.5433
405406 7.5548e+006 29.5432
405406 7.5548e+006 29.5432
405405 7.5548e+006 36.7232
405406 7.5548e+006 36.7233
405406 7.5548e+006 29.5412
405406 7.5548e+006 36.7212
405406 7.5548e+006 36.7212
405406 7.5548e+006 36.7212
405406 7.5548e+006 29.5413
405406 7.5548e+006 29.5412
405406 7.5548e+006 36.7214
405406 7.5548e+006 29.5414
405406 7.5548e+006 29.5414
405406 7.5548e+006 29.5414
405406 7.5548e+006 36.7214
405406 7.5548e+006 36.7214
405406 7.5548e+006 36.7212
405406 7.5548e+006 36.7214
405406 7.5548e+006 36.7214
405406 7.5548e+006 36.7214
405406 7.5548e+006 36.7212
405406 7.5548e+006 36.7212
405406 7.5548e+006 29.5412
405406 7.5548e+006 29.5414
405406 7.5548e+006 36.7214
405406 7.5548e+006 36.7214
405406 7.5548e+006 36.7212
405406 7.5548e+006 29.5412
405406 7.5548e+006 29.5413
405406 7.5548e+006 29.5414
405406 7.5548e+006 29.5414
405406 7.5548e+006 29.5414
405406 7.5548e+006 29.5412
405406 7.5548e+006 29.5413
405406 7.5548e+006 36.7212
405406 7.5548e+006 36.7214
405406 7.5548e+006 29.5414
405406 7.5548e+006 29.5414
405406 7.5548e+006 29.5413
405406 7.5548e+006 36.7212
405408 7.5548e+006 29.5438
405409 7.5548e+006 29.5438
405409 7.5548e+006 36.7238
405409 7.5548e+006 36.7238
405408 7.5548e+006 36.7238
405408 7.5548e+006 29.5438
405408 7.5548e+006 36.7236
405408 7.5548e+006 36.7236
405408 7.5548e+006 29.5436
405408 7.5548e+006 29.5436
405408 7.5548e+006 29.5436
405408 7.5548e+006 36.7236
405408 7.5548e+006 36.7238
405409 7.5548e+006 36.7238
405408 7.5548e+006 36.7236
405408 7.5548e+006 36.7236
405408 7.5548e+006 36.7236
405408 7.5548e+006 36.7238
405408 7.5548e+006 29.5438
405408 7.5548e+006 36.7238
405408 7.5548e+006 36.7236
405408 7.5548e+006 36.7236
405408 7.5548e+006 29.5436
405408 7.5548e+006 29.5438
405409 7.5548e+006 29.5438
405408 7.5548e+006 29.5438
405408 7.5548e+006 29.5436
405408 7.5548e+006 29.5436
405408 7.5548e+006 29.5436
405409 7.5548e+006 29.5438
405409 7.5548e+006 36.7238
405409 7.5548e+006 29.5438
405408 7.5548e+006 29.5436
405408 7.5548e+006 29.5436
405408 7.5548e+006 36.7236
405409 7.5548e+006 36.7238
405409 7.55479e+006 29.5467
405409 7.55479e+006 36.7267
405409 7.5548e+006 36.7267
405409 7.5548e+006 36.7267
405409 7.5548e+006 29.5467
405409 7.55479e+006 29.5467
405409 7.55479e+006 36.7268
405409 7.55479e+006 29.5468
405409 7.55479e+006 29.5468
405409 7.55479e+006 29.5468
405409 7.55479e+006 36.7268
405409 7.55479e+006 36.7268
405409 7.55479e+006 36.7267
405409 7.55479e+006 36.7268
405409 7.55479e+006 36.7268
405409 7.55479e+006 36.7268
405409 7.5548e+006 36.7267
405409 7.55479e+006 36.7267
405409 7.55479e+006 29.5467
405409 7.55479e+006 29.5468
405409 7.55479e+006 36.7268
405409 7.55479e+006 36.7268
405409 7.55479e+006 36.7267
405409 7.55479e+006 29.5467
405409 7.5548e+006 29.5467
405409 7.55479e+006 29.5468
405409 7.55479e+006 29.5468
405409 7.55479e+006 29.5468
405409 7.55479e+006 29.5467
405409 7.5548e+006 29.5467
405409 7.5548e+006 36.7267
405409 7.55479e+006 36.7268
405409 7.55479e+006 29.5468
405409 7.55479e+006 29.5468
405409 7.5548e+006 29.5467
405409 7.5548e+006 36.7267
405411 7.55479e+006 29.5492
405411 7.55479e+006 29.5492
405411 7.55479e+006 36.7292
405411 7.55479e+006 36.7292
405411 7.55479e+006 36.7292
405411 7.55479e+006 29.5492
405411 7.55479e+006 36.7291
405411 7.55479e+006 36.7291
405411 7.55479e+006 29.5491
405411 7.55479e+006 29.5491
405411 7.55479e+006 29.5491
405411 7.55479e+006 36.7291
405411 7.55479e+006 36.7292
405411 7.55479e+006 36.7292
405411 7.55479e+006 36.7291
405411 7.55479e+006 36.7291
405411 7.55479e+006 36.7291
405411 7.55479e+006 36.7292
405411 7.55479e+006 29.5492
405411 7.55479e+006 36.7292
405411 7.55479e+006 36.7291
405411 7.55479e+006 36.7291
405411 7.55479e+006 29.5491
405411 7.55479e+006 29.5492
405411 7.55479e+006 29.5492
405411 7.55479e+006 29.5492
405411 7.55479e+006 29.5491
405411 7.55479e+006 29.5491
405411 7.55479e+006 29.5491
405411 7.55479e+006 29.5492
405411 7.55479e+006 36.7292
405411 7.55479e+006 29.5492
405411 7.55479e+006 29.5491
405411 7.55479e+006 29.5491
405411 7.55479e+006 36.7291
405411 7.55479e+006 36.7292
405412 7.5548e+006 29.5471
405412 7.5548e+006 36.7271
405412 7.5548e+006 36.7271
405412 7.5548e+006 36.7271
405412 7.5548e+006 29.5471
405412 7.5548e+006 29.5471
405412 7.5548e+006 36.7273
405412 7.5548e+006 29.5473
405412 7.5548e+006 29.5473
405412 7.5548e+006 29.5473
405412 7.5548e+006 36.7273
405412 7.5548e+006 36.7273
405412 7.5548e+006 36.7271
405412 7.5548e+006 36.7273
405412 7.5548e+006 36.7273
405412 7.5548e+006 36.7273
405412 7.5548e+006 36.7271
405412 7.5548e+006 36.7271
405412 7.5548e+006 29.5471
405412 7.5548e+006 29.5473
405412 7.5548e+006 36.7273
405412 7.5548e+006 36.7273
405412 7.5548e+006 36.7271
405412 7.5548e+006 29.5471
405412 7.5548e+006 29.5471
405412 7.5548e+006 29.5473
405412 7.5548e+006 29.5473
405412 7.5548e+006 29.5473
405412 7.5548e+006 29.5471
405412 7.5548e+006 29.5471
405412 7.5548e+006 36.7271
405412 7.5548e+006 36.7273
405412 7.5548e+006 29.5473
405412 7.5548e+006 29.5473
405412 7.5548e+006 29.5471
405412 7.5548e+006 36.7271
405414 7.5548e+006 29.5497
405414 7.5548e+006 29.5497
405414 7.5548e+006 36.7297
405414 7.5548e+006 36.7297
405414 7.5548e+006 36.7297
405414 7.5548e+006 29.5497
405414 7.5548e+006 36.7295
405414 7.5548e+006 36.7295
405414 7.5548e+006 29.5495
405414 7.5548e+006 29.5495
405414 7.5548e+006 29.5495
405414 7.5548e+006 36.7295
405414 7.5548e+006 36.7297
405414 7.5548e+006 36.7297
405414 7.5548e+006 36.7295
405414 7.5548e+006 36.7295
405414 7.5548e+006 36.7295
405414 7.5548e+006 36.7297
405414 7.5548e+006 29.5497
405414 7.5548e+006 36.7297
405414 7.5548e+006 36.7295
405414 7.5548e+006 36.7295
405414 7.5548e+006 29.5495
405414 7.5548e+006 29.5497
405414 7.5548e+006 29.5497
405414 7.5548e+006 29.5497
405414 7.5548e+006 29.5495
405414 7.5548e+006 29.5495
405414 7.5548e+006 29.5495
405414 7.5548e+006 29.5497
405414 7.5548e+006 36.7297
405414 7.5548e+006 29.5497
405414 7.5548e+006 29.5495
405414 7.5548e+006 29.5495
405414 7.5548e+006 36.7295
405414 7.5548e+006 36.7297
405431 7.55478e+006 29.5703
405431 7.55478e+006 29.5703
405431 7.55478e+006 36.7503
405431 7.55478e+006 36.7503
405431 7.55478e+006 36.7503
405431 7.55478e+006 29.5703
405431 7.55478e+006 36.7504
405431 7.55478e+006 36.7504
405431 7.55478e+006 29.5704
405431 7.55478e+006 29.5704
405431 7.55478e+006 29.5704
405431 7.55478e+006 36.7504
405431 7.55478e+006 36.7503
405431 7.55478e+006 36.7503
405431 7.55478e+006 36.7504
405431 7.55478e+006 36.7504
405431 7.55478e+006 36.7504
405431 7.55478e+006 36.7503
405431 7.55478e+006 29.5703
405431 7.55478e+006 36.7503
405431 7.55478e+006 36.7504
405431 7.55478e+006 36.7504
405431 7.55478e+006 29.5704
405431 7.55478e+006 29.5703
405431 7.55478e+006 29.5703
405431 7.55478e+006 29.5703
405431 7.55478e+006 29.5704
405431 7.55478e+006 29.5704
405431 7.55478e+006 29.5704
405431 7.55478e+006 29.5703
405431 7.55478e+006 36.7503
405431 7.55478e+006 29.5703
405431 7.55478e+006 29.5704
405431 7.55478e+006 29.5704
405431 7.55478e+006 36.7504
405431 7.55478e+006 36.7503
405434 7.55478e+006 29.5728
405434 7.55478e+006 36.7528
405434 7.55478e+006 36.7528
405434 7.55478e+006 36.7528
405434 7.55478e+006 29.5728
405434 7.55478e+006 29.5728
405434 7.55478e+006 36.7527
405434 7.55478e+006 29.5727
405433 7.55478e+006 29.5727
405433 7.55478e+006 29.5727
405433 7.55478e+006 36.7527
405434 7.55478e+006 36.7527
405434 7.55478e+006 36.7528
405434 7.55478e+006 36.7527
405433 7.55478e+006 36.7527
405433 7.55478e+006 36.7527
405434 7.55478e+006 36.7528
405434 7.55478e+006 36.7528
405434 7.55478e+006 29.5728
405434 7.55478e+006 29.5727
405434 7.55478e+006 36.7527
405434 7.55478e+006 36.7527
405434 7.55478e+006 36.7528
405434 7.55478e+006 29.5728
405434 7.55478e+006 29.5728
405433 7.55478e+006 29.5727
405434 7.55478e+006 29.5727
405434 7.55478e+006 29.5727
405434 7.55478e+006 29.5728
405434 7.55478e+006 29.5728
405434 7.55478e+006 36.7528
405433 7.55478e+006 36.7527
405433 7.55478e+006 29.5727
405433 7.55478e+006 29.5727
405434 7.55478e+006 29.5728
405434 7.55478e+006 36.7528
405428 7.55478e+006 29.5669
405428 7.55478e+006 36.7469
405428 7.55478e+006 36.7469
405428 7.55478e+006 36.7469
405428 7.55478e+006 29.5669
405428 7.55478e+006 29.5669
405428 7.55478e+006 36.7468
405428 7.55478e+006 29.5668
405428 7.55478e+006 29.5668
405428 7.55478e+006 29.5668
405428 7.55478e+006 36.7468
405428 7.55478e+006 36.7468
405428 7.55478e+006 36.7469
405428 7.55478e+006 36.7468
405428 7.55478e+006 36.7468
405428 7.55478e+006 36.7468
405428 7.55478e+006 36.7469
405428 7.55478e+006 36.7469
405428 7.55478e+006 29.5669
405428 7.55478e+006 29.5668
405428 7.55478e+006 36.7468
405428 7.55478e+006 36.7468
405428 7.55478e+006 36.7469
405428 7.55478e+006 29.5669
405428 7.55478e+006 29.5669
405428 7.55478e+006 29.5668
405428 7.55478e+006 29.5668
405428 7.55478e+006 29.5668
405428 7.55478e+006 29.5669
405428 7.55478e+006 29.5669
405428 7.55478e+006 36.7469
405428 7.55478e+006 36.7468
405428 7.55478e+006 29.5668
405428 7.55478e+006 29.5668
405428 7.55478e+006 29.5669
405428 7.55478e+006 36.7469
405425 7.55478e+006 29.5644
405425 7.55478e+006 29.5644
405425 7.55478e+006 36.7444
405425 7.55478e+006 36.7444
405425 7.55478e+006 36.7444
405425 7.55478e+006 29.5644
405425 7.55478e+006 36.7445
405425 7.55478e+006 36.7445
405425 7.55478e+006 29.5645
405425 7.55478e+006 29.5645
405425 7.55478e+006 29.5646
405425 7.55478e+006 36.7445
405425 7.55478e+006 36.7444
405425 7.55478e+006 36.7444
405425 7.55478e+006 36.7445
405425 7.55478e+006 36.7445
405425 7.55478e+006 36.7445
405425 7.55478e+006 36.7444
405425 7.55478e+006 29.5644
405425 7.55478e+006 36.7444
405425 7.55478e+006 36.7445
405425 7.55478e+006 36.7445
405425 7.55478e+006 29.5646
405425 7.55478e+006 29.5644
405425 7.55478e+006 29.5644
405425 7.55478e+006 29.5644
405425 7.55478e+006 29.5646
405425 7.55478e+006 29.5646
405425 7.55478e+006 29.5645
405425 7.55478e+006 29.5644
405425 7.55478e+006 36.7444
405425 7.55478e+006 29.5644
405425 7.55478e+006 29.5645
405425 7.55478e+006 29.5645
405425 7.55478e+006 36.7445
405425 7.55478e+006 36.7444
405430 7.55479e+006 29.5672
405430 7.55479e+006 29.5672
405430 7.55479e+006 36.7472
405430 7.55479e+006 36.7472
405430 7.55479e+006 36.7472
405430 7.55479e+006 29.5672
405429 7.55479e+006 36.7471
405430 7.55479e+006 36.7471
405430 7.55479e+006 29.5671
405430 7.55479e+006 29.5671
405429 7.55479e+006 29.5671
405429 7.55479e+006 36.7471
405430 7.55479e+006 36.7472
405430 7.55479e+006 36.7472
405430 7.55479e+006 36.7471
405430 7.55479e+006 36.7471
405429 7.55479e+006 36.7471
405430 7.55479e+006 36.7472
405430 7.55479e+006 29.5672
405430 7.55479e+006 36.7472
405429 7.55479e+006 36.7471
405429 7.55479e+006 36.7471
405429 7.55479e+006 29.5671
405430 7.55479e+006 29.5672
405430 7.55479e+006 29.5672
405430 7.55479e+006 29.5672
405429 7.55479e+006 29.5671
405429 7.55479e+006 29.5671
405430 7.55479e+006 29.5671
405430 7.55479e+006 29.5672
405430 7.55479e+006 36.7472
405430 7.55479e+006 29.5672
405430 7.55479e+006 29.5671
405430 7.55479e+006 29.5671
405430 7.55479e+006 36.7471
405430 7.55479e+006 36.7472
405435 7.55478e+006 29.5731
405435 7.55478e+006 29.5731
405435 7.55478e+006 36.7531
405435 7.55478e+006 36.7531
405435 7.55478e+006 36.7531
405435 7.55478e+006 29.5731
405435 7.55478e+006 36.753
405435 7.55478e+006 36.753
405435 7.55478e+006 29.573
405435 7.55478e+006 29.573
405435 7.55478e+006 29.573
405435 7.55478e+006 36.753
405435 7.55478e+006 36.7531
405435 7.55478e+006 36.7531
405435 7.55478e+006 36.753
405435 7.55478e+006 36.753
405435 7.55478e+006 36.753
405435 7.55478e+006 36.7531
405435 7.55478e+006 29.5731
405435 7.55478e+006 36.7531
405435 7.55478e+006 36.753
405435 7.55478e+006 36.753
405435 7.55478e+006 29.573
405435 7.55478e+006 29.5731
405435 7.55478e+006 29.5731
405435 7.55478e+006 29.5731
405435 7.55478e+006 29.573
405435 7.55478e+006 29.573
405435 7.55478e+006 29.573
405435 7.55478e+006 29.5731
405435 7.55478e+006 36.7531
405435 7.55478e+006 29.5731
405435 7.55478e+006 29.573
405435 7.55478e+006 29.573
405435 7.55478e+006 36.753
405435 7.55478e+006 36.7531
405411 7.55479e+006 32.4491
405411 7.55479e+006 32.5991
405411 7.55479e+006 32.5992
405411 7.55479e+006 32.5992
405411 7.55479e+006 32.4492
405411 7.55479e+006 32.4491
405409 7.55479e+006 32.5988
405409 7.55479e+006 32.4488
405410 7.55479e+006 32.4489
405410 7.55479e+006 32.4489
405410 7.55479e+006 32.5989
405409 7.55479e+006 32.5988
405411 7.55479e+006 32.5991
405409 7.55479e+006 32.5988
405410 7.55479e+006 32.5989
405410 7.55479e+006 32.5989
405411 7.55479e+006 32.5992
405411 7.55479e+006 32.5991
405411 7.55479e+006 32.4491
405409 7.55479e+006 32.4488
405409 7.55479e+006 32.5988
405409 7.55479e+006 32.5988
405411 7.55479e+006 32.5991
405411 7.55479e+006 32.4491
405411 7.55479e+006 32.4492
405410 7.55479e+006 32.4489
405409 7.55479e+006 32.4488
405409 7.55479e+006 32.4488
405411 7.55479e+006 32.4491
405411 7.55479e+006 32.4492
405411 7.55479e+006 32.5992
405410 7.55479e+006 32.5989
405410 7.55479e+006 32.4489
405410 7.55479e+006 32.4489
405411 7.55479e+006 32.4492
405411 7.55479e+006 32.5992
405411 7.55479e+006 34.5491
405411 7.55479e+006 34.6991
405411 7.55479e+006 34.6992
405411 7.55479e+006 34.6992
405411 7.55479e+006 34.5492
405411 7.55479e+006 34.5491
405409 7.55479e+006 34.6988
405409 7.55479e+006 34.5488
405410 7.55479e+006 34.549
405410 7.55479e+006 34.549
405410 7.55479e+006 34.6989
405409 7.55479e+006 34.6988
405411 7.55479e+006 34.6991
405409 7.55479e+006 34.6988
405410 7.55479e+006 34.6989
405410 7.55479e+006 34.6989
405411 7.55479e+006 34.6992
405411 7.55479e+006 34.6991
405411 7.55479e+006 34.5491
405409 7.55479e+006 34.5488
405409 7.55479e+006 34.6988
405409 7.55479e+006 34.6988
405411 7.55479e+006 34.6991
405411 7.55479e+006 34.5491
405411 7.55479e+006 34.5492
405410 7.55479e+006 34.549
405409 7.55479e+006 34.5488
405409 7.55479e+006 34.5488
405411 7.55479e+006 34.5491
405411 7.55479e+006 34.5492
405411 7.55479e+006 34.6992
405410 7.55479e+006 34.6989
405410 7.55479e+006 34.549
405410 7.55479e+006 34.549
405411 7.55479e+006 34.5492
405411 7.55479e+006 34.6992
405414 7.5548e+006 32.4495
405414 7.5548e+006 32.5995
405414 7.5548e+006 32.5997
405414 7.5548e+006 32.5997
405414 7.5548e+006 32.4497
405414 7.5548e+006 32.4495
405412 7.5548e+006 32.5993
405412 7.5548e+006 32.4493
405413 7.5548e+006 32.4494
405413 7.5548e+006 32.4494
405413 7.5548e+006 32.5994
405412 7.5548e+006 32.5993
405414 7.5548e+006 32.5995
405412 7.5548e+006 32.5993
405413 7.5548e+006 32.5994
405413 7.5548e+006 32.5994
405414 7.5548e+006 32.5997
405414 7.5548e+006 32.5995
405414 7.5548e+006 32.4495
405412 7.5548e+006 32.4493
405412 7.5548e+006 32.5993
405412 7.5548e+006 32.5993
405414 7.5548e+006 32.5995
405414 7.5548e+006 32.4495
405414 7.5548e+006 32.4497
405413 7.5548e+006 32.4494
405412 7.5548e+006 32.4493
405412 7.5548e+006 32.4493
405414 7.5548e+006 32.4495
405414 7.5548e+006 32.4497
405414 7.5548e+006 32.5997
405413 7.5548e+006 32.5994
405413 7.5548e+006 32.4494
405413 7.5548e+006 32.4494
405414 7.5548e+006 32.4497
405414 7.5548e+006 32.5997
405414 7.5548e+006 34.5495
405414 7.5548e+006 34.6995
405414 7.5548e+006 34.6997
405414 7.5548e+006 34.6997
405414 7.5548e+006 34.5497
405414 7.5548e+006 34.5495
405412 7.5548e+006 34.6993
405412 7.5548e+006 34.5493
405413 7.5548e+006 34.5494
405413 7.5548e+006 34.5494
405413 7.5548e+006 34.6994
405412 7.5548e+006 34.6993
405414 7.5548e+006 34.6995
405412 7.5548e+006 34.6993
405413 7.5548e+006 34.6994
405413 7.5548e+006 34.6994
405414 7.5548e+006 34.6997
405414 7.5548e+006 34.6995
405414 7.5548e+006 34.5495
405412 7.5548e+006 34.5493
405412 7.5548e+006 34.6993
405412 7.5548e+006 34.6993
405414 7.5548e+006 34.6995
405414 7.5548e+006 34.5495
405414 7.5548e+006 34.5497
405413 7.5548e+006 34.5494
405412 7.5548e+006 34.5493
405412 7.5548e+006 34.5493
405414 7.5548e+006 34.5495
405414 7.5548e+006 34.5497
405414 7.5548e+006 34.6997
405413 7.5548e+006 34.6994
405413 7.5548e+006 34.5494
405413 7.5548e+006 34.5494
405414 7.5548e+006 34.5497
405414 7.5548e+006 34.6997
