405387 7.5548e+006 19.9071
405386 7.5548e+006 19.9071
405388 7.55481e+006 19.9072
405388 7.55481e+006 19.9072
405390 7.55481e+006 19.9072
405387 7.5548e+006 19.9071
405387 7.5548e+006 22.34
405390 7.55481e+006 22.34
405388 7.55481e+006 22.34
405388 7.55481e+006 22.34
405386 7.5548e+006 22.34
405387 7.5548e+006 22.34
405387 7.5548e+006 19.9071
405390 7.55481e+006 19.9072
405390 7.55481e+006 22.34
405390 7.55481e+006 22.34
405387 7.5548e+006 22.34
405387 7.5548e+006 19.9071
405390 7.55481e+006 19.9072
405388 7.55481e+006 19.9072
405388 7.55481e+006 22.34
405388 7.55481e+006 22.34
405390 7.55481e+006 22.34
405390 7.55481e+006 19.9072
405388 7.55481e+006 19.9072
405386 7.5548e+006 19.9071
405386 7.5548e+006 22.34
405386 7.5548e+006 22.34
405388 7.55481e+006 22.34
405388 7.55481e+006 19.9072
405386 7.5548e+006 19.9071
405387 7.5548e+006 19.9071
405387 7.5548e+006 22.34
405387 7.5548e+006 22.34
405386 7.5548e+006 22.34
405386 7.5548e+006 19.9071
