405418 7.55479e+006 24.1791
405418 7.55479e+006 21.8483
405418 7.55479e+006 21.8484
405418 7.55479e+006 21.8484
405418 7.55479e+006 24.1792
405418 7.55479e+006 24.1791
405415 7.5548e+006 21.8456
405415 7.5548e+006 24.1764
405415 7.5548e+006 24.1764
405415 7.5548e+006 24.1764
405415 7.5548e+006 21.8456
405415 7.5548e+006 21.8456
405418 7.55479e+006 24.1791
405415 7.5548e+006 24.1764
405415 7.5548e+006 21.8456
405415 7.5548e+006 21.8456
405418 7.55479e+006 21.8483
405418 7.55479e+006 24.1791
405418 7.55479e+006 24.1792
405415 7.5548e+006 24.1764
405415 7.5548e+006 24.1764
405415 7.5548e+006 24.1764
405418 7.55479e+006 24.1791
405418 7.55479e+006 24.1792
405418 7.55479e+006 21.8484
405415 7.5548e+006 21.8456
405415 7.5548e+006 24.1764
405415 7.5548e+006 24.1764
405418 7.55479e+006 24.1792
405418 7.55479e+006 21.8484
