405434 7.55484e+006 25.5689
405434 7.55484e+006 26.3797
405434 7.55484e+006 25.5689
405430 7.55484e+006 25.5689
405430 7.55484e+006 25.5689
405430 7.55484e+006 26.3797
405434 7.55484e+006 25.5689
405434 7.55484e+006 25.5689
405430 7.55484e+006 25.5689
405430 7.55484e+006 25.5689
405430 7.55484e+006 25.5689
405434 7.55484e+006 25.5689
405428 7.55484e+006 19.7577
405428 7.55484e+006 23.1437
405430 7.55484e+006 23.1437
405430 7.55484e+006 23.1437
405430 7.55484e+006 19.7577
405428 7.55484e+006 19.7577
405424 7.55483e+006 19.7577
405427 7.55483e+006 19.7577
405427 7.55483e+006 23.1437
405427 7.55483e+006 23.1437
405424 7.55483e+006 23.1437
405424 7.55483e+006 19.7577
405431 7.55484e+006 19.7577
405431 7.55484e+006 23.1437
405427 7.55483e+006 23.1437
405427 7.55483e+006 23.1437
405427 7.55483e+006 19.7577
405431 7.55484e+006 19.7577
405433 7.55484e+006 19.7577
405430 7.55484e+006 19.7577
405430 7.55484e+006 23.1437
405430 7.55484e+006 23.1437
405433 7.55484e+006 23.1437
405433 7.55484e+006 19.7577
405424 7.55483e+006 23.1437
405427 7.55483e+006 23.1437
405431 7.55484e+006 23.1437
405431 7.55484e+006 23.1437
405428 7.55484e+006 23.1437
405424 7.55483e+006 23.1437
405424 7.55483e+006 19.7577
405424 7.55483e+006 23.1437
405428 7.55484e+006 23.1437
405428 7.55484e+006 23.1437
405428 7.55484e+006 19.7577
405424 7.55483e+006 19.7577
405433 7.55484e+006 19.7577
405433 7.55484e+006 23.1437
405431 7.55484e+006 23.1437
405431 7.55484e+006 23.1437
405431 7.55484e+006 19.7577
405433 7.55484e+006 19.7577
405430 7.55484e+006 28.8167
405430 7.55484e+006 25.5623
405428 7.55484e+006 25.5623
405428 7.55484e+006 28.8167
405430 7.55484e+006 28.8167
405428 7.55484e+006 25.5623
405428 7.55484e+006 27.8478
405428 7.55484e+006 28.8167
405428 7.55484e+006 25.5623
405428 7.55484e+006 27.8478
405428 7.55484e+006 25.5623
405428 7.55484e+006 25.5623
405432 7.55484e+006 27.8478
405432 7.55484e+006 25.5623
405432 7.55484e+006 25.5623
405433 7.55484e+006 28.8167
405432 7.55484e+006 27.8478
405432 7.55484e+006 25.5623
405433 7.55484e+006 28.8167
405432 7.55484e+006 25.5623
405434 7.55484e+006 25.5623
405433 7.55484e+006 28.8167
405434 7.55484e+006 25.5623
405434 7.55484e+006 28.8167
405428 7.55484e+006 28.8167
405428 7.55484e+006 27.8478
405432 7.55484e+006 27.8478
405432 7.55484e+006 27.8478
405433 7.55484e+006 28.8167
405428 7.55484e+006 28.8167
405429 7.55484e+006 28.9177
405429 7.55484e+006 28.9177
405429 7.55484e+006 25.4551
405429 7.55484e+006 25.4551
405429 7.55484e+006 25.4551
405429 7.55484e+006 28.9177
405434 7.55484e+006 25.4551
405434 7.55484e+006 25.4551
405434 7.55484e+006 28.9319
405434 7.55484e+006 28.9319
405434 7.55484e+006 28.9319
405434 7.55484e+006 25.4551
405434 7.55484e+006 28.9319
405434 7.55484e+006 28.9319
405429 7.55484e+006 28.9177
405429 7.55484e+006 28.9177
405429 7.55484e+006 28.9177
405434 7.55484e+006 28.9319
405429 7.55484e+006 25.4551
405434 7.55484e+006 25.4551
405434 7.55484e+006 25.4551
405434 7.55484e+006 25.4551
405429 7.55484e+006 25.4551
405429 7.55484e+006 25.4551
405430 7.55484e+006 28.8167
405428 7.55484e+006 28.8167
405433 7.55484e+006 28.8167
405433 7.55484e+006 28.8167
405434 7.55484e+006 28.8167
405430 7.55484e+006 28.8167
405429 7.55484e+006 25.4551
405429 7.55484e+006 28.9177
405434 7.55484e+006 28.9319
405434 7.55484e+006 28.9319
405434 7.55484e+006 25.4551
405429 7.55484e+006 25.4551
405430 7.55484e+006 25.5623
405430 7.55484e+006 28.8167
405429 7.55484e+006 28.9177
405429 7.55484e+006 28.9177
405429 7.55484e+006 25.4551
405430 7.55484e+006 25.5623
405430 7.55484e+006 28.8167
405434 7.55484e+006 28.8167
405434 7.55484e+006 28.9319
405434 7.55484e+006 28.9319
405429 7.55484e+006 28.9177
405430 7.55484e+006 28.8167
405434 7.55484e+006 28.8167
405434 7.55484e+006 25.5623
405434 7.55484e+006 25.4551
405434 7.55484e+006 25.4551
405434 7.55484e+006 28.9319
405434 7.55484e+006 28.8167
405434 7.55484e+006 25.5623
405430 7.55484e+006 25.5623
405429 7.55484e+006 25.4551
405429 7.55484e+006 25.4551
405434 7.55484e+006 25.4551
405434 7.55484e+006 25.5623
405434 7.55484e+006 28.057
405434 7.55484e+006 28.8678
405434 7.55484e+006 28.057
405430 7.55484e+006 28.057
405430 7.55484e+006 28.057
405430 7.55484e+006 28.8678
405434 7.55484e+006 28.057
405434 7.55484e+006 28.057
405430 7.55484e+006 28.057
405430 7.55484e+006 28.057
405430 7.55484e+006 28.057
405434 7.55484e+006 28.057
405434 7.55484e+006 26.3924
405434 7.55484e+006 27.2032
405434 7.55484e+006 26.3924
405430 7.55484e+006 26.3924
405430 7.55484e+006 26.3924
405430 7.55484e+006 27.2032
405434 7.55484e+006 26.3924
405434 7.55484e+006 26.3924
405430 7.55484e+006 26.3924
405430 7.55484e+006 26.3924
405430 7.55484e+006 26.3924
405434 7.55484e+006 26.3924
405434 7.55484e+006 27.2341
405434 7.55484e+006 28.0449
405434 7.55484e+006 27.2341
405430 7.55484e+006 27.2341
405430 7.55484e+006 27.2341
405430 7.55484e+006 28.0449
405434 7.55484e+006 27.2341
405434 7.55484e+006 27.2341
405430 7.55484e+006 27.2341
405430 7.55484e+006 27.2341
405430 7.55484e+006 27.2341
405434 7.55484e+006 27.2341
405428 7.55484e+006 25.5623
405432 7.55484e+006 25.5623
405432 7.55484e+006 25.5623
405432 7.55484e+006 25.5623
405428 7.55484e+006 25.5623
405428 7.55484e+006 25.5623
405428 7.55484e+006 23.1437
405431 7.55484e+006 23.1437
405432 7.55484e+006 25.5623
405432 7.55484e+006 25.5623
405428 7.55484e+006 25.5623
405428 7.55484e+006 23.1437
405431 7.55484e+006 23.1437
405433 7.55484e+006 23.1437
405434 7.55484e+006 25.5623
405434 7.55484e+006 25.5623
405432 7.55484e+006 25.5623
405431 7.55484e+006 23.1437
405433 7.55484e+006 23.1437
405430 7.55484e+006 23.1437
405430 7.55484e+006 25.5623
405430 7.55484e+006 25.5623
405434 7.55484e+006 25.5623
405433 7.55484e+006 23.1437
405430 7.55484e+006 23.1437
405428 7.55484e+006 23.1437
405428 7.55484e+006 25.5623
405428 7.55484e+006 25.5623
405430 7.55484e+006 25.5623
405430 7.55484e+006 23.1437
405429 7.55484e+006 24.0293
405429 7.55484e+006 24.0293
405429 7.55484e+006 24.0293
405429 7.55484e+006 24.0293
405429 7.55484e+006 24.0293
405429 7.55484e+006 24.0293
405429 7.55484e+006 24.6293
405429 7.55484e+006 24.6293
405429 7.55484e+006 24.6293
405429 7.55484e+006 24.6293
405429 7.55484e+006 24.6293
405429 7.55484e+006 24.6293
405429 7.55484e+006 24.6293
405429 7.55484e+006 24.6293
405429 7.55484e+006 24.0293
405429 7.55484e+006 24.0293
405429 7.55484e+006 24.0293
405429 7.55484e+006 24.6293
405429 7.55484e+006 24.6293
405429 7.55484e+006 24.6293
405429 7.55484e+006 24.0293
405429 7.55484e+006 24.0293
405429 7.55484e+006 24.0293
405429 7.55484e+006 24.6293
405429 7.55484e+006 24.6293
405429 7.55484e+006 24.6293
405429 7.55484e+006 24.0293
405429 7.55484e+006 24.0293
405429 7.55484e+006 24.0293
405429 7.55484e+006 24.6293
405429 7.55484e+006 24.6293
405429 7.55484e+006 24.6293
405429 7.55484e+006 24.0293
405429 7.55484e+006 24.0293
405429 7.55484e+006 24.0293
405429 7.55484e+006 24.6293
405432 7.55484e+006 24.0293
405431 7.55484e+006 24.0293
405431 7.55484e+006 24.0293
405431 7.55484e+006 24.0293
405432 7.55484e+006 24.0293
405432 7.55484e+006 24.0293
405432 7.55484e+006 24.6293
405432 7.55484e+006 24.6293
405431 7.55484e+006 24.6293
405431 7.55484e+006 24.6293
405431 7.55484e+006 24.6293
405432 7.55484e+006 24.6293
405431 7.55484e+006 24.6293
405431 7.55484e+006 24.6293
405431 7.55484e+006 24.0293
405431 7.55484e+006 24.0293
405431 7.55484e+006 24.0293
405431 7.55484e+006 24.6293
405432 7.55484e+006 24.6293
405431 7.55484e+006 24.6293
405431 7.55484e+006 24.0293
405431 7.55484e+006 24.0293
405432 7.55484e+006 24.0293
405432 7.55484e+006 24.6293
405432 7.55484e+006 24.6293
405432 7.55484e+006 24.6293
405432 7.55484e+006 24.0293
405432 7.55484e+006 24.0293
405432 7.55484e+006 24.0293
405432 7.55484e+006 24.6293
405431 7.55484e+006 24.6293
405432 7.55484e+006 24.6293
405432 7.55484e+006 24.0293
405432 7.55484e+006 24.0293
405431 7.55484e+006 24.0293
405431 7.55484e+006 24.6293
405435 7.55484e+006 25.1745
405433 7.55484e+006 25.1745
405427 7.55484e+006 25.1744
405427 7.55484e+006 25.1744
405430 7.55484e+006 25.1744
405435 7.55484e+006 25.1745
405430 7.55484e+006 25.1744
405427 7.55484e+006 25.1744
405427 7.55484e+006 25.4804
405427 7.55484e+006 25.4804
405430 7.55484e+006 25.4804
405430 7.55484e+006 25.1744
405433 7.55484e+006 25.1745
405435 7.55484e+006 25.1745
405435 7.55484e+006 25.4804
405435 7.55484e+006 25.4804
405433 7.55484e+006 25.4804
405433 7.55484e+006 25.1745
405430 7.55484e+006 25.4804
405435 7.55484e+006 25.4804
405435 7.55484e+006 25.1745
405435 7.55484e+006 25.1745
405430 7.55484e+006 25.1744
405430 7.55484e+006 25.4804
405433 7.55484e+006 25.4804
405427 7.55484e+006 25.4804
405427 7.55484e+006 25.1744
405427 7.55484e+006 25.1744
405433 7.55484e+006 25.1745
405433 7.55484e+006 25.4804
405431 7.55484e+006 25.3503
405431 7.55484e+006 25.3503
405431 7.55484e+006 25.1971
405431 7.55484e+006 25.1971
405431 7.55484e+006 25.1971
405431 7.55484e+006 25.3503
405430 7.55484e+006 23.3631
405430 7.55484e+006 23.2099
405431 7.55484e+006 23.2099
405431 7.55484e+006 23.2099
405430 7.55484e+006 23.3631
405430 7.55484e+006 23.3631
405431 7.55484e+006 25.3503
405430 7.55484e+006 23.3631
405430 7.55484e+006 23.3631
405430 7.55484e+006 23.3631
405431 7.55484e+006 25.3503
405431 7.55484e+006 25.3503
405431 7.55484e+006 25.3503
405430 7.55484e+006 23.3631
405431 7.55484e+006 23.2099
405431 7.55484e+006 23.2099
405431 7.55484e+006 25.1971
405431 7.55484e+006 25.3503
405431 7.55484e+006 25.1971
405431 7.55484e+006 23.2099
405430 7.55484e+006 23.2099
405430 7.55484e+006 23.2099
405431 7.55484e+006 25.1971
405431 7.55484e+006 25.1971
405431 7.55484e+006 25.1971
405430 7.55484e+006 23.2099
405430 7.55484e+006 23.3631
405430 7.55484e+006 23.3631
405431 7.55484e+006 25.3503
405431 7.55484e+006 25.1971
405433 7.55484e+006 25.3503
405433 7.55484e+006 25.3503
405434 7.55484e+006 25.1971
405434 7.55484e+006 25.1971
405433 7.55484e+006 25.1971
405433 7.55484e+006 25.3503
405432 7.55484e+006 23.3631
405432 7.55484e+006 23.2099
405433 7.55484e+006 23.2099
405433 7.55484e+006 23.2099
405432 7.55484e+006 23.3631
405432 7.55484e+006 23.3631
405433 7.55484e+006 25.3503
405432 7.55484e+006 23.3631
405432 7.55484e+006 23.3631
405432 7.55484e+006 23.3631
405433 7.55484e+006 25.3503
405433 7.55484e+006 25.3503
405433 7.55484e+006 25.3503
405432 7.55484e+006 23.3631
405433 7.55484e+006 23.2099
405433 7.55484e+006 23.2099
405434 7.55484e+006 25.1971
405433 7.55484e+006 25.3503
405434 7.55484e+006 25.1971
405433 7.55484e+006 23.2099
405432 7.55484e+006 23.2099
405432 7.55484e+006 23.2099
405433 7.55484e+006 25.1971
405434 7.55484e+006 25.1971
405433 7.55484e+006 25.1971
405432 7.55484e+006 23.2099
405432 7.55484e+006 23.3631
405432 7.55484e+006 23.3631
405433 7.55484e+006 25.3503
405433 7.55484e+006 25.1971
405427 7.55484e+006 25.3503
405428 7.55484e+006 25.3503
405427 7.55484e+006 25.1971
405427 7.55484e+006 25.1971
405427 7.55484e+006 25.1971
405427 7.55484e+006 25.3503
405430 7.55484e+006 23.3631
405429 7.55484e+006 23.2099
405430 7.55484e+006 23.2099
405430 7.55484e+006 23.2099
405430 7.55484e+006 23.3631
405430 7.55484e+006 23.3631
405427 7.55484e+006 25.3503
405430 7.55484e+006 23.3631
405430 7.55484e+006 23.3631
405430 7.55484e+006 23.3631
405428 7.55484e+006 25.3503
405427 7.55484e+006 25.3503
405428 7.55484e+006 25.3503
405430 7.55484e+006 23.3631
405430 7.55484e+006 23.2099
405430 7.55484e+006 23.2099
405427 7.55484e+006 25.1971
405428 7.55484e+006 25.3503
405427 7.55484e+006 25.1971
405430 7.55484e+006 23.2099
405429 7.55484e+006 23.2099
405429 7.55484e+006 23.2099
405427 7.55484e+006 25.1971
405427 7.55484e+006 25.1971
405427 7.55484e+006 25.1971
405429 7.55484e+006 23.2099
405430 7.55484e+006 23.3631
405430 7.55484e+006 23.3631
405427 7.55484e+006 25.3503
405427 7.55484e+006 25.1971
405429 7.55484e+006 25.3503
405429 7.55484e+006 25.3503
405428 7.55484e+006 25.1971
405428 7.55484e+006 25.1971
405428 7.55484e+006 25.1971
405429 7.55484e+006 25.3503
405431 7.55484e+006 23.3631
405431 7.55484e+006 23.2099
405431 7.55484e+006 23.2099
405431 7.55484e+006 23.2099
405431 7.55484e+006 23.3631
405431 7.55484e+006 23.3631
405429 7.55484e+006 25.3503
405431 7.55484e+006 23.3631
405431 7.55484e+006 23.3631
405431 7.55484e+006 23.3631
405429 7.55484e+006 25.3503
405429 7.55484e+006 25.3503
405429 7.55484e+006 25.3503
405431 7.55484e+006 23.3631
405431 7.55484e+006 23.2099
405431 7.55484e+006 23.2099
405428 7.55484e+006 25.1971
405429 7.55484e+006 25.3503
405428 7.55484e+006 25.1971
405431 7.55484e+006 23.2099
405431 7.55484e+006 23.2099
405431 7.55484e+006 23.2099
405428 7.55484e+006 25.1971
405428 7.55484e+006 25.1971
405428 7.55484e+006 25.1971
405431 7.55484e+006 23.2099
405431 7.55484e+006 23.3631
405431 7.55484e+006 23.3631
405429 7.55484e+006 25.3503
405428 7.55484e+006 25.1971
405433 7.55484e+006 25.3503
405433 7.55484e+006 25.1971
405433 7.55484e+006 25.1971
405433 7.55484e+006 25.1971
405433 7.55484e+006 25.3503
405433 7.55484e+006 25.3503
405431 7.55484e+006 23.3631
405431 7.55484e+006 23.3631
405431 7.55484e+006 23.2099
405431 7.55484e+006 23.2099
405431 7.55484e+006 23.2099
405431 7.55484e+006 23.3631
405433 7.55484e+006 25.3503
405433 7.55484e+006 25.3503
405431 7.55484e+006 23.3631
405431 7.55484e+006 23.3631
405431 7.55484e+006 23.3631
405433 7.55484e+006 25.3503
405433 7.55484e+006 25.3503
405433 7.55484e+006 25.1971
405431 7.55484e+006 23.2099
405431 7.55484e+006 23.2099
405431 7.55484e+006 23.3631
405433 7.55484e+006 25.3503
405433 7.55484e+006 25.1971
405433 7.55484e+006 25.1971
405431 7.55484e+006 23.2099
405431 7.55484e+006 23.2099
405431 7.55484e+006 23.2099
405433 7.55484e+006 25.1971
405433 7.55484e+006 25.1971
405433 7.55484e+006 25.3503
405431 7.55484e+006 23.3631
405431 7.55484e+006 23.3631
405431 7.55484e+006 23.2099
405433 7.55484e+006 25.1971
405434 7.55484e+006 25.3503
405434 7.55484e+006 25.1971
405434 7.55484e+006 25.1971
405434 7.55484e+006 25.1971
405434 7.55484e+006 25.3503
405434 7.55484e+006 25.3503
405432 7.55484e+006 23.3631
405432 7.55484e+006 23.3631
405432 7.55484e+006 23.2099
405432 7.55484e+006 23.2099
405432 7.55484e+006 23.2099
405432 7.55484e+006 23.3631
405434 7.55484e+006 25.3503
405434 7.55484e+006 25.3503
405432 7.55484e+006 23.3631
405432 7.55484e+006 23.3631
405432 7.55484e+006 23.3631
405434 7.55484e+006 25.3503
405434 7.55484e+006 25.3503
405434 7.55484e+006 25.1971
405432 7.55484e+006 23.2099
405432 7.55484e+006 23.2099
405432 7.55484e+006 23.3631
405434 7.55484e+006 25.3503
405434 7.55484e+006 25.1971
405434 7.55484e+006 25.1971
405432 7.55484e+006 23.2099
405432 7.55484e+006 23.2099
405432 7.55484e+006 23.2099
405434 7.55484e+006 25.1971
405434 7.55484e+006 25.1971
405434 7.55484e+006 25.3503
405432 7.55484e+006 23.3631
405432 7.55484e+006 23.3631
405432 7.55484e+006 23.2099
405434 7.55484e+006 25.1971
405432 7.55484e+006 27.8478
405428 7.55484e+006 27.8478
405428 7.55484e+006 25.5623
405428 7.55484e+006 25.5623
405432 7.55484e+006 25.5623
405432 7.55484e+006 27.8478
