400309 7.55245e+006 34.939
400309 7.55245e+006 34.939
400309 7.55245e+006 34.939
400309 7.55245e+006 34.939
400309 7.55245e+006 34.939
400309 7.55245e+006 34.939
400309 7.55245e+006 34.939
400309 7.55245e+006 34.939
400309 7.55245e+006 34.939
400309 7.55245e+006 34.939
400309 7.55245e+006 34.939
400309 7.55245e+006 34.939
400309 7.55245e+006 34.939
400309 7.55245e+006 34.939
400309 7.55245e+006 34.939
400309 7.55245e+006 34.939
400309 7.55245e+006 34.939
400309 7.55245e+006 34.939
400309 7.55245e+006 34.939
400309 7.55245e+006 34.939
400309 7.55245e+006 34.939
400309 7.55245e+006 34.939
400309 7.55245e+006 34.939
400309 7.55245e+006 34.939
400309 7.55245e+006 23.2332
400308 7.55245e+006 23.2332
400308 7.55245e+006 25.2398
400308 7.55245e+006 25.2398
400309 7.55245e+006 25.2398
400309 7.55245e+006 23.2332
400308 7.55245e+006 23.2332
400308 7.55245e+006 23.2332
400308 7.55245e+006 25.2398
400308 7.55245e+006 25.2398
400308 7.55245e+006 25.2398
400308 7.55245e+006 23.2332
400308 7.55245e+006 23.2332
400308 7.55245e+006 23.2332
400308 7.55245e+006 25.2398
400308 7.55245e+006 25.2398
400308 7.55245e+006 25.2398
400308 7.55245e+006 23.2332
400308 7.55245e+006 23.2332
400309 7.55245e+006 23.2332
400309 7.55245e+006 25.2398
400309 7.55245e+006 25.2398
400308 7.55245e+006 25.2398
400308 7.55245e+006 23.2332
400309 7.55245e+006 23.2332
400309 7.55245e+006 23.2332
400309 7.55245e+006 25.2398
400309 7.55245e+006 25.2398
400309 7.55245e+006 25.2398
400309 7.55245e+006 23.2332
400309 7.55245e+006 23.2332
400310 7.55245e+006 23.2332
400310 7.55245e+006 25.2398
400310 7.55245e+006 25.2398
400309 7.55245e+006 25.2398
400309 7.55245e+006 23.2332
400310 7.55245e+006 23.2332
400310 7.55245e+006 23.2332
400310 7.55245e+006 25.2398
400310 7.55245e+006 25.2398
400310 7.55245e+006 25.2398
400310 7.55245e+006 23.2332
400310 7.55245e+006 23.2332
400310 7.55245e+006 23.2332
400310 7.55245e+006 25.2398
400310 7.55245e+006 25.2398
400310 7.55245e+006 25.2398
400310 7.55245e+006 23.2332
400310 7.55245e+006 23.2332
400309 7.55245e+006 23.2332
400309 7.55245e+006 25.2398
400309 7.55245e+006 25.2398
400310 7.55245e+006 25.2398
400310 7.55245e+006 23.2332
400309 7.55245e+006 23.2332
400309 7.55245e+006 25.2398
400309 7.55245e+006 25.2398
400309 7.55245e+006 25.2398
400309 7.55245e+006 23.2332
400309 7.55245e+006 23.2332
400309 7.55245e+006 29.226
400309 7.55245e+006 28.555
400308 7.55245e+006 28.555
400308 7.55245e+006 28.555
400308 7.55245e+006 29.226
400309 7.55245e+006 29.226
400308 7.55245e+006 29.226
400308 7.55245e+006 28.555
400308 7.55245e+006 28.555
400308 7.55245e+006 28.555
400308 7.55245e+006 29.226
400308 7.55245e+006 29.226
400308 7.55245e+006 29.226
400308 7.55245e+006 28.555
400308 7.55245e+006 28.555
400308 7.55245e+006 28.555
400308 7.55245e+006 29.226
400308 7.55245e+006 29.226
400308 7.55245e+006 29.226
400308 7.55245e+006 28.555
400309 7.55245e+006 28.555
400309 7.55245e+006 28.555
400309 7.55245e+006 29.226
400308 7.55245e+006 29.226
400309 7.55245e+006 29.226
400309 7.55245e+006 28.555
400309 7.55245e+006 28.555
400309 7.55245e+006 28.555
400309 7.55245e+006 29.226
400309 7.55245e+006 29.226
400309 7.55245e+006 29.226
400309 7.55245e+006 28.555
400310 7.55245e+006 28.555
400310 7.55245e+006 28.555
400310 7.55245e+006 29.226
400309 7.55245e+006 29.226
400310 7.55245e+006 29.226
400310 7.55245e+006 28.555
400310 7.55245e+006 28.555
400310 7.55245e+006 28.555
400310 7.55245e+006 29.226
400310 7.55245e+006 29.226
400310 7.55245e+006 29.226
400310 7.55245e+006 28.555
400310 7.55245e+006 28.555
400310 7.55245e+006 28.555
400310 7.55245e+006 29.226
400310 7.55245e+006 29.226
400310 7.55245e+006 29.226
400310 7.55245e+006 28.555
400309 7.55245e+006 28.555
400309 7.55245e+006 28.555
400309 7.55245e+006 29.226
400310 7.55245e+006 29.226
400309 7.55245e+006 28.555
400309 7.55245e+006 28.555
400309 7.55245e+006 29.226
400309 7.55245e+006 29.226
400309 7.55245e+006 29.226
400309 7.55245e+006 28.555
400309 7.55245e+006 30.584
400308 7.55245e+006 30.584
400308 7.55245e+006 31.2689
400308 7.55245e+006 31.2689
400309 7.55245e+006 31.2689
400309 7.55245e+006 30.584
400308 7.55245e+006 30.584
400308 7.55245e+006 30.584
400308 7.55245e+006 31.2689
400308 7.55245e+006 31.2689
400308 7.55245e+006 31.2689
400308 7.55245e+006 30.584
400308 7.55245e+006 30.584
400308 7.55245e+006 30.584
400308 7.55245e+006 31.2689
400308 7.55245e+006 31.2689
400308 7.55245e+006 31.2689
400308 7.55245e+006 30.584
400308 7.55245e+006 30.584
400309 7.55245e+006 30.584
400309 7.55245e+006 31.2689
400309 7.55245e+006 31.2689
400308 7.55245e+006 31.2689
400308 7.55245e+006 30.584
400309 7.55245e+006 30.584
400309 7.55245e+006 30.584
400309 7.55245e+006 31.2689
400309 7.55245e+006 31.2689
400309 7.55245e+006 31.2689
400309 7.55245e+006 30.584
400309 7.55245e+006 30.584
400310 7.55245e+006 30.584
400310 7.55245e+006 31.2689
400310 7.55245e+006 31.2689
400309 7.55245e+006 31.2689
400309 7.55245e+006 30.584
400310 7.55245e+006 30.584
400310 7.55245e+006 30.584
400310 7.55245e+006 31.2689
400310 7.55245e+006 31.2689
400310 7.55245e+006 31.2689
400310 7.55245e+006 30.584
400310 7.55245e+006 30.584
400310 7.55245e+006 30.584
400310 7.55245e+006 31.2689
400310 7.55245e+006 31.2689
400310 7.55245e+006 31.2689
400310 7.55245e+006 30.584
400310 7.55245e+006 30.584
400309 7.55245e+006 30.584
400309 7.55245e+006 31.2689
400309 7.55245e+006 31.2689
400310 7.55245e+006 31.2689
400310 7.55245e+006 30.584
400309 7.55245e+006 30.584
400309 7.55245e+006 30.584
400309 7.55245e+006 31.2689
400309 7.55245e+006 31.2689
400309 7.55245e+006 31.2689
400309 7.55245e+006 30.584
400309 7.55245e+006 27.7222
400308 7.55245e+006 27.7222
400308 7.55245e+006 28.555
400308 7.55245e+006 28.555
400309 7.55245e+006 28.555
400309 7.55245e+006 27.7222
400309 7.55245e+006 26.037
400308 7.55245e+006 26.037
400308 7.55245e+006 26.9251
400308 7.55245e+006 26.9251
400309 7.55245e+006 26.9251
400309 7.55245e+006 26.037
400308 7.55245e+006 27.7222
400308 7.55245e+006 27.7222
400308 7.55245e+006 28.555
400308 7.55245e+006 28.555
400308 7.55245e+006 28.555
400308 7.55245e+006 27.7222
400308 7.55245e+006 26.037
400308 7.55245e+006 26.037
400308 7.55245e+006 26.9251
400308 7.55245e+006 26.9251
400308 7.55245e+006 26.9251
400308 7.55245e+006 26.037
400308 7.55245e+006 27.7222
400308 7.55245e+006 27.7222
400308 7.55245e+006 28.555
400308 7.55245e+006 28.555
400308 7.55245e+006 28.555
400308 7.55245e+006 27.7222
400308 7.55245e+006 26.037
400308 7.55245e+006 26.037
400308 7.55245e+006 26.9251
400308 7.55245e+006 26.9251
400308 7.55245e+006 26.9251
400308 7.55245e+006 26.037
400308 7.55245e+006 27.7222
400309 7.55245e+006 27.7222
400309 7.55245e+006 28.555
400309 7.55245e+006 28.555
400308 7.55245e+006 28.555
400308 7.55245e+006 27.7222
400308 7.55245e+006 26.037
400309 7.55245e+006 26.037
400309 7.55245e+006 26.9251
400309 7.55245e+006 26.9251
400308 7.55245e+006 26.9251
400308 7.55245e+006 26.037
400309 7.55245e+006 27.7222
400309 7.55245e+006 27.7222
400309 7.55245e+006 28.555
400309 7.55245e+006 28.555
400309 7.55245e+006 28.555
400309 7.55245e+006 27.7222
400309 7.55245e+006 26.037
400309 7.55245e+006 26.037
400309 7.55245e+006 26.9251
400309 7.55245e+006 26.9251
400309 7.55245e+006 26.9251
400309 7.55245e+006 26.037
400309 7.55245e+006 27.7222
400310 7.55245e+006 27.7222
400310 7.55245e+006 28.555
400310 7.55245e+006 28.555
400309 7.55245e+006 28.555
400309 7.55245e+006 27.7222
400309 7.55245e+006 26.037
400310 7.55245e+006 26.037
400310 7.55245e+006 26.9251
400310 7.55245e+006 26.9251
400309 7.55245e+006 26.9251
400309 7.55245e+006 26.037
400310 7.55245e+006 27.7222
400310 7.55245e+006 27.7222
400310 7.55245e+006 28.555
400310 7.55245e+006 28.555
400310 7.55245e+006 28.555
400310 7.55245e+006 27.7222
400310 7.55245e+006 26.037
400310 7.55245e+006 26.037
400310 7.55245e+006 26.9251
400310 7.55245e+006 26.9251
400310 7.55245e+006 26.9251
400310 7.55245e+006 26.037
400310 7.55245e+006 27.7222
400310 7.55245e+006 27.7222
400310 7.55245e+006 28.555
400310 7.55245e+006 28.555
400310 7.55245e+006 28.555
400310 7.55245e+006 27.7222
400310 7.55245e+006 26.037
400310 7.55245e+006 26.037
400310 7.55245e+006 26.9251
400310 7.55245e+006 26.9251
400310 7.55245e+006 26.9251
400310 7.55245e+006 26.037
400310 7.55245e+006 27.7222
400309 7.55245e+006 27.7222
400309 7.55245e+006 28.555
400309 7.55245e+006 28.555
400310 7.55245e+006 28.555
400310 7.55245e+006 27.7222
400310 7.55245e+006 26.037
400309 7.55245e+006 26.037
400309 7.55245e+006 26.9251
400309 7.55245e+006 26.9251
400310 7.55245e+006 26.9251
400310 7.55245e+006 26.037
400309 7.55245e+006 27.7222
400309 7.55245e+006 28.555
400309 7.55245e+006 28.555
400309 7.55245e+006 28.555
400309 7.55245e+006 27.7222
400309 7.55245e+006 27.7222
400309 7.55245e+006 26.037
400309 7.55245e+006 26.037
400309 7.55245e+006 26.9251
400309 7.55245e+006 26.9251
400309 7.55245e+006 26.9251
400309 7.55245e+006 26.037
400309 7.55245e+006 26.9251
400308 7.55245e+006 26.9251
400308 7.55245e+006 27.7222
400308 7.55245e+006 27.7222
400309 7.55245e+006 27.7222
400309 7.55245e+006 26.9251
400309 7.55245e+006 25.2398
400308 7.55245e+006 25.2398
400308 7.55245e+006 26.037
400308 7.55245e+006 26.037
400309 7.55245e+006 26.037
400309 7.55245e+006 25.2398
400308 7.55245e+006 26.9251
400308 7.55245e+006 26.9251
400308 7.55245e+006 27.7222
400308 7.55245e+006 27.7222
400308 7.55245e+006 27.7222
400308 7.55245e+006 26.9251
400308 7.55245e+006 25.2398
400308 7.55245e+006 25.2398
400308 7.55245e+006 26.037
400308 7.55245e+006 26.037
400308 7.55245e+006 26.037
400308 7.55245e+006 25.2398
400308 7.55245e+006 26.9251
400308 7.55245e+006 26.9251
400308 7.55245e+006 27.7222
400308 7.55245e+006 27.7222
400308 7.55245e+006 27.7222
400308 7.55245e+006 26.9251
400308 7.55245e+006 25.2398
400308 7.55245e+006 25.2398
400308 7.55245e+006 26.037
400308 7.55245e+006 26.037
400308 7.55245e+006 26.037
400308 7.55245e+006 25.2398
400308 7.55245e+006 26.9251
400309 7.55245e+006 26.9251
400309 7.55245e+006 27.7222
400309 7.55245e+006 27.7222
400308 7.55245e+006 27.7222
400308 7.55245e+006 26.9251
400308 7.55245e+006 25.2398
400309 7.55245e+006 25.2398
400309 7.55245e+006 26.037
400309 7.55245e+006 26.037
400308 7.55245e+006 26.037
400308 7.55245e+006 25.2398
400309 7.55245e+006 26.9251
400309 7.55245e+006 26.9251
400309 7.55245e+006 27.7222
400309 7.55245e+006 27.7222
400309 7.55245e+006 27.7222
400309 7.55245e+006 26.9251
400309 7.55245e+006 25.2398
400309 7.55245e+006 25.2398
400309 7.55245e+006 26.037
400309 7.55245e+006 26.037
400309 7.55245e+006 26.037
400309 7.55245e+006 25.2398
400309 7.55245e+006 26.9251
400310 7.55245e+006 26.9251
400310 7.55245e+006 27.7222
400310 7.55245e+006 27.7222
400309 7.55245e+006 27.7222
400309 7.55245e+006 26.9251
400309 7.55245e+006 25.2398
400310 7.55245e+006 25.2398
400310 7.55245e+006 26.037
400310 7.55245e+006 26.037
400309 7.55245e+006 26.037
400309 7.55245e+006 25.2398
400310 7.55245e+006 26.9251
400310 7.55245e+006 26.9251
400310 7.55245e+006 27.7222
400310 7.55245e+006 27.7222
400310 7.55245e+006 27.7222
400310 7.55245e+006 26.9251
400310 7.55245e+006 25.2398
400310 7.55245e+006 25.2398
400310 7.55245e+006 26.037
400310 7.55245e+006 26.037
400310 7.55245e+006 26.037
400310 7.55245e+006 25.2398
400310 7.55245e+006 26.9251
400310 7.55245e+006 26.9251
400310 7.55245e+006 27.7222
400310 7.55245e+006 27.7222
400310 7.55245e+006 27.7222
400310 7.55245e+006 26.9251
400310 7.55245e+006 25.2398
400310 7.55245e+006 25.2398
400310 7.55245e+006 26.037
400310 7.55245e+006 26.037
400310 7.55245e+006 26.037
400310 7.55245e+006 25.2398
400310 7.55245e+006 26.9251
400309 7.55245e+006 26.9251
400309 7.55245e+006 27.7222
400309 7.55245e+006 27.7222
400310 7.55245e+006 27.7222
400310 7.55245e+006 26.9251
400310 7.55245e+006 25.2398
400309 7.55245e+006 25.2398
400309 7.55245e+006 26.037
400309 7.55245e+006 26.037
400310 7.55245e+006 26.037
400310 7.55245e+006 25.2398
400309 7.55245e+006 26.9251
400309 7.55245e+006 26.9251
400309 7.55245e+006 27.7222
400309 7.55245e+006 27.7222
400309 7.55245e+006 27.7222
400309 7.55245e+006 26.9251
400309 7.55245e+006 25.2398
400309 7.55245e+006 25.2398
400309 7.55245e+006 26.037
400309 7.55245e+006 26.037
400309 7.55245e+006 26.037
400309 7.55245e+006 25.2398
400309 7.55245e+006 26.9251
400309 7.55245e+006 26.9251
400308 7.55245e+006 26.9251
400308 7.55245e+006 26.9251
400308 7.55245e+006 26.9251
400309 7.55245e+006 26.9251
400308 7.55245e+006 26.9251
400308 7.55245e+006 26.9251
400308 7.55245e+006 26.9251
400308 7.55245e+006 26.9251
400308 7.55245e+006 26.9251
400308 7.55245e+006 26.9251
400308 7.55245e+006 26.9251
400308 7.55245e+006 26.9251
400308 7.55245e+006 26.9251
400308 7.55245e+006 26.9251
400308 7.55245e+006 26.9251
400308 7.55245e+006 26.9251
400308 7.55245e+006 26.9251
400308 7.55245e+006 26.9251
400309 7.55245e+006 26.9251
400309 7.55245e+006 26.9251
400309 7.55245e+006 26.9251
400308 7.55245e+006 26.9251
400309 7.55245e+006 26.9251
400309 7.55245e+006 26.9251
400309 7.55245e+006 26.9251
400309 7.55245e+006 26.9251
400309 7.55245e+006 26.9251
400309 7.55245e+006 26.9251
400309 7.55245e+006 26.9251
400309 7.55245e+006 26.9251
400310 7.55245e+006 26.9251
400310 7.55245e+006 26.9251
400310 7.55245e+006 26.9251
400309 7.55245e+006 26.9251
400310 7.55245e+006 26.9251
400310 7.55245e+006 26.9251
400310 7.55245e+006 26.9251
400310 7.55245e+006 26.9251
400310 7.55245e+006 26.9251
400310 7.55245e+006 26.9251
400310 7.55245e+006 26.9251
400310 7.55245e+006 26.9251
400310 7.55245e+006 26.9251
400310 7.55245e+006 26.9251
400310 7.55245e+006 26.9251
400310 7.55245e+006 26.9251
400310 7.55245e+006 26.9251
400310 7.55245e+006 26.9251
400309 7.55245e+006 26.9251
400309 7.55245e+006 26.9251
400309 7.55245e+006 26.9251
400310 7.55245e+006 26.9251
400309 7.55245e+006 26.9251
400309 7.55245e+006 26.9251
400309 7.55245e+006 26.9251
400309 7.55245e+006 26.9251
400309 7.55245e+006 26.9251
400309 7.55245e+006 26.9251
400309 7.55245e+006 27.7222
400308 7.55245e+006 27.7222
400308 7.55245e+006 27.7222
400308 7.55245e+006 27.7222
400309 7.55245e+006 27.7222
400309 7.55245e+006 27.7222
400309 7.55245e+006 27.7222
400309 7.55245e+006 27.7222
400309 7.55245e+006 27.7222
400309 7.55245e+006 27.7222
400309 7.55245e+006 27.7222
400309 7.55245e+006 27.7222
400309 7.55245e+006 27.7222
400310 7.55245e+006 27.7222
400310 7.55245e+006 27.7222
400310 7.55245e+006 27.7222
400309 7.55245e+006 27.7222
400309 7.55245e+006 27.7222
400310 7.55245e+006 27.7222
400310 7.55245e+006 27.7222
400310 7.55245e+006 27.7222
400310 7.55245e+006 27.7222
400310 7.55245e+006 27.7222
400310 7.55245e+006 27.7222
400310 7.55245e+006 27.7222
400310 7.55245e+006 27.7222
400310 7.55245e+006 27.7222
400310 7.55245e+006 27.7222
400310 7.55245e+006 27.7222
400310 7.55245e+006 27.7222
400310 7.55245e+006 27.7222
400309 7.55245e+006 27.7222
400309 7.55245e+006 27.7222
400309 7.55245e+006 27.7222
400310 7.55245e+006 27.7222
400310 7.55245e+006 27.7222
400309 7.55245e+006 27.7222
400309 7.55245e+006 27.7222
400309 7.55245e+006 27.7222
400309 7.55245e+006 27.7222
400309 7.55245e+006 27.7222
400309 7.55245e+006 27.7222
400309 7.55245e+006 27.7222
400308 7.55245e+006 27.7222
400308 7.55245e+006 27.7222
400308 7.55245e+006 27.7222
400309 7.55245e+006 27.7222
400309 7.55245e+006 27.7222
400308 7.55245e+006 27.7222
400308 7.55245e+006 27.7222
400308 7.55245e+006 27.7222
400308 7.55245e+006 27.7222
400308 7.55245e+006 27.7222
400308 7.55245e+006 27.7222
400308 7.55245e+006 27.7222
400308 7.55245e+006 27.7222
400308 7.55245e+006 27.7222
400308 7.55245e+006 27.7222
400308 7.55245e+006 27.7222
400308 7.55245e+006 27.7222
400309 7.55245e+006 25.2398
400309 7.55245e+006 25.2398
400308 7.55245e+006 25.2398
400308 7.55245e+006 25.2398
400308 7.55245e+006 25.2398
400309 7.55245e+006 25.2398
400308 7.55245e+006 25.2398
400308 7.55245e+006 25.2398
400308 7.55245e+006 25.2398
400308 7.55245e+006 25.2398
400308 7.55245e+006 25.2398
400308 7.55245e+006 25.2398
400308 7.55245e+006 25.2398
400308 7.55245e+006 25.2398
400308 7.55245e+006 25.2398
400308 7.55245e+006 25.2398
400308 7.55245e+006 25.2398
400308 7.55245e+006 25.2398
400308 7.55245e+006 25.2398
400308 7.55245e+006 25.2398
400309 7.55245e+006 25.2398
400309 7.55245e+006 25.2398
400309 7.55245e+006 25.2398
400308 7.55245e+006 25.2398
400309 7.55245e+006 25.2398
400309 7.55245e+006 25.2398
400309 7.55245e+006 25.2398
400309 7.55245e+006 25.2398
400309 7.55245e+006 25.2398
400309 7.55245e+006 25.2398
400309 7.55245e+006 25.2398
400309 7.55245e+006 25.2398
400310 7.55245e+006 25.2398
400310 7.55245e+006 25.2398
400310 7.55245e+006 25.2398
400309 7.55245e+006 25.2398
400310 7.55245e+006 25.2398
400310 7.55245e+006 25.2398
400310 7.55245e+006 25.2398
400310 7.55245e+006 25.2398
400310 7.55245e+006 25.2398
400310 7.55245e+006 25.2398
400310 7.55245e+006 25.2398
400310 7.55245e+006 25.2398
400310 7.55245e+006 25.2398
400310 7.55245e+006 25.2398
400310 7.55245e+006 25.2398
400310 7.55245e+006 25.2398
400310 7.55245e+006 25.2398
400310 7.55245e+006 25.2398
400309 7.55245e+006 25.2398
400309 7.55245e+006 25.2398
400309 7.55245e+006 25.2398
400310 7.55245e+006 25.2398
400309 7.55245e+006 25.2398
400309 7.55245e+006 25.2398
400309 7.55245e+006 25.2398
400309 7.55245e+006 25.2398
400309 7.55245e+006 25.2398
400309 7.55245e+006 25.2398
400309 7.55245e+006 26.037
400308 7.55245e+006 26.037
400308 7.55245e+006 26.037
400308 7.55245e+006 26.037
400309 7.55245e+006 26.037
400309 7.55245e+006 26.037
400309 7.55245e+006 26.037
400309 7.55245e+006 26.037
400309 7.55245e+006 26.037
400309 7.55245e+006 26.037
400309 7.55245e+006 26.037
400309 7.55245e+006 26.037
400309 7.55245e+006 26.037
400310 7.55245e+006 26.037
400310 7.55245e+006 26.037
400310 7.55245e+006 26.037
400309 7.55245e+006 26.037
400309 7.55245e+006 26.037
400310 7.55245e+006 26.037
400310 7.55245e+006 26.037
400310 7.55245e+006 26.037
400310 7.55245e+006 26.037
400310 7.55245e+006 26.037
400310 7.55245e+006 26.037
400310 7.55245e+006 26.037
400310 7.55245e+006 26.037
400310 7.55245e+006 26.037
400310 7.55245e+006 26.037
400310 7.55245e+006 26.037
400310 7.55245e+006 26.037
400310 7.55245e+006 26.037
400309 7.55245e+006 26.037
400309 7.55245e+006 26.037
400309 7.55245e+006 26.037
400310 7.55245e+006 26.037
400310 7.55245e+006 26.037
400309 7.55245e+006 26.037
400309 7.55245e+006 26.037
400309 7.55245e+006 26.037
400309 7.55245e+006 26.037
400309 7.55245e+006 26.037
400309 7.55245e+006 26.037
400309 7.55245e+006 26.037
400308 7.55245e+006 26.037
400308 7.55245e+006 26.037
400308 7.55245e+006 26.037
400309 7.55245e+006 26.037
400309 7.55245e+006 26.037
400308 7.55245e+006 26.037
400308 7.55245e+006 26.037
400308 7.55245e+006 26.037
400308 7.55245e+006 26.037
400308 7.55245e+006 26.037
400308 7.55245e+006 26.037
400308 7.55245e+006 26.037
400308 7.55245e+006 26.037
400308 7.55245e+006 26.037
400308 7.55245e+006 26.037
400308 7.55245e+006 26.037
400308 7.55245e+006 26.037
400309 7.55245e+006 31.8728
400308 7.55245e+006 31.8728
400308 7.55245e+006 32.8597
400308 7.55245e+006 32.8597
400309 7.55245e+006 32.8597
400309 7.55245e+006 31.8728
400309 7.55245e+006 29.226
400308 7.55245e+006 29.226
400308 7.55245e+006 29.9801
400308 7.55245e+006 29.9801
400309 7.55245e+006 29.9801
400309 7.55245e+006 29.226
400308 7.55245e+006 31.8728
400308 7.55245e+006 31.8728
400308 7.55245e+006 32.8597
400308 7.55245e+006 32.8597
400308 7.55245e+006 32.8597
400308 7.55245e+006 31.8728
400308 7.55245e+006 29.226
400308 7.55245e+006 29.226
400308 7.55245e+006 29.9801
400308 7.55245e+006 29.9801
400308 7.55245e+006 29.9801
400308 7.55245e+006 29.226
400308 7.55245e+006 31.8728
400308 7.55245e+006 31.8728
400308 7.55245e+006 32.8597
400308 7.55245e+006 32.8597
400308 7.55245e+006 32.8597
400308 7.55245e+006 31.8728
400308 7.55245e+006 29.226
400308 7.55245e+006 29.226
400308 7.55245e+006 29.9801
400308 7.55245e+006 29.9801
400308 7.55245e+006 29.9801
400308 7.55245e+006 29.226
400308 7.55245e+006 31.8728
400309 7.55245e+006 31.8728
400309 7.55245e+006 32.8597
400309 7.55245e+006 32.8597
400308 7.55245e+006 32.8597
400308 7.55245e+006 31.8728
400308 7.55245e+006 29.226
400309 7.55245e+006 29.226
400309 7.55245e+006 29.9801
400309 7.55245e+006 29.9801
400308 7.55245e+006 29.9801
400308 7.55245e+006 29.226
400309 7.55245e+006 31.8728
400309 7.55245e+006 31.8728
400309 7.55245e+006 32.8597
400309 7.55245e+006 32.8597
400309 7.55245e+006 32.8597
400309 7.55245e+006 31.8728
400309 7.55245e+006 29.226
400309 7.55245e+006 29.226
400309 7.55245e+006 29.9801
400309 7.55245e+006 29.9801
400309 7.55245e+006 29.9801
400309 7.55245e+006 29.226
400309 7.55245e+006 31.8728
400310 7.55245e+006 31.8728
400310 7.55245e+006 32.8597
400310 7.55245e+006 32.8597
400309 7.55245e+006 32.8597
400309 7.55245e+006 31.8728
400309 7.55245e+006 29.226
400310 7.55245e+006 29.226
400310 7.55245e+006 29.9801
400310 7.55245e+006 29.9801
400309 7.55245e+006 29.9801
400309 7.55245e+006 29.226
400310 7.55245e+006 31.8728
400310 7.55245e+006 31.8728
400310 7.55245e+006 32.8597
400310 7.55245e+006 32.8597
400310 7.55245e+006 32.8597
400310 7.55245e+006 31.8728
400310 7.55245e+006 29.226
400310 7.55245e+006 29.226
400310 7.55245e+006 29.9801
400310 7.55245e+006 29.9801
400310 7.55245e+006 29.9801
400310 7.55245e+006 29.226
400310 7.55245e+006 31.8728
400310 7.55245e+006 31.8728
400310 7.55245e+006 32.8597
400310 7.55245e+006 32.8597
400310 7.55245e+006 32.8597
400310 7.55245e+006 31.8728
400310 7.55245e+006 29.226
400310 7.55245e+006 29.226
400310 7.55245e+006 29.9801
400310 7.55245e+006 29.9801
400310 7.55245e+006 29.9801
400310 7.55245e+006 29.226
400310 7.55245e+006 31.8728
400309 7.55245e+006 31.8728
400309 7.55245e+006 32.8597
400309 7.55245e+006 32.8597
400310 7.55245e+006 32.8597
400310 7.55245e+006 31.8728
400310 7.55245e+006 29.226
400309 7.55245e+006 29.226
400309 7.55245e+006 29.9801
400309 7.55245e+006 29.9801
400310 7.55245e+006 29.9801
400310 7.55245e+006 29.226
400309 7.55245e+006 31.8728
400309 7.55245e+006 32.8597
400309 7.55245e+006 32.8597
400309 7.55245e+006 32.8597
400309 7.55245e+006 31.8728
400309 7.55245e+006 31.8728
400309 7.55245e+006 29.226
400309 7.55245e+006 29.226
400309 7.55245e+006 29.9801
400309 7.55245e+006 29.9801
400309 7.55245e+006 29.9801
400309 7.55245e+006 29.226
400309 7.55245e+006 31.2689
400308 7.55245e+006 31.2689
400308 7.55245e+006 31.8728
400308 7.55245e+006 31.8728
400309 7.55245e+006 31.8728
400309 7.55245e+006 31.2689
400308 7.55245e+006 30.584
400309 7.55245e+006 30.584
400309 7.55245e+006 29.9801
400309 7.55245e+006 29.9801
400308 7.55245e+006 29.9801
400308 7.55245e+006 30.584
400308 7.55245e+006 31.2689
400308 7.55245e+006 31.2689
400308 7.55245e+006 31.8728
400308 7.55245e+006 31.8728
400308 7.55245e+006 31.8728
400308 7.55245e+006 31.2689
400308 7.55245e+006 30.584
400308 7.55245e+006 30.584
400308 7.55245e+006 29.9801
400308 7.55245e+006 29.9801
400308 7.55245e+006 29.9801
400308 7.55245e+006 30.584
400308 7.55245e+006 31.2689
400308 7.55245e+006 31.2689
400308 7.55245e+006 31.8728
400308 7.55245e+006 31.8728
400308 7.55245e+006 31.8728
400308 7.55245e+006 31.2689
400308 7.55245e+006 30.584
400308 7.55245e+006 30.584
400308 7.55245e+006 29.9801
400308 7.55245e+006 29.9801
400308 7.55245e+006 29.9801
400308 7.55245e+006 30.584
400308 7.55245e+006 31.2689
400309 7.55245e+006 31.2689
400309 7.55245e+006 31.8728
400309 7.55245e+006 31.8728
400308 7.55245e+006 31.8728
400308 7.55245e+006 31.2689
400309 7.55245e+006 30.584
400308 7.55245e+006 30.584
400308 7.55245e+006 29.9801
400308 7.55245e+006 29.9801
400309 7.55245e+006 29.9801
400309 7.55245e+006 30.584
400309 7.55245e+006 31.2689
400309 7.55245e+006 31.2689
400309 7.55245e+006 31.8728
400309 7.55245e+006 31.8728
400309 7.55245e+006 31.8728
400309 7.55245e+006 31.2689
400309 7.55245e+006 30.584
400309 7.55245e+006 30.584
400309 7.55245e+006 29.9801
400309 7.55245e+006 29.9801
400309 7.55245e+006 29.9801
400309 7.55245e+006 30.584
400309 7.55245e+006 31.2689
400310 7.55245e+006 31.2689
400310 7.55245e+006 31.8728
400310 7.55245e+006 31.8728
400309 7.55245e+006 31.8728
400309 7.55245e+006 31.2689
400310 7.55245e+006 30.584
400309 7.55245e+006 30.584
400309 7.55245e+006 29.9801
400309 7.55245e+006 29.9801
400310 7.55245e+006 29.9801
400310 7.55245e+006 30.584
400310 7.55245e+006 31.2689
400310 7.55245e+006 31.2689
400310 7.55245e+006 31.8728
400310 7.55245e+006 31.8728
400310 7.55245e+006 31.8728
400310 7.55245e+006 31.2689
400310 7.55245e+006 30.584
400310 7.55245e+006 30.584
400310 7.55245e+006 29.9801
400310 7.55245e+006 29.9801
400310 7.55245e+006 29.9801
400310 7.55245e+006 30.584
400310 7.55245e+006 31.2689
400310 7.55245e+006 31.2689
400310 7.55245e+006 31.8728
400310 7.55245e+006 31.8728
400310 7.55245e+006 31.8728
400310 7.55245e+006 31.2689
400310 7.55245e+006 30.584
400310 7.55245e+006 30.584
400310 7.55245e+006 29.9801
400310 7.55245e+006 29.9801
400310 7.55245e+006 29.9801
400310 7.55245e+006 30.584
400310 7.55245e+006 31.2689
400309 7.55245e+006 31.2689
400309 7.55245e+006 31.8728
400309 7.55245e+006 31.8728
400310 7.55245e+006 31.8728
400310 7.55245e+006 31.2689
400309 7.55245e+006 30.584
400310 7.55245e+006 30.584
400310 7.55245e+006 29.9801
400310 7.55245e+006 29.9801
400309 7.55245e+006 29.9801
400309 7.55245e+006 30.584
400309 7.55245e+006 31.2689
400309 7.55245e+006 31.2689
400309 7.55245e+006 31.8728
400309 7.55245e+006 31.8728
400309 7.55245e+006 31.8728
400309 7.55245e+006 31.2689
400309 7.55245e+006 30.584
400309 7.55245e+006 30.584
400309 7.55245e+006 29.9801
400309 7.55245e+006 29.9801
400309 7.55245e+006 29.9801
400309 7.55245e+006 30.584
400309 7.55245e+006 31.2689
400309 7.55245e+006 31.2689
400308 7.55245e+006 31.2689
400308 7.55245e+006 31.2689
400308 7.55245e+006 31.2689
400309 7.55245e+006 31.2689
400308 7.55245e+006 31.2689
400308 7.55245e+006 31.2689
400308 7.55245e+006 31.2689
400308 7.55245e+006 31.2689
400308 7.55245e+006 31.2689
400308 7.55245e+006 31.2689
400308 7.55245e+006 31.2689
400308 7.55245e+006 31.2689
400308 7.55245e+006 31.2689
400308 7.55245e+006 31.2689
400308 7.55245e+006 31.2689
400308 7.55245e+006 31.2689
400308 7.55245e+006 31.2689
400308 7.55245e+006 31.2689
400309 7.55245e+006 31.2689
400309 7.55245e+006 31.2689
400309 7.55245e+006 31.2689
400308 7.55245e+006 31.2689
400309 7.55245e+006 31.2689
400309 7.55245e+006 31.2689
400309 7.55245e+006 31.2689
400309 7.55245e+006 31.2689
400309 7.55245e+006 31.2689
400309 7.55245e+006 31.2689
400309 7.55245e+006 31.2689
400309 7.55245e+006 31.2689
400310 7.55245e+006 31.2689
400310 7.55245e+006 31.2689
400310 7.55245e+006 31.2689
400309 7.55245e+006 31.2689
400310 7.55245e+006 31.2689
400310 7.55245e+006 31.2689
400310 7.55245e+006 31.2689
400310 7.55245e+006 31.2689
400310 7.55245e+006 31.2689
400310 7.55245e+006 31.2689
400310 7.55245e+006 31.2689
400310 7.55245e+006 31.2689
400310 7.55245e+006 31.2689
400310 7.55245e+006 31.2689
400310 7.55245e+006 31.2689
400310 7.55245e+006 31.2689
400310 7.55245e+006 31.2689
400310 7.55245e+006 31.2689
400309 7.55245e+006 31.2689
400309 7.55245e+006 31.2689
400309 7.55245e+006 31.2689
400310 7.55245e+006 31.2689
400309 7.55245e+006 31.2689
400309 7.55245e+006 31.2689
400309 7.55245e+006 31.2689
400309 7.55245e+006 31.2689
400309 7.55245e+006 31.2689
400309 7.55245e+006 31.2689
400309 7.55245e+006 31.8728
400308 7.55245e+006 31.8728
400308 7.55245e+006 31.8728
400308 7.55245e+006 31.8728
400309 7.55245e+006 31.8728
400309 7.55245e+006 31.8728
400309 7.55245e+006 31.8728
400309 7.55245e+006 31.8728
400309 7.55245e+006 31.8728
400309 7.55245e+006 31.8728
400309 7.55245e+006 31.8728
400309 7.55245e+006 31.8728
400309 7.55245e+006 31.8728
400310 7.55245e+006 31.8728
400310 7.55245e+006 31.8728
400310 7.55245e+006 31.8728
400309 7.55245e+006 31.8728
400309 7.55245e+006 31.8728
400310 7.55245e+006 31.8728
400310 7.55245e+006 31.8728
400310 7.55245e+006 31.8728
400310 7.55245e+006 31.8728
400310 7.55245e+006 31.8728
400310 7.55245e+006 31.8728
400310 7.55245e+006 31.8728
400310 7.55245e+006 31.8728
400310 7.55245e+006 31.8728
400310 7.55245e+006 31.8728
400310 7.55245e+006 31.8728
400310 7.55245e+006 31.8728
400310 7.55245e+006 31.8728
400309 7.55245e+006 31.8728
400309 7.55245e+006 31.8728
400309 7.55245e+006 31.8728
400310 7.55245e+006 31.8728
400310 7.55245e+006 31.8728
400309 7.55245e+006 31.8728
400309 7.55245e+006 31.8728
400309 7.55245e+006 31.8728
400309 7.55245e+006 31.8728
400309 7.55245e+006 31.8728
400309 7.55245e+006 31.8728
400309 7.55245e+006 31.8728
400308 7.55245e+006 31.8728
400308 7.55245e+006 31.8728
400308 7.55245e+006 31.8728
400309 7.55245e+006 31.8728
400309 7.55245e+006 31.8728
400308 7.55245e+006 31.8728
400308 7.55245e+006 31.8728
400308 7.55245e+006 31.8728
400308 7.55245e+006 31.8728
400308 7.55245e+006 31.8728
400308 7.55245e+006 31.8728
400308 7.55245e+006 31.8728
400308 7.55245e+006 31.8728
400308 7.55245e+006 31.8728
400308 7.55245e+006 31.8728
400308 7.55245e+006 31.8728
400308 7.55245e+006 31.8728
400309 7.55245e+006 30.584
400308 7.55245e+006 30.584
400308 7.55245e+006 30.584
400308 7.55245e+006 30.584
400309 7.55245e+006 30.584
400309 7.55245e+006 30.584
400309 7.55245e+006 30.584
400309 7.55245e+006 30.584
400309 7.55245e+006 30.584
400309 7.55245e+006 30.584
400309 7.55245e+006 30.584
400309 7.55245e+006 30.584
400309 7.55245e+006 30.584
400310 7.55245e+006 30.584
400310 7.55245e+006 30.584
400310 7.55245e+006 30.584
400309 7.55245e+006 30.584
400309 7.55245e+006 30.584
400310 7.55245e+006 30.584
400310 7.55245e+006 30.584
400310 7.55245e+006 30.584
400310 7.55245e+006 30.584
400310 7.55245e+006 30.584
400310 7.55245e+006 30.584
400310 7.55245e+006 30.584
400310 7.55245e+006 30.584
400310 7.55245e+006 30.584
400310 7.55245e+006 30.584
400310 7.55245e+006 30.584
400310 7.55245e+006 30.584
400310 7.55245e+006 30.584
400309 7.55245e+006 30.584
400309 7.55245e+006 30.584
400309 7.55245e+006 30.584
400310 7.55245e+006 30.584
400310 7.55245e+006 30.584
400309 7.55245e+006 30.584
400309 7.55245e+006 30.584
400309 7.55245e+006 30.584
400309 7.55245e+006 30.584
400309 7.55245e+006 30.584
400309 7.55245e+006 30.584
400309 7.55245e+006 30.584
400308 7.55245e+006 30.584
400308 7.55245e+006 30.584
400308 7.55245e+006 30.584
400309 7.55245e+006 30.584
400309 7.55245e+006 30.584
400308 7.55245e+006 30.584
400308 7.55245e+006 30.584
400308 7.55245e+006 30.584
400308 7.55245e+006 30.584
400308 7.55245e+006 30.584
400308 7.55245e+006 30.584
400308 7.55245e+006 30.584
400308 7.55245e+006 30.584
400308 7.55245e+006 30.584
400308 7.55245e+006 30.584
400308 7.55245e+006 30.584
400308 7.55245e+006 30.584
400309 7.55245e+006 29.9801
400308 7.55245e+006 29.9801
400308 7.55245e+006 29.9801
400308 7.55245e+006 29.9801
400309 7.55245e+006 29.9801
400309 7.55245e+006 29.9801
400308 7.55245e+006 29.9801
400308 7.55245e+006 29.9801
400308 7.55245e+006 29.9801
400308 7.55245e+006 29.9801
400308 7.55245e+006 29.9801
400308 7.55245e+006 29.9801
400308 7.55245e+006 29.9801
400308 7.55245e+006 29.9801
400308 7.55245e+006 29.9801
400308 7.55245e+006 29.9801
400308 7.55245e+006 29.9801
400308 7.55245e+006 29.9801
400308 7.55245e+006 29.9801
400309 7.55245e+006 29.9801
400309 7.55245e+006 29.9801
400309 7.55245e+006 29.9801
400308 7.55245e+006 29.9801
400308 7.55245e+006 29.9801
400309 7.55245e+006 29.9801
400309 7.55245e+006 29.9801
400309 7.55245e+006 29.9801
400309 7.55245e+006 29.9801
400309 7.55245e+006 29.9801
400309 7.55245e+006 29.9801
400309 7.55245e+006 29.9801
400310 7.55245e+006 29.9801
400310 7.55245e+006 29.9801
400310 7.55245e+006 29.9801
400309 7.55245e+006 29.9801
400309 7.55245e+006 29.9801
400310 7.55245e+006 29.9801
400310 7.55245e+006 29.9801
400310 7.55245e+006 29.9801
400310 7.55245e+006 29.9801
400310 7.55245e+006 29.9801
400310 7.55245e+006 29.9801
400310 7.55245e+006 29.9801
400310 7.55245e+006 29.9801
400310 7.55245e+006 29.9801
400310 7.55245e+006 29.9801
400310 7.55245e+006 29.9801
400310 7.55245e+006 29.9801
400310 7.55245e+006 29.9801
400309 7.55245e+006 29.9801
400309 7.55245e+006 29.9801
400309 7.55245e+006 29.9801
400310 7.55245e+006 29.9801
400310 7.55245e+006 29.9801
400309 7.55245e+006 29.9801
400309 7.55245e+006 29.9801
400309 7.55245e+006 29.9801
400309 7.55245e+006 29.9801
400309 7.55245e+006 29.9801
400309 7.55245e+006 29.9801
400309 7.55245e+006 33.2751
400309 7.55245e+006 32.8597
400308 7.55245e+006 32.8597
400308 7.55245e+006 32.8597
400309 7.55245e+006 33.2751
400309 7.55245e+006 33.2751
400309 7.55245e+006 33.2751
400308 7.55245e+006 32.8597
400308 7.55245e+006 32.8597
400308 7.55245e+006 32.8597
400308 7.55245e+006 33.2751
400309 7.55245e+006 33.2751
400308 7.55245e+006 33.2751
400308 7.55245e+006 32.8597
400308 7.55245e+006 32.8597
400308 7.55245e+006 32.8597
400309 7.55245e+006 33.2751
400308 7.55245e+006 33.2751
400309 7.55245e+006 33.2751
400308 7.55245e+006 32.8597
400309 7.55245e+006 32.8597
400309 7.55245e+006 32.8597
400309 7.55245e+006 33.2751
400309 7.55245e+006 33.2751
400309 7.55245e+006 33.2751
400309 7.55245e+006 32.8597
400309 7.55245e+006 32.8597
400309 7.55245e+006 32.8597
400309 7.55245e+006 33.2751
400309 7.55245e+006 33.2751
400309 7.55245e+006 33.2751
400309 7.55245e+006 32.8597
400310 7.55245e+006 32.8597
400310 7.55245e+006 32.8597
400309 7.55245e+006 33.2751
400309 7.55245e+006 33.2751
400309 7.55245e+006 33.2751
400310 7.55245e+006 32.8597
400310 7.55245e+006 32.8597
400310 7.55245e+006 32.8597
400309 7.55245e+006 33.2751
400309 7.55245e+006 33.2751
400309 7.55245e+006 33.2751
400310 7.55245e+006 32.8597
400310 7.55245e+006 32.8597
400310 7.55245e+006 32.8597
400309 7.55245e+006 33.2751
400309 7.55245e+006 33.2751
400309 7.55245e+006 33.2751
400310 7.55245e+006 32.8597
400309 7.55245e+006 32.8597
400309 7.55245e+006 32.8597
400309 7.55245e+006 33.2751
400309 7.55245e+006 33.2751
400309 7.55245e+006 32.8597
400309 7.55245e+006 32.8597
400309 7.55245e+006 33.2751
400309 7.55245e+006 33.2751
400309 7.55245e+006 33.2751
400309 7.55245e+006 32.8597
400309 7.55245e+006 33.2751
400309 7.55245e+006 33.2751
400309 7.55245e+006 34.7153
400309 7.55245e+006 34.7153
400309 7.55245e+006 34.7153
400309 7.55245e+006 33.2751
400309 7.55245e+006 33.2751
400308 7.55245e+006 33.2751
400308 7.55245e+006 34.7153
400308 7.55245e+006 34.7153
400309 7.55245e+006 34.7153
400309 7.55245e+006 33.2751
400308 7.55245e+006 33.2751
400309 7.55245e+006 33.2751
400309 7.55245e+006 34.7153
400309 7.55245e+006 34.7153
400308 7.55245e+006 34.7153
400308 7.55245e+006 33.2751
400309 7.55245e+006 33.2751
400309 7.55245e+006 33.2751
400309 7.55245e+006 34.7153
400309 7.55245e+006 34.7153
400309 7.55245e+006 34.7153
400309 7.55245e+006 33.2751
400309 7.55245e+006 33.2751
400309 7.55245e+006 33.2751
400309 7.55245e+006 34.7153
400309 7.55245e+006 34.7153
400309 7.55245e+006 34.7153
400309 7.55245e+006 33.2751
400309 7.55245e+006 33.2751
400309 7.55245e+006 33.2751
400309 7.55245e+006 34.7153
400309 7.55245e+006 34.7153
400309 7.55245e+006 34.7153
400309 7.55245e+006 33.2751
400309 7.55245e+006 33.2751
400309 7.55245e+006 33.2751
400309 7.55245e+006 34.7153
400309 7.55245e+006 34.7153
400309 7.55245e+006 34.7153
400309 7.55245e+006 33.2751
400309 7.55245e+006 33.2751
400309 7.55245e+006 33.2751
400309 7.55245e+006 34.7153
400309 7.55245e+006 34.7153
400309 7.55245e+006 34.7153
400309 7.55245e+006 33.2751
400309 7.55245e+006 33.2751
400309 7.55245e+006 33.2751
400309 7.55245e+006 34.7153
400309 7.55245e+006 34.7153
400309 7.55245e+006 34.7153
400309 7.55245e+006 33.2751
400309 7.55245e+006 33.2751
400309 7.55245e+006 33.2751
400309 7.55245e+006 34.7153
400309 7.55245e+006 34.7153
400309 7.55245e+006 34.7153
400309 7.55245e+006 33.2751
400309 7.55245e+006 34.7153
400309 7.55245e+006 34.7153
400309 7.55245e+006 34.939
400309 7.55245e+006 34.939
400309 7.55245e+006 34.939
400309 7.55245e+006 34.7153
400309 7.55245e+006 34.7153
400308 7.55245e+006 34.7153
400309 7.55245e+006 34.939
400309 7.55245e+006 34.939
400309 7.55245e+006 34.939
400309 7.55245e+006 34.7153
400308 7.55245e+006 34.7153
400309 7.55245e+006 34.7153
400309 7.55245e+006 34.939
400309 7.55245e+006 34.939
400309 7.55245e+006 34.939
400308 7.55245e+006 34.7153
400309 7.55245e+006 34.7153
400309 7.55245e+006 34.7153
400309 7.55245e+006 34.939
400309 7.55245e+006 34.939
400309 7.55245e+006 34.939
400309 7.55245e+006 34.7153
400309 7.55245e+006 34.7153
400309 7.55245e+006 34.7153
400309 7.55245e+006 34.939
400309 7.55245e+006 34.939
400309 7.55245e+006 34.939
400309 7.55245e+006 34.7153
400309 7.55245e+006 34.7153
400309 7.55245e+006 34.7153
400309 7.55245e+006 34.939
400309 7.55245e+006 34.939
400309 7.55245e+006 34.939
400309 7.55245e+006 34.7153
400309 7.55245e+006 34.7153
400309 7.55245e+006 34.7153
400309 7.55245e+006 34.939
400309 7.55245e+006 34.939
400309 7.55245e+006 34.939
400309 7.55245e+006 34.7153
400309 7.55245e+006 34.7153
400309 7.55245e+006 34.7153
400309 7.55245e+006 34.939
400309 7.55245e+006 34.939
400309 7.55245e+006 34.939
400309 7.55245e+006 34.7153
400309 7.55245e+006 34.7153
400309 7.55245e+006 34.7153
400309 7.55245e+006 34.939
400309 7.55245e+006 34.939
400309 7.55245e+006 34.939
400309 7.55245e+006 34.7153
400309 7.55245e+006 34.7153
400309 7.55245e+006 34.7153
400309 7.55245e+006 34.939
400309 7.55245e+006 34.939
400309 7.55245e+006 34.939
400309 7.55245e+006 34.7153
