405430 7.55478e+006 25.2027
405430 7.55478e+006 25.2026
405430 7.55478e+006 24.9901
405430 7.55478e+006 24.9901
405430 7.55478e+006 24.9902
405430 7.55478e+006 25.2027
405430 7.55478e+006 24.9902
405430 7.55478e+006 24.9901
405430 7.55478e+006 24.8346
405430 7.55478e+006 24.8346
405430 7.55478e+006 24.8347
405430 7.55478e+006 24.9902
405430 7.55478e+006 24.7776
405430 7.55478e+006 24.7777
405430 7.55478e+006 24.8347
405430 7.55478e+006 24.8347
405430 7.55478e+006 24.8346
405430 7.55478e+006 24.7776
405430 7.55478e+006 24.7777
405430 7.55478e+006 25.0277
405430 7.55478e+006 25.0512
405430 7.55478e+006 25.0512
405430 7.55478e+006 24.8347
405430 7.55478e+006 24.7777
405430 7.55478e+006 25.2026
405430 7.55478e+006 25.2027
405430 7.55478e+006 25.1152
405430 7.55478e+006 25.1152
405430 7.55478e+006 25.1151
405430 7.55478e+006 25.2026
405430 7.55478e+006 25.1151
405430 7.55478e+006 25.1152
405430 7.55478e+006 25.0512
405430 7.55478e+006 25.0512
405430 7.55478e+006 25.0511
405430 7.55478e+006 25.1151
405430 7.55478e+006 25.0277
405430 7.55478e+006 25.0276
405430 7.55478e+006 25.0511
405430 7.55478e+006 25.0511
405430 7.55478e+006 25.0512
405430 7.55478e+006 25.0277
405430 7.55478e+006 24.7776
405430 7.55478e+006 24.8346
405430 7.55478e+006 25.0511
405430 7.55478e+006 25.0511
405430 7.55478e+006 25.0276
405430 7.55478e+006 24.7776
405430 7.55478e+006 25.2027
405430 7.55478e+006 25.2026
405430 7.55478e+006 26.7027
405430 7.55478e+006 26.7027
405430 7.55478e+006 26.7027
405430 7.55478e+006 25.2027
405430 7.55478e+006 26.7027
405430 7.55478e+006 26.7026
405430 7.55478e+006 25.2026
405430 7.55478e+006 25.2026
405430 7.55478e+006 25.2027
405430 7.55478e+006 26.7027
405430 7.55478e+006 25.2027
405430 7.55478e+006 26.7027
405430 7.55478e+006 26.7027
405430 7.55478e+006 26.7027
405430 7.55478e+006 25.2027
405430 7.55478e+006 25.2027
405430 7.55478e+006 26.7027
405430 7.55478e+006 25.2026
405430 7.55478e+006 25.2026
405430 7.55478e+006 25.2026
405430 7.55478e+006 26.7026
405430 7.55478e+006 26.7027
405430 7.55478e+006 27.1276
405430 7.55478e+006 27.1277
405430 7.55478e+006 27.0708
405430 7.55478e+006 27.0708
405430 7.55478e+006 27.0707
405430 7.55478e+006 27.1276
405430 7.55478e+006 27.0707
405430 7.55478e+006 27.0708
405430 7.55478e+006 26.9152
405430 7.55478e+006 26.9152
405430 7.55478e+006 26.9151
405430 7.55478e+006 27.0707
405430 7.55478e+006 26.7027
405430 7.55478e+006 26.7027
405430 7.55478e+006 26.9151
405430 7.55478e+006 26.9151
405430 7.55478e+006 26.9152
405430 7.55478e+006 26.7027
405430 7.55478e+006 26.7027
405430 7.55478e+006 26.7026
405430 7.55478e+006 26.7901
405430 7.55478e+006 26.7901
405430 7.55478e+006 26.9151
405430 7.55478e+006 26.7027
405430 7.55478e+006 26.8777
405430 7.55478e+006 26.8777
405430 7.55478e+006 26.8542
405430 7.55478e+006 26.8542
405430 7.55478e+006 26.8543
405430 7.55478e+006 26.8777
405430 7.55478e+006 26.8543
405430 7.55478e+006 26.8542
405430 7.55478e+006 26.7901
405430 7.55478e+006 26.7901
405430 7.55478e+006 26.7902
405430 7.55478e+006 26.8543
405430 7.55478e+006 26.7026
405430 7.55478e+006 26.7027
405430 7.55478e+006 26.7902
405430 7.55478e+006 26.7902
405430 7.55478e+006 26.7901
405430 7.55478e+006 26.7026
405430 7.55478e+006 26.7027
405430 7.55478e+006 26.9152
405430 7.55478e+006 26.7902
405430 7.55478e+006 26.7902
405430 7.55478e+006 26.7027
405430 7.55478e+006 26.7027
405430 7.55478e+006 27.1276
405430 7.55478e+006 26.8777
405430 7.55478e+006 27.128
405430 7.55478e+006 26.8777
405430 7.55478e+006 27.1277
405431 7.55478e+006 27.128
405430 7.55478e+006 27.128
405430 7.55478e+006 26.8777
405430 7.55478e+006 26.8777
405430 7.55478e+006 26.8777
405431 7.55478e+006 27.128
405430 7.55478e+006 27.128
405430 7.55478e+006 27.1276
405430 7.55478e+006 27.128
405431 7.55478e+006 27.128
405431 7.55478e+006 27.128
405430 7.55478e+006 27.1277
405430 7.55478e+006 27.1276
405430 7.55478e+006 24.9902
405430 7.55478e+006 25.1152
405430 7.55478e+006 25.2027
405430 7.55478e+006 25.2027
405430 7.55478e+006 25.2027
405430 7.55478e+006 24.9902
405430 7.55478e+006 25.2026
405430 7.55478e+006 25.1151
405430 7.55478e+006 24.9901
405430 7.55478e+006 24.9901
405430 7.55478e+006 25.2026
405430 7.55478e+006 25.2026
405430 7.55478e+006 24.8347
405430 7.55478e+006 25.0512
405430 7.55478e+006 25.1152
405430 7.55478e+006 25.1152
405430 7.55478e+006 24.9902
405430 7.55478e+006 24.8347
405430 7.55478e+006 25.1151
405430 7.55478e+006 25.0511
405430 7.55478e+006 24.8346
405430 7.55478e+006 24.8346
405430 7.55478e+006 24.9901
405430 7.55478e+006 25.1151
405430 7.55478e+006 26.9151
405430 7.55478e+006 26.7901
405430 7.55478e+006 26.8542
405430 7.55478e+006 26.8542
405430 7.55478e+006 27.0707
405430 7.55478e+006 26.9151
405430 7.55478e+006 26.8543
405430 7.55478e+006 26.7902
405430 7.55478e+006 26.9152
405430 7.55478e+006 26.9152
405430 7.55478e+006 27.0708
405430 7.55478e+006 26.8543
405430 7.55478e+006 27.0707
405430 7.55478e+006 26.8542
405430 7.55478e+006 26.8777
405430 7.55478e+006 26.8777
405430 7.55478e+006 27.1276
405430 7.55478e+006 27.0707
405430 7.55478e+006 26.8777
405430 7.55478e+006 26.8543
405430 7.55478e+006 27.0708
405430 7.55478e+006 27.0708
405430 7.55478e+006 27.1277
405430 7.55478e+006 26.8777
