405411 7.5548e+006 25.3269
405411 7.5548e+006 24.4269
405412 7.5548e+006 24.4269
405412 7.5548e+006 24.4269
405412 7.5548e+006 25.3269
405411 7.5548e+006 25.3269
405410 7.5548e+006 24.4255
405410 7.5548e+006 25.3255
405410 7.5548e+006 25.3256
405410 7.5548e+006 25.3256
405410 7.5548e+006 24.4256
405410 7.5548e+006 24.4255
405411 7.5548e+006 24.4269
405410 7.5548e+006 24.4255
405410 7.5548e+006 24.4256
405410 7.5548e+006 24.4256
405412 7.5548e+006 24.4269
405411 7.5548e+006 24.4269
405411 7.5548e+006 25.3269
405410 7.5548e+006 25.3255
405410 7.5548e+006 24.4255
405410 7.5548e+006 24.4255
405411 7.5548e+006 24.4269
405411 7.5548e+006 25.3269
405412 7.5548e+006 25.3269
405410 7.5548e+006 25.3256
405410 7.5548e+006 25.3255
405410 7.5548e+006 25.3255
405411 7.5548e+006 25.3269
405412 7.5548e+006 25.3269
405412 7.5548e+006 24.4269
405410 7.5548e+006 24.4256
405410 7.5548e+006 25.3256
405410 7.5548e+006 25.3256
405412 7.5548e+006 25.3269
405412 7.5548e+006 24.4269
