405432 7.55484e+006 32.547
405432 7.55484e+006 32.547
405431 7.55484e+006 32.547
405431 7.55484e+006 32.547
405431 7.55484e+006 32.547
405432 7.55484e+006 32.547
405432 7.55484e+006 32.547
405431 7.55484e+006 32.547
405431 7.55484e+006 32.547
405431 7.55484e+006 32.547
405432 7.55484e+006 32.547
405432 7.55484e+006 32.547
405430 7.55484e+006 32.547
405430 7.55484e+006 32.547
405431 7.55484e+006 32.547
405431 7.55484e+006 32.547
405431 7.55484e+006 32.547
405430 7.55484e+006 32.547
405430 7.55484e+006 32.547
405431 7.55484e+006 32.547
405431 7.55484e+006 32.547
405431 7.55484e+006 32.547
405430 7.55484e+006 32.547
405430 7.55484e+006 32.547
405444 7.55483e+006 32.547
405444 7.55484e+006 32.547
405443 7.55484e+006 32.547
405443 7.55484e+006 32.547
405443 7.55483e+006 32.547
405444 7.55483e+006 32.547
405444 7.55484e+006 32.547
405443 7.55484e+006 32.547
405443 7.55484e+006 32.547
405443 7.55484e+006 32.547
405444 7.55484e+006 32.547
405444 7.55484e+006 32.547
405442 7.55484e+006 32.547
405442 7.55484e+006 32.547
405443 7.55484e+006 32.547
405443 7.55484e+006 32.547
405443 7.55484e+006 32.547
405442 7.55484e+006 32.547
405442 7.55483e+006 32.547
405443 7.55483e+006 32.547
405443 7.55484e+006 32.547
405443 7.55484e+006 32.547
405442 7.55484e+006 32.547
405442 7.55483e+006 32.547
405455 7.55483e+006 32.547
405456 7.55483e+006 32.547
405455 7.55483e+006 32.547
405455 7.55483e+006 32.547
405455 7.55483e+006 32.547
405455 7.55483e+006 32.547
405455 7.55483e+006 32.547
405455 7.55483e+006 32.547
405455 7.55483e+006 32.547
405455 7.55483e+006 32.547
405456 7.55483e+006 32.547
405455 7.55483e+006 32.547
405454 7.55483e+006 32.547
405453 7.55483e+006 32.547
405455 7.55483e+006 32.547
405455 7.55483e+006 32.547
405455 7.55483e+006 32.547
405454 7.55483e+006 32.547
405454 7.55483e+006 32.547
405455 7.55483e+006 32.547
405455 7.55483e+006 32.547
405455 7.55483e+006 32.547
405453 7.55483e+006 32.547
405454 7.55483e+006 32.547
405451 7.55482e+006 35.638
405452 7.55482e+006 35.638
405451 7.55482e+006 35.638
405451 7.55482e+006 35.638
405450 7.55482e+006 35.638
405451 7.55482e+006 35.638
405452 7.55482e+006 35.638
405452 7.55482e+006 35.638
405451 7.55482e+006 35.638
405451 7.55482e+006 35.638
405452 7.55482e+006 35.638
405452 7.55482e+006 35.638
405451 7.55482e+006 35.638
405450 7.55482e+006 35.638
405451 7.55482e+006 35.638
405451 7.55482e+006 35.638
405452 7.55482e+006 35.638
405451 7.55482e+006 35.638
405450 7.55482e+006 35.638
405450 7.55482e+006 35.638
405451 7.55482e+006 35.638
405451 7.55482e+006 35.638
405450 7.55482e+006 35.638
405450 7.55482e+006 35.638
405439 7.55483e+006 35.638
405440 7.55483e+006 35.638
405439 7.55483e+006 35.638
405439 7.55483e+006 35.638
405438 7.55483e+006 35.638
405439 7.55483e+006 35.638
405440 7.55483e+006 35.638
405440 7.55483e+006 35.638
405439 7.55483e+006 35.638
405439 7.55483e+006 35.638
405440 7.55483e+006 35.638
405440 7.55483e+006 35.638
405439 7.55483e+006 35.638
405438 7.55483e+006 35.638
405439 7.55483e+006 35.638
405439 7.55483e+006 35.638
405440 7.55483e+006 35.638
405439 7.55483e+006 35.638
405438 7.55483e+006 35.638
405438 7.55483e+006 35.638
405439 7.55483e+006 35.638
405439 7.55483e+006 35.638
405438 7.55483e+006 35.638
405438 7.55483e+006 35.638
405427 7.55483e+006 35.638
405428 7.55483e+006 35.638
405427 7.55483e+006 35.638
405427 7.55483e+006 35.638
405426 7.55483e+006 35.638
405427 7.55483e+006 35.638
405428 7.55483e+006 35.638
405428 7.55483e+006 35.638
405427 7.55483e+006 35.638
405427 7.55483e+006 35.638
405428 7.55483e+006 35.638
405428 7.55483e+006 35.638
405427 7.55483e+006 35.638
405427 7.55483e+006 35.638
405427 7.55483e+006 35.638
405427 7.55483e+006 35.638
405428 7.55483e+006 35.638
405427 7.55483e+006 35.638
405426 7.55483e+006 35.638
405426 7.55483e+006 35.638
405427 7.55483e+006 35.638
405427 7.55483e+006 35.638
405427 7.55483e+006 35.638
405426 7.55483e+006 35.638
