405408 7.55479e+006 25.3269
405408 7.55479e+006 24.4269
405409 7.55479e+006 24.4269
405409 7.55479e+006 24.4269
405409 7.55479e+006 25.3269
405408 7.55479e+006 25.3269
405407 7.55479e+006 24.4255
405407 7.55479e+006 25.3255
405407 7.55479e+006 25.3256
405407 7.55479e+006 25.3256
405407 7.55479e+006 24.4256
405407 7.55479e+006 24.4255
405408 7.55479e+006 24.4269
405407 7.55479e+006 24.4255
405407 7.55479e+006 24.4256
405407 7.55479e+006 24.4256
405409 7.55479e+006 24.4269
405408 7.55479e+006 24.4269
405408 7.55479e+006 25.3269
405407 7.55479e+006 25.3255
405407 7.55479e+006 24.4255
405407 7.55479e+006 24.4255
405408 7.55479e+006 24.4269
405408 7.55479e+006 25.3269
405409 7.55479e+006 25.3269
405407 7.55479e+006 25.3256
405407 7.55479e+006 25.3255
405407 7.55479e+006 25.3255
405408 7.55479e+006 25.3269
405409 7.55479e+006 25.3269
405409 7.55479e+006 24.4269
405407 7.55479e+006 24.4256
405407 7.55479e+006 25.3256
405407 7.55479e+006 25.3256
405409 7.55479e+006 25.3269
405409 7.55479e+006 24.4269
