400444 7.55244e+006 29.7536
400444 7.55244e+006 29.4622
400444 7.55244e+006 29.4623
400444 7.55244e+006 29.4623
400444 7.55244e+006 29.7639
400444 7.55244e+006 29.7536
400444 7.55244e+006 29.7535
400444 7.55244e+006 29.462
400444 7.55244e+006 29.4622
400444 7.55244e+006 29.4622
400444 7.55244e+006 29.7536
400444 7.55244e+006 29.7535
400444 7.55244e+006 29.7636
400444 7.55244e+006 29.4619
400444 7.55244e+006 29.462
400444 7.55244e+006 29.462
400444 7.55244e+006 29.7535
400444 7.55244e+006 29.7636
400444 7.55244e+006 29.7739
400444 7.55244e+006 29.462
400444 7.55244e+006 29.4619
400444 7.55244e+006 29.4619
400444 7.55244e+006 29.7636
400444 7.55244e+006 29.7739
400444 7.55244e+006 29.7741
400444 7.55244e+006 29.4622
400444 7.55244e+006 29.462
400444 7.55244e+006 29.462
400444 7.55244e+006 29.7739
400444 7.55244e+006 29.7741
400444 7.55244e+006 29.7639
400444 7.55244e+006 29.4623
400444 7.55244e+006 29.4622
400444 7.55244e+006 29.4622
400444 7.55244e+006 29.7741
400444 7.55244e+006 29.7639
400444 7.55244e+006 29.7677
400444 7.55244e+006 29.7536
400444 7.55244e+006 29.7639
400444 7.55244e+006 29.7639
400444 7.55244e+006 29.7925
400444 7.55244e+006 29.7677
400444 7.55244e+006 29.7676
400444 7.55244e+006 29.7535
400444 7.55244e+006 29.7536
400444 7.55244e+006 29.7536
400444 7.55244e+006 29.7677
400444 7.55244e+006 29.7676
400444 7.55244e+006 29.7921
400444 7.55244e+006 29.7636
400444 7.55244e+006 29.7535
400444 7.55244e+006 29.7535
400444 7.55244e+006 29.7676
400444 7.55244e+006 29.7921
400444 7.55244e+006 29.8169
400444 7.55244e+006 29.7739
400444 7.55244e+006 29.7636
400444 7.55244e+006 29.7636
400444 7.55244e+006 29.7921
400444 7.55244e+006 29.8169
400444 7.55244e+006 29.817
400444 7.55244e+006 29.7741
400444 7.55244e+006 29.7739
400444 7.55244e+006 29.7739
400444 7.55244e+006 29.8169
400444 7.55244e+006 29.817
400444 7.55244e+006 29.7925
400444 7.55244e+006 29.7639
400444 7.55244e+006 29.7741
400444 7.55244e+006 29.7741
400444 7.55244e+006 29.817
400444 7.55244e+006 29.7925
400444 7.55244e+006 29.7692
400444 7.55244e+006 29.7677
400444 7.55244e+006 29.7925
400444 7.55244e+006 29.7925
400444 7.55244e+006 29.7939
400444 7.55244e+006 29.7692
400444 7.55244e+006 29.769
400444 7.55244e+006 29.7676
400444 7.55244e+006 29.7677
400444 7.55244e+006 29.7677
400444 7.55244e+006 29.7692
400444 7.55244e+006 29.769
400444 7.55244e+006 29.7936
400444 7.55244e+006 29.7921
400444 7.55244e+006 29.7676
400444 7.55244e+006 29.7676
400444 7.55244e+006 29.769
400444 7.55244e+006 29.7936
400444 7.55244e+006 29.8183
400444 7.55244e+006 29.8169
400444 7.55244e+006 29.7921
400444 7.55244e+006 29.7921
400444 7.55244e+006 29.7936
400444 7.55244e+006 29.8183
400444 7.55244e+006 29.8184
400444 7.55244e+006 29.817
400444 7.55244e+006 29.8169
400444 7.55244e+006 29.8169
400444 7.55244e+006 29.8183
400444 7.55244e+006 29.8184
400444 7.55244e+006 29.7939
400444 7.55244e+006 29.7925
400444 7.55244e+006 29.817
400444 7.55244e+006 29.817
400444 7.55244e+006 29.8184
400444 7.55244e+006 29.7939
400444 7.55244e+006 29.8121
400444 7.55244e+006 29.7692
400444 7.55244e+006 29.7939
400444 7.55244e+006 29.7939
400444 7.55244e+006 29.8224
400444 7.55244e+006 29.8121
400444 7.55244e+006 29.812
400444 7.55244e+006 29.769
400444 7.55244e+006 29.7692
400444 7.55244e+006 29.7692
400444 7.55244e+006 29.8121
400444 7.55244e+006 29.812
400444 7.55244e+006 29.8221
400444 7.55244e+006 29.7936
400444 7.55244e+006 29.769
400444 7.55244e+006 29.769
400444 7.55244e+006 29.812
400444 7.55244e+006 29.8221
400444 7.55244e+006 29.8324
400444 7.55244e+006 29.8183
400444 7.55244e+006 29.7936
400444 7.55244e+006 29.7936
400444 7.55244e+006 29.8221
400444 7.55244e+006 29.8324
400444 7.55244e+006 29.8325
400444 7.55244e+006 29.8184
400444 7.55244e+006 29.8183
400444 7.55244e+006 29.8183
400444 7.55244e+006 29.8324
400444 7.55244e+006 29.8325
400444 7.55244e+006 29.8224
400444 7.55244e+006 29.7939
400444 7.55244e+006 29.8184
400444 7.55244e+006 29.8184
400444 7.55244e+006 29.8325
400444 7.55244e+006 29.8224
400444 7.55244e+006 32.0025
400444 7.55244e+006 29.8121
400444 7.55244e+006 29.8224
400444 7.55244e+006 29.8224
400444 7.55244e+006 32.0092
400444 7.55244e+006 32.0025
400444 7.55244e+006 31.9905
400444 7.55244e+006 29.812
400444 7.55244e+006 29.8121
400444 7.55244e+006 29.8121
400444 7.55244e+006 32.0025
400444 7.55244e+006 31.9905
400444 7.55244e+006 31.9854
400444 7.55244e+006 29.8221
400444 7.55244e+006 29.812
400444 7.55244e+006 29.812
400444 7.55244e+006 31.9905
400444 7.55244e+006 31.9854
400444 7.55244e+006 31.9922
400444 7.55244e+006 29.8324
400444 7.55244e+006 29.8221
400444 7.55244e+006 29.8221
400444 7.55244e+006 31.9854
400444 7.55244e+006 31.9922
400444 7.55244e+006 32.0041
400444 7.55244e+006 29.8325
400444 7.55244e+006 29.8324
400444 7.55244e+006 29.8324
400444 7.55244e+006 31.9922
400444 7.55244e+006 32.0041
400444 7.55244e+006 32.0092
400444 7.55244e+006 29.8224
400444 7.55244e+006 29.8325
400444 7.55244e+006 29.8325
400444 7.55244e+006 32.0041
400444 7.55244e+006 32.0092
400444 7.55244e+006 32.0379
400444 7.55244e+006 32.0025
400444 7.55244e+006 32.0092
400444 7.55244e+006 32.0092
400444 7.55244e+006 32.0541
400444 7.55244e+006 32.0379
400444 7.55244e+006 32.0094
400444 7.55244e+006 31.9905
400444 7.55244e+006 32.0025
400444 7.55244e+006 32.0025
400444 7.55244e+006 32.0379
400444 7.55244e+006 32.0094
400444 7.55244e+006 31.9972
400444 7.55244e+006 31.9854
400444 7.55244e+006 31.9905
400444 7.55244e+006 31.9905
400444 7.55244e+006 32.0094
400444 7.55244e+006 31.9972
400444 7.55244e+006 32.0133
400444 7.55244e+006 31.9922
400444 7.55244e+006 31.9854
400444 7.55244e+006 31.9854
400444 7.55244e+006 31.9972
400444 7.55244e+006 32.0133
400444 7.55244e+006 32.0418
400444 7.55244e+006 32.0041
400444 7.55244e+006 31.9922
400444 7.55244e+006 31.9922
400444 7.55244e+006 32.0133
400444 7.55244e+006 32.0418
400444 7.55244e+006 32.0541
400444 7.55244e+006 32.0092
400444 7.55244e+006 32.0041
400444 7.55244e+006 32.0041
400444 7.55244e+006 32.0418
400444 7.55244e+006 32.0541
400442 7.55244e+006 32.0288
400444 7.55244e+006 32.0379
400444 7.55244e+006 32.0541
400444 7.55244e+006 32.0541
400442 7.55244e+006 32.0449
400442 7.55244e+006 32.0288
400442 7.55244e+006 32.0005
400444 7.55244e+006 32.0094
400444 7.55244e+006 32.0379
400444 7.55244e+006 32.0379
400442 7.55244e+006 32.0288
400442 7.55244e+006 32.0005
400442 7.55244e+006 31.9883
400444 7.55244e+006 31.9972
400444 7.55244e+006 32.0094
400444 7.55244e+006 32.0094
400442 7.55244e+006 32.0005
400442 7.55244e+006 31.9883
400442 7.55244e+006 32.0044
400444 7.55244e+006 32.0133
400444 7.55244e+006 31.9972
400444 7.55244e+006 31.9972
400442 7.55244e+006 31.9883
400442 7.55244e+006 32.0044
400442 7.55244e+006 32.0327
400444 7.55244e+006 32.0418
400444 7.55244e+006 32.0133
400444 7.55244e+006 32.0133
400442 7.55244e+006 32.0044
400442 7.55244e+006 32.0327
400442 7.55244e+006 32.0449
400444 7.55244e+006 32.0541
400444 7.55244e+006 32.0418
400444 7.55244e+006 32.0418
400442 7.55244e+006 32.0327
400442 7.55244e+006 32.0449
400442 7.55244e+006 31.9929
400442 7.55244e+006 32.0288
400442 7.55244e+006 32.0449
400442 7.55244e+006 32.0449
400442 7.55244e+006 31.9995
400442 7.55244e+006 31.9929
400442 7.55244e+006 31.9813
400442 7.55244e+006 32.0005
400442 7.55244e+006 32.0288
400442 7.55244e+006 32.0288
400442 7.55244e+006 31.9929
400442 7.55244e+006 31.9813
400442 7.55244e+006 31.9763
400442 7.55244e+006 31.9883
400442 7.55244e+006 32.0005
400442 7.55244e+006 32.0005
400442 7.55244e+006 31.9813
400442 7.55244e+006 31.9763
400442 7.55244e+006 31.9829
400442 7.55244e+006 32.0044
400442 7.55244e+006 31.9883
400442 7.55244e+006 31.9883
400442 7.55244e+006 31.9763
400442 7.55244e+006 31.9829
400442 7.55244e+006 31.9945
400442 7.55244e+006 32.0327
400442 7.55244e+006 32.0044
400442 7.55244e+006 32.0044
400442 7.55244e+006 31.9829
400442 7.55244e+006 31.9945
400442 7.55244e+006 31.9995
400442 7.55244e+006 32.0449
400442 7.55244e+006 32.0327
400442 7.55244e+006 32.0327
400442 7.55244e+006 31.9945
400442 7.55244e+006 31.9995
400442 7.55244e+006 18.9474
400442 7.55244e+006 31.9929
400442 7.55244e+006 31.9995
400442 7.55244e+006 31.9995
400442 7.55244e+006 18.9473
400442 7.55244e+006 18.9474
400443 7.55244e+006 18.9476
400442 7.55244e+006 31.9813
400442 7.55244e+006 31.9929
400442 7.55244e+006 31.9929
400442 7.55244e+006 18.9474
400443 7.55244e+006 18.9476
400443 7.55244e+006 18.9477
400442 7.55244e+006 31.9763
400442 7.55244e+006 31.9813
400442 7.55244e+006 31.9813
400443 7.55244e+006 18.9476
400443 7.55244e+006 18.9477
400443 7.55244e+006 18.9476
400442 7.55244e+006 31.9829
400442 7.55244e+006 31.9763
400442 7.55244e+006 31.9763
400443 7.55244e+006 18.9477
400443 7.55244e+006 18.9476
400442 7.55244e+006 18.9474
400442 7.55244e+006 31.9945
400442 7.55244e+006 31.9829
400442 7.55244e+006 31.9829
400443 7.55244e+006 18.9476
400442 7.55244e+006 18.9474
400442 7.55244e+006 18.9473
400442 7.55244e+006 31.9995
400442 7.55244e+006 31.9945
400442 7.55244e+006 31.9945
400442 7.55244e+006 18.9474
400442 7.55244e+006 18.9473
400444 7.55244e+006 29.462
400444 7.55244e+006 29.4622
400444 7.55244e+006 29.4623
400444 7.55244e+006 29.4619
400444 7.55244e+006 29.462
400444 7.55244e+006 29.4623
400444 7.55244e+006 29.462
400444 7.55244e+006 29.4619
400444 7.55244e+006 29.4623
400444 7.55244e+006 29.4622
400444 7.55244e+006 29.462
400444 7.55244e+006 29.4623
400443 7.55244e+006 18.9476
400442 7.55244e+006 18.9474
400442 7.55244e+006 18.9473
400442 7.55244e+006 18.9473
400443 7.55244e+006 18.9476
400443 7.55244e+006 18.9477
400443 7.55244e+006 18.9477
400443 7.55244e+006 18.9476
400442 7.55244e+006 18.9473
400442 7.55244e+006 18.9474
400443 7.55244e+006 18.9476
400442 7.55244e+006 18.9473
400444 7.55244e+006 29.7584
400444 7.55244e+006 29.7687
400444 7.55244e+006 29.4671
400444 7.55244e+006 29.4671
400444 7.55244e+006 29.467
400444 7.55244e+006 29.7584
400444 7.55244e+006 29.7583
400444 7.55244e+006 29.7584
400444 7.55244e+006 29.467
400444 7.55244e+006 29.467
400444 7.55244e+006 29.4668
400444 7.55244e+006 29.7583
400444 7.55244e+006 29.7684
400444 7.55244e+006 29.7583
400444 7.55244e+006 29.4668
400444 7.55244e+006 29.4668
400444 7.55244e+006 29.4667
400444 7.55244e+006 29.7684
400444 7.55244e+006 29.7787
400444 7.55244e+006 29.7684
400444 7.55244e+006 29.4667
400444 7.55244e+006 29.4667
400444 7.55244e+006 29.4668
400444 7.55244e+006 29.7787
400444 7.55244e+006 29.7788
400444 7.55244e+006 29.7787
400444 7.55244e+006 29.4668
400444 7.55244e+006 29.4668
400444 7.55244e+006 29.467
400444 7.55244e+006 29.7788
400444 7.55244e+006 29.7687
400444 7.55244e+006 29.7788
400444 7.55244e+006 29.467
400444 7.55244e+006 29.467
400444 7.55244e+006 29.4671
400444 7.55244e+006 29.7687
400444 7.55244e+006 29.7725
400444 7.55244e+006 29.7972
400444 7.55244e+006 29.7687
400444 7.55244e+006 29.7687
400444 7.55244e+006 29.7584
400444 7.55244e+006 29.7725
400444 7.55244e+006 29.7724
400444 7.55244e+006 29.7725
400444 7.55244e+006 29.7584
400444 7.55244e+006 29.7584
400444 7.55244e+006 29.7583
400444 7.55244e+006 29.7724
400444 7.55244e+006 29.7969
400444 7.55244e+006 29.7724
400444 7.55244e+006 29.7583
400444 7.55244e+006 29.7583
400444 7.55244e+006 29.7684
400444 7.55244e+006 29.7969
400444 7.55244e+006 29.8216
400444 7.55244e+006 29.7969
400444 7.55244e+006 29.7684
400444 7.55244e+006 29.7684
400444 7.55244e+006 29.7787
400444 7.55244e+006 29.8216
400444 7.55244e+006 29.8218
400444 7.55244e+006 29.8216
400444 7.55244e+006 29.7787
400444 7.55244e+006 29.7787
400444 7.55244e+006 29.7788
400444 7.55244e+006 29.8218
400444 7.55244e+006 29.7972
400444 7.55244e+006 29.8218
400444 7.55244e+006 29.7788
400444 7.55244e+006 29.7788
400444 7.55244e+006 29.7687
400444 7.55244e+006 29.7972
400444 7.55244e+006 29.7739
400444 7.55244e+006 29.7987
400444 7.55244e+006 29.7972
400444 7.55244e+006 29.7972
400444 7.55244e+006 29.7725
400444 7.55244e+006 29.7739
400444 7.55244e+006 29.7738
400444 7.55244e+006 29.7739
400444 7.55244e+006 29.7725
400444 7.55244e+006 29.7725
400444 7.55244e+006 29.7724
400444 7.55244e+006 29.7738
400444 7.55244e+006 29.7983
400444 7.55244e+006 29.7738
400444 7.55244e+006 29.7724
400444 7.55244e+006 29.7724
400444 7.55244e+006 29.7969
400444 7.55244e+006 29.7983
400444 7.55244e+006 29.823
400444 7.55244e+006 29.7983
400444 7.55244e+006 29.7969
400444 7.55244e+006 29.7969
400444 7.55244e+006 29.8216
400444 7.55244e+006 29.823
400444 7.55244e+006 29.8232
400444 7.55244e+006 29.823
400444 7.55244e+006 29.8216
400444 7.55244e+006 29.8216
400444 7.55244e+006 29.8218
400444 7.55244e+006 29.8232
400444 7.55244e+006 29.7987
400444 7.55244e+006 29.8232
400444 7.55244e+006 29.8218
400444 7.55244e+006 29.8218
400444 7.55244e+006 29.7972
400444 7.55244e+006 29.7987
400444 7.55244e+006 29.8169
400444 7.55244e+006 29.8272
400444 7.55244e+006 29.7987
400444 7.55244e+006 29.7987
400444 7.55244e+006 29.7739
400444 7.55244e+006 29.8169
400444 7.55244e+006 29.8167
400444 7.55244e+006 29.8169
400444 7.55244e+006 29.7739
400444 7.55244e+006 29.7739
400444 7.55244e+006 29.7738
400444 7.55244e+006 29.8167
400444 7.55244e+006 29.8269
400444 7.55244e+006 29.8167
400444 7.55244e+006 29.7738
400444 7.55244e+006 29.7738
400444 7.55244e+006 29.7983
400444 7.55244e+006 29.8269
400444 7.55244e+006 29.8371
400444 7.55244e+006 29.8269
400444 7.55244e+006 29.7983
400444 7.55244e+006 29.7983
400444 7.55244e+006 29.823
400444 7.55244e+006 29.8371
400444 7.55244e+006 29.8373
400444 7.55244e+006 29.8371
400444 7.55244e+006 29.823
400444 7.55244e+006 29.823
400444 7.55244e+006 29.8232
400444 7.55244e+006 29.8373
400444 7.55244e+006 29.8272
400444 7.55244e+006 29.8373
400444 7.55244e+006 29.8232
400444 7.55244e+006 29.8232
400444 7.55244e+006 29.7987
400444 7.55244e+006 29.8272
400444 7.55244e+006 32.0624
400444 7.55244e+006 32.0692
400444 7.55244e+006 29.8272
400444 7.55244e+006 29.8272
400444 7.55244e+006 29.8169
400444 7.55244e+006 32.0624
400444 7.55244e+006 32.0505
400444 7.55244e+006 32.0624
400444 7.55244e+006 29.8169
400444 7.55244e+006 29.8169
400444 7.55244e+006 29.8167
400444 7.55244e+006 32.0505
400444 7.55244e+006 32.0453
400444 7.55244e+006 32.0505
400444 7.55244e+006 29.8167
400444 7.55244e+006 29.8167
400444 7.55244e+006 29.8269
400444 7.55244e+006 32.0453
400444 7.55244e+006 32.0521
400444 7.55244e+006 32.0453
400444 7.55244e+006 29.8269
400444 7.55244e+006 29.8269
400444 7.55244e+006 29.8371
400444 7.55244e+006 32.0521
400444 7.55244e+006 32.064
400444 7.55244e+006 32.0521
400444 7.55244e+006 29.8371
400444 7.55244e+006 29.8371
400444 7.55244e+006 29.8373
400444 7.55244e+006 32.064
400444 7.55244e+006 32.0692
400444 7.55244e+006 32.064
400444 7.55244e+006 29.8373
400444 7.55244e+006 29.8373
400444 7.55244e+006 29.8272
400444 7.55244e+006 32.0692
400444 7.55244e+006 32.0978
400444 7.55244e+006 32.114
400444 7.55244e+006 32.0692
400444 7.55244e+006 32.0692
400444 7.55244e+006 32.0624
400444 7.55244e+006 32.0978
400444 7.55244e+006 32.0694
400444 7.55244e+006 32.0978
400444 7.55244e+006 32.0624
400444 7.55244e+006 32.0624
400444 7.55244e+006 32.0505
400444 7.55244e+006 32.0694
400444 7.55244e+006 32.0571
400444 7.55244e+006 32.0694
400444 7.55244e+006 32.0505
400444 7.55244e+006 32.0505
400444 7.55244e+006 32.0453
400444 7.55244e+006 32.0571
400444 7.55244e+006 32.0733
400444 7.55244e+006 32.0571
400444 7.55244e+006 32.0453
400444 7.55244e+006 32.0453
400444 7.55244e+006 32.0521
400444 7.55244e+006 32.0733
400444 7.55244e+006 32.1017
400444 7.55244e+006 32.0733
400444 7.55244e+006 32.0521
400444 7.55244e+006 32.0521
400444 7.55244e+006 32.064
400444 7.55244e+006 32.1017
400444 7.55244e+006 32.114
400444 7.55244e+006 32.1017
400444 7.55244e+006 32.064
400444 7.55244e+006 32.064
400444 7.55244e+006 32.0692
400444 7.55244e+006 32.114
400443 7.55244e+006 32.0913
400443 7.55244e+006 32.1074
400444 7.55244e+006 32.114
400444 7.55244e+006 32.114
400444 7.55244e+006 32.0978
400443 7.55244e+006 32.0913
400443 7.55244e+006 32.0629
400443 7.55244e+006 32.0913
400444 7.55244e+006 32.0978
400444 7.55244e+006 32.0978
400444 7.55244e+006 32.0694
400443 7.55244e+006 32.0629
400443 7.55244e+006 32.0507
400443 7.55244e+006 32.0629
400444 7.55244e+006 32.0694
400444 7.55244e+006 32.0694
400444 7.55244e+006 32.0571
400443 7.55244e+006 32.0507
400443 7.55244e+006 32.0668
400443 7.55244e+006 32.0507
400444 7.55244e+006 32.0571
400444 7.55244e+006 32.0571
400444 7.55244e+006 32.0733
400443 7.55244e+006 32.0668
400443 7.55244e+006 32.0951
400443 7.55244e+006 32.0668
400444 7.55244e+006 32.0733
400444 7.55244e+006 32.0733
400444 7.55244e+006 32.1017
400443 7.55244e+006 32.0951
400443 7.55244e+006 32.1074
400443 7.55244e+006 32.0951
400444 7.55244e+006 32.1017
400444 7.55244e+006 32.1017
400444 7.55244e+006 32.114
400443 7.55244e+006 32.1074
400443 7.55244e+006 32.0554
400443 7.55244e+006 32.062
400443 7.55244e+006 32.1074
400443 7.55244e+006 32.1074
400443 7.55244e+006 32.0913
400443 7.55244e+006 32.0554
400443 7.55244e+006 32.0438
400443 7.55244e+006 32.0554
400443 7.55244e+006 32.0913
400443 7.55244e+006 32.0913
400443 7.55244e+006 32.0629
400443 7.55244e+006 32.0438
400443 7.55244e+006 32.0388
400443 7.55244e+006 32.0438
400443 7.55244e+006 32.0629
400443 7.55244e+006 32.0629
400443 7.55244e+006 32.0507
400443 7.55244e+006 32.0388
400443 7.55244e+006 32.0454
400443 7.55244e+006 32.0388
400443 7.55244e+006 32.0507
400443 7.55244e+006 32.0507
400443 7.55244e+006 32.0668
400443 7.55244e+006 32.0454
400443 7.55244e+006 32.057
400443 7.55244e+006 32.0454
400443 7.55244e+006 32.0668
400443 7.55244e+006 32.0668
400443 7.55244e+006 32.0951
400443 7.55244e+006 32.057
400443 7.55244e+006 32.062
400443 7.55244e+006 32.057
400443 7.55244e+006 32.0951
400443 7.55244e+006 32.0951
400443 7.55244e+006 32.1074
400443 7.55244e+006 32.062
400443 7.55244e+006 29.8062
400443 7.55244e+006 29.8088
400443 7.55244e+006 32.062
400443 7.55244e+006 32.062
400443 7.55244e+006 32.0554
400443 7.55244e+006 29.8062
400443 7.55244e+006 29.8149
400443 7.55244e+006 29.8062
400443 7.55244e+006 32.0554
400443 7.55244e+006 32.0554
400443 7.55244e+006 32.0438
400443 7.55244e+006 29.8149
400443 7.55244e+006 29.8262
400443 7.55244e+006 29.8149
400443 7.55244e+006 32.0438
400443 7.55244e+006 32.0438
400443 7.55244e+006 32.0388
400443 7.55244e+006 29.8262
400443 7.55244e+006 29.8287
400443 7.55244e+006 29.8262
400443 7.55244e+006 32.0388
400443 7.55244e+006 32.0388
400443 7.55244e+006 32.0454
400443 7.55244e+006 29.8287
400443 7.55244e+006 29.82
400443 7.55244e+006 29.8287
400443 7.55244e+006 32.0454
400443 7.55244e+006 32.0454
400443 7.55244e+006 32.057
400443 7.55244e+006 29.82
400443 7.55244e+006 29.8088
400443 7.55244e+006 29.82
400443 7.55244e+006 32.057
400443 7.55244e+006 32.057
400443 7.55244e+006 32.062
400443 7.55244e+006 29.8088
400443 7.55244e+006 29.7615
400443 7.55244e+006 29.7678
400443 7.55244e+006 29.8088
400443 7.55244e+006 29.8088
400443 7.55244e+006 29.8062
400443 7.55244e+006 29.7615
400443 7.55244e+006 29.7824
400443 7.55244e+006 29.7615
400443 7.55244e+006 29.8062
400443 7.55244e+006 29.8062
400443 7.55244e+006 29.8149
400443 7.55244e+006 29.7824
400443 7.55244e+006 29.8096
400443 7.55244e+006 29.7824
400443 7.55244e+006 29.8149
400443 7.55244e+006 29.8149
400443 7.55244e+006 29.8262
400443 7.55244e+006 29.8096
400443 7.55244e+006 29.816
400443 7.55244e+006 29.8096
400443 7.55244e+006 29.8262
400443 7.55244e+006 29.8262
400443 7.55244e+006 29.8287
400443 7.55244e+006 29.816
400443 7.55244e+006 29.7951
400443 7.55244e+006 29.816
400443 7.55244e+006 29.8287
400443 7.55244e+006 29.8287
400443 7.55244e+006 29.82
400443 7.55244e+006 29.7951
400443 7.55244e+006 29.7678
400443 7.55244e+006 29.7951
400443 7.55244e+006 29.82
400443 7.55244e+006 29.82
400443 7.55244e+006 29.8088
400443 7.55244e+006 29.7678
400444 7.55244e+006 29.7618
400444 7.55244e+006 29.7703
400443 7.55244e+006 29.7678
400443 7.55244e+006 29.7678
400443 7.55244e+006 29.7615
400444 7.55244e+006 29.7618
400444 7.55244e+006 29.7811
400444 7.55244e+006 29.7618
400443 7.55244e+006 29.7615
400443 7.55244e+006 29.7615
400443 7.55244e+006 29.7824
400444 7.55244e+006 29.7811
400444 7.55244e+006 29.8089
400444 7.55244e+006 29.7811
400443 7.55244e+006 29.7824
400443 7.55244e+006 29.7824
400443 7.55244e+006 29.8096
400444 7.55244e+006 29.8089
400444 7.55244e+006 29.8174
400444 7.55244e+006 29.8089
400443 7.55244e+006 29.8096
400443 7.55244e+006 29.8096
400443 7.55244e+006 29.816
400444 7.55244e+006 29.8174
400444 7.55244e+006 29.7981
400444 7.55244e+006 29.8174
400443 7.55244e+006 29.816
400443 7.55244e+006 29.816
400443 7.55244e+006 29.7951
400444 7.55244e+006 29.7981
400444 7.55244e+006 29.7703
400444 7.55244e+006 29.7981
400443 7.55244e+006 29.7951
400443 7.55244e+006 29.7951
400443 7.55244e+006 29.7678
400444 7.55244e+006 29.7703
400444 7.55244e+006 29.759
400444 7.55244e+006 29.7696
400444 7.55244e+006 29.7703
400444 7.55244e+006 29.7703
400444 7.55244e+006 29.7618
400444 7.55244e+006 29.759
400444 7.55244e+006 29.7765
400444 7.55244e+006 29.759
400444 7.55244e+006 29.7618
400444 7.55244e+006 29.7618
400444 7.55244e+006 29.7811
400444 7.55244e+006 29.7765
400444 7.55244e+006 29.8047
400444 7.55244e+006 29.7765
400444 7.55244e+006 29.7811
400444 7.55244e+006 29.7811
400444 7.55244e+006 29.8089
400444 7.55244e+006 29.8047
400444 7.55244e+006 29.8153
400444 7.55244e+006 29.8047
400444 7.55244e+006 29.8089
400444 7.55244e+006 29.8089
400444 7.55244e+006 29.8174
400444 7.55244e+006 29.8153
400444 7.55244e+006 29.7978
400444 7.55244e+006 29.8153
400444 7.55244e+006 29.8174
400444 7.55244e+006 29.8174
400444 7.55244e+006 29.7981
400444 7.55244e+006 29.7978
400444 7.55244e+006 29.7696
400444 7.55244e+006 29.7978
400444 7.55244e+006 29.7981
400444 7.55244e+006 29.7981
400444 7.55244e+006 29.7703
400444 7.55244e+006 29.7696
400444 7.55244e+006 29.747
400444 7.55244e+006 29.7513
400444 7.55244e+006 29.7696
400444 7.55244e+006 29.7696
400444 7.55244e+006 29.759
400444 7.55244e+006 29.747
400444 7.55244e+006 29.7543
400444 7.55244e+006 29.747
400444 7.55244e+006 29.759
400444 7.55244e+006 29.759
400444 7.55244e+006 29.7765
400444 7.55244e+006 29.7543
400444 7.55244e+006 29.7659
400444 7.55244e+006 29.7543
400444 7.55244e+006 29.7765
400444 7.55244e+006 29.7765
400444 7.55244e+006 29.8047
400444 7.55244e+006 29.7659
400444 7.55244e+006 29.7703
400444 7.55244e+006 29.7659
400444 7.55244e+006 29.8047
400444 7.55244e+006 29.8047
400444 7.55244e+006 29.8153
400444 7.55244e+006 29.7703
400444 7.55244e+006 29.7629
400444 7.55244e+006 29.7703
400444 7.55244e+006 29.8153
400444 7.55244e+006 29.8153
400444 7.55244e+006 29.7978
400444 7.55244e+006 29.7629
400444 7.55244e+006 29.7513
400444 7.55244e+006 29.7629
400444 7.55244e+006 29.7978
400444 7.55244e+006 29.7978
400444 7.55244e+006 29.7696
400444 7.55244e+006 29.7513
400444 7.55244e+006 18.956
400444 7.55244e+006 18.9558
400444 7.55244e+006 29.7513
400444 7.55244e+006 29.7513
400444 7.55244e+006 29.747
400444 7.55244e+006 18.956
400444 7.55244e+006 18.9561
400444 7.55244e+006 18.956
400444 7.55244e+006 29.747
400444 7.55244e+006 29.747
400444 7.55244e+006 29.7543
400444 7.55244e+006 18.9561
400444 7.55244e+006 18.9561
400444 7.55244e+006 18.9561
400444 7.55244e+006 29.7543
400444 7.55244e+006 29.7543
400444 7.55244e+006 29.7659
400444 7.55244e+006 18.9561
400444 7.55244e+006 18.9559
400444 7.55244e+006 18.9561
400444 7.55244e+006 29.7659
400444 7.55244e+006 29.7659
400444 7.55244e+006 29.7703
400444 7.55244e+006 18.9559
400444 7.55244e+006 18.9558
400444 7.55244e+006 18.9559
400444 7.55244e+006 29.7703
400444 7.55244e+006 29.7703
400444 7.55244e+006 29.7629
400444 7.55244e+006 18.9558
400444 7.55244e+006 18.9558
400444 7.55244e+006 18.9558
400444 7.55244e+006 29.7629
400444 7.55244e+006 29.7629
400444 7.55244e+006 29.7513
400444 7.55244e+006 18.9558
400444 7.55244e+006 29.4671
400444 7.55244e+006 29.467
400444 7.55244e+006 29.4668
400444 7.55244e+006 29.4671
400444 7.55244e+006 29.4668
400444 7.55244e+006 29.4667
400444 7.55244e+006 29.4671
400444 7.55244e+006 29.4667
400444 7.55244e+006 29.4668
400444 7.55244e+006 29.467
400444 7.55244e+006 29.4671
400444 7.55244e+006 29.4668
400444 7.55244e+006 18.9561
400444 7.55244e+006 18.9558
400444 7.55244e+006 18.956
400444 7.55244e+006 18.9558
400444 7.55244e+006 18.9561
400444 7.55244e+006 18.9561
400444 7.55244e+006 18.9561
400444 7.55244e+006 18.9559
400444 7.55244e+006 18.9558
400444 7.55244e+006 18.9558
400444 7.55244e+006 18.9558
400444 7.55244e+006 18.9559
