405398 7.55482e+006 41.8601
405398 7.55482e+006 41.6569
405397 7.55482e+006 41.6569
405397 7.55482e+006 41.6569
405397 7.55482e+006 41.8601
405398 7.55482e+006 41.8601
405398 7.55482e+006 41.8601
405398 7.55482e+006 41.6569
405398 7.55482e+006 41.6569
405398 7.55482e+006 41.6569
405398 7.55482e+006 41.8601
405398 7.55482e+006 41.8601
405399 7.55482e+006 41.8601
405399 7.55482e+006 41.6569
405398 7.55482e+006 41.6569
405398 7.55482e+006 41.6569
405398 7.55482e+006 41.8601
405399 7.55482e+006 41.8601
405400 7.55482e+006 41.8601
405400 7.55482e+006 41.6569
405399 7.55482e+006 41.6569
405399 7.55482e+006 41.6569
405399 7.55482e+006 41.8601
405400 7.55482e+006 41.8601
405400 7.55482e+006 41.8601
405400 7.55482e+006 41.6569
405400 7.55482e+006 41.6569
405400 7.55482e+006 41.6569
405400 7.55482e+006 41.8601
405400 7.55482e+006 41.8601
405400 7.55482e+006 41.8601
405400 7.55482e+006 41.6569
405400 7.55482e+006 41.6569
405400 7.55482e+006 41.6569
405400 7.55482e+006 41.8601
405400 7.55482e+006 41.8601
405403 7.55482e+006 41.8601
405403 7.55482e+006 41.6569
405400 7.55482e+006 41.6569
405400 7.55482e+006 41.6569
405400 7.55482e+006 41.8601
405403 7.55482e+006 41.8601
405401 7.55482e+006 41.8601
405401 7.55482e+006 41.6569
405401 7.55482e+006 41.6569
405401 7.55482e+006 41.6569
405401 7.55482e+006 41.8601
405401 7.55482e+006 41.8601
405401 7.55482e+006 41.6569
405401 7.55482e+006 41.8601
405400 7.55482e+006 41.8601
405400 7.55482e+006 41.8601
405400 7.55482e+006 41.6569
405401 7.55482e+006 41.6569
405397 7.55482e+006 41.8601
405397 7.55482e+006 41.6569
405400 7.55482e+006 41.6569
405400 7.55482e+006 41.6569
405400 7.55482e+006 41.8601
405397 7.55482e+006 41.8601
405397 7.55482e+006 41.8601
405397 7.55482e+006 41.6569
405397 7.55482e+006 41.6569
405397 7.55482e+006 41.6569
405397 7.55482e+006 41.8601
405397 7.55482e+006 41.8601
405401 7.55482e+006 41.6569
405400 7.55482e+006 41.6569
405398 7.55482e+006 41.6569
405399 7.55482e+006 41.6569
405401 7.55482e+006 41.6569
405398 7.55482e+006 41.6569
405399 7.55482e+006 41.6569
405398 7.55482e+006 41.6569
405398 7.55482e+006 41.6569
405399 7.55482e+006 41.6569
405400 7.55482e+006 41.6569
405400 7.55482e+006 41.6569
405400 7.55482e+006 41.6569
405403 7.55482e+006 41.6569
405401 7.55482e+006 41.6569
405400 7.55482e+006 41.6569
405400 7.55482e+006 41.6569
405401 7.55482e+006 41.6569
405400 7.55482e+006 41.6569
405401 7.55482e+006 41.6569
405401 7.55482e+006 41.6569
405399 7.55482e+006 41.6569
405400 7.55482e+006 41.6569
405401 7.55482e+006 41.6569
405400 7.55482e+006 41.6569
405397 7.55482e+006 41.6569
405397 7.55482e+006 41.6569
405397 7.55482e+006 41.6569
405398 7.55482e+006 41.6569
405400 7.55482e+006 41.6569
405402 7.55482e+006 38.8224
405402 7.55482e+006 39.0318
405402 7.55482e+006 39.0318
405402 7.55482e+006 39.0318
405402 7.55482e+006 38.8224
405402 7.55482e+006 38.8224
405402 7.55482e+006 38.8224
405402 7.55482e+006 39.0318
405401 7.55482e+006 39.0318
405401 7.55482e+006 39.0318
405401 7.55482e+006 38.8224
405402 7.55482e+006 38.8224
405401 7.55482e+006 38.8224
405401 7.55482e+006 39.0318
405400 7.55482e+006 39.0318
405400 7.55482e+006 39.0318
405400 7.55482e+006 38.8224
405401 7.55482e+006 38.8224
405400 7.55482e+006 38.8224
405400 7.55482e+006 39.0318
405399 7.55482e+006 39.0318
405399 7.55482e+006 39.0318
405399 7.55482e+006 38.8224
405400 7.55482e+006 38.8224
405399 7.55482e+006 38.8224
405399 7.55482e+006 39.0318
405399 7.55482e+006 39.0318
405399 7.55482e+006 39.0318
405399 7.55482e+006 38.8224
405399 7.55482e+006 38.8224
405399 7.55482e+006 38.8224
405399 7.55482e+006 39.0318
405399 7.55482e+006 39.0318
405399 7.55482e+006 39.0318
405399 7.55482e+006 38.8224
405399 7.55482e+006 38.8224
405399 7.55482e+006 38.8224
405399 7.55482e+006 39.0318
405400 7.55482e+006 39.0318
405400 7.55482e+006 39.0318
405400 7.55482e+006 38.8224
405399 7.55482e+006 38.8224
405400 7.55482e+006 38.8224
405400 7.55482e+006 39.0318
405400 7.55482e+006 39.0318
405400 7.55482e+006 39.0318
405400 7.55482e+006 38.8224
405400 7.55482e+006 38.8224
405400 7.55482e+006 38.8224
405400 7.55482e+006 39.0318
405401 7.55482e+006 39.0318
405401 7.55482e+006 39.0318
405401 7.55482e+006 38.8224
405400 7.55482e+006 38.8224
405401 7.55482e+006 38.8224
405401 7.55482e+006 39.0318
405402 7.55482e+006 39.0318
405402 7.55482e+006 39.0318
405402 7.55482e+006 38.8224
405401 7.55482e+006 38.8224
405402 7.55482e+006 38.8224
405402 7.55482e+006 39.0318
405402 7.55482e+006 39.0318
405402 7.55482e+006 39.0318
405402 7.55482e+006 38.8224
405402 7.55482e+006 38.8224
405402 7.55482e+006 38.8224
405402 7.55482e+006 39.0318
405402 7.55482e+006 39.0318
405402 7.55482e+006 39.0318
405402 7.55482e+006 38.8224
405402 7.55482e+006 38.8224
405402 7.55482e+006 40.4402
405402 7.55482e+006 40.5551
405402 7.55482e+006 40.5551
405402 7.55482e+006 40.5551
405402 7.55482e+006 40.4402
405402 7.55482e+006 40.4402
405402 7.55482e+006 40.4402
405402 7.55482e+006 40.5551
405401 7.55482e+006 40.5551
405401 7.55482e+006 40.5551
405401 7.55482e+006 40.4402
405402 7.55482e+006 40.4402
405401 7.55482e+006 40.4402
405401 7.55482e+006 40.5551
405400 7.55482e+006 40.5552
405400 7.55482e+006 40.5552
405400 7.55482e+006 40.4402
405401 7.55482e+006 40.4402
405400 7.55482e+006 40.4402
405400 7.55482e+006 40.5552
405399 7.55482e+006 40.5551
405399 7.55482e+006 40.5551
405399 7.55482e+006 40.4402
405400 7.55482e+006 40.4402
405399 7.55482e+006 40.4402
405399 7.55482e+006 40.5551
405399 7.55482e+006 40.5551
405399 7.55482e+006 40.5551
405399 7.55482e+006 40.4402
405399 7.55482e+006 40.4402
405399 7.55482e+006 40.4402
405399 7.55482e+006 40.5551
405399 7.55482e+006 40.5551
405399 7.55482e+006 40.5551
405399 7.55482e+006 40.4402
405399 7.55482e+006 40.4402
405399 7.55482e+006 40.4402
405399 7.55482e+006 40.5551
405400 7.55482e+006 40.5551
405400 7.55482e+006 40.5551
405400 7.55482e+006 40.4402
405399 7.55482e+006 40.4402
405400 7.55482e+006 40.4402
405400 7.55482e+006 40.5551
405400 7.55482e+006 40.5551
405400 7.55482e+006 40.5551
405400 7.55482e+006 40.4402
405400 7.55482e+006 40.4402
405400 7.55482e+006 40.4402
405400 7.55482e+006 40.5551
405401 7.55482e+006 40.5551
405401 7.55482e+006 40.5551
405401 7.55482e+006 40.4402
405400 7.55482e+006 40.4402
405401 7.55482e+006 40.4402
405401 7.55482e+006 40.5551
405402 7.55482e+006 40.5551
405402 7.55482e+006 40.5551
405402 7.55482e+006 40.4402
405401 7.55482e+006 40.4402
405402 7.55482e+006 40.4402
405402 7.55482e+006 40.5551
405402 7.55482e+006 40.5551
405402 7.55482e+006 40.5551
405402 7.55482e+006 40.4402
405402 7.55482e+006 40.4402
405402 7.55482e+006 40.4402
405402 7.55482e+006 40.5551
405402 7.55482e+006 40.5551
405402 7.55482e+006 40.5551
405402 7.55482e+006 40.4402
405402 7.55482e+006 40.4402
405402 7.55482e+006 40.5551
405402 7.55482e+006 40.5551
405402 7.55482e+006 40.5551
405402 7.55482e+006 40.5551
405401 7.55482e+006 40.5551
405400 7.55482e+006 40.5551
405402 7.55482e+006 40.5551
405402 7.55482e+006 40.5551
405400 7.55482e+006 40.5551
405400 7.55482e+006 40.5551
405400 7.55482e+006 40.5551
405399 7.55482e+006 40.5551
405399 7.55482e+006 40.5551
405399 7.55482e+006 40.5551
405399 7.55482e+006 40.5551
405400 7.55482e+006 40.5551
405399 7.55482e+006 40.5551
405399 7.55482e+006 40.5551
405402 7.55482e+006 40.5551
405400 7.55482e+006 40.5551
405399 7.55482e+006 40.5551
405399 7.55482e+006 40.5551
405400 7.55482e+006 40.5552
405401 7.55482e+006 40.5551
405402 7.55482e+006 40.5551
405399 7.55482e+006 40.5551
405401 7.55482e+006 40.5551
405402 7.55482e+006 40.5551
405402 7.55482e+006 40.5551
405401 7.55482e+006 40.5551
405402 7.55482e+006 40.4402
405401 7.55482e+006 40.4402
405400 7.55482e+006 40.4402
405400 7.55482e+006 40.4402
405399 7.55482e+006 40.4402
405399 7.55482e+006 40.4402
405402 7.55482e+006 40.4402
405400 7.55482e+006 40.4402
405399 7.55482e+006 40.4402
405399 7.55482e+006 40.4402
405399 7.55482e+006 40.4402
405400 7.55482e+006 40.4402
405400 7.55482e+006 40.4402
405400 7.55482e+006 40.4402
405401 7.55482e+006 40.4402
405399 7.55482e+006 40.4402
405400 7.55482e+006 40.4402
405401 7.55482e+006 40.4402
405402 7.55482e+006 40.4402
405399 7.55482e+006 40.4402
405401 7.55482e+006 40.4402
405401 7.55482e+006 40.4402
405402 7.55482e+006 40.4402
405402 7.55482e+006 40.4402
405402 7.55482e+006 40.4402
405401 7.55482e+006 40.4402
405402 7.55482e+006 40.4402
405402 7.55482e+006 40.4402
405402 7.55482e+006 40.4402
405402 7.55482e+006 40.4402
405402 7.55482e+006 39.0318
405402 7.55482e+006 39.0318
405402 7.55482e+006 39.0318
405402 7.55482e+006 39.0318
405401 7.55482e+006 39.0318
405400 7.55482e+006 39.0318
405402 7.55482e+006 39.0318
405402 7.55482e+006 39.0318
405400 7.55482e+006 39.0318
405400 7.55482e+006 39.0318
405400 7.55482e+006 39.0318
405399 7.55482e+006 39.0318
405399 7.55482e+006 39.0318
405399 7.55482e+006 39.0318
405399 7.55482e+006 39.0318
405400 7.55482e+006 39.0318
405399 7.55482e+006 39.0318
405399 7.55482e+006 39.0318
405402 7.55482e+006 39.0318
405400 7.55482e+006 39.0318
405399 7.55482e+006 39.0318
405399 7.55482e+006 39.0318
405400 7.55482e+006 39.0318
405401 7.55482e+006 39.0318
405402 7.55482e+006 39.0318
405399 7.55482e+006 39.0318
405401 7.55482e+006 39.0318
405402 7.55482e+006 39.0318
405402 7.55482e+006 39.0318
405401 7.55482e+006 39.0318
