405450 7.5548e+006 19.913
405449 7.5548e+006 19.913
405451 7.5548e+006 19.913
405451 7.5548e+006 19.913
405453 7.5548e+006 19.913
405450 7.5548e+006 19.913
405450 7.5548e+006 22.3458
405453 7.5548e+006 22.3458
405451 7.5548e+006 22.3458
405451 7.5548e+006 22.3458
405449 7.5548e+006 22.3458
405450 7.5548e+006 22.3458
405450 7.5548e+006 19.913
405453 7.5548e+006 19.913
405453 7.5548e+006 22.3458
405453 7.5548e+006 22.3458
405450 7.5548e+006 22.3458
405450 7.5548e+006 19.913
405453 7.5548e+006 19.913
405451 7.5548e+006 19.913
405451 7.5548e+006 22.3458
405451 7.5548e+006 22.3458
405453 7.5548e+006 22.3458
405453 7.5548e+006 19.913
405451 7.5548e+006 19.913
405449 7.5548e+006 19.913
405449 7.5548e+006 22.3458
405449 7.5548e+006 22.3458
405451 7.5548e+006 22.3458
405451 7.5548e+006 19.913
405449 7.5548e+006 19.913
405450 7.5548e+006 19.913
405450 7.5548e+006 22.3458
405450 7.5548e+006 22.3458
405449 7.5548e+006 22.3458
405449 7.5548e+006 19.913
