405458 7.55481e+006 -12.1948
405457 7.55481e+006 -12.5024
405457 7.55481e+006 -12.6298
405457 7.55481e+006 -12.6298
405458 7.55481e+006 -12.5023
405458 7.55481e+006 -12.1947
405458 7.55481e+006 -12.1947
405459 7.55481e+006 -11.887
405459 7.55481e+006 -11.7596
405457 7.55481e+006 -12.6298
405458 7.55481e+006 -12.1947
405459 7.55481e+006 -11.7596
405458 7.55481e+006 -12.1948
405457 7.55481e+006 -12.6298
405459 7.55481e+006 -11.7596
405458 7.55481e+006 -11.8871
405458 7.55481e+006 -12.1948
405459 7.55481e+006 -11.7596
405459 7.55481e+006 -11.887
405442 7.55482e+006 7.65362
405442 7.55482e+006 7.65361
405442 7.55482e+006 7.65361
405459 7.55481e+006 -11.7596
405459 7.55481e+006 -11.887
405458 7.55481e+006 -12.1947
405441 7.55482e+006 7.65361
405442 7.55482e+006 7.65362
405442 7.55482e+006 7.65362
405459 7.55481e+006 -11.887
405458 7.55481e+006 -12.1947
405458 7.55481e+006 -12.5023
405440 7.55482e+006 7.65362
405441 7.55482e+006 7.65361
405441 7.55482e+006 7.65361
405458 7.55481e+006 -12.1947
405458 7.55481e+006 -12.5023
405457 7.55481e+006 -12.6298
405440 7.55482e+006 7.65361
405440 7.55482e+006 7.65362
405440 7.55482e+006 7.65362
405458 7.55481e+006 -12.5023
405457 7.55481e+006 -12.6298
405457 7.55481e+006 -12.6298
405457 7.55481e+006 -12.5024
405440 7.55482e+006 7.65361
405440 7.55482e+006 7.65361
405440 7.55482e+006 7.65361
405457 7.55481e+006 -12.6298
405457 7.55481e+006 -12.5024
405458 7.55481e+006 -12.1948
405440 7.55482e+006 7.65361
405440 7.55482e+006 7.65361
405440 7.55482e+006 7.65361
405457 7.55481e+006 -12.5024
405458 7.55481e+006 -12.1948
405458 7.55481e+006 -11.8871
405441 7.55482e+006 7.65361
405441 7.55482e+006 7.65361
405440 7.55482e+006 7.65361
405458 7.55481e+006 -12.1948
405458 7.55481e+006 -11.8871
405459 7.55481e+006 -11.7596
405442 7.55482e+006 7.65361
405442 7.55482e+006 7.65361
405441 7.55482e+006 7.65361
405458 7.55481e+006 -11.8871
405412 7.55483e+006 -11.7952
405412 7.55483e+006 -11.9223
405413 7.55483e+006 -12.2293
405413 7.55483e+006 -12.2293
405413 7.55483e+006 -12.5363
405413 7.55483e+006 -12.6635
405412 7.55483e+006 -11.7952
405413 7.55483e+006 -12.2293
405413 7.55483e+006 -12.6635
405413 7.55483e+006 -12.6635
405413 7.55483e+006 -12.5364
405412 7.55483e+006 -12.2294
405412 7.55483e+006 -11.7952
405413 7.55483e+006 -12.6635
405412 7.55483e+006 -12.2294
405412 7.55483e+006 -11.9224
405412 7.55483e+006 -11.7952
405412 7.55483e+006 -12.2294
405427 7.55483e+006 7.65288
405427 7.55483e+006 7.65288
405412 7.55483e+006 -11.9223
405412 7.55483e+006 -11.9223
405412 7.55483e+006 -11.7952
405427 7.55483e+006 7.65288
405427 7.55483e+006 7.65288
405428 7.55483e+006 7.65288
405413 7.55483e+006 -12.2293
405413 7.55483e+006 -12.2293
405412 7.55483e+006 -11.9223
405427 7.55483e+006 7.65288
405428 7.55483e+006 7.65288
405429 7.55483e+006 7.65288
405413 7.55483e+006 -12.5363
405413 7.55483e+006 -12.5363
405413 7.55483e+006 -12.2293
405428 7.55483e+006 7.65288
405429 7.55483e+006 7.65288
405429 7.55482e+006 7.65288
405413 7.55483e+006 -12.6635
405413 7.55483e+006 -12.6635
405413 7.55483e+006 -12.5363
405429 7.55483e+006 7.65288
405413 7.55483e+006 -12.6635
405429 7.55482e+006 7.65288
405428 7.55482e+006 7.65288
405428 7.55482e+006 7.65288
405413 7.55483e+006 -12.5364
405413 7.55483e+006 -12.6635
405413 7.55483e+006 -12.5364
405428 7.55482e+006 7.65288
405428 7.55482e+006 7.65288
405428 7.55482e+006 7.65288
405412 7.55483e+006 -12.2294
405413 7.55483e+006 -12.5364
405412 7.55483e+006 -12.2294
405428 7.55482e+006 7.65288
405427 7.55482e+006 7.65288
405427 7.55482e+006 7.65288
405412 7.55483e+006 -11.9224
405412 7.55483e+006 -12.2294
405412 7.55483e+006 -11.9224
405427 7.55482e+006 7.65288
405427 7.55483e+006 7.65288
405427 7.55483e+006 7.65288
405412 7.55483e+006 -11.7952
405412 7.55483e+006 -11.9224
