398023 7.55154e+006 -281.02
398023 7.55154e+006 -281.02
398023 7.55154e+006 -280.984
398023 7.55154e+006 -280.984
398023 7.55154e+006 -280.984
398023 7.55154e+006 -281.02
398023 7.55154e+006 -281.02
398023 7.55154e+006 -281.02
398023 7.55154e+006 -280.984
398023 7.55154e+006 -280.984
398023 7.55154e+006 -280.984
398023 7.55154e+006 -281.02
398023 7.55154e+006 -281.02
398023 7.55154e+006 -281.02
398023 7.55154e+006 -280.984
398023 7.55154e+006 -280.984
398023 7.55154e+006 -280.984
398023 7.55154e+006 -281.02
398023 7.55154e+006 -281.02
398023 7.55154e+006 -281.02
398023 7.55154e+006 -280.984
398023 7.55154e+006 -280.984
398023 7.55154e+006 -280.984
398023 7.55154e+006 -281.02
398023 7.55154e+006 -281.02
398023 7.55154e+006 -281.02
398023 7.55154e+006 -280.984
398023 7.55154e+006 -280.984
398023 7.55154e+006 -280.984
398023 7.55154e+006 -281.02
398023 7.55154e+006 -281.02
398023 7.55154e+006 -281.02
398023 7.55154e+006 -280.984
398023 7.55154e+006 -280.984
398023 7.55154e+006 -280.984
398023 7.55154e+006 -281.02
398023 7.55154e+006 -280.805
398023 7.55154e+006 -280.805
398023 7.55154e+006 -280.805
398023 7.55154e+006 -280.805
398023 7.55154e+006 -280.805
398023 7.55154e+006 -280.805
398023 7.55154e+006 -280.805
398023 7.55154e+006 -280.805
398023 7.55154e+006 -280.805
398023 7.55154e+006 -280.805
398023 7.55154e+006 -280.805
398023 7.55154e+006 -280.805
398023 7.55154e+006 -281.607
398023 7.55154e+006 -281.607
398023 7.55154e+006 -281.176
398023 7.55154e+006 -281.176
398023 7.55154e+006 -281.176
398023 7.55154e+006 -281.607
398023 7.55154e+006 -281.607
398023 7.55154e+006 -281.607
398023 7.55154e+006 -281.176
398023 7.55154e+006 -281.176
398023 7.55154e+006 -281.176
398023 7.55154e+006 -281.607
398023 7.55154e+006 -281.607
398023 7.55154e+006 -281.607
398023 7.55154e+006 -281.176
398023 7.55154e+006 -281.176
398023 7.55154e+006 -281.176
398023 7.55154e+006 -281.607
398023 7.55154e+006 -281.607
398024 7.55154e+006 -281.607
398024 7.55154e+006 -281.176
398024 7.55154e+006 -281.176
398023 7.55154e+006 -281.176
398023 7.55154e+006 -281.607
398024 7.55154e+006 -281.607
398023 7.55154e+006 -281.607
398023 7.55154e+006 -281.176
398023 7.55154e+006 -281.176
398024 7.55154e+006 -281.176
398024 7.55154e+006 -281.607
398023 7.55154e+006 -281.607
398023 7.55154e+006 -281.607
398023 7.55154e+006 -281.176
398023 7.55154e+006 -281.176
398023 7.55154e+006 -281.176
398023 7.55154e+006 -281.607
398023 7.55154e+006 -281.176
398023 7.55154e+006 -281.176
398023 7.55154e+006 -281.02
398023 7.55154e+006 -281.02
398023 7.55154e+006 -281.02
398023 7.55154e+006 -281.176
398023 7.55154e+006 -281.176
398023 7.55154e+006 -281.176
398023 7.55154e+006 -281.02
398023 7.55154e+006 -281.02
398023 7.55154e+006 -281.02
398023 7.55154e+006 -281.176
398023 7.55154e+006 -281.176
398023 7.55154e+006 -281.176
398023 7.55154e+006 -281.02
398023 7.55154e+006 -281.02
398023 7.55154e+006 -281.02
398023 7.55154e+006 -281.176
398023 7.55154e+006 -281.176
398023 7.55154e+006 -281.176
398023 7.55154e+006 -281.02
398023 7.55154e+006 -281.02
398023 7.55154e+006 -281.02
398023 7.55154e+006 -281.176
398023 7.55154e+006 -281.176
398023 7.55154e+006 -281.176
398023 7.55154e+006 -281.02
398023 7.55154e+006 -281.02
398023 7.55154e+006 -281.02
398023 7.55154e+006 -281.176
398023 7.55154e+006 -281.176
398023 7.55154e+006 -281.176
398023 7.55154e+006 -281.02
398023 7.55154e+006 -281.02
398023 7.55154e+006 -281.02
398023 7.55154e+006 -281.176
398023 7.55154e+006 -281.176
398023 7.55154e+006 -281.176
398023 7.55154e+006 -281.176
398023 7.55154e+006 -281.176
398023 7.55154e+006 -281.176
398023 7.55154e+006 -281.176
398023 7.55154e+006 -281.176
398023 7.55154e+006 -281.176
398023 7.55154e+006 -281.176
398023 7.55154e+006 -281.176
398023 7.55154e+006 -281.176
398023 7.55154e+006 -281.176
398023 7.55154e+006 -281.176
398023 7.55154e+006 -281.176
398023 7.55154e+006 -281.176
398023 7.55154e+006 -281.176
398023 7.55154e+006 -281.176
398023 7.55154e+006 -281.176
398023 7.55154e+006 -281.176
398023 7.55154e+006 -281.176
398024 7.55154e+006 -281.176
398024 7.55154e+006 -281.176
398023 7.55154e+006 -281.176
398023 7.55154e+006 -281.176
398023 7.55154e+006 -281.176
398024 7.55154e+006 -281.176
398023 7.55154e+006 -281.176
398023 7.55154e+006 -281.176
398023 7.55154e+006 -281.176
398023 7.55154e+006 -281.176
398023 7.55154e+006 -281.176
398023 7.55154e+006 -281.176
398023 7.55154e+006 -281.176
398023 7.55154e+006 -281.176
398023 7.55154e+006 -281.176
398023 7.55154e+006 -281.176
398023 7.55154e+006 -280.984
398023 7.55154e+006 -280.831
398023 7.55154e+006 -280.831
398023 7.55154e+006 -280.831
398023 7.55154e+006 -280.984
398023 7.55154e+006 -280.984
398023 7.55154e+006 -280.984
398023 7.55154e+006 -280.831
398023 7.55154e+006 -280.831
398023 7.55154e+006 -280.831
398023 7.55154e+006 -280.984
398023 7.55154e+006 -280.984
398023 7.55154e+006 -280.984
398023 7.55154e+006 -280.831
398023 7.55154e+006 -280.831
398023 7.55154e+006 -280.831
398023 7.55154e+006 -280.984
398023 7.55154e+006 -280.984
398023 7.55154e+006 -280.984
398023 7.55154e+006 -280.831
398023 7.55154e+006 -280.831
398023 7.55154e+006 -280.831
398023 7.55154e+006 -280.984
398023 7.55154e+006 -280.984
398023 7.55154e+006 -280.984
398023 7.55154e+006 -280.831
398023 7.55154e+006 -280.831
398023 7.55154e+006 -280.831
398023 7.55154e+006 -280.984
398023 7.55154e+006 -280.984
398023 7.55154e+006 -280.984
398023 7.55154e+006 -280.831
398023 7.55154e+006 -280.831
398023 7.55154e+006 -280.831
398023 7.55154e+006 -280.984
398023 7.55154e+006 -280.984
398023 7.55154e+006 -280.805
398023 7.55154e+006 -280.805
398023 7.55154e+006 -280.831
398023 7.55154e+006 -280.831
398023 7.55154e+006 -280.831
398023 7.55154e+006 -280.805
398023 7.55154e+006 -280.805
398023 7.55154e+006 -280.805
398023 7.55154e+006 -280.831
398023 7.55154e+006 -280.831
398023 7.55154e+006 -280.831
398023 7.55154e+006 -280.805
398023 7.55154e+006 -280.805
398023 7.55154e+006 -280.805
398023 7.55154e+006 -280.831
398023 7.55154e+006 -280.831
398023 7.55154e+006 -280.831
398023 7.55154e+006 -280.805
398023 7.55154e+006 -280.805
398023 7.55154e+006 -280.805
398023 7.55154e+006 -280.831
398023 7.55154e+006 -280.831
398023 7.55154e+006 -280.831
398023 7.55154e+006 -280.805
398023 7.55154e+006 -280.805
398023 7.55154e+006 -280.805
398023 7.55154e+006 -280.831
398023 7.55154e+006 -280.831
398023 7.55154e+006 -280.831
398023 7.55154e+006 -280.805
398023 7.55154e+006 -280.805
398023 7.55154e+006 -280.805
398023 7.55154e+006 -280.831
398023 7.55154e+006 -280.831
398023 7.55154e+006 -280.831
398023 7.55154e+006 -280.805
398022 7.55154e+006 -281.02
398022 7.55154e+006 -281.02
398022 7.55154e+006 -280.984
398022 7.55154e+006 -280.984
398022 7.55154e+006 -280.984
398022 7.55154e+006 -281.02
398022 7.55154e+006 -281.02
398022 7.55154e+006 -281.02
398022 7.55154e+006 -280.984
398022 7.55154e+006 -280.984
398022 7.55154e+006 -280.984
398022 7.55154e+006 -281.02
398022 7.55154e+006 -281.02
398022 7.55154e+006 -281.02
398022 7.55154e+006 -280.984
398022 7.55154e+006 -280.984
398022 7.55154e+006 -280.984
398022 7.55154e+006 -281.02
398022 7.55154e+006 -281.02
398022 7.55154e+006 -281.02
398022 7.55154e+006 -280.984
398022 7.55154e+006 -280.984
398022 7.55154e+006 -280.984
398022 7.55154e+006 -281.02
398022 7.55154e+006 -281.02
398022 7.55154e+006 -281.02
398022 7.55154e+006 -280.984
398022 7.55154e+006 -280.984
398022 7.55154e+006 -280.984
398022 7.55154e+006 -281.02
398022 7.55154e+006 -281.02
398022 7.55154e+006 -281.02
398022 7.55154e+006 -280.984
398022 7.55154e+006 -280.984
398022 7.55154e+006 -280.984
398022 7.55154e+006 -281.02
398022 7.55154e+006 -280.805
398022 7.55154e+006 -280.805
398022 7.55154e+006 -280.805
398022 7.55154e+006 -280.805
398022 7.55154e+006 -280.805
398022 7.55154e+006 -280.805
398022 7.55154e+006 -280.805
398022 7.55154e+006 -280.805
398022 7.55154e+006 -280.805
398022 7.55154e+006 -280.805
398022 7.55154e+006 -280.805
398022 7.55154e+006 -280.805
398022 7.55154e+006 -281.607
398022 7.55154e+006 -281.607
398022 7.55154e+006 -281.176
398022 7.55154e+006 -281.176
398022 7.55154e+006 -281.176
398022 7.55154e+006 -281.607
398022 7.55154e+006 -281.607
398022 7.55154e+006 -281.607
398022 7.55154e+006 -281.176
398022 7.55154e+006 -281.176
398022 7.55154e+006 -281.176
398022 7.55154e+006 -281.607
398022 7.55154e+006 -281.607
398022 7.55154e+006 -281.607
398022 7.55154e+006 -281.176
398022 7.55154e+006 -281.176
398022 7.55154e+006 -281.176
398022 7.55154e+006 -281.607
398022 7.55154e+006 -281.607
398022 7.55154e+006 -281.607
398022 7.55154e+006 -281.176
398022 7.55154e+006 -281.176
398022 7.55154e+006 -281.176
398022 7.55154e+006 -281.607
398022 7.55154e+006 -281.607
398022 7.55154e+006 -281.607
398022 7.55154e+006 -281.176
398022 7.55154e+006 -281.176
398022 7.55154e+006 -281.176
398022 7.55154e+006 -281.607
398022 7.55154e+006 -281.607
398022 7.55154e+006 -281.607
398022 7.55154e+006 -281.176
398022 7.55154e+006 -281.176
398022 7.55154e+006 -281.176
398022 7.55154e+006 -281.607
398022 7.55154e+006 -281.176
398022 7.55154e+006 -281.176
398022 7.55154e+006 -281.02
398022 7.55154e+006 -281.02
398022 7.55154e+006 -281.02
398022 7.55154e+006 -281.176
398022 7.55154e+006 -281.176
398022 7.55154e+006 -281.176
398022 7.55154e+006 -281.02
398022 7.55154e+006 -281.02
398022 7.55154e+006 -281.02
398022 7.55154e+006 -281.176
398022 7.55154e+006 -281.176
398022 7.55154e+006 -281.176
398022 7.55154e+006 -281.02
398022 7.55154e+006 -281.02
398022 7.55154e+006 -281.02
398022 7.55154e+006 -281.176
398022 7.55154e+006 -281.176
398022 7.55154e+006 -281.176
398022 7.55154e+006 -281.02
398022 7.55154e+006 -281.02
398022 7.55154e+006 -281.02
398022 7.55154e+006 -281.176
398022 7.55154e+006 -281.176
398022 7.55154e+006 -281.176
398022 7.55154e+006 -281.02
398022 7.55154e+006 -281.02
398022 7.55154e+006 -281.02
398022 7.55154e+006 -281.176
398022 7.55154e+006 -281.176
398022 7.55154e+006 -281.176
398022 7.55154e+006 -281.02
398022 7.55154e+006 -281.02
398022 7.55154e+006 -281.02
398022 7.55154e+006 -281.176
398022 7.55154e+006 -281.176
398022 7.55154e+006 -281.176
398022 7.55154e+006 -281.176
398022 7.55154e+006 -281.176
398022 7.55154e+006 -281.176
398022 7.55154e+006 -281.176
398022 7.55154e+006 -281.176
398022 7.55154e+006 -281.176
398022 7.55154e+006 -281.176
398022 7.55154e+006 -281.176
398022 7.55154e+006 -281.176
398022 7.55154e+006 -281.176
398022 7.55154e+006 -281.176
398022 7.55154e+006 -281.176
398022 7.55154e+006 -281.176
398022 7.55154e+006 -281.176
398022 7.55154e+006 -281.176
398022 7.55154e+006 -281.176
398022 7.55154e+006 -281.176
398022 7.55154e+006 -281.176
398022 7.55154e+006 -281.176
398022 7.55154e+006 -281.176
398022 7.55154e+006 -281.176
398022 7.55154e+006 -281.176
398022 7.55154e+006 -281.176
398022 7.55154e+006 -281.176
398022 7.55154e+006 -281.176
398022 7.55154e+006 -281.176
398022 7.55154e+006 -281.176
398022 7.55154e+006 -281.176
398022 7.55154e+006 -281.176
398022 7.55154e+006 -281.176
398022 7.55154e+006 -281.176
398022 7.55154e+006 -281.176
398022 7.55154e+006 -281.176
398022 7.55154e+006 -281.176
398022 7.55154e+006 -280.984
398022 7.55154e+006 -280.831
398022 7.55154e+006 -280.831
398022 7.55154e+006 -280.831
398022 7.55154e+006 -280.984
398022 7.55154e+006 -280.984
398022 7.55154e+006 -280.984
398022 7.55154e+006 -280.831
398022 7.55154e+006 -280.831
398022 7.55154e+006 -280.831
398022 7.55154e+006 -280.984
398022 7.55154e+006 -280.984
398022 7.55154e+006 -280.984
398022 7.55154e+006 -280.831
398022 7.55154e+006 -280.831
398022 7.55154e+006 -280.831
398022 7.55154e+006 -280.984
398022 7.55154e+006 -280.984
398022 7.55154e+006 -280.984
398022 7.55154e+006 -280.831
398022 7.55154e+006 -280.831
398022 7.55154e+006 -280.831
398022 7.55154e+006 -280.984
398022 7.55154e+006 -280.984
398022 7.55154e+006 -280.984
398022 7.55154e+006 -280.831
398022 7.55154e+006 -280.831
398022 7.55154e+006 -280.831
398022 7.55154e+006 -280.984
398022 7.55154e+006 -280.984
398022 7.55154e+006 -280.984
398022 7.55154e+006 -280.831
398022 7.55154e+006 -280.831
398022 7.55154e+006 -280.831
398022 7.55154e+006 -280.984
398022 7.55154e+006 -280.984
398022 7.55154e+006 -280.805
398022 7.55154e+006 -280.805
398022 7.55154e+006 -280.831
398022 7.55154e+006 -280.831
398022 7.55154e+006 -280.831
398022 7.55154e+006 -280.805
398022 7.55154e+006 -280.805
398022 7.55154e+006 -280.805
398022 7.55154e+006 -280.831
398022 7.55154e+006 -280.831
398022 7.55154e+006 -280.831
398022 7.55154e+006 -280.805
398022 7.55154e+006 -280.805
398022 7.55154e+006 -280.805
398022 7.55154e+006 -280.831
398022 7.55154e+006 -280.831
398022 7.55154e+006 -280.831
398022 7.55154e+006 -280.805
398022 7.55154e+006 -280.805
398022 7.55154e+006 -280.805
398022 7.55154e+006 -280.831
398022 7.55154e+006 -280.831
398022 7.55154e+006 -280.831
398022 7.55154e+006 -280.805
398022 7.55154e+006 -280.805
398022 7.55154e+006 -280.805
398022 7.55154e+006 -280.831
398022 7.55154e+006 -280.831
398022 7.55154e+006 -280.831
398022 7.55154e+006 -280.805
398022 7.55154e+006 -280.805
398022 7.55154e+006 -280.805
398022 7.55154e+006 -280.831
398022 7.55154e+006 -280.831
398022 7.55154e+006 -280.831
398022 7.55154e+006 -280.805
398023 7.55154e+006 -281.607
398024 7.55154e+006 -281.607
398023 7.55154e+006 -281.607
398023 7.55154e+006 -281.607
398023 7.55154e+006 -281.607
398023 7.55154e+006 -281.607
398023 7.55154e+006 -281.607
398023 7.55154e+006 -281.607
398023 7.55154e+006 -281.607
398023 7.55154e+006 -281.607
398023 7.55154e+006 -281.607
398023 7.55154e+006 -281.607
398022 7.55154e+006 -281.607
398022 7.55154e+006 -281.607
398022 7.55154e+006 -281.607
398022 7.55154e+006 -281.607
398022 7.55154e+006 -281.607
398022 7.55154e+006 -281.607
398022 7.55154e+006 -281.607
398022 7.55154e+006 -281.607
398022 7.55154e+006 -281.607
398022 7.55154e+006 -281.607
398022 7.55154e+006 -281.607
398022 7.55154e+006 -281.607
