405461 7.55483e+006 13.0222
405461 7.55483e+006 13.945
405462 7.55483e+006 13.945
405462 7.55483e+006 13.945
405462 7.55483e+006 13.0222
405461 7.55483e+006 13.0222
405449 7.55484e+006 13.0222
405445 7.55484e+006 13.0222
405445 7.55484e+006 13.945
405445 7.55484e+006 13.945
405449 7.55484e+006 13.945
405449 7.55484e+006 13.0222
405445 7.55484e+006 13.0222
405442 7.55484e+006 13.0222
405442 7.55484e+006 13.945
405442 7.55484e+006 13.945
405445 7.55484e+006 13.945
405445 7.55484e+006 13.0222
405442 7.55484e+006 13.0222
405438 7.55484e+006 13.0222
405438 7.55484e+006 13.945
405438 7.55484e+006 13.945
405442 7.55484e+006 13.945
405442 7.55484e+006 13.0222
405438 7.55484e+006 13.0222
405426 7.55485e+006 13.0222
405426 7.55485e+006 13.945
405426 7.55485e+006 13.945
405438 7.55484e+006 13.945
405438 7.55484e+006 13.0222
405426 7.55485e+006 13.0222
405426 7.55485e+006 13.0222
405426 7.55485e+006 13.945
405426 7.55485e+006 13.945
405426 7.55485e+006 13.945
405426 7.55485e+006 13.0222
405426 7.55485e+006 13.0222
405426 7.55485e+006 13.0222
405426 7.55485e+006 13.945
405426 7.55485e+006 13.945
405426 7.55485e+006 13.945
405426 7.55485e+006 13.0222
405426 7.55485e+006 13.945
405426 7.55485e+006 13.0222
405422 7.55485e+006 13.0222
405422 7.55485e+006 13.0222
405422 7.55485e+006 13.945
405426 7.55485e+006 13.945
405419 7.55486e+006 13.0222
405418 7.55486e+006 13.0222
405418 7.55486e+006 13.945
405418 7.55486e+006 13.945
405419 7.55486e+006 13.945
405419 7.55486e+006 13.0222
405418 7.55486e+006 13.0222
405417 7.55485e+006 13.0222
405417 7.55485e+006 13.945
405417 7.55485e+006 13.945
405418 7.55486e+006 13.945
405418 7.55486e+006 13.0222
405417 7.55485e+006 13.0222
405414 7.55486e+006 13.0222
405414 7.55486e+006 13.945
405414 7.55486e+006 13.945
405417 7.55485e+006 13.945
405417 7.55485e+006 13.0222
405414 7.55486e+006 13.945
405414 7.55486e+006 13.0222
405413 7.55485e+006 13.0222
405413 7.55485e+006 13.0222
405413 7.55485e+006 13.945
405414 7.55486e+006 13.945
405408 7.55484e+006 13.0221
405408 7.55484e+006 13.0221
405408 7.55484e+006 13.945
405408 7.55484e+006 13.945
405408 7.55484e+006 13.945
405408 7.55484e+006 13.0221
405408 7.55484e+006 13.0221
405404 7.55485e+006 13.0221
405404 7.55485e+006 13.945
405404 7.55485e+006 13.945
405408 7.55484e+006 13.945
405408 7.55484e+006 13.0221
405404 7.55485e+006 13.0221
405401 7.55484e+006 13.0221
405401 7.55484e+006 13.9449
405401 7.55484e+006 13.9449
405404 7.55485e+006 13.945
405404 7.55485e+006 13.0221
405401 7.55484e+006 13.0221
405405 7.55484e+006 13.0221
405405 7.55484e+006 13.9449
405405 7.55484e+006 13.9449
405401 7.55484e+006 13.9449
405401 7.55484e+006 13.0221
405405 7.55484e+006 13.0221
405405 7.55484e+006 13.0221
405405 7.55484e+006 13.9449
405405 7.55484e+006 13.9449
405405 7.55484e+006 13.9449
405405 7.55484e+006 13.0221
405405 7.55484e+006 13.0221
405392 7.55481e+006 13.0221
405392 7.55481e+006 13.9449
405392 7.55481e+006 13.9449
405405 7.55484e+006 13.9449
405405 7.55484e+006 13.0221
405392 7.55481e+006 13.0221
405390 7.55481e+006 13.0221
405390 7.55481e+006 13.9449
405390 7.55481e+006 13.9449
405392 7.55481e+006 13.9449
405392 7.55481e+006 13.0221
405390 7.55481e+006 13.0221
405387 7.55481e+006 13.0221
405387 7.55481e+006 13.9449
405387 7.55481e+006 13.9449
405390 7.55481e+006 13.9449
405390 7.55481e+006 13.0221
405387 7.55481e+006 13.0221
405383 7.5548e+006 13.0221
405383 7.5548e+006 13.9449
405383 7.5548e+006 13.9449
405387 7.55481e+006 13.9449
405387 7.55481e+006 13.0221
405383 7.5548e+006 13.0221
405379 7.5548e+006 13.0221
405379 7.5548e+006 13.9449
405379 7.5548e+006 13.9449
405383 7.5548e+006 13.9449
405383 7.5548e+006 13.0221
405379 7.5548e+006 13.0221
405379 7.5548e+006 13.0221
405379 7.5548e+006 13.9449
405379 7.5548e+006 13.9449
405379 7.5548e+006 13.9449
405379 7.5548e+006 13.0221
405379 7.5548e+006 13.0221
405383 7.5548e+006 13.0221
405383 7.5548e+006 13.9449
405383 7.5548e+006 13.9449
405379 7.5548e+006 13.9449
405379 7.5548e+006 13.0221
405382 7.5548e+006 13.0221
405382 7.5548e+006 13.9449
405383 7.5548e+006 13.9449
405383 7.5548e+006 13.9449
405383 7.5548e+006 13.0221
405382 7.5548e+006 13.0221
405378 7.55479e+006 13.0221
405376 7.55479e+006 13.0221
405376 7.55479e+006 13.9449
405376 7.55479e+006 13.9449
405378 7.55479e+006 13.9449
405378 7.55479e+006 13.0221
405376 7.55479e+006 13.0221
405375 7.55479e+006 13.022
405375 7.55479e+006 13.9449
405375 7.55479e+006 13.9449
405376 7.55479e+006 13.9449
405376 7.55479e+006 13.0221
405375 7.55479e+006 13.022
405377 7.55479e+006 13.022
405377 7.55479e+006 13.9449
405377 7.55479e+006 13.9449
405375 7.55479e+006 13.9449
405375 7.55479e+006 13.022
405377 7.55479e+006 13.022
405381 7.55479e+006 13.022
405381 7.55479e+006 13.9449
405381 7.55479e+006 13.9449
405377 7.55479e+006 13.9449
405377 7.55479e+006 13.022
405382 7.55479e+006 13.022
405385 7.55478e+006 13.022
405385 7.55478e+006 13.9449
405385 7.55478e+006 13.9449
405382 7.55479e+006 13.9449
405382 7.55479e+006 13.022
405385 7.55478e+006 13.9449
405385 7.55478e+006 13.022
405386 7.55478e+006 13.022
405386 7.55478e+006 13.022
405386 7.55478e+006 13.9449
405385 7.55478e+006 13.9449
405393 7.55478e+006 13.022
405406 7.55477e+006 13.022
405406 7.55477e+006 13.9449
405406 7.55477e+006 13.9449
405393 7.55478e+006 13.9449
405393 7.55478e+006 13.022
405406 7.55477e+006 13.022
405405 7.55477e+006 13.022
405405 7.55477e+006 13.9449
405405 7.55477e+006 13.9449
405406 7.55477e+006 13.9449
405406 7.55477e+006 13.022
405405 7.55477e+006 13.022
405409 7.55477e+006 13.022
405409 7.55477e+006 13.9449
405409 7.55477e+006 13.9449
405405 7.55477e+006 13.9449
405405 7.55477e+006 13.022
405409 7.55477e+006 13.022
405405 7.55476e+006 13.022
405405 7.55476e+006 13.9448
405405 7.55476e+006 13.9448
405409 7.55477e+006 13.9449
405409 7.55477e+006 13.022
405405 7.55476e+006 13.022
405408 7.55476e+006 13.022
405408 7.55476e+006 13.9448
405408 7.55476e+006 13.9448
405405 7.55476e+006 13.9448
405405 7.55476e+006 13.022
405408 7.55476e+006 13.022
405412 7.55477e+006 13.022
405412 7.55477e+006 13.9449
405412 7.55477e+006 13.9449
405408 7.55476e+006 13.9448
405408 7.55476e+006 13.022
405412 7.55477e+006 13.022
405416 7.55477e+006 13.022
405416 7.55477e+006 13.9449
405416 7.55477e+006 13.9449
405412 7.55477e+006 13.9449
405412 7.55477e+006 13.022
405416 7.55477e+006 13.022
405417 7.55477e+006 13.022
405417 7.55477e+006 13.9449
405417 7.55477e+006 13.9449
405416 7.55477e+006 13.9449
405416 7.55477e+006 13.022
405428 7.55476e+006 13.0221
405428 7.55476e+006 13.9449
405417 7.55477e+006 13.9449
405417 7.55477e+006 13.9449
405417 7.55477e+006 13.022
405428 7.55476e+006 13.0221
405429 7.55476e+006 13.0221
405436 7.55476e+006 13.022
405436 7.55476e+006 13.9449
405436 7.55476e+006 13.9449
405429 7.55476e+006 13.9449
405429 7.55476e+006 13.0221
405436 7.55476e+006 13.022
405441 7.55476e+006 13.022
405441 7.55476e+006 13.9449
405441 7.55476e+006 13.9449
405436 7.55476e+006 13.9449
405436 7.55476e+006 13.022
405442 7.55476e+006 13.022
405445 7.55476e+006 13.022
405445 7.55476e+006 13.9449
405445 7.55476e+006 13.9449
405442 7.55476e+006 13.9449
405442 7.55476e+006 13.022
405445 7.55476e+006 13.022
405448 7.55476e+006 13.022
405448 7.55476e+006 13.9449
405448 7.55476e+006 13.9449
405445 7.55476e+006 13.9449
405445 7.55476e+006 13.022
405448 7.55476e+006 13.022
405449 7.55476e+006 13.0221
405449 7.55476e+006 13.9449
405449 7.55476e+006 13.9449
405448 7.55476e+006 13.9449
405448 7.55476e+006 13.022
405449 7.55476e+006 13.0221
405446 7.55476e+006 13.0221
405446 7.55476e+006 13.9449
405446 7.55476e+006 13.9449
405449 7.55476e+006 13.9449
405449 7.55476e+006 13.0221
405446 7.55476e+006 13.9449
405446 7.55476e+006 13.0221
405447 7.55476e+006 13.0221
405447 7.55476e+006 13.0221
405447 7.55476e+006 13.9449
405446 7.55476e+006 13.9449
405451 7.55477e+006 13.0221
405454 7.55477e+006 13.0221
405454 7.55477e+006 13.9449
405454 7.55477e+006 13.9449
405451 7.55477e+006 13.9449
405451 7.55477e+006 13.0221
405454 7.55477e+006 13.0221
405455 7.55477e+006 13.0221
405455 7.55477e+006 13.9449
405455 7.55477e+006 13.9449
405454 7.55477e+006 13.9449
405454 7.55477e+006 13.0221
405455 7.55477e+006 13.0221
405451 7.55477e+006 13.0221
405451 7.55477e+006 13.9449
405451 7.55477e+006 13.9449
405455 7.55477e+006 13.9449
405455 7.55477e+006 13.0221
405451 7.55477e+006 13.0221
405455 7.55478e+006 13.0221
405455 7.55478e+006 13.9449
405455 7.55478e+006 13.9449
405451 7.55477e+006 13.9449
405451 7.55477e+006 13.0221
405455 7.55478e+006 13.0221
405451 7.55478e+006 13.0221
405451 7.55478e+006 13.9449
405451 7.55478e+006 13.9449
405455 7.55478e+006 13.9449
405455 7.55478e+006 13.0221
405451 7.55478e+006 13.0221
405451 7.55478e+006 13.0221
405451 7.55478e+006 13.9449
405451 7.55478e+006 13.9449
405451 7.55478e+006 13.9449
405451 7.55478e+006 13.0221
405451 7.55478e+006 13.0221
405465 7.55481e+006 13.0221
405465 7.55481e+006 13.9449
405465 7.55481e+006 13.9449
405451 7.55478e+006 13.9449
405451 7.55478e+006 13.0221
405465 7.55481e+006 13.0221
405469 7.55481e+006 13.0221
405469 7.55481e+006 13.9449
405469 7.55481e+006 13.9449
405465 7.55481e+006 13.9449
405465 7.55481e+006 13.0221
405469 7.55481e+006 13.0221
405472 7.55481e+006 13.0221
405472 7.55481e+006 13.945
405472 7.55481e+006 13.945
405469 7.55481e+006 13.9449
405469 7.55481e+006 13.0221
405472 7.55481e+006 13.0221
405468 7.55482e+006 13.0221
405468 7.55482e+006 13.945
405468 7.55482e+006 13.945
405472 7.55481e+006 13.945
405472 7.55481e+006 13.0221
405468 7.55482e+006 13.945
405468 7.55482e+006 13.0221
405472 7.55482e+006 13.0222
405472 7.55482e+006 13.0222
405472 7.55482e+006 13.945
405468 7.55482e+006 13.945
405473 7.55483e+006 13.0222
405474 7.55483e+006 13.0222
405474 7.55483e+006 13.945
405474 7.55483e+006 13.945
405473 7.55483e+006 13.945
405473 7.55483e+006 13.0222
405474 7.55483e+006 13.0222
405469 7.55483e+006 13.0222
405469 7.55483e+006 13.945
405469 7.55483e+006 13.945
405474 7.55483e+006 13.945
405474 7.55483e+006 13.0222
405469 7.55483e+006 13.0222
405463 7.55483e+006 13.0222
405463 7.55483e+006 13.945
405463 7.55483e+006 13.945
405469 7.55483e+006 13.945
405469 7.55483e+006 13.0222
405463 7.55483e+006 13.0222
405462 7.55483e+006 13.0222
405462 7.55483e+006 13.945
405462 7.55483e+006 13.945
405463 7.55483e+006 13.945
405463 7.55483e+006 13.0222
405462 7.55483e+006 13.0222
405462 7.55483e+006 13.0222
405462 7.55483e+006 13.945
405462 7.55483e+006 13.945
405462 7.55483e+006 13.945
405462 7.55483e+006 13.0222
405433 7.55482e+006 13.016
405436 7.55483e+006 13.016
405439 7.55483e+006 13.016
405439 7.55483e+006 13.016
405436 7.55482e+006 13.016
405433 7.55482e+006 13.016
405417 7.55483e+006 13.016
405420 7.55484e+006 13.016
405433 7.55483e+006 13.016
405433 7.55483e+006 13.016
405429 7.55483e+006 13.016
405417 7.55483e+006 13.016
405434 7.55478e+006 13.0159
405434 7.55478e+006 13.0159
405435 7.55478e+006 13.0159
405435 7.55478e+006 13.0159
405435 7.55478e+006 13.0159
405434 7.55478e+006 13.0159
405453 7.55481e+006 13.016
405456 7.55482e+006 13.016
405462 7.55482e+006 13.016
405462 7.55482e+006 13.016
405459 7.55481e+006 13.016
405453 7.55481e+006 13.016
405399 7.55479e+006 13.0159
405399 7.55479e+006 13.0159
405398 7.55479e+006 13.0159
405398 7.55479e+006 13.0159
405399 7.55479e+006 13.0159
405399 7.55479e+006 13.0159
405462 7.55483e+006 13.0222
405463 7.55483e+006 13.0222
405469 7.55483e+006 13.0222
405462 7.55483e+006 13.0222
405462 7.55483e+006 13.0222
405469 7.55483e+006 13.0222
405462 7.55483e+006 13.0222
405469 7.55483e+006 13.0222
405468 7.55483e+006 13.016
405459 7.55481e+006 13.016
405462 7.55482e+006 13.016
405468 7.55482e+006 13.0221
405468 7.55482e+006 13.0221
405465 7.55481e+006 13.0221
405459 7.55481e+006 13.016
405469 7.55483e+006 13.0222
405474 7.55483e+006 13.0222
405473 7.55483e+006 13.0222
405473 7.55483e+006 13.0222
405468 7.55483e+006 13.016
405469 7.55483e+006 13.0222
405419 7.55479e+006 13.0159
405420 7.55479e+006 13.0159
405423 7.55479e+006 13.0159
405423 7.55479e+006 13.0159
405422 7.55479e+006 13.0159
405419 7.55479e+006 13.0159
405403 7.5548e+006 13.0159
405403 7.5548e+006 13.0159
405416 7.5548e+006 13.0159
405416 7.5548e+006 13.0159
405415 7.5548e+006 13.0159
405403 7.5548e+006 13.0159
405452 7.55482e+006 13.016
405455 7.55482e+006 13.016
405456 7.55482e+006 13.016
405456 7.55482e+006 13.016
405453 7.55481e+006 13.016
405452 7.55482e+006 13.016
405439 7.55478e+006 13.0159
405439 7.55479e+006 13.0159
405446 7.55478e+006 13.0159
405446 7.55478e+006 13.0159
405445 7.55478e+006 13.0159
405439 7.55478e+006 13.0159
405420 7.55484e+006 13.016
405417 7.55483e+006 13.016
405416 7.55483e+006 13.016
405416 7.55483e+006 13.016
405419 7.55484e+006 13.016
405420 7.55484e+006 13.016
405445 7.55478e+006 13.0159
405446 7.55478e+006 13.0159
405451 7.55478e+006 13.0221
405451 7.55478e+006 13.0221
405451 7.55478e+006 13.0159
405445 7.55478e+006 13.0159
405438 7.55478e+006 13.0159
405438 7.55479e+006 13.0159
405439 7.55479e+006 13.0159
405439 7.55479e+006 13.0159
405439 7.55478e+006 13.0159
405438 7.55478e+006 13.0159
405403 7.5548e+006 13.0159
405402 7.5548e+006 13.0159
405403 7.5548e+006 13.0159
405403 7.5548e+006 13.0159
405403 7.5548e+006 13.0159
405403 7.5548e+006 13.0159
405415 7.55478e+006 13.0159
405416 7.55479e+006 13.0159
405419 7.55478e+006 13.0159
405419 7.55478e+006 13.0159
405418 7.55478e+006 13.0159
405415 7.55478e+006 13.0159
405399 7.55479e+006 13.0159
405399 7.55479e+006 13.0159
405412 7.55479e+006 13.0159
405412 7.55479e+006 13.0159
405411 7.55479e+006 13.0159
405399 7.55479e+006 13.0159
405435 7.55478e+006 13.0159
405435 7.55478e+006 13.0159
405442 7.55477e+006 13.0159
405442 7.55477e+006 13.0159
405441 7.55477e+006 13.0159
405435 7.55478e+006 13.0159
405441 7.55477e+006 13.0159
405442 7.55477e+006 13.0159
405447 7.55477e+006 13.0159
405447 7.55477e+006 13.0159
405446 7.55477e+006 13.0159
405441 7.55477e+006 13.0159
405446 7.55477e+006 13.0159
405447 7.55477e+006 13.0159
405448 7.55477e+006 13.0159
405448 7.55477e+006 13.0159
405447 7.55477e+006 13.0159
405446 7.55477e+006 13.0159
405451 7.55478e+006 13.0221
405451 7.55478e+006 13.0221
405451 7.55478e+006 13.0159
405447 7.55477e+006 13.0159
405448 7.55477e+006 13.0159
405451 7.55477e+006 13.0221
405451 7.55477e+006 13.0221
405451 7.55477e+006 13.0221
405447 7.55477e+006 13.0159
405391 7.55481e+006 13.0159
405390 7.55481e+006 13.0221
405392 7.55481e+006 13.0221
405388 7.5548e+006 13.0159
405387 7.5548e+006 13.0159
405386 7.5548e+006 13.0159
405386 7.5548e+006 13.0159
405387 7.5548e+006 13.0159
405388 7.5548e+006 13.0159
405387 7.5548e+006 13.0159
405386 7.5548e+006 13.0159
405383 7.5548e+006 13.0221
405383 7.5548e+006 13.0221
405383 7.5548e+006 13.0221
405387 7.5548e+006 13.0159
405420 7.55479e+006 13.0159
405433 7.55482e+006 13.016
405436 7.55482e+006 13.016
405436 7.55482e+006 13.016
405423 7.55479e+006 13.0159
405420 7.55479e+006 13.0159
405444 7.55484e+006 13.0171
405439 7.55483e+006 13.016
405436 7.55483e+006 13.016
405436 7.55483e+006 13.016
405441 7.55484e+006 13.0171
405444 7.55484e+006 13.0171
405403 7.5548e+006 13.0159
405417 7.55483e+006 13.016
405429 7.55483e+006 13.016
405429 7.55483e+006 13.016
405416 7.5548e+006 13.0159
405403 7.5548e+006 13.0159
405441 7.55484e+006 13.0171
405436 7.55483e+006 13.016
405433 7.55483e+006 13.016
405433 7.55483e+006 13.016
405437 7.55484e+006 13.0171
405441 7.55484e+006 13.0171
405439 7.55479e+006 13.0159
405453 7.55481e+006 13.016
405459 7.55481e+006 13.016
405459 7.55481e+006 13.016
405446 7.55478e+006 13.0159
405439 7.55479e+006 13.0159
405466 7.55483e+006 13.016
405462 7.55482e+006 13.016
405456 7.55482e+006 13.016
405456 7.55482e+006 13.016
405460 7.55483e+006 13.0171
405466 7.55483e+006 13.016
405446 7.55478e+006 13.0159
405459 7.55481e+006 13.016
405465 7.55481e+006 13.0221
405465 7.55481e+006 13.0221
405451 7.55478e+006 13.0221
405446 7.55478e+006 13.0159
405472 7.55482e+006 13.0222
405468 7.55482e+006 13.0221
405462 7.55482e+006 13.016
405462 7.55482e+006 13.016
405466 7.55483e+006 13.016
405472 7.55482e+006 13.0222
405455 7.55482e+006 13.016
405459 7.55483e+006 13.0171
405460 7.55483e+006 13.0171
405460 7.55483e+006 13.0171
405456 7.55482e+006 13.016
405455 7.55482e+006 13.016
405423 7.55479e+006 13.0159
405436 7.55482e+006 13.016
405440 7.55482e+006 13.016
405440 7.55482e+006 13.016
405427 7.55479e+006 13.0159
405423 7.55479e+006 13.0159
405424 7.55485e+006 13.0171
405420 7.55484e+006 13.016
405419 7.55484e+006 13.016
405419 7.55484e+006 13.016
405423 7.55485e+006 13.0171
405424 7.55485e+006 13.0171
405408 7.55484e+006 13.016
405395 7.55481e+006 13.0159
405392 7.55481e+006 13.0221
405408 7.55484e+006 13.016
405392 7.55481e+006 13.0221
405405 7.55484e+006 13.0221
405406 7.55484e+006 13.016
405408 7.55484e+006 13.016
405405 7.55484e+006 13.0221
405408 7.55484e+006 13.0221
405408 7.55484e+006 13.016
405405 7.55484e+006 13.016
405404 7.55485e+006 13.0221
405408 7.55484e+006 13.0221
405405 7.55484e+006 13.016
405401 7.55484e+006 13.0221
405404 7.55485e+006 13.0221
405405 7.55484e+006 13.016
405405 7.55484e+006 13.0221
405401 7.55484e+006 13.0221
405405 7.55484e+006 13.016
405468 7.55482e+006 13.0221
405472 7.55481e+006 13.0221
405469 7.55481e+006 13.0221
405469 7.55481e+006 13.0221
405465 7.55481e+006 13.0221
405468 7.55482e+006 13.0221
405434 7.55478e+006 13.0159
405438 7.55478e+006 13.0159
405439 7.55478e+006 13.0159
405439 7.55478e+006 13.0159
405435 7.55478e+006 13.0159
405434 7.55478e+006 13.0159
405422 7.55478e+006 13.0159
405421 7.55478e+006 13.0159
405418 7.55478e+006 13.0159
405418 7.55478e+006 13.0159
405418 7.55478e+006 13.0159
405422 7.55478e+006 13.0159
405403 7.5548e+006 13.0159
405399 7.55479e+006 13.0159
405399 7.55479e+006 13.0159
405399 7.55479e+006 13.0159
405402 7.5548e+006 13.0159
405403 7.5548e+006 13.0159
405390 7.5548e+006 13.0159
405389 7.55479e+006 13.0159
405386 7.5548e+006 13.0159
405386 7.5548e+006 13.0159
405387 7.5548e+006 13.0159
405390 7.5548e+006 13.0159
405418 7.55478e+006 13.0159
405418 7.55478e+006 13.0159
405414 7.55478e+006 13.0159
405414 7.55478e+006 13.0159
405415 7.55478e+006 13.0159
405418 7.55478e+006 13.0159
405422 7.55479e+006 13.0159
405419 7.55478e+006 13.0159
405416 7.55479e+006 13.0159
405416 7.55479e+006 13.0159
405419 7.55479e+006 13.0159
405422 7.55479e+006 13.0159
405411 7.55479e+006 13.0159
405411 7.55479e+006 13.0159
405398 7.55479e+006 13.0159
405398 7.55479e+006 13.0159
405399 7.55479e+006 13.0159
405411 7.55479e+006 13.0159
405419 7.55479e+006 13.0159
405416 7.55479e+006 13.0159
405412 7.55479e+006 13.0159
405412 7.55479e+006 13.0159
405415 7.5548e+006 13.0159
405419 7.55479e+006 13.0159
405441 7.55477e+006 13.0159
405440 7.55477e+006 13.0159
405434 7.55477e+006 13.0159
405434 7.55477e+006 13.0159
405435 7.55478e+006 13.0159
405441 7.55477e+006 13.0159
405445 7.55478e+006 13.0159
405442 7.55477e+006 13.0159
405435 7.55478e+006 13.0159
405435 7.55478e+006 13.0159
405439 7.55478e+006 13.0159
405445 7.55478e+006 13.0159
405446 7.55477e+006 13.0159
405446 7.55477e+006 13.0159
405440 7.55477e+006 13.0159
405440 7.55477e+006 13.0159
405441 7.55477e+006 13.0159
405446 7.55477e+006 13.0159
405451 7.55478e+006 13.0159
405447 7.55477e+006 13.0159
405442 7.55477e+006 13.0159
405442 7.55477e+006 13.0159
405445 7.55478e+006 13.0159
405451 7.55478e+006 13.0159
405447 7.55477e+006 13.0159
405447 7.55477e+006 13.0159
405446 7.55477e+006 13.0159
405446 7.55477e+006 13.0159
405446 7.55477e+006 13.0159
405447 7.55477e+006 13.0159
405451 7.55478e+006 13.0221
405448 7.55477e+006 13.0159
405447 7.55477e+006 13.0159
405447 7.55477e+006 13.0159
405451 7.55478e+006 13.0159
405451 7.55478e+006 13.0221
405451 7.55477e+006 13.0221
405450 7.55477e+006 13.0221
405447 7.55477e+006 13.0159
405447 7.55477e+006 13.0159
405447 7.55477e+006 13.0159
405451 7.55477e+006 13.0221
405455 7.55478e+006 13.0221
405451 7.55477e+006 13.0221
405448 7.55477e+006 13.0159
405448 7.55477e+006 13.0159
405451 7.55478e+006 13.0221
405455 7.55478e+006 13.0221
405391 7.55481e+006 13.0159
405388 7.5548e+006 13.0159
405387 7.5548e+006 13.0159
405387 7.5548e+006 13.0159
405390 7.55481e+006 13.0221
405391 7.55481e+006 13.0159
405387 7.5548e+006 13.0159
405386 7.5548e+006 13.0159
405386 7.5548e+006 13.0159
405386 7.5548e+006 13.0159
405386 7.5548e+006 13.0159
405387 7.5548e+006 13.0159
405390 7.55481e+006 13.0221
405387 7.5548e+006 13.0159
405383 7.5548e+006 13.0221
405383 7.5548e+006 13.0221
405387 7.55481e+006 13.0221
405390 7.55481e+006 13.0221
405386 7.5548e+006 13.0159
405386 7.5548e+006 13.0159
405382 7.5548e+006 13.0221
405382 7.5548e+006 13.0221
405383 7.5548e+006 13.0221
405386 7.5548e+006 13.0159
405451 7.55477e+006 13.0221
405455 7.55477e+006 13.0221
405454 7.55477e+006 13.0221
405454 7.55477e+006 13.0221
405451 7.55477e+006 13.0221
405451 7.55477e+006 13.0221
405383 7.5548e+006 13.0221
405379 7.5548e+006 13.0221
405379 7.5548e+006 13.0221
405379 7.5548e+006 13.0221
405383 7.5548e+006 13.0221
405383 7.5548e+006 13.0221
405413 7.55477e+006 13.0159
405414 7.55477e+006 13.0159
405418 7.55477e+006 13.0159
405418 7.55477e+006 13.0159
405417 7.55477e+006 13.022
405413 7.55477e+006 13.0159
405382 7.55479e+006 13.022
405383 7.55479e+006 13.0159
405386 7.55479e+006 13.0159
405386 7.55479e+006 13.0159
405385 7.55478e+006 13.022
405382 7.55479e+006 13.022
405410 7.55477e+006 13.0159
405411 7.55478e+006 13.0159
405414 7.55477e+006 13.0159
405414 7.55477e+006 13.0159
405413 7.55477e+006 13.0159
405410 7.55477e+006 13.0159
405393 7.55478e+006 13.022
405394 7.55478e+006 13.0159
405407 7.55478e+006 13.0159
405407 7.55478e+006 13.0159
405406 7.55477e+006 13.022
405393 7.55478e+006 13.022
405429 7.55476e+006 13.0221
405430 7.55477e+006 13.0159
405437 7.55476e+006 13.0159
405437 7.55476e+006 13.0159
405436 7.55476e+006 13.022
405429 7.55476e+006 13.0221
405436 7.55476e+006 13.022
405437 7.55476e+006 13.0159
405442 7.55476e+006 13.0159
405442 7.55476e+006 13.0159
405441 7.55476e+006 13.022
405436 7.55476e+006 13.022
405441 7.55476e+006 13.022
405442 7.55476e+006 13.0159
405443 7.55476e+006 13.0159
405443 7.55476e+006 13.0159
405442 7.55476e+006 13.022
405441 7.55476e+006 13.022
405442 7.55476e+006 13.022
405443 7.55476e+006 13.0159
405446 7.55476e+006 13.0221
405446 7.55476e+006 13.0221
405445 7.55476e+006 13.022
405442 7.55476e+006 13.022
405381 7.55479e+006 13.022
405382 7.55479e+006 13.0159
405383 7.55479e+006 13.0159
405383 7.55479e+006 13.0159
405382 7.55479e+006 13.022
405381 7.55479e+006 13.022
405377 7.55479e+006 13.022
405378 7.55479e+006 13.0221
405382 7.55479e+006 13.0159
405382 7.55479e+006 13.0159
405381 7.55479e+006 13.022
405377 7.55479e+006 13.022
405446 7.55476e+006 13.0221
405449 7.55476e+006 13.0221
405448 7.55476e+006 13.022
405448 7.55476e+006 13.022
405445 7.55476e+006 13.022
405446 7.55476e+006 13.0221
405377 7.55479e+006 13.022
405375 7.55479e+006 13.022
405376 7.55479e+006 13.0221
405376 7.55479e+006 13.0221
405378 7.55479e+006 13.0221
405377 7.55479e+006 13.022
405433 7.55482e+006 13.016
405429 7.55483e+006 13.016
405433 7.55483e+006 13.016
405433 7.55483e+006 13.016
405436 7.55483e+006 13.016
405433 7.55482e+006 13.016
405419 7.55478e+006 13.0159
405423 7.55478e+006 13.0159
405422 7.55478e+006 13.0159
405422 7.55478e+006 13.0159
405418 7.55478e+006 13.0159
405419 7.55478e+006 13.0159
405419 7.55479e+006 13.0159
405415 7.5548e+006 13.0159
405416 7.5548e+006 13.0159
405416 7.5548e+006 13.0159
405420 7.55479e+006 13.0159
405419 7.55479e+006 13.0159
405439 7.55483e+006 13.016
405443 7.55483e+006 13.016
405440 7.55482e+006 13.016
405440 7.55482e+006 13.016
405436 7.55482e+006 13.016
405439 7.55483e+006 13.016
405423 7.55479e+006 13.0159
405427 7.55479e+006 13.0159
405426 7.55479e+006 13.0159
405426 7.55479e+006 13.0159
405422 7.55479e+006 13.0159
405423 7.55479e+006 13.0159
405415 7.55478e+006 13.0159
405411 7.55479e+006 13.0159
405412 7.55479e+006 13.0159
405412 7.55479e+006 13.0159
405416 7.55479e+006 13.0159
405415 7.55478e+006 13.0159
405420 7.55479e+006 13.0159
405416 7.5548e+006 13.0159
405429 7.55483e+006 13.016
405429 7.55483e+006 13.016
405433 7.55482e+006 13.016
405420 7.55479e+006 13.0159
405426 7.55485e+006 13.0222
405438 7.55484e+006 13.0222
405437 7.55484e+006 13.0171
405437 7.55484e+006 13.0171
405424 7.55485e+006 13.0171
405426 7.55485e+006 13.0222
405445 7.55484e+006 13.0222
405449 7.55484e+006 13.0222
405447 7.55484e+006 13.0171
405447 7.55484e+006 13.0171
405444 7.55484e+006 13.0171
405445 7.55484e+006 13.0222
405440 7.55482e+006 13.016
405452 7.55482e+006 13.016
405438 7.55479e+006 13.0159
405438 7.55479e+006 13.0159
405427 7.55479e+006 13.0159
405440 7.55482e+006 13.016
405422 7.55479e+006 13.0159
405426 7.55479e+006 13.0159
405423 7.55478e+006 13.0159
405423 7.55478e+006 13.0159
405419 7.55478e+006 13.0159
405422 7.55479e+006 13.0159
405418 7.55477e+006 13.0159
405430 7.55477e+006 13.0159
405429 7.55477e+006 13.0159
405429 7.55477e+006 13.0159
405418 7.55477e+006 13.0159
405418 7.55477e+006 13.0159
405411 7.55478e+006 13.0159
405407 7.55478e+006 13.0159
405407 7.55478e+006 13.0159
405407 7.55478e+006 13.0159
405411 7.55478e+006 13.0159
405411 7.55478e+006 13.0159
405403 7.5548e+006 13.0159
405415 7.5548e+006 13.0159
405412 7.55479e+006 13.0159
405412 7.55479e+006 13.0159
405399 7.55479e+006 13.0159
405403 7.5548e+006 13.0159
405418 7.55477e+006 13.0159
405429 7.55477e+006 13.0159
405428 7.55476e+006 13.0221
405428 7.55476e+006 13.0221
405417 7.55477e+006 13.022
405418 7.55477e+006 13.0159
405410 7.55477e+006 13.0159
405406 7.55477e+006 13.022
405407 7.55478e+006 13.0159
405407 7.55478e+006 13.0159
405411 7.55478e+006 13.0159
405410 7.55477e+006 13.0159
405413 7.55477e+006 13.0159
405412 7.55477e+006 13.022
405409 7.55477e+006 13.022
405409 7.55477e+006 13.022
405410 7.55477e+006 13.0159
405413 7.55477e+006 13.0159
405417 7.55477e+006 13.022
405416 7.55477e+006 13.022
405412 7.55477e+006 13.022
405412 7.55477e+006 13.022
405413 7.55477e+006 13.0159
405417 7.55477e+006 13.022
405410 7.55477e+006 13.0159
405409 7.55477e+006 13.022
405405 7.55477e+006 13.022
405405 7.55477e+006 13.022
405406 7.55477e+006 13.022
405410 7.55477e+006 13.0159
405412 7.55477e+006 13.022
405408 7.55476e+006 13.022
405405 7.55476e+006 13.022
405405 7.55476e+006 13.022
405409 7.55477e+006 13.022
405412 7.55477e+006 13.022
405388 7.5548e+006 13.0159
405391 7.5548e+006 13.0159
405390 7.5548e+006 13.0159
405390 7.5548e+006 13.0159
405387 7.5548e+006 13.0159
405388 7.5548e+006 13.0159
405406 7.55484e+006 13.016
405405 7.55484e+006 13.016
405408 7.55484e+006 13.016
405408 7.55484e+006 13.016
405406 7.55484e+006 13.016
405408 7.55484e+006 13.016
405411 7.55484e+006 13.016
405408 7.55484e+006 13.016
405408 7.55484e+006 13.016
405411 7.55484e+006 13.016
405408 7.55484e+006 13.016
405409 7.55484e+006 13.016
405392 7.55481e+006 13.0221
405395 7.55481e+006 13.0159
405394 7.55481e+006 13.0159
405394 7.55481e+006 13.0159
405391 7.55481e+006 13.0159
405392 7.55481e+006 13.0221
405417 7.55485e+006 13.0222
405416 7.55485e+006 13.0171
405413 7.55485e+006 13.0222
405413 7.55485e+006 13.0222
405414 7.55486e+006 13.0222
405417 7.55485e+006 13.0222
405395 7.55481e+006 13.0159
405395 7.55481e+006 13.0159
405408 7.55484e+006 13.016
405408 7.55484e+006 13.016
405409 7.55483e+006 13.016
405395 7.55481e+006 13.0159
405391 7.55481e+006 13.0159
405394 7.55481e+006 13.0159
405391 7.5548e+006 13.0159
405391 7.5548e+006 13.0159
405388 7.5548e+006 13.0159
405391 7.55481e+006 13.0159
405387 7.55479e+006 13.0159
405386 7.55479e+006 13.0159
405386 7.55479e+006 13.0159
405386 7.55479e+006 13.0159
405387 7.55479e+006 13.0159
405387 7.55479e+006 13.0159
405385 7.55478e+006 13.022
405386 7.55479e+006 13.0159
405387 7.55479e+006 13.0159
405387 7.55479e+006 13.0159
405386 7.55478e+006 13.022
405385 7.55478e+006 13.022
405418 7.55485e+006 13.0222
405417 7.55485e+006 13.0222
405418 7.55486e+006 13.0222
405418 7.55486e+006 13.0222
405419 7.55486e+006 13.0222
405418 7.55485e+006 13.0222
405408 7.55484e+006 13.0221
405408 7.55484e+006 13.0221
405409 7.55484e+006 13.016
405409 7.55484e+006 13.016
405408 7.55484e+006 13.016
405408 7.55484e+006 13.0221
405405 7.55484e+006 13.0221
405405 7.55484e+006 13.0221
405405 7.55484e+006 13.016
405405 7.55484e+006 13.016
405406 7.55484e+006 13.016
405405 7.55484e+006 13.0221
405381 7.55479e+006 13.022
405382 7.55479e+006 13.022
405382 7.55479e+006 13.9449
405382 7.55479e+006 13.9449
405381 7.55479e+006 13.9449
405381 7.55479e+006 13.022
405441 7.55476e+006 13.022
405442 7.55476e+006 13.022
405442 7.55476e+006 13.9449
405442 7.55476e+006 13.9449
405441 7.55476e+006 13.9449
405441 7.55476e+006 13.022
405419 7.55486e+006 13.945
405422 7.55485e+006 13.945
405422 7.55485e+006 13.0222
405422 7.55485e+006 13.0222
405419 7.55486e+006 13.0222
405419 7.55486e+006 13.945
405393 7.55478e+006 13.9449
405389 7.55478e+006 13.9449
405389 7.55478e+006 13.0221
405389 7.55478e+006 13.0221
405393 7.55478e+006 13.022
405393 7.55478e+006 13.9449
405392 7.5548e+006 13.0159
405395 7.5548e+006 13.0159
405394 7.55479e+006 13.0159
405394 7.55479e+006 13.0159
405391 7.5548e+006 13.0159
405392 7.5548e+006 13.0159
405412 7.55484e+006 13.016
405415 7.55484e+006 13.016
405412 7.55483e+006 13.016
405412 7.55483e+006 13.016
405409 7.55483e+006 13.016
405412 7.55484e+006 13.016
405395 7.55481e+006 13.0159
405399 7.5548e+006 13.0159
405398 7.5548e+006 13.0159
405398 7.5548e+006 13.0159
405395 7.5548e+006 13.0159
405395 7.55481e+006 13.0159
405418 7.55485e+006 13.0222
405421 7.55485e+006 13.0222
405420 7.55485e+006 13.0171
405420 7.55485e+006 13.0171
405416 7.55485e+006 13.0171
405418 7.55485e+006 13.0222
405395 7.5548e+006 13.0159
405398 7.5548e+006 13.0159
405395 7.5548e+006 13.0159
405395 7.5548e+006 13.0159
405392 7.5548e+006 13.0159
405395 7.5548e+006 13.0159
405403 7.5548e+006 13.0159
405399 7.5548e+006 13.0159
405412 7.55483e+006 13.016
405412 7.55483e+006 13.016
405416 7.55483e+006 13.016
405403 7.5548e+006 13.0159
405394 7.55478e+006 13.0159
405390 7.55479e+006 13.0159
405390 7.55479e+006 13.0159
405390 7.55479e+006 13.0159
405394 7.55478e+006 13.0159
405394 7.55478e+006 13.0159
405393 7.55478e+006 13.022
405389 7.55478e+006 13.0221
405390 7.55479e+006 13.0159
405390 7.55479e+006 13.0159
405394 7.55478e+006 13.0159
405393 7.55478e+006 13.022
405425 7.55485e+006 13.0222
405421 7.55485e+006 13.0222
405422 7.55485e+006 13.0222
405422 7.55485e+006 13.0222
405426 7.55485e+006 13.0222
405425 7.55485e+006 13.0222
405395 7.5548e+006 13.0159
405399 7.55479e+006 13.0159
405398 7.55479e+006 13.0159
405398 7.55479e+006 13.0159
405394 7.55479e+006 13.0159
405395 7.5548e+006 13.0159
405415 7.55484e+006 13.016
405419 7.55484e+006 13.016
405416 7.55483e+006 13.016
405416 7.55483e+006 13.016
405412 7.55483e+006 13.016
405415 7.55484e+006 13.016
405399 7.5548e+006 13.0159
405403 7.5548e+006 13.0159
405402 7.5548e+006 13.0159
405402 7.5548e+006 13.0159
405398 7.5548e+006 13.0159
405399 7.5548e+006 13.0159
405421 7.55485e+006 13.0222
405425 7.55485e+006 13.0222
405423 7.55485e+006 13.0171
405423 7.55485e+006 13.0171
405420 7.55485e+006 13.0171
405421 7.55485e+006 13.0222
405398 7.5548e+006 13.0159
405402 7.5548e+006 13.0159
405399 7.55479e+006 13.0159
405399 7.55479e+006 13.0159
405395 7.5548e+006 13.0159
405398 7.5548e+006 13.0159
405393 7.55478e+006 13.9449
405393 7.55478e+006 13.9449
405393 7.55478e+006 13.022
405393 7.55478e+006 13.022
405393 7.55478e+006 13.022
405393 7.55478e+006 13.9449
405403 7.5548e+006 13.0159
405403 7.5548e+006 13.0159
405416 7.55483e+006 13.016
405416 7.55483e+006 13.016
405417 7.55483e+006 13.016
405403 7.5548e+006 13.0159
405394 7.55478e+006 13.0159
405394 7.55478e+006 13.0159
405394 7.55478e+006 13.0159
405394 7.55478e+006 13.0159
405395 7.55478e+006 13.0159
405394 7.55478e+006 13.0159
405393 7.55478e+006 13.022
405393 7.55478e+006 13.022
405394 7.55478e+006 13.0159
405394 7.55478e+006 13.0159
405394 7.55478e+006 13.0159
405393 7.55478e+006 13.022
405425 7.55485e+006 13.0222
405426 7.55485e+006 13.0222
405426 7.55485e+006 13.0222
405426 7.55485e+006 13.0222
405426 7.55485e+006 13.0222
405425 7.55485e+006 13.0222
405389 7.55478e+006 13.9449
405386 7.55478e+006 13.9449
405386 7.55478e+006 13.022
405386 7.55478e+006 13.022
405389 7.55478e+006 13.0221
405389 7.55478e+006 13.9449
405399 7.5548e+006 13.0159
405395 7.55481e+006 13.0159
405409 7.55483e+006 13.016
405409 7.55483e+006 13.016
405412 7.55483e+006 13.016
405399 7.5548e+006 13.0159
405390 7.55479e+006 13.0159
405387 7.55479e+006 13.0159
405387 7.55479e+006 13.0159
405387 7.55479e+006 13.0159
405390 7.55479e+006 13.0159
405390 7.55479e+006 13.0159
405386 7.55478e+006 13.022
405387 7.55479e+006 13.0159
405390 7.55479e+006 13.0159
405390 7.55479e+006 13.0159
405389 7.55478e+006 13.0221
405386 7.55478e+006 13.022
405391 7.5548e+006 13.0159
405392 7.5548e+006 13.0159
405391 7.5548e+006 13.0159
405391 7.5548e+006 13.0159
405390 7.5548e+006 13.0159
405391 7.5548e+006 13.0159
405411 7.55484e+006 13.016
405412 7.55484e+006 13.016
405409 7.55483e+006 13.016
405409 7.55483e+006 13.016
405408 7.55484e+006 13.016
405411 7.55484e+006 13.016
405395 7.55481e+006 13.0159
405395 7.55481e+006 13.0159
405395 7.5548e+006 13.0159
405395 7.5548e+006 13.0159
405394 7.55481e+006 13.0159
405395 7.55481e+006 13.0159
405417 7.55485e+006 13.0222
405418 7.55485e+006 13.0222
405416 7.55485e+006 13.0171
405416 7.55485e+006 13.0171
405416 7.55485e+006 13.0171
405417 7.55485e+006 13.0222
405394 7.55481e+006 13.0159
405395 7.5548e+006 13.0159
405392 7.5548e+006 13.0159
405392 7.5548e+006 13.0159
405391 7.5548e+006 13.0159
405394 7.55481e+006 13.0159
405418 7.55485e+006 13.0222
405419 7.55486e+006 13.0222
405422 7.55485e+006 13.0222
405422 7.55485e+006 13.0222
405421 7.55485e+006 13.0222
405418 7.55485e+006 13.0222
405408 7.55484e+006 13.945
405413 7.55485e+006 13.945
405413 7.55485e+006 13.0222
405413 7.55485e+006 13.0222
405408 7.55484e+006 13.0221
405408 7.55484e+006 13.945
405473 7.55483e+006 13.945
405472 7.55482e+006 13.945
405472 7.55482e+006 13.0222
405472 7.55482e+006 13.0222
405473 7.55483e+006 13.0222
405473 7.55483e+006 13.945
405445 7.55484e+006 13.0222
405444 7.55484e+006 13.0171
405441 7.55484e+006 13.0171
405441 7.55484e+006 13.0171
405442 7.55484e+006 13.0222
405445 7.55484e+006 13.0222
405442 7.55484e+006 13.0222
405441 7.55484e+006 13.0171
405437 7.55484e+006 13.0171
405437 7.55484e+006 13.0171
405438 7.55484e+006 13.0222
405442 7.55484e+006 13.0222
405468 7.55483e+006 13.016
405466 7.55483e+006 13.016
405460 7.55483e+006 13.0171
405460 7.55483e+006 13.0171
405462 7.55483e+006 13.0222
405468 7.55483e+006 13.016
405473 7.55483e+006 13.0222
405472 7.55482e+006 13.0222
405466 7.55483e+006 13.016
405466 7.55483e+006 13.016
405468 7.55483e+006 13.016
405473 7.55483e+006 13.0222
405459 7.55483e+006 13.0171
405461 7.55483e+006 13.0222
405462 7.55483e+006 13.0222
405462 7.55483e+006 13.0222
405460 7.55483e+006 13.0171
405459 7.55483e+006 13.0171
405426 7.55485e+006 13.0222
405424 7.55485e+006 13.0171
405423 7.55485e+006 13.0171
405423 7.55485e+006 13.0171
405425 7.55485e+006 13.0222
405426 7.55485e+006 13.0222
405420 7.55484e+006 13.016
405424 7.55485e+006 13.0171
405437 7.55484e+006 13.0171
405437 7.55484e+006 13.0171
405433 7.55483e+006 13.016
405420 7.55484e+006 13.016
405439 7.55483e+006 13.016
405444 7.55484e+006 13.0171
405447 7.55484e+006 13.0171
405447 7.55484e+006 13.0171
405443 7.55483e+006 13.016
405439 7.55483e+006 13.016
405411 7.55484e+006 13.016
405409 7.55484e+006 13.016
405408 7.55484e+006 13.0221
405416 7.55485e+006 13.0171
405411 7.55484e+006 13.016
405408 7.55484e+006 13.0221
405413 7.55485e+006 13.0222
405416 7.55485e+006 13.0171
405408 7.55484e+006 13.0221
405412 7.55484e+006 13.016
405416 7.55485e+006 13.0171
405420 7.55485e+006 13.0171
405420 7.55485e+006 13.0171
405415 7.55484e+006 13.016
405412 7.55484e+006 13.016
405415 7.55484e+006 13.016
405420 7.55485e+006 13.0171
405423 7.55485e+006 13.0171
405423 7.55485e+006 13.0171
405419 7.55484e+006 13.016
405415 7.55484e+006 13.016
405411 7.55484e+006 13.016
405416 7.55485e+006 13.0171
405416 7.55485e+006 13.0171
405416 7.55485e+006 13.0171
405412 7.55484e+006 13.016
405411 7.55484e+006 13.016
405409 7.55477e+006 19.9251
405409 7.55477e+006 19.0353
405413 7.55477e+006 19.0353
405413 7.55477e+006 19.0353
405413 7.55477e+006 19.9251
405409 7.55477e+006 19.9251
405393 7.55478e+006 19.9251
405389 7.55478e+006 19.9251
405389 7.55478e+006 19.0353
405389 7.55478e+006 19.0353
405393 7.55478e+006 19.0353
405393 7.55478e+006 19.9251
405394 7.55478e+006 19.9251
405393 7.55478e+006 19.9251
405393 7.55478e+006 19.0353
405393 7.55478e+006 19.0353
405394 7.55478e+006 19.0353
405394 7.55478e+006 19.9251
405389 7.55478e+006 19.9251
405388 7.55478e+006 19.9251
405388 7.55478e+006 19.0353
405388 7.55478e+006 19.0353
405389 7.55478e+006 19.0353
405389 7.55478e+006 19.9251
405388 7.55478e+006 19.9251
405389 7.55478e+006 19.9251
405389 7.55478e+006 19.0355
405389 7.55478e+006 19.0355
405388 7.55478e+006 19.0353
405388 7.55478e+006 19.9251
405437 7.55476e+006 19.9251
405436 7.55476e+006 19.9251
405436 7.55476e+006 19.0353
405436 7.55476e+006 19.0353
405437 7.55476e+006 19.0353
405437 7.55476e+006 19.9251
405438 7.55476e+006 19.9251
405437 7.55476e+006 19.9251
405437 7.55476e+006 19.0353
405437 7.55476e+006 19.0353
405438 7.55476e+006 19.0353
405438 7.55476e+006 19.9251
405448 7.55477e+006 19.9251
405447 7.55477e+006 19.9251
405447 7.55477e+006 19.0353
405447 7.55477e+006 19.0353
405448 7.55477e+006 19.0353
405448 7.55477e+006 19.9251
405460 7.5548e+006 19.9251
405452 7.55478e+006 19.9251
405452 7.55478e+006 19.0353
405452 7.55478e+006 19.0353
405460 7.5548e+006 19.0354
405460 7.5548e+006 19.9251
405469 7.55482e+006 19.9251
405460 7.5548e+006 19.9251
405460 7.5548e+006 19.0354
405460 7.5548e+006 19.0354
405469 7.55482e+006 19.0354
405469 7.55482e+006 19.9251
405467 7.55483e+006 19.9252
405469 7.55482e+006 19.9251
405469 7.55482e+006 19.0354
405469 7.55482e+006 19.0354
405467 7.55483e+006 19.0354
405467 7.55483e+006 19.9252
405446 7.55477e+006 19.9251
405446 7.55477e+006 19.0353
405447 7.55477e+006 19.0353
405447 7.55477e+006 19.0353
405447 7.55477e+006 19.9251
405446 7.55477e+006 19.9251
405439 7.55476e+006 19.9251
405438 7.55476e+006 19.9251
405438 7.55476e+006 19.0353
405438 7.55476e+006 19.0353
405439 7.55476e+006 19.0353
405439 7.55476e+006 19.9251
405387 7.5548e+006 19.8986
405387 7.5548e+006 19.9251
405387 7.5548e+006 19.0353
405387 7.5548e+006 19.0353
405387 7.5548e+006 19.0091
405387 7.5548e+006 19.8986
405391 7.55481e+006 19.9251
405399 7.55483e+006 19.9251
405399 7.55483e+006 19.0354
405399 7.55483e+006 19.0354
405391 7.55481e+006 19.0353
405391 7.55481e+006 19.9251
405389 7.55478e+006 19.9251
405389 7.55479e+006 19.8986
405389 7.55479e+006 19.0088
405389 7.55479e+006 19.0088
405389 7.55478e+006 19.0355
405389 7.55478e+006 19.9251
405388 7.5548e+006 19.8986
405388 7.5548e+006 19.009
405389 7.55479e+006 19.0088
405389 7.55479e+006 19.0088
405389 7.55479e+006 19.8986
405388 7.5548e+006 19.8986
405387 7.5548e+006 19.9251
405387 7.5548e+006 19.9251
405387 7.5548e+006 19.0353
405387 7.5548e+006 19.0353
405387 7.5548e+006 19.0353
405387 7.5548e+006 19.9251
405389 7.55481e+006 19.9251
405391 7.55481e+006 19.9251
405391 7.55481e+006 19.0353
405391 7.55481e+006 19.0353
405389 7.55481e+006 19.0353
405389 7.55481e+006 19.9251
405387 7.5548e+006 19.9251
405384 7.5548e+006 19.9251
405384 7.5548e+006 19.0353
405384 7.5548e+006 19.0353
405387 7.5548e+006 19.0353
405387 7.5548e+006 19.9251
405387 7.55481e+006 19.9251
405389 7.55481e+006 19.9251
405389 7.55481e+006 19.0353
405389 7.55481e+006 19.0353
405387 7.55481e+006 19.0353
405387 7.55481e+006 19.9251
405384 7.5548e+006 19.9251
405387 7.55481e+006 19.9251
405387 7.55481e+006 19.0353
405387 7.55481e+006 19.0353
405384 7.5548e+006 19.0353
405384 7.5548e+006 19.9251
405399 7.55483e+006 19.9251
405399 7.55483e+006 19.9251
405399 7.55483e+006 19.0354
405399 7.55483e+006 19.0354
405399 7.55483e+006 19.0354
405399 7.55483e+006 19.9251
405407 7.55484e+006 19.9251
405408 7.55484e+006 19.9251
405408 7.55484e+006 19.0354
405408 7.55484e+006 19.0354
405407 7.55484e+006 19.0354
405407 7.55484e+006 19.9251
405399 7.55483e+006 19.9251
405397 7.55483e+006 19.9251
405397 7.55483e+006 19.0354
405397 7.55483e+006 19.0354
405399 7.55483e+006 19.0354
405399 7.55483e+006 19.9251
405405 7.55484e+006 19.9251
405407 7.55484e+006 19.9251
405407 7.55484e+006 19.0354
405407 7.55484e+006 19.0354
405405 7.55484e+006 19.0354
405405 7.55484e+006 19.9251
405397 7.55483e+006 19.9251
405405 7.55484e+006 19.9251
405405 7.55484e+006 19.0354
405405 7.55484e+006 19.0354
405397 7.55483e+006 19.0354
405397 7.55483e+006 19.9251
405466 7.55483e+006 19.9252
405467 7.55483e+006 19.9252
405467 7.55483e+006 19.0354
405467 7.55483e+006 19.0354
405466 7.55483e+006 19.0354
405466 7.55483e+006 19.9252
405467 7.55483e+006 19.9252
405466 7.55483e+006 19.9252
405466 7.55483e+006 19.0354
405466 7.55483e+006 19.0354
405467 7.55483e+006 19.0354
405467 7.55483e+006 19.9252
405421 7.55485e+006 19.9252
405421 7.55485e+006 19.9252
405421 7.55485e+006 19.0354
405421 7.55485e+006 19.0354
405421 7.55485e+006 19.0354
405421 7.55485e+006 19.9252
405445 7.55484e+006 19.9252
405445 7.55484e+006 19.0354
405441 7.55484e+006 19.0354
405441 7.55484e+006 19.0354
405441 7.55484e+006 19.9252
405445 7.55484e+006 19.9252
405425 7.55485e+006 19.9252
405427 7.55485e+006 19.9252
405427 7.55485e+006 19.0354
405427 7.55485e+006 19.0354
405425 7.55485e+006 19.0354
405425 7.55485e+006 19.9252
405421 7.55485e+006 19.9252
405425 7.55485e+006 19.9252
405425 7.55485e+006 19.0354
405425 7.55485e+006 19.0354
405421 7.55485e+006 19.0354
405421 7.55485e+006 19.9252
405408 7.55484e+006 19.9251
405418 7.55485e+006 19.9252
405418 7.55485e+006 19.0354
405418 7.55485e+006 19.0354
405408 7.55484e+006 19.0354
405408 7.55484e+006 19.9251
405418 7.55485e+006 19.9252
405421 7.55485e+006 19.9252
405421 7.55485e+006 19.0354
405421 7.55485e+006 19.0354
405418 7.55485e+006 19.0354
405418 7.55485e+006 19.9252
405449 7.55477e+006 19.9251
405448 7.55477e+006 19.9251
405448 7.55477e+006 19.0353
405448 7.55477e+006 19.0353
405449 7.55477e+006 19.0353
405449 7.55477e+006 19.9251
405452 7.55478e+006 19.9251
405452 7.55478e+006 19.9251
405452 7.55478e+006 19.0353
405452 7.55478e+006 19.0353
405452 7.55478e+006 19.0353
405452 7.55478e+006 19.9251
405452 7.55477e+006 19.9251
405449 7.55477e+006 19.9251
405449 7.55477e+006 19.0353
405449 7.55477e+006 19.0353
405452 7.55477e+006 19.0353
405452 7.55477e+006 19.9251
405452 7.55478e+006 19.9251
405455 7.55478e+006 19.9251
405455 7.55478e+006 19.0353
405455 7.55478e+006 19.0353
405452 7.55478e+006 19.0353
405452 7.55478e+006 19.9251
405455 7.55478e+006 19.9251
405452 7.55477e+006 19.9251
405452 7.55477e+006 19.0353
405452 7.55477e+006 19.0353
405455 7.55478e+006 19.0353
405455 7.55478e+006 19.9251
405409 7.55477e+006 19.0353
405410 7.55478e+006 19.0353
405414 7.55477e+006 19.0353
405414 7.55477e+006 19.0353
405413 7.55477e+006 19.0353
405409 7.55477e+006 19.0353
405393 7.55478e+006 19.0345
405393 7.55478e+006 19.0353
405389 7.55478e+006 19.0353
405389 7.55478e+006 19.0353
405390 7.55478e+006 19.0088
405393 7.55478e+006 19.0345
405395 7.55478e+006 19.0353
405394 7.55478e+006 19.0353
405393 7.55478e+006 19.0353
405393 7.55478e+006 19.0353
405393 7.55478e+006 19.0345
405395 7.55478e+006 19.0353
405389 7.55478e+006 19.0353
405388 7.55478e+006 19.0353
405389 7.55478e+006 19.0355
405389 7.55478e+006 19.0355
405390 7.55478e+006 19.0088
405389 7.55478e+006 19.0353
405437 7.55476e+006 19.0353
405438 7.55476e+006 19.0353
405437 7.55476e+006 19.0353
405437 7.55476e+006 19.0353
405436 7.55476e+006 19.0353
405437 7.55476e+006 19.0353
405442 7.55477e+006 19.0346
405448 7.55477e+006 19.0353
405447 7.55477e+006 19.0353
405447 7.55477e+006 19.0353
405441 7.55477e+006 19.0346
405442 7.55477e+006 19.0346
405446 7.55478e+006 19.0346
405452 7.55478e+006 19.0353
405448 7.55477e+006 19.0353
405448 7.55477e+006 19.0353
405442 7.55477e+006 19.0346
405446 7.55478e+006 19.0346
405454 7.5548e+006 19.0346
405460 7.5548e+006 19.0354
405452 7.55478e+006 19.0353
405452 7.55478e+006 19.0353
405446 7.55478e+006 19.0346
405454 7.5548e+006 19.0346
405463 7.55482e+006 19.0346
405469 7.55482e+006 19.0354
405460 7.5548e+006 19.0354
405460 7.5548e+006 19.0354
405454 7.5548e+006 19.0346
405463 7.55482e+006 19.0346
405463 7.55482e+006 19.0346
405467 7.55483e+006 19.0354
405469 7.55482e+006 19.0354
405441 7.55477e+006 19.0346
405447 7.55477e+006 19.0353
405446 7.55477e+006 19.0353
405446 7.55477e+006 19.0353
405441 7.55477e+006 19.0346
405441 7.55477e+006 19.0346
405437 7.55476e+006 19.0345
405439 7.55476e+006 19.0353
405438 7.55476e+006 19.0353
405438 7.55476e+006 19.0353
405437 7.55476e+006 19.0353
405437 7.55476e+006 19.0345
405395 7.5548e+006 19.0353
405387 7.5548e+006 19.0091
405387 7.5548e+006 19.0353
405387 7.5548e+006 19.0353
405395 7.5548e+006 19.0346
405395 7.5548e+006 19.0353
405395 7.5548e+006 19.0346
405387 7.5548e+006 19.0353
405391 7.55481e+006 19.0353
405391 7.55481e+006 19.0353
405399 7.5548e+006 19.0346
405395 7.5548e+006 19.0346
405399 7.5548e+006 19.0346
405391 7.55481e+006 19.0353
405399 7.55483e+006 19.0354
405399 7.55483e+006 19.0354
405407 7.55482e+006 19.0346
405399 7.5548e+006 19.0346
405407 7.55482e+006 19.0346
405399 7.55483e+006 19.0354
405408 7.55484e+006 19.0354
405408 7.55484e+006 19.0354
405416 7.55484e+006 19.0346
405407 7.55482e+006 19.0346
405389 7.55479e+006 19.0088
405388 7.5548e+006 19.009
405394 7.55479e+006 19.029
405394 7.55479e+006 19.029
405390 7.55479e+006 18.9984
405389 7.55479e+006 19.0088
405390 7.55478e+006 19.0088
405389 7.55478e+006 19.0355
405389 7.55479e+006 19.0088
405389 7.55479e+006 19.0088
405390 7.55479e+006 18.9984
405390 7.55478e+006 19.0088
405387 7.5548e+006 19.0353
405387 7.5548e+006 19.0353
405389 7.55481e+006 19.0353
405389 7.55481e+006 19.0353
405391 7.55481e+006 19.0353
405387 7.5548e+006 19.0353
405387 7.5548e+006 19.0353
405384 7.5548e+006 19.0353
405387 7.55481e+006 19.0353
405387 7.55481e+006 19.0353
405389 7.55481e+006 19.0353
405387 7.5548e+006 19.0353
405399 7.55483e+006 19.0354
405399 7.55483e+006 19.0354
405407 7.55484e+006 19.0354
405407 7.55484e+006 19.0354
405408 7.55484e+006 19.0354
405399 7.55483e+006 19.0354
405399 7.55483e+006 19.0354
405397 7.55483e+006 19.0354
405405 7.55484e+006 19.0354
405405 7.55484e+006 19.0354
405407 7.55484e+006 19.0354
405399 7.55483e+006 19.0354
405444 7.55484e+006 19.035
405444 7.55484e+006 19.035
405440 7.55484e+006 19.0349
405440 7.55484e+006 19.0349
405441 7.55484e+006 19.0349
405444 7.55484e+006 19.035
405423 7.55485e+006 19.0346
405425 7.55485e+006 19.0347
405426 7.55485e+006 19.0347
405426 7.55485e+006 19.0347
405425 7.55485e+006 19.0346
405423 7.55485e+006 19.0346
405420 7.55485e+006 19.0346
405421 7.55485e+006 19.0354
405425 7.55485e+006 19.0347
405425 7.55485e+006 19.0347
405423 7.55485e+006 19.0346
405420 7.55485e+006 19.0346
405445 7.55484e+006 19.0354
405444 7.55484e+006 19.035
405441 7.55484e+006 19.0349
405441 7.55484e+006 19.0349
405441 7.55484e+006 19.0354
405445 7.55484e+006 19.0354
405425 7.55485e+006 19.0347
405425 7.55485e+006 19.0354
405427 7.55485e+006 19.0354
405427 7.55485e+006 19.0354
405426 7.55485e+006 19.0347
405425 7.55485e+006 19.0347
405421 7.55485e+006 19.0354
405421 7.55485e+006 19.0354
405425 7.55485e+006 19.0354
405425 7.55485e+006 19.0354
405425 7.55485e+006 19.0347
405421 7.55485e+006 19.0354
405416 7.55484e+006 19.0346
405408 7.55484e+006 19.0354
405418 7.55485e+006 19.0354
405418 7.55485e+006 19.0354
405420 7.55485e+006 19.0346
405416 7.55484e+006 19.0346
405420 7.55485e+006 19.0346
405418 7.55485e+006 19.0354
405421 7.55485e+006 19.0354
405452 7.55478e+006 19.0353
405452 7.55478e+006 19.0353
405449 7.55477e+006 19.0353
405449 7.55477e+006 19.0353
405448 7.55477e+006 19.0353
405452 7.55478e+006 19.0353
405452 7.55478e+006 19.0353
405455 7.55478e+006 19.0353
405452 7.55477e+006 19.0353
405452 7.55477e+006 19.0353
405449 7.55477e+006 19.0353
405452 7.55478e+006 19.0353
405394 7.55478e+006 19.9251
405394 7.55478e+006 19.0353
405406 7.55478e+006 19.0353
405406 7.55478e+006 19.0353
405406 7.55478e+006 19.9251
405394 7.55478e+006 19.9251
405406 7.55478e+006 19.9251
405406 7.55478e+006 19.0353
405409 7.55477e+006 19.0353
405409 7.55477e+006 19.0353
405409 7.55477e+006 19.9251
405406 7.55478e+006 19.9251
405428 7.55476e+006 19.0353
405428 7.55476e+006 19.9251
405417 7.55477e+006 19.9251
405417 7.55477e+006 19.9251
405417 7.55477e+006 19.0353
405428 7.55476e+006 19.0353
405417 7.55477e+006 19.0353
405417 7.55477e+006 19.9251
405413 7.55477e+006 19.9251
405413 7.55477e+006 19.9251
405413 7.55477e+006 19.0353
405417 7.55477e+006 19.0353
405459 7.55484e+006 19.9252
405459 7.55484e+006 19.0354
405448 7.55484e+006 19.0354
405448 7.55484e+006 19.0354
405448 7.55484e+006 19.9252
405459 7.55484e+006 19.9252
405448 7.55484e+006 19.9252
405448 7.55484e+006 19.0354
405445 7.55484e+006 19.0354
405445 7.55484e+006 19.0354
405445 7.55484e+006 19.9252
405448 7.55484e+006 19.9252
405427 7.55485e+006 19.0354
405427 7.55485e+006 19.9252
405438 7.55485e+006 19.9252
405438 7.55485e+006 19.9252
405438 7.55485e+006 19.0354
405427 7.55485e+006 19.0354
405438 7.55485e+006 19.0354
405438 7.55485e+006 19.9252
405441 7.55484e+006 19.9252
405441 7.55484e+006 19.9252
405441 7.55484e+006 19.0354
405438 7.55485e+006 19.0354
405394 7.55478e+006 19.0353
405395 7.55478e+006 19.0353
405407 7.55478e+006 19.0353
405407 7.55478e+006 19.0353
405406 7.55478e+006 19.0353
405394 7.55478e+006 19.0353
405406 7.55478e+006 19.0353
405407 7.55478e+006 19.0353
405410 7.55478e+006 19.0353
405410 7.55478e+006 19.0353
405409 7.55477e+006 19.0353
405406 7.55478e+006 19.0353
405429 7.55477e+006 19.0353
405428 7.55476e+006 19.0353
405417 7.55477e+006 19.0353
405417 7.55477e+006 19.0353
405417 7.55477e+006 19.0353
405429 7.55477e+006 19.0353
405417 7.55477e+006 19.0353
405417 7.55477e+006 19.0353
405413 7.55477e+006 19.0353
405413 7.55477e+006 19.0353
405414 7.55477e+006 19.0353
405417 7.55477e+006 19.0353
405459 7.55483e+006 19.0352
405459 7.55483e+006 19.0352
405447 7.55484e+006 19.035
405447 7.55484e+006 19.035
405448 7.55484e+006 19.035
405459 7.55483e+006 19.0352
405448 7.55484e+006 19.035
405447 7.55484e+006 19.035
405444 7.55484e+006 19.035
405444 7.55484e+006 19.035
405444 7.55484e+006 19.035
405448 7.55484e+006 19.035
405425 7.55485e+006 19.0346
405426 7.55485e+006 19.0347
405438 7.55484e+006 19.0349
405438 7.55484e+006 19.0349
405437 7.55484e+006 19.0349
405425 7.55485e+006 19.0346
405437 7.55484e+006 19.0349
405438 7.55484e+006 19.0349
405441 7.55484e+006 19.0349
405441 7.55484e+006 19.0349
405440 7.55484e+006 19.0349
405437 7.55484e+006 19.0349
405459 7.55484e+006 19.0354
405459 7.55483e+006 19.0352
405448 7.55484e+006 19.035
405448 7.55484e+006 19.035
405448 7.55484e+006 19.0354
405459 7.55484e+006 19.0354
405448 7.55484e+006 19.0354
405448 7.55484e+006 19.035
405444 7.55484e+006 19.035
405444 7.55484e+006 19.035
405445 7.55484e+006 19.0354
405448 7.55484e+006 19.0354
405426 7.55485e+006 19.0347
405427 7.55485e+006 19.0354
405438 7.55485e+006 19.0354
405438 7.55485e+006 19.0354
405438 7.55484e+006 19.0349
405426 7.55485e+006 19.0347
405438 7.55484e+006 19.0349
405438 7.55485e+006 19.0354
405441 7.55484e+006 19.0354
405441 7.55484e+006 19.0354
405441 7.55484e+006 19.0349
405438 7.55484e+006 19.0349
405436 7.55476e+006 19.0353
405436 7.55476e+006 19.9251
405429 7.55476e+006 19.9251
405429 7.55476e+006 19.9251
405429 7.55476e+006 19.0353
405436 7.55476e+006 19.0353
405467 7.55483e+006 19.9252
405467 7.55483e+006 19.0354
405460 7.55484e+006 19.0354
405460 7.55484e+006 19.0354
405460 7.55484e+006 19.9252
405467 7.55483e+006 19.9252
405437 7.55476e+006 19.0353
405436 7.55476e+006 19.0353
405429 7.55476e+006 19.0353
405429 7.55476e+006 19.0353
405430 7.55477e+006 19.0353
405437 7.55476e+006 19.0353
405466 7.55483e+006 19.0354
405467 7.55483e+006 19.0354
405460 7.55483e+006 19.0352
405460 7.55483e+006 19.0352
405460 7.55483e+006 19.0352
405466 7.55483e+006 19.0354
405467 7.55483e+006 19.0354
405466 7.55483e+006 19.0354
405460 7.55483e+006 19.0352
405460 7.55483e+006 19.0352
405460 7.55484e+006 19.0354
405467 7.55483e+006 19.0354
405378 7.55479e+006 13.9449
405379 7.55479e+006 13.9449
405379 7.55479e+006 13.0221
405379 7.55479e+006 13.0221
405378 7.55479e+006 13.0221
405378 7.55479e+006 13.9449
405447 7.55476e+006 13.0221
405450 7.55477e+006 13.0221
405450 7.55477e+006 13.9449
405450 7.55477e+006 13.9449
405447 7.55476e+006 13.9449
405447 7.55476e+006 13.0221
405414 7.55477e+006 13.0159
405414 7.55477e+006 13.0159
405418 7.55477e+006 13.0159
405418 7.55477e+006 13.0159
405418 7.55477e+006 13.0159
405414 7.55477e+006 13.0159
405383 7.55479e+006 13.0159
405383 7.55479e+006 13.0159
405386 7.55479e+006 13.0159
405386 7.55479e+006 13.0159
405386 7.55479e+006 13.0159
405383 7.55479e+006 13.0159
405411 7.55478e+006 13.0159
405411 7.55478e+006 13.0159
405414 7.55477e+006 13.0159
405414 7.55477e+006 13.0159
405414 7.55477e+006 13.0159
405411 7.55478e+006 13.0159
405394 7.55478e+006 13.0159
405395 7.55478e+006 13.0159
405407 7.55478e+006 13.0159
405407 7.55478e+006 13.0159
405407 7.55478e+006 13.0159
405394 7.55478e+006 13.0159
405430 7.55477e+006 13.0159
405431 7.55477e+006 13.0159
405437 7.55476e+006 13.0159
405437 7.55476e+006 13.0159
405437 7.55476e+006 13.0159
405430 7.55477e+006 13.0159
405437 7.55476e+006 13.0159
405437 7.55476e+006 13.0159
405443 7.55476e+006 13.0159
405443 7.55476e+006 13.0159
405442 7.55476e+006 13.0159
405437 7.55476e+006 13.0159
405442 7.55476e+006 13.0159
405443 7.55476e+006 13.0159
405444 7.55476e+006 13.0159
405444 7.55476e+006 13.0159
405443 7.55476e+006 13.0159
405442 7.55476e+006 13.0159
405443 7.55476e+006 13.0159
405444 7.55476e+006 13.0159
405447 7.55476e+006 13.0221
405447 7.55476e+006 13.0221
405446 7.55476e+006 13.0221
405443 7.55476e+006 13.0159
405382 7.55479e+006 13.0159
405382 7.55479e+006 13.0159
405383 7.55479e+006 13.0159
405383 7.55479e+006 13.0159
405383 7.55479e+006 13.0159
405382 7.55479e+006 13.0159
405378 7.55479e+006 13.0221
405379 7.55479e+006 13.0221
405382 7.55479e+006 13.0159
405382 7.55479e+006 13.0159
405382 7.55479e+006 13.0159
405378 7.55479e+006 13.0221
405430 7.55477e+006 13.0159
405433 7.55477e+006 13.0159
405434 7.55477e+006 13.0159
405434 7.55477e+006 13.0159
405431 7.55477e+006 13.0159
405430 7.55477e+006 13.0159
405407 7.55478e+006 13.0159
405411 7.55479e+006 13.0159
405414 7.55478e+006 13.0159
405414 7.55478e+006 13.0159
405411 7.55478e+006 13.0159
405407 7.55478e+006 13.0159
405386 7.55479e+006 13.0159
405389 7.55479e+006 13.0159
405390 7.55479e+006 13.0159
405390 7.55479e+006 13.0159
405387 7.55479e+006 13.0159
405386 7.55479e+006 13.0159
405390 7.55479e+006 13.0159
405393 7.55479e+006 13.0159
405397 7.55479e+006 13.0159
405397 7.55479e+006 13.0159
405394 7.55478e+006 13.0159
405390 7.55479e+006 13.0159
405394 7.55478e+006 13.0159
405397 7.55479e+006 13.0159
405398 7.55479e+006 13.0159
405398 7.55479e+006 13.0159
405395 7.55478e+006 13.0159
405394 7.55478e+006 13.0159
405387 7.55479e+006 13.0159
405390 7.55479e+006 13.0159
405393 7.55479e+006 13.0159
405393 7.55479e+006 13.0159
405390 7.55479e+006 13.0159
405387 7.55479e+006 13.0159
405379 7.55479e+006 13.0221
405379 7.55479e+006 13.9449
405382 7.5548e+006 13.9449
405382 7.5548e+006 13.9449
405382 7.5548e+006 13.0221
405379 7.55479e+006 13.0221
405418 7.55477e+006 13.0159
405414 7.55477e+006 13.0159
405418 7.55478e+006 13.0159
405418 7.55478e+006 13.0159
405421 7.55478e+006 13.0159
405418 7.55477e+006 13.0159
405386 7.55479e+006 13.0159
405383 7.55479e+006 13.0159
405386 7.5548e+006 13.0159
405386 7.5548e+006 13.0159
405389 7.55479e+006 13.0159
405386 7.55479e+006 13.0159
405414 7.55477e+006 13.0159
405411 7.55478e+006 13.0159
405414 7.55478e+006 13.0159
405414 7.55478e+006 13.0159
405418 7.55478e+006 13.0159
405414 7.55477e+006 13.0159
405407 7.55478e+006 13.0159
405395 7.55478e+006 13.0159
405398 7.55479e+006 13.0159
405398 7.55479e+006 13.0159
405411 7.55479e+006 13.0159
405407 7.55478e+006 13.0159
405437 7.55476e+006 13.0159
405431 7.55477e+006 13.0159
405434 7.55477e+006 13.0159
405434 7.55477e+006 13.0159
405440 7.55477e+006 13.0159
405437 7.55476e+006 13.0159
405446 7.55477e+006 13.0159
405443 7.55476e+006 13.0159
405437 7.55476e+006 13.0159
405437 7.55476e+006 13.0159
405440 7.55477e+006 13.0159
405446 7.55477e+006 13.0159
405447 7.55477e+006 13.0159
405444 7.55476e+006 13.0159
405443 7.55476e+006 13.0159
405443 7.55476e+006 13.0159
405446 7.55477e+006 13.0159
405447 7.55477e+006 13.0159
405450 7.55477e+006 13.0221
405447 7.55476e+006 13.0221
405444 7.55476e+006 13.0159
405444 7.55476e+006 13.0159
405447 7.55477e+006 13.0159
405450 7.55477e+006 13.0221
405383 7.55479e+006 13.0159
405382 7.55479e+006 13.0159
405386 7.5548e+006 13.0159
405386 7.5548e+006 13.0159
405386 7.5548e+006 13.0159
405383 7.55479e+006 13.0159
405382 7.55479e+006 13.0159
405379 7.55479e+006 13.0221
405382 7.5548e+006 13.0221
405382 7.5548e+006 13.0221
405386 7.5548e+006 13.0159
405382 7.55479e+006 13.0159
405439 7.55476e+006 19.9251
405439 7.55476e+006 19.0353
405446 7.55477e+006 19.0353
405446 7.55477e+006 19.0353
405446 7.55477e+006 19.9251
405439 7.55476e+006 19.9251
405387 7.5548e+006 19.8986
405387 7.5548e+006 19.0091
405388 7.5548e+006 19.009
405388 7.5548e+006 19.009
405388 7.5548e+006 19.8986
405387 7.5548e+006 19.8986
405439 7.55476e+006 19.0353
405437 7.55476e+006 19.0345
405441 7.55477e+006 19.0346
405441 7.55477e+006 19.0346
405446 7.55477e+006 19.0353
405439 7.55476e+006 19.0353
405388 7.5548e+006 19.009
405387 7.5548e+006 19.0091
405395 7.5548e+006 19.0353
405395 7.5548e+006 19.0353
405394 7.55479e+006 19.029
405388 7.5548e+006 19.009
405451 7.55477e+006 13.0221
405451 7.55477e+006 13.9449
405450 7.55477e+006 13.9449
405450 7.55477e+006 13.9449
405450 7.55477e+006 13.0221
405451 7.55477e+006 13.0221
405422 7.55478e+006 13.0159
405434 7.55478e+006 13.0159
405433 7.55477e+006 13.0159
405433 7.55477e+006 13.0159
405421 7.55478e+006 13.0159
405422 7.55478e+006 13.0159
405411 7.55479e+006 13.0159
405415 7.55478e+006 13.0159
405414 7.55478e+006 13.0159
405414 7.55478e+006 13.0159
405411 7.55479e+006 13.0159
405411 7.55479e+006 13.0159
405390 7.5548e+006 13.0159
405391 7.5548e+006 13.0159
405390 7.55479e+006 13.0159
405390 7.55479e+006 13.0159
405389 7.55479e+006 13.0159
405390 7.5548e+006 13.0159
405394 7.55479e+006 13.0159
405398 7.55479e+006 13.0159
405397 7.55479e+006 13.0159
405397 7.55479e+006 13.0159
405393 7.55479e+006 13.0159
405394 7.55479e+006 13.0159
405398 7.55479e+006 13.0159
405399 7.55479e+006 13.0159
405398 7.55479e+006 13.0159
405398 7.55479e+006 13.0159
405397 7.55479e+006 13.0159
405398 7.55479e+006 13.0159
405391 7.5548e+006 13.0159
405394 7.55479e+006 13.0159
405393 7.55479e+006 13.0159
405393 7.55479e+006 13.0159
405390 7.55479e+006 13.0159
405391 7.5548e+006 13.0159
405449 7.55484e+006 13.0222
405449 7.55484e+006 13.945
405461 7.55483e+006 13.945
405461 7.55483e+006 13.945
405461 7.55483e+006 13.0222
405449 7.55484e+006 13.0222
405429 7.55476e+006 13.0221
405429 7.55476e+006 13.9449
405428 7.55476e+006 13.9449
405428 7.55476e+006 13.9449
405428 7.55476e+006 13.0221
405429 7.55476e+006 13.0221
405422 7.55478e+006 13.0159
405423 7.55478e+006 13.0159
405434 7.55478e+006 13.0159
405434 7.55478e+006 13.0159
405434 7.55478e+006 13.0159
405422 7.55478e+006 13.0159
405440 7.55482e+006 13.016
405443 7.55483e+006 13.016
405455 7.55482e+006 13.016
405455 7.55482e+006 13.016
405452 7.55482e+006 13.016
405440 7.55482e+006 13.016
405426 7.55479e+006 13.0159
405427 7.55479e+006 13.0159
405438 7.55479e+006 13.0159
405438 7.55479e+006 13.0159
405438 7.55478e+006 13.0159
405426 7.55479e+006 13.0159
405443 7.55483e+006 13.016
405447 7.55484e+006 13.0171
405459 7.55483e+006 13.0171
405459 7.55483e+006 13.0171
405455 7.55482e+006 13.016
405443 7.55483e+006 13.016
405423 7.55478e+006 13.0159
405426 7.55479e+006 13.0159
405438 7.55478e+006 13.0159
405438 7.55478e+006 13.0159
405434 7.55478e+006 13.0159
405423 7.55478e+006 13.0159
405453 7.55481e+006 13.016
405439 7.55479e+006 13.0159
405438 7.55479e+006 13.0159
405438 7.55479e+006 13.0159
405452 7.55482e+006 13.016
405453 7.55481e+006 13.016
405431 7.55477e+006 13.0159
405430 7.55477e+006 13.0159
405429 7.55477e+006 13.0159
405429 7.55477e+006 13.0159
405430 7.55477e+006 13.0159
405431 7.55477e+006 13.0159
405430 7.55477e+006 13.0159
405429 7.55476e+006 13.0221
405428 7.55476e+006 13.0221
405428 7.55476e+006 13.0221
405429 7.55477e+006 13.0159
405430 7.55477e+006 13.0159
405447 7.55484e+006 13.0171
405449 7.55484e+006 13.0222
405461 7.55483e+006 13.0222
405461 7.55483e+006 13.0222
405459 7.55483e+006 13.0171
405447 7.55484e+006 13.0171
405429 7.55476e+006 19.0353
405429 7.55476e+006 19.9251
405428 7.55476e+006 19.9251
405428 7.55476e+006 19.9251
405428 7.55476e+006 19.0353
405429 7.55476e+006 19.0353
405460 7.55484e+006 19.9252
405460 7.55484e+006 19.0354
405459 7.55484e+006 19.0354
405459 7.55484e+006 19.0354
405459 7.55484e+006 19.9252
405460 7.55484e+006 19.9252
405430 7.55477e+006 19.0353
405429 7.55476e+006 19.0353
405428 7.55476e+006 19.0353
405428 7.55476e+006 19.0353
405429 7.55477e+006 19.0353
405430 7.55477e+006 19.0353
405460 7.55483e+006 19.0352
405460 7.55483e+006 19.0352
405459 7.55483e+006 19.0352
405459 7.55483e+006 19.0352
405459 7.55483e+006 19.0352
405460 7.55483e+006 19.0352
405460 7.55484e+006 19.0354
405460 7.55483e+006 19.0352
405459 7.55483e+006 19.0352
405459 7.55483e+006 19.0352
405459 7.55484e+006 19.0354
405460 7.55484e+006 19.0354
405418 7.55477e+006 13.0159
405421 7.55478e+006 13.0159
405433 7.55477e+006 13.0159
405433 7.55477e+006 13.0159
405430 7.55477e+006 13.0159
405418 7.55477e+006 13.0159
405435 7.55478e+006 13.0159
405434 7.55477e+006 13.0159
405433 7.55477e+006 13.0159
405433 7.55477e+006 13.0159
405434 7.55478e+006 13.0159
405435 7.55478e+006 13.0159
