405433 7.55478e+006 24.4298
405433 7.55478e+006 21.7298
405434 7.55478e+006 21.7299
405434 7.55478e+006 21.7299
405434 7.55478e+006 24.4299
405433 7.55478e+006 24.4298
405426 7.55478e+006 21.7224
405426 7.55478e+006 24.4224
405427 7.55479e+006 24.4226
405427 7.55479e+006 24.4226
405427 7.55479e+006 21.7226
405426 7.55478e+006 21.7224
405433 7.55478e+006 24.4298
405426 7.55478e+006 24.4224
405426 7.55478e+006 21.7224
405426 7.55478e+006 21.7224
405433 7.55478e+006 21.7298
405433 7.55478e+006 24.4298
405434 7.55478e+006 21.7299
405427 7.55479e+006 21.7226
405427 7.55479e+006 24.4226
405427 7.55479e+006 24.4226
405434 7.55478e+006 24.4299
405434 7.55478e+006 21.7299
