403388 7.54948e+006 -464.831
403388 7.54948e+006 -465.196
403388 7.54948e+006 -465.196
403388 7.54948e+006 -465.196
403388 7.54948e+006 -464.831
403388 7.54948e+006 -464.831
403388 7.54948e+006 -464.831
403388 7.54948e+006 -465.196
403388 7.54948e+006 -465.196
403388 7.54948e+006 -465.196
403388 7.54948e+006 -464.831
403388 7.54948e+006 -464.831
403388 7.54948e+006 -464.831
403388 7.54948e+006 -465.196
403388 7.54948e+006 -465.196
403388 7.54948e+006 -465.196
403388 7.54948e+006 -464.831
403388 7.54948e+006 -464.831
403388 7.54948e+006 -464.831
403388 7.54948e+006 -465.196
403388 7.54948e+006 -465.196
403388 7.54948e+006 -465.196
403388 7.54948e+006 -464.831
403388 7.54948e+006 -464.831
403388 7.54948e+006 -464.831
403388 7.54948e+006 -465.196
403388 7.54948e+006 -465.196
403388 7.54948e+006 -465.196
403388 7.54948e+006 -464.831
403388 7.54948e+006 -464.831
403388 7.54948e+006 -464.831
403388 7.54948e+006 -465.196
403388 7.54948e+006 -465.196
403388 7.54948e+006 -465.196
403388 7.54948e+006 -464.831
403388 7.54948e+006 -464.831
403388 7.54948e+006 -464.831
403388 7.54948e+006 -465.196
403388 7.54948e+006 -465.196
403388 7.54948e+006 -465.196
403388 7.54948e+006 -464.831
403388 7.54948e+006 -464.831
403388 7.54948e+006 -464.831
403388 7.54948e+006 -465.196
403387 7.54948e+006 -465.196
403387 7.54948e+006 -465.196
403387 7.54948e+006 -464.831
403388 7.54948e+006 -464.831
403387 7.54948e+006 -464.831
403387 7.54948e+006 -465.196
403388 7.54948e+006 -465.196
403388 7.54948e+006 -465.196
403388 7.54948e+006 -464.831
403387 7.54948e+006 -464.831
403388 7.54948e+006 -464.831
403388 7.54948e+006 -465.196
403388 7.54948e+006 -465.196
403388 7.54948e+006 -465.196
403388 7.54948e+006 -464.831
403388 7.54948e+006 -464.831
403388 7.54948e+006 -464.831
403388 7.54948e+006 -465.196
403388 7.54948e+006 -465.196
403388 7.54948e+006 -465.196
403388 7.54948e+006 -464.831
403388 7.54948e+006 -464.831
403388 7.54948e+006 -464.831
403388 7.54948e+006 -465.196
403388 7.54948e+006 -465.196
403388 7.54948e+006 -465.196
403388 7.54948e+006 -464.831
403388 7.54948e+006 -464.831
403388 7.54948e+006 -464.831
403388 7.54948e+006 -465.196
403388 7.54948e+006 -465.196
403388 7.54948e+006 -465.196
403388 7.54948e+006 -464.831
403388 7.54948e+006 -464.831
403388 7.54948e+006 -464.831
403388 7.54948e+006 -465.196
403388 7.54948e+006 -465.196
403388 7.54948e+006 -465.196
403388 7.54948e+006 -464.831
403388 7.54948e+006 -464.831
403388 7.54948e+006 -464.831
403388 7.54948e+006 -465.196
403388 7.54948e+006 -465.196
403388 7.54948e+006 -465.196
403388 7.54948e+006 -464.831
403388 7.54948e+006 -464.831
403388 7.54948e+006 -464.831
403388 7.54948e+006 -465.196
403388 7.54948e+006 -465.196
403388 7.54948e+006 -465.196
403388 7.54948e+006 -464.831
403388 7.54948e+006 -464.831
