405413 7.5548e+006 29.5468
405412 7.5548e+006 29.5467
405405 7.5548e+006 29.54
405405 7.5548e+006 29.54
405406 7.55481e+006 29.5401
405413 7.5548e+006 29.5468
405405 7.5548e+006 29.54
405405 7.5548e+006 29.5703
405406 7.55481e+006 29.5705
405406 7.55481e+006 29.5705
405406 7.55481e+006 29.5401
405405 7.5548e+006 29.54
405407 7.55479e+006 29.5459
405407 7.55479e+006 29.5763
405400 7.55479e+006 29.5696
405400 7.55479e+006 29.5696
405400 7.55479e+006 29.5392
405407 7.55479e+006 29.5459
405413 7.55479e+006 29.5506
405413 7.55479e+006 29.581
405411 7.55479e+006 29.5806
405411 7.55479e+006 29.5806
405411 7.55479e+006 29.5503
405413 7.55479e+006 29.5506
405414 7.5548e+006 29.5507
405410 7.5548e+006 29.5464
405412 7.5548e+006 29.5467
405412 7.5548e+006 29.5467
405416 7.5548e+006 29.5511
405414 7.5548e+006 29.5507
405403 7.5548e+006 29.5397
405403 7.5548e+006 29.57
405405 7.5548e+006 29.5703
405405 7.5548e+006 29.5703
405405 7.5548e+006 29.54
405403 7.5548e+006 29.5397
405411 7.55479e+006 29.5503
405411 7.55479e+006 29.5806
405407 7.55479e+006 29.5763
405407 7.55479e+006 29.5763
405407 7.55479e+006 29.5459
405411 7.55479e+006 29.5503
405406 7.55481e+006 29.5401
405406 7.55481e+006 29.5705
405413 7.5548e+006 29.5772
405413 7.5548e+006 29.5772
405413 7.5548e+006 29.5468
405406 7.55481e+006 29.5401
405400 7.55479e+006 29.5392
405402 7.5548e+006 29.5395
405409 7.5548e+006 29.5463
405409 7.5548e+006 29.5463
405407 7.55479e+006 29.5459
405400 7.55479e+006 29.5392
405416 7.5548e+006 29.5511
405416 7.5548e+006 29.5814
405414 7.5548e+006 29.5811
405414 7.5548e+006 29.5811
405414 7.5548e+006 29.5507
405416 7.5548e+006 29.5511
405402 7.5548e+006 29.5395
405402 7.5548e+006 29.5699
405403 7.5548e+006 29.57
405403 7.5548e+006 29.57
405403 7.5548e+006 29.5397
405402 7.5548e+006 29.5395
405405 7.5548e+006 29.54
405412 7.5548e+006 29.5467
405410 7.5548e+006 29.5464
405410 7.5548e+006 29.5464
405403 7.5548e+006 29.5397
405405 7.5548e+006 29.54
405403 7.5548e+006 29.5397
405410 7.5548e+006 29.5464
405409 7.5548e+006 29.5463
405409 7.5548e+006 29.5463
405402 7.5548e+006 29.5395
405403 7.5548e+006 29.5397
405411 7.55479e+006 29.5503
405407 7.55479e+006 29.5459
405409 7.5548e+006 29.5463
405409 7.5548e+006 29.5463
405413 7.55479e+006 29.5506
405411 7.55479e+006 29.5503
405400 7.55479e+006 29.5392
405400 7.55479e+006 29.5696
405402 7.5548e+006 29.5699
405402 7.5548e+006 29.5699
405402 7.5548e+006 29.5395
405400 7.55479e+006 29.5392
405409 7.5548e+006 29.5463
405409 7.5548e+006 29.5766
405413 7.55479e+006 29.581
405413 7.55479e+006 29.581
405413 7.55479e+006 29.5506
405409 7.5548e+006 29.5463
405409 7.5548e+006 29.5766
405409 7.5548e+006 29.5463
405410 7.5548e+006 29.5464
405410 7.5548e+006 29.5464
405410 7.5548e+006 29.5768
405409 7.5548e+006 29.5766
405410 7.5548e+006 29.5768
405410 7.5548e+006 29.5464
405414 7.5548e+006 29.5507
405414 7.5548e+006 29.5507
405414 7.5548e+006 29.5811
405410 7.5548e+006 29.5768
405416 7.5548e+006 29.5814
405416 7.5548e+006 29.5511
405412 7.5548e+006 29.5467
405412 7.5548e+006 29.5467
405412 7.5548e+006 29.5771
405416 7.5548e+006 29.5814
405412 7.5548e+006 29.5771
405412 7.5548e+006 29.5467
405413 7.5548e+006 29.5468
405413 7.5548e+006 29.5468
405413 7.5548e+006 29.5772
405412 7.5548e+006 29.5771
405431 7.55478e+006 29.5551
405434 7.55479e+006 29.5553
405436 7.55478e+006 29.5576
405431 7.55478e+006 29.5551
405436 7.55478e+006 29.5576
405434 7.55478e+006 29.5574
405434 7.55478e+006 29.5573
405431 7.55478e+006 29.5551
405434 7.55478e+006 29.5574
405428 7.55478e+006 29.5517
405427 7.55478e+006 29.5506
405428 7.55478e+006 29.5507
405428 7.55478e+006 29.5517
405428 7.55478e+006 29.5507
405430 7.55479e+006 29.5509
405428 7.55478e+006 29.5517
405430 7.55479e+006 29.5509
405431 7.55479e+006 29.5519
405428 7.55478e+006 29.5517
405431 7.55479e+006 29.5519
405434 7.55479e+006 29.5553
405434 7.55479e+006 29.5553
405431 7.55478e+006 29.5551
405428 7.55478e+006 29.5517
405428 7.55478e+006 29.5507
405423 7.55478e+006 29.5464
405425 7.55479e+006 29.5466
405425 7.55479e+006 29.5466
405430 7.55479e+006 29.5509
405428 7.55478e+006 29.5507
405434 7.55478e+006 29.5573
405434 7.55478e+006 29.5574
405434 7.55478e+006 29.6022
405434 7.55478e+006 29.6022
405434 7.55478e+006 29.6021
405434 7.55478e+006 29.5573
405425 7.55479e+006 29.5466
405423 7.55478e+006 29.5464
405423 7.55478e+006 29.5912
405423 7.55478e+006 29.5912
405425 7.55479e+006 29.5914
405425 7.55479e+006 29.5466
405436 7.55478e+006 29.5576
405434 7.55479e+006 29.5553
405434 7.55479e+006 29.6001
405434 7.55479e+006 29.6001
405436 7.55478e+006 29.6024
405436 7.55478e+006 29.5576
405431 7.55479e+006 29.5519
405430 7.55479e+006 29.5509
405430 7.55479e+006 29.5957
405430 7.55479e+006 29.5957
405431 7.55479e+006 29.5967
405431 7.55479e+006 29.5519
405428 7.55478e+006 29.5517
405431 7.55478e+006 29.5551
405431 7.55478e+006 29.5999
405431 7.55478e+006 29.5999
405428 7.55478e+006 29.5965
405428 7.55478e+006 29.5517
405434 7.55479e+006 29.5553
405431 7.55479e+006 29.5519
405431 7.55479e+006 29.5967
405431 7.55479e+006 29.5967
405434 7.55479e+006 29.6001
405434 7.55479e+006 29.5553
405431 7.55478e+006 29.5551
405434 7.55478e+006 29.5573
405434 7.55478e+006 29.6021
405434 7.55478e+006 29.6021
405431 7.55478e+006 29.5999
405431 7.55478e+006 29.5551
405427 7.55478e+006 29.5506
405428 7.55478e+006 29.5517
405428 7.55478e+006 29.5965
405428 7.55478e+006 29.5965
405427 7.55478e+006 29.5954
405427 7.55478e+006 29.5506
405430 7.55479e+006 29.5509
405425 7.55479e+006 29.5466
405425 7.55479e+006 29.5914
405425 7.55479e+006 29.5914
405430 7.55479e+006 29.5957
405430 7.55479e+006 29.5509
405428 7.55478e+006 29.5507
405427 7.55478e+006 29.5506
405427 7.55478e+006 29.5954
405427 7.55478e+006 29.5954
405428 7.55478e+006 29.5955
405428 7.55478e+006 29.5507
405434 7.55478e+006 29.5574
405436 7.55478e+006 29.5576
405436 7.55478e+006 29.6024
405436 7.55478e+006 29.6024
405434 7.55478e+006 29.6022
405434 7.55478e+006 29.5574
405423 7.55478e+006 29.5464
405428 7.55478e+006 29.5507
405428 7.55478e+006 29.5955
405428 7.55478e+006 29.5955
405423 7.55478e+006 29.5912
405423 7.55478e+006 29.5464
405410 7.5548e+006 19.7266
405410 7.5548e+006 29.5466
405410 7.5548e+006 29.5466
405410 7.5548e+006 29.5466
405410 7.5548e+006 19.7266
405410 7.5548e+006 19.7266
405410 7.5548e+006 29.5468
405410 7.5548e+006 19.7268
405410 7.5548e+006 19.7269
405410 7.5548e+006 19.7269
405410 7.5548e+006 29.5469
405410 7.5548e+006 29.5468
405410 7.5548e+006 19.7266
405410 7.5548e+006 19.7268
405410 7.5548e+006 29.5468
405410 7.5548e+006 29.5468
405410 7.5548e+006 29.5466
405410 7.5548e+006 19.7266
405410 7.5548e+006 29.5466
405410 7.5548e+006 29.5469
405410 7.5548e+006 19.7269
405410 7.5548e+006 19.7269
405410 7.5548e+006 19.7266
405410 7.5548e+006 29.5466
405413 7.5548e+006 19.7273
405413 7.5548e+006 29.2549
405413 7.5548e+006 29.2549
405413 7.5548e+006 29.2549
405413 7.5548e+006 19.7272
405413 7.5548e+006 19.7273
405412 7.5548e+006 29.2546
405412 7.5548e+006 19.727
405412 7.5548e+006 19.727
405412 7.5548e+006 19.727
405412 7.5548e+006 29.2546
405412 7.5548e+006 29.2546
405413 7.5548e+006 19.7273
405412 7.5548e+006 19.727
405412 7.5548e+006 29.2546
405412 7.5548e+006 29.2546
405413 7.5548e+006 29.2549
405413 7.5548e+006 19.7273
405413 7.5548e+006 29.2549
405412 7.5548e+006 29.2546
405412 7.5548e+006 19.727
405412 7.5548e+006 19.727
405413 7.5548e+006 19.7272
405413 7.5548e+006 29.2549
405414 7.5548e+006 19.731
405414 7.5548e+006 29.551
405414 7.5548e+006 29.551
405414 7.5548e+006 29.551
405414 7.5548e+006 19.731
405414 7.5548e+006 19.731
405414 7.5548e+006 29.5513
405414 7.5548e+006 19.7313
405414 7.5548e+006 19.7313
405414 7.5548e+006 19.7313
405414 7.5548e+006 29.5513
405414 7.5548e+006 29.5513
405414 7.5548e+006 19.731
405414 7.5548e+006 19.7313
405414 7.5548e+006 29.5513
405414 7.5548e+006 29.5513
405414 7.5548e+006 29.551
405414 7.5548e+006 19.731
405414 7.5548e+006 19.731
405414 7.5548e+006 19.7313
405414 7.5548e+006 19.7313
405414 7.5548e+006 19.7313
405414 7.5548e+006 19.731
405414 7.5548e+006 19.731
405414 7.5548e+006 29.551
405414 7.5548e+006 29.5513
405414 7.5548e+006 19.7313
405414 7.5548e+006 19.7313
405414 7.5548e+006 19.731
405414 7.5548e+006 29.551
405414 7.5548e+006 29.5513
405412 7.55479e+006 29.5508
405412 7.55479e+006 29.2508
405412 7.55479e+006 29.2508
405414 7.5548e+006 29.2513
405414 7.5548e+006 29.5513
405411 7.55479e+006 29.5506
405414 7.5548e+006 29.551
405414 7.5548e+006 29.251
405414 7.5548e+006 29.251
405411 7.55479e+006 29.2506
405411 7.55479e+006 29.5506
405412 7.55479e+006 29.5508
405411 7.55479e+006 29.5506
405411 7.55479e+006 29.2506
405411 7.55479e+006 29.2506
405412 7.55479e+006 29.2508
405412 7.55479e+006 29.5508
405414 7.5548e+006 29.5513
405414 7.5548e+006 29.551
405411 7.55479e+006 29.5506
405411 7.55479e+006 29.5506
405412 7.55479e+006 29.5508
405414 7.5548e+006 29.5513
405414 7.5548e+006 29.2513
405414 7.5548e+006 29.251
405414 7.5548e+006 29.551
405414 7.5548e+006 29.551
405414 7.5548e+006 29.5513
405414 7.5548e+006 29.2513
405412 7.55479e+006 29.2508
405411 7.55479e+006 29.2506
405414 7.5548e+006 29.251
405414 7.5548e+006 29.251
405414 7.5548e+006 29.2513
405412 7.55479e+006 29.2508
405410 7.5548e+006 29.5468
405407 7.55479e+006 29.5464
405407 7.55479e+006 29.2712
405407 7.55479e+006 29.2712
405410 7.5548e+006 29.2717
405410 7.5548e+006 29.5468
405407 7.55479e+006 29.5461
405410 7.5548e+006 29.5466
405410 7.5548e+006 29.2714
405410 7.5548e+006 29.2714
405407 7.55479e+006 29.271
405407 7.55479e+006 29.5461
405407 7.55479e+006 29.5464
405407 7.55479e+006 29.5461
405407 7.55479e+006 29.271
405407 7.55479e+006 29.271
405407 7.55479e+006 29.2712
405407 7.55479e+006 29.5464
405410 7.5548e+006 29.5468
405410 7.5548e+006 29.5466
405407 7.55479e+006 29.5461
405407 7.55479e+006 29.5461
405407 7.55479e+006 29.5464
405410 7.5548e+006 29.5468
405410 7.5548e+006 29.2717
405410 7.5548e+006 29.2714
405410 7.5548e+006 29.5466
405410 7.5548e+006 29.5466
405410 7.5548e+006 29.5468
405410 7.5548e+006 29.2717
405407 7.55479e+006 29.2712
405407 7.55479e+006 29.271
405410 7.5548e+006 29.2714
405410 7.5548e+006 29.2714
405410 7.5548e+006 29.2717
405407 7.55479e+006 29.2712
405407 7.5548e+006 29.5436
405404 7.55479e+006 29.5432
405404 7.55479e+006 29.268
405404 7.55479e+006 29.268
405407 7.5548e+006 29.2684
405407 7.5548e+006 29.5436
405404 7.55479e+006 29.5429
405406 7.5548e+006 29.5433
405406 7.5548e+006 29.2682
405406 7.5548e+006 29.2682
405404 7.55479e+006 29.2677
405404 7.55479e+006 29.5429
405404 7.55479e+006 29.5432
405404 7.55479e+006 29.5429
405404 7.55479e+006 29.2677
405404 7.55479e+006 29.2677
405404 7.55479e+006 29.268
405404 7.55479e+006 29.5432
405407 7.5548e+006 29.5436
405406 7.5548e+006 29.5433
405404 7.55479e+006 29.5429
405404 7.55479e+006 29.5429
405404 7.55479e+006 29.5432
405407 7.5548e+006 29.5436
405407 7.5548e+006 29.2684
405406 7.5548e+006 29.2682
405406 7.5548e+006 29.5433
405406 7.5548e+006 29.5433
405407 7.5548e+006 29.5436
405407 7.5548e+006 29.2684
405404 7.55479e+006 29.268
405404 7.55479e+006 29.2677
405406 7.5548e+006 29.2682
405406 7.5548e+006 29.2682
405407 7.5548e+006 29.2684
405404 7.55479e+006 29.268
405411 7.55479e+006 29.2505
405401 7.55479e+006 29.24
405401 7.55479e+006 29.54
405401 7.55479e+006 29.54
405411 7.55479e+006 29.5505
405411 7.55479e+006 29.2505
405401 7.55479e+006 29.24
405411 7.55479e+006 29.2505
405411 7.55479e+006 29.5505
405411 7.55479e+006 29.5505
405401 7.55479e+006 29.5399
405401 7.55479e+006 29.24
405401 7.55479e+006 29.24
405401 7.55479e+006 29.24
405401 7.55479e+006 29.5399
405401 7.55479e+006 29.5399
405401 7.55479e+006 29.54
405401 7.55479e+006 29.24
405411 7.55479e+006 29.2505
405411 7.55479e+006 29.2505
405401 7.55479e+006 29.24
405401 7.55479e+006 29.24
405401 7.55479e+006 29.24
405411 7.55479e+006 29.2505
405411 7.55479e+006 29.5505
405411 7.55479e+006 29.5505
405411 7.55479e+006 29.2505
405411 7.55479e+006 29.2505
405411 7.55479e+006 29.2505
405411 7.55479e+006 29.5505
405401 7.55479e+006 29.54
405401 7.55479e+006 29.5399
405411 7.55479e+006 29.5505
405411 7.55479e+006 29.5505
405411 7.55479e+006 29.5505
405401 7.55479e+006 29.54
405401 7.55479e+006 29.5401
405404 7.5548e+006 29.5405
405404 7.5548e+006 29.5404
405404 7.5548e+006 29.5404
405401 7.55479e+006 29.54
405401 7.55479e+006 29.5401
405404 7.5548e+006 29.2405
405401 7.55479e+006 29.2401
405401 7.55479e+006 29.24
405401 7.55479e+006 29.24
405404 7.5548e+006 29.2404
405404 7.5548e+006 29.2405
405404 7.5548e+006 29.5405
405404 7.5548e+006 29.2405
405404 7.5548e+006 29.2404
405404 7.5548e+006 29.2404
405404 7.5548e+006 29.5404
405404 7.5548e+006 29.5405
405401 7.55479e+006 29.5401
405401 7.55479e+006 29.2401
405404 7.5548e+006 29.2405
405404 7.5548e+006 29.2405
405404 7.5548e+006 29.5405
405401 7.55479e+006 29.5401
405401 7.55479e+006 29.54
405401 7.55479e+006 29.24
405401 7.55479e+006 29.2401
405401 7.55479e+006 29.2401
405401 7.55479e+006 29.5401
405401 7.55479e+006 29.54
405404 7.5548e+006 29.5404
405404 7.5548e+006 29.2404
405401 7.55479e+006 29.24
405401 7.55479e+006 29.24
405401 7.55479e+006 29.54
405404 7.5548e+006 29.5404
405413 7.5548e+006 29.5495
405410 7.55479e+006 29.549
405410 7.55479e+006 29.2739
405410 7.55479e+006 29.2739
405413 7.5548e+006 29.2743
405413 7.5548e+006 29.5495
405409 7.55479e+006 29.5488
405412 7.5548e+006 29.5492
405412 7.5548e+006 29.274
405412 7.5548e+006 29.274
405409 7.55479e+006 29.2736
405409 7.55479e+006 29.5488
405410 7.55479e+006 29.549
405409 7.55479e+006 29.5488
405409 7.55479e+006 29.2736
405409 7.55479e+006 29.2736
405410 7.55479e+006 29.2739
405410 7.55479e+006 29.549
405413 7.5548e+006 29.5495
405412 7.5548e+006 29.5492
405409 7.55479e+006 29.5488
405409 7.55479e+006 29.5488
405410 7.55479e+006 29.549
405413 7.5548e+006 29.5495
405413 7.5548e+006 29.2743
405412 7.5548e+006 29.274
405412 7.5548e+006 29.5492
405412 7.5548e+006 29.5492
405413 7.5548e+006 29.5495
405413 7.5548e+006 29.2743
405410 7.55479e+006 29.2739
405409 7.55479e+006 29.2736
405412 7.5548e+006 29.274
405412 7.5548e+006 29.274
405413 7.5548e+006 29.2743
405410 7.55479e+006 29.2739
405410 7.5548e+006 19.7266
405410 7.5548e+006 29.5466
405410 7.5548e+006 29.5466
405410 7.5548e+006 29.5466
405410 7.5548e+006 19.7266
405410 7.5548e+006 19.7266
405410 7.5548e+006 29.5468
405410 7.5548e+006 19.7268
405410 7.5548e+006 19.7269
405410 7.5548e+006 19.7269
405410 7.5548e+006 29.5469
405410 7.5548e+006 29.5468
405410 7.5548e+006 19.7266
405410 7.5548e+006 19.7268
405410 7.5548e+006 29.5468
405410 7.5548e+006 29.5468
405410 7.5548e+006 29.5466
405410 7.5548e+006 19.7266
405410 7.5548e+006 29.5466
405410 7.5548e+006 29.5469
405410 7.5548e+006 19.7269
405410 7.5548e+006 19.7269
405410 7.5548e+006 19.7266
405410 7.5548e+006 29.5466
405417 7.5548e+006 19.7317
405417 7.5548e+006 29.2566
405417 7.5548e+006 29.2566
405417 7.5548e+006 29.2566
405417 7.5548e+006 19.7317
405417 7.5548e+006 19.7317
405417 7.5548e+006 29.2563
405417 7.5548e+006 19.7314
405417 7.5548e+006 19.7314
405417 7.5548e+006 19.7314
405417 7.5548e+006 29.2563
405417 7.5548e+006 29.2563
405417 7.5548e+006 19.7317
405417 7.5548e+006 19.7314
405417 7.5548e+006 29.2563
405417 7.5548e+006 29.2563
405417 7.5548e+006 29.2566
405417 7.5548e+006 19.7317
405417 7.5548e+006 19.7317
405417 7.5548e+006 19.7314
405417 7.5548e+006 19.7314
405417 7.5548e+006 19.7314
405417 7.5548e+006 19.7317
405417 7.5548e+006 19.7317
405417 7.5548e+006 29.2566
405417 7.5548e+006 29.2563
405417 7.5548e+006 19.7314
405417 7.5548e+006 19.7314
405417 7.5548e+006 19.7317
405417 7.5548e+006 29.2566
405414 7.5548e+006 19.731
405414 7.5548e+006 29.551
405414 7.5548e+006 29.551
405414 7.5548e+006 29.551
405414 7.5548e+006 19.731
405414 7.5548e+006 19.731
405414 7.5548e+006 29.5513
405414 7.5548e+006 19.7313
405414 7.5548e+006 19.7313
405414 7.5548e+006 19.7313
405414 7.5548e+006 29.5513
405414 7.5548e+006 29.5513
405414 7.5548e+006 19.731
405414 7.5548e+006 19.7313
405414 7.5548e+006 29.5513
405414 7.5548e+006 29.5513
405414 7.5548e+006 29.551
405414 7.5548e+006 19.731
405414 7.5548e+006 19.731
405414 7.5548e+006 19.7313
405414 7.5548e+006 19.7313
405414 7.5548e+006 19.7313
405414 7.5548e+006 19.731
405414 7.5548e+006 19.731
405414 7.5548e+006 29.551
405414 7.5548e+006 29.5513
405414 7.5548e+006 19.7313
405414 7.5548e+006 19.7313
405414 7.5548e+006 19.731
405414 7.5548e+006 29.551
405407 7.5548e+006 19.7233
405406 7.5548e+006 29.5433
405407 7.5548e+006 29.5434
405407 7.5548e+006 29.5434
405407 7.5548e+006 19.7234
405407 7.5548e+006 19.7233
405407 7.5548e+006 29.5436
405407 7.5548e+006 19.7236
405407 7.5548e+006 19.7236
405407 7.5548e+006 19.7236
405407 7.5548e+006 29.5436
405407 7.5548e+006 29.5436
405407 7.5548e+006 19.7233
405407 7.5548e+006 19.7236
405407 7.5548e+006 29.5436
405407 7.5548e+006 29.5436
405406 7.5548e+006 29.5433
405407 7.5548e+006 19.7233
405407 7.5548e+006 29.5434
405407 7.5548e+006 29.5436
405407 7.5548e+006 19.7236
405407 7.5548e+006 19.7236
405407 7.5548e+006 19.7234
405407 7.5548e+006 29.5434
405410 7.5548e+006 19.724
405410 7.5548e+006 29.2412
405409 7.5548e+006 29.2412
405409 7.5548e+006 29.2412
405409 7.5548e+006 19.724
405410 7.5548e+006 19.724
405409 7.5548e+006 29.2409
405409 7.5548e+006 19.7238
405409 7.5548e+006 19.7237
405409 7.5548e+006 19.7237
405409 7.5548e+006 29.2409
405409 7.5548e+006 29.2409
405410 7.5548e+006 19.724
405409 7.5548e+006 19.7238
405409 7.5548e+006 29.2409
405409 7.5548e+006 29.2409
405410 7.5548e+006 29.2412
405410 7.5548e+006 19.724
405409 7.5548e+006 29.2412
405409 7.5548e+006 29.2409
405409 7.5548e+006 19.7237
405409 7.5548e+006 19.7237
405409 7.5548e+006 19.724
405409 7.5548e+006 29.2412
405417 7.5548e+006 29.5517
405414 7.5548e+006 29.5513
405414 7.5548e+006 29.2513
405414 7.5548e+006 29.2513
405417 7.5548e+006 29.2517
405417 7.5548e+006 29.5517
405414 7.5548e+006 29.551
405417 7.5548e+006 29.5514
405417 7.5548e+006 29.2514
405417 7.5548e+006 29.2514
405414 7.5548e+006 29.251
405414 7.5548e+006 29.551
405414 7.5548e+006 29.5513
405414 7.5548e+006 29.551
405414 7.5548e+006 29.251
405414 7.5548e+006 29.251
405414 7.5548e+006 29.2513
405414 7.5548e+006 29.5513
405417 7.5548e+006 29.5517
405417 7.5548e+006 29.5514
405414 7.5548e+006 29.551
405414 7.5548e+006 29.551
405414 7.5548e+006 29.5513
405417 7.5548e+006 29.5517
405417 7.5548e+006 29.2517
405417 7.5548e+006 29.2514
405417 7.5548e+006 29.5514
405417 7.5548e+006 29.5514
405417 7.5548e+006 29.5517
405417 7.5548e+006 29.2517
405414 7.5548e+006 29.2513
405414 7.5548e+006 29.251
405417 7.5548e+006 29.2514
405417 7.5548e+006 29.2514
405417 7.5548e+006 29.2517
405414 7.5548e+006 29.2513
405413 7.5548e+006 29.5472
405410 7.5548e+006 29.5469
405410 7.5548e+006 29.2717
405410 7.5548e+006 29.2717
405413 7.5548e+006 29.2721
405413 7.5548e+006 29.5472
405410 7.5548e+006 29.5466
405412 7.5548e+006 29.547
405412 7.5548e+006 29.2718
405412 7.5548e+006 29.2718
405410 7.5548e+006 29.2714
405410 7.5548e+006 29.5466
405410 7.5548e+006 29.5469
405410 7.5548e+006 29.5466
405410 7.5548e+006 29.2714
405410 7.5548e+006 29.2714
405410 7.5548e+006 29.2717
405410 7.5548e+006 29.5469
405413 7.5548e+006 29.5472
405412 7.5548e+006 29.547
405410 7.5548e+006 29.5466
405410 7.5548e+006 29.5466
405410 7.5548e+006 29.5469
405413 7.5548e+006 29.5472
405413 7.5548e+006 29.2721
405412 7.5548e+006 29.2718
405412 7.5548e+006 29.547
405412 7.5548e+006 29.547
405413 7.5548e+006 29.5472
405413 7.5548e+006 29.2721
405410 7.5548e+006 29.2717
405410 7.5548e+006 29.2714
405412 7.5548e+006 29.2718
405412 7.5548e+006 29.2718
405413 7.5548e+006 29.2721
405410 7.5548e+006 29.2717
405409 7.5548e+006 29.544
405407 7.5548e+006 29.5436
405407 7.5548e+006 29.2685
405407 7.5548e+006 29.2685
405409 7.5548e+006 29.2689
405409 7.5548e+006 29.544
405407 7.5548e+006 29.5434
405409 7.5548e+006 29.5437
405409 7.5548e+006 29.2686
405409 7.5548e+006 29.2686
405407 7.5548e+006 29.2682
405407 7.5548e+006 29.5434
405407 7.5548e+006 29.5436
405407 7.5548e+006 29.5434
405407 7.5548e+006 29.2682
405407 7.5548e+006 29.2682
405407 7.5548e+006 29.2685
405407 7.5548e+006 29.5436
405409 7.5548e+006 29.544
405409 7.5548e+006 29.5437
405407 7.5548e+006 29.5434
405407 7.5548e+006 29.5434
405407 7.5548e+006 29.5436
405409 7.5548e+006 29.544
405409 7.5548e+006 29.2689
405409 7.5548e+006 29.2686
405409 7.5548e+006 29.5437
405409 7.5548e+006 29.5437
405409 7.5548e+006 29.544
405409 7.5548e+006 29.2689
405407 7.5548e+006 29.2685
405407 7.5548e+006 29.2682
405409 7.5548e+006 29.2686
405409 7.5548e+006 29.2686
405409 7.5548e+006 29.2689
405407 7.5548e+006 29.2685
405417 7.5548e+006 29.2517
405406 7.55481e+006 29.2408
405406 7.55481e+006 29.5408
405406 7.55481e+006 29.5408
405417 7.5548e+006 29.5517
405417 7.5548e+006 29.2517
405406 7.55481e+006 29.2408
405417 7.5548e+006 29.2517
405417 7.5548e+006 29.5517
405417 7.5548e+006 29.5517
405406 7.55481e+006 29.5408
405406 7.55481e+006 29.2408
405406 7.55481e+006 29.2408
405406 7.55481e+006 29.2408
405406 7.55481e+006 29.5408
405406 7.55481e+006 29.5408
405406 7.55481e+006 29.5408
405406 7.55481e+006 29.2408
405417 7.5548e+006 29.2517
405417 7.5548e+006 29.2517
405406 7.55481e+006 29.2408
405406 7.55481e+006 29.2408
405406 7.55481e+006 29.2408
405417 7.5548e+006 29.2517
405417 7.5548e+006 29.5517
405417 7.5548e+006 29.5517
405417 7.5548e+006 29.2517
405417 7.5548e+006 29.2517
405417 7.5548e+006 29.2517
405417 7.5548e+006 29.5517
405406 7.55481e+006 29.5408
405406 7.55481e+006 29.5408
405417 7.5548e+006 29.5517
405417 7.5548e+006 29.5517
405417 7.5548e+006 29.5517
405406 7.55481e+006 29.5408
405414 7.5548e+006 29.251
405404 7.5548e+006 29.2404
405404 7.5548e+006 29.5404
405404 7.5548e+006 29.5404
405414 7.5548e+006 29.551
405414 7.5548e+006 29.251
405404 7.5548e+006 29.2404
405414 7.5548e+006 29.251
405414 7.5548e+006 29.551
405414 7.5548e+006 29.551
405404 7.5548e+006 29.5404
405404 7.5548e+006 29.2404
405404 7.5548e+006 29.2404
405404 7.5548e+006 29.2404
405404 7.5548e+006 29.5404
405404 7.5548e+006 29.5404
405404 7.5548e+006 29.5404
405404 7.5548e+006 29.2404
405414 7.5548e+006 29.251
405414 7.5548e+006 29.251
405404 7.5548e+006 29.2404
405404 7.5548e+006 29.2404
405404 7.5548e+006 29.2404
405414 7.5548e+006 29.251
405414 7.5548e+006 29.551
405414 7.5548e+006 29.551
405414 7.5548e+006 29.251
405414 7.5548e+006 29.251
405414 7.5548e+006 29.251
405414 7.5548e+006 29.551
405404 7.5548e+006 29.5404
405404 7.5548e+006 29.5404
405414 7.5548e+006 29.551
405414 7.5548e+006 29.551
405414 7.5548e+006 29.551
405404 7.5548e+006 29.5404
405404 7.5548e+006 29.5406
405406 7.55481e+006 29.5409
405406 7.55481e+006 29.5408
405406 7.55481e+006 29.5408
405404 7.5548e+006 29.5404
405404 7.5548e+006 29.5406
405406 7.55481e+006 29.2409
405404 7.5548e+006 29.2406
405404 7.5548e+006 29.2404
405404 7.5548e+006 29.2404
405406 7.55481e+006 29.2408
405406 7.55481e+006 29.2409
405406 7.55481e+006 29.5409
405406 7.55481e+006 29.2409
405406 7.55481e+006 29.2408
405406 7.55481e+006 29.2408
405406 7.55481e+006 29.5408
405406 7.55481e+006 29.5409
405404 7.5548e+006 29.5406
405404 7.5548e+006 29.2406
405406 7.55481e+006 29.2409
405406 7.55481e+006 29.2409
405406 7.55481e+006 29.5409
405404 7.5548e+006 29.5406
405404 7.5548e+006 29.5404
405404 7.5548e+006 29.2404
405404 7.5548e+006 29.2406
405404 7.5548e+006 29.2406
405404 7.5548e+006 29.5406
405404 7.5548e+006 29.5404
405406 7.55481e+006 29.5408
405406 7.55481e+006 29.2408
405404 7.5548e+006 29.2404
405404 7.5548e+006 29.2404
405404 7.5548e+006 29.5404
405406 7.55481e+006 29.5408
405407 7.55481e+006 29.5415
405404 7.5548e+006 29.5411
405404 7.5548e+006 29.2411
405404 7.5548e+006 29.2411
405407 7.55481e+006 29.2415
405407 7.55481e+006 29.5415
405404 7.5548e+006 29.5408
405407 7.55481e+006 29.5412
405407 7.55481e+006 29.2412
405407 7.55481e+006 29.2412
405404 7.5548e+006 29.2408
405404 7.5548e+006 29.5408
405404 7.5548e+006 29.5411
405404 7.5548e+006 29.5408
405404 7.5548e+006 29.2408
405404 7.5548e+006 29.2408
405404 7.5548e+006 29.2411
405404 7.5548e+006 29.5411
405407 7.55481e+006 29.5415
405407 7.55481e+006 29.5412
405404 7.5548e+006 29.5408
405404 7.5548e+006 29.5408
405404 7.5548e+006 29.5411
405407 7.55481e+006 29.5415
405407 7.55481e+006 29.2415
405407 7.55481e+006 29.2412
405407 7.55481e+006 29.5412
405407 7.55481e+006 29.5412
405407 7.55481e+006 29.5415
405407 7.55481e+006 29.2415
405404 7.5548e+006 29.2411
405404 7.5548e+006 29.2408
405407 7.55481e+006 29.2412
405407 7.55481e+006 29.2412
405407 7.55481e+006 29.2415
405404 7.5548e+006 29.2411
405406 7.5548e+006 29.5426
405406 7.5548e+006 29.2426
405409 7.5548e+006 29.2459
405409 7.5548e+006 29.2459
405409 7.5548e+006 29.5459
405406 7.5548e+006 29.5426
405406 7.5548e+006 29.2426
405406 7.5548e+006 29.5426
405409 7.5548e+006 29.546
405409 7.5548e+006 29.546
405409 7.5548e+006 29.246
405406 7.5548e+006 29.2426
405406 7.5548e+006 29.2426
405406 7.5548e+006 29.2426
405409 7.5548e+006 29.246
405409 7.5548e+006 29.246
405409 7.5548e+006 29.2459
405406 7.5548e+006 29.2426
405406 7.5548e+006 29.5426
405406 7.5548e+006 29.5426
405406 7.5548e+006 29.2426
405406 7.5548e+006 29.2426
405406 7.5548e+006 29.2426
405406 7.5548e+006 29.5426
405409 7.5548e+006 29.5459
405409 7.5548e+006 29.546
405406 7.5548e+006 29.5426
405406 7.5548e+006 29.5426
405406 7.5548e+006 29.5426
405409 7.5548e+006 29.5459
405409 7.5548e+006 29.2459
405409 7.5548e+006 29.246
405409 7.5548e+006 29.546
405409 7.5548e+006 29.546
405409 7.5548e+006 29.5459
405409 7.5548e+006 29.2459
405415 7.5548e+006 29.5499
405413 7.5548e+006 29.5495
405413 7.5548e+006 29.2743
405413 7.5548e+006 29.2743
405415 7.5548e+006 29.2747
405415 7.5548e+006 29.5499
405412 7.5548e+006 29.5492
405415 7.5548e+006 29.5496
405415 7.5548e+006 29.2744
405415 7.5548e+006 29.2744
405412 7.5548e+006 29.274
405412 7.5548e+006 29.5492
405413 7.5548e+006 29.5495
405412 7.5548e+006 29.5492
405412 7.5548e+006 29.274
405412 7.5548e+006 29.274
405413 7.5548e+006 29.2743
405413 7.5548e+006 29.5495
405415 7.5548e+006 29.5499
405415 7.5548e+006 29.5496
405412 7.5548e+006 29.5492
405412 7.5548e+006 29.5492
405413 7.5548e+006 29.5495
405415 7.5548e+006 29.5499
405415 7.5548e+006 29.2747
405415 7.5548e+006 29.2744
405415 7.5548e+006 29.5496
405415 7.5548e+006 29.5496
405415 7.5548e+006 29.5499
405415 7.5548e+006 29.2747
405413 7.5548e+006 29.2743
405412 7.5548e+006 29.274
405415 7.5548e+006 29.2744
405415 7.5548e+006 29.2744
405415 7.5548e+006 29.2747
405413 7.5548e+006 29.2743
405407 7.55479e+006 19.7261
405407 7.55479e+006 29.5461
405407 7.55479e+006 29.5461
405407 7.55479e+006 29.5461
405407 7.55479e+006 19.7261
405407 7.55479e+006 19.7261
405407 7.55479e+006 29.5464
405407 7.55479e+006 19.7264
405407 7.55479e+006 19.7264
405407 7.55479e+006 19.7264
405407 7.55479e+006 29.5464
405407 7.55479e+006 29.5464
405407 7.55479e+006 19.7261
405407 7.55479e+006 19.7264
405407 7.55479e+006 29.5464
405407 7.55479e+006 29.5464
405407 7.55479e+006 29.5461
405407 7.55479e+006 19.7261
405407 7.55479e+006 29.5461
405407 7.55479e+006 29.5464
405407 7.55479e+006 19.7264
405407 7.55479e+006 19.7264
405407 7.55479e+006 19.7261
405407 7.55479e+006 29.5461
405411 7.55479e+006 19.7305
405411 7.55479e+006 29.5505
405411 7.55479e+006 29.5505
405411 7.55479e+006 29.5505
405411 7.55479e+006 19.7306
405411 7.55479e+006 19.7305
405411 7.55479e+006 29.5508
405411 7.55479e+006 19.7308
405412 7.55479e+006 19.7308
405412 7.55479e+006 19.7308
405412 7.55479e+006 29.5508
405411 7.55479e+006 29.5508
405411 7.55479e+006 19.7305
405411 7.55479e+006 19.7308
405411 7.55479e+006 29.5508
405411 7.55479e+006 29.5508
405411 7.55479e+006 29.5505
405411 7.55479e+006 19.7305
405411 7.55479e+006 19.7306
405412 7.55479e+006 19.7308
405411 7.55479e+006 19.7308
405411 7.55479e+006 19.7308
405411 7.55479e+006 19.7305
405411 7.55479e+006 19.7306
405411 7.55479e+006 29.5505
405412 7.55479e+006 29.5508
405412 7.55479e+006 19.7308
405412 7.55479e+006 19.7308
405411 7.55479e+006 19.7306
405411 7.55479e+006 29.5505
405404 7.55479e+006 19.7229
405404 7.55479e+006 29.5429
405404 7.55479e+006 29.5429
405404 7.55479e+006 29.5429
405404 7.55479e+006 19.7229
405404 7.55479e+006 19.7229
405404 7.55479e+006 29.5432
405404 7.55479e+006 19.7232
405404 7.55479e+006 19.7232
405404 7.55479e+006 19.7232
405404 7.55479e+006 29.5432
405404 7.55479e+006 29.5432
405404 7.55479e+006 19.7229
405404 7.55479e+006 19.7232
405404 7.55479e+006 29.5432
405404 7.55479e+006 29.5432
405404 7.55479e+006 29.5429
405404 7.55479e+006 19.7229
405404 7.55479e+006 29.5429
405404 7.55479e+006 29.5432
405404 7.55479e+006 19.7232
405404 7.55479e+006 19.7232
405404 7.55479e+006 19.7229
405404 7.55479e+006 29.5429
405404 7.5548e+006 29.5408
405401 7.55479e+006 29.5404
405401 7.55479e+006 29.2259
405401 7.55479e+006 29.2259
405404 7.5548e+006 29.2263
405404 7.5548e+006 29.5408
405401 7.55479e+006 29.5401
405404 7.5548e+006 29.5405
405404 7.5548e+006 29.2261
405404 7.5548e+006 29.2261
405401 7.55479e+006 29.2256
405401 7.55479e+006 29.5401
405401 7.55479e+006 29.5404
405401 7.55479e+006 29.5401
405401 7.55479e+006 29.2256
405401 7.55479e+006 29.2256
405401 7.55479e+006 29.2259
405401 7.55479e+006 29.5404
405404 7.5548e+006 29.5408
405404 7.5548e+006 29.5405
405401 7.55479e+006 29.5401
405401 7.55479e+006 29.5401
405401 7.55479e+006 29.5404
405404 7.5548e+006 29.5408
405404 7.5548e+006 29.2263
405404 7.5548e+006 29.2261
405404 7.5548e+006 29.5405
405404 7.5548e+006 29.5405
405404 7.5548e+006 29.5408
405404 7.5548e+006 29.2263
405401 7.55479e+006 29.2259
405401 7.55479e+006 29.2256
405404 7.5548e+006 29.2261
405404 7.5548e+006 29.2261
405404 7.5548e+006 29.2263
405401 7.55479e+006 29.2259
405427 7.55478e+006 19.7469
405427 7.55478e+006 29.2745
405427 7.55478e+006 29.2745
405427 7.55478e+006 29.2745
405427 7.55478e+006 19.7469
405427 7.55478e+006 19.7469
405427 7.55478e+006 29.2747
405427 7.55478e+006 19.7471
405428 7.55478e+006 19.7471
405428 7.55478e+006 19.7471
405428 7.55478e+006 29.2748
405427 7.55478e+006 29.2747
405427 7.55478e+006 19.7469
405427 7.55478e+006 19.7471
405427 7.55478e+006 29.2747
405427 7.55478e+006 29.2747
405427 7.55478e+006 29.2745
405427 7.55478e+006 19.7469
405427 7.55478e+006 29.2745
405428 7.55478e+006 29.2748
405428 7.55478e+006 19.7471
405428 7.55478e+006 19.7471
405427 7.55478e+006 19.7469
405427 7.55478e+006 29.2745
405423 7.55478e+006 19.7425
405423 7.55478e+006 29.2674
405423 7.55478e+006 29.2674
405423 7.55478e+006 29.2674
405423 7.55478e+006 19.7424
405423 7.55478e+006 19.7425
405423 7.55478e+006 29.2676
405423 7.55478e+006 19.7427
405423 7.55478e+006 19.7427
405423 7.55478e+006 19.7427
405423 7.55478e+006 29.2676
405423 7.55478e+006 29.2676
405423 7.55478e+006 19.7425
405423 7.55478e+006 19.7427
405423 7.55478e+006 29.2676
405423 7.55478e+006 29.2676
405423 7.55478e+006 29.2674
405423 7.55478e+006 19.7425
405423 7.55478e+006 19.7424
405423 7.55478e+006 19.7427
405423 7.55478e+006 19.7427
405423 7.55478e+006 19.7427
405423 7.55478e+006 19.7425
405423 7.55478e+006 19.7424
405423 7.55478e+006 29.2674
405423 7.55478e+006 29.2676
405423 7.55478e+006 19.7427
405423 7.55478e+006 19.7427
405423 7.55478e+006 19.7424
405423 7.55478e+006 29.2674
405430 7.55478e+006 19.7501
405430 7.55478e+006 29.2672
405430 7.55478e+006 29.2673
405430 7.55478e+006 29.2673
405430 7.55478e+006 19.7501
405430 7.55478e+006 19.7501
405431 7.55478e+006 29.2675
405431 7.55478e+006 19.7504
405431 7.55478e+006 19.7504
405431 7.55478e+006 19.7504
405431 7.55478e+006 29.2675
405431 7.55478e+006 29.2675
405430 7.55478e+006 19.7501
405431 7.55478e+006 19.7504
405431 7.55478e+006 29.2675
405431 7.55478e+006 29.2675
405430 7.55478e+006 29.2672
405430 7.55478e+006 19.7501
405430 7.55478e+006 29.2673
405431 7.55478e+006 29.2675
405431 7.55478e+006 19.7504
405431 7.55478e+006 19.7504
405430 7.55478e+006 19.7501
405430 7.55478e+006 29.2673
405423 7.55478e+006 29.5625
405425 7.55479e+006 29.5628
405425 7.55479e+006 29.2628
405425 7.55479e+006 29.2628
405423 7.55478e+006 29.2625
405423 7.55478e+006 29.5625
405426 7.55479e+006 29.5631
405423 7.55478e+006 29.5627
405423 7.55478e+006 29.2627
405423 7.55478e+006 29.2627
405426 7.55479e+006 29.2631
405426 7.55479e+006 29.5631
405425 7.55479e+006 29.5628
405426 7.55479e+006 29.5631
405426 7.55479e+006 29.2631
405426 7.55479e+006 29.2631
405425 7.55479e+006 29.2628
405425 7.55479e+006 29.5628
405423 7.55478e+006 29.5625
405423 7.55478e+006 29.5627
405426 7.55479e+006 29.5631
405426 7.55479e+006 29.5631
405425 7.55479e+006 29.5628
405423 7.55478e+006 29.5625
405423 7.55478e+006 29.2625
405423 7.55478e+006 29.2627
405423 7.55478e+006 29.5627
405423 7.55478e+006 29.5627
405423 7.55478e+006 29.5625
405423 7.55478e+006 29.2625
405425 7.55479e+006 29.2628
405426 7.55479e+006 29.2631
405423 7.55478e+006 29.2627
405423 7.55478e+006 29.2627
405423 7.55478e+006 29.2625
405425 7.55479e+006 29.2628
405427 7.55478e+006 29.5669
405430 7.55479e+006 29.5672
405430 7.55479e+006 29.2921
405430 7.55479e+006 29.2921
405427 7.55478e+006 29.2917
405427 7.55478e+006 29.5669
405430 7.55479e+006 29.5675
405428 7.55478e+006 29.5671
405428 7.55478e+006 29.292
405428 7.55478e+006 29.292
405430 7.55479e+006 29.2923
405430 7.55479e+006 29.5675
405430 7.55479e+006 29.5672
405430 7.55479e+006 29.5675
405430 7.55479e+006 29.2923
405430 7.55479e+006 29.2923
405430 7.55479e+006 29.2921
405430 7.55479e+006 29.5672
405427 7.55478e+006 29.5669
405428 7.55478e+006 29.5671
405430 7.55479e+006 29.5675
405430 7.55479e+006 29.5675
405430 7.55479e+006 29.5672
405427 7.55478e+006 29.5669
405427 7.55478e+006 29.2917
405428 7.55478e+006 29.292
405428 7.55478e+006 29.5671
405428 7.55478e+006 29.5671
405427 7.55478e+006 29.5669
405427 7.55478e+006 29.2917
405430 7.55479e+006 29.2921
405430 7.55479e+006 29.2923
405428 7.55478e+006 29.292
405428 7.55478e+006 29.292
405427 7.55478e+006 29.2917
405430 7.55479e+006 29.2921
405430 7.55478e+006 29.5701
405433 7.55479e+006 29.5704
405433 7.55479e+006 29.2953
405433 7.55479e+006 29.2953
405430 7.55478e+006 29.2949
405430 7.55478e+006 29.5701
405433 7.55479e+006 29.5707
405431 7.55478e+006 29.5704
405431 7.55478e+006 29.2952
405431 7.55478e+006 29.2952
405433 7.55479e+006 29.2955
405433 7.55479e+006 29.5707
405430 7.55478e+006 29.5701
405431 7.55478e+006 29.5704
405433 7.55479e+006 29.5707
405433 7.55479e+006 29.5707
405433 7.55479e+006 29.5704
405430 7.55478e+006 29.5701
405430 7.55478e+006 29.2949
405431 7.55478e+006 29.2952
405431 7.55478e+006 29.5704
405431 7.55478e+006 29.5704
405430 7.55478e+006 29.5701
405430 7.55478e+006 29.2949
405433 7.55479e+006 29.2953
405433 7.55479e+006 29.2955
405431 7.55478e+006 29.2952
405431 7.55478e+006 29.2952
405430 7.55478e+006 29.2949
405433 7.55479e+006 29.2953
405423 7.55478e+006 29.2624
405433 7.55478e+006 29.2733
405433 7.55478e+006 29.5733
405433 7.55478e+006 29.5733
405423 7.55478e+006 29.5624
405423 7.55478e+006 29.2624
405434 7.55478e+006 29.2733
405423 7.55478e+006 29.2625
405423 7.55478e+006 29.5625
405423 7.55478e+006 29.5625
405434 7.55478e+006 29.5733
405434 7.55478e+006 29.2733
405433 7.55478e+006 29.2733
405434 7.55478e+006 29.2733
405434 7.55478e+006 29.5733
405434 7.55478e+006 29.5733
405433 7.55478e+006 29.5733
405433 7.55478e+006 29.2733
405423 7.55478e+006 29.2624
405423 7.55478e+006 29.2625
405434 7.55478e+006 29.2733
405434 7.55478e+006 29.2733
405433 7.55478e+006 29.2733
405423 7.55478e+006 29.2624
405423 7.55478e+006 29.5624
405423 7.55478e+006 29.5625
405423 7.55478e+006 29.2625
405423 7.55478e+006 29.2625
405423 7.55478e+006 29.2624
405423 7.55478e+006 29.5624
405433 7.55478e+006 29.5733
405434 7.55478e+006 29.5733
405423 7.55478e+006 29.5625
405423 7.55478e+006 29.5625
405423 7.55478e+006 29.5624
405433 7.55478e+006 29.5733
405425 7.55479e+006 29.2631
405436 7.55478e+006 29.2737
405436 7.55478e+006 29.5737
405436 7.55478e+006 29.5737
405425 7.55479e+006 29.5631
405425 7.55479e+006 29.2631
405436 7.55478e+006 29.2737
405426 7.55479e+006 29.2631
405426 7.55479e+006 29.5631
405426 7.55479e+006 29.5631
405436 7.55478e+006 29.5737
405436 7.55478e+006 29.2737
405436 7.55478e+006 29.2737
405436 7.55478e+006 29.2737
405436 7.55478e+006 29.5737
405436 7.55478e+006 29.5737
405436 7.55478e+006 29.5737
405436 7.55478e+006 29.2737
405425 7.55479e+006 29.2631
405426 7.55479e+006 29.2631
405436 7.55478e+006 29.2737
405436 7.55478e+006 29.2737
405436 7.55478e+006 29.2737
405425 7.55479e+006 29.2631
405425 7.55479e+006 29.5631
405426 7.55479e+006 29.5631
405426 7.55479e+006 29.2631
405426 7.55479e+006 29.2631
405425 7.55479e+006 29.2631
405425 7.55479e+006 29.5631
405436 7.55478e+006 29.5737
405436 7.55478e+006 29.5737
405426 7.55479e+006 29.5631
405426 7.55479e+006 29.5631
405425 7.55479e+006 29.5631
405436 7.55478e+006 29.5737
405436 7.55478e+006 29.5735
405433 7.55478e+006 29.5732
405434 7.55478e+006 29.5733
405434 7.55478e+006 29.5733
405436 7.55478e+006 29.5737
405436 7.55478e+006 29.5735
405433 7.55478e+006 29.2732
405436 7.55478e+006 29.2735
405436 7.55478e+006 29.2737
405436 7.55478e+006 29.2737
405434 7.55478e+006 29.2733
405433 7.55478e+006 29.2732
405433 7.55478e+006 29.5732
405433 7.55478e+006 29.2732
405434 7.55478e+006 29.2733
405434 7.55478e+006 29.2733
405434 7.55478e+006 29.5733
405433 7.55478e+006 29.5732
405436 7.55478e+006 29.5735
405436 7.55478e+006 29.2735
405433 7.55478e+006 29.2732
405433 7.55478e+006 29.2732
405433 7.55478e+006 29.5732
405436 7.55478e+006 29.5735
405434 7.55478e+006 29.5733
405434 7.55478e+006 29.2733
405436 7.55478e+006 29.2737
405436 7.55478e+006 29.2737
405436 7.55478e+006 29.5737
405434 7.55478e+006 29.5733
405433 7.55478e+006 29.5726
405435 7.55478e+006 29.573
405435 7.55478e+006 29.273
405435 7.55478e+006 29.273
405433 7.55478e+006 29.2726
405433 7.55478e+006 29.5726
405436 7.55478e+006 29.5732
405433 7.55478e+006 29.5729
405433 7.55478e+006 29.2729
405433 7.55478e+006 29.2729
405436 7.55478e+006 29.2732
405436 7.55478e+006 29.5732
405433 7.55478e+006 29.5726
405433 7.55478e+006 29.5729
405436 7.55478e+006 29.5732
405436 7.55478e+006 29.5732
405435 7.55478e+006 29.573
405433 7.55478e+006 29.5726
405433 7.55478e+006 29.2726
405433 7.55478e+006 29.2729
405433 7.55478e+006 29.5729
405433 7.55478e+006 29.5729
405433 7.55478e+006 29.5726
405433 7.55478e+006 29.2726
405435 7.55478e+006 29.273
405436 7.55478e+006 29.2732
405433 7.55478e+006 29.2729
405433 7.55478e+006 29.2729
405433 7.55478e+006 29.2726
405435 7.55478e+006 29.273
405434 7.55479e+006 29.5715
405434 7.55479e+006 29.2715
405431 7.55479e+006 29.2681
405431 7.55479e+006 29.2681
405431 7.55479e+006 29.5681
405434 7.55479e+006 29.5715
405434 7.55478e+006 29.2714
405434 7.55478e+006 29.5714
405431 7.55479e+006 29.5681
405431 7.55479e+006 29.5681
405431 7.55479e+006 29.2681
405434 7.55478e+006 29.2714
405434 7.55479e+006 29.2715
405434 7.55478e+006 29.2714
405431 7.55479e+006 29.2681
405431 7.55479e+006 29.2681
405431 7.55479e+006 29.2681
405434 7.55479e+006 29.2715
405434 7.55479e+006 29.5715
405434 7.55478e+006 29.5714
405434 7.55478e+006 29.2714
405434 7.55478e+006 29.2714
405434 7.55479e+006 29.2715
405434 7.55479e+006 29.5715
405431 7.55479e+006 29.5681
405431 7.55479e+006 29.5681
405434 7.55478e+006 29.5714
405434 7.55478e+006 29.5714
405434 7.55479e+006 29.5715
405431 7.55479e+006 29.5681
405431 7.55479e+006 29.2681
405431 7.55479e+006 29.2681
405431 7.55479e+006 29.5681
405431 7.55479e+006 29.5681
405431 7.55479e+006 29.5681
405431 7.55479e+006 29.2681
405425 7.55478e+006 29.5642
405427 7.55479e+006 29.5646
405427 7.55479e+006 29.2894
405427 7.55479e+006 29.2894
405425 7.55478e+006 29.2891
405425 7.55478e+006 29.5642
405427 7.55479e+006 29.5649
405425 7.55478e+006 29.5645
405425 7.55478e+006 29.2894
405425 7.55478e+006 29.2894
405427 7.55479e+006 29.2897
405427 7.55479e+006 29.5649
405427 7.55479e+006 29.5646
405427 7.55479e+006 29.5649
405427 7.55479e+006 29.2897
405427 7.55479e+006 29.2897
405427 7.55479e+006 29.2894
405427 7.55479e+006 29.5646
405425 7.55478e+006 29.5642
405425 7.55478e+006 29.5645
405427 7.55479e+006 29.5649
405427 7.55479e+006 29.5649
405427 7.55479e+006 29.5646
405425 7.55478e+006 29.5642
405425 7.55478e+006 29.2891
405425 7.55478e+006 29.2894
405425 7.55478e+006 29.5645
405425 7.55478e+006 29.5645
405425 7.55478e+006 29.5642
405425 7.55478e+006 29.2891
405427 7.55479e+006 29.2894
405427 7.55479e+006 29.2897
405425 7.55478e+006 29.2894
405425 7.55478e+006 29.2894
405425 7.55478e+006 29.2891
405427 7.55479e+006 29.2894
405433 7.55478e+006 19.753
405433 7.55478e+006 29.2702
405433 7.55478e+006 29.2702
405433 7.55478e+006 29.2702
405433 7.55478e+006 19.753
405433 7.55478e+006 19.753
405433 7.55478e+006 29.2705
405433 7.55478e+006 19.7533
405434 7.55478e+006 19.7533
405434 7.55478e+006 19.7533
405434 7.55478e+006 29.2705
405433 7.55478e+006 29.2705
405433 7.55478e+006 19.753
405433 7.55478e+006 19.7533
405433 7.55478e+006 29.2705
405433 7.55478e+006 29.2705
405433 7.55478e+006 29.2702
405433 7.55478e+006 19.753
405433 7.55478e+006 29.2702
405434 7.55478e+006 29.2705
405434 7.55478e+006 19.7533
405434 7.55478e+006 19.7533
405433 7.55478e+006 19.753
405433 7.55478e+006 29.2702
405430 7.55479e+006 19.7475
405430 7.55479e+006 29.2647
405430 7.55479e+006 29.2647
405430 7.55479e+006 29.2647
405430 7.55479e+006 19.7475
405430 7.55479e+006 19.7475
405430 7.55479e+006 29.2644
405430 7.55479e+006 19.7472
405430 7.55479e+006 19.7472
405430 7.55479e+006 19.7472
405430 7.55479e+006 29.2644
405430 7.55479e+006 29.2644
405430 7.55479e+006 19.7475
405430 7.55479e+006 19.7472
405430 7.55479e+006 29.2644
405430 7.55479e+006 29.2644
405430 7.55479e+006 29.2647
405430 7.55479e+006 19.7475
405430 7.55479e+006 29.2647
405430 7.55479e+006 29.2644
405430 7.55479e+006 19.7472
405430 7.55479e+006 19.7472
405430 7.55479e+006 19.7475
405430 7.55479e+006 29.2647
405426 7.55479e+006 19.7431
405426 7.55479e+006 29.2603
405425 7.55479e+006 29.2602
405425 7.55479e+006 29.2602
405425 7.55479e+006 19.7431
405426 7.55479e+006 19.7431
405425 7.55479e+006 29.26
405425 7.55479e+006 19.7428
405425 7.55479e+006 19.7428
405425 7.55479e+006 19.7428
405425 7.55479e+006 29.26
405425 7.55479e+006 29.26
405426 7.55479e+006 19.7431
405425 7.55479e+006 19.7428
405425 7.55479e+006 29.26
405425 7.55479e+006 29.26
405426 7.55479e+006 29.2603
405426 7.55479e+006 19.7431
405425 7.55479e+006 29.2602
405425 7.55479e+006 29.26
405425 7.55479e+006 19.7428
405425 7.55479e+006 19.7428
405425 7.55479e+006 19.7431
405425 7.55479e+006 29.2602
405433 7.55479e+006 19.7507
405433 7.55479e+006 29.2679
405433 7.55479e+006 29.2679
405433 7.55479e+006 29.2679
405433 7.55479e+006 19.7507
405433 7.55479e+006 19.7507
405433 7.55479e+006 29.2676
405433 7.55479e+006 19.7505
405433 7.55479e+006 19.7504
405433 7.55479e+006 19.7504
405433 7.55479e+006 29.2676
405433 7.55479e+006 29.2676
405433 7.55479e+006 19.7507
405433 7.55479e+006 19.7505
405433 7.55479e+006 29.2676
405433 7.55479e+006 29.2676
405433 7.55479e+006 29.2679
405433 7.55479e+006 19.7507
405433 7.55479e+006 29.2679
405433 7.55479e+006 29.2676
405433 7.55479e+006 19.7504
405433 7.55479e+006 19.7504
405433 7.55479e+006 19.7507
405433 7.55479e+006 29.2679
