405415 7.55479e+006 23.4343
405415 7.55479e+006 23.3843
405416 7.55479e+006 23.3844
405416 7.55479e+006 23.3844
405416 7.55479e+006 23.4344
405415 7.55479e+006 23.4343
405413 7.55479e+006 23.3816
405413 7.55479e+006 23.4316
405413 7.55479e+006 23.4317
405413 7.55479e+006 23.4317
405413 7.55479e+006 23.3817
405413 7.55479e+006 23.3816
405415 7.55479e+006 23.3843
405413 7.55479e+006 23.3816
405413 7.55479e+006 23.3817
405413 7.55479e+006 23.3817
405416 7.55479e+006 23.3844
405415 7.55479e+006 23.3843
405415 7.55479e+006 23.4343
405413 7.55479e+006 23.4316
405413 7.55479e+006 23.3816
405413 7.55479e+006 23.3816
405415 7.55479e+006 23.3843
405415 7.55479e+006 23.4343
405416 7.55479e+006 23.4344
405413 7.55479e+006 23.4317
405413 7.55479e+006 23.4316
405413 7.55479e+006 23.4316
405415 7.55479e+006 23.4343
405416 7.55479e+006 23.4344
405416 7.55479e+006 23.3844
405413 7.55479e+006 23.3817
405413 7.55479e+006 23.4317
405413 7.55479e+006 23.4317
405416 7.55479e+006 23.4344
405416 7.55479e+006 23.3844
