400528 7.55244e+006 21.2261
400528 7.55244e+006 21.2261
400522 7.55244e+006 21.2261
400522 7.55244e+006 21.2261
400522 7.55244e+006 21.2261
400528 7.55244e+006 21.2261
400528 7.55244e+006 23.659
400522 7.55244e+006 23.659
400522 7.55244e+006 23.659
400522 7.55244e+006 23.659
400528 7.55244e+006 23.659
400528 7.55244e+006 23.659
400528 7.55244e+006 23.659
400522 7.55244e+006 23.659
400522 7.55244e+006 21.2261
400522 7.55244e+006 21.2261
400528 7.55244e+006 21.2261
400528 7.55244e+006 23.659
400528 7.55244e+006 23.659
400528 7.55244e+006 23.659
400528 7.55244e+006 21.2261
400528 7.55244e+006 21.2261
400528 7.55244e+006 21.2261
400528 7.55244e+006 23.659
400522 7.55244e+006 23.659
400528 7.55244e+006 23.659
400528 7.55244e+006 21.2261
400528 7.55244e+006 21.2261
400522 7.55244e+006 21.2261
400522 7.55244e+006 23.659
400522 7.55244e+006 23.659
400522 7.55244e+006 23.659
400522 7.55244e+006 21.2261
400522 7.55244e+006 21.2261
400522 7.55244e+006 21.2261
400522 7.55244e+006 23.659
