403389 7.54948e+006 -465.942
403388 7.54948e+006 -465.942
403388 7.54948e+006 -465.942
403388 7.54948e+006 -465.942
403389 7.54948e+006 -465.942
403389 7.54948e+006 -465.942
403389 7.54948e+006 -465.731
403389 7.54948e+006 -465.731
403388 7.54948e+006 -465.731
403388 7.54948e+006 -465.731
403388 7.54948e+006 -465.731
403389 7.54948e+006 -465.731
403389 7.54948e+006 -465.942
403388 7.54948e+006 -465.942
403388 7.54948e+006 -465.731
403388 7.54948e+006 -465.731
403389 7.54948e+006 -465.731
403389 7.54948e+006 -465.942
403388 7.54948e+006 -465.942
403389 7.54948e+006 -465.942
403389 7.54948e+006 -465.731
403389 7.54948e+006 -465.731
403388 7.54948e+006 -465.731
403388 7.54948e+006 -465.942
403389 7.54948e+006 -465.942
403388 7.54948e+006 -465.942
403388 7.54948e+006 -465.942
403388 7.54948e+006 -465.942
403389 7.54948e+006 -465.942
403389 7.54948e+006 -465.942
403389 7.54948e+006 -465.731
403389 7.54948e+006 -465.731
403388 7.54948e+006 -465.731
403388 7.54948e+006 -465.731
403388 7.54948e+006 -465.731
403389 7.54948e+006 -465.731
403389 7.54948e+006 -465.942
403388 7.54948e+006 -465.942
403388 7.54948e+006 -465.731
403388 7.54948e+006 -465.731
403389 7.54948e+006 -465.731
403389 7.54948e+006 -465.942
403388 7.54948e+006 -465.942
403389 7.54948e+006 -465.942
403389 7.54948e+006 -465.731
403389 7.54948e+006 -465.731
403388 7.54948e+006 -465.731
403388 7.54948e+006 -465.942
403387 7.54948e+006 -465.942
403387 7.54948e+006 -465.942
403387 7.54948e+006 -465.942
403387 7.54948e+006 -465.942
403387 7.54948e+006 -465.942
403387 7.54948e+006 -465.942
403387 7.54948e+006 -465.731
403387 7.54948e+006 -465.731
403387 7.54948e+006 -465.731
403387 7.54948e+006 -465.731
403387 7.54948e+006 -465.731
403387 7.54948e+006 -465.731
403387 7.54948e+006 -465.942
403387 7.54948e+006 -465.942
403387 7.54948e+006 -465.731
403387 7.54948e+006 -465.731
403387 7.54948e+006 -465.731
403387 7.54948e+006 -465.942
403387 7.54948e+006 -465.942
403387 7.54948e+006 -465.942
403387 7.54948e+006 -465.731
403387 7.54948e+006 -465.731
403387 7.54948e+006 -465.731
403387 7.54948e+006 -465.942
403387 7.54948e+006 -465.942
403387 7.54948e+006 -465.942
403387 7.54948e+006 -465.942
403387 7.54948e+006 -465.942
403387 7.54948e+006 -465.942
403387 7.54948e+006 -465.942
403387 7.54948e+006 -465.731
403387 7.54948e+006 -465.731
403387 7.54948e+006 -465.731
403387 7.54948e+006 -465.731
403387 7.54948e+006 -465.731
403387 7.54948e+006 -465.731
403387 7.54948e+006 -465.942
403387 7.54948e+006 -465.942
403387 7.54948e+006 -465.731
403387 7.54948e+006 -465.731
403387 7.54948e+006 -465.731
403387 7.54948e+006 -465.942
403387 7.54948e+006 -465.942
403387 7.54948e+006 -465.942
403387 7.54948e+006 -465.731
403387 7.54948e+006 -465.731
403387 7.54948e+006 -465.731
403387 7.54948e+006 -465.942
403388 7.54948e+006 -466.256
403388 7.54948e+006 -465.356
403388 7.54948e+006 -465.356
403388 7.54948e+006 -465.356
403388 7.54948e+006 -466.256
403388 7.54948e+006 -466.256
403388 7.54948e+006 -466.256
403388 7.54948e+006 -465.356
403388 7.54948e+006 -465.356
403388 7.54948e+006 -465.356
403388 7.54948e+006 -466.256
403388 7.54948e+006 -466.256
403388 7.54948e+006 -466.256
403388 7.54948e+006 -465.356
403388 7.54948e+006 -465.356
403388 7.54948e+006 -465.356
403388 7.54948e+006 -466.256
403388 7.54948e+006 -466.256
403388 7.54948e+006 -466.256
403388 7.54948e+006 -465.356
403388 7.54948e+006 -465.356
403388 7.54948e+006 -465.356
403388 7.54948e+006 -466.256
403388 7.54948e+006 -466.256
403388 7.54948e+006 -466.256
403388 7.54948e+006 -465.356
403388 7.54948e+006 -465.356
403388 7.54948e+006 -465.356
403388 7.54948e+006 -466.256
403388 7.54948e+006 -466.256
403388 7.54948e+006 -466.256
403388 7.54948e+006 -465.356
403388 7.54948e+006 -465.356
403388 7.54948e+006 -465.356
403388 7.54948e+006 -466.256
403388 7.54948e+006 -466.256
403387 7.54948e+006 -466.256
403387 7.54948e+006 -465.356
403388 7.54948e+006 -465.356
403388 7.54948e+006 -465.356
403388 7.54948e+006 -466.256
403387 7.54948e+006 -466.256
403387 7.54948e+006 -466.256
403387 7.54948e+006 -465.356
403387 7.54948e+006 -465.356
403387 7.54948e+006 -465.356
403387 7.54948e+006 -466.256
403387 7.54948e+006 -466.256
403387 7.54948e+006 -466.256
403387 7.54948e+006 -465.356
403387 7.54948e+006 -465.356
403387 7.54948e+006 -465.356
403387 7.54948e+006 -466.256
403387 7.54948e+006 -466.256
403387 7.54948e+006 -466.256
403387 7.54948e+006 -465.356
403387 7.54948e+006 -465.356
403387 7.54948e+006 -465.356
403387 7.54948e+006 -466.256
403387 7.54948e+006 -466.256
403387 7.54948e+006 -466.256
403387 7.54948e+006 -465.356
403387 7.54948e+006 -465.356
403387 7.54948e+006 -465.356
403387 7.54948e+006 -466.256
403387 7.54948e+006 -466.256
403388 7.54948e+006 -466.256
403388 7.54948e+006 -465.356
403387 7.54948e+006 -465.356
403387 7.54948e+006 -465.356
403387 7.54948e+006 -466.256
403388 7.54948e+006 -466.256
403387 7.54948e+006 -465.356
403387 7.54948e+006 -465.356
403388 7.54948e+006 -465.356
403387 7.54948e+006 -465.356
403387 7.54948e+006 -465.356
403388 7.54948e+006 -465.356
403387 7.54948e+006 -465.356
403387 7.54948e+006 -465.356
403388 7.54948e+006 -465.356
403387 7.54948e+006 -465.356
403387 7.54948e+006 -465.356
403388 7.54948e+006 -465.356
403388 7.54948e+006 -465.356
403387 7.54948e+006 -465.356
403388 7.54948e+006 -465.356
403388 7.54948e+006 -465.356
403388 7.54948e+006 -465.356
403388 7.54948e+006 -465.356
403388 7.54948e+006 -465.356
403388 7.54948e+006 -465.356
403388 7.54948e+006 -465.356
403388 7.54948e+006 -465.356
403388 7.54948e+006 -465.356
403388 7.54948e+006 -465.356
403388 7.54948e+006 -465.356
403388 7.54948e+006 -465.356
403388 7.54948e+006 -465.356
403388 7.54948e+006 -465.356
403388 7.54948e+006 -465.356
403388 7.54948e+006 -465.356
403388 7.54948e+006 -466.256
403388 7.54948e+006 -466.256
403388 7.54948e+006 -466.256
403388 7.54948e+006 -466.256
403387 7.54948e+006 -466.256
403387 7.54948e+006 -466.256
403388 7.54948e+006 -466.256
403387 7.54948e+006 -466.256
403387 7.54948e+006 -466.256
403388 7.54948e+006 -466.256
403387 7.54948e+006 -466.256
403387 7.54948e+006 -466.256
403388 7.54948e+006 -466.256
403387 7.54948e+006 -466.256
403387 7.54948e+006 -466.256
403388 7.54948e+006 -466.256
403387 7.54948e+006 -466.256
403388 7.54948e+006 -466.256
403388 7.54948e+006 -466.256
403388 7.54948e+006 -466.256
403388 7.54948e+006 -466.256
403388 7.54948e+006 -466.256
403388 7.54948e+006 -466.256
403388 7.54948e+006 -466.256
403388 7.54948e+006 -466.256
403388 7.54948e+006 -466.256
403388 7.54948e+006 -466.256
403388 7.54948e+006 -466.256
403388 7.54948e+006 -466.256
403388 7.54948e+006 -466.256
403388 7.54948e+006 -465.386
403387 7.54948e+006 -465.386
403387 7.54948e+006 -464.996
403387 7.54948e+006 -464.996
403388 7.54948e+006 -464.996
403388 7.54948e+006 -465.386
403387 7.54948e+006 -465.386
403387 7.54948e+006 -465.386
403387 7.54948e+006 -464.996
403387 7.54948e+006 -464.996
403387 7.54948e+006 -464.996
403387 7.54948e+006 -465.386
403387 7.54948e+006 -465.386
403387 7.54948e+006 -465.386
403387 7.54948e+006 -464.996
403387 7.54948e+006 -464.996
403387 7.54948e+006 -464.996
403387 7.54948e+006 -465.386
403387 7.54948e+006 -465.386
403387 7.54948e+006 -465.386
403387 7.54948e+006 -464.996
403387 7.54948e+006 -464.996
403387 7.54948e+006 -464.996
403387 7.54948e+006 -465.386
403387 7.54948e+006 -465.386
403387 7.54948e+006 -465.386
403387 7.54948e+006 -464.996
403387 7.54948e+006 -464.996
403387 7.54948e+006 -464.996
403387 7.54948e+006 -465.386
403387 7.54948e+006 -465.386
403388 7.54948e+006 -465.386
403388 7.54948e+006 -464.996
403388 7.54948e+006 -464.996
403387 7.54948e+006 -464.996
403387 7.54948e+006 -465.386
403388 7.54948e+006 -465.386
403388 7.54948e+006 -465.386
403388 7.54948e+006 -464.996
403388 7.54948e+006 -464.996
403388 7.54948e+006 -464.996
403388 7.54948e+006 -465.386
403388 7.54948e+006 -465.386
403388 7.54948e+006 -465.386
403388 7.54948e+006 -464.996
403388 7.54948e+006 -464.996
403388 7.54948e+006 -464.996
403388 7.54948e+006 -465.386
403388 7.54948e+006 -465.386
403388 7.54948e+006 -465.386
403388 7.54948e+006 -464.996
403388 7.54948e+006 -464.996
403388 7.54948e+006 -464.996
403388 7.54948e+006 -465.386
403388 7.54948e+006 -465.386
403388 7.54948e+006 -465.386
403388 7.54948e+006 -464.996
403388 7.54948e+006 -464.996
403388 7.54948e+006 -464.996
403388 7.54948e+006 -465.386
403388 7.54948e+006 -465.386
403388 7.54948e+006 -465.386
403388 7.54948e+006 -464.996
403388 7.54948e+006 -464.996
403388 7.54948e+006 -464.996
403388 7.54948e+006 -465.386
403388 7.54948e+006 -465.386
403388 7.54948e+006 -465.386
403388 7.54948e+006 -464.996
403388 7.54948e+006 -464.996
403388 7.54948e+006 -464.996
403388 7.54948e+006 -465.386
403388 7.54948e+006 -465.386
403388 7.54948e+006 -465.386
403388 7.54948e+006 -465.386
403388 7.54948e+006 -465.386
403388 7.54948e+006 -465.386
403388 7.54948e+006 -465.386
403388 7.54948e+006 -465.386
403387 7.54948e+006 -465.386
403387 7.54948e+006 -465.386
403388 7.54948e+006 -465.386
403388 7.54948e+006 -465.386
403387 7.54948e+006 -465.386
403387 7.54948e+006 -465.386
403387 7.54948e+006 -465.386
403387 7.54948e+006 -465.386
403387 7.54948e+006 -465.386
403387 7.54948e+006 -465.386
403388 7.54948e+006 -465.386
403387 7.54948e+006 -465.386
403387 7.54948e+006 -465.386
403388 7.54948e+006 -465.386
403388 7.54948e+006 -465.386
403387 7.54948e+006 -465.386
403388 7.54948e+006 -465.386
403388 7.54948e+006 -465.386
403388 7.54948e+006 -465.386
403388 7.54948e+006 -465.386
403388 7.54948e+006 -465.386
403388 7.54948e+006 -465.386
403388 7.54948e+006 -465.386
403387 7.54948e+006 -464.996
403387 7.54948e+006 -464.996
403387 7.54948e+006 -464.996
403387 7.54948e+006 -464.996
403387 7.54948e+006 -464.996
403387 7.54948e+006 -464.996
403387 7.54948e+006 -464.996
403388 7.54948e+006 -464.996
403388 7.54948e+006 -464.996
403387 7.54948e+006 -464.996
403387 7.54948e+006 -464.996
403388 7.54948e+006 -464.996
403388 7.54948e+006 -464.996
403388 7.54948e+006 -464.996
403388 7.54948e+006 -464.996
403388 7.54948e+006 -464.996
403388 7.54948e+006 -464.996
403388 7.54948e+006 -464.996
403388 7.54948e+006 -464.996
403388 7.54948e+006 -464.996
403388 7.54948e+006 -464.996
403387 7.54948e+006 -464.996
403388 7.54948e+006 -464.996
403388 7.54948e+006 -464.996
403387 7.54948e+006 -464.996
403387 7.54948e+006 -464.996
403388 7.54948e+006 -464.996
403388 7.54948e+006 -464.996
403387 7.54948e+006 -464.996
403388 7.54948e+006 -464.996
403389 7.54948e+006 -466.592
403389 7.54948e+006 -466.72
403389 7.54948e+006 -466.72
403389 7.54948e+006 -466.72
403389 7.54948e+006 -466.592
403389 7.54948e+006 -466.592
403388 7.54948e+006 -466.256
403389 7.54948e+006 -466.592
403389 7.54948e+006 -466.592
403389 7.54948e+006 -466.592
403388 7.54948e+006 -466.256
403388 7.54948e+006 -466.256
403388 7.54948e+006 -466.256
403388 7.54948e+006 -466.256
403388 7.54948e+006 -466.256
403388 7.54948e+006 -466.256
403388 7.54948e+006 -466.256
403388 7.54948e+006 -466.256
403389 7.54948e+006 -466.72
403388 7.54948e+006 -466.721
403388 7.54948e+006 -466.721
403388 7.54948e+006 -466.721
403389 7.54948e+006 -466.72
403389 7.54948e+006 -466.72
403388 7.54948e+006 -466.256
403389 7.54948e+006 -466.592
403389 7.54948e+006 -466.72
403388 7.54948e+006 -466.256
403388 7.54948e+006 -466.256
403389 7.54948e+006 -466.72
403388 7.54948e+006 -466.496
403388 7.54948e+006 -466.256
403389 7.54948e+006 -466.72
403388 7.54948e+006 -466.496
403389 7.54948e+006 -466.72
403388 7.54948e+006 -466.721
403388 7.54948e+006 -466.496
403388 7.54948e+006 -466.721
403389 7.54948e+006 -466.72
403389 7.54948e+006 -466.72
403389 7.54948e+006 -466.592
403388 7.54948e+006 -466.256
403389 7.54948e+006 -466.72
403388 7.54948e+006 -466.256
403388 7.54948e+006 -466.256
403388 7.54948e+006 -466.496
403389 7.54948e+006 -466.72
403388 7.54948e+006 -466.256
403389 7.54948e+006 -466.592
403389 7.54948e+006 -466.72
403389 7.54948e+006 -466.72
403389 7.54948e+006 -466.72
403389 7.54948e+006 -466.592
403389 7.54948e+006 -466.592
403388 7.54948e+006 -466.256
403389 7.54948e+006 -466.592
403389 7.54948e+006 -466.592
403389 7.54948e+006 -466.592
403388 7.54948e+006 -466.256
403388 7.54948e+006 -466.256
403388 7.54948e+006 -466.256
403388 7.54948e+006 -466.256
403388 7.54948e+006 -466.256
403388 7.54948e+006 -466.256
403388 7.54948e+006 -466.256
403388 7.54948e+006 -466.256
403389 7.54948e+006 -466.72
403388 7.54948e+006 -466.721
403388 7.54948e+006 -466.721
403388 7.54948e+006 -466.721
403389 7.54948e+006 -466.72
403389 7.54948e+006 -466.72
403388 7.54948e+006 -466.256
403389 7.54948e+006 -466.592
403389 7.54948e+006 -466.72
403388 7.54948e+006 -466.256
403388 7.54948e+006 -466.256
403389 7.54948e+006 -466.72
403388 7.54948e+006 -466.496
403388 7.54948e+006 -466.256
403389 7.54948e+006 -466.72
403388 7.54948e+006 -466.496
403389 7.54948e+006 -466.72
403388 7.54948e+006 -466.721
403388 7.54948e+006 -466.496
403388 7.54948e+006 -466.721
403389 7.54948e+006 -466.72
403389 7.54948e+006 -466.72
403389 7.54948e+006 -466.592
403388 7.54948e+006 -466.256
403389 7.54948e+006 -466.72
403388 7.54948e+006 -466.256
403388 7.54948e+006 -466.256
403388 7.54948e+006 -466.496
403389 7.54948e+006 -466.72
403388 7.54948e+006 -466.256
403388 7.54948e+006 -466.592
403388 7.54948e+006 -466.72
403388 7.54948e+006 -466.72
403388 7.54948e+006 -466.72
403388 7.54948e+006 -466.592
403388 7.54948e+006 -466.592
403388 7.54948e+006 -466.256
403388 7.54948e+006 -466.592
403388 7.54948e+006 -466.592
403388 7.54948e+006 -466.592
403388 7.54948e+006 -466.256
403388 7.54948e+006 -466.256
403388 7.54948e+006 -466.256
403388 7.54948e+006 -466.256
403388 7.54948e+006 -466.256
403388 7.54948e+006 -466.256
403388 7.54948e+006 -466.256
403388 7.54948e+006 -466.256
403388 7.54948e+006 -466.72
403388 7.54948e+006 -466.721
403388 7.54948e+006 -466.721
403388 7.54948e+006 -466.721
403388 7.54948e+006 -466.72
403388 7.54948e+006 -466.72
403388 7.54948e+006 -466.256
403388 7.54948e+006 -466.592
403388 7.54948e+006 -466.72
403388 7.54948e+006 -466.256
403388 7.54948e+006 -466.256
403388 7.54948e+006 -466.72
403388 7.54948e+006 -466.496
403388 7.54948e+006 -466.256
403388 7.54948e+006 -466.72
403388 7.54948e+006 -466.496
403388 7.54948e+006 -466.72
403388 7.54948e+006 -466.721
403388 7.54948e+006 -466.496
403388 7.54948e+006 -466.721
403388 7.54948e+006 -466.72
403388 7.54948e+006 -466.72
403388 7.54948e+006 -466.592
403388 7.54948e+006 -466.256
403388 7.54948e+006 -466.72
403388 7.54948e+006 -466.256
403388 7.54948e+006 -466.256
403388 7.54948e+006 -466.496
403388 7.54948e+006 -466.72
403388 7.54948e+006 -466.256
403387 7.54948e+006 -466.592
403387 7.54948e+006 -466.72
403387 7.54948e+006 -466.72
403387 7.54948e+006 -466.72
403387 7.54948e+006 -466.592
403387 7.54948e+006 -466.592
403387 7.54948e+006 -466.256
403387 7.54948e+006 -466.592
403387 7.54948e+006 -466.592
403387 7.54948e+006 -466.592
403387 7.54948e+006 -466.256
403387 7.54948e+006 -466.256
403387 7.54948e+006 -466.256
403387 7.54948e+006 -466.256
403387 7.54948e+006 -466.256
403387 7.54948e+006 -466.256
403387 7.54948e+006 -466.256
403387 7.54948e+006 -466.256
403387 7.54948e+006 -466.72
403387 7.54948e+006 -466.721
403387 7.54948e+006 -466.721
403387 7.54948e+006 -466.721
403387 7.54948e+006 -466.72
403387 7.54948e+006 -466.72
403387 7.54948e+006 -466.256
403387 7.54948e+006 -466.592
403387 7.54948e+006 -466.72
403387 7.54948e+006 -466.256
403387 7.54948e+006 -466.256
403387 7.54948e+006 -466.72
403387 7.54948e+006 -466.496
403387 7.54948e+006 -466.256
403387 7.54948e+006 -466.72
403387 7.54948e+006 -466.496
403387 7.54948e+006 -466.72
403387 7.54948e+006 -466.721
403387 7.54948e+006 -466.496
403387 7.54948e+006 -466.721
403387 7.54948e+006 -466.72
403387 7.54948e+006 -466.72
403387 7.54948e+006 -466.592
403387 7.54948e+006 -466.256
403387 7.54948e+006 -466.72
403387 7.54948e+006 -466.256
403387 7.54948e+006 -466.256
403387 7.54948e+006 -466.496
403387 7.54948e+006 -466.72
403387 7.54948e+006 -466.256
403386 7.54948e+006 -466.592
403386 7.54948e+006 -466.72
403386 7.54948e+006 -466.72
403386 7.54948e+006 -466.72
403386 7.54948e+006 -466.592
403386 7.54948e+006 -466.592
403387 7.54948e+006 -466.256
403386 7.54948e+006 -466.592
403386 7.54948e+006 -466.592
403386 7.54948e+006 -466.592
403387 7.54948e+006 -466.256
403387 7.54948e+006 -466.256
403387 7.54948e+006 -466.256
403387 7.54948e+006 -466.256
403387 7.54948e+006 -466.256
403387 7.54948e+006 -466.256
403387 7.54948e+006 -466.256
403387 7.54948e+006 -466.256
403386 7.54948e+006 -466.72
403387 7.54948e+006 -466.721
403387 7.54948e+006 -466.721
403387 7.54948e+006 -466.721
403386 7.54948e+006 -466.72
403386 7.54948e+006 -466.72
403387 7.54948e+006 -466.256
403386 7.54948e+006 -466.592
403386 7.54948e+006 -466.72
403387 7.54948e+006 -466.256
403387 7.54948e+006 -466.256
403386 7.54948e+006 -466.72
403387 7.54948e+006 -466.496
403387 7.54948e+006 -466.256
403386 7.54948e+006 -466.72
403387 7.54948e+006 -466.496
403386 7.54948e+006 -466.72
403387 7.54948e+006 -466.721
403387 7.54948e+006 -466.496
403387 7.54948e+006 -466.721
403386 7.54948e+006 -466.72
403386 7.54948e+006 -466.72
403386 7.54948e+006 -466.592
403387 7.54948e+006 -466.256
403386 7.54948e+006 -466.72
403387 7.54948e+006 -466.256
403387 7.54948e+006 -466.256
403387 7.54948e+006 -466.496
403386 7.54948e+006 -466.72
403387 7.54948e+006 -466.256
403387 7.54948e+006 -466.592
403387 7.54948e+006 -466.72
403387 7.54948e+006 -466.72
403387 7.54948e+006 -466.72
403387 7.54948e+006 -466.592
403387 7.54948e+006 -466.592
403387 7.54948e+006 -466.256
403387 7.54948e+006 -466.592
403387 7.54948e+006 -466.592
403387 7.54948e+006 -466.592
403387 7.54948e+006 -466.256
403387 7.54948e+006 -466.256
403387 7.54948e+006 -466.256
403387 7.54948e+006 -466.256
403387 7.54948e+006 -466.256
403387 7.54948e+006 -466.256
403387 7.54948e+006 -466.256
403387 7.54948e+006 -466.256
403387 7.54948e+006 -466.72
403387 7.54948e+006 -466.721
403387 7.54948e+006 -466.721
403387 7.54948e+006 -466.721
403387 7.54948e+006 -466.72
403387 7.54948e+006 -466.72
403387 7.54948e+006 -466.256
403387 7.54948e+006 -466.592
403387 7.54948e+006 -466.72
403387 7.54948e+006 -466.256
403387 7.54948e+006 -466.256
403387 7.54948e+006 -466.72
403387 7.54948e+006 -466.496
403387 7.54948e+006 -466.256
403387 7.54948e+006 -466.72
403387 7.54948e+006 -466.496
403387 7.54948e+006 -466.72
403387 7.54948e+006 -466.721
403387 7.54948e+006 -466.496
403387 7.54948e+006 -466.721
403387 7.54948e+006 -466.72
403387 7.54948e+006 -466.72
403387 7.54948e+006 -466.592
403387 7.54948e+006 -466.256
403387 7.54948e+006 -466.72
403387 7.54948e+006 -466.256
403387 7.54948e+006 -466.256
403387 7.54948e+006 -466.496
403387 7.54948e+006 -466.72
403387 7.54948e+006 -466.256
403388 7.54948e+006 -466.592
403388 7.54948e+006 -466.72
403388 7.54948e+006 -466.72
403388 7.54948e+006 -466.72
403388 7.54948e+006 -466.592
403388 7.54948e+006 -466.592
403388 7.54948e+006 -466.256
403388 7.54948e+006 -466.592
403388 7.54948e+006 -466.592
403388 7.54948e+006 -466.592
403388 7.54948e+006 -466.256
403388 7.54948e+006 -466.256
403388 7.54948e+006 -466.256
403388 7.54948e+006 -466.256
403388 7.54948e+006 -466.256
403388 7.54948e+006 -466.256
403388 7.54948e+006 -466.256
403388 7.54948e+006 -466.256
403388 7.54948e+006 -466.72
403388 7.54948e+006 -466.721
403388 7.54948e+006 -466.721
403388 7.54948e+006 -466.721
403388 7.54948e+006 -466.72
403388 7.54948e+006 -466.72
403388 7.54948e+006 -466.256
403388 7.54948e+006 -466.592
403388 7.54948e+006 -466.72
403388 7.54948e+006 -466.256
403388 7.54948e+006 -466.256
403388 7.54948e+006 -466.72
403388 7.54948e+006 -466.496
403388 7.54948e+006 -466.256
403388 7.54948e+006 -466.72
403388 7.54948e+006 -466.496
403388 7.54948e+006 -466.72
403388 7.54948e+006 -466.721
403388 7.54948e+006 -466.496
403388 7.54948e+006 -466.721
403388 7.54948e+006 -466.72
403388 7.54948e+006 -466.72
403388 7.54948e+006 -466.592
403388 7.54948e+006 -466.256
403388 7.54948e+006 -466.72
403388 7.54948e+006 -466.256
403388 7.54948e+006 -466.256
403388 7.54948e+006 -466.496
403388 7.54948e+006 -466.72
403388 7.54948e+006 -466.256
403389 7.54948e+006 -466.592
403389 7.54948e+006 -466.72
403389 7.54948e+006 -466.72
403389 7.54948e+006 -466.72
403389 7.54948e+006 -466.592
403389 7.54948e+006 -466.592
403388 7.54948e+006 -466.256
403389 7.54948e+006 -466.592
403389 7.54948e+006 -466.592
403389 7.54948e+006 -466.592
403388 7.54948e+006 -466.256
403388 7.54948e+006 -466.256
403388 7.54948e+006 -466.256
403388 7.54948e+006 -466.256
403388 7.54948e+006 -466.256
403388 7.54948e+006 -466.256
403388 7.54948e+006 -466.256
403388 7.54948e+006 -466.256
403389 7.54948e+006 -466.72
403388 7.54948e+006 -466.721
403388 7.54948e+006 -466.721
403388 7.54948e+006 -466.721
403389 7.54948e+006 -466.72
403389 7.54948e+006 -466.72
403388 7.54948e+006 -466.256
403389 7.54948e+006 -466.592
403389 7.54948e+006 -466.72
403388 7.54948e+006 -466.256
403388 7.54948e+006 -466.256
403389 7.54948e+006 -466.72
403388 7.54948e+006 -466.496
403388 7.54948e+006 -466.256
403389 7.54948e+006 -466.72
403388 7.54948e+006 -466.496
403389 7.54948e+006 -466.72
403388 7.54948e+006 -466.721
403388 7.54948e+006 -466.496
403388 7.54948e+006 -466.721
403389 7.54948e+006 -466.72
403389 7.54948e+006 -466.72
403389 7.54948e+006 -466.592
403388 7.54948e+006 -466.256
403389 7.54948e+006 -466.72
403388 7.54948e+006 -466.256
403388 7.54948e+006 -466.256
403388 7.54948e+006 -466.496
403389 7.54948e+006 -466.72
403388 7.54948e+006 -466.256
403389 7.54948e+006 -466.592
403389 7.54948e+006 -466.72
403389 7.54948e+006 -466.72
403389 7.54948e+006 -466.72
403389 7.54948e+006 -466.592
403389 7.54948e+006 -466.592
403388 7.54948e+006 -466.256
403389 7.54948e+006 -466.592
403389 7.54948e+006 -466.592
403389 7.54948e+006 -466.592
403388 7.54948e+006 -466.256
403388 7.54948e+006 -466.256
403388 7.54948e+006 -466.256
403388 7.54948e+006 -466.256
403388 7.54948e+006 -466.256
403388 7.54948e+006 -466.256
403388 7.54948e+006 -466.256
403388 7.54948e+006 -466.256
403389 7.54948e+006 -466.72
403388 7.54948e+006 -466.721
403388 7.54948e+006 -466.721
403388 7.54948e+006 -466.721
403389 7.54948e+006 -466.72
403389 7.54948e+006 -466.72
403388 7.54948e+006 -466.256
403389 7.54948e+006 -466.592
403389 7.54948e+006 -466.72
403388 7.54948e+006 -466.256
403388 7.54948e+006 -466.256
403389 7.54948e+006 -466.72
403388 7.54948e+006 -466.496
403388 7.54948e+006 -466.256
403389 7.54948e+006 -466.72
403388 7.54948e+006 -466.496
403389 7.54948e+006 -466.72
403388 7.54948e+006 -466.721
403388 7.54948e+006 -466.496
403388 7.54948e+006 -466.721
403389 7.54948e+006 -466.72
403389 7.54948e+006 -466.72
403389 7.54948e+006 -466.592
403388 7.54948e+006 -466.256
403389 7.54948e+006 -466.72
403388 7.54948e+006 -466.256
403388 7.54948e+006 -466.256
403388 7.54948e+006 -466.496
403389 7.54948e+006 -466.72
403388 7.54948e+006 -466.256
