400452 7.55244e+006 29.8121
400452 7.55244e+006 29.5206
400452 7.55244e+006 29.5207
400452 7.55244e+006 29.5207
400452 7.55244e+006 29.8223
400452 7.55244e+006 29.8121
400452 7.55244e+006 29.8119
400452 7.55244e+006 29.5204
400452 7.55244e+006 29.5206
400452 7.55244e+006 29.5206
400452 7.55244e+006 29.8121
400452 7.55244e+006 29.8119
400452 7.55244e+006 29.822
400452 7.55244e+006 29.5204
400452 7.55244e+006 29.5204
400452 7.55244e+006 29.5204
400452 7.55244e+006 29.8119
400452 7.55244e+006 29.822
400452 7.55244e+006 29.8323
400452 7.55244e+006 29.5204
400452 7.55244e+006 29.5204
400452 7.55244e+006 29.5204
400452 7.55244e+006 29.822
400452 7.55244e+006 29.8323
400452 7.55244e+006 29.8325
400452 7.55244e+006 29.5206
400452 7.55244e+006 29.5204
400452 7.55244e+006 29.5204
400452 7.55244e+006 29.8323
400452 7.55244e+006 29.8325
400452 7.55244e+006 29.8223
400452 7.55244e+006 29.5207
400452 7.55244e+006 29.5206
400452 7.55244e+006 29.5206
400452 7.55244e+006 29.8325
400452 7.55244e+006 29.8223
400452 7.55244e+006 29.8262
400452 7.55244e+006 29.8121
400452 7.55244e+006 29.8223
400452 7.55244e+006 29.8223
400452 7.55244e+006 29.8509
400452 7.55244e+006 29.8262
400452 7.55244e+006 29.826
400452 7.55244e+006 29.8119
400452 7.55244e+006 29.8121
400452 7.55244e+006 29.8121
400452 7.55244e+006 29.8262
400452 7.55244e+006 29.826
400452 7.55244e+006 29.8505
400452 7.55244e+006 29.822
400452 7.55244e+006 29.8119
400452 7.55244e+006 29.8119
400452 7.55244e+006 29.826
400452 7.55244e+006 29.8505
400452 7.55244e+006 29.8753
400452 7.55244e+006 29.8323
400452 7.55244e+006 29.822
400452 7.55244e+006 29.822
400452 7.55244e+006 29.8505
400452 7.55244e+006 29.8753
400452 7.55244e+006 29.8754
400452 7.55244e+006 29.8325
400452 7.55244e+006 29.8323
400452 7.55244e+006 29.8323
400452 7.55244e+006 29.8753
400452 7.55244e+006 29.8754
400452 7.55244e+006 29.8509
400452 7.55244e+006 29.8223
400452 7.55244e+006 29.8325
400452 7.55244e+006 29.8325
400452 7.55244e+006 29.8754
400452 7.55244e+006 29.8509
400452 7.55244e+006 29.8276
400452 7.55244e+006 29.8262
400452 7.55244e+006 29.8509
400452 7.55244e+006 29.8509
400452 7.55244e+006 29.8523
400452 7.55244e+006 29.8276
400452 7.55244e+006 29.8274
400452 7.55244e+006 29.826
400452 7.55244e+006 29.8262
400452 7.55244e+006 29.8262
400452 7.55244e+006 29.8276
400452 7.55244e+006 29.8274
400452 7.55244e+006 29.852
400452 7.55244e+006 29.8505
400452 7.55244e+006 29.826
400452 7.55244e+006 29.826
400452 7.55244e+006 29.8274
400452 7.55244e+006 29.852
400452 7.55244e+006 29.8767
400452 7.55244e+006 29.8753
400452 7.55244e+006 29.8505
400452 7.55244e+006 29.8505
400452 7.55244e+006 29.852
400452 7.55244e+006 29.8767
400452 7.55244e+006 29.8768
400452 7.55244e+006 29.8754
400452 7.55244e+006 29.8753
400452 7.55244e+006 29.8753
400452 7.55244e+006 29.8767
400452 7.55244e+006 29.8768
400452 7.55244e+006 29.8523
400452 7.55244e+006 29.8509
400452 7.55244e+006 29.8754
400452 7.55244e+006 29.8754
400452 7.55244e+006 29.8768
400452 7.55244e+006 29.8523
400452 7.55244e+006 29.8705
400452 7.55244e+006 29.8276
400452 7.55244e+006 29.8523
400452 7.55244e+006 29.8523
400452 7.55244e+006 29.8808
400452 7.55244e+006 29.8705
400452 7.55244e+006 29.8704
400452 7.55244e+006 29.8274
400452 7.55244e+006 29.8276
400452 7.55244e+006 29.8276
400452 7.55244e+006 29.8705
400452 7.55244e+006 29.8704
400452 7.55244e+006 29.8805
400452 7.55244e+006 29.852
400452 7.55244e+006 29.8274
400452 7.55244e+006 29.8274
400452 7.55244e+006 29.8704
400452 7.55244e+006 29.8805
400452 7.55244e+006 29.8908
400452 7.55244e+006 29.8767
400452 7.55244e+006 29.852
400452 7.55244e+006 29.852
400452 7.55244e+006 29.8805
400452 7.55244e+006 29.8908
400452 7.55244e+006 29.8909
400452 7.55244e+006 29.8768
400452 7.55244e+006 29.8767
400452 7.55244e+006 29.8767
400452 7.55244e+006 29.8908
400452 7.55244e+006 29.8909
400452 7.55244e+006 29.8808
400452 7.55244e+006 29.8523
400452 7.55244e+006 29.8768
400452 7.55244e+006 29.8768
400452 7.55244e+006 29.8909
400452 7.55244e+006 29.8808
400452 7.55244e+006 32.0609
400452 7.55244e+006 29.8705
400452 7.55244e+006 29.8808
400452 7.55244e+006 29.8808
400452 7.55244e+006 32.0676
400452 7.55244e+006 32.0609
400452 7.55244e+006 32.0489
400452 7.55244e+006 29.8704
400452 7.55244e+006 29.8705
400452 7.55244e+006 29.8705
400452 7.55244e+006 32.0609
400452 7.55244e+006 32.0489
400452 7.55244e+006 32.0438
400452 7.55244e+006 29.8805
400452 7.55244e+006 29.8704
400452 7.55244e+006 29.8704
400452 7.55244e+006 32.0489
400452 7.55244e+006 32.0438
400452 7.55244e+006 32.0506
400452 7.55244e+006 29.8908
400452 7.55244e+006 29.8805
400452 7.55244e+006 29.8805
400452 7.55244e+006 32.0438
400452 7.55244e+006 32.0506
400452 7.55244e+006 32.0625
400452 7.55244e+006 29.8909
400452 7.55244e+006 29.8908
400452 7.55244e+006 29.8908
400452 7.55244e+006 32.0506
400452 7.55244e+006 32.0625
400452 7.55244e+006 32.0676
400452 7.55244e+006 29.8808
400452 7.55244e+006 29.8909
400452 7.55244e+006 29.8909
400452 7.55244e+006 32.0625
400452 7.55244e+006 32.0676
400452 7.55244e+006 32.0963
400452 7.55244e+006 32.0609
400452 7.55244e+006 32.0676
400452 7.55244e+006 32.0676
400452 7.55244e+006 32.1125
400452 7.55244e+006 32.0963
400452 7.55244e+006 32.0678
400452 7.55244e+006 32.0489
400452 7.55244e+006 32.0609
400452 7.55244e+006 32.0609
400452 7.55244e+006 32.0963
400452 7.55244e+006 32.0678
400452 7.55244e+006 32.0556
400452 7.55244e+006 32.0438
400452 7.55244e+006 32.0489
400452 7.55244e+006 32.0489
400452 7.55244e+006 32.0678
400452 7.55244e+006 32.0556
400452 7.55244e+006 32.0718
400452 7.55244e+006 32.0506
400452 7.55244e+006 32.0438
400452 7.55244e+006 32.0438
400452 7.55244e+006 32.0556
400452 7.55244e+006 32.0718
400452 7.55244e+006 32.1002
400452 7.55244e+006 32.0625
400452 7.55244e+006 32.0506
400452 7.55244e+006 32.0506
400452 7.55244e+006 32.0718
400452 7.55244e+006 32.1002
400452 7.55244e+006 32.1125
400452 7.55244e+006 32.0676
400452 7.55244e+006 32.0625
400452 7.55244e+006 32.0625
400452 7.55244e+006 32.1002
400452 7.55244e+006 32.1125
400450 7.55244e+006 32.0872
400452 7.55244e+006 32.0963
400452 7.55244e+006 32.1125
400452 7.55244e+006 32.1125
400450 7.55244e+006 32.1033
400450 7.55244e+006 32.0872
400450 7.55244e+006 32.0589
400452 7.55244e+006 32.0678
400452 7.55244e+006 32.0963
400452 7.55244e+006 32.0963
400450 7.55244e+006 32.0872
400450 7.55244e+006 32.0589
400450 7.55244e+006 32.0467
400452 7.55244e+006 32.0556
400452 7.55244e+006 32.0678
400452 7.55244e+006 32.0678
400450 7.55244e+006 32.0589
400450 7.55244e+006 32.0467
400450 7.55244e+006 32.0628
400452 7.55244e+006 32.0718
400452 7.55244e+006 32.0556
400452 7.55244e+006 32.0556
400450 7.55244e+006 32.0467
400450 7.55244e+006 32.0628
400450 7.55244e+006 32.0911
400452 7.55244e+006 32.1002
400452 7.55244e+006 32.0718
400452 7.55244e+006 32.0718
400450 7.55244e+006 32.0628
400450 7.55244e+006 32.0911
400450 7.55244e+006 32.1033
400452 7.55244e+006 32.1125
400452 7.55244e+006 32.1002
400452 7.55244e+006 32.1002
400450 7.55244e+006 32.0911
400450 7.55244e+006 32.1033
400450 7.55244e+006 32.0513
400450 7.55244e+006 32.0872
400450 7.55244e+006 32.1033
400450 7.55244e+006 32.1033
400450 7.55244e+006 32.0579
400450 7.55244e+006 32.0513
400450 7.55244e+006 32.0397
400450 7.55244e+006 32.0589
400450 7.55244e+006 32.0872
400450 7.55244e+006 32.0872
400450 7.55244e+006 32.0513
400450 7.55244e+006 32.0397
400450 7.55244e+006 32.0347
400450 7.55244e+006 32.0467
400450 7.55244e+006 32.0589
400450 7.55244e+006 32.0589
400450 7.55244e+006 32.0397
400450 7.55244e+006 32.0347
400450 7.55244e+006 32.0413
400450 7.55244e+006 32.0628
400450 7.55244e+006 32.0467
400450 7.55244e+006 32.0467
400450 7.55244e+006 32.0347
400450 7.55244e+006 32.0413
400450 7.55244e+006 32.0529
400450 7.55244e+006 32.0911
400450 7.55244e+006 32.0628
400450 7.55244e+006 32.0628
400450 7.55244e+006 32.0413
400450 7.55244e+006 32.0529
400450 7.55244e+006 32.0579
400450 7.55244e+006 32.1033
400450 7.55244e+006 32.0911
400450 7.55244e+006 32.0911
400450 7.55244e+006 32.0529
400450 7.55244e+006 32.0579
400450 7.55244e+006 19.0058
400450 7.55244e+006 32.0513
400450 7.55244e+006 32.0579
400450 7.55244e+006 32.0579
400450 7.55244e+006 19.0058
400450 7.55244e+006 19.0058
400451 7.55244e+006 19.006
400450 7.55244e+006 32.0397
400450 7.55244e+006 32.0513
400450 7.55244e+006 32.0513
400450 7.55244e+006 19.0058
400451 7.55244e+006 19.006
400451 7.55244e+006 19.0061
400450 7.55244e+006 32.0347
400450 7.55244e+006 32.0397
400450 7.55244e+006 32.0397
400451 7.55244e+006 19.006
400451 7.55244e+006 19.0061
400451 7.55244e+006 19.006
400450 7.55244e+006 32.0413
400450 7.55244e+006 32.0347
400450 7.55244e+006 32.0347
400451 7.55244e+006 19.0061
400451 7.55244e+006 19.006
400450 7.55244e+006 19.0058
400450 7.55244e+006 32.0529
400450 7.55244e+006 32.0413
400450 7.55244e+006 32.0413
400451 7.55244e+006 19.006
400450 7.55244e+006 19.0058
400450 7.55244e+006 19.0058
400450 7.55244e+006 32.0579
400450 7.55244e+006 32.0529
400450 7.55244e+006 32.0529
400450 7.55244e+006 19.0058
400450 7.55244e+006 19.0058
400452 7.55244e+006 29.5204
400452 7.55244e+006 29.5206
400452 7.55244e+006 29.5207
400452 7.55244e+006 29.5204
400452 7.55244e+006 29.5204
400452 7.55244e+006 29.5207
400452 7.55244e+006 29.5204
400452 7.55244e+006 29.5204
400452 7.55244e+006 29.5207
400452 7.55244e+006 29.5206
400452 7.55244e+006 29.5204
400452 7.55244e+006 29.5207
400451 7.55244e+006 19.006
400450 7.55244e+006 19.0058
400450 7.55244e+006 19.0058
400450 7.55244e+006 19.0058
400451 7.55244e+006 19.006
400451 7.55244e+006 19.0061
400451 7.55244e+006 19.0061
400451 7.55244e+006 19.006
400450 7.55244e+006 19.0058
400450 7.55244e+006 19.0058
400451 7.55244e+006 19.006
400450 7.55244e+006 19.0058
400452 7.55244e+006 29.8133
400452 7.55244e+006 29.8236
400452 7.55244e+006 29.522
400452 7.55244e+006 29.522
400452 7.55244e+006 29.5219
400452 7.55244e+006 29.8133
400452 7.55244e+006 29.8132
400452 7.55244e+006 29.8133
400452 7.55244e+006 29.5219
400452 7.55244e+006 29.5219
400452 7.55244e+006 29.5217
400452 7.55244e+006 29.8132
400452 7.55244e+006 29.8233
400452 7.55244e+006 29.8132
400452 7.55244e+006 29.5217
400452 7.55244e+006 29.5217
400452 7.55244e+006 29.5216
400452 7.55244e+006 29.8233
400452 7.55244e+006 29.8336
400452 7.55244e+006 29.8233
400452 7.55244e+006 29.5216
400452 7.55244e+006 29.5216
400452 7.55244e+006 29.5217
400452 7.55244e+006 29.8336
400452 7.55244e+006 29.8337
400452 7.55244e+006 29.8336
400452 7.55244e+006 29.5217
400452 7.55244e+006 29.5217
400452 7.55244e+006 29.5219
400452 7.55244e+006 29.8337
400452 7.55244e+006 29.8236
400452 7.55244e+006 29.8337
400452 7.55244e+006 29.5219
400452 7.55244e+006 29.5219
400452 7.55244e+006 29.522
400452 7.55244e+006 29.8236
400452 7.55244e+006 29.8274
400452 7.55244e+006 29.8522
400452 7.55244e+006 29.8236
400452 7.55244e+006 29.8236
400452 7.55244e+006 29.8133
400452 7.55244e+006 29.8274
400452 7.55244e+006 29.8273
400452 7.55244e+006 29.8274
400452 7.55244e+006 29.8133
400452 7.55244e+006 29.8133
400452 7.55244e+006 29.8132
400452 7.55244e+006 29.8273
400452 7.55244e+006 29.8518
400452 7.55244e+006 29.8273
400452 7.55244e+006 29.8132
400452 7.55244e+006 29.8132
400452 7.55244e+006 29.8233
400452 7.55244e+006 29.8518
400452 7.55244e+006 29.8765
400452 7.55244e+006 29.8518
400452 7.55244e+006 29.8233
400452 7.55244e+006 29.8233
400452 7.55244e+006 29.8336
400452 7.55244e+006 29.8765
400452 7.55244e+006 29.8767
400452 7.55244e+006 29.8765
400452 7.55244e+006 29.8336
400452 7.55244e+006 29.8336
400452 7.55244e+006 29.8337
400452 7.55244e+006 29.8767
400452 7.55244e+006 29.8522
400452 7.55244e+006 29.8767
400452 7.55244e+006 29.8337
400452 7.55244e+006 29.8337
400452 7.55244e+006 29.8236
400452 7.55244e+006 29.8522
400452 7.55244e+006 29.8288
400452 7.55244e+006 29.8536
400452 7.55244e+006 29.8522
400452 7.55244e+006 29.8522
400452 7.55244e+006 29.8274
400452 7.55244e+006 29.8288
400452 7.55244e+006 29.8287
400452 7.55244e+006 29.8288
400452 7.55244e+006 29.8274
400452 7.55244e+006 29.8274
400452 7.55244e+006 29.8273
400452 7.55244e+006 29.8287
400452 7.55244e+006 29.8532
400452 7.55244e+006 29.8287
400452 7.55244e+006 29.8273
400452 7.55244e+006 29.8273
400452 7.55244e+006 29.8518
400452 7.55244e+006 29.8532
400452 7.55244e+006 29.878
400452 7.55244e+006 29.8532
400452 7.55244e+006 29.8518
400452 7.55244e+006 29.8518
400452 7.55244e+006 29.8765
400452 7.55244e+006 29.878
400452 7.55244e+006 29.8781
400452 7.55244e+006 29.878
400452 7.55244e+006 29.8765
400452 7.55244e+006 29.8765
400452 7.55244e+006 29.8767
400452 7.55244e+006 29.8781
400452 7.55244e+006 29.8536
400452 7.55244e+006 29.8781
400452 7.55244e+006 29.8767
400452 7.55244e+006 29.8767
400452 7.55244e+006 29.8522
400452 7.55244e+006 29.8536
400452 7.55244e+006 29.8718
400452 7.55244e+006 29.8821
400452 7.55244e+006 29.8536
400452 7.55244e+006 29.8536
400452 7.55244e+006 29.8288
400452 7.55244e+006 29.8718
400452 7.55244e+006 29.8717
400452 7.55244e+006 29.8718
400452 7.55244e+006 29.8288
400452 7.55244e+006 29.8288
400452 7.55244e+006 29.8287
400452 7.55244e+006 29.8717
400452 7.55244e+006 29.8818
400452 7.55244e+006 29.8717
400452 7.55244e+006 29.8287
400452 7.55244e+006 29.8287
400452 7.55244e+006 29.8532
400452 7.55244e+006 29.8818
400452 7.55244e+006 29.8921
400452 7.55244e+006 29.8818
400452 7.55244e+006 29.8532
400452 7.55244e+006 29.8532
400452 7.55244e+006 29.878
400452 7.55244e+006 29.8921
400452 7.55244e+006 29.8922
400452 7.55244e+006 29.8921
400452 7.55244e+006 29.878
400452 7.55244e+006 29.878
400452 7.55244e+006 29.8781
400452 7.55244e+006 29.8922
400452 7.55244e+006 29.8821
400452 7.55244e+006 29.8922
400452 7.55244e+006 29.8781
400452 7.55244e+006 29.8781
400452 7.55244e+006 29.8536
400452 7.55244e+006 29.8821
400452 7.55244e+006 32.1173
400452 7.55244e+006 32.1241
400452 7.55244e+006 29.8821
400452 7.55244e+006 29.8821
400452 7.55244e+006 29.8718
400452 7.55244e+006 32.1173
400452 7.55244e+006 32.1054
400452 7.55244e+006 32.1173
400452 7.55244e+006 29.8718
400452 7.55244e+006 29.8718
400452 7.55244e+006 29.8717
400452 7.55244e+006 32.1054
400452 7.55244e+006 32.1003
400452 7.55244e+006 32.1054
400452 7.55244e+006 29.8717
400452 7.55244e+006 29.8717
400452 7.55244e+006 29.8818
400452 7.55244e+006 32.1003
400452 7.55244e+006 32.107
400452 7.55244e+006 32.1003
400452 7.55244e+006 29.8818
400452 7.55244e+006 29.8818
400452 7.55244e+006 29.8921
400452 7.55244e+006 32.107
400452 7.55244e+006 32.119
400452 7.55244e+006 32.107
400452 7.55244e+006 29.8921
400452 7.55244e+006 29.8921
400452 7.55244e+006 29.8922
400452 7.55244e+006 32.119
400452 7.55244e+006 32.1241
400452 7.55244e+006 32.119
400452 7.55244e+006 29.8922
400452 7.55244e+006 29.8922
400452 7.55244e+006 29.8821
400452 7.55244e+006 32.1241
400452 7.55244e+006 32.1528
400452 7.55244e+006 32.1689
400452 7.55244e+006 32.1241
400452 7.55244e+006 32.1241
400452 7.55244e+006 32.1173
400452 7.55244e+006 32.1528
400452 7.55244e+006 32.1243
400452 7.55244e+006 32.1528
400452 7.55244e+006 32.1173
400452 7.55244e+006 32.1173
400452 7.55244e+006 32.1054
400452 7.55244e+006 32.1243
400452 7.55244e+006 32.112
400452 7.55244e+006 32.1243
400452 7.55244e+006 32.1054
400452 7.55244e+006 32.1054
400452 7.55244e+006 32.1003
400452 7.55244e+006 32.112
400452 7.55244e+006 32.1282
400452 7.55244e+006 32.112
400452 7.55244e+006 32.1003
400452 7.55244e+006 32.1003
400452 7.55244e+006 32.107
400452 7.55244e+006 32.1282
400452 7.55244e+006 32.1567
400452 7.55244e+006 32.1282
400452 7.55244e+006 32.107
400452 7.55244e+006 32.107
400452 7.55244e+006 32.119
400452 7.55244e+006 32.1567
400452 7.55244e+006 32.1689
400452 7.55244e+006 32.1567
400452 7.55244e+006 32.119
400452 7.55244e+006 32.119
400452 7.55244e+006 32.1241
400452 7.55244e+006 32.1689
400451 7.55244e+006 32.1462
400451 7.55244e+006 32.1623
400452 7.55244e+006 32.1689
400452 7.55244e+006 32.1689
400452 7.55244e+006 32.1528
400451 7.55244e+006 32.1462
400451 7.55244e+006 32.1179
400451 7.55244e+006 32.1462
400452 7.55244e+006 32.1528
400452 7.55244e+006 32.1528
400452 7.55244e+006 32.1243
400451 7.55244e+006 32.1179
400451 7.55244e+006 32.1056
400451 7.55244e+006 32.1179
400452 7.55244e+006 32.1243
400452 7.55244e+006 32.1243
400452 7.55244e+006 32.112
400451 7.55244e+006 32.1056
400451 7.55244e+006 32.1217
400451 7.55244e+006 32.1056
400452 7.55244e+006 32.112
400452 7.55244e+006 32.112
400452 7.55244e+006 32.1282
400451 7.55244e+006 32.1217
400451 7.55244e+006 32.1501
400451 7.55244e+006 32.1217
400452 7.55244e+006 32.1282
400452 7.55244e+006 32.1282
400452 7.55244e+006 32.1567
400451 7.55244e+006 32.1501
400451 7.55244e+006 32.1623
400451 7.55244e+006 32.1501
400452 7.55244e+006 32.1567
400452 7.55244e+006 32.1567
400452 7.55244e+006 32.1689
400451 7.55244e+006 32.1623
400451 7.55244e+006 32.1103
400451 7.55244e+006 32.1169
400451 7.55244e+006 32.1623
400451 7.55244e+006 32.1623
400451 7.55244e+006 32.1462
400451 7.55244e+006 32.1103
400451 7.55244e+006 32.0987
400451 7.55244e+006 32.1103
400451 7.55244e+006 32.1462
400451 7.55244e+006 32.1462
400451 7.55244e+006 32.1179
400451 7.55244e+006 32.0987
400451 7.55244e+006 32.0937
400451 7.55244e+006 32.0987
400451 7.55244e+006 32.1179
400451 7.55244e+006 32.1179
400451 7.55244e+006 32.1056
400451 7.55244e+006 32.0937
400451 7.55244e+006 32.1003
400451 7.55244e+006 32.0937
400451 7.55244e+006 32.1056
400451 7.55244e+006 32.1056
400451 7.55244e+006 32.1217
400451 7.55244e+006 32.1003
400451 7.55244e+006 32.1119
400451 7.55244e+006 32.1003
400451 7.55244e+006 32.1217
400451 7.55244e+006 32.1217
400451 7.55244e+006 32.1501
400451 7.55244e+006 32.1119
400451 7.55244e+006 32.1169
400451 7.55244e+006 32.1119
400451 7.55244e+006 32.1501
400451 7.55244e+006 32.1501
400451 7.55244e+006 32.1623
400451 7.55244e+006 32.1169
400451 7.55244e+006 29.8611
400451 7.55244e+006 29.8637
400451 7.55244e+006 32.1169
400451 7.55244e+006 32.1169
400451 7.55244e+006 32.1103
400451 7.55244e+006 29.8611
400451 7.55244e+006 29.8698
400451 7.55244e+006 29.8611
400451 7.55244e+006 32.1103
400451 7.55244e+006 32.1103
400451 7.55244e+006 32.0987
400451 7.55244e+006 29.8698
400451 7.55244e+006 29.8811
400451 7.55244e+006 29.8698
400451 7.55244e+006 32.0987
400451 7.55244e+006 32.0987
400451 7.55244e+006 32.0937
400451 7.55244e+006 29.8811
400451 7.55244e+006 29.8836
400451 7.55244e+006 29.8811
400451 7.55244e+006 32.0937
400451 7.55244e+006 32.0937
400451 7.55244e+006 32.1003
400451 7.55244e+006 29.8836
400451 7.55244e+006 29.8749
400451 7.55244e+006 29.8836
400451 7.55244e+006 32.1003
400451 7.55244e+006 32.1003
400451 7.55244e+006 32.1119
400451 7.55244e+006 29.8749
400451 7.55244e+006 29.8637
400451 7.55244e+006 29.8749
400451 7.55244e+006 32.1119
400451 7.55244e+006 32.1119
400451 7.55244e+006 32.1169
400451 7.55244e+006 29.8637
400451 7.55244e+006 29.8164
400451 7.55244e+006 29.8227
400451 7.55244e+006 29.8637
400451 7.55244e+006 29.8637
400451 7.55244e+006 29.8611
400451 7.55244e+006 29.8164
400451 7.55244e+006 29.8373
400451 7.55244e+006 29.8164
400451 7.55244e+006 29.8611
400451 7.55244e+006 29.8611
400451 7.55244e+006 29.8698
400451 7.55244e+006 29.8373
400451 7.55244e+006 29.8646
400451 7.55244e+006 29.8373
400451 7.55244e+006 29.8698
400451 7.55244e+006 29.8698
400451 7.55244e+006 29.8811
400451 7.55244e+006 29.8646
400451 7.55244e+006 29.8709
400451 7.55244e+006 29.8646
400451 7.55244e+006 29.8811
400451 7.55244e+006 29.8811
400451 7.55244e+006 29.8836
400451 7.55244e+006 29.8709
400451 7.55244e+006 29.85
400451 7.55244e+006 29.8709
400451 7.55244e+006 29.8836
400451 7.55244e+006 29.8836
400451 7.55244e+006 29.8749
400451 7.55244e+006 29.85
400451 7.55244e+006 29.8227
400451 7.55244e+006 29.85
400451 7.55244e+006 29.8749
400451 7.55244e+006 29.8749
400451 7.55244e+006 29.8637
400451 7.55244e+006 29.8227
400451 7.55244e+006 29.8168
400451 7.55244e+006 29.8253
400451 7.55244e+006 29.8227
400451 7.55244e+006 29.8227
400451 7.55244e+006 29.8164
400451 7.55244e+006 29.8168
400451 7.55244e+006 29.836
400451 7.55244e+006 29.8168
400451 7.55244e+006 29.8164
400451 7.55244e+006 29.8164
400451 7.55244e+006 29.8373
400451 7.55244e+006 29.836
400451 7.55244e+006 29.8638
400451 7.55244e+006 29.836
400451 7.55244e+006 29.8373
400451 7.55244e+006 29.8373
400451 7.55244e+006 29.8646
400451 7.55244e+006 29.8638
400451 7.55244e+006 29.8723
400451 7.55244e+006 29.8638
400451 7.55244e+006 29.8646
400451 7.55244e+006 29.8646
400451 7.55244e+006 29.8709
400451 7.55244e+006 29.8723
400451 7.55244e+006 29.8531
400451 7.55244e+006 29.8723
400451 7.55244e+006 29.8709
400451 7.55244e+006 29.8709
400451 7.55244e+006 29.85
400451 7.55244e+006 29.8531
400451 7.55244e+006 29.8253
400451 7.55244e+006 29.8531
400451 7.55244e+006 29.85
400451 7.55244e+006 29.85
400451 7.55244e+006 29.8227
400451 7.55244e+006 29.8253
400451 7.55244e+006 29.8139
400451 7.55244e+006 29.8246
400451 7.55244e+006 29.8253
400451 7.55244e+006 29.8253
400451 7.55244e+006 29.8168
400451 7.55244e+006 29.8139
400451 7.55244e+006 29.8314
400451 7.55244e+006 29.8139
400451 7.55244e+006 29.8168
400451 7.55244e+006 29.8168
400451 7.55244e+006 29.836
400451 7.55244e+006 29.8314
400451 7.55244e+006 29.8596
400451 7.55244e+006 29.8314
400451 7.55244e+006 29.836
400451 7.55244e+006 29.836
400451 7.55244e+006 29.8638
400451 7.55244e+006 29.8596
400451 7.55244e+006 29.8702
400451 7.55244e+006 29.8596
400451 7.55244e+006 29.8638
400451 7.55244e+006 29.8638
400451 7.55244e+006 29.8723
400451 7.55244e+006 29.8702
400451 7.55244e+006 29.8527
400451 7.55244e+006 29.8702
400451 7.55244e+006 29.8723
400451 7.55244e+006 29.8723
400451 7.55244e+006 29.8531
400451 7.55244e+006 29.8527
400451 7.55244e+006 29.8246
400451 7.55244e+006 29.8527
400451 7.55244e+006 29.8531
400451 7.55244e+006 29.8531
400451 7.55244e+006 29.8253
400451 7.55244e+006 29.8246
400451 7.55244e+006 29.8019
400451 7.55244e+006 29.8062
400451 7.55244e+006 29.8246
400451 7.55244e+006 29.8246
400451 7.55244e+006 29.8139
400451 7.55244e+006 29.8019
400451 7.55244e+006 29.8092
400451 7.55244e+006 29.8019
400451 7.55244e+006 29.8139
400451 7.55244e+006 29.8139
400451 7.55244e+006 29.8314
400451 7.55244e+006 29.8092
400451 7.55244e+006 29.8209
400451 7.55244e+006 29.8092
400451 7.55244e+006 29.8314
400451 7.55244e+006 29.8314
400451 7.55244e+006 29.8596
400451 7.55244e+006 29.8209
400451 7.55244e+006 29.8252
400451 7.55244e+006 29.8209
400451 7.55244e+006 29.8596
400451 7.55244e+006 29.8596
400451 7.55244e+006 29.8702
400451 7.55244e+006 29.8252
400451 7.55244e+006 29.8179
400451 7.55244e+006 29.8252
400451 7.55244e+006 29.8702
400451 7.55244e+006 29.8702
400451 7.55244e+006 29.8527
400451 7.55244e+006 29.8179
400451 7.55244e+006 29.8062
400451 7.55244e+006 29.8179
400451 7.55244e+006 29.8527
400451 7.55244e+006 29.8527
400451 7.55244e+006 29.8246
400451 7.55244e+006 29.8062
400451 7.55244e+006 19.0109
400451 7.55244e+006 19.0107
400451 7.55244e+006 29.8062
400451 7.55244e+006 29.8062
400451 7.55244e+006 29.8019
400451 7.55244e+006 19.0109
400451 7.55244e+006 19.011
400451 7.55244e+006 19.0109
400451 7.55244e+006 29.8019
400451 7.55244e+006 29.8019
400451 7.55244e+006 29.8092
400451 7.55244e+006 19.011
400451 7.55244e+006 19.011
400451 7.55244e+006 19.011
400451 7.55244e+006 29.8092
400451 7.55244e+006 29.8092
400451 7.55244e+006 29.8209
400451 7.55244e+006 19.011
400451 7.55244e+006 19.0109
400451 7.55244e+006 19.011
400451 7.55244e+006 29.8209
400451 7.55244e+006 29.8209
400451 7.55244e+006 29.8252
400451 7.55244e+006 19.0109
400451 7.55244e+006 19.0107
400451 7.55244e+006 19.0109
400451 7.55244e+006 29.8252
400451 7.55244e+006 29.8252
400451 7.55244e+006 29.8179
400451 7.55244e+006 19.0107
400451 7.55244e+006 19.0107
400451 7.55244e+006 19.0107
400451 7.55244e+006 29.8179
400451 7.55244e+006 29.8179
400451 7.55244e+006 29.8062
400451 7.55244e+006 19.0107
400452 7.55244e+006 29.522
400452 7.55244e+006 29.5219
400452 7.55244e+006 29.5217
400452 7.55244e+006 29.522
400452 7.55244e+006 29.5217
400452 7.55244e+006 29.5216
400452 7.55244e+006 29.522
400452 7.55244e+006 29.5216
400452 7.55244e+006 29.5217
400452 7.55244e+006 29.5219
400452 7.55244e+006 29.522
400452 7.55244e+006 29.5217
400451 7.55244e+006 19.011
400451 7.55244e+006 19.0107
400451 7.55244e+006 19.0109
400451 7.55244e+006 19.0107
400451 7.55244e+006 19.011
400451 7.55244e+006 19.011
400451 7.55244e+006 19.011
400451 7.55244e+006 19.0109
400451 7.55244e+006 19.0107
400451 7.55244e+006 19.0107
400451 7.55244e+006 19.0107
400451 7.55244e+006 19.0109
