405401 7.5548e+006 22.6945
405403 7.5548e+006 22.6966
405403 7.55479e+006 22.6965
405403 7.55479e+006 22.6965
405401 7.5548e+006 22.6944
405401 7.5548e+006 22.6945
405401 7.5548e+006 23.4445
405403 7.5548e+006 23.4466
405403 7.5548e+006 22.6966
405403 7.5548e+006 22.6966
405401 7.5548e+006 22.6945
405401 7.5548e+006 23.4445
405401 7.5548e+006 23.4444
405403 7.55479e+006 23.4465
405403 7.5548e+006 23.4466
405403 7.5548e+006 23.4466
405401 7.5548e+006 23.4445
405401 7.5548e+006 23.4444
405401 7.5548e+006 22.6944
405403 7.55479e+006 22.6965
405403 7.55479e+006 23.4465
405403 7.55479e+006 23.4465
405401 7.5548e+006 23.4444
405401 7.5548e+006 22.6944
405400 7.5548e+006 22.7607
405401 7.5548e+006 22.7608
405401 7.5548e+006 22.6945
405401 7.5548e+006 22.6945
405401 7.5548e+006 22.6944
405400 7.5548e+006 22.7607
405400 7.5548e+006 23.2338
405401 7.5548e+006 23.2339
405401 7.5548e+006 22.9502
405401 7.5548e+006 22.9502
405400 7.5548e+006 22.9501
405400 7.5548e+006 23.2338
405401 7.5548e+006 23.2339
405400 7.5548e+006 23.2338
405400 7.5548e+006 23.5686
405400 7.5548e+006 23.5686
405400 7.5548e+006 23.5687
405401 7.5548e+006 23.2339
405401 7.5548e+006 22.7608
405400 7.5548e+006 22.7607
405400 7.5548e+006 22.9501
405400 7.5548e+006 22.9501
405401 7.5548e+006 22.9502
405401 7.5548e+006 22.7608
405401 7.5548e+006 23.5693
405400 7.5548e+006 23.5686
405400 7.5548e+006 23.2338
405400 7.5548e+006 22.7607
405401 7.5548e+006 22.6944
405401 7.5548e+006 23.4444
405400 7.5548e+006 22.7607
405401 7.5548e+006 23.4444
405401 7.5548e+006 23.4611
405400 7.5548e+006 22.9501
405400 7.5548e+006 22.7607
405401 7.5548e+006 23.4611
405400 7.5548e+006 22.9501
405401 7.5548e+006 23.4611
405401 7.5548e+006 23.5068
405400 7.5548e+006 23.2338
405400 7.5548e+006 22.9501
405401 7.5548e+006 23.5068
405401 7.5548e+006 23.5693
405400 7.5548e+006 23.2338
405401 7.5548e+006 23.5068
405401 7.5548e+006 23.4445
405401 7.5548e+006 23.4612
405401 7.5548e+006 23.4611
405401 7.5548e+006 23.4611
405401 7.5548e+006 23.4444
405401 7.5548e+006 23.4445
405401 7.5548e+006 23.4612
405401 7.5548e+006 23.5069
405401 7.5548e+006 23.5068
405401 7.5548e+006 23.5068
405401 7.5548e+006 23.4611
405401 7.5548e+006 23.4612
405401 7.5548e+006 23.5693
405401 7.5548e+006 23.5068
405401 7.5548e+006 23.5069
405401 7.5548e+006 23.5069
405401 7.5548e+006 23.5694
405401 7.5548e+006 23.5693
405401 7.5548e+006 23.4445
405401 7.5548e+006 22.6945
405401 7.5548e+006 22.7608
405401 7.5548e+006 23.4612
405401 7.5548e+006 23.4445
405401 7.5548e+006 22.7608
405401 7.5548e+006 23.4612
405401 7.5548e+006 22.7608
405401 7.5548e+006 22.9502
405401 7.5548e+006 23.5069
405401 7.5548e+006 23.4612
405401 7.5548e+006 22.9502
405401 7.5548e+006 23.5069
405401 7.5548e+006 22.9502
405401 7.5548e+006 23.2339
405401 7.5548e+006 23.5694
405401 7.5548e+006 23.5069
405401 7.5548e+006 23.2339
405400 7.5548e+006 23.5687
405401 7.5548e+006 23.5694
405401 7.5548e+006 23.2339
405400 7.5548e+006 23.5686
405400 7.5548e+006 25.1139
405400 7.5548e+006 25.1139
405400 7.5548e+006 25.1139
405400 7.5548e+006 23.5687
405400 7.5548e+006 23.5686
405401 7.5548e+006 23.5693
405401 7.5548e+006 25.1146
405400 7.5548e+006 25.1139
405400 7.5548e+006 25.1139
405400 7.5548e+006 23.5686
405401 7.5548e+006 23.5693
405401 7.5548e+006 23.5694
405401 7.5548e+006 25.1146
405401 7.5548e+006 25.1146
405401 7.5548e+006 25.1146
405401 7.5548e+006 23.5693
405401 7.5548e+006 23.5694
405400 7.5548e+006 23.5687
405400 7.5548e+006 25.1139
405401 7.5548e+006 25.1146
405401 7.5548e+006 25.1146
405401 7.5548e+006 23.5694
405400 7.5548e+006 23.5687
