405410 7.55479e+006 24.4284
405410 7.55479e+006 24.6784
405409 7.55479e+006 24.6783
405409 7.55479e+006 24.6783
405409 7.55479e+006 24.4283
405410 7.55479e+006 24.4284
405409 7.55479e+006 24.6775
405409 7.55479e+006 24.4275
405408 7.55479e+006 24.4274
405408 7.55479e+006 24.4274
405408 7.55479e+006 24.6774
405409 7.55479e+006 24.6775
405410 7.55479e+006 24.4284
405409 7.55479e+006 24.4275
405409 7.55479e+006 24.6775
405409 7.55479e+006 24.6775
405410 7.55479e+006 24.6784
405410 7.55479e+006 24.4284
405409 7.55479e+006 24.4283
405408 7.55479e+006 24.4274
405409 7.55479e+006 24.4275
405409 7.55479e+006 24.4275
405410 7.55479e+006 24.4284
405409 7.55479e+006 24.4283
405409 7.55479e+006 24.6783
405408 7.55479e+006 24.6774
405408 7.55479e+006 24.4274
405408 7.55479e+006 24.4274
405409 7.55479e+006 24.4283
405409 7.55479e+006 24.6783
