405462 7.55481e+006 19.9072
405464 7.55481e+006 19.9072
405462 7.5548e+006 19.9072
405462 7.5548e+006 19.9072
405460 7.5548e+006 19.9072
405462 7.55481e+006 19.9072
405462 7.55481e+006 22.3401
405460 7.5548e+006 22.3401
405462 7.5548e+006 22.3401
405462 7.5548e+006 22.3401
405464 7.55481e+006 22.3401
405462 7.55481e+006 22.3401
405462 7.55481e+006 19.9072
405460 7.5548e+006 19.9072
405460 7.5548e+006 22.3401
405460 7.5548e+006 22.3401
405462 7.55481e+006 22.3401
405462 7.55481e+006 19.9072
405460 7.5548e+006 19.9072
405462 7.5548e+006 19.9072
405462 7.5548e+006 22.3401
405462 7.5548e+006 22.3401
405460 7.5548e+006 22.3401
405460 7.5548e+006 19.9072
405462 7.5548e+006 19.9072
405464 7.55481e+006 19.9072
405464 7.55481e+006 22.3401
405464 7.55481e+006 22.3401
405462 7.5548e+006 22.3401
405462 7.5548e+006 19.9072
405464 7.55481e+006 19.9072
405462 7.55481e+006 19.9072
405462 7.55481e+006 22.3401
405462 7.55481e+006 22.3401
405464 7.55481e+006 22.3401
405464 7.55481e+006 19.9072
