405436 7.55478e+006 22.7277
405435 7.55478e+006 22.7276
405433 7.55478e+006 22.7276
405433 7.55478e+006 22.7276
405434 7.55478e+006 22.7277
405436 7.55478e+006 22.7277
405436 7.55478e+006 23.4777
405436 7.55478e+006 22.7277
405434 7.55478e+006 22.7277
405434 7.55478e+006 22.7277
405434 7.55478e+006 23.4777
405436 7.55478e+006 23.4777
405435 7.55478e+006 23.4776
405436 7.55478e+006 23.4777
405434 7.55478e+006 23.4777
405434 7.55478e+006 23.4777
405433 7.55478e+006 23.4776
405435 7.55478e+006 23.4776
405435 7.55478e+006 22.7276
405435 7.55478e+006 23.4776
405433 7.55478e+006 23.4776
405433 7.55478e+006 23.4776
405433 7.55478e+006 22.7276
405435 7.55478e+006 22.7276
405436 7.55478e+006 22.7942
405435 7.55478e+006 22.7276
405436 7.55478e+006 22.7277
405436 7.55478e+006 22.7277
405436 7.55478e+006 22.7943
405436 7.55478e+006 22.7942
405436 7.55478e+006 23.2678
405436 7.55478e+006 22.9839
405437 7.55478e+006 22.984
405437 7.55478e+006 22.984
405437 7.55478e+006 23.2678
405436 7.55478e+006 23.2678
405437 7.55478e+006 23.2678
405437 7.55478e+006 23.6027
405436 7.55478e+006 23.6026
405436 7.55478e+006 23.6026
405436 7.55478e+006 23.2678
405437 7.55478e+006 23.2678
405436 7.55478e+006 22.7943
405437 7.55478e+006 22.984
405436 7.55478e+006 22.9839
405436 7.55478e+006 22.9839
405436 7.55478e+006 22.7942
405436 7.55478e+006 22.7943
405435 7.55478e+006 23.4776
405435 7.55478e+006 22.7276
405436 7.55478e+006 22.7942
405436 7.55478e+006 23.4944
405435 7.55478e+006 23.4776
405436 7.55478e+006 22.7942
405436 7.55478e+006 23.4944
405436 7.55478e+006 22.7942
405436 7.55478e+006 22.9839
405436 7.55478e+006 23.5401
405436 7.55478e+006 23.4944
405436 7.55478e+006 22.9839
405436 7.55478e+006 23.5401
405436 7.55478e+006 22.9839
405436 7.55478e+006 23.2678
405436 7.55478e+006 23.6026
405436 7.55478e+006 23.5401
405436 7.55478e+006 23.2678
405436 7.55478e+006 23.6026
405436 7.55478e+006 23.2678
405436 7.55478e+006 23.6026
405436 7.55478e+006 23.4777
405435 7.55478e+006 23.4776
405436 7.55478e+006 23.4944
405436 7.55478e+006 23.4944
405436 7.55478e+006 23.4945
405436 7.55478e+006 23.4777
405436 7.55478e+006 23.4945
405436 7.55478e+006 23.4944
405436 7.55478e+006 23.5401
405436 7.55478e+006 23.5401
405436 7.55478e+006 23.5402
405436 7.55478e+006 23.4945
405436 7.55478e+006 23.6026
405436 7.55478e+006 23.6027
405436 7.55478e+006 23.5402
405436 7.55478e+006 23.5402
405436 7.55478e+006 23.5401
405436 7.55478e+006 23.6026
405436 7.55478e+006 22.7943
405436 7.55478e+006 22.7277
405436 7.55478e+006 23.4777
405436 7.55478e+006 22.7943
405436 7.55478e+006 23.4777
405436 7.55478e+006 23.4945
405437 7.55478e+006 22.984
405436 7.55478e+006 22.7943
405436 7.55478e+006 23.4945
405437 7.55478e+006 22.984
405436 7.55478e+006 23.4945
405436 7.55478e+006 23.5402
405437 7.55478e+006 23.2678
405437 7.55478e+006 22.984
405436 7.55478e+006 23.5402
405437 7.55478e+006 23.2678
405436 7.55478e+006 23.5402
405436 7.55478e+006 23.6027
405437 7.55478e+006 23.6027
405437 7.55478e+006 23.2678
405436 7.55478e+006 23.6027
405436 7.55478e+006 23.6026
405437 7.55478e+006 23.6027
405437 7.55478e+006 25.148
405437 7.55478e+006 25.148
405436 7.55478e+006 25.1479
405436 7.55478e+006 23.6026
405436 7.55478e+006 23.6026
405436 7.55478e+006 23.6026
405436 7.55478e+006 25.1479
405436 7.55478e+006 25.1479
405436 7.55478e+006 25.1479
405436 7.55478e+006 23.6026
405436 7.55478e+006 23.6027
405436 7.55478e+006 23.6026
405436 7.55478e+006 25.1479
405436 7.55478e+006 25.1479
405436 7.55478e+006 25.148
405436 7.55478e+006 23.6027
405437 7.55478e+006 23.6027
405436 7.55478e+006 23.6027
405436 7.55478e+006 25.148
405436 7.55478e+006 25.148
405437 7.55478e+006 25.148
405437 7.55478e+006 23.6027
