405404 7.55482e+006 43.4456
405404 7.55482e+006 41.2861
405403 7.55482e+006 41.2861
405403 7.55482e+006 41.2861
405403 7.55482e+006 43.4456
405404 7.55482e+006 43.4456
405405 7.55482e+006 41.2861
405405 7.55482e+006 43.4456
405405 7.55482e+006 43.4456
405405 7.55482e+006 43.4456
405405 7.55482e+006 41.2861
405405 7.55482e+006 41.2861
405404 7.55482e+006 40.3655
405404 7.55482e+006 43.9445
405405 7.55482e+006 43.9445
405405 7.55482e+006 43.9445
405405 7.55482e+006 40.3685
405404 7.55482e+006 40.3655
