408898 7.55793e+006 -924.02
408898 7.55793e+006 -924.02
408898 7.55793e+006 -923.92
408898 7.55793e+006 -923.92
408898 7.55793e+006 -923.92
408898 7.55793e+006 -924.02
408898 7.55793e+006 -924.092
408898 7.55793e+006 -924.092
408898 7.55793e+006 -924.02
408898 7.55793e+006 -924.02
408898 7.55793e+006 -924.02
408898 7.55793e+006 -924.092
408898 7.55793e+006 -924.119
408898 7.55793e+006 -924.119
408898 7.55793e+006 -924.092
408898 7.55793e+006 -924.092
408898 7.55793e+006 -924.092
408898 7.55793e+006 -924.119
408898 7.55793e+006 -924.092
408898 7.55793e+006 -924.092
408898 7.55793e+006 -924.119
408898 7.55793e+006 -924.119
408898 7.55793e+006 -924.119
408898 7.55793e+006 -924.092
408898 7.55793e+006 -924.02
408898 7.55793e+006 -924.02
408898 7.55793e+006 -924.092
408898 7.55793e+006 -924.092
408898 7.55793e+006 -924.092
408898 7.55793e+006 -924.02
408898 7.55793e+006 -923.92
408898 7.55793e+006 -923.92
408898 7.55793e+006 -924.02
408898 7.55793e+006 -924.02
408898 7.55793e+006 -924.02
408898 7.55793e+006 -923.92
408898 7.55793e+006 -923.82
408898 7.55793e+006 -923.82
408898 7.55793e+006 -923.92
408898 7.55793e+006 -923.92
408898 7.55793e+006 -923.92
408898 7.55793e+006 -923.82
408898 7.55793e+006 -923.747
408898 7.55793e+006 -923.747
408898 7.55793e+006 -923.82
408898 7.55793e+006 -923.82
408898 7.55793e+006 -923.82
408898 7.55793e+006 -923.747
408898 7.55793e+006 -923.721
408898 7.55793e+006 -923.721
408898 7.55793e+006 -923.747
408898 7.55793e+006 -923.747
408898 7.55793e+006 -923.747
408898 7.55793e+006 -923.721
408898 7.55793e+006 -923.747
408898 7.55793e+006 -923.747
408898 7.55793e+006 -923.721
408898 7.55793e+006 -923.721
408898 7.55793e+006 -923.721
408898 7.55793e+006 -923.747
408898 7.55793e+006 -923.82
408898 7.55793e+006 -923.82
408898 7.55793e+006 -923.747
408898 7.55793e+006 -923.747
408898 7.55793e+006 -923.747
408898 7.55793e+006 -923.82
408898 7.55793e+006 -923.92
408898 7.55793e+006 -923.92
408898 7.55793e+006 -923.82
408898 7.55793e+006 -923.82
408898 7.55793e+006 -923.82
408898 7.55793e+006 -923.92
408898 7.55793e+006 -923.747
408898 7.55793e+006 -923.82
408898 7.55793e+006 -923.92
408898 7.55793e+006 -923.721
408898 7.55793e+006 -923.747
408898 7.55793e+006 -923.92
408898 7.55793e+006 -923.747
408898 7.55793e+006 -923.721
408898 7.55793e+006 -923.92
408898 7.55793e+006 -923.82
408898 7.55793e+006 -923.747
408898 7.55793e+006 -923.92
408898 7.55793e+006 -923.92
408898 7.55793e+006 -923.82
408898 7.55793e+006 -923.92
408898 7.55793e+006 -924.02
408898 7.55793e+006 -923.92
408898 7.55793e+006 -923.92
408898 7.55793e+006 -924.092
408898 7.55793e+006 -924.02
408898 7.55793e+006 -923.92
408898 7.55793e+006 -924.119
408898 7.55793e+006 -924.092
408898 7.55793e+006 -923.92
408898 7.55793e+006 -924.092
408898 7.55793e+006 -924.119
408898 7.55793e+006 -923.92
408898 7.55793e+006 -924.02
408898 7.55793e+006 -924.092
408898 7.55793e+006 -923.92
408898 7.55793e+006 -924.092
408898 7.55793e+006 -924.02
408898 7.55793e+006 -923.92
408898 7.55793e+006 -923.92
408898 7.55793e+006 -923.82
408898 7.55793e+006 -923.747
408898 7.55793e+006 -923.92
408898 7.55793e+006 -923.747
408898 7.55793e+006 -923.721
408898 7.55793e+006 -923.92
408898 7.55793e+006 -923.721
408898 7.55793e+006 -923.747
408898 7.55793e+006 -923.92
408898 7.55793e+006 -923.747
408898 7.55793e+006 -923.82
408898 7.55793e+006 -923.92
408898 7.55793e+006 -923.82
408898 7.55793e+006 -923.92
408898 7.55793e+006 -923.92
408898 7.55793e+006 -923.92
408898 7.55793e+006 -924.02
408898 7.55793e+006 -923.92
408898 7.55793e+006 -924.02
408898 7.55793e+006 -924.092
408898 7.55793e+006 -923.92
408898 7.55793e+006 -924.092
408898 7.55793e+006 -924.119
408898 7.55793e+006 -924.092
408898 7.55793e+006 -923.92
408898 7.55793e+006 -924.119
