405449 7.55479e+006 43.3489
405451 7.55479e+006 43.3489
405451 7.55479e+006 43.8303
405451 7.55479e+006 43.8303
405450 7.55479e+006 43.8303
405449 7.55479e+006 43.3489
405451 7.55479e+006 42.7052
405451 7.55479e+006 43.3489
405449 7.55479e+006 43.3489
405451 7.55479e+006 42.7052
405449 7.55479e+006 43.3489
405450 7.55479e+006 42.7052
405451 7.55479e+006 42.7052
405450 7.55479e+006 42.7052
405450 7.55479e+006 41.8208
405451 7.55479e+006 41.8208
405451 7.55479e+006 42.7052
405450 7.55479e+006 41.8208
