405418 7.5548e+006 23.3842
405418 7.5548e+006 21.8842
405419 7.5548e+006 21.8843
405419 7.5548e+006 21.8843
405419 7.5548e+006 23.3843
405418 7.5548e+006 23.3842
405416 7.5548e+006 21.8817
405416 7.5548e+006 23.3817
405416 7.5548e+006 23.3818
405416 7.5548e+006 23.3818
405416 7.5548e+006 21.8818
405416 7.5548e+006 21.8817
405418 7.5548e+006 23.3842
405416 7.5548e+006 23.3817
405416 7.5548e+006 21.8817
405416 7.5548e+006 21.8817
405418 7.5548e+006 21.8842
405418 7.5548e+006 23.3842
405419 7.5548e+006 23.3843
405416 7.5548e+006 23.3818
405416 7.5548e+006 23.3817
405416 7.5548e+006 23.3817
405418 7.5548e+006 23.3842
405419 7.5548e+006 23.3843
405419 7.5548e+006 21.8843
405416 7.5548e+006 21.8818
405416 7.5548e+006 23.3818
405416 7.5548e+006 23.3818
405419 7.5548e+006 23.3843
405419 7.5548e+006 21.8843
405419 7.5548e+006 23.0673
405419 7.5548e+006 23.1342
405419 7.5548e+006 23.1344
405419 7.5548e+006 23.1344
405419 7.5548e+006 23.0675
405419 7.5548e+006 23.0673
405419 7.5548e+006 23.0675
405419 7.5548e+006 22.8845
405419 7.5548e+006 22.8843
405419 7.5548e+006 22.8843
405419 7.5548e+006 23.0673
405419 7.5548e+006 23.0675
405419 7.5548e+006 22.6343
405419 7.5548e+006 22.8843
405419 7.5548e+006 22.8845
405419 7.5548e+006 22.8845
405419 7.5548e+006 22.6345
405419 7.5548e+006 22.6343
405419 7.5548e+006 22.6345
405419 7.5548e+006 22.3845
405419 7.5548e+006 22.3843
405419 7.5548e+006 22.3843
405419 7.5548e+006 22.6343
405419 7.5548e+006 22.6345
405419 7.5548e+006 22.2012
405419 7.5548e+006 22.3843
405419 7.5548e+006 22.3845
405419 7.5548e+006 22.3845
405419 7.5548e+006 22.2014
405419 7.5548e+006 22.2012
405419 7.5548e+006 22.2014
405419 7.5548e+006 22.1344
405419 7.5548e+006 22.1342
405419 7.5548e+006 22.1342
405419 7.5548e+006 22.2012
405419 7.5548e+006 22.2014
405418 7.5548e+006 22.2012
405419 7.5548e+006 22.1342
405419 7.5548e+006 22.1344
405419 7.5548e+006 22.1344
405419 7.5548e+006 22.2014
405418 7.5548e+006 22.2012
405419 7.5548e+006 22.2014
405419 7.5548e+006 22.3844
405418 7.5548e+006 22.3842
405418 7.5548e+006 22.3842
405418 7.5548e+006 22.2012
405419 7.5548e+006 22.2014
405418 7.5548e+006 22.6342
405418 7.5548e+006 22.3842
405419 7.5548e+006 22.3844
405419 7.5548e+006 22.3844
405418 7.5548e+006 22.6344
405418 7.5548e+006 22.6342
405418 7.5548e+006 22.6344
405419 7.5548e+006 22.8844
405418 7.5548e+006 22.8842
405418 7.5548e+006 22.8842
405418 7.5548e+006 22.6342
405418 7.5548e+006 22.6344
405418 7.5548e+006 23.0672
405418 7.5548e+006 22.8842
405419 7.5548e+006 22.8844
405419 7.5548e+006 22.8844
405419 7.5548e+006 23.0674
405418 7.5548e+006 23.0672
405419 7.5548e+006 23.0674
405419 7.5548e+006 23.1344
405419 7.5548e+006 23.1342
405419 7.5548e+006 23.1342
405418 7.5548e+006 23.0672
405419 7.5548e+006 23.0674
405419 7.5548e+006 22.3845
405419 7.5548e+006 22.6345
405419 7.5548e+006 22.8845
405419 7.5548e+006 22.8844
405418 7.5548e+006 22.6344
405419 7.5548e+006 22.3844
405419 7.5548e+006 23.0674
405419 7.5548e+006 22.8844
405419 7.5548e+006 22.3844
405419 7.5548e+006 23.0674
405419 7.5548e+006 22.3844
405419 7.5548e+006 22.2014
405419 7.5548e+006 23.1344
405419 7.5548e+006 23.0674
405419 7.5548e+006 22.2014
405419 7.5548e+006 23.1344
405419 7.5548e+006 22.2014
405419 7.5548e+006 22.1344
405419 7.5548e+006 23.0675
405419 7.5548e+006 23.1344
405419 7.5548e+006 22.1344
405419 7.5548e+006 23.0675
405419 7.5548e+006 22.1344
405419 7.5548e+006 22.2014
405419 7.5548e+006 22.8845
405419 7.5548e+006 23.0675
405419 7.5548e+006 22.2014
405419 7.5548e+006 22.3845
405419 7.5548e+006 22.8845
405419 7.5548e+006 22.2014
405418 7.5548e+006 22.3842
405418 7.5548e+006 22.6342
405418 7.5548e+006 22.8842
405419 7.5548e+006 22.8843
405419 7.5548e+006 22.6343
405419 7.5548e+006 22.3843
405419 7.5548e+006 23.0673
405419 7.5548e+006 22.8843
405419 7.5548e+006 22.3843
405419 7.5548e+006 23.0673
405419 7.5548e+006 22.3843
405419 7.5548e+006 22.2012
405419 7.5548e+006 23.1342
405419 7.5548e+006 23.0673
405419 7.5548e+006 22.2012
405419 7.5548e+006 23.1342
405419 7.5548e+006 22.2012
405419 7.5548e+006 22.1342
405418 7.5548e+006 23.0672
405419 7.5548e+006 23.1342
405419 7.5548e+006 22.1342
405418 7.5548e+006 23.0672
405419 7.5548e+006 22.1342
405418 7.5548e+006 22.2012
405418 7.5548e+006 22.8842
405418 7.5548e+006 23.0672
405418 7.5548e+006 22.2012
405418 7.5548e+006 22.3842
405418 7.5548e+006 22.8842
405418 7.5548e+006 22.2012
405419 7.5548e+006 22.8943
405419 7.5548e+006 22.9345
405419 7.5548e+006 22.9344
405419 7.5548e+006 22.9344
405419 7.5548e+006 22.8942
405419 7.5548e+006 22.8943
405419 7.5548e+006 22.8942
405419 7.5548e+006 22.7844
405419 7.5548e+006 22.7845
405419 7.5548e+006 22.7845
405419 7.5548e+006 22.8943
405419 7.5548e+006 22.8942
405419 7.5548e+006 22.6345
405419 7.5548e+006 22.7845
405419 7.5548e+006 22.7844
405419 7.5548e+006 22.7844
405419 7.5548e+006 22.6344
405419 7.5548e+006 22.6345
405419 7.5548e+006 22.6344
405419 7.5548e+006 22.4844
405419 7.5548e+006 22.4845
405419 7.5548e+006 22.4845
405419 7.5548e+006 22.6345
405419 7.5548e+006 22.6344
405419 7.5548e+006 22.3747
405419 7.5548e+006 22.4845
405419 7.5548e+006 22.4844
405419 7.5548e+006 22.4844
405419 7.5548e+006 22.3746
405419 7.5548e+006 22.3747
405419 7.5548e+006 22.3746
405419 7.5548e+006 22.3344
405419 7.5548e+006 22.3345
405419 7.5548e+006 22.3345
405419 7.5548e+006 22.3747
405419 7.5548e+006 22.3746
405419 7.5548e+006 22.3747
405419 7.5548e+006 22.3345
405419 7.5548e+006 22.3344
405419 7.5548e+006 22.3344
405419 7.5548e+006 22.3746
405419 7.5548e+006 22.3747
405419 7.5548e+006 22.3746
405419 7.5548e+006 22.4844
405419 7.5548e+006 22.4845
405419 7.5548e+006 22.4845
405419 7.5548e+006 22.3747
405419 7.5548e+006 22.3746
405419 7.5548e+006 22.6345
405419 7.5548e+006 22.4845
405419 7.5548e+006 22.4844
405419 7.5548e+006 22.4844
405419 7.5548e+006 22.6344
405419 7.5548e+006 22.6345
405419 7.5548e+006 22.6344
405419 7.5548e+006 22.7844
405419 7.5548e+006 22.7845
405419 7.5548e+006 22.7845
405419 7.5548e+006 22.6345
405419 7.5548e+006 22.6344
405419 7.5548e+006 22.8943
405419 7.5548e+006 22.7845
405419 7.5548e+006 22.7844
405419 7.5548e+006 22.7844
405419 7.5548e+006 22.8942
405419 7.5548e+006 22.8943
405419 7.5548e+006 22.8942
405419 7.5548e+006 22.9344
405419 7.5548e+006 22.9345
405419 7.5548e+006 22.9345
405419 7.5548e+006 22.8943
405419 7.5548e+006 22.8942
405419 7.5548e+006 22.4844
405419 7.5548e+006 22.6344
405419 7.5548e+006 22.7844
405419 7.5548e+006 22.7844
405419 7.5548e+006 22.6344
405419 7.5548e+006 22.4844
405419 7.5548e+006 22.8942
405419 7.5548e+006 22.7844
405419 7.5548e+006 22.4844
405419 7.5548e+006 22.8942
405419 7.5548e+006 22.4844
405419 7.5548e+006 22.3746
405419 7.5548e+006 22.9344
405419 7.5548e+006 22.8942
405419 7.5548e+006 22.3746
405419 7.5548e+006 22.9344
405419 7.5548e+006 22.3746
405419 7.5548e+006 22.3344
405419 7.5548e+006 22.8942
405419 7.5548e+006 22.9344
405419 7.5548e+006 22.3344
405419 7.5548e+006 22.8942
405419 7.5548e+006 22.3344
405419 7.5548e+006 22.3746
405419 7.5548e+006 22.7844
405419 7.5548e+006 22.8942
405419 7.5548e+006 22.3746
405419 7.5548e+006 22.4844
405419 7.5548e+006 22.7844
405419 7.5548e+006 22.3746
405419 7.5548e+006 22.4845
405419 7.5548e+006 22.6345
405419 7.5548e+006 22.7845
405419 7.5548e+006 22.7845
405419 7.5548e+006 22.6345
405419 7.5548e+006 22.4845
405419 7.5548e+006 22.8943
405419 7.5548e+006 22.7845
405419 7.5548e+006 22.4845
405419 7.5548e+006 22.8943
405419 7.5548e+006 22.4845
405419 7.5548e+006 22.3747
405419 7.5548e+006 22.9345
405419 7.5548e+006 22.8943
405419 7.5548e+006 22.3747
405419 7.5548e+006 22.9345
405419 7.5548e+006 22.3747
405419 7.5548e+006 22.3345
405419 7.5548e+006 22.8943
405419 7.5548e+006 22.9345
405419 7.5548e+006 22.3345
405419 7.5548e+006 22.8943
405419 7.5548e+006 22.3345
405419 7.5548e+006 22.3747
405419 7.5548e+006 22.7845
405419 7.5548e+006 22.8943
405419 7.5548e+006 22.3747
405419 7.5548e+006 22.4845
405419 7.5548e+006 22.7845
405419 7.5548e+006 22.3747
405419 7.5548e+006 22.9376
405419 7.5548e+006 22.9845
405419 7.5548e+006 22.9847
405419 7.5548e+006 22.9847
405419 7.5548e+006 22.9378
405419 7.5548e+006 22.9376
405419 7.5548e+006 22.9378
405419 7.5548e+006 22.8097
405419 7.5548e+006 22.8095
405419 7.5548e+006 22.8095
405419 7.5548e+006 22.9376
405419 7.5548e+006 22.9378
405419 7.5548e+006 22.6345
405419 7.5548e+006 22.8095
405419 7.5548e+006 22.8097
405419 7.5548e+006 22.8097
405419 7.5548e+006 22.6347
405419 7.5548e+006 22.6345
405419 7.5548e+006 22.6347
405419 7.5548e+006 22.4597
405419 7.5548e+006 22.4595
405419 7.5548e+006 22.4595
405419 7.5548e+006 22.6345
405419 7.5548e+006 22.6347
405419 7.5548e+006 22.3314
405419 7.5548e+006 22.4595
405419 7.5548e+006 22.4597
405419 7.5548e+006 22.4597
405419 7.5548e+006 22.3316
405419 7.5548e+006 22.3314
405419 7.5548e+006 22.3316
405419 7.5548e+006 22.2847
405419 7.5548e+006 22.2845
405419 7.5548e+006 22.2845
405419 7.5548e+006 22.3314
405419 7.5548e+006 22.3316
405419 7.5548e+006 22.3314
405419 7.5548e+006 22.2845
405419 7.5548e+006 22.2847
405419 7.5548e+006 22.2847
405419 7.5548e+006 22.3316
405419 7.5548e+006 22.3314
405419 7.5548e+006 22.3316
405419 7.5548e+006 22.4597
405419 7.5548e+006 22.4595
405419 7.5548e+006 22.4595
405419 7.5548e+006 22.3314
405419 7.5548e+006 22.3316
405419 7.5548e+006 22.6345
405419 7.5548e+006 22.4595
405419 7.5548e+006 22.4597
405419 7.5548e+006 22.4597
405419 7.5548e+006 22.6347
405419 7.5548e+006 22.6345
405419 7.5548e+006 22.6347
405419 7.5548e+006 22.8097
405419 7.5548e+006 22.8095
405419 7.5548e+006 22.8095
405419 7.5548e+006 22.6345
405419 7.5548e+006 22.6347
405419 7.5548e+006 22.9376
405419 7.5548e+006 22.8095
405419 7.5548e+006 22.8097
405419 7.5548e+006 22.8097
405419 7.5548e+006 22.9378
405419 7.5548e+006 22.9376
405419 7.5548e+006 22.9378
405419 7.5548e+006 22.9847
405419 7.5548e+006 22.9845
405419 7.5548e+006 22.9845
405419 7.5548e+006 22.9376
405419 7.5548e+006 22.9378
405419 7.5548e+006 22.4597
405419 7.5548e+006 22.6347
405419 7.5548e+006 22.8097
405419 7.5548e+006 22.8097
405419 7.5548e+006 22.6347
405419 7.5548e+006 22.4597
405419 7.5548e+006 22.9378
405419 7.5548e+006 22.8097
405419 7.5548e+006 22.4597
405419 7.5548e+006 22.9378
405419 7.5548e+006 22.4597
405419 7.5548e+006 22.3316
405419 7.5548e+006 22.9847
405419 7.5548e+006 22.9378
405419 7.5548e+006 22.3316
405419 7.5548e+006 22.9847
405419 7.5548e+006 22.3316
405419 7.5548e+006 22.2847
405419 7.5548e+006 22.9378
405419 7.5548e+006 22.9847
405419 7.5548e+006 22.2847
405419 7.5548e+006 22.9378
405419 7.5548e+006 22.2847
405419 7.5548e+006 22.3316
405419 7.5548e+006 22.8097
405419 7.5548e+006 22.9378
405419 7.5548e+006 22.3316
405419 7.5548e+006 22.4597
405419 7.5548e+006 22.8097
405419 7.5548e+006 22.3316
405419 7.5548e+006 22.4595
405419 7.5548e+006 22.6345
405419 7.5548e+006 22.8095
405419 7.5548e+006 22.8095
405419 7.5548e+006 22.6345
405419 7.5548e+006 22.4595
405419 7.5548e+006 22.9376
405419 7.5548e+006 22.8095
405419 7.5548e+006 22.4595
405419 7.5548e+006 22.9376
405419 7.5548e+006 22.4595
405419 7.5548e+006 22.3314
405419 7.5548e+006 22.9845
405419 7.5548e+006 22.9376
405419 7.5548e+006 22.3314
405419 7.5548e+006 22.9845
405419 7.5548e+006 22.3314
405419 7.5548e+006 22.2845
405419 7.5548e+006 22.9376
405419 7.5548e+006 22.9845
405419 7.5548e+006 22.2845
405419 7.5548e+006 22.9376
405419 7.5548e+006 22.2845
405419 7.5548e+006 22.3314
405419 7.5548e+006 22.8095
405419 7.5548e+006 22.9376
405419 7.5548e+006 22.3314
405419 7.5548e+006 22.4595
405419 7.5548e+006 22.8095
405419 7.5548e+006 22.3314
405419 7.5548e+006 22.7646
405419 7.5548e+006 22.7847
405419 7.5548e+006 22.7849
405419 7.5548e+006 22.7849
405419 7.5548e+006 22.7648
405419 7.5548e+006 22.7646
405419 7.5548e+006 22.7648
405419 7.5548e+006 22.7099
405419 7.5548e+006 22.7097
405419 7.5548e+006 22.7097
405419 7.5548e+006 22.7646
405419 7.5548e+006 22.7648
405419 7.5548e+006 22.6347
405419 7.5548e+006 22.7097
405419 7.5548e+006 22.7099
405419 7.5548e+006 22.7099
405419 7.5548e+006 22.6349
405419 7.5548e+006 22.6347
405419 7.5548e+006 22.6349
405419 7.5548e+006 22.5599
405419 7.5548e+006 22.5597
405419 7.5548e+006 22.5597
405419 7.5548e+006 22.6347
405419 7.5548e+006 22.6349
405419 7.5548e+006 22.5048
405419 7.5548e+006 22.5597
405419 7.5548e+006 22.5599
405419 7.5548e+006 22.5599
405419 7.5548e+006 22.505
405419 7.5548e+006 22.5048
405419 7.5548e+006 22.505
405419 7.5548e+006 22.4849
405419 7.5548e+006 22.4847
405419 7.5548e+006 22.4847
405419 7.5548e+006 22.5048
405419 7.5548e+006 22.505
405419 7.5548e+006 22.5048
405419 7.5548e+006 22.4847
405419 7.5548e+006 22.4849
405419 7.5548e+006 22.4849
405419 7.5548e+006 22.505
405419 7.5548e+006 22.5048
405419 7.5548e+006 22.505
405419 7.5548e+006 22.5599
405419 7.5548e+006 22.5597
405419 7.5548e+006 22.5597
405419 7.5548e+006 22.5048
405419 7.5548e+006 22.505
405419 7.5548e+006 22.6347
405419 7.5548e+006 22.5597
405419 7.5548e+006 22.5599
405419 7.5548e+006 22.5599
405419 7.5548e+006 22.6349
405419 7.5548e+006 22.6347
405419 7.5548e+006 22.6349
405419 7.5548e+006 22.7099
405419 7.5548e+006 22.7097
405419 7.5548e+006 22.7097
405419 7.5548e+006 22.6347
405419 7.5548e+006 22.6349
405419 7.5548e+006 22.7646
405419 7.5548e+006 22.7097
405419 7.5548e+006 22.7099
405419 7.5548e+006 22.7099
405419 7.5548e+006 22.7648
405419 7.5548e+006 22.7646
405419 7.5548e+006 22.7648
405419 7.5548e+006 22.7849
405419 7.5548e+006 22.7847
405419 7.5548e+006 22.7847
405419 7.5548e+006 22.7646
405419 7.5548e+006 22.7648
405419 7.5548e+006 22.5599
405419 7.5548e+006 22.6349
405419 7.5548e+006 22.7099
405419 7.5548e+006 22.7099
405419 7.5548e+006 22.6349
405419 7.5548e+006 22.5599
405419 7.5548e+006 22.7648
405419 7.5548e+006 22.7099
405419 7.5548e+006 22.5599
405419 7.5548e+006 22.7648
405419 7.5548e+006 22.5599
405419 7.5548e+006 22.505
405419 7.5548e+006 22.7849
405419 7.5548e+006 22.7648
405419 7.5548e+006 22.505
405419 7.5548e+006 22.7849
405419 7.5548e+006 22.505
405419 7.5548e+006 22.4849
405419 7.5548e+006 22.7648
405419 7.5548e+006 22.7849
405419 7.5548e+006 22.4849
405419 7.5548e+006 22.7648
405419 7.5548e+006 22.4849
405419 7.5548e+006 22.505
405419 7.5548e+006 22.7099
405419 7.5548e+006 22.7648
405419 7.5548e+006 22.505
405419 7.5548e+006 22.5599
405419 7.5548e+006 22.7099
405419 7.5548e+006 22.505
405419 7.5548e+006 22.5597
405419 7.5548e+006 22.6347
405419 7.5548e+006 22.7097
405419 7.5548e+006 22.7097
405419 7.5548e+006 22.6347
405419 7.5548e+006 22.5597
405419 7.5548e+006 22.7646
405419 7.5548e+006 22.7097
405419 7.5548e+006 22.5597
405419 7.5548e+006 22.7646
405419 7.5548e+006 22.5597
405419 7.5548e+006 22.5048
405419 7.5548e+006 22.7847
405419 7.5548e+006 22.7646
405419 7.5548e+006 22.5048
405419 7.5548e+006 22.7847
405419 7.5548e+006 22.5048
405419 7.5548e+006 22.4847
405419 7.5548e+006 22.7646
405419 7.5548e+006 22.7847
405419 7.5548e+006 22.4847
405419 7.5548e+006 22.7646
405419 7.5548e+006 22.4847
405419 7.5548e+006 22.5048
405419 7.5548e+006 22.7097
405419 7.5548e+006 22.7646
405419 7.5548e+006 22.5048
405419 7.5548e+006 22.5597
405419 7.5548e+006 22.7097
405419 7.5548e+006 22.5048
405416 7.5548e+006 23.0646
405416 7.5548e+006 23.1315
405416 7.5548e+006 23.1317
405416 7.5548e+006 23.1317
405416 7.5548e+006 23.0647
405416 7.5548e+006 23.0646
405416 7.5548e+006 23.0647
405416 7.5548e+006 22.8817
405416 7.5548e+006 22.8816
405416 7.5548e+006 22.8816
405416 7.5548e+006 23.0646
405416 7.5548e+006 23.0647
405416 7.5548e+006 22.6316
405416 7.5548e+006 22.8816
405416 7.5548e+006 22.8817
405416 7.5548e+006 22.8817
405416 7.5548e+006 22.6317
405416 7.5548e+006 22.6316
405416 7.5548e+006 22.6317
405416 7.5548e+006 22.3817
405416 7.5548e+006 22.3816
405416 7.5548e+006 22.3816
405416 7.5548e+006 22.6316
405416 7.5548e+006 22.6317
405416 7.5548e+006 22.1985
405416 7.5548e+006 22.3816
405416 7.5548e+006 22.3817
405416 7.5548e+006 22.3817
405416 7.5548e+006 22.1987
405416 7.5548e+006 22.1985
405416 7.5548e+006 22.1987
405416 7.5548e+006 22.1317
405416 7.5548e+006 22.1315
405416 7.5548e+006 22.1315
405416 7.5548e+006 22.1985
405416 7.5548e+006 22.1987
405416 7.5548e+006 22.1985
405416 7.5548e+006 22.1315
405416 7.5548e+006 22.1317
405416 7.5548e+006 22.1317
405416 7.5548e+006 22.1987
405416 7.5548e+006 22.1985
405416 7.5548e+006 22.1987
405416 7.5548e+006 22.3817
405416 7.5548e+006 22.3815
405416 7.5548e+006 22.3815
405416 7.5548e+006 22.1985
405416 7.5548e+006 22.1987
405416 7.5548e+006 22.6315
405416 7.5548e+006 22.3815
405416 7.5548e+006 22.3817
405416 7.5548e+006 22.3817
405416 7.5548e+006 22.6317
405416 7.5548e+006 22.6315
405416 7.5548e+006 22.6317
405416 7.5548e+006 22.8817
405416 7.5548e+006 22.8815
405416 7.5548e+006 22.8815
405416 7.5548e+006 22.6315
405416 7.5548e+006 22.6317
405416 7.5548e+006 23.0645
405416 7.5548e+006 22.8815
405416 7.5548e+006 22.8817
405416 7.5548e+006 22.8817
405416 7.5548e+006 23.0647
405416 7.5548e+006 23.0645
405416 7.5548e+006 23.0647
405416 7.5548e+006 23.1317
405416 7.5548e+006 23.1315
405416 7.5548e+006 23.1315
405416 7.5548e+006 23.0645
405416 7.5548e+006 23.0647
405416 7.5548e+006 22.3817
405416 7.5548e+006 22.6317
405416 7.5548e+006 22.8817
405416 7.5548e+006 22.8817
405416 7.5548e+006 22.6317
405416 7.5548e+006 22.3817
405416 7.5548e+006 23.0647
405416 7.5548e+006 22.8817
405416 7.5548e+006 22.3817
405416 7.5548e+006 23.0647
405416 7.5548e+006 22.3817
405416 7.5548e+006 22.1987
405416 7.5548e+006 23.1317
405416 7.5548e+006 23.0647
405416 7.5548e+006 22.1987
405416 7.5548e+006 23.1317
405416 7.5548e+006 22.1987
405416 7.5548e+006 22.1317
405416 7.5548e+006 23.0647
405416 7.5548e+006 23.1317
405416 7.5548e+006 22.1317
405416 7.5548e+006 23.0647
405416 7.5548e+006 22.1317
405416 7.5548e+006 22.1987
405416 7.5548e+006 22.8817
405416 7.5548e+006 23.0647
405416 7.5548e+006 22.1987
405416 7.5548e+006 22.3817
405416 7.5548e+006 22.8817
405416 7.5548e+006 22.1987
405416 7.5548e+006 22.3815
405416 7.5548e+006 22.6315
405416 7.5548e+006 22.8815
405416 7.5548e+006 22.8816
405416 7.5548e+006 22.6316
405416 7.5548e+006 22.3816
405416 7.5548e+006 23.0646
405416 7.5548e+006 22.8816
405416 7.5548e+006 22.3816
405416 7.5548e+006 23.0646
405416 7.5548e+006 22.3816
405416 7.5548e+006 22.1985
405416 7.5548e+006 23.1315
405416 7.5548e+006 23.0646
405416 7.5548e+006 22.1985
405416 7.5548e+006 23.1315
405416 7.5548e+006 22.1985
405416 7.5548e+006 22.1315
405416 7.5548e+006 23.0645
405416 7.5548e+006 23.1315
405416 7.5548e+006 22.1315
405416 7.5548e+006 23.0645
405416 7.5548e+006 22.1315
405416 7.5548e+006 22.1985
405416 7.5548e+006 22.8815
405416 7.5548e+006 23.0645
405416 7.5548e+006 22.1985
405416 7.5548e+006 22.3815
405416 7.5548e+006 22.8815
405416 7.5548e+006 22.1985
405416 7.5548e+006 22.8913
405416 7.5548e+006 22.9315
405416 7.5548e+006 22.9314
405416 7.5548e+006 22.9314
405416 7.5548e+006 22.8912
405416 7.5548e+006 22.8913
405416 7.5548e+006 22.8912
405416 7.5548e+006 22.7814
405416 7.5548e+006 22.7815
405416 7.5548e+006 22.7815
405416 7.5548e+006 22.8913
405416 7.5548e+006 22.8912
405416 7.5548e+006 22.6315
405416 7.5548e+006 22.7815
405416 7.5548e+006 22.7814
405416 7.5548e+006 22.7814
405416 7.5548e+006 22.6314
405416 7.5548e+006 22.6315
405416 7.5548e+006 22.6314
405416 7.5548e+006 22.4814
405416 7.5548e+006 22.4815
405416 7.5548e+006 22.4815
405416 7.5548e+006 22.6315
405416 7.5548e+006 22.6314
405416 7.5548e+006 22.3717
405416 7.5548e+006 22.4815
405416 7.5548e+006 22.4814
405416 7.5548e+006 22.4814
405416 7.5548e+006 22.3716
405416 7.5548e+006 22.3717
405416 7.5548e+006 22.3716
405416 7.5548e+006 22.3314
405416 7.5548e+006 22.3315
405416 7.5548e+006 22.3315
405416 7.5548e+006 22.3717
405416 7.5548e+006 22.3716
405416 7.5548e+006 22.3717
405416 7.5548e+006 22.3315
405416 7.5548e+006 22.3314
405416 7.5548e+006 22.3314
405416 7.5548e+006 22.3716
405416 7.5548e+006 22.3717
405416 7.5548e+006 22.3716
405416 7.5548e+006 22.4815
405416 7.5548e+006 22.4816
405416 7.5548e+006 22.4816
405416 7.5548e+006 22.3717
405416 7.5548e+006 22.3716
405416 7.5548e+006 22.6316
405416 7.5548e+006 22.4816
405416 7.5548e+006 22.4815
405416 7.5548e+006 22.4815
405416 7.5548e+006 22.6315
405416 7.5548e+006 22.6316
405416 7.5548e+006 22.6315
405416 7.5548e+006 22.7815
405416 7.5548e+006 22.7815
405416 7.5548e+006 22.7815
405416 7.5548e+006 22.6316
405416 7.5548e+006 22.6315
405416 7.5548e+006 22.8913
405416 7.5548e+006 22.7815
405416 7.5548e+006 22.7815
405416 7.5548e+006 22.7815
405416 7.5548e+006 22.8913
405416 7.5548e+006 22.8913
405416 7.5548e+006 22.8913
405416 7.5548e+006 22.9314
405416 7.5548e+006 22.9315
405416 7.5548e+006 22.9315
405416 7.5548e+006 22.8913
405416 7.5548e+006 22.8913
405416 7.5548e+006 22.4814
405416 7.5548e+006 22.6314
405416 7.5548e+006 22.7814
405416 7.5548e+006 22.7815
405416 7.5548e+006 22.6315
405416 7.5548e+006 22.4815
405416 7.5548e+006 22.8913
405416 7.5548e+006 22.7815
405416 7.5548e+006 22.4815
405416 7.5548e+006 22.8913
405416 7.5548e+006 22.4815
405416 7.5548e+006 22.3716
405416 7.5548e+006 22.9314
405416 7.5548e+006 22.8913
405416 7.5548e+006 22.3716
405416 7.5548e+006 22.9314
405416 7.5548e+006 22.3716
405416 7.5548e+006 22.3314
405416 7.5548e+006 22.8912
405416 7.5548e+006 22.9314
405416 7.5548e+006 22.3314
405416 7.5548e+006 22.8912
405416 7.5548e+006 22.3314
405416 7.5548e+006 22.3716
405416 7.5548e+006 22.7814
405416 7.5548e+006 22.8912
405416 7.5548e+006 22.3716
405416 7.5548e+006 22.4814
405416 7.5548e+006 22.7814
405416 7.5548e+006 22.3716
405416 7.5548e+006 22.4816
405416 7.5548e+006 22.6316
405416 7.5548e+006 22.7815
405416 7.5548e+006 22.7815
405416 7.5548e+006 22.6315
405416 7.5548e+006 22.4815
405416 7.5548e+006 22.8913
405416 7.5548e+006 22.7815
405416 7.5548e+006 22.4815
405416 7.5548e+006 22.8913
405416 7.5548e+006 22.4815
405416 7.5548e+006 22.3717
405416 7.5548e+006 22.9315
405416 7.5548e+006 22.8913
405416 7.5548e+006 22.3717
405416 7.5548e+006 22.9315
405416 7.5548e+006 22.3717
405416 7.5548e+006 22.3315
405416 7.5548e+006 22.8913
405416 7.5548e+006 22.9315
405416 7.5548e+006 22.3315
405416 7.5548e+006 22.8913
405416 7.5548e+006 22.3315
405416 7.5548e+006 22.3717
405416 7.5548e+006 22.7815
405416 7.5548e+006 22.8913
405416 7.5548e+006 22.3717
405416 7.5548e+006 22.4816
405416 7.5548e+006 22.7815
405416 7.5548e+006 22.3717
405416 7.5548e+006 22.6962
405416 7.5548e+006 22.7062
405416 7.5548e+006 22.7064
405416 7.5548e+006 22.7064
405416 7.5548e+006 22.6964
405416 7.5548e+006 22.6962
405416 7.5548e+006 22.6964
405416 7.5548e+006 22.6689
405416 7.5548e+006 22.6687
405416 7.5548e+006 22.6687
405416 7.5548e+006 22.6962
405416 7.5548e+006 22.6964
405416 7.5548e+006 22.6312
405416 7.5548e+006 22.6687
405416 7.5548e+006 22.6689
405416 7.5548e+006 22.6689
405416 7.5548e+006 22.6314
405416 7.5548e+006 22.6312
405416 7.5548e+006 22.6314
405416 7.5548e+006 22.5939
405416 7.5548e+006 22.5937
405416 7.5548e+006 22.5937
405416 7.5548e+006 22.6312
405416 7.5548e+006 22.6314
405416 7.5548e+006 22.5663
405416 7.5548e+006 22.5937
405416 7.5548e+006 22.5939
405416 7.5548e+006 22.5939
405416 7.5548e+006 22.5665
405416 7.5548e+006 22.5663
405416 7.5548e+006 22.5665
405416 7.5548e+006 22.5564
405416 7.5548e+006 22.5562
405416 7.5548e+006 22.5562
405416 7.5548e+006 22.5663
405416 7.5548e+006 22.5665
405415 7.5548e+006 22.5663
405416 7.5548e+006 22.5562
405416 7.5548e+006 22.5564
405416 7.5548e+006 22.5564
405416 7.5548e+006 22.5665
405415 7.5548e+006 22.5663
405416 7.5548e+006 22.5665
405416 7.5548e+006 22.5939
405415 7.5548e+006 22.5937
405415 7.5548e+006 22.5937
405415 7.5548e+006 22.5663
405416 7.5548e+006 22.5665
405415 7.5548e+006 22.6312
405415 7.5548e+006 22.5937
405416 7.5548e+006 22.5939
405416 7.5548e+006 22.5939
405416 7.5548e+006 22.6314
405415 7.5548e+006 22.6312
405416 7.5548e+006 22.6314
405416 7.5548e+006 22.6689
405415 7.5548e+006 22.6687
405415 7.5548e+006 22.6687
405415 7.5548e+006 22.6312
405416 7.5548e+006 22.6314
405415 7.5548e+006 22.6962
405415 7.5548e+006 22.6687
405416 7.5548e+006 22.6689
405416 7.5548e+006 22.6689
405416 7.5548e+006 22.6964
405415 7.5548e+006 22.6962
405416 7.5548e+006 22.6964
405416 7.5548e+006 22.7064
405416 7.5548e+006 22.7062
405416 7.5548e+006 22.7062
405415 7.5548e+006 22.6962
405416 7.5548e+006 22.6964
405416 7.5548e+006 22.5939
405416 7.5548e+006 22.6314
405416 7.5548e+006 22.6689
405416 7.5548e+006 22.6689
405416 7.5548e+006 22.6314
405416 7.5548e+006 22.5939
405416 7.5548e+006 22.6964
405416 7.5548e+006 22.6689
405416 7.5548e+006 22.5939
405416 7.5548e+006 22.6964
405416 7.5548e+006 22.5939
405416 7.5548e+006 22.5665
405416 7.5548e+006 22.7064
405416 7.5548e+006 22.6964
405416 7.5548e+006 22.5665
405416 7.5548e+006 22.7064
405416 7.5548e+006 22.5665
405416 7.5548e+006 22.5564
405416 7.5548e+006 22.6964
405416 7.5548e+006 22.7064
405416 7.5548e+006 22.5564
405416 7.5548e+006 22.6964
405416 7.5548e+006 22.5564
405416 7.5548e+006 22.5665
405416 7.5548e+006 22.6689
405416 7.5548e+006 22.6964
405416 7.5548e+006 22.5665
405416 7.5548e+006 22.5939
405416 7.5548e+006 22.6689
405416 7.5548e+006 22.5665
405415 7.5548e+006 22.5937
405415 7.5548e+006 22.6312
405415 7.5548e+006 22.6687
405416 7.5548e+006 22.6687
405416 7.5548e+006 22.6312
405416 7.5548e+006 22.5937
405416 7.5548e+006 22.6962
405416 7.5548e+006 22.6687
405416 7.5548e+006 22.5937
405416 7.5548e+006 22.6962
405416 7.5548e+006 22.5937
405416 7.5548e+006 22.5663
405416 7.5548e+006 22.7062
405416 7.5548e+006 22.6962
405416 7.5548e+006 22.5663
405416 7.5548e+006 22.7062
405416 7.5548e+006 22.5663
405416 7.5548e+006 22.5562
405415 7.5548e+006 22.6962
405416 7.5548e+006 22.7062
405416 7.5548e+006 22.5562
405415 7.5548e+006 22.6962
405416 7.5548e+006 22.5562
405415 7.5548e+006 22.5663
405415 7.5548e+006 22.6687
405415 7.5548e+006 22.6962
405415 7.5548e+006 22.5663
405415 7.5548e+006 22.5937
405415 7.5548e+006 22.6687
405415 7.5548e+006 22.5663
405415 7.5548e+006 22.8477
405416 7.5548e+006 22.8812
405415 7.5548e+006 22.8811
405415 7.5548e+006 22.8811
405415 7.5548e+006 22.8476
405415 7.5548e+006 22.8477
405415 7.5548e+006 22.8476
405415 7.5548e+006 22.7561
405415 7.5548e+006 22.7562
405415 7.5548e+006 22.7562
405415 7.5548e+006 22.8477
405415 7.5548e+006 22.8476
405415 7.5548e+006 22.6312
405415 7.5548e+006 22.7562
405415 7.5548e+006 22.7561
405415 7.5548e+006 22.7561
405415 7.5548e+006 22.6311
405415 7.5548e+006 22.6312
405415 7.5548e+006 22.6311
405415 7.5548e+006 22.5061
405415 7.5548e+006 22.5062
405415 7.5548e+006 22.5062
405415 7.5548e+006 22.6312
405415 7.5548e+006 22.6311
405415 7.5548e+006 22.4147
405415 7.5548e+006 22.5062
405415 7.5548e+006 22.5061
405415 7.5548e+006 22.5061
405415 7.5548e+006 22.4146
405415 7.5548e+006 22.4147
405415 7.5548e+006 22.4146
405415 7.5548e+006 22.3811
405416 7.5548e+006 22.3812
405416 7.5548e+006 22.3812
405415 7.5548e+006 22.4147
405415 7.5548e+006 22.4146
405416 7.5548e+006 22.4147
405416 7.5548e+006 22.3812
405415 7.5548e+006 22.3811
405415 7.5548e+006 22.3811
405415 7.5548e+006 22.4146
405416 7.5548e+006 22.4147
405415 7.5548e+006 22.4146
405415 7.5548e+006 22.5061
405416 7.5548e+006 22.5062
405416 7.5548e+006 22.5062
405416 7.5548e+006 22.4147
405415 7.5548e+006 22.4146
405416 7.5548e+006 22.6312
405416 7.5548e+006 22.5062
405415 7.5548e+006 22.5061
405415 7.5548e+006 22.5061
405415 7.5548e+006 22.6311
405416 7.5548e+006 22.6312
405415 7.5548e+006 22.6311
405415 7.5548e+006 22.7561
405416 7.5548e+006 22.7562
405416 7.5548e+006 22.7562
405416 7.5548e+006 22.6312
405415 7.5548e+006 22.6311
405416 7.5548e+006 22.8477
405416 7.5548e+006 22.7562
405415 7.5548e+006 22.7561
405415 7.5548e+006 22.7561
405415 7.5548e+006 22.8476
405416 7.5548e+006 22.8477
405415 7.5548e+006 22.8476
405415 7.5548e+006 22.8811
405416 7.5548e+006 22.8812
405416 7.5548e+006 22.8812
405416 7.5548e+006 22.8477
405415 7.5548e+006 22.8476
405415 7.5548e+006 22.5061
405415 7.5548e+006 22.6311
405415 7.5548e+006 22.7561
405415 7.5548e+006 22.7561
405415 7.5548e+006 22.6311
405415 7.5548e+006 22.5061
405415 7.5548e+006 22.8476
405415 7.5548e+006 22.7561
405415 7.5548e+006 22.5061
405415 7.5548e+006 22.8476
405415 7.5548e+006 22.5061
405415 7.5548e+006 22.4146
405415 7.5548e+006 22.8811
405415 7.5548e+006 22.8476
405415 7.5548e+006 22.4146
405415 7.5548e+006 22.8811
405415 7.5548e+006 22.4146
405415 7.5548e+006 22.3811
405415 7.5548e+006 22.8476
405415 7.5548e+006 22.8811
405415 7.5548e+006 22.3811
405415 7.5548e+006 22.8476
405415 7.5548e+006 22.3811
405415 7.5548e+006 22.4146
405415 7.5548e+006 22.7561
405415 7.5548e+006 22.8476
405415 7.5548e+006 22.4146
405415 7.5548e+006 22.5061
405415 7.5548e+006 22.7561
405415 7.5548e+006 22.4146
405416 7.5548e+006 22.5062
405416 7.5548e+006 22.6312
405416 7.5548e+006 22.7562
405415 7.5548e+006 22.7562
405415 7.5548e+006 22.6312
405415 7.5548e+006 22.5062
405415 7.5548e+006 22.8477
405415 7.5548e+006 22.7562
405415 7.5548e+006 22.5062
405415 7.5548e+006 22.8477
405415 7.5548e+006 22.5062
405415 7.5548e+006 22.4147
405416 7.5548e+006 22.8812
405415 7.5548e+006 22.8477
405415 7.5548e+006 22.4147
405416 7.5548e+006 22.8812
405415 7.5548e+006 22.4147
405416 7.5548e+006 22.3812
405416 7.5548e+006 22.8477
405416 7.5548e+006 22.8812
405416 7.5548e+006 22.3812
405416 7.5548e+006 22.8477
405416 7.5548e+006 22.3812
405416 7.5548e+006 22.4147
405416 7.5548e+006 22.7562
405416 7.5548e+006 22.8477
405416 7.5548e+006 22.4147
405416 7.5548e+006 22.5062
405416 7.5548e+006 22.7562
405416 7.5548e+006 22.4147
405413 7.5548e+006 22.8454
405413 7.5548e+006 22.8789
405414 7.5548e+006 22.8793
405414 7.5548e+006 22.8793
405414 7.5548e+006 22.8458
405413 7.5548e+006 22.8454
405414 7.5548e+006 22.8458
405414 7.5548e+006 22.7543
405413 7.5548e+006 22.7539
405413 7.5548e+006 22.7539
405413 7.5548e+006 22.8454
405414 7.5548e+006 22.8458
405413 7.5548e+006 22.6289
405413 7.5548e+006 22.7539
405414 7.5548e+006 22.7543
405414 7.5548e+006 22.7543
405414 7.5548e+006 22.6293
405413 7.5548e+006 22.6289
405414 7.5548e+006 22.6293
405414 7.5548e+006 22.5043
405413 7.5548e+006 22.5039
405413 7.5548e+006 22.5039
405413 7.5548e+006 22.6289
405414 7.5548e+006 22.6293
405413 7.5548e+006 22.4124
405413 7.5548e+006 22.5039
405414 7.5548e+006 22.5043
405414 7.5548e+006 22.5043
405414 7.5548e+006 22.4128
405413 7.5548e+006 22.4124
405414 7.5548e+006 22.4128
405414 7.5548e+006 22.3793
405413 7.5548e+006 22.3789
405413 7.5548e+006 22.3789
405413 7.5548e+006 22.4124
405414 7.5548e+006 22.4128
405413 7.5548e+006 22.4124
405413 7.5548e+006 22.3789
405414 7.5548e+006 22.3793
405414 7.5548e+006 22.3793
405414 7.5548e+006 22.4127
405413 7.5548e+006 22.4124
405414 7.5548e+006 22.4127
405413 7.5548e+006 22.5042
405413 7.5548e+006 22.5039
405413 7.5548e+006 22.5039
405413 7.5548e+006 22.4124
405414 7.5548e+006 22.4127
405413 7.5548e+006 22.6289
405413 7.5548e+006 22.5039
405413 7.5548e+006 22.5042
405413 7.5548e+006 22.5042
405413 7.5548e+006 22.6292
405413 7.5548e+006 22.6289
405413 7.5548e+006 22.6292
405413 7.5548e+006 22.7542
405413 7.5548e+006 22.7539
405413 7.5548e+006 22.7539
405413 7.5548e+006 22.6289
405413 7.5548e+006 22.6292
405413 7.5548e+006 22.8454
405413 7.5548e+006 22.7539
405413 7.5548e+006 22.7542
405413 7.5548e+006 22.7542
405414 7.5548e+006 22.8457
405413 7.5548e+006 22.8454
405414 7.5548e+006 22.8457
405414 7.5548e+006 22.8793
405413 7.5548e+006 22.8789
405413 7.5548e+006 22.8789
405413 7.5548e+006 22.8454
405414 7.5548e+006 22.8457
405414 7.5548e+006 22.5043
405414 7.5548e+006 22.6293
405414 7.5548e+006 22.7543
405413 7.5548e+006 22.7542
405413 7.5548e+006 22.6292
405413 7.5548e+006 22.5042
405414 7.5548e+006 22.8457
405413 7.5548e+006 22.7542
405413 7.5548e+006 22.5042
405414 7.5548e+006 22.8457
405413 7.5548e+006 22.5042
405414 7.5548e+006 22.4127
405414 7.5548e+006 22.8793
405414 7.5548e+006 22.8457
405414 7.5548e+006 22.4127
405414 7.5548e+006 22.8793
405414 7.5548e+006 22.4127
405414 7.5548e+006 22.3793
405414 7.5548e+006 22.8458
405414 7.5548e+006 22.8793
405414 7.5548e+006 22.3793
405414 7.5548e+006 22.8458
405414 7.5548e+006 22.3793
405414 7.5548e+006 22.4128
405414 7.5548e+006 22.7543
405414 7.5548e+006 22.8458
405414 7.5548e+006 22.4128
405414 7.5548e+006 22.5043
405414 7.5548e+006 22.7543
405414 7.5548e+006 22.4128
405413 7.5548e+006 22.5039
405413 7.5548e+006 22.6289
405413 7.5548e+006 22.7539
405413 7.5548e+006 22.7539
405413 7.5548e+006 22.6289
405413 7.5548e+006 22.5039
405413 7.5548e+006 22.8454
405413 7.5548e+006 22.7539
405413 7.5548e+006 22.5039
405413 7.5548e+006 22.8454
405413 7.5548e+006 22.5039
405413 7.5548e+006 22.4124
405413 7.5548e+006 22.8789
405413 7.5548e+006 22.8454
405413 7.5548e+006 22.4124
405413 7.5548e+006 22.8789
405413 7.5548e+006 22.4124
405413 7.5548e+006 22.3789
405413 7.5548e+006 22.8454
405413 7.5548e+006 22.8789
405413 7.5548e+006 22.3789
405413 7.5548e+006 22.8454
405413 7.5548e+006 22.3789
405413 7.5548e+006 22.4124
405413 7.5548e+006 22.7539
405413 7.5548e+006 22.8454
405413 7.5548e+006 22.4124
405413 7.5548e+006 22.5039
405413 7.5548e+006 22.7539
405413 7.5548e+006 22.4124
405414 7.5548e+006 22.9757
405414 7.5548e+006 23.0293
405414 7.5548e+006 23.0293
405414 7.5548e+006 23.0293
405414 7.5548e+006 22.9758
405414 7.5548e+006 22.9757
405414 7.5548e+006 22.9758
405414 7.5548e+006 22.8294
405414 7.5548e+006 22.8293
405414 7.5548e+006 22.8293
405414 7.5548e+006 22.9757
405414 7.5548e+006 22.9758
405414 7.5548e+006 22.6293
405414 7.5548e+006 22.8293
405414 7.5548e+006 22.8294
405414 7.5548e+006 22.8294
405414 7.5548e+006 22.6294
405414 7.5548e+006 22.6293
405414 7.5548e+006 22.6294
405414 7.5548e+006 22.4294
405414 7.5548e+006 22.4293
405414 7.5548e+006 22.4293
405414 7.5548e+006 22.6293
405414 7.5548e+006 22.6294
405414 7.5548e+006 22.2829
405414 7.5548e+006 22.4293
405414 7.5548e+006 22.4294
405414 7.5548e+006 22.4294
405414 7.5548e+006 22.2829
405414 7.5548e+006 22.2829
405414 7.5548e+006 22.2829
405414 7.5548e+006 22.2293
405414 7.5548e+006 22.2293
405414 7.5548e+006 22.2293
405414 7.5548e+006 22.2829
405414 7.5548e+006 22.2829
405414 7.5548e+006 22.2828
405414 7.5548e+006 22.2293
405414 7.5548e+006 22.2293
405414 7.5548e+006 22.2293
405414 7.5548e+006 22.2829
405414 7.5548e+006 22.2828
405414 7.5548e+006 22.2829
405414 7.5548e+006 22.4293
405413 7.5548e+006 22.4292
405413 7.5548e+006 22.4292
405414 7.5548e+006 22.2828
405414 7.5548e+006 22.2829
405413 7.5548e+006 22.6292
405413 7.5548e+006 22.4292
405414 7.5548e+006 22.4293
405414 7.5548e+006 22.4293
405414 7.5548e+006 22.6293
405413 7.5548e+006 22.6292
405414 7.5548e+006 22.6293
405414 7.5548e+006 22.8293
405413 7.5548e+006 22.8292
405413 7.5548e+006 22.8292
405413 7.5548e+006 22.6292
405414 7.5548e+006 22.6293
405414 7.5548e+006 22.9757
405413 7.5548e+006 22.8292
405414 7.5548e+006 22.8293
405414 7.5548e+006 22.8293
405414 7.5548e+006 22.9757
405414 7.5548e+006 22.9757
405414 7.5548e+006 22.9757
405414 7.5548e+006 23.0293
405414 7.5548e+006 23.0293
405414 7.5548e+006 23.0293
405414 7.5548e+006 22.9757
405414 7.5548e+006 22.9757
405414 7.5548e+006 22.4294
405414 7.5548e+006 22.6294
405414 7.5548e+006 22.8294
405414 7.5548e+006 22.8293
405414 7.5548e+006 22.6293
405414 7.5548e+006 22.4293
405414 7.5548e+006 22.9757
405414 7.5548e+006 22.8293
405414 7.5548e+006 22.4293
405414 7.5548e+006 22.9757
405414 7.5548e+006 22.4293
405414 7.5548e+006 22.2829
405414 7.5548e+006 23.0293
405414 7.5548e+006 22.9757
405414 7.5548e+006 22.2829
405414 7.5548e+006 23.0293
405414 7.5548e+006 22.2829
405414 7.5548e+006 22.2293
405414 7.5548e+006 22.9758
405414 7.5548e+006 23.0293
405414 7.5548e+006 22.2293
405414 7.5548e+006 22.9758
405414 7.5548e+006 22.2293
405414 7.5548e+006 22.2829
405414 7.5548e+006 22.8294
405414 7.5548e+006 22.9758
405414 7.5548e+006 22.2829
405414 7.5548e+006 22.4294
405414 7.5548e+006 22.8294
405414 7.5548e+006 22.2829
405413 7.5548e+006 22.4292
405413 7.5548e+006 22.6292
405413 7.5548e+006 22.8292
405414 7.5548e+006 22.8293
405414 7.5548e+006 22.6293
405414 7.5548e+006 22.4293
405414 7.5548e+006 22.9757
405414 7.5548e+006 22.8293
405414 7.5548e+006 22.4293
405414 7.5548e+006 22.9757
405414 7.5548e+006 22.4293
405414 7.5548e+006 22.2829
405414 7.5548e+006 23.0293
405414 7.5548e+006 22.9757
405414 7.5548e+006 22.2829
405414 7.5548e+006 23.0293
405414 7.5548e+006 22.2829
405414 7.5548e+006 22.2293
405414 7.5548e+006 22.9757
405414 7.5548e+006 23.0293
405414 7.5548e+006 22.2293
405414 7.5548e+006 22.9757
405414 7.5548e+006 22.2293
405414 7.5548e+006 22.2828
405413 7.5548e+006 22.8292
405414 7.5548e+006 22.9757
405414 7.5548e+006 22.2828
405413 7.5548e+006 22.4292
405413 7.5548e+006 22.8292
405414 7.5548e+006 22.2828
405414 7.5548e+006 23.0624
405414 7.5548e+006 23.1293
405414 7.5548e+006 23.1294
405414 7.5548e+006 23.1294
405414 7.5548e+006 23.0625
405414 7.5548e+006 23.0624
405414 7.5548e+006 23.0625
405414 7.5548e+006 22.8795
405414 7.5548e+006 22.8794
405414 7.5548e+006 22.8794
405414 7.5548e+006 23.0624
405414 7.5548e+006 23.0625
405414 7.5548e+006 22.6294
405414 7.5548e+006 22.8794
405414 7.5548e+006 22.8795
405414 7.5548e+006 22.8795
405414 7.5548e+006 22.6295
405414 7.5548e+006 22.6294
405414 7.5548e+006 22.6295
405414 7.5548e+006 22.3795
405414 7.5548e+006 22.3794
405414 7.5548e+006 22.3794
405414 7.5548e+006 22.6294
405414 7.5548e+006 22.6295
405414 7.5548e+006 22.1963
405414 7.5548e+006 22.3794
405414 7.5548e+006 22.3795
405414 7.5548e+006 22.3795
405414 7.5548e+006 22.1964
405414 7.5548e+006 22.1963
405414 7.5548e+006 22.1964
405414 7.5548e+006 22.1294
405414 7.5548e+006 22.1293
405414 7.5548e+006 22.1293
405414 7.5548e+006 22.1963
405414 7.5548e+006 22.1964
405414 7.5548e+006 22.1963
405414 7.5548e+006 22.1293
405414 7.5548e+006 22.1294
405414 7.5548e+006 22.1294
405414 7.5548e+006 22.1964
405414 7.5548e+006 22.1963
405414 7.5548e+006 22.1964
405414 7.5548e+006 22.3794
405413 7.5548e+006 22.3793
405413 7.5548e+006 22.3793
405414 7.5548e+006 22.1963
405414 7.5548e+006 22.1964
405413 7.5548e+006 22.6293
405413 7.5548e+006 22.3793
405414 7.5548e+006 22.3794
405414 7.5548e+006 22.3794
405414 7.5548e+006 22.6294
405413 7.5548e+006 22.6293
405414 7.5548e+006 22.6294
405414 7.5548e+006 22.8794
405413 7.5548e+006 22.8793
405413 7.5548e+006 22.8793
405413 7.5548e+006 22.6293
405414 7.5548e+006 22.6294
405414 7.5548e+006 23.0623
405413 7.5548e+006 22.8793
405414 7.5548e+006 22.8794
405414 7.5548e+006 22.8794
405414 7.5548e+006 23.0624
405414 7.5548e+006 23.0623
405414 7.5548e+006 23.0624
405414 7.5548e+006 23.1294
405414 7.5548e+006 23.1293
405414 7.5548e+006 23.1293
405414 7.5548e+006 23.0623
405414 7.5548e+006 23.0624
405414 7.5548e+006 22.3795
405414 7.5548e+006 22.6295
405414 7.5548e+006 22.8795
405414 7.5548e+006 22.8794
405414 7.5548e+006 22.6294
405414 7.5548e+006 22.3794
405414 7.5548e+006 23.0624
405414 7.5548e+006 22.8794
405414 7.5548e+006 22.3794
405414 7.5548e+006 23.0624
405414 7.5548e+006 22.3794
405414 7.5548e+006 22.1964
405414 7.5548e+006 23.1294
405414 7.5548e+006 23.0624
405414 7.5548e+006 22.1964
405414 7.5548e+006 23.1294
405414 7.5548e+006 22.1964
405414 7.5548e+006 22.1294
405414 7.5548e+006 23.0625
405414 7.5548e+006 23.1294
405414 7.5548e+006 22.1294
405414 7.5548e+006 23.0625
405414 7.5548e+006 22.1294
405414 7.5548e+006 22.1964
405414 7.5548e+006 22.8795
405414 7.5548e+006 23.0625
405414 7.5548e+006 22.1964
405414 7.5548e+006 22.3795
405414 7.5548e+006 22.8795
405414 7.5548e+006 22.1964
405413 7.5548e+006 22.3793
405413 7.5548e+006 22.6293
405413 7.5548e+006 22.8793
405414 7.5548e+006 22.8794
405414 7.5548e+006 22.6294
405414 7.5548e+006 22.3794
405414 7.5548e+006 23.0624
405414 7.5548e+006 22.8794
405414 7.5548e+006 22.3794
405414 7.5548e+006 23.0624
405414 7.5548e+006 22.3794
405414 7.5548e+006 22.1963
405414 7.5548e+006 23.1293
405414 7.5548e+006 23.0624
405414 7.5548e+006 22.1963
405414 7.5548e+006 23.1293
405414 7.5548e+006 22.1963
405414 7.5548e+006 22.1293
405414 7.5548e+006 23.0623
405414 7.5548e+006 23.1293
405414 7.5548e+006 22.1293
405414 7.5548e+006 23.0623
405414 7.5548e+006 22.1293
405414 7.5548e+006 22.1963
405413 7.5548e+006 22.8793
405414 7.5548e+006 23.0623
405414 7.5548e+006 22.1963
405413 7.5548e+006 22.3793
405413 7.5548e+006 22.8793
405414 7.5548e+006 22.1963
405414 7.5548e+006 23.1795
405414 7.5548e+006 21.8295
405413 7.5548e+006 21.8294
405413 7.5548e+006 21.8294
405413 7.5548e+006 23.1794
405414 7.5548e+006 23.1795
405415 7.5548e+006 21.8303
405415 7.5548e+006 23.1803
405414 7.5548e+006 23.1802
405414 7.5548e+006 23.1802
405414 7.5548e+006 21.8302
405415 7.5548e+006 21.8303
405414 7.5548e+006 23.1795
405415 7.5548e+006 23.1803
405415 7.5548e+006 21.8303
405415 7.5548e+006 21.8303
405414 7.5548e+006 21.8295
405414 7.5548e+006 23.1795
405413 7.5548e+006 23.1794
405414 7.5548e+006 23.1802
405415 7.5548e+006 23.1803
405415 7.5548e+006 23.1803
405414 7.5548e+006 23.1795
405413 7.5548e+006 23.1794
405413 7.5548e+006 21.8294
405414 7.5548e+006 21.8302
405414 7.5548e+006 23.1802
405414 7.5548e+006 23.1802
405413 7.5548e+006 23.1794
405413 7.5548e+006 21.8294
405415 7.5548e+006 22.8042
405415 7.5548e+006 22.831
405415 7.5548e+006 22.8309
405415 7.5548e+006 22.8309
405415 7.5548e+006 22.8041
405415 7.5548e+006 22.8042
405415 7.5548e+006 22.8041
405415 7.5548e+006 22.7309
405415 7.5548e+006 22.7309
405415 7.5548e+006 22.7309
405415 7.5548e+006 22.8042
405415 7.5548e+006 22.8041
405415 7.5548e+006 22.6309
405415 7.5548e+006 22.7309
405415 7.5548e+006 22.7309
405415 7.5548e+006 22.7309
405415 7.5548e+006 22.6308
405415 7.5548e+006 22.6309
405415 7.5548e+006 22.6308
405415 7.5548e+006 22.5309
405415 7.5548e+006 22.5309
405415 7.5548e+006 22.5309
405415 7.5548e+006 22.6309
405415 7.5548e+006 22.6308
405415 7.5548e+006 22.4577
405415 7.5548e+006 22.5309
405415 7.5548e+006 22.5309
405415 7.5548e+006 22.5309
405415 7.5548e+006 22.4577
405415 7.5548e+006 22.4577
405415 7.5548e+006 22.4577
405415 7.5548e+006 22.4309
405415 7.5548e+006 22.431
405415 7.5548e+006 22.431
405415 7.5548e+006 22.4577
405415 7.5548e+006 22.4577
405415 7.5548e+006 22.4578
405415 7.5548e+006 22.431
405415 7.5548e+006 22.4309
405415 7.5548e+006 22.4309
405415 7.5548e+006 22.4577
405415 7.5548e+006 22.4578
405415 7.5548e+006 22.4577
405415 7.5548e+006 22.5309
405415 7.5548e+006 22.531
405415 7.5548e+006 22.531
405415 7.5548e+006 22.4578
405415 7.5548e+006 22.4577
405415 7.5548e+006 22.631
405415 7.5548e+006 22.531
405415 7.5548e+006 22.5309
405415 7.5548e+006 22.5309
405415 7.5548e+006 22.6309
405415 7.5548e+006 22.631
405415 7.5548e+006 22.6309
405415 7.5548e+006 22.7309
405415 7.5548e+006 22.731
405415 7.5548e+006 22.731
405415 7.5548e+006 22.631
405415 7.5548e+006 22.6309
405415 7.5548e+006 22.8042
405415 7.5548e+006 22.731
405415 7.5548e+006 22.7309
405415 7.5548e+006 22.7309
405415 7.5548e+006 22.8041
405415 7.5548e+006 22.8042
405415 7.5548e+006 22.8041
405415 7.5548e+006 22.8309
405415 7.5548e+006 22.831
405415 7.5548e+006 22.831
405415 7.5548e+006 22.8042
405415 7.5548e+006 22.8041
405415 7.5548e+006 22.5309
405415 7.5548e+006 22.6308
405415 7.5548e+006 22.7309
405415 7.5548e+006 22.7309
405415 7.5548e+006 22.6309
405415 7.5548e+006 22.5309
405415 7.5548e+006 22.8041
405415 7.5548e+006 22.7309
405415 7.5548e+006 22.5309
405415 7.5548e+006 22.8041
405415 7.5548e+006 22.5309
405415 7.5548e+006 22.4577
405415 7.5548e+006 22.8309
405415 7.5548e+006 22.8041
405415 7.5548e+006 22.4577
405415 7.5548e+006 22.8309
405415 7.5548e+006 22.4577
405415 7.5548e+006 22.4309
405415 7.5548e+006 22.8041
405415 7.5548e+006 22.8309
405415 7.5548e+006 22.4309
405415 7.5548e+006 22.8041
405415 7.5548e+006 22.4309
405415 7.5548e+006 22.4577
405415 7.5548e+006 22.7309
405415 7.5548e+006 22.8041
405415 7.5548e+006 22.4577
405415 7.5548e+006 22.5309
405415 7.5548e+006 22.7309
405415 7.5548e+006 22.4577
405415 7.5548e+006 22.531
405415 7.5548e+006 22.631
405415 7.5548e+006 22.731
405415 7.5548e+006 22.7309
405415 7.5548e+006 22.6309
405415 7.5548e+006 22.5309
405415 7.5548e+006 22.8042
405415 7.5548e+006 22.7309
405415 7.5548e+006 22.5309
405415 7.5548e+006 22.8042
405415 7.5548e+006 22.5309
405415 7.5548e+006 22.4577
405415 7.5548e+006 22.831
405415 7.5548e+006 22.8042
405415 7.5548e+006 22.4577
405415 7.5548e+006 22.831
405415 7.5548e+006 22.4577
405415 7.5548e+006 22.431
405415 7.5548e+006 22.8042
405415 7.5548e+006 22.831
405415 7.5548e+006 22.431
405415 7.5548e+006 22.8042
405415 7.5548e+006 22.431
405415 7.5548e+006 22.4578
405415 7.5548e+006 22.731
405415 7.5548e+006 22.8042
405415 7.5548e+006 22.4578
405415 7.5548e+006 22.531
405415 7.5548e+006 22.731
405415 7.5548e+006 22.4578
405415 7.5548e+006 22.696
405415 7.5548e+006 22.7061
405415 7.5548e+006 22.706
405415 7.5548e+006 22.706
405415 7.5548e+006 22.6959
405415 7.5548e+006 22.696
405415 7.5548e+006 22.6959
405415 7.5548e+006 22.6685
405415 7.5548e+006 22.6686
405415 7.5548e+006 22.6686
405415 7.5548e+006 22.696
405415 7.5548e+006 22.6959
405415 7.5548e+006 22.6311
405415 7.5548e+006 22.6686
405415 7.5548e+006 22.6685
405415 7.5548e+006 22.6685
405415 7.5548e+006 22.631
405415 7.5548e+006 22.6311
405415 7.5548e+006 22.631
405415 7.5548e+006 22.5935
405415 7.5548e+006 22.5936
405415 7.5548e+006 22.5936
405415 7.5548e+006 22.6311
405415 7.5548e+006 22.631
405415 7.5548e+006 22.5661
405415 7.5548e+006 22.5936
405415 7.5548e+006 22.5935
405415 7.5548e+006 22.5935
405415 7.5548e+006 22.566
405415 7.5548e+006 22.5661
405415 7.5548e+006 22.566
405415 7.5548e+006 22.556
405415 7.5548e+006 22.5561
405415 7.5548e+006 22.5561
405415 7.5548e+006 22.5661
405415 7.5548e+006 22.566
405415 7.5548e+006 22.5661
405415 7.5548e+006 22.5561
405415 7.5548e+006 22.556
405415 7.5548e+006 22.556
405415 7.5548e+006 22.566
405415 7.5548e+006 22.5661
405415 7.5548e+006 22.566
405415 7.5548e+006 22.5935
405415 7.5548e+006 22.5936
405415 7.5548e+006 22.5936
405415 7.5548e+006 22.5661
405415 7.5548e+006 22.566
405415 7.5548e+006 22.6311
405415 7.5548e+006 22.5936
405415 7.5548e+006 22.5935
405415 7.5548e+006 22.5935
405415 7.5548e+006 22.631
405415 7.5548e+006 22.6311
405415 7.5548e+006 22.631
405415 7.5548e+006 22.6685
405415 7.5548e+006 22.6686
405415 7.5548e+006 22.6686
405415 7.5548e+006 22.6311
405415 7.5548e+006 22.631
405415 7.5548e+006 22.696
405415 7.5548e+006 22.6686
405415 7.5548e+006 22.6685
405415 7.5548e+006 22.6685
405415 7.5548e+006 22.6959
405415 7.5548e+006 22.696
405415 7.5548e+006 22.6959
405415 7.5548e+006 22.706
405415 7.5548e+006 22.7061
405415 7.5548e+006 22.7061
405415 7.5548e+006 22.696
405415 7.5548e+006 22.6959
405415 7.5548e+006 22.5935
405415 7.5548e+006 22.631
405415 7.5548e+006 22.6685
405415 7.5548e+006 22.6685
405415 7.5548e+006 22.631
405415 7.5548e+006 22.5935
405415 7.5548e+006 22.6959
405415 7.5548e+006 22.6685
405415 7.5548e+006 22.5935
405415 7.5548e+006 22.6959
405415 7.5548e+006 22.5935
405415 7.5548e+006 22.566
405415 7.5548e+006 22.706
405415 7.5548e+006 22.6959
405415 7.5548e+006 22.566
405415 7.5548e+006 22.706
405415 7.5548e+006 22.566
405415 7.5548e+006 22.556
405415 7.5548e+006 22.6959
405415 7.5548e+006 22.706
405415 7.5548e+006 22.556
405415 7.5548e+006 22.6959
405415 7.5548e+006 22.556
405415 7.5548e+006 22.566
405415 7.5548e+006 22.6685
405415 7.5548e+006 22.6959
405415 7.5548e+006 22.566
405415 7.5548e+006 22.5935
405415 7.5548e+006 22.6685
405415 7.5548e+006 22.566
405415 7.5548e+006 22.5936
405415 7.5548e+006 22.6311
405415 7.5548e+006 22.6686
405415 7.5548e+006 22.6686
405415 7.5548e+006 22.6311
405415 7.5548e+006 22.5936
405415 7.5548e+006 22.696
405415 7.5548e+006 22.6686
405415 7.5548e+006 22.5936
405415 7.5548e+006 22.696
405415 7.5548e+006 22.5936
405415 7.5548e+006 22.5661
405415 7.5548e+006 22.7061
405415 7.5548e+006 22.696
405415 7.5548e+006 22.5661
405415 7.5548e+006 22.7061
405415 7.5548e+006 22.5661
405415 7.5548e+006 22.5561
405415 7.5548e+006 22.696
405415 7.5548e+006 22.7061
405415 7.5548e+006 22.5561
405415 7.5548e+006 22.696
405415 7.5548e+006 22.5561
405415 7.5548e+006 22.5661
405415 7.5548e+006 22.6686
405415 7.5548e+006 22.696
405415 7.5548e+006 22.5661
405415 7.5548e+006 22.5936
405415 7.5548e+006 22.6686
405415 7.5548e+006 22.5661
405415 7.5548e+006 22.8303
405415 7.5548e+006 21.8303
405414 7.5548e+006 21.8302
405414 7.5548e+006 21.8302
405414 7.5548e+006 22.8302
405415 7.5548e+006 22.8303
405415 7.5548e+006 21.8309
405415 7.5548e+006 22.8309
405415 7.5548e+006 22.8308
405415 7.5548e+006 22.8308
405415 7.5548e+006 21.8308
405415 7.5548e+006 21.8309
405415 7.5548e+006 22.8303
405415 7.5548e+006 22.8309
405415 7.5548e+006 21.8309
405415 7.5548e+006 21.8309
405415 7.5548e+006 21.8303
405415 7.5548e+006 22.8303
405414 7.5548e+006 22.8302
405415 7.5548e+006 22.8308
405415 7.5548e+006 22.8309
405415 7.5548e+006 22.8309
405415 7.5548e+006 22.8303
405414 7.5548e+006 22.8302
405414 7.5548e+006 21.8302
405415 7.5548e+006 21.8308
405415 7.5548e+006 22.8308
405415 7.5548e+006 22.8308
405414 7.5548e+006 22.8302
405414 7.5548e+006 21.8302
405417 7.5548e+006 22.9582
405417 7.5548e+006 23.0832
405417 7.5548e+006 23.0832
405417 7.5548e+006 23.0832
405417 7.5548e+006 22.9583
405417 7.5548e+006 22.9582
405417 7.5548e+006 22.9583
405417 7.5548e+006 22.8668
405417 7.5548e+006 22.8668
405417 7.5548e+006 22.8668
405417 7.5548e+006 22.9582
405417 7.5548e+006 22.9583
405417 7.55479e+006 22.8334
405417 7.5548e+006 22.8668
405417 7.5548e+006 22.8668
405417 7.5548e+006 22.8668
405417 7.5548e+006 22.8335
405417 7.55479e+006 22.8334
405417 7.5548e+006 22.8335
405418 7.5548e+006 22.8671
405417 7.55479e+006 22.867
405417 7.55479e+006 22.867
405417 7.55479e+006 22.8334
405417 7.5548e+006 22.8335
405417 7.55479e+006 22.9586
405417 7.55479e+006 22.867
405418 7.5548e+006 22.8671
405418 7.5548e+006 22.8671
405418 7.5548e+006 22.9587
405417 7.55479e+006 22.9586
405418 7.5548e+006 22.9587
405418 7.5548e+006 23.0837
405418 7.55479e+006 23.0837
405418 7.55479e+006 23.0837
405417 7.55479e+006 22.9586
405418 7.5548e+006 22.9587
405417 7.55479e+006 23.2086
405418 7.55479e+006 23.0837
405418 7.5548e+006 23.0837
405418 7.5548e+006 23.0837
405418 7.5548e+006 23.2087
405417 7.55479e+006 23.2086
405418 7.5548e+006 23.2087
405418 7.5548e+006 23.3001
405417 7.55479e+006 23.3001
405417 7.55479e+006 23.3001
405417 7.55479e+006 23.2086
405418 7.5548e+006 23.2087
405417 7.55479e+006 23.3334
405417 7.55479e+006 23.3001
405418 7.5548e+006 23.3001
405418 7.5548e+006 23.3001
405417 7.5548e+006 23.3335
405417 7.55479e+006 23.3334
405417 7.5548e+006 23.3335
405417 7.5548e+006 23.2999
405417 7.5548e+006 23.2998
405417 7.5548e+006 23.2998
405417 7.55479e+006 23.3334
405417 7.5548e+006 23.3335
405417 7.5548e+006 23.2082
405417 7.5548e+006 23.2998
405417 7.5548e+006 23.2999
405417 7.5548e+006 23.2999
405417 7.5548e+006 23.2083
405417 7.5548e+006 23.2082
405417 7.5548e+006 23.2083
405417 7.5548e+006 23.0832
405417 7.5548e+006 23.0832
405417 7.5548e+006 23.0832
405417 7.5548e+006 23.2082
405417 7.5548e+006 23.2083
405418 7.5548e+006 22.8671
405417 7.5548e+006 22.8335
405417 7.5548e+006 22.8668
405417 7.5548e+006 23.2999
405417 7.5548e+006 23.3335
405418 7.5548e+006 23.3001
405417 7.5548e+006 23.2083
405417 7.5548e+006 23.2999
405418 7.5548e+006 23.3001
405417 7.5548e+006 23.2083
405418 7.5548e+006 23.3001
405418 7.5548e+006 23.2087
405417 7.5548e+006 23.0832
405417 7.5548e+006 23.2083
405418 7.5548e+006 23.2087
405417 7.5548e+006 23.0832
405418 7.5548e+006 23.2087
405418 7.5548e+006 23.0837
405417 7.5548e+006 22.9583
405417 7.5548e+006 23.0832
405418 7.5548e+006 23.0837
405417 7.5548e+006 22.9583
405418 7.5548e+006 23.0837
405418 7.5548e+006 22.9587
405417 7.5548e+006 22.8668
405417 7.5548e+006 22.9583
405418 7.5548e+006 22.9587
405418 7.5548e+006 22.8671
405417 7.5548e+006 22.8668
405418 7.5548e+006 22.9587
405417 7.55479e+006 23.3001
405417 7.55479e+006 23.3334
405417 7.5548e+006 23.2998
405417 7.5548e+006 22.8668
405417 7.55479e+006 22.8334
405417 7.55479e+006 22.867
405417 7.5548e+006 22.9582
405417 7.5548e+006 22.8668
405417 7.55479e+006 22.867
405417 7.5548e+006 22.9582
405417 7.55479e+006 22.867
405417 7.55479e+006 22.9586
405417 7.5548e+006 23.0832
405417 7.5548e+006 22.9582
405417 7.55479e+006 22.9586
405417 7.5548e+006 23.0832
405417 7.55479e+006 22.9586
405418 7.55479e+006 23.0837
405417 7.5548e+006 23.2082
405417 7.5548e+006 23.0832
405418 7.55479e+006 23.0837
405417 7.5548e+006 23.2082
405418 7.55479e+006 23.0837
405417 7.55479e+006 23.2086
405417 7.5548e+006 23.2998
405417 7.5548e+006 23.2082
405417 7.55479e+006 23.2086
405417 7.55479e+006 23.3001
405417 7.5548e+006 23.2998
405417 7.55479e+006 23.2086
