398021 7.55154e+006 -281.557
398021 7.55154e+006 -281.565
398021 7.55154e+006 -281.56
398021 7.55154e+006 -281.56
398021 7.55154e+006 -281.53
398021 7.55154e+006 -281.557
398021 7.55154e+006 -281.585
398021 7.55154e+006 -281.583
398021 7.55154e+006 -281.589
398021 7.55154e+006 -281.589
398021 7.55154e+006 -281.612
398021 7.55154e+006 -281.585
398021 7.55154e+006 -281.557
398021 7.55154e+006 -281.568
398021 7.55154e+006 -281.56
398021 7.55154e+006 -281.56
398021 7.55154e+006 -281.528
398021 7.55154e+006 -281.557
398021 7.55154e+006 -281.613
398021 7.55154e+006 -281.589
398021 7.55154e+006 -281.583
398021 7.55154e+006 -281.583
398021 7.55154e+006 -281.585
398021 7.55154e+006 -281.613
398021 7.55154e+006 -281.568
398021 7.55154e+006 -281.56
398021 7.55154e+006 -281.56
398021 7.55154e+006 -281.56
398021 7.55154e+006 -281.568
398021 7.55154e+006 -281.568
398021 7.55154e+006 -281.568
398021 7.55154e+006 -281.568
398021 7.55154e+006 -281.583
398021 7.55154e+006 -281.583
398021 7.55154e+006 -281.583
398021 7.55154e+006 -281.568
398021 7.55154e+006 -281.583
398021 7.55154e+006 -281.583
398021 7.55154e+006 -281.589
398021 7.55154e+006 -281.589
398021 7.55154e+006 -281.589
398021 7.55154e+006 -281.583
398021 7.55154e+006 -281.565
398021 7.55154e+006 -281.565
398021 7.55154e+006 -281.56
398021 7.55154e+006 -281.56
398021 7.55154e+006 -281.56
398021 7.55154e+006 -281.565
398021 7.55154e+006 -281.557
398021 7.55154e+006 -281.555
398021 7.55154e+006 -281.565
398021 7.55154e+006 -281.565
398021 7.55154e+006 -281.565
398021 7.55154e+006 -281.557
398021 7.55154e+006 -281.589
398021 7.55154e+006 -281.589
398021 7.55154e+006 -281.613
398021 7.55154e+006 -281.613
398021 7.55154e+006 -281.612
398021 7.55154e+006 -281.589
398021 7.55154e+006 -281.556
398021 7.55154e+006 -281.542
398021 7.55154e+006 -281.531
398021 7.55154e+006 -281.531
398021 7.55154e+006 -281.545
398021 7.55154e+006 -281.556
398021 7.55154e+006 -281.571
398021 7.55154e+006 -281.556
398021 7.55154e+006 -281.545
398021 7.55154e+006 -281.545
398021 7.55154e+006 -281.554
398021 7.55154e+006 -281.571
398021 7.55154e+006 -281.585
398021 7.55154e+006 -281.571
398021 7.55154e+006 -281.554
398021 7.55154e+006 -281.554
398021 7.55154e+006 -281.557
398021 7.55154e+006 -281.585
398021 7.55154e+006 -281.62
398021 7.55154e+006 -281.613
398021 7.55154e+006 -281.584
398021 7.55154e+006 -281.584
398021 7.55154e+006 -281.584
398021 7.55154e+006 -281.62
398021 7.55154e+006 -281.623
398021 7.55154e+006 -281.62
398021 7.55154e+006 -281.584
398021 7.55154e+006 -281.584
398021 7.55154e+006 -281.587
398021 7.55154e+006 -281.623
398021 7.55154e+006 -281.622
398021 7.55154e+006 -281.623
398021 7.55154e+006 -281.587
398021 7.55154e+006 -281.587
398021 7.55154e+006 -281.588
398021 7.55154e+006 -281.622
398021 7.55154e+006 -281.617
398021 7.55154e+006 -281.622
398021 7.55154e+006 -281.588
398021 7.55154e+006 -281.588
398021 7.55154e+006 -281.588
398021 7.55154e+006 -281.617
398021 7.55154e+006 -281.566
398021 7.55154e+006 -281.552
398021 7.55154e+006 -281.542
398021 7.55154e+006 -281.542
398021 7.55154e+006 -281.556
398021 7.55154e+006 -281.566
398021 7.55154e+006 -281.584
398021 7.55154e+006 -281.566
398021 7.55154e+006 -281.556
398021 7.55154e+006 -281.556
398021 7.55154e+006 -281.571
398021 7.55154e+006 -281.584
398021 7.55154e+006 -281.609
398021 7.55154e+006 -281.584
398021 7.55154e+006 -281.571
398021 7.55154e+006 -281.571
398021 7.55154e+006 -281.585
398021 7.55154e+006 -281.609
398021 7.55154e+006 -281.636
398021 7.55154e+006 -281.609
398021 7.55154e+006 -281.585
398021 7.55154e+006 -281.585
398021 7.55154e+006 -281.613
398021 7.55154e+006 -281.636
398021 7.55154e+006 -281.649
398021 7.55154e+006 -281.636
398021 7.55154e+006 -281.613
398021 7.55154e+006 -281.613
398021 7.55154e+006 -281.62
398021 7.55154e+006 -281.649
398021 7.55154e+006 -281.651
398021 7.55154e+006 -281.649
398021 7.55154e+006 -281.62
398021 7.55154e+006 -281.62
398021 7.55154e+006 -281.623
398021 7.55154e+006 -281.651
398021 7.55154e+006 -281.649
398021 7.55154e+006 -281.651
398021 7.55154e+006 -281.623
398021 7.55154e+006 -281.623
398021 7.55154e+006 -281.622
398021 7.55154e+006 -281.649
398021 7.55154e+006 -281.641
398021 7.55154e+006 -281.649
398021 7.55154e+006 -281.622
398021 7.55154e+006 -281.622
398021 7.55154e+006 -281.617
398021 7.55154e+006 -281.641
398021 7.55154e+006 -281.571
398021 7.55154e+006 -281.557
398021 7.55154e+006 -281.552
398021 7.55154e+006 -281.552
398021 7.55154e+006 -281.566
398021 7.55154e+006 -281.571
398021 7.55154e+006 -281.591
398021 7.55154e+006 -281.571
398021 7.55154e+006 -281.566
398021 7.55154e+006 -281.566
398021 7.55154e+006 -281.584
398021 7.55154e+006 -281.591
398021 7.55154e+006 -281.622
398021 7.55154e+006 -281.591
398021 7.55154e+006 -281.584
398021 7.55154e+006 -281.584
398021 7.55154e+006 -281.609
398021 7.55154e+006 -281.622
398021 7.55154e+006 -281.649
398021 7.55154e+006 -281.622
398021 7.55154e+006 -281.609
398021 7.55154e+006 -281.609
398021 7.55154e+006 -281.636
398021 7.55154e+006 -281.649
398021 7.55154e+006 -281.665
398021 7.55154e+006 -281.649
398021 7.55154e+006 -281.636
398021 7.55154e+006 -281.636
398021 7.55154e+006 -281.649
398021 7.55154e+006 -281.665
398021 7.55154e+006 -281.667
398021 7.55154e+006 -281.665
398021 7.55154e+006 -281.649
398021 7.55154e+006 -281.649
398021 7.55154e+006 -281.651
398021 7.55154e+006 -281.667
398021 7.55154e+006 -281.664
398021 7.55154e+006 -281.667
398021 7.55154e+006 -281.651
398021 7.55154e+006 -281.651
398021 7.55154e+006 -281.649
398021 7.55154e+006 -281.664
398021 7.55154e+006 -281.654
398021 7.55154e+006 -281.664
398021 7.55154e+006 -281.649
398021 7.55154e+006 -281.649
398021 7.55154e+006 -281.641
398021 7.55154e+006 -281.654
398021 7.55154e+006 -281.571
398021 7.55154e+006 -281.557
398021 7.55154e+006 -281.557
398021 7.55154e+006 -281.557
398021 7.55154e+006 -281.571
398021 7.55154e+006 -281.571
398021 7.55154e+006 -281.591
398021 7.55154e+006 -281.571
398021 7.55154e+006 -281.571
398021 7.55154e+006 -281.571
398021 7.55154e+006 -281.591
398021 7.55154e+006 -281.591
398021 7.55154e+006 -281.622
398021 7.55154e+006 -281.591
398021 7.55154e+006 -281.591
398021 7.55154e+006 -281.591
398021 7.55154e+006 -281.622
398021 7.55154e+006 -281.622
398021 7.55154e+006 -281.649
398021 7.55154e+006 -281.622
398021 7.55154e+006 -281.622
398021 7.55154e+006 -281.622
398021 7.55154e+006 -281.649
398021 7.55154e+006 -281.649
398021 7.55154e+006 -281.665
398021 7.55154e+006 -281.649
398021 7.55154e+006 -281.649
398021 7.55154e+006 -281.649
398021 7.55154e+006 -281.665
398021 7.55154e+006 -281.665
398021 7.55154e+006 -281.667
398021 7.55154e+006 -281.665
398021 7.55154e+006 -281.665
398021 7.55154e+006 -281.665
398021 7.55154e+006 -281.667
398021 7.55154e+006 -281.667
398021 7.55154e+006 -281.664
398021 7.55154e+006 -281.667
398021 7.55154e+006 -281.667
398021 7.55154e+006 -281.667
398021 7.55154e+006 -281.664
398021 7.55154e+006 -281.664
398021 7.55154e+006 -281.654
398021 7.55154e+006 -281.664
398021 7.55154e+006 -281.664
398021 7.55154e+006 -281.664
398021 7.55154e+006 -281.654
398021 7.55154e+006 -281.654
398021 7.55154e+006 -281.566
398021 7.55154e+006 -281.552
398021 7.55154e+006 -281.557
398021 7.55154e+006 -281.557
398021 7.55154e+006 -281.571
398021 7.55154e+006 -281.566
398021 7.55154e+006 -281.584
398021 7.55154e+006 -281.566
398021 7.55154e+006 -281.571
398021 7.55154e+006 -281.571
398021 7.55154e+006 -281.591
398021 7.55154e+006 -281.584
398021 7.55154e+006 -281.609
398021 7.55154e+006 -281.584
398021 7.55154e+006 -281.591
398021 7.55154e+006 -281.591
398021 7.55154e+006 -281.622
398021 7.55154e+006 -281.609
398021 7.55154e+006 -281.636
398021 7.55154e+006 -281.609
398021 7.55154e+006 -281.622
398021 7.55154e+006 -281.622
398021 7.55154e+006 -281.649
398021 7.55154e+006 -281.636
398021 7.55154e+006 -281.649
398021 7.55154e+006 -281.636
398021 7.55154e+006 -281.649
398021 7.55154e+006 -281.649
398021 7.55154e+006 -281.665
398021 7.55154e+006 -281.649
398021 7.55154e+006 -281.651
398021 7.55154e+006 -281.649
398021 7.55154e+006 -281.665
398021 7.55154e+006 -281.665
398021 7.55154e+006 -281.667
398021 7.55154e+006 -281.651
398021 7.55154e+006 -281.649
398021 7.55154e+006 -281.651
398021 7.55154e+006 -281.667
398021 7.55154e+006 -281.667
398021 7.55154e+006 -281.664
398021 7.55154e+006 -281.649
398021 7.55154e+006 -281.641
398021 7.55154e+006 -281.649
398021 7.55154e+006 -281.664
398021 7.55154e+006 -281.664
398021 7.55154e+006 -281.654
398021 7.55154e+006 -281.641
398021 7.55154e+006 -281.556
398021 7.55154e+006 -281.542
398021 7.55154e+006 -281.552
398021 7.55154e+006 -281.552
398021 7.55154e+006 -281.566
398021 7.55154e+006 -281.556
398021 7.55154e+006 -281.571
398021 7.55154e+006 -281.556
398021 7.55154e+006 -281.566
398021 7.55154e+006 -281.566
398021 7.55154e+006 -281.584
398021 7.55154e+006 -281.571
398021 7.55154e+006 -281.585
398021 7.55154e+006 -281.571
398021 7.55154e+006 -281.584
398021 7.55154e+006 -281.584
398021 7.55154e+006 -281.609
398021 7.55154e+006 -281.585
398021 7.55154e+006 -281.613
398021 7.55154e+006 -281.585
398021 7.55154e+006 -281.609
398021 7.55154e+006 -281.609
398021 7.55154e+006 -281.636
398021 7.55154e+006 -281.613
398021 7.55154e+006 -281.62
398021 7.55154e+006 -281.613
398021 7.55154e+006 -281.636
398021 7.55154e+006 -281.636
398021 7.55154e+006 -281.649
398021 7.55154e+006 -281.62
398021 7.55154e+006 -281.623
398021 7.55154e+006 -281.62
398021 7.55154e+006 -281.649
398021 7.55154e+006 -281.649
398021 7.55154e+006 -281.651
398021 7.55154e+006 -281.623
398021 7.55154e+006 -281.622
398021 7.55154e+006 -281.623
398021 7.55154e+006 -281.651
398021 7.55154e+006 -281.651
398021 7.55154e+006 -281.649
398021 7.55154e+006 -281.622
398021 7.55154e+006 -281.617
398021 7.55154e+006 -281.622
398021 7.55154e+006 -281.649
398021 7.55154e+006 -281.649
398021 7.55154e+006 -281.641
398021 7.55154e+006 -281.617
398021 7.55154e+006 -281.545
398021 7.55154e+006 -281.531
398021 7.55154e+006 -281.542
398021 7.55154e+006 -281.542
398021 7.55154e+006 -281.556
398021 7.55154e+006 -281.545
398021 7.55154e+006 -281.554
398021 7.55154e+006 -281.545
398021 7.55154e+006 -281.556
398021 7.55154e+006 -281.556
398021 7.55154e+006 -281.571
398021 7.55154e+006 -281.554
398021 7.55154e+006 -281.557
398021 7.55154e+006 -281.554
398021 7.55154e+006 -281.571
398021 7.55154e+006 -281.571
398021 7.55154e+006 -281.585
398021 7.55154e+006 -281.557
398021 7.55154e+006 -281.584
398021 7.55154e+006 -281.584
398021 7.55154e+006 -281.613
398021 7.55154e+006 -281.613
398021 7.55154e+006 -281.62
398021 7.55154e+006 -281.584
398021 7.55154e+006 -281.587
398021 7.55154e+006 -281.584
398021 7.55154e+006 -281.62
398021 7.55154e+006 -281.62
398021 7.55154e+006 -281.623
398021 7.55154e+006 -281.587
398021 7.55154e+006 -281.588
398021 7.55154e+006 -281.587
398021 7.55154e+006 -281.623
398021 7.55154e+006 -281.623
398021 7.55154e+006 -281.622
398021 7.55154e+006 -281.588
398021 7.55154e+006 -281.588
398021 7.55154e+006 -281.588
398021 7.55154e+006 -281.622
398021 7.55154e+006 -281.622
398021 7.55154e+006 -281.617
398021 7.55154e+006 -281.588
398021 7.55154e+006 -281.533
398021 7.55154e+006 -281.519
398021 7.55154e+006 -281.531
398021 7.55154e+006 -281.531
398021 7.55154e+006 -281.545
398021 7.55154e+006 -281.533
398021 7.55154e+006 -281.538
398021 7.55154e+006 -281.533
398021 7.55154e+006 -281.545
398021 7.55154e+006 -281.545
398021 7.55154e+006 -281.554
398021 7.55154e+006 -281.538
398021 7.55154e+006 -281.528
398021 7.55154e+006 -281.538
398021 7.55154e+006 -281.554
398021 7.55154e+006 -281.554
398021 7.55154e+006 -281.557
398021 7.55154e+006 -281.528
398021 7.55154e+006 -281.548
398021 7.55154e+006 -281.555
398021 7.55154e+006 -281.584
398021 7.55154e+006 -281.584
398021 7.55154e+006 -281.584
398021 7.55154e+006 -281.548
398021 7.55154e+006 -281.551
398021 7.55154e+006 -281.548
398021 7.55154e+006 -281.584
398021 7.55154e+006 -281.584
398021 7.55154e+006 -281.587
398021 7.55154e+006 -281.551
398021 7.55154e+006 -281.554
398021 7.55154e+006 -281.551
398021 7.55154e+006 -281.587
398021 7.55154e+006 -281.587
398021 7.55154e+006 -281.588
398021 7.55154e+006 -281.554
398021 7.55154e+006 -281.558
398021 7.55154e+006 -281.554
398021 7.55154e+006 -281.588
398021 7.55154e+006 -281.588
398021 7.55154e+006 -281.588
398021 7.55154e+006 -281.558
398021 7.55154e+006 -281.523
398021 7.55154e+006 -281.509
398021 7.55154e+006 -281.519
398021 7.55154e+006 -281.519
398021 7.55154e+006 -281.533
398021 7.55154e+006 -281.523
398021 7.55154e+006 -281.525
398021 7.55154e+006 -281.523
398021 7.55154e+006 -281.533
398021 7.55154e+006 -281.533
398021 7.55154e+006 -281.538
398021 7.55154e+006 -281.525
398021 7.55154e+006 -281.504
398021 7.55154e+006 -281.525
398021 7.55154e+006 -281.538
398021 7.55154e+006 -281.538
398021 7.55154e+006 -281.528
398021 7.55154e+006 -281.504
398021 7.55154e+006 -281.532
398021 7.55154e+006 -281.504
398021 7.55154e+006 -281.528
398021 7.55154e+006 -281.528
398021 7.55154e+006 -281.555
398021 7.55154e+006 -281.532
398021 7.55154e+006 -281.52
398021 7.55154e+006 -281.532
398021 7.55154e+006 -281.555
398021 7.55154e+006 -281.555
398021 7.55154e+006 -281.548
398021 7.55154e+006 -281.52
398021 7.55154e+006 -281.522
398021 7.55154e+006 -281.52
398021 7.55154e+006 -281.548
398021 7.55154e+006 -281.548
398021 7.55154e+006 -281.551
398021 7.55154e+006 -281.522
398021 7.55154e+006 -281.527
398021 7.55154e+006 -281.522
398021 7.55154e+006 -281.551
398021 7.55154e+006 -281.551
398021 7.55154e+006 -281.554
398021 7.55154e+006 -281.527
398021 7.55154e+006 -281.535
398021 7.55154e+006 -281.527
398021 7.55154e+006 -281.554
398021 7.55154e+006 -281.554
398021 7.55154e+006 -281.558
398021 7.55154e+006 -281.535
398021 7.55154e+006 -281.518
398021 7.55154e+006 -281.504
398021 7.55154e+006 -281.509
398021 7.55154e+006 -281.509
398021 7.55154e+006 -281.523
398021 7.55154e+006 -281.518
398021 7.55154e+006 -281.517
398021 7.55154e+006 -281.518
398021 7.55154e+006 -281.523
398021 7.55154e+006 -281.523
398021 7.55154e+006 -281.525
398021 7.55154e+006 -281.517
398021 7.55154e+006 -281.492
398021 7.55154e+006 -281.517
398021 7.55154e+006 -281.525
398021 7.55154e+006 -281.525
398021 7.55154e+006 -281.504
398021 7.55154e+006 -281.492
398021 7.55154e+006 -281.519
398021 7.55154e+006 -281.492
398021 7.55154e+006 -281.504
398021 7.55154e+006 -281.504
398021 7.55154e+006 -281.532
398021 7.55154e+006 -281.519
398021 7.55154e+006 -281.504
398021 7.55154e+006 -281.519
398021 7.55154e+006 -281.532
398021 7.55154e+006 -281.532
398021 7.55154e+006 -281.52
398021 7.55154e+006 -281.504
398021 7.55154e+006 -281.506
398021 7.55154e+006 -281.504
398021 7.55154e+006 -281.52
398021 7.55154e+006 -281.52
398021 7.55154e+006 -281.522
398021 7.55154e+006 -281.506
398021 7.55154e+006 -281.512
398021 7.55154e+006 -281.506
398021 7.55154e+006 -281.522
398021 7.55154e+006 -281.522
398021 7.55154e+006 -281.527
398021 7.55154e+006 -281.512
398021 7.55154e+006 -281.521
398021 7.55154e+006 -281.512
398021 7.55154e+006 -281.527
398021 7.55154e+006 -281.527
398021 7.55154e+006 -281.535
398021 7.55154e+006 -281.521
398021 7.55154e+006 -281.518
398021 7.55154e+006 -281.504
398021 7.55154e+006 -281.504
398021 7.55154e+006 -281.504
398021 7.55154e+006 -281.518
398021 7.55154e+006 -281.518
398021 7.55154e+006 -281.517
398021 7.55154e+006 -281.518
398021 7.55154e+006 -281.518
398021 7.55154e+006 -281.518
398021 7.55154e+006 -281.517
398021 7.55154e+006 -281.517
398021 7.55154e+006 -281.492
398021 7.55154e+006 -281.517
398021 7.55154e+006 -281.517
398021 7.55154e+006 -281.517
398021 7.55154e+006 -281.492
398021 7.55154e+006 -281.492
398021 7.55154e+006 -281.519
398021 7.55154e+006 -281.492
398021 7.55154e+006 -281.492
398021 7.55154e+006 -281.492
398021 7.55154e+006 -281.519
398021 7.55154e+006 -281.519
398021 7.55154e+006 -281.504
398021 7.55154e+006 -281.519
398021 7.55154e+006 -281.519
398021 7.55154e+006 -281.519
398021 7.55154e+006 -281.504
398021 7.55154e+006 -281.504
398021 7.55154e+006 -281.506
398021 7.55154e+006 -281.504
398021 7.55154e+006 -281.504
398021 7.55154e+006 -281.504
398021 7.55154e+006 -281.506
398021 7.55154e+006 -281.506
398021 7.55154e+006 -281.512
398021 7.55154e+006 -281.506
398021 7.55154e+006 -281.506
398021 7.55154e+006 -281.506
398021 7.55154e+006 -281.512
398021 7.55154e+006 -281.512
398021 7.55154e+006 -281.521
398021 7.55154e+006 -281.512
398021 7.55154e+006 -281.512
398021 7.55154e+006 -281.512
398021 7.55154e+006 -281.521
398021 7.55154e+006 -281.521
398021 7.55154e+006 -281.523
398021 7.55154e+006 -281.509
398021 7.55154e+006 -281.504
398021 7.55154e+006 -281.504
398021 7.55154e+006 -281.518
398021 7.55154e+006 -281.523
398021 7.55154e+006 -281.525
398021 7.55154e+006 -281.523
398021 7.55154e+006 -281.518
398021 7.55154e+006 -281.518
398021 7.55154e+006 -281.517
398021 7.55154e+006 -281.525
398021 7.55154e+006 -281.504
398021 7.55154e+006 -281.525
398021 7.55154e+006 -281.517
398021 7.55154e+006 -281.517
398021 7.55154e+006 -281.492
398021 7.55154e+006 -281.504
398021 7.55154e+006 -281.532
398021 7.55154e+006 -281.504
398021 7.55154e+006 -281.492
398021 7.55154e+006 -281.492
398021 7.55154e+006 -281.519
398021 7.55154e+006 -281.532
398021 7.55154e+006 -281.52
398021 7.55154e+006 -281.532
398021 7.55154e+006 -281.519
398021 7.55154e+006 -281.519
398021 7.55154e+006 -281.504
398021 7.55154e+006 -281.52
398021 7.55154e+006 -281.522
398021 7.55154e+006 -281.52
398021 7.55154e+006 -281.504
398021 7.55154e+006 -281.504
398021 7.55154e+006 -281.506
398021 7.55154e+006 -281.522
398021 7.55154e+006 -281.527
398021 7.55154e+006 -281.522
398021 7.55154e+006 -281.506
398021 7.55154e+006 -281.506
398021 7.55154e+006 -281.512
398021 7.55154e+006 -281.527
398021 7.55154e+006 -281.535
398021 7.55154e+006 -281.527
398021 7.55154e+006 -281.512
398021 7.55154e+006 -281.512
398021 7.55154e+006 -281.521
398021 7.55154e+006 -281.535
398021 7.55154e+006 -281.533
398021 7.55154e+006 -281.519
398021 7.55154e+006 -281.509
398021 7.55154e+006 -281.509
398021 7.55154e+006 -281.523
398021 7.55154e+006 -281.533
398021 7.55154e+006 -281.538
398021 7.55154e+006 -281.533
398021 7.55154e+006 -281.523
398021 7.55154e+006 -281.523
398021 7.55154e+006 -281.525
398021 7.55154e+006 -281.538
398021 7.55154e+006 -281.528
398021 7.55154e+006 -281.538
398021 7.55154e+006 -281.525
398021 7.55154e+006 -281.525
398021 7.55154e+006 -281.504
398021 7.55154e+006 -281.528
398021 7.55154e+006 -281.555
398021 7.55154e+006 -281.528
398021 7.55154e+006 -281.504
398021 7.55154e+006 -281.504
398021 7.55154e+006 -281.532
398021 7.55154e+006 -281.555
398021 7.55154e+006 -281.548
398021 7.55154e+006 -281.555
398021 7.55154e+006 -281.532
398021 7.55154e+006 -281.532
398021 7.55154e+006 -281.52
398021 7.55154e+006 -281.548
398021 7.55154e+006 -281.551
398021 7.55154e+006 -281.548
398021 7.55154e+006 -281.52
398021 7.55154e+006 -281.52
398021 7.55154e+006 -281.522
398021 7.55154e+006 -281.551
398021 7.55154e+006 -281.554
398021 7.55154e+006 -281.551
398021 7.55154e+006 -281.522
398021 7.55154e+006 -281.522
398021 7.55154e+006 -281.527
398021 7.55154e+006 -281.554
398021 7.55154e+006 -281.558
398021 7.55154e+006 -281.554
398021 7.55154e+006 -281.527
398021 7.55154e+006 -281.527
398021 7.55154e+006 -281.535
398021 7.55154e+006 -281.558
398021 7.55154e+006 -281.545
398021 7.55154e+006 -281.531
398021 7.55154e+006 -281.519
398021 7.55154e+006 -281.519
398021 7.55154e+006 -281.533
398021 7.55154e+006 -281.545
398021 7.55154e+006 -281.554
398021 7.55154e+006 -281.545
398021 7.55154e+006 -281.533
398021 7.55154e+006 -281.533
398021 7.55154e+006 -281.538
398021 7.55154e+006 -281.554
398021 7.55154e+006 -281.557
398021 7.55154e+006 -281.554
398021 7.55154e+006 -281.538
398021 7.55154e+006 -281.538
398021 7.55154e+006 -281.528
398021 7.55154e+006 -281.557
398021 7.55154e+006 -281.584
398021 7.55154e+006 -281.584
398021 7.55154e+006 -281.555
398021 7.55154e+006 -281.555
398021 7.55154e+006 -281.548
398021 7.55154e+006 -281.584
398021 7.55154e+006 -281.587
398021 7.55154e+006 -281.584
398021 7.55154e+006 -281.548
398021 7.55154e+006 -281.548
398021 7.55154e+006 -281.551
398021 7.55154e+006 -281.587
398021 7.55154e+006 -281.588
398021 7.55154e+006 -281.587
398021 7.55154e+006 -281.551
398021 7.55154e+006 -281.551
398021 7.55154e+006 -281.554
398021 7.55154e+006 -281.588
398021 7.55154e+006 -281.588
398021 7.55154e+006 -281.588
398021 7.55154e+006 -281.554
398021 7.55154e+006 -281.554
398021 7.55154e+006 -281.558
398021 7.55154e+006 -281.588
398021 7.55154e+006 -281.612
398021 7.55154e+006 -281.617
398021 7.55154e+006 -281.588
398021 7.55154e+006 -281.588
398021 7.55154e+006 -281.584
398021 7.55154e+006 -281.612
398021 7.55154e+006 -281.633
398021 7.55154e+006 -281.641
398021 7.55154e+006 -281.617
398021 7.55154e+006 -281.617
398021 7.55154e+006 -281.612
398021 7.55154e+006 -281.633
398021 7.55154e+006 -281.646
398021 7.55154e+006 -281.654
398021 7.55154e+006 -281.641
398021 7.55154e+006 -281.641
398021 7.55154e+006 -281.633
398021 7.55154e+006 -281.646
398021 7.55154e+006 -281.646
398021 7.55154e+006 -281.654
398021 7.55154e+006 -281.654
398021 7.55154e+006 -281.654
398021 7.55154e+006 -281.646
398021 7.55154e+006 -281.646
398021 7.55154e+006 -281.633
398021 7.55154e+006 -281.641
398021 7.55154e+006 -281.654
398021 7.55154e+006 -281.654
398021 7.55154e+006 -281.646
398021 7.55154e+006 -281.633
398021 7.55154e+006 -281.612
398021 7.55154e+006 -281.617
398021 7.55154e+006 -281.641
398021 7.55154e+006 -281.641
398021 7.55154e+006 -281.633
398021 7.55154e+006 -281.612
398021 7.55154e+006 -281.584
398021 7.55154e+006 -281.588
398021 7.55154e+006 -281.617
398021 7.55154e+006 -281.617
398021 7.55154e+006 -281.612
398021 7.55154e+006 -281.584
398021 7.55154e+006 -281.557
398021 7.55154e+006 -281.558
398021 7.55154e+006 -281.588
398021 7.55154e+006 -281.588
398021 7.55154e+006 -281.584
398021 7.55154e+006 -281.557
398021 7.55154e+006 -281.535
398021 7.55154e+006 -281.535
398021 7.55154e+006 -281.558
398021 7.55154e+006 -281.558
398021 7.55154e+006 -281.557
398021 7.55154e+006 -281.535
398021 7.55154e+006 -281.523
398021 7.55154e+006 -281.521
398021 7.55154e+006 -281.535
398021 7.55154e+006 -281.535
398021 7.55154e+006 -281.535
398021 7.55154e+006 -281.523
398021 7.55154e+006 -281.523
398021 7.55154e+006 -281.521
398021 7.55154e+006 -281.521
398021 7.55154e+006 -281.521
398021 7.55154e+006 -281.523
398021 7.55154e+006 -281.523
398021 7.55154e+006 -281.535
398021 7.55154e+006 -281.535
398021 7.55154e+006 -281.521
398021 7.55154e+006 -281.521
398021 7.55154e+006 -281.523
398021 7.55154e+006 -281.535
398021 7.55154e+006 -281.557
398021 7.55154e+006 -281.558
398021 7.55154e+006 -281.535
398021 7.55154e+006 -281.535
398021 7.55154e+006 -281.535
398021 7.55154e+006 -281.557
398021 7.55154e+006 -281.584
398021 7.55154e+006 -281.588
398021 7.55154e+006 -281.558
398021 7.55154e+006 -281.558
398021 7.55154e+006 -281.557
398021 7.55154e+006 -281.584
398021 7.55154e+006 -281.607
398021 7.55154e+006 -281.633
398021 7.55154e+006 -281.612
398021 7.55154e+006 -281.612
398021 7.55154e+006 -281.585
398021 7.55154e+006 -281.607
398021 7.55154e+006 -281.619
398021 7.55154e+006 -281.646
398021 7.55154e+006 -281.633
398021 7.55154e+006 -281.633
398021 7.55154e+006 -281.607
398021 7.55154e+006 -281.619
398021 7.55154e+006 -281.619
398021 7.55154e+006 -281.646
398021 7.55154e+006 -281.646
398021 7.55154e+006 -281.646
398021 7.55154e+006 -281.619
398021 7.55154e+006 -281.619
398021 7.55154e+006 -281.607
398021 7.55154e+006 -281.633
398021 7.55154e+006 -281.646
398021 7.55154e+006 -281.646
398021 7.55154e+006 -281.619
398021 7.55154e+006 -281.607
398021 7.55154e+006 -281.585
398021 7.55154e+006 -281.612
398021 7.55154e+006 -281.633
398021 7.55154e+006 -281.633
398021 7.55154e+006 -281.607
398021 7.55154e+006 -281.585
398021 7.55154e+006 -281.508
398021 7.55154e+006 -281.535
398021 7.55154e+006 -281.557
398021 7.55154e+006 -281.557
398021 7.55154e+006 -281.53
398021 7.55154e+006 -281.508
398021 7.55154e+006 -281.496
398021 7.55154e+006 -281.523
398021 7.55154e+006 -281.535
398021 7.55154e+006 -281.535
398021 7.55154e+006 -281.508
398021 7.55154e+006 -281.496
398021 7.55154e+006 -281.496
398021 7.55154e+006 -281.523
398021 7.55154e+006 -281.523
398021 7.55154e+006 -281.523
398021 7.55154e+006 -281.496
398021 7.55154e+006 -281.496
398021 7.55154e+006 -281.508
398021 7.55154e+006 -281.535
398021 7.55154e+006 -281.523
398021 7.55154e+006 -281.523
398021 7.55154e+006 -281.496
398021 7.55154e+006 -281.508
398021 7.55154e+006 -281.53
398021 7.55154e+006 -281.557
398021 7.55154e+006 -281.535
398021 7.55154e+006 -281.535
398021 7.55154e+006 -281.508
398021 7.55154e+006 -281.53
398021 7.55154e+006 -281.58
398021 7.55154e+006 -281.574
398021 7.55154e+006 -281.577
398021 7.55154e+006 -281.577
398021 7.55154e+006 -281.581
398021 7.55154e+006 -281.58
398021 7.55154e+006 -281.572
398021 7.55154e+006 -281.566
398021 7.55154e+006 -281.574
398021 7.55154e+006 -281.574
398021 7.55154e+006 -281.58
398021 7.55154e+006 -281.572
398021 7.55154e+006 -281.577
398021 7.55154e+006 -281.563
398021 7.55154e+006 -281.566
398021 7.55154e+006 -281.566
398021 7.55154e+006 -281.572
398021 7.55154e+006 -281.577
398021 7.55154e+006 -281.589
398021 7.55154e+006 -281.574
398021 7.55154e+006 -281.563
398021 7.55154e+006 -281.563
398021 7.55154e+006 -281.577
398021 7.55154e+006 -281.589
398021 7.55154e+006 -281.59
398021 7.55154e+006 -281.574
398021 7.55154e+006 -281.574
398021 7.55154e+006 -281.574
398021 7.55154e+006 -281.589
398021 7.55154e+006 -281.59
398021 7.55154e+006 -281.574
398021 7.55154e+006 -281.557
398021 7.55154e+006 -281.574
398021 7.55154e+006 -281.574
398021 7.55154e+006 -281.59
398021 7.55154e+006 -281.574
398021 7.55154e+006 -281.585
398021 7.55154e+006 -281.58
398021 7.55154e+006 -281.581
398021 7.55154e+006 -281.581
398021 7.55154e+006 -281.585
398021 7.55154e+006 -281.585
398021 7.55154e+006 -281.577
398021 7.55154e+006 -281.572
398021 7.55154e+006 -281.58
398021 7.55154e+006 -281.58
398021 7.55154e+006 -281.585
398021 7.55154e+006 -281.577
398021 7.55154e+006 -281.589
398021 7.55154e+006 -281.577
398021 7.55154e+006 -281.572
398021 7.55154e+006 -281.572
398021 7.55154e+006 -281.577
398021 7.55154e+006 -281.589
398021 7.55154e+006 -281.6
398021 7.55154e+006 -281.589
398021 7.55154e+006 -281.577
398021 7.55154e+006 -281.577
398021 7.55154e+006 -281.589
398021 7.55154e+006 -281.6
398021 7.55154e+006 -281.603
398021 7.55154e+006 -281.59
398021 7.55154e+006 -281.589
398021 7.55154e+006 -281.589
398021 7.55154e+006 -281.6
398021 7.55154e+006 -281.603
398021 7.55154e+006 -281.587
398021 7.55154e+006 -281.574
398021 7.55154e+006 -281.59
398021 7.55154e+006 -281.59
398021 7.55154e+006 -281.603
398021 7.55154e+006 -281.587
398021 7.55154e+006 -281.588
398021 7.55154e+006 -281.585
398021 7.55154e+006 -281.585
398021 7.55154e+006 -281.585
398021 7.55154e+006 -281.587
398021 7.55154e+006 -281.588
398021 7.55154e+006 -281.58
398021 7.55154e+006 -281.577
398021 7.55154e+006 -281.585
398021 7.55154e+006 -281.585
398021 7.55154e+006 -281.588
398021 7.55154e+006 -281.58
398021 7.55154e+006 -281.595
398021 7.55154e+006 -281.589
398021 7.55154e+006 -281.577
398021 7.55154e+006 -281.577
398021 7.55154e+006 -281.58
398021 7.55154e+006 -281.595
398021 7.55154e+006 -281.607
398021 7.55154e+006 -281.6
398021 7.55154e+006 -281.589
398021 7.55154e+006 -281.589
398021 7.55154e+006 -281.595
398021 7.55154e+006 -281.607
398021 7.55154e+006 -281.61
398021 7.55154e+006 -281.603
398021 7.55154e+006 -281.6
398021 7.55154e+006 -281.6
398021 7.55154e+006 -281.607
398021 7.55154e+006 -281.61
398021 7.55154e+006 -281.594
398021 7.55154e+006 -281.587
398021 7.55154e+006 -281.603
398021 7.55154e+006 -281.603
398021 7.55154e+006 -281.61
398021 7.55154e+006 -281.594
398021 7.55154e+006 -281.588
398021 7.55154e+006 -281.588
398021 7.55154e+006 -281.587
398021 7.55154e+006 -281.587
398021 7.55154e+006 -281.587
398021 7.55154e+006 -281.588
398021 7.55154e+006 -281.58
398021 7.55154e+006 -281.58
398021 7.55154e+006 -281.588
398021 7.55154e+006 -281.588
398021 7.55154e+006 -281.588
398021 7.55154e+006 -281.58
398021 7.55154e+006 -281.595
398021 7.55154e+006 -281.595
398021 7.55154e+006 -281.58
398021 7.55154e+006 -281.58
398021 7.55154e+006 -281.58
398021 7.55154e+006 -281.595
398021 7.55154e+006 -281.607
398021 7.55154e+006 -281.607
398021 7.55154e+006 -281.595
398021 7.55154e+006 -281.595
398021 7.55154e+006 -281.595
398021 7.55154e+006 -281.607
398021 7.55154e+006 -281.61
398021 7.55154e+006 -281.61
398021 7.55154e+006 -281.607
398021 7.55154e+006 -281.607
398021 7.55154e+006 -281.607
398021 7.55154e+006 -281.61
398021 7.55154e+006 -281.594
398021 7.55154e+006 -281.594
398021 7.55154e+006 -281.61
398021 7.55154e+006 -281.61
398021 7.55154e+006 -281.61
398021 7.55154e+006 -281.594
398021 7.55154e+006 -281.585
398021 7.55154e+006 -281.588
398021 7.55154e+006 -281.587
398021 7.55154e+006 -281.587
398021 7.55154e+006 -281.585
398021 7.55154e+006 -281.585
398021 7.55154e+006 -281.577
398021 7.55154e+006 -281.58
398021 7.55154e+006 -281.588
398021 7.55154e+006 -281.588
398021 7.55154e+006 -281.585
398021 7.55154e+006 -281.577
398021 7.55154e+006 -281.589
398021 7.55154e+006 -281.595
398021 7.55154e+006 -281.58
398021 7.55154e+006 -281.58
398021 7.55154e+006 -281.577
398021 7.55154e+006 -281.589
398021 7.55154e+006 -281.6
398021 7.55154e+006 -281.607
398021 7.55154e+006 -281.595
398021 7.55154e+006 -281.595
398021 7.55154e+006 -281.589
398021 7.55154e+006 -281.6
398021 7.55154e+006 -281.603
398021 7.55154e+006 -281.61
398021 7.55154e+006 -281.607
398021 7.55154e+006 -281.607
398021 7.55154e+006 -281.6
398021 7.55154e+006 -281.603
398021 7.55154e+006 -281.587
398021 7.55154e+006 -281.594
398021 7.55154e+006 -281.61
398021 7.55154e+006 -281.61
398021 7.55154e+006 -281.603
398021 7.55154e+006 -281.587
398021 7.55154e+006 -281.58
398021 7.55154e+006 -281.585
398021 7.55154e+006 -281.585
398021 7.55154e+006 -281.585
398021 7.55154e+006 -281.581
398021 7.55154e+006 -281.58
398021 7.55154e+006 -281.572
398021 7.55154e+006 -281.577
398021 7.55154e+006 -281.585
398021 7.55154e+006 -281.585
398021 7.55154e+006 -281.58
398021 7.55154e+006 -281.572
398021 7.55154e+006 -281.577
398021 7.55154e+006 -281.589
398021 7.55154e+006 -281.577
398021 7.55154e+006 -281.577
398021 7.55154e+006 -281.572
398021 7.55154e+006 -281.577
398021 7.55154e+006 -281.589
398021 7.55154e+006 -281.6
398021 7.55154e+006 -281.589
398021 7.55154e+006 -281.589
398021 7.55154e+006 -281.577
398021 7.55154e+006 -281.589
398021 7.55154e+006 -281.59
398021 7.55154e+006 -281.603
398021 7.55154e+006 -281.6
398021 7.55154e+006 -281.6
398021 7.55154e+006 -281.589
398021 7.55154e+006 -281.59
398021 7.55154e+006 -281.574
398021 7.55154e+006 -281.587
398021 7.55154e+006 -281.603
398021 7.55154e+006 -281.603
398021 7.55154e+006 -281.59
398021 7.55154e+006 -281.574
398021 7.55154e+006 -281.574
398021 7.55154e+006 -281.58
398021 7.55154e+006 -281.581
398021 7.55154e+006 -281.581
398021 7.55154e+006 -281.577
398021 7.55154e+006 -281.574
398021 7.55154e+006 -281.566
398021 7.55154e+006 -281.572
398021 7.55154e+006 -281.58
398021 7.55154e+006 -281.58
398021 7.55154e+006 -281.574
398021 7.55154e+006 -281.566
398021 7.55154e+006 -281.563
398021 7.55154e+006 -281.577
398021 7.55154e+006 -281.572
398021 7.55154e+006 -281.572
398021 7.55154e+006 -281.566
398021 7.55154e+006 -281.563
398021 7.55154e+006 -281.574
398021 7.55154e+006 -281.589
398021 7.55154e+006 -281.577
398021 7.55154e+006 -281.577
398021 7.55154e+006 -281.563
398021 7.55154e+006 -281.574
398021 7.55154e+006 -281.574
398021 7.55154e+006 -281.59
398021 7.55154e+006 -281.589
398021 7.55154e+006 -281.589
398021 7.55154e+006 -281.574
398021 7.55154e+006 -281.574
398021 7.55154e+006 -281.557
398021 7.55154e+006 -281.574
398021 7.55154e+006 -281.59
398021 7.55154e+006 -281.59
398021 7.55154e+006 -281.574
398021 7.55154e+006 -281.557
398021 7.55154e+006 -281.568
398021 7.55154e+006 -281.574
398021 7.55154e+006 -281.577
398021 7.55154e+006 -281.577
398021 7.55154e+006 -281.572
398021 7.55154e+006 -281.568
398021 7.55154e+006 -281.56
398021 7.55154e+006 -281.566
398021 7.55154e+006 -281.574
398021 7.55154e+006 -281.574
398021 7.55154e+006 -281.568
398021 7.55154e+006 -281.56
398021 7.55154e+006 -281.549
398021 7.55154e+006 -281.563
398021 7.55154e+006 -281.566
398021 7.55154e+006 -281.566
398021 7.55154e+006 -281.56
398021 7.55154e+006 -281.549
398021 7.55154e+006 -281.559
398021 7.55154e+006 -281.574
398021 7.55154e+006 -281.563
398021 7.55154e+006 -281.563
398021 7.55154e+006 -281.549
398021 7.55154e+006 -281.559
398021 7.55154e+006 -281.558
398021 7.55154e+006 -281.574
398021 7.55154e+006 -281.574
398021 7.55154e+006 -281.574
398021 7.55154e+006 -281.559
398021 7.55154e+006 -281.558
398021 7.55154e+006 -281.541
398021 7.55154e+006 -281.557
398021 7.55154e+006 -281.574
398021 7.55154e+006 -281.574
398021 7.55154e+006 -281.558
398021 7.55154e+006 -281.541
398021 7.55154e+006 -281.563
398021 7.55154e+006 -281.568
398021 7.55154e+006 -281.572
398021 7.55154e+006 -281.572
398021 7.55154e+006 -281.569
398021 7.55154e+006 -281.563
398021 7.55154e+006 -281.555
398021 7.55154e+006 -281.56
398021 7.55154e+006 -281.568
398021 7.55154e+006 -281.568
398021 7.55154e+006 -281.563
398021 7.55154e+006 -281.555
398021 7.55154e+006 -281.537
398021 7.55154e+006 -281.549
398021 7.55154e+006 -281.56
398021 7.55154e+006 -281.56
398021 7.55154e+006 -281.555
398021 7.55154e+006 -281.537
398021 7.55154e+006 -281.547
398021 7.55154e+006 -281.559
398021 7.55154e+006 -281.549
398021 7.55154e+006 -281.549
398021 7.55154e+006 -281.537
398021 7.55154e+006 -281.547
398021 7.55154e+006 -281.545
398021 7.55154e+006 -281.558
398021 7.55154e+006 -281.559
398021 7.55154e+006 -281.559
398021 7.55154e+006 -281.547
398021 7.55154e+006 -281.545
398021 7.55154e+006 -281.528
398021 7.55154e+006 -281.541
398021 7.55154e+006 -281.558
398021 7.55154e+006 -281.558
398021 7.55154e+006 -281.545
398021 7.55154e+006 -281.528
398021 7.55154e+006 -281.56
398021 7.55154e+006 -281.563
398021 7.55154e+006 -281.569
398021 7.55154e+006 -281.569
398021 7.55154e+006 -281.567
398021 7.55154e+006 -281.56
398021 7.55154e+006 -281.552
398021 7.55154e+006 -281.555
398021 7.55154e+006 -281.563
398021 7.55154e+006 -281.563
398021 7.55154e+006 -281.56
398021 7.55154e+006 -281.552
398021 7.55154e+006 -281.531
398021 7.55154e+006 -281.537
398021 7.55154e+006 -281.555
398021 7.55154e+006 -281.555
398021 7.55154e+006 -281.552
398021 7.55154e+006 -281.531
398021 7.55154e+006 -281.541
398021 7.55154e+006 -281.547
398021 7.55154e+006 -281.537
398021 7.55154e+006 -281.537
398021 7.55154e+006 -281.531
398021 7.55154e+006 -281.541
398021 7.55154e+006 -281.537
398021 7.55154e+006 -281.545
398021 7.55154e+006 -281.547
398021 7.55154e+006 -281.547
398021 7.55154e+006 -281.541
398021 7.55154e+006 -281.537
398021 7.55154e+006 -281.521
398021 7.55154e+006 -281.528
398021 7.55154e+006 -281.545
398021 7.55154e+006 -281.545
398021 7.55154e+006 -281.537
398021 7.55154e+006 -281.521
398021 7.55154e+006 -281.56
398021 7.55154e+006 -281.56
398021 7.55154e+006 -281.567
398021 7.55154e+006 -281.567
398021 7.55154e+006 -281.567
398021 7.55154e+006 -281.56
398021 7.55154e+006 -281.552
398021 7.55154e+006 -281.552
398021 7.55154e+006 -281.56
398021 7.55154e+006 -281.56
398021 7.55154e+006 -281.56
398021 7.55154e+006 -281.552
398021 7.55154e+006 -281.531
398021 7.55154e+006 -281.531
398021 7.55154e+006 -281.552
398021 7.55154e+006 -281.552
398021 7.55154e+006 -281.552
398021 7.55154e+006 -281.531
398021 7.55154e+006 -281.541
398021 7.55154e+006 -281.541
398021 7.55154e+006 -281.531
398021 7.55154e+006 -281.531
398021 7.55154e+006 -281.531
398021 7.55154e+006 -281.541
398021 7.55154e+006 -281.537
398021 7.55154e+006 -281.537
398021 7.55154e+006 -281.541
398021 7.55154e+006 -281.541
398021 7.55154e+006 -281.541
398021 7.55154e+006 -281.537
398021 7.55154e+006 -281.521
398021 7.55154e+006 -281.521
398021 7.55154e+006 -281.537
398021 7.55154e+006 -281.537
398021 7.55154e+006 -281.537
398021 7.55154e+006 -281.521
398021 7.55154e+006 -281.563
398021 7.55154e+006 -281.56
398021 7.55154e+006 -281.567
398021 7.55154e+006 -281.567
398021 7.55154e+006 -281.569
398021 7.55154e+006 -281.563
398021 7.55154e+006 -281.555
398021 7.55154e+006 -281.552
398021 7.55154e+006 -281.56
398021 7.55154e+006 -281.56
398021 7.55154e+006 -281.563
398021 7.55154e+006 -281.555
398021 7.55154e+006 -281.537
398021 7.55154e+006 -281.531
398021 7.55154e+006 -281.552
398021 7.55154e+006 -281.552
398021 7.55154e+006 -281.555
398021 7.55154e+006 -281.537
398021 7.55154e+006 -281.547
398021 7.55154e+006 -281.541
398021 7.55154e+006 -281.531
398021 7.55154e+006 -281.531
398021 7.55154e+006 -281.537
398021 7.55154e+006 -281.547
398021 7.55154e+006 -281.545
398021 7.55154e+006 -281.537
398021 7.55154e+006 -281.541
398021 7.55154e+006 -281.541
398021 7.55154e+006 -281.547
398021 7.55154e+006 -281.545
398021 7.55154e+006 -281.528
398021 7.55154e+006 -281.521
398021 7.55154e+006 -281.537
398021 7.55154e+006 -281.537
398021 7.55154e+006 -281.545
398021 7.55154e+006 -281.528
398021 7.55154e+006 -281.563
398021 7.55154e+006 -281.569
398021 7.55154e+006 -281.572
398021 7.55154e+006 -281.572
398021 7.55154e+006 -281.568
398021 7.55154e+006 -281.563
398021 7.55154e+006 -281.56
398021 7.55154e+006 -281.555
398021 7.55154e+006 -281.563
398021 7.55154e+006 -281.563
398021 7.55154e+006 -281.568
398021 7.55154e+006 -281.56
398021 7.55154e+006 -281.537
398021 7.55154e+006 -281.555
398021 7.55154e+006 -281.56
398021 7.55154e+006 -281.56
398021 7.55154e+006 -281.549
398021 7.55154e+006 -281.537
398021 7.55154e+006 -281.559
398021 7.55154e+006 -281.547
398021 7.55154e+006 -281.537
398021 7.55154e+006 -281.537
398021 7.55154e+006 -281.549
398021 7.55154e+006 -281.559
398021 7.55154e+006 -281.558
398021 7.55154e+006 -281.545
398021 7.55154e+006 -281.547
398021 7.55154e+006 -281.547
398021 7.55154e+006 -281.559
398021 7.55154e+006 -281.558
398021 7.55154e+006 -281.541
398021 7.55154e+006 -281.528
398021 7.55154e+006 -281.545
398021 7.55154e+006 -281.545
398021 7.55154e+006 -281.558
398021 7.55154e+006 -281.541
398021 7.55154e+006 -281.574
398021 7.55154e+006 -281.568
398021 7.55154e+006 -281.572
398021 7.55154e+006 -281.572
398021 7.55154e+006 -281.577
398021 7.55154e+006 -281.574
398021 7.55154e+006 -281.566
398021 7.55154e+006 -281.56
398021 7.55154e+006 -281.568
398021 7.55154e+006 -281.568
398021 7.55154e+006 -281.574
398021 7.55154e+006 -281.566
398021 7.55154e+006 -281.563
398021 7.55154e+006 -281.549
398021 7.55154e+006 -281.56
398021 7.55154e+006 -281.56
398021 7.55154e+006 -281.566
398021 7.55154e+006 -281.563
398021 7.55154e+006 -281.574
398021 7.55154e+006 -281.559
398021 7.55154e+006 -281.549
398021 7.55154e+006 -281.549
398021 7.55154e+006 -281.563
398021 7.55154e+006 -281.574
398021 7.55154e+006 -281.574
398021 7.55154e+006 -281.558
398021 7.55154e+006 -281.559
398021 7.55154e+006 -281.559
398021 7.55154e+006 -281.574
398021 7.55154e+006 -281.574
398021 7.55154e+006 -281.557
398021 7.55154e+006 -281.541
398021 7.55154e+006 -281.558
398021 7.55154e+006 -281.558
398021 7.55154e+006 -281.574
398021 7.55154e+006 -281.557
398021 7.55154e+006 -281.585
398021 7.55154e+006 -281.557
398021 7.55154e+006 -281.557
398021 7.55154e+006 -281.557
398021 7.55154e+006 -281.574
398021 7.55154e+006 -281.585
398021 7.55154e+006 -281.607
398021 7.55154e+006 -281.585
398021 7.55154e+006 -281.574
398021 7.55154e+006 -281.574
398021 7.55154e+006 -281.587
398021 7.55154e+006 -281.607
398021 7.55154e+006 -281.619
398021 7.55154e+006 -281.607
398021 7.55154e+006 -281.587
398021 7.55154e+006 -281.587
398021 7.55154e+006 -281.594
398021 7.55154e+006 -281.619
398021 7.55154e+006 -281.619
398021 7.55154e+006 -281.619
398021 7.55154e+006 -281.594
398021 7.55154e+006 -281.594
398021 7.55154e+006 -281.594
398021 7.55154e+006 -281.619
398021 7.55154e+006 -281.607
398021 7.55154e+006 -281.619
398021 7.55154e+006 -281.594
398021 7.55154e+006 -281.594
398021 7.55154e+006 -281.587
398021 7.55154e+006 -281.607
398021 7.55154e+006 -281.585
398021 7.55154e+006 -281.607
398021 7.55154e+006 -281.587
398021 7.55154e+006 -281.587
398021 7.55154e+006 -281.574
398021 7.55154e+006 -281.585
398021 7.55154e+006 -281.557
398021 7.55154e+006 -281.585
398021 7.55154e+006 -281.574
398021 7.55154e+006 -281.574
398021 7.55154e+006 -281.557
398021 7.55154e+006 -281.557
398021 7.55154e+006 -281.53
398021 7.55154e+006 -281.557
398021 7.55154e+006 -281.557
398021 7.55154e+006 -281.557
398021 7.55154e+006 -281.541
398021 7.55154e+006 -281.53
398021 7.55154e+006 -281.508
398021 7.55154e+006 -281.53
398021 7.55154e+006 -281.541
398021 7.55154e+006 -281.541
398021 7.55154e+006 -281.528
398021 7.55154e+006 -281.508
398021 7.55154e+006 -281.496
398021 7.55154e+006 -281.508
398021 7.55154e+006 -281.528
398021 7.55154e+006 -281.528
398021 7.55154e+006 -281.521
398021 7.55154e+006 -281.496
398021 7.55154e+006 -281.496
398021 7.55154e+006 -281.496
398021 7.55154e+006 -281.521
398021 7.55154e+006 -281.521
398021 7.55154e+006 -281.521
398021 7.55154e+006 -281.496
398021 7.55154e+006 -281.508
398021 7.55154e+006 -281.496
398021 7.55154e+006 -281.521
398021 7.55154e+006 -281.521
398021 7.55154e+006 -281.528
398021 7.55154e+006 -281.508
398021 7.55154e+006 -281.53
398021 7.55154e+006 -281.508
398021 7.55154e+006 -281.528
398021 7.55154e+006 -281.528
398021 7.55154e+006 -281.541
398021 7.55154e+006 -281.53
398021 7.55154e+006 -281.557
398021 7.55154e+006 -281.53
398021 7.55154e+006 -281.541
398021 7.55154e+006 -281.541
398021 7.55154e+006 -281.557
398021 7.55154e+006 -281.557
398021 7.55154e+006 -281.587
398021 7.55154e+006 -281.585
398021 7.55154e+006 -281.581
398021 7.55154e+006 -281.585
398021 7.55154e+006 -281.587
398021 7.55154e+006 -281.587
398021 7.55154e+006 -281.577
398021 7.55154e+006 -281.581
398021 7.55154e+006 -281.585
398021 7.55154e+006 -281.577
398021 7.55154e+006 -281.585
398021 7.55154e+006 -281.587
398021 7.55154e+006 -281.577
398021 7.55154e+006 -281.587
398021 7.55154e+006 -281.581
398021 7.55154e+006 -281.569
398021 7.55154e+006 -281.572
398021 7.55154e+006 -281.577
398021 7.55154e+006 -281.567
398021 7.55154e+006 -281.567
398021 7.55154e+006 -281.569
398021 7.55154e+006 -281.567
398021 7.55154e+006 -281.569
398021 7.55154e+006 -281.577
398021 7.55154e+006 -281.567
398021 7.55154e+006 -281.577
398021 7.55154e+006 -281.581
398021 7.55154e+006 -281.572
398021 7.55154e+006 -281.569
398021 7.55154e+006 -281.567
398021 7.55154e+006 -281.572
398021 7.55154e+006 -281.567
398021 7.55154e+006 -281.581
398021 7.55154e+006 -281.572
398021 7.55154e+006 -281.581
398021 7.55154e+006 -281.577
398021 7.55154e+006 -281.509
398021 7.55154e+006 -281.519
398021 7.55154e+006 -281.531
398021 7.55154e+006 -281.504
398021 7.55154e+006 -281.504
398021 7.55154e+006 -281.509
398021 7.55154e+006 -281.519
398021 7.55154e+006 -281.509
398021 7.55154e+006 -281.504
398021 7.55154e+006 -281.519
398021 7.55154e+006 -281.504
398021 7.55154e+006 -281.509
398021 7.55154e+006 -281.519
398021 7.55154e+006 -281.509
398021 7.55154e+006 -281.531
398021 7.55154e+006 -281.542
398021 7.55154e+006 -281.531
398021 7.55154e+006 -281.519
398021 7.55154e+006 -281.557
398021 7.55154e+006 -281.552
398021 7.55154e+006 -281.542
398021 7.55154e+006 -281.557
398021 7.55154e+006 -281.542
398021 7.55154e+006 -281.519
398021 7.55154e+006 -281.557
398021 7.55154e+006 -281.519
398021 7.55154e+006 -281.531
398021 7.55154e+006 -281.552
398021 7.55154e+006 -281.557
398021 7.55154e+006 -281.557
398021 7.55154e+006 -281.552
398021 7.55154e+006 -281.557
398021 7.55154e+006 -281.531
398021 7.55154e+006 -281.552
398021 7.55154e+006 -281.531
398021 7.55154e+006 -281.542
398021 7.55154e+006 -281.584
398021 7.55154e+006 -281.584
398021 7.55154e+006 -281.557
398021 7.55154e+006 -281.557
398021 7.55154e+006 -281.555
398021 7.55154e+006 -281.584
398021 7.55154e+006 -281.613
398021 7.55154e+006 -281.612
398021 7.55154e+006 -281.584
398021 7.55154e+006 -281.584
398021 7.55154e+006 -281.584
398021 7.55154e+006 -281.613
398021 7.55154e+006 -281.557
398021 7.55154e+006 -281.568
398021 7.55154e+006 -281.56
398021 7.55154e+006 -281.56
398021 7.55154e+006 -281.53
398021 7.55154e+006 -281.557
398021 7.55154e+006 -281.585
398021 7.55154e+006 -281.612
398021 7.55154e+006 -281.589
398021 7.55154e+006 -281.589
398021 7.55154e+006 -281.583
398021 7.55154e+006 -281.585
398021 7.55154e+006 -281.555
398021 7.55154e+006 -281.565
398021 7.55154e+006 -281.56
398021 7.55154e+006 -281.56
398021 7.55154e+006 -281.528
398021 7.55154e+006 -281.555
398021 7.55154e+006 -281.583
398021 7.55154e+006 -281.589
398021 7.55154e+006 -281.613
398021 7.55154e+006 -281.613
398021 7.55154e+006 -281.585
398021 7.55154e+006 -281.583
398021 7.55154e+006 -281.568
398021 7.55154e+006 -281.568
398021 7.55154e+006 -281.56
398021 7.55154e+006 -281.56
398021 7.55154e+006 -281.56
398021 7.55154e+006 -281.568
398021 7.55154e+006 -281.568
398021 7.55154e+006 -281.583
398021 7.55154e+006 -281.583
398021 7.55154e+006 -281.583
398021 7.55154e+006 -281.568
398021 7.55154e+006 -281.568
398021 7.55154e+006 -281.583
398021 7.55154e+006 -281.589
398021 7.55154e+006 -281.589
398021 7.55154e+006 -281.589
398021 7.55154e+006 -281.583
398021 7.55154e+006 -281.583
398021 7.55154e+006 -281.565
398021 7.55154e+006 -281.56
398021 7.55154e+006 -281.56
398021 7.55154e+006 -281.56
398021 7.55154e+006 -281.565
398021 7.55154e+006 -281.565
398021 7.55154e+006 -281.557
398021 7.55154e+006 -281.565
398021 7.55154e+006 -281.565
398021 7.55154e+006 -281.565
398021 7.55154e+006 -281.555
398021 7.55154e+006 -281.557
398021 7.55154e+006 -281.589
398021 7.55154e+006 -281.612
398021 7.55154e+006 -281.613
398021 7.55154e+006 -281.613
398021 7.55154e+006 -281.589
398021 7.55154e+006 -281.589
398021 7.55154e+006 -281.557
398021 7.55154e+006 -281.53
398021 7.55154e+006 -281.56
398021 7.55154e+006 -281.56
398021 7.55154e+006 -281.565
398021 7.55154e+006 -281.557
398021 7.55154e+006 -281.557
398021 7.55154e+006 -281.585
398021 7.55154e+006 -281.583
398021 7.55154e+006 -281.583
398021 7.55154e+006 -281.568
398021 7.55154e+006 -281.557
398021 7.55154e+006 -281.557
398021 7.55154e+006 -281.53
398021 7.55154e+006 -281.56
398021 7.55154e+006 -281.56
398021 7.55154e+006 -281.568
398021 7.55154e+006 -281.557
398021 7.55154e+006 -281.583
398021 7.55154e+006 -281.585
398021 7.55154e+006 -281.557
398021 7.55154e+006 -281.557
398021 7.55154e+006 -281.568
398021 7.55154e+006 -281.583
398021 7.55154e+006 -281.555
398021 7.55154e+006 -281.528
398021 7.55154e+006 -281.56
398021 7.55154e+006 -281.56
398021 7.55154e+006 -281.565
398021 7.55154e+006 -281.555
398021 7.55154e+006 -281.585
398021 7.55154e+006 -281.583
398021 7.55154e+006 -281.568
398021 7.55154e+006 -281.568
398021 7.55154e+006 -281.557
398021 7.55154e+006 -281.585
398021 7.55154e+006 -281.557
398021 7.55154e+006 -281.528
398021 7.55154e+006 -281.56
398021 7.55154e+006 -281.56
398021 7.55154e+006 -281.568
398021 7.55154e+006 -281.557
398021 7.55154e+006 -281.568
398021 7.55154e+006 -281.583
398021 7.55154e+006 -281.585
398021 7.55154e+006 -281.585
398021 7.55154e+006 -281.557
398021 7.55154e+006 -281.568
398021 7.55154e+006 -281.555
398021 7.55154e+006 -281.557
398021 7.55154e+006 -281.584
398021 7.55154e+006 -281.584
398021 7.55154e+006 -281.584
398021 7.55154e+006 -281.555
398021 7.55154e+006 -281.584
398021 7.55154e+006 -281.584
398021 7.55154e+006 -281.612
398021 7.55154e+006 -281.612
398021 7.55154e+006 -281.613
398021 7.55154e+006 -281.584
398021 7.55154e+006 -281.316
398021 7.55154e+006 -281.335
398021 7.55154e+006 -281.516
398021 7.55154e+006 -281.516
398021 7.55154e+006 -281.497
398021 7.55154e+006 -281.316
398021 7.55154e+006 -281.335
398021 7.55154e+006 -281.38
398021 7.55154e+006 -281.561
398021 7.55154e+006 -281.561
398021 7.55154e+006 -281.516
398021 7.55154e+006 -281.335
398021 7.55154e+006 -281.38
398021 7.55154e+006 -281.425
398021 7.55154e+006 -281.606
398021 7.55154e+006 -281.606
398021 7.55154e+006 -281.561
398021 7.55154e+006 -281.38
398021 7.55154e+006 -281.425
398021 7.55154e+006 -281.444
398021 7.55154e+006 -281.625
398021 7.55154e+006 -281.625
398021 7.55154e+006 -281.606
398021 7.55154e+006 -281.425
398021 7.55154e+006 -281.444
398021 7.55154e+006 -281.425
398021 7.55154e+006 -281.606
398021 7.55154e+006 -281.606
398021 7.55154e+006 -281.625
398021 7.55154e+006 -281.444
398021 7.55154e+006 -281.425
398021 7.55154e+006 -281.38
398021 7.55154e+006 -281.561
398021 7.55154e+006 -281.561
398021 7.55154e+006 -281.606
398021 7.55154e+006 -281.425
398021 7.55154e+006 -281.38
398021 7.55154e+006 -281.335
398021 7.55154e+006 -281.516
398021 7.55154e+006 -281.516
398021 7.55154e+006 -281.561
398021 7.55154e+006 -281.38
398021 7.55154e+006 -281.335
398021 7.55154e+006 -281.316
398021 7.55154e+006 -281.497
398021 7.55154e+006 -281.497
398021 7.55154e+006 -281.516
398021 7.55154e+006 -281.335
