405418 7.55479e+006 21.7343
405418 7.55479e+006 20.7161
405419 7.5548e+006 20.7163
405419 7.5548e+006 20.7163
405419 7.5548e+006 21.7344
405418 7.55479e+006 21.7343
405406 7.5548e+006 20.7034
405406 7.5548e+006 21.7215
405407 7.5548e+006 21.7217
405407 7.5548e+006 21.7217
405407 7.5548e+006 20.7035
405406 7.5548e+006 20.7034
405418 7.55479e+006 21.7343
405406 7.5548e+006 21.7215
405406 7.5548e+006 20.7034
405406 7.5548e+006 20.7034
405418 7.55479e+006 20.7161
405418 7.55479e+006 21.7343
405419 7.5548e+006 21.7344
405407 7.5548e+006 21.7217
405406 7.5548e+006 21.7215
405406 7.5548e+006 21.7215
405418 7.55479e+006 21.7343
405419 7.5548e+006 21.7344
405419 7.5548e+006 20.7163
405407 7.5548e+006 20.7035
405407 7.5548e+006 21.7217
405407 7.5548e+006 21.7217
405419 7.5548e+006 21.7344
405419 7.5548e+006 20.7163
