405428 7.55478e+006 24.7026
405428 7.55479e+006 24.7028
405428 7.55479e+006 24.9528
405428 7.55479e+006 24.9528
405428 7.55478e+006 24.9526
405428 7.55478e+006 24.7026
405426 7.55478e+006 24.9526
405427 7.55479e+006 24.9528
405427 7.55479e+006 24.7028
405427 7.55479e+006 24.7028
405426 7.55478e+006 24.7026
405426 7.55478e+006 24.9526
405428 7.55478e+006 24.9526
405428 7.55479e+006 24.9528
405427 7.55479e+006 24.9528
405427 7.55479e+006 24.9528
405426 7.55478e+006 24.9526
405428 7.55478e+006 24.9526
405428 7.55478e+006 24.7026
405428 7.55478e+006 24.9526
405426 7.55478e+006 24.9526
405426 7.55478e+006 24.9526
405426 7.55478e+006 24.7026
405428 7.55478e+006 24.7026
405428 7.55479e+006 24.7028
405428 7.55478e+006 24.7026
405426 7.55478e+006 24.7026
405426 7.55478e+006 24.7026
405427 7.55479e+006 24.7028
405428 7.55479e+006 24.7028
405428 7.55479e+006 24.9528
405428 7.55479e+006 24.7028
405427 7.55479e+006 24.7028
405427 7.55479e+006 24.7028
405427 7.55479e+006 24.9528
405428 7.55479e+006 24.9528
