400424 7.55247e+006 31.4421
400424 7.55248e+006 31.4421
400424 7.55248e+006 31.4283
400424 7.55248e+006 31.4283
400424 7.55247e+006 31.4283
400424 7.55247e+006 31.4421
400424 7.55248e+006 31.4421
400428 7.55248e+006 31.4421
400428 7.55248e+006 31.4283
400428 7.55248e+006 31.4283
400424 7.55248e+006 31.4283
400424 7.55248e+006 31.4421
400428 7.55248e+006 31.4421
400428 7.55247e+006 31.4421
400428 7.55247e+006 31.4283
400428 7.55247e+006 31.4283
400428 7.55248e+006 31.4283
400428 7.55248e+006 31.4421
400428 7.55247e+006 31.4421
400424 7.55247e+006 31.4421
400424 7.55247e+006 31.4283
400424 7.55247e+006 31.4283
400428 7.55247e+006 31.4283
400428 7.55247e+006 31.4421
400428 7.55248e+006 31.4283
400428 7.55247e+006 31.4283
400424 7.55247e+006 31.4283
400424 7.55247e+006 31.4283
400424 7.55248e+006 31.4283
400428 7.55248e+006 31.4283
400423 7.55246e+006 26.742
400423 7.55246e+006 26.742
400423 7.55246e+006 26.732
400423 7.55246e+006 26.732
400423 7.55246e+006 26.732
400423 7.55246e+006 26.742
400423 7.55246e+006 26.742
400425 7.55246e+006 26.742
400425 7.55246e+006 26.732
400425 7.55246e+006 26.732
400423 7.55246e+006 26.732
400423 7.55246e+006 26.742
400425 7.55246e+006 26.742
400425 7.55246e+006 26.742
400425 7.55246e+006 26.732
400425 7.55246e+006 26.732
400425 7.55246e+006 26.732
400425 7.55246e+006 26.742
400425 7.55246e+006 26.742
400423 7.55246e+006 26.742
400423 7.55246e+006 26.732
400423 7.55246e+006 26.732
400425 7.55246e+006 26.732
400425 7.55246e+006 26.742
400425 7.55246e+006 26.732
400425 7.55246e+006 26.732
400423 7.55246e+006 26.732
400423 7.55246e+006 26.732
400423 7.55246e+006 26.732
400425 7.55246e+006 26.732
400423 7.55246e+006 31.4361
400423 7.55247e+006 31.4361
400423 7.55247e+006 31.4037
400423 7.55247e+006 31.4037
400423 7.55246e+006 31.4037
400423 7.55246e+006 31.4361
400427 7.55246e+006 31.4361
400427 7.55246e+006 31.4361
400427 7.55246e+006 31.4038
400427 7.55246e+006 31.4038
400427 7.55246e+006 31.4037
400427 7.55246e+006 31.4361
400427 7.55246e+006 31.4361
400423 7.55246e+006 31.4361
400423 7.55246e+006 31.4037
400423 7.55246e+006 31.4037
400427 7.55246e+006 31.4038
400427 7.55246e+006 31.4361
400423 7.55247e+006 31.4361
400426 7.55247e+006 31.4361
400426 7.55247e+006 31.4037
400426 7.55247e+006 31.4037
400423 7.55247e+006 31.4037
400423 7.55247e+006 31.4361
400426 7.55246e+006 31.4361
400427 7.55246e+006 31.4361
400427 7.55246e+006 31.4037
400427 7.55246e+006 31.4037
400426 7.55246e+006 31.4037
400426 7.55246e+006 31.4361
400426 7.55247e+006 31.4361
400426 7.55246e+006 31.4361
400426 7.55246e+006 31.4037
400426 7.55246e+006 31.4037
400426 7.55247e+006 31.4037
400426 7.55247e+006 31.4361
400423 7.55247e+006 31.4037
400426 7.55247e+006 31.4037
400426 7.55246e+006 31.4037
400426 7.55246e+006 31.4037
400427 7.55246e+006 31.4037
400427 7.55246e+006 31.4038
400423 7.55247e+006 31.4037
400426 7.55246e+006 31.4037
400427 7.55246e+006 31.4038
400423 7.55247e+006 31.4037
400427 7.55246e+006 31.4038
400423 7.55246e+006 31.4037
400433 7.55246e+006 23.3054
400433 7.55246e+006 23.3054
400436 7.55246e+006 23.3054
400436 7.55246e+006 23.3054
400436 7.55246e+006 23.3054
400433 7.55246e+006 23.3054
400433 7.55246e+006 23.3054
400436 7.55246e+006 23.3054
400436 7.55246e+006 23.3261
400436 7.55246e+006 23.3261
400433 7.55246e+006 23.3261
400433 7.55246e+006 23.3054
400436 7.55246e+006 23.3054
400436 7.55246e+006 23.3054
400436 7.55246e+006 23.3261
400436 7.55246e+006 23.3261
400436 7.55246e+006 23.3261
400436 7.55246e+006 23.3054
400436 7.55246e+006 23.3054
400433 7.55246e+006 23.3054
400433 7.55246e+006 23.3261
400433 7.55246e+006 23.3261
400436 7.55246e+006 23.3261
400436 7.55246e+006 23.3054
400433 7.55246e+006 23.3054
400433 7.55246e+006 23.3054
400433 7.55246e+006 23.3261
400433 7.55246e+006 23.3261
400433 7.55246e+006 23.3261
400433 7.55246e+006 23.3054
400433 7.55246e+006 23.3054
400433 7.55247e+006 23.3054
400436 7.55247e+006 23.3054
400436 7.55247e+006 23.3054
400436 7.55246e+006 23.3054
400433 7.55246e+006 23.3054
400433 7.55246e+006 23.3054
400436 7.55246e+006 23.3054
400436 7.55246e+006 23.3261
400436 7.55246e+006 23.3261
400433 7.55246e+006 23.3261
400433 7.55246e+006 23.3054
400436 7.55246e+006 23.3054
400436 7.55247e+006 23.3054
400436 7.55247e+006 23.3261
400436 7.55247e+006 23.3261
400436 7.55246e+006 23.3261
400436 7.55246e+006 23.3054
400436 7.55247e+006 23.3054
400433 7.55247e+006 23.3054
400433 7.55247e+006 23.3261
400433 7.55247e+006 23.3261
400436 7.55247e+006 23.3261
400436 7.55247e+006 23.3054
400433 7.55247e+006 23.3054
400433 7.55246e+006 23.3054
400433 7.55246e+006 23.3261
400433 7.55246e+006 23.3261
400433 7.55247e+006 23.3261
400433 7.55247e+006 23.3054
400430 7.55246e+006 23.3054
400430 7.55246e+006 23.3054
400433 7.55246e+006 23.3054
400433 7.55246e+006 23.3054
400433 7.55246e+006 23.3054
400430 7.55246e+006 23.3054
400430 7.55246e+006 23.3054
400433 7.55246e+006 23.3054
400433 7.55246e+006 23.3261
400433 7.55246e+006 23.3261
400430 7.55246e+006 23.3261
400430 7.55246e+006 23.3054
400433 7.55246e+006 23.3054
400433 7.55246e+006 23.3054
400433 7.55246e+006 23.3261
400433 7.55246e+006 23.3261
400433 7.55246e+006 23.3261
400433 7.55246e+006 23.3054
400433 7.55246e+006 23.3054
400430 7.55246e+006 23.3054
400430 7.55246e+006 23.3261
400430 7.55246e+006 23.3261
400433 7.55246e+006 23.3261
400433 7.55246e+006 23.3054
400430 7.55246e+006 23.3054
400430 7.55246e+006 23.3054
400430 7.55246e+006 23.3261
400430 7.55246e+006 23.3261
400430 7.55246e+006 23.3261
400430 7.55246e+006 23.3054
400433 7.55247e+006 23.3054
400433 7.55247e+006 23.3054
400436 7.55247e+006 23.3054
400436 7.55247e+006 23.3054
400436 7.55247e+006 23.3054
400433 7.55247e+006 23.3054
400433 7.55247e+006 23.3054
400436 7.55247e+006 23.3054
400436 7.55247e+006 23.3261
400436 7.55247e+006 23.3261
400433 7.55247e+006 23.3261
400433 7.55247e+006 23.3054
400436 7.55247e+006 23.3054
400436 7.55247e+006 23.3054
400436 7.55247e+006 23.3261
400436 7.55247e+006 23.3261
400436 7.55247e+006 23.3261
400436 7.55247e+006 23.3054
400436 7.55247e+006 23.3054
400433 7.55247e+006 23.3054
400433 7.55247e+006 23.3261
400433 7.55247e+006 23.3261
400436 7.55247e+006 23.3261
400436 7.55247e+006 23.3054
400433 7.55247e+006 23.3054
400433 7.55247e+006 23.3054
400433 7.55247e+006 23.3261
400433 7.55247e+006 23.3261
400433 7.55247e+006 23.3261
400433 7.55247e+006 23.3054
400433 7.55247e+006 23.3054
400433 7.55247e+006 23.3054
400436 7.55247e+006 23.3054
400436 7.55247e+006 23.3054
400436 7.55247e+006 23.3054
400433 7.55247e+006 23.3054
400433 7.55247e+006 23.3054
400436 7.55247e+006 23.3054
400436 7.55247e+006 23.3261
400436 7.55247e+006 23.3261
400433 7.55247e+006 23.3261
400433 7.55247e+006 23.3054
400436 7.55247e+006 23.3054
400436 7.55247e+006 23.3054
400436 7.55247e+006 23.3261
400436 7.55247e+006 23.3261
400436 7.55247e+006 23.3261
400436 7.55247e+006 23.3054
400436 7.55247e+006 23.3054
400433 7.55247e+006 23.3054
400433 7.55247e+006 23.3261
400433 7.55247e+006 23.3261
400436 7.55247e+006 23.3261
400436 7.55247e+006 23.3054
400433 7.55247e+006 23.3054
400433 7.55247e+006 23.3054
400433 7.55247e+006 23.3261
400433 7.55247e+006 23.3261
400433 7.55247e+006 23.3261
400433 7.55247e+006 23.3054
400430 7.55247e+006 23.3054
400430 7.55247e+006 23.3054
400433 7.55247e+006 23.3054
400433 7.55247e+006 23.3054
400433 7.55247e+006 23.3054
400430 7.55247e+006 23.3054
400430 7.55247e+006 23.3054
400433 7.55247e+006 23.3054
400433 7.55247e+006 23.3261
400433 7.55247e+006 23.3261
400430 7.55247e+006 23.3261
400430 7.55247e+006 23.3054
400433 7.55247e+006 23.3054
400433 7.55247e+006 23.3054
400433 7.55247e+006 23.3261
400433 7.55247e+006 23.3261
400433 7.55247e+006 23.3261
400433 7.55247e+006 23.3054
400433 7.55247e+006 23.3054
400430 7.55247e+006 23.3054
400430 7.55247e+006 23.3261
400430 7.55247e+006 23.3261
400433 7.55247e+006 23.3261
400433 7.55247e+006 23.3054
400430 7.55247e+006 23.3054
400430 7.55247e+006 23.3054
400430 7.55247e+006 23.3261
400430 7.55247e+006 23.3261
400430 7.55247e+006 23.3261
400430 7.55247e+006 23.3054
400440 7.55247e+006 34.7868
400450 7.55247e+006 34.7868
400450 7.55247e+006 34.7279
400450 7.55247e+006 34.7279
400440 7.55247e+006 34.7279
400440 7.55247e+006 34.7868
400450 7.55246e+006 34.7868
400450 7.55246e+006 34.7279
400450 7.55246e+006 34.7279
400450 7.55246e+006 34.7279
400450 7.55246e+006 34.7868
400450 7.55246e+006 34.7868
400450 7.55246e+006 34.7868
400440 7.55246e+006 34.7868
400440 7.55246e+006 34.7279
400440 7.55246e+006 34.7279
400450 7.55246e+006 34.7279
400450 7.55246e+006 34.7868
400450 7.55246e+006 34.7279
400440 7.55246e+006 34.7279
400440 7.55246e+006 34.7279
400440 7.55246e+006 34.7279
400450 7.55246e+006 34.7279
400450 7.55246e+006 34.7279
400450 7.55246e+006 34.7868
400450 7.55246e+006 34.7279
400450 7.55246e+006 34.7279
400450 7.55246e+006 34.7279
400450 7.55246e+006 34.7868
400450 7.55246e+006 34.7868
400450 7.55247e+006 34.7279
400450 7.55247e+006 34.7868
400450 7.55246e+006 34.7868
400450 7.55246e+006 34.7868
400450 7.55246e+006 34.7279
400450 7.55247e+006 34.7279
400450 7.55246e+006 34.7279
400440 7.55246e+006 34.7279
400440 7.55246e+006 34.7279
400440 7.55246e+006 34.7279
400450 7.55246e+006 34.7279
400450 7.55246e+006 34.7279
400440 7.55247e+006 34.7279
400450 7.55247e+006 34.7279
400450 7.55246e+006 34.7279
400450 7.55246e+006 34.7279
400440 7.55246e+006 34.7279
400440 7.55247e+006 34.7279
400440 7.55246e+006 34.7868
400440 7.55246e+006 34.7279
400437 7.55246e+006 34.7279
400437 7.55246e+006 34.7279
400437 7.55246e+006 34.7868
400440 7.55246e+006 34.7868
400440 7.55246e+006 34.7279
400440 7.55246e+006 34.7279
400437 7.55246e+006 34.7279
400437 7.55246e+006 34.7279
400437 7.55246e+006 34.7279
400440 7.55246e+006 34.7279
400440 7.55246e+006 34.7279
400440 7.55246e+006 34.7868
400437 7.55246e+006 34.7868
400437 7.55246e+006 34.7868
400437 7.55246e+006 34.7279
400440 7.55246e+006 34.7279
400437 7.55247e+006 34.7868
400437 7.55247e+006 34.7279
400437 7.55247e+006 34.7279
400437 7.55247e+006 34.7279
400437 7.55247e+006 34.7868
400437 7.55247e+006 34.7868
400440 7.55247e+006 34.7868
400450 7.55247e+006 34.7868
400450 7.55247e+006 34.7279
400450 7.55247e+006 34.7279
400440 7.55247e+006 34.7279
400440 7.55247e+006 34.7868
400450 7.55247e+006 34.7868
400450 7.55247e+006 34.7279
400450 7.55247e+006 34.7279
400450 7.55247e+006 34.7279
400450 7.55247e+006 34.7868
400450 7.55247e+006 34.7868
400450 7.55247e+006 34.7868
400440 7.55247e+006 34.7868
400440 7.55247e+006 34.7279
400440 7.55247e+006 34.7279
400450 7.55247e+006 34.7279
400450 7.55247e+006 34.7868
400450 7.55247e+006 34.7279
400440 7.55247e+006 34.7279
400440 7.55247e+006 34.7279
400440 7.55247e+006 34.7279
400450 7.55247e+006 34.7279
400450 7.55247e+006 34.7279
400450 7.55247e+006 34.7868
400450 7.55247e+006 34.7279
400450 7.55247e+006 34.7279
400450 7.55247e+006 34.7279
400450 7.55247e+006 34.7868
400450 7.55247e+006 34.7868
400450 7.55247e+006 34.7279
400450 7.55247e+006 34.7868
400450 7.55247e+006 34.7868
400450 7.55247e+006 34.7868
400450 7.55247e+006 34.7279
400450 7.55247e+006 34.7279
400450 7.55247e+006 34.7279
400440 7.55247e+006 34.7279
400440 7.55247e+006 34.7279
400440 7.55247e+006 34.7279
400450 7.55247e+006 34.7279
400450 7.55247e+006 34.7279
400440 7.55247e+006 34.7279
400450 7.55247e+006 34.7279
400450 7.55247e+006 34.7279
400450 7.55247e+006 34.7279
400440 7.55247e+006 34.7279
400440 7.55247e+006 34.7279
400440 7.55247e+006 34.7868
400440 7.55247e+006 34.7279
400437 7.55247e+006 34.7279
400437 7.55247e+006 34.7279
400437 7.55247e+006 34.7868
400440 7.55247e+006 34.7868
400440 7.55247e+006 34.7279
400440 7.55247e+006 34.7279
400437 7.55247e+006 34.7279
400437 7.55247e+006 34.7279
400437 7.55247e+006 34.7279
400440 7.55247e+006 34.7279
400440 7.55247e+006 34.7279
400440 7.55247e+006 34.7868
400437 7.55247e+006 34.7868
400437 7.55247e+006 34.7868
400437 7.55247e+006 34.7279
400440 7.55247e+006 34.7279
