405423 7.55479e+006 24.1828
405423 7.55479e+006 24.1829
405423 7.55479e+006 21.8521
405423 7.55479e+006 21.8521
405423 7.55479e+006 21.852
405423 7.55479e+006 24.1828
405420 7.55479e+006 21.8493
405420 7.55479e+006 21.8493
405420 7.55479e+006 24.1801
405420 7.55479e+006 24.1801
405420 7.55479e+006 24.1801
405420 7.55479e+006 21.8493
405423 7.55479e+006 24.1828
405423 7.55479e+006 21.852
405420 7.55479e+006 21.8493
405420 7.55479e+006 21.8493
405420 7.55479e+006 24.1801
405423 7.55479e+006 24.1828
405423 7.55479e+006 24.1829
405423 7.55479e+006 24.1828
405420 7.55479e+006 24.1801
405420 7.55479e+006 24.1801
405420 7.55479e+006 24.1801
405423 7.55479e+006 24.1829
405423 7.55479e+006 21.8521
405423 7.55479e+006 24.1829
405420 7.55479e+006 24.1801
405420 7.55479e+006 24.1801
405420 7.55479e+006 21.8493
405423 7.55479e+006 21.8521
