400502 7.55246e+006 35.0864
400502 7.55246e+006 35.0864
400505 7.55246e+006 35.0864
400502 7.55246e+006 35.0864
400502 7.55246e+006 35.0864
400505 7.55246e+006 35.0864
400502 7.55246e+006 35.0864
400502 7.55246e+006 35.0864
400505 7.55246e+006 35.0864
400502 7.55246e+006 35.0864
400505 7.55246e+006 35.0864
400505 7.55246e+006 35.0864
400502 7.55246e+006 35.0864
400505 7.55246e+006 35.0864
400505 7.55246e+006 35.0956
400505 7.55246e+006 35.0956
400502 7.55246e+006 35.0956
400502 7.55246e+006 35.0864
400505 7.55246e+006 35.0864
400505 7.55246e+006 35.0864
400505 7.55246e+006 35.0956
400505 7.55246e+006 35.0956
400505 7.55246e+006 35.0956
400505 7.55246e+006 35.0864
400505 7.55246e+006 35.0864
400502 7.55246e+006 35.0864
400502 7.55246e+006 35.0956
400502 7.55246e+006 35.0956
400505 7.55246e+006 35.0956
400505 7.55246e+006 35.0864
400502 7.55246e+006 35.0864
400502 7.55246e+006 35.0956
400502 7.55246e+006 35.0956
400502 7.55246e+006 35.0956
400502 7.55246e+006 35.0864
400502 7.55246e+006 35.0864
400502 7.55246e+006 35.0956
400502 7.55246e+006 35.0864
400502 7.55246e+006 35.0864
400502 7.55246e+006 35.0864
400502 7.55246e+006 35.0956
400502 7.55246e+006 35.0956
400502 7.55246e+006 35.0864
400502 7.55246e+006 35.0864
400500 7.55246e+006 35.0864
400502 7.55246e+006 35.0864
400500 7.55246e+006 35.0864
400500 7.55246e+006 35.0864
400502 7.55246e+006 35.0864
400500 7.55246e+006 35.0864
400501 7.55246e+006 35.0864
400502 7.55246e+006 35.0956
400500 7.55246e+006 35.0956
400500 7.55246e+006 35.0864
400500 7.55246e+006 35.0864
400502 7.55246e+006 35.0864
400502 7.55246e+006 35.0956
400502 7.55246e+006 35.0956
400502 7.55246e+006 35.0864
400501 7.55246e+006 35.0864
400501 7.55246e+006 35.0864
400501 7.55246e+006 35.0956
400502 7.55246e+006 35.0956
400500 7.55246e+006 35.0955
400500 7.55246e+006 35.0863
400500 7.55246e+006 35.0863
400500 7.55246e+006 35.0863
400500 7.55246e+006 35.0955
400500 7.55246e+006 35.0955
400500 7.55246e+006 35.0956
400500 7.55246e+006 35.0864
400500 7.55246e+006 35.0863
400500 7.55246e+006 35.0863
400500 7.55246e+006 35.0955
400500 7.55246e+006 35.0956
400500 7.55246e+006 35.0864
400500 7.55246e+006 35.0864
400500 7.55246e+006 35.0863
400500 7.55246e+006 35.0863
400500 7.55246e+006 35.0863
400500 7.55246e+006 35.0864
400500 7.55246e+006 35.0864
400500 7.55246e+006 35.0956
400500 7.55246e+006 35.0955
400500 7.55246e+006 35.0955
400500 7.55246e+006 35.0863
400500 7.55246e+006 35.0864
400501 7.55246e+006 35.0864
400500 7.55246e+006 35.0864
400500 7.55247e+006 35.0864
400500 7.55247e+006 35.0864
400501 7.55246e+006 35.0864
400501 7.55246e+006 35.0864
400500 7.55246e+006 35.0864
400500 7.55246e+006 35.0956
400500 7.55247e+006 35.0956
400500 7.55247e+006 35.0956
400500 7.55247e+006 35.0864
400500 7.55246e+006 35.0864
400501 7.55246e+006 35.0956
400501 7.55246e+006 35.0864
400501 7.55246e+006 35.0864
400501 7.55246e+006 35.0864
400501 7.55246e+006 35.0956
400501 7.55246e+006 35.0956
400501 7.55246e+006 35.0864
400500 7.55247e+006 35.0864
400507 7.55247e+006 35.0864
400507 7.55247e+006 35.0864
400507 7.55246e+006 35.0864
400501 7.55246e+006 35.0864
400500 7.55247e+006 35.0864
400500 7.55247e+006 35.0956
400507 7.55247e+006 35.0956
400507 7.55247e+006 35.0956
400507 7.55247e+006 35.0864
400500 7.55247e+006 35.0864
400501 7.55246e+006 35.0956
400501 7.55246e+006 35.0864
400507 7.55246e+006 35.0864
400507 7.55246e+006 35.0864
400507 7.55246e+006 35.0956
400501 7.55246e+006 35.0956
400507 7.55247e+006 35.0956
400507 7.55246e+006 35.0956
400507 7.55246e+006 35.0864
400507 7.55246e+006 35.0864
400507 7.55247e+006 35.0864
400507 7.55247e+006 35.0956
400502 7.55247e+006 35.0853
400502 7.55247e+006 35.0853
400505 7.55247e+006 35.0853
400502 7.55247e+006 35.0853
400502 7.55247e+006 35.0853
400505 7.55247e+006 35.0853
400502 7.55247e+006 35.0853
400505 7.55247e+006 35.0853
400505 7.55247e+006 35.0853
400502 7.55247e+006 35.0853
400505 7.55247e+006 35.0853
400505 7.55247e+006 35.0948
400505 7.55247e+006 35.0948
400502 7.55247e+006 35.0948
400502 7.55247e+006 35.0853
400505 7.55247e+006 35.0853
400505 7.55247e+006 35.0853
400505 7.55247e+006 35.0948
400505 7.55247e+006 35.0948
400505 7.55247e+006 35.0948
400505 7.55247e+006 35.0853
400505 7.55247e+006 35.0853
400502 7.55247e+006 35.0853
400502 7.55247e+006 35.0948
400502 7.55247e+006 35.0948
400505 7.55247e+006 35.0948
400505 7.55247e+006 35.0853
400502 7.55247e+006 35.0853
400502 7.55247e+006 35.0948
400502 7.55247e+006 35.0948
400502 7.55247e+006 35.0948
400502 7.55247e+006 35.0853
400502 7.55247e+006 35.0853
400502 7.55247e+006 35.0853
400502 7.55247e+006 35.0853
400500 7.55247e+006 35.0853
400500 7.55247e+006 35.0853
400501 7.55247e+006 35.0853
400502 7.55247e+006 35.0853
400502 7.55247e+006 35.0853
400502 7.55247e+006 35.0948
400500 7.55247e+006 35.0948
400500 7.55247e+006 35.0948
400500 7.55247e+006 35.0853
400502 7.55247e+006 35.0853
400502 7.55247e+006 35.0948
400502 7.55247e+006 35.0853
400501 7.55247e+006 35.0853
400501 7.55247e+006 35.0853
400501 7.55247e+006 35.0948
400502 7.55247e+006 35.0948
400501 7.55247e+006 35.0853
400500 7.55247e+006 35.0853
400500 7.55247e+006 35.0853
400500 7.55247e+006 35.0853
400501 7.55247e+006 35.0853
400501 7.55247e+006 35.0853
400500 7.55247e+006 35.0853
400500 7.55247e+006 35.0948
400500 7.55247e+006 35.0948
400500 7.55247e+006 35.0948
400500 7.55247e+006 35.0853
400500 7.55247e+006 35.0853
400501 7.55247e+006 35.0948
400501 7.55247e+006 35.0853
400501 7.55247e+006 35.0853
400501 7.55247e+006 35.0853
400501 7.55247e+006 35.0948
400501 7.55247e+006 35.0948
400501 7.55247e+006 35.0853
400500 7.55247e+006 35.0853
400507 7.55247e+006 35.0853
400507 7.55247e+006 35.0853
400507 7.55247e+006 35.0853
400501 7.55247e+006 35.0853
400500 7.55247e+006 35.0853
400500 7.55247e+006 35.0948
400507 7.55247e+006 35.0948
400507 7.55247e+006 35.0948
400507 7.55247e+006 35.0853
400500 7.55247e+006 35.0853
400501 7.55247e+006 35.0948
400501 7.55247e+006 35.0853
400507 7.55247e+006 35.0853
400507 7.55247e+006 35.0853
400507 7.55247e+006 35.0948
400501 7.55247e+006 35.0948
400507 7.55247e+006 35.0948
400507 7.55247e+006 35.0948
400507 7.55247e+006 35.0853
400507 7.55247e+006 35.0853
400507 7.55247e+006 35.0853
400507 7.55247e+006 35.0948
400516 7.55247e+006 26.5015
400516 7.55247e+006 26.5015
400516 7.55247e+006 26.5015
400513 7.55247e+006 26.5015
400516 7.55247e+006 26.5015
400516 7.55247e+006 26.5015
400513 7.55247e+006 26.5015
400516 7.55247e+006 26.5015
400513 7.55247e+006 26.5015
400513 7.55247e+006 26.5015
400513 7.55247e+006 26.5015
400513 7.55247e+006 26.5015
400513 7.55247e+006 26.5015
400513 7.55247e+006 26.5104
400516 7.55247e+006 26.5104
400516 7.55247e+006 26.5104
400516 7.55247e+006 26.5015
400513 7.55247e+006 26.5015
400513 7.55247e+006 26.5015
400513 7.55247e+006 26.5015
400513 7.55247e+006 26.5104
400513 7.55247e+006 26.5104
400513 7.55247e+006 26.5104
400513 7.55247e+006 26.5015
400516 7.55247e+006 26.5104
400516 7.55247e+006 26.5104
400516 7.55247e+006 26.5015
400516 7.55247e+006 26.5015
400516 7.55247e+006 26.5015
400516 7.55247e+006 26.5104
400513 7.55247e+006 26.5104
400513 7.55247e+006 26.5104
400513 7.55247e+006 26.5015
400513 7.55247e+006 26.5015
400513 7.55247e+006 26.5015
400513 7.55247e+006 26.5104
400516 7.55247e+006 26.5104
400516 7.55247e+006 26.5015
400516 7.55247e+006 26.5015
400516 7.55247e+006 26.5015
400516 7.55247e+006 26.5104
400516 7.55247e+006 26.5104
400516 7.55247e+006 26.5104
400516 7.55247e+006 26.5015
400516 7.55247e+006 26.5015
400516 7.55247e+006 26.5015
400516 7.55247e+006 26.5104
400516 7.55247e+006 26.5104
400516 7.55247e+006 26.5015
400516 7.55247e+006 26.5015
400516 7.55247e+006 26.5015
400516 7.55247e+006 26.5015
400516 7.55247e+006 26.5015
400516 7.55247e+006 26.5015
400516 7.55247e+006 26.5015
400516 7.55247e+006 26.5104
400516 7.55247e+006 26.5104
400516 7.55247e+006 26.5104
400516 7.55247e+006 26.5015
400516 7.55247e+006 26.5015
400516 7.55247e+006 26.5015
400516 7.55247e+006 26.5104
400513 7.55247e+006 26.5104
400513 7.55247e+006 26.5104
400513 7.55247e+006 26.5015
400516 7.55247e+006 26.5015
400516 7.55247e+006 26.5015
400516 7.55247e+006 26.5104
400516 7.55247e+006 26.5104
400516 7.55247e+006 26.5104
400516 7.55247e+006 26.5015
400516 7.55247e+006 26.5015
400513 7.55247e+006 26.5104
400513 7.55247e+006 26.5015
400513 7.55247e+006 26.5015
400513 7.55247e+006 26.5015
400513 7.55247e+006 26.5104
400513 7.55247e+006 26.5104
400513 7.55247e+006 26.5015
400516 7.55247e+006 26.5015
400516 7.55247e+006 26.5015
400516 7.55247e+006 26.5015
400513 7.55247e+006 26.5015
400513 7.55247e+006 26.5015
400516 7.55247e+006 26.5015
400516 7.55247e+006 26.5104
400516 7.55247e+006 26.5104
400516 7.55247e+006 26.5104
400516 7.55247e+006 26.5015
400516 7.55247e+006 26.5015
400513 7.55247e+006 26.5104
400513 7.55247e+006 26.5015
400513 7.55247e+006 26.5015
400513 7.55247e+006 26.5015
400513 7.55247e+006 26.5104
400513 7.55247e+006 26.5104
400513 7.55247e+006 26.5015
400516 7.55247e+006 26.5015
400516 7.55247e+006 26.5015
400516 7.55247e+006 26.5015
400513 7.55247e+006 26.5015
400513 7.55247e+006 26.5015
400516 7.55247e+006 26.5015
400516 7.55247e+006 26.5104
400516 7.55247e+006 26.5104
400516 7.55247e+006 26.5104
400516 7.55247e+006 26.5015
400516 7.55247e+006 26.5015
400516 7.55247e+006 26.5104
400516 7.55247e+006 26.5015
400516 7.55247e+006 26.5015
400516 7.55247e+006 26.5015
400516 7.55247e+006 26.5104
400516 7.55247e+006 26.5104
400516 7.55247e+006 26.5015
400516 7.55247e+006 26.5015
400516 7.55247e+006 26.5015
400516 7.55247e+006 26.5015
400516 7.55247e+006 26.5015
400516 7.55247e+006 26.5015
400513 7.55247e+006 26.5104
400513 7.55247e+006 26.5015
400513 7.55247e+006 26.5015
400513 7.55247e+006 26.5015
400513 7.55247e+006 26.5104
400513 7.55247e+006 26.5104
400513 7.55247e+006 26.5015
400513 7.55247e+006 26.5015
400513 7.55247e+006 26.5015
400513 7.55247e+006 26.5015
400513 7.55247e+006 26.5015
400513 7.55247e+006 26.5015
400513 7.55247e+006 26.5015
400513 7.55247e+006 26.5104
400513 7.55247e+006 26.5104
400513 7.55247e+006 26.5104
400513 7.55247e+006 26.5015
400513 7.55247e+006 26.5015
400513 7.55246e+006 26.5115
400513 7.55246e+006 26.5026
400516 7.55246e+006 26.5026
400516 7.55246e+006 26.5026
400516 7.55246e+006 26.5115
400513 7.55246e+006 26.5115
400516 7.55246e+006 26.5026
400516 7.55246e+006 26.5026
400516 7.55246e+006 26.5026
400513 7.55246e+006 26.5026
400516 7.55246e+006 26.5026
400516 7.55246e+006 26.5026
400513 7.55246e+006 26.5026
400513 7.55246e+006 26.5026
400516 7.55246e+006 26.5026
400513 7.55246e+006 26.5026
400513 7.55246e+006 26.5026
400516 7.55246e+006 26.5026
400513 7.55246e+006 26.5115
400513 7.55246e+006 26.5115
400513 7.55246e+006 26.5026
400513 7.55246e+006 26.5026
400513 7.55246e+006 26.5026
400513 7.55246e+006 26.5115
400516 7.55246e+006 26.5026
400516 7.55246e+006 26.5026
400516 7.55246e+006 26.5115
400516 7.55246e+006 26.5115
400516 7.55246e+006 26.5115
400516 7.55246e+006 26.5026
400513 7.55246e+006 26.5026
400513 7.55246e+006 26.5026
400513 7.55246e+006 26.5115
400513 7.55246e+006 26.5115
400513 7.55246e+006 26.5115
400513 7.55246e+006 26.5026
400516 7.55246e+006 26.5026
400516 7.55246e+006 26.5115
400516 7.55246e+006 26.5115
400516 7.55246e+006 26.5115
400516 7.55246e+006 26.5026
400516 7.55246e+006 26.5026
400516 7.55246e+006 26.5026
400516 7.55246e+006 26.5026
400516 7.55246e+006 26.5026
400516 7.55246e+006 26.5026
400516 7.55246e+006 26.5026
400516 7.55246e+006 26.5026
400516 7.55246e+006 26.5026
400516 7.55246e+006 26.5115
400516 7.55246e+006 26.5115
400516 7.55246e+006 26.5115
400516 7.55246e+006 26.5026
400516 7.55246e+006 26.5026
400516 7.55246e+006 26.5115
400516 7.55246e+006 26.5026
400516 7.55246e+006 26.5026
400516 7.55246e+006 26.5026
400516 7.55246e+006 26.5115
400516 7.55246e+006 26.5115
400516 7.55246e+006 26.5115
400516 7.55246e+006 26.5026
400513 7.55246e+006 26.5026
400513 7.55246e+006 26.5026
400513 7.55246e+006 26.5115
400516 7.55246e+006 26.5115
400516 7.55246e+006 26.5115
400516 7.55246e+006 26.5026
400516 7.55246e+006 26.5026
400516 7.55246e+006 26.5026
400516 7.55246e+006 26.5115
400516 7.55246e+006 26.5115
400516 7.55246e+006 26.5026
400513 7.55246e+006 26.5026
400513 7.55246e+006 26.5026
400513 7.55246e+006 26.5026
400516 7.55246e+006 26.5026
400516 7.55246e+006 26.5026
400513 7.55246e+006 26.5026
400513 7.55246e+006 26.5115
400513 7.55246e+006 26.5115
400513 7.55246e+006 26.5115
400513 7.55246e+006 26.5026
400513 7.55246e+006 26.5026
400516 7.55246e+006 26.5115
400516 7.55246e+006 26.5026
400516 7.55246e+006 26.5026
400516 7.55246e+006 26.5026
400516 7.55246e+006 26.5115
400516 7.55246e+006 26.5115
400516 7.55246e+006 26.5026
400513 7.55246e+006 26.5026
400513 7.55246e+006 26.5026
400513 7.55246e+006 26.5026
400516 7.55246e+006 26.5026
400516 7.55246e+006 26.5026
400513 7.55246e+006 26.5026
400513 7.55246e+006 26.5115
400513 7.55246e+006 26.5115
400513 7.55246e+006 26.5115
400513 7.55246e+006 26.5026
400513 7.55246e+006 26.5026
400516 7.55246e+006 26.5115
400516 7.55246e+006 26.5026
400516 7.55246e+006 26.5026
400516 7.55246e+006 26.5026
400516 7.55246e+006 26.5115
400516 7.55246e+006 26.5115
400516 7.55246e+006 26.5026
400516 7.55246e+006 26.5026
400516 7.55246e+006 26.5026
400516 7.55246e+006 26.5026
400516 7.55246e+006 26.5026
400516 7.55246e+006 26.5026
400516 7.55246e+006 26.5026
400516 7.55246e+006 26.5115
400516 7.55246e+006 26.5115
400516 7.55246e+006 26.5115
400516 7.55246e+006 26.5026
400516 7.55246e+006 26.5026
400513 7.55246e+006 26.5026
400513 7.55246e+006 26.5115
400513 7.55246e+006 26.5115
400513 7.55246e+006 26.5115
400513 7.55246e+006 26.5026
400513 7.55246e+006 26.5026
400513 7.55246e+006 26.5115
400513 7.55246e+006 26.5026
400513 7.55246e+006 26.5026
400513 7.55246e+006 26.5026
400513 7.55246e+006 26.5115
400513 7.55246e+006 26.5115
400513 7.55246e+006 26.5026
400513 7.55246e+006 26.5026
400513 7.55246e+006 26.5026
400513 7.55246e+006 26.5026
400513 7.55246e+006 26.5026
400513 7.55246e+006 26.5026
400502 7.55245e+006 35.1073
400505 7.55245e+006 35.1073
400505 7.55245e+006 35.1073
400505 7.55245e+006 35.1073
400502 7.55245e+006 35.1073
400502 7.55245e+006 35.1073
400505 7.55245e+006 35.1073
400502 7.55245e+006 35.1073
400502 7.55245e+006 35.1073
400502 7.55245e+006 35.1073
400505 7.55245e+006 35.1073
400502 7.55245e+006 35.1073
400502 7.55245e+006 35.1073
400502 7.55245e+006 35.1165
400505 7.55245e+006 35.1165
400505 7.55245e+006 35.1165
400505 7.55245e+006 35.1073
400502 7.55245e+006 35.1073
400505 7.55245e+006 35.1073
400505 7.55245e+006 35.1165
400505 7.55245e+006 35.1165
400505 7.55245e+006 35.1165
400505 7.55245e+006 35.1073
400505 7.55245e+006 35.1073
400505 7.55245e+006 35.1073
400505 7.55245e+006 35.1165
400502 7.55245e+006 35.1165
400502 7.55245e+006 35.1165
400502 7.55245e+006 35.1073
400505 7.55245e+006 35.1073
400502 7.55245e+006 35.1073
400502 7.55245e+006 35.1073
400502 7.55245e+006 35.1165
400502 7.55245e+006 35.1165
400502 7.55245e+006 35.1165
400502 7.55245e+006 35.1073
400502 7.55245e+006 35.1165
400502 7.55245e+006 35.1165
400502 7.55245e+006 35.1073
400502 7.55245e+006 35.1073
400502 7.55245e+006 35.1073
400502 7.55245e+006 35.1165
400502 7.55245e+006 35.1073
400501 7.55245e+006 35.1073
400500 7.55245e+006 35.1073
400502 7.55245e+006 35.1073
400500 7.55245e+006 35.1073
400500 7.55245e+006 35.1073
400502 7.55245e+006 35.1073
400500 7.55245e+006 35.1073
400502 7.55245e+006 35.1073
400502 7.55245e+006 35.1165
400502 7.55245e+006 35.1073
400500 7.55245e+006 35.1073
400500 7.55245e+006 35.1073
400500 7.55245e+006 35.1165
400502 7.55245e+006 35.1165
400502 7.55245e+006 35.1165
400501 7.55245e+006 35.1165
400501 7.55245e+006 35.1073
400501 7.55245e+006 35.1073
400502 7.55245e+006 35.1073
400502 7.55245e+006 35.1165
400500 7.55245e+006 35.1164
400500 7.55245e+006 35.1164
400500 7.55245e+006 35.1072
400500 7.55245e+006 35.1072
400500 7.55245e+006 35.1072
400500 7.55245e+006 35.1164
400500 7.55245e+006 35.1165
400500 7.55245e+006 35.1164
400500 7.55245e+006 35.1072
400500 7.55245e+006 35.1072
400500 7.55245e+006 35.1073
400500 7.55245e+006 35.1165
400500 7.55245e+006 35.1073
400500 7.55245e+006 35.1072
400500 7.55245e+006 35.1072
400500 7.55245e+006 35.1072
400500 7.55245e+006 35.1073
400500 7.55245e+006 35.1073
400500 7.55245e+006 35.1073
400500 7.55245e+006 35.1072
400500 7.55245e+006 35.1164
400500 7.55245e+006 35.1164
400500 7.55245e+006 35.1165
400500 7.55245e+006 35.1073
400501 7.55245e+006 35.1073
400501 7.55244e+006 35.1073
400500 7.55244e+006 35.1073
400500 7.55244e+006 35.1073
400500 7.55245e+006 35.1073
400501 7.55245e+006 35.1073
400500 7.55245e+006 35.1073
400500 7.55244e+006 35.1073
400500 7.55244e+006 35.1165
400500 7.55244e+006 35.1165
400500 7.55245e+006 35.1165
400500 7.55245e+006 35.1073
400501 7.55245e+006 35.1165
400501 7.55244e+006 35.1165
400501 7.55244e+006 35.1073
400501 7.55244e+006 35.1073
400501 7.55245e+006 35.1073
400501 7.55245e+006 35.1165
400501 7.55244e+006 35.1073
400507 7.55244e+006 35.1073
400507 7.55244e+006 35.1073
400507 7.55244e+006 35.1073
400500 7.55244e+006 35.1073
400501 7.55244e+006 35.1073
400500 7.55244e+006 35.1073
400507 7.55244e+006 35.1073
400507 7.55244e+006 35.1165
400507 7.55244e+006 35.1165
400500 7.55244e+006 35.1165
400500 7.55244e+006 35.1073
400501 7.55244e+006 35.1165
400507 7.55244e+006 35.1165
400507 7.55244e+006 35.1073
400507 7.55244e+006 35.1073
400501 7.55244e+006 35.1073
400501 7.55244e+006 35.1165
400507 7.55244e+006 35.1165
400507 7.55244e+006 35.1073
400507 7.55244e+006 35.1073
400507 7.55244e+006 35.1073
400507 7.55244e+006 35.1165
400507 7.55244e+006 35.1165
400502 7.55244e+006 35.1062
400505 7.55244e+006 35.1062
400505 7.55244e+006 35.1062
400505 7.55244e+006 35.1062
400502 7.55244e+006 35.1062
400502 7.55244e+006 35.1062
400502 7.55244e+006 35.1062
400505 7.55244e+006 35.1062
400502 7.55244e+006 35.1062
400502 7.55244e+006 35.1062
400502 7.55244e+006 35.1157
400505 7.55244e+006 35.1157
400505 7.55244e+006 35.1157
400505 7.55244e+006 35.1062
400502 7.55244e+006 35.1062
400505 7.55244e+006 35.1062
400505 7.55244e+006 35.1157
400505 7.55244e+006 35.1157
400505 7.55244e+006 35.1157
400505 7.55244e+006 35.1062
400505 7.55244e+006 35.1062
400505 7.55244e+006 35.1062
400505 7.55244e+006 35.1157
400502 7.55244e+006 35.1157
400502 7.55244e+006 35.1157
400502 7.55244e+006 35.1062
400505 7.55244e+006 35.1062
400502 7.55244e+006 35.1062
400502 7.55244e+006 35.1062
400502 7.55244e+006 35.1157
400502 7.55244e+006 35.1157
400502 7.55244e+006 35.1157
400502 7.55244e+006 35.1062
400502 7.55244e+006 35.1062
400501 7.55244e+006 35.1062
400500 7.55244e+006 35.1062
400500 7.55244e+006 35.1062
400502 7.55244e+006 35.1062
400502 7.55244e+006 35.1062
400502 7.55244e+006 35.1062
400500 7.55244e+006 35.1062
400500 7.55244e+006 35.1157
400500 7.55244e+006 35.1157
400502 7.55244e+006 35.1157
400502 7.55244e+006 35.1062
400502 7.55244e+006 35.1157
400501 7.55244e+006 35.1157
400501 7.55244e+006 35.1062
400501 7.55244e+006 35.1062
400502 7.55244e+006 35.1062
400502 7.55244e+006 35.1157
400501 7.55244e+006 35.1062
400501 7.55244e+006 35.1062
400500 7.55243e+006 35.1062
400500 7.55243e+006 35.1062
400500 7.55244e+006 35.1062
400501 7.55244e+006 35.1062
400500 7.55244e+006 35.1062
400500 7.55243e+006 35.1062
400500 7.55243e+006 35.1157
400500 7.55243e+006 35.1157
400500 7.55244e+006 35.1157
400500 7.55244e+006 35.1062
400501 7.55244e+006 35.1157
400501 7.55244e+006 35.1157
400501 7.55244e+006 35.1062
400501 7.55244e+006 35.1062
400501 7.55244e+006 35.1062
400501 7.55244e+006 35.1157
400501 7.55244e+006 35.1062
400507 7.55244e+006 35.1062
400507 7.55243e+006 35.1062
400507 7.55243e+006 35.1062
400500 7.55243e+006 35.1062
400501 7.55244e+006 35.1062
400500 7.55243e+006 35.1062
400507 7.55243e+006 35.1062
400507 7.55243e+006 35.1157
400507 7.55243e+006 35.1157
400500 7.55243e+006 35.1157
400500 7.55243e+006 35.1062
400501 7.55244e+006 35.1157
400507 7.55244e+006 35.1157
400507 7.55244e+006 35.1062
400507 7.55244e+006 35.1062
400501 7.55244e+006 35.1062
400501 7.55244e+006 35.1157
400507 7.55243e+006 35.1157
400507 7.55243e+006 35.1062
400507 7.55244e+006 35.1062
400507 7.55244e+006 35.1062
400507 7.55244e+006 35.1157
400507 7.55243e+006 35.1157
400516 7.55244e+006 26.5224
400516 7.55243e+006 26.5224
400516 7.55243e+006 26.5224
400516 7.55244e+006 26.5224
400516 7.55243e+006 26.5224
400513 7.55243e+006 26.5224
400513 7.55244e+006 26.5224
400516 7.55244e+006 26.5224
400513 7.55243e+006 26.5224
400513 7.55244e+006 26.5224
400513 7.55244e+006 26.5224
400513 7.55243e+006 26.5224
400513 7.55243e+006 26.5224
400516 7.55243e+006 26.5224
400516 7.55243e+006 26.5313
400516 7.55243e+006 26.5313
400513 7.55243e+006 26.5313
400513 7.55243e+006 26.5224
400513 7.55244e+006 26.5224
400513 7.55244e+006 26.5313
400513 7.55244e+006 26.5313
400513 7.55244e+006 26.5313
400513 7.55244e+006 26.5224
400513 7.55244e+006 26.5224
400516 7.55243e+006 26.5313
400516 7.55243e+006 26.5224
400516 7.55243e+006 26.5224
400516 7.55243e+006 26.5224
400516 7.55243e+006 26.5313
400516 7.55243e+006 26.5313
400513 7.55244e+006 26.5313
400513 7.55244e+006 26.5224
400513 7.55243e+006 26.5224
400513 7.55243e+006 26.5224
400513 7.55243e+006 26.5313
400513 7.55244e+006 26.5313
400516 7.55244e+006 26.5313
400516 7.55243e+006 26.5313
400516 7.55243e+006 26.5224
400516 7.55243e+006 26.5224
400516 7.55244e+006 26.5224
400516 7.55244e+006 26.5313
400516 7.55244e+006 26.5313
400516 7.55244e+006 26.5313
400516 7.55244e+006 26.5224
400516 7.55244e+006 26.5224
400516 7.55244e+006 26.5224
400516 7.55244e+006 26.5313
400516 7.55244e+006 26.5224
400516 7.55244e+006 26.5224
400516 7.55243e+006 26.5224
400516 7.55243e+006 26.5224
400516 7.55243e+006 26.5224
400516 7.55244e+006 26.5224
400516 7.55243e+006 26.5224
400516 7.55243e+006 26.5224
400516 7.55243e+006 26.5313
400516 7.55243e+006 26.5313
400516 7.55243e+006 26.5313
400516 7.55243e+006 26.5224
400516 7.55244e+006 26.5224
400513 7.55244e+006 26.5224
400513 7.55244e+006 26.5313
400513 7.55244e+006 26.5313
400516 7.55244e+006 26.5313
400516 7.55244e+006 26.5224
400516 7.55244e+006 26.5224
400516 7.55244e+006 26.5224
400516 7.55244e+006 26.5313
400516 7.55244e+006 26.5313
400516 7.55244e+006 26.5313
400516 7.55244e+006 26.5224
400513 7.55244e+006 26.5313
400513 7.55244e+006 26.5313
400513 7.55244e+006 26.5224
400513 7.55244e+006 26.5224
400513 7.55244e+006 26.5224
400513 7.55244e+006 26.5313
400513 7.55244e+006 26.5224
400513 7.55244e+006 26.5224
400516 7.55244e+006 26.5224
400516 7.55244e+006 26.5224
400516 7.55244e+006 26.5224
400513 7.55244e+006 26.5224
400516 7.55244e+006 26.5224
400516 7.55244e+006 26.5224
400516 7.55244e+006 26.5313
400516 7.55244e+006 26.5313
400516 7.55244e+006 26.5313
400516 7.55244e+006 26.5224
400513 7.55244e+006 26.5313
400513 7.55244e+006 26.5313
400513 7.55244e+006 26.5224
400513 7.55244e+006 26.5224
400513 7.55244e+006 26.5224
400513 7.55244e+006 26.5313
400513 7.55244e+006 26.5224
400513 7.55244e+006 26.5224
400516 7.55244e+006 26.5224
400516 7.55244e+006 26.5224
400516 7.55244e+006 26.5224
400513 7.55244e+006 26.5224
400516 7.55244e+006 26.5224
400516 7.55244e+006 26.5224
400516 7.55244e+006 26.5313
400516 7.55244e+006 26.5313
400516 7.55244e+006 26.5313
400516 7.55244e+006 26.5224
400516 7.55244e+006 26.5313
400516 7.55244e+006 26.5313
400516 7.55244e+006 26.5224
400516 7.55244e+006 26.5224
400516 7.55244e+006 26.5224
400516 7.55244e+006 26.5313
400516 7.55244e+006 26.5224
400516 7.55244e+006 26.5224
400516 7.55244e+006 26.5224
400516 7.55244e+006 26.5224
400516 7.55244e+006 26.5224
400516 7.55244e+006 26.5224
400513 7.55244e+006 26.5313
400513 7.55244e+006 26.5313
400513 7.55244e+006 26.5224
400513 7.55244e+006 26.5224
400513 7.55244e+006 26.5224
400513 7.55244e+006 26.5313
400513 7.55244e+006 26.5224
400513 7.55244e+006 26.5224
400513 7.55244e+006 26.5224
400513 7.55244e+006 26.5224
400513 7.55244e+006 26.5224
400513 7.55244e+006 26.5224
400513 7.55244e+006 26.5224
400513 7.55244e+006 26.5224
400513 7.55244e+006 26.5313
400513 7.55244e+006 26.5313
400513 7.55244e+006 26.5313
400513 7.55244e+006 26.5224
400513 7.55245e+006 26.5324
400516 7.55245e+006 26.5324
400516 7.55245e+006 26.5235
400516 7.55245e+006 26.5235
400513 7.55245e+006 26.5235
400513 7.55245e+006 26.5324
400516 7.55245e+006 26.5235
400516 7.55245e+006 26.5235
400516 7.55245e+006 26.5235
400516 7.55245e+006 26.5235
400516 7.55245e+006 26.5235
400513 7.55245e+006 26.5235
400516 7.55245e+006 26.5235
400513 7.55245e+006 26.5235
400513 7.55245e+006 26.5235
400513 7.55245e+006 26.5235
400516 7.55245e+006 26.5235
400513 7.55245e+006 26.5235
400513 7.55245e+006 26.5324
400513 7.55245e+006 26.5235
400513 7.55245e+006 26.5235
400513 7.55245e+006 26.5235
400513 7.55245e+006 26.5324
400513 7.55245e+006 26.5324
400516 7.55245e+006 26.5235
400516 7.55245e+006 26.5324
400516 7.55245e+006 26.5324
400516 7.55245e+006 26.5324
400516 7.55245e+006 26.5235
400516 7.55245e+006 26.5235
400513 7.55245e+006 26.5235
400513 7.55245e+006 26.5324
400513 7.55245e+006 26.5324
400513 7.55245e+006 26.5324
400513 7.55245e+006 26.5235
400513 7.55245e+006 26.5235
400516 7.55245e+006 26.5235
400516 7.55245e+006 26.5235
400516 7.55245e+006 26.5324
400516 7.55245e+006 26.5324
400516 7.55245e+006 26.5324
400516 7.55245e+006 26.5235
400516 7.55245e+006 26.5235
400516 7.55245e+006 26.5235
400516 7.55245e+006 26.5235
400516 7.55245e+006 26.5235
400516 7.55245e+006 26.5235
400516 7.55245e+006 26.5235
400516 7.55245e+006 26.5235
400516 7.55245e+006 26.5235
400516 7.55245e+006 26.5324
400516 7.55245e+006 26.5324
400516 7.55245e+006 26.5324
400516 7.55245e+006 26.5235
400516 7.55245e+006 26.5324
400516 7.55245e+006 26.5324
400516 7.55245e+006 26.5235
400516 7.55245e+006 26.5235
400516 7.55245e+006 26.5235
400516 7.55245e+006 26.5324
400516 7.55245e+006 26.5324
400513 7.55245e+006 26.5324
400513 7.55245e+006 26.5235
400513 7.55245e+006 26.5235
400516 7.55245e+006 26.5235
400516 7.55245e+006 26.5324
400516 7.55245e+006 26.5324
400516 7.55245e+006 26.5324
400516 7.55245e+006 26.5235
400516 7.55245e+006 26.5235
400516 7.55245e+006 26.5235
400516 7.55245e+006 26.5324
400516 7.55245e+006 26.5235
400516 7.55245e+006 26.5235
400513 7.55245e+006 26.5235
400513 7.55245e+006 26.5235
400513 7.55245e+006 26.5235
400516 7.55245e+006 26.5235
400513 7.55245e+006 26.5235
400513 7.55245e+006 26.5235
400513 7.55245e+006 26.5324
400513 7.55245e+006 26.5324
400513 7.55245e+006 26.5324
400513 7.55245e+006 26.5235
400516 7.55245e+006 26.5324
400516 7.55245e+006 26.5324
400516 7.55245e+006 26.5235
400516 7.55245e+006 26.5235
400516 7.55245e+006 26.5235
400516 7.55245e+006 26.5324
400516 7.55245e+006 26.5235
400516 7.55245e+006 26.5235
400513 7.55245e+006 26.5235
400513 7.55245e+006 26.5235
400513 7.55245e+006 26.5235
400516 7.55245e+006 26.5235
400513 7.55245e+006 26.5235
400513 7.55245e+006 26.5235
400513 7.55245e+006 26.5324
400513 7.55245e+006 26.5324
400513 7.55245e+006 26.5324
400513 7.55245e+006 26.5235
400516 7.55245e+006 26.5324
400516 7.55245e+006 26.5324
400516 7.55245e+006 26.5235
400516 7.55245e+006 26.5235
400516 7.55245e+006 26.5235
400516 7.55245e+006 26.5324
400516 7.55245e+006 26.5235
400516 7.55245e+006 26.5235
400516 7.55245e+006 26.5235
400516 7.55245e+006 26.5235
400516 7.55245e+006 26.5235
400516 7.55245e+006 26.5235
400516 7.55245e+006 26.5235
400516 7.55245e+006 26.5235
400516 7.55245e+006 26.5324
400516 7.55245e+006 26.5324
400516 7.55245e+006 26.5324
400516 7.55245e+006 26.5235
400513 7.55245e+006 26.5235
400513 7.55245e+006 26.5235
400513 7.55245e+006 26.5324
400513 7.55245e+006 26.5324
400513 7.55245e+006 26.5324
400513 7.55245e+006 26.5235
400513 7.55245e+006 26.5324
400513 7.55245e+006 26.5324
400513 7.55245e+006 26.5235
400513 7.55245e+006 26.5235
400513 7.55245e+006 26.5235
400513 7.55245e+006 26.5324
400513 7.55245e+006 26.5235
400513 7.55245e+006 26.5235
400513 7.55245e+006 26.5235
400513 7.55245e+006 26.5235
400513 7.55245e+006 26.5235
400513 7.55245e+006 26.5235
