405412 7.55479e+006 21.831
405412 7.55479e+006 21.731
405413 7.55479e+006 21.7311
405413 7.55479e+006 21.7311
405413 7.55479e+006 21.8311
405412 7.55479e+006 21.831
405411 7.55479e+006 21.7294
405411 7.55479e+006 21.8294
405411 7.55479e+006 21.8295
405411 7.55479e+006 21.8295
405411 7.55479e+006 21.7295
405411 7.55479e+006 21.7294
405412 7.55479e+006 21.831
405411 7.55479e+006 21.8294
405411 7.55479e+006 21.7294
405411 7.55479e+006 21.7294
405412 7.55479e+006 21.731
405412 7.55479e+006 21.831
405413 7.55479e+006 21.8311
405411 7.55479e+006 21.8295
405411 7.55479e+006 21.8294
405411 7.55479e+006 21.8294
405412 7.55479e+006 21.831
405413 7.55479e+006 21.8311
405413 7.55479e+006 21.7311
405411 7.55479e+006 21.7295
405411 7.55479e+006 21.8295
405411 7.55479e+006 21.8295
405413 7.55479e+006 21.8311
405413 7.55479e+006 21.7311
