400523 7.55245e+006 23.7489
400523 7.55246e+006 23.7489
400529 7.55246e+006 23.7489
400529 7.55246e+006 23.7489
400529 7.55245e+006 23.7489
400523 7.55245e+006 23.7489
400523 7.55245e+006 26.1818
400529 7.55245e+006 26.1818
400529 7.55246e+006 26.1818
400529 7.55246e+006 26.1818
400523 7.55246e+006 26.1818
400523 7.55245e+006 26.1818
400523 7.55246e+006 26.1818
400529 7.55246e+006 26.1818
400529 7.55246e+006 23.7489
400529 7.55246e+006 23.7489
400523 7.55246e+006 23.7489
400523 7.55246e+006 26.1818
400523 7.55245e+006 26.1818
400523 7.55246e+006 26.1818
400523 7.55246e+006 23.7489
400523 7.55246e+006 23.7489
400523 7.55245e+006 23.7489
400523 7.55245e+006 26.1818
400529 7.55245e+006 26.1818
400523 7.55245e+006 26.1818
400523 7.55245e+006 23.7489
400523 7.55245e+006 23.7489
400529 7.55245e+006 23.7489
400529 7.55245e+006 26.1818
400529 7.55246e+006 26.1818
400529 7.55245e+006 26.1818
400529 7.55245e+006 23.7489
400529 7.55245e+006 23.7489
400529 7.55246e+006 23.7489
400529 7.55246e+006 26.1818
