405462 7.55483e+006 13.945
405468 7.55483e+006 13.945
405469 7.55483e+006 13.945
405469 7.55483e+006 13.945
405463 7.55483e+006 13.945
405462 7.55483e+006 13.945
405462 7.55483e+006 13.945
405469 7.55483e+006 13.945
405462 7.55483e+006 13.945
405454 7.5548e+006 13.9447
405465 7.55481e+006 13.9449
405468 7.55482e+006 13.945
405468 7.55482e+006 13.945
405463 7.55482e+006 13.9449
405454 7.5548e+006 13.9447
405469 7.55483e+006 13.945
405468 7.55483e+006 13.945
405473 7.55483e+006 13.945
405473 7.55483e+006 13.945
405474 7.55483e+006 13.945
405469 7.55483e+006 13.945
405451 7.55478e+006 13.9449
405446 7.55478e+006 13.9449
405451 7.55478e+006 13.9449
405441 7.55477e+006 13.9448
405446 7.55477e+006 13.9449
405447 7.55477e+006 13.9449
405447 7.55477e+006 13.9449
405442 7.55477e+006 13.9448
405441 7.55477e+006 13.9448
405446 7.55477e+006 13.9449
405447 7.55477e+006 13.9449
405448 7.55477e+006 13.9449
405448 7.55477e+006 13.9449
405447 7.55477e+006 13.9449
405446 7.55477e+006 13.9449
405451 7.55478e+006 13.9449
405451 7.55478e+006 13.9449
405451 7.55478e+006 13.9449
405447 7.55477e+006 13.9449
405451 7.55477e+006 13.9449
405451 7.55477e+006 13.9449
405451 7.55477e+006 13.9449
405448 7.55477e+006 13.9449
405447 7.55477e+006 13.9449
405391 7.55481e+006 13.9449
405392 7.55481e+006 13.9449
405390 7.55481e+006 13.9449
405388 7.5548e+006 13.9449
405387 7.5548e+006 13.9449
405386 7.5548e+006 13.9449
405386 7.5548e+006 13.9449
405387 7.5548e+006 13.9449
405388 7.5548e+006 13.9449
405387 7.5548e+006 13.9449
405383 7.5548e+006 13.9449
405383 7.5548e+006 13.9449
405383 7.5548e+006 13.9449
405386 7.5548e+006 13.9449
405387 7.5548e+006 13.9449
405446 7.55478e+006 13.9449
405451 7.55478e+006 13.9449
405465 7.55481e+006 13.9449
405465 7.55481e+006 13.9449
405454 7.5548e+006 13.9447
405446 7.55478e+006 13.9449
405463 7.55482e+006 13.9449
405468 7.55482e+006 13.945
405472 7.55482e+006 13.945
405472 7.55482e+006 13.945
405467 7.55483e+006 13.9452
405463 7.55482e+006 13.9449
405392 7.55481e+006 13.9449
405395 7.55481e+006 13.9449
405408 7.55484e+006 13.945
405405 7.55484e+006 13.9449
405392 7.55481e+006 13.9449
405408 7.55484e+006 13.945
405406 7.55484e+006 13.9449
405405 7.55484e+006 13.9449
405408 7.55484e+006 13.945
405405 7.55484e+006 13.9449
405408 7.55484e+006 13.945
405408 7.55484e+006 13.945
405405 7.55484e+006 13.9449
405408 7.55484e+006 13.945
405404 7.55485e+006 13.945
405405 7.55484e+006 13.9449
405404 7.55485e+006 13.945
405401 7.55484e+006 13.9449
405405 7.55484e+006 13.9449
405405 7.55484e+006 13.9449
405401 7.55484e+006 13.9449
405468 7.55482e+006 13.945
405465 7.55481e+006 13.9449
405469 7.55481e+006 13.9449
405469 7.55481e+006 13.9449
405472 7.55481e+006 13.945
405468 7.55482e+006 13.945
405386 7.5548e+006 13.9449
405389 7.55479e+006 13.9449
405390 7.5548e+006 13.9449
405390 7.5548e+006 13.9449
405387 7.5548e+006 13.9449
405386 7.5548e+006 13.9449
405441 7.55477e+006 13.9448
405446 7.55477e+006 13.9449
405446 7.55477e+006 13.9449
405446 7.55477e+006 13.9449
405441 7.55477e+006 13.9448
405441 7.55477e+006 13.9448
405451 7.55478e+006 13.9449
405446 7.55478e+006 13.9449
405442 7.55477e+006 13.9448
405442 7.55477e+006 13.9448
405447 7.55477e+006 13.9449
405451 7.55478e+006 13.9449
405446 7.55477e+006 13.9449
405447 7.55477e+006 13.9449
405447 7.55477e+006 13.9449
405447 7.55477e+006 13.9449
405446 7.55477e+006 13.9449
405446 7.55477e+006 13.9449
405451 7.55478e+006 13.9449
405451 7.55478e+006 13.9449
405447 7.55477e+006 13.9449
405447 7.55477e+006 13.9449
405448 7.55477e+006 13.9449
405451 7.55478e+006 13.9449
405447 7.55477e+006 13.9449
405450 7.55477e+006 13.9449
405451 7.55477e+006 13.9449
405451 7.55477e+006 13.9449
405447 7.55477e+006 13.9449
405447 7.55477e+006 13.9449
405455 7.55478e+006 13.9449
405451 7.55478e+006 13.9449
405448 7.55477e+006 13.9449
405448 7.55477e+006 13.9449
405451 7.55477e+006 13.9449
405455 7.55478e+006 13.9449
405391 7.55481e+006 13.9449
405390 7.55481e+006 13.9449
405387 7.5548e+006 13.9449
405387 7.5548e+006 13.9449
405388 7.5548e+006 13.9449
405391 7.55481e+006 13.9449
405386 7.5548e+006 13.9449
405386 7.5548e+006 13.9449
405387 7.5548e+006 13.9449
405387 7.5548e+006 13.9449
405386 7.5548e+006 13.9449
405386 7.5548e+006 13.9449
405390 7.55481e+006 13.9449
405387 7.55481e+006 13.9449
405383 7.5548e+006 13.9449
405383 7.5548e+006 13.9449
405387 7.5548e+006 13.9449
405390 7.55481e+006 13.9449
405382 7.5548e+006 13.9449
405386 7.5548e+006 13.9449
405386 7.5548e+006 13.9449
405386 7.5548e+006 13.9449
405383 7.5548e+006 13.9449
405382 7.5548e+006 13.9449
405451 7.55477e+006 13.9449
405451 7.55477e+006 13.9449
405454 7.55477e+006 13.9449
405454 7.55477e+006 13.9449
405455 7.55477e+006 13.9449
405451 7.55477e+006 13.9449
405383 7.5548e+006 13.9449
405383 7.5548e+006 13.9449
405379 7.5548e+006 13.9449
405379 7.5548e+006 13.9449
405379 7.5548e+006 13.9449
405383 7.5548e+006 13.9449
405413 7.55477e+006 13.9449
405417 7.55477e+006 13.9449
405418 7.55477e+006 13.9449
405418 7.55477e+006 13.9449
405414 7.55477e+006 13.9452
405413 7.55477e+006 13.9449
405382 7.55479e+006 13.9449
405385 7.55478e+006 13.9449
405386 7.55479e+006 13.9449
405386 7.55479e+006 13.9449
405383 7.55479e+006 13.9449
405382 7.55479e+006 13.9449
405410 7.55477e+006 13.9449
405413 7.55477e+006 13.9449
405414 7.55477e+006 13.9452
405414 7.55477e+006 13.9452
405411 7.55478e+006 13.9449
405410 7.55477e+006 13.9449
405393 7.55478e+006 13.9449
405406 7.55477e+006 13.9449
405407 7.55478e+006 13.9452
405407 7.55478e+006 13.9452
405394 7.55478e+006 13.9449
405393 7.55478e+006 13.9449
405429 7.55476e+006 13.9449
405436 7.55476e+006 13.9449
405437 7.55476e+006 13.9452
405437 7.55476e+006 13.9452
405430 7.55477e+006 13.9452
405429 7.55476e+006 13.9449
405436 7.55476e+006 13.9449
405441 7.55476e+006 13.9449
405442 7.55476e+006 13.9449
405442 7.55476e+006 13.9449
405437 7.55476e+006 13.9452
405436 7.55476e+006 13.9449
405441 7.55476e+006 13.9449
405442 7.55476e+006 13.9449
405443 7.55476e+006 13.9449
405443 7.55476e+006 13.9449
405442 7.55476e+006 13.9449
405441 7.55476e+006 13.9449
405442 7.55476e+006 13.9449
405445 7.55476e+006 13.9449
405446 7.55476e+006 13.9449
405446 7.55476e+006 13.9449
405443 7.55476e+006 13.9449
405442 7.55476e+006 13.9449
405381 7.55479e+006 13.9449
405382 7.55479e+006 13.9449
405383 7.55479e+006 13.9449
405383 7.55479e+006 13.9449
405382 7.55479e+006 13.9449
405381 7.55479e+006 13.9449
405377 7.55479e+006 13.9449
405381 7.55479e+006 13.9449
405382 7.55479e+006 13.9449
405382 7.55479e+006 13.9449
405378 7.55479e+006 13.9449
405377 7.55479e+006 13.9449
405446 7.55476e+006 13.9449
405445 7.55476e+006 13.9449
405448 7.55476e+006 13.9449
405448 7.55476e+006 13.9449
405449 7.55476e+006 13.9449
405446 7.55476e+006 13.9449
405377 7.55479e+006 13.9449
405378 7.55479e+006 13.9449
405376 7.55479e+006 13.9449
405376 7.55479e+006 13.9449
405375 7.55479e+006 13.9449
405377 7.55479e+006 13.9449
405437 7.55484e+006 13.945
405438 7.55484e+006 13.945
405426 7.55485e+006 13.945
405426 7.55485e+006 13.945
405425 7.55485e+006 13.9449
405437 7.55484e+006 13.945
405448 7.55484e+006 13.9451
405449 7.55484e+006 13.945
405445 7.55484e+006 13.945
405445 7.55484e+006 13.945
405444 7.55484e+006 13.945
405448 7.55484e+006 13.9451
405428 7.55476e+006 13.9449
405429 7.55477e+006 13.9452
405418 7.55477e+006 13.9449
405418 7.55477e+006 13.9449
405417 7.55477e+006 13.9449
405428 7.55476e+006 13.9449
405410 7.55477e+006 13.9449
405411 7.55478e+006 13.9449
405407 7.55478e+006 13.9452
405407 7.55478e+006 13.9452
405406 7.55477e+006 13.9449
405410 7.55477e+006 13.9449
405413 7.55477e+006 13.9449
405410 7.55477e+006 13.9449
405409 7.55477e+006 13.9449
405409 7.55477e+006 13.9449
405412 7.55477e+006 13.9449
405413 7.55477e+006 13.9449
405417 7.55477e+006 13.9449
405413 7.55477e+006 13.9449
405412 7.55477e+006 13.9449
405412 7.55477e+006 13.9449
405416 7.55477e+006 13.9449
405417 7.55477e+006 13.9449
405410 7.55477e+006 13.9449
405406 7.55477e+006 13.9449
405405 7.55477e+006 13.9449
405405 7.55477e+006 13.9449
405409 7.55477e+006 13.9449
405410 7.55477e+006 13.9449
405412 7.55477e+006 13.9449
405409 7.55477e+006 13.9449
405405 7.55476e+006 13.9449
405405 7.55476e+006 13.9449
405408 7.55476e+006 13.9449
405412 7.55477e+006 13.9449
405388 7.5548e+006 13.9449
405387 7.5548e+006 13.9449
405390 7.5548e+006 13.9449
405390 7.5548e+006 13.9449
405391 7.5548e+006 13.9449
405388 7.5548e+006 13.9449
405411 7.55484e+006 13.945
405409 7.55484e+006 13.945
405408 7.55484e+006 13.945
405408 7.55484e+006 13.945
405405 7.55484e+006 13.9449
405406 7.55484e+006 13.9449
405408 7.55484e+006 13.945
405406 7.55484e+006 13.9449
405408 7.55484e+006 13.945
405411 7.55484e+006 13.945
405408 7.55484e+006 13.945
405408 7.55484e+006 13.945
405392 7.55481e+006 13.9449
405391 7.55481e+006 13.9449
405394 7.55481e+006 13.9449
405394 7.55481e+006 13.9449
405395 7.55481e+006 13.9449
405392 7.55481e+006 13.9449
405417 7.55485e+006 13.945
405414 7.55486e+006 13.945
405413 7.55485e+006 13.945
405413 7.55485e+006 13.945
405416 7.55485e+006 13.945
405417 7.55485e+006 13.945
405408 7.55484e+006 13.945
405395 7.55481e+006 13.9449
405395 7.55481e+006 13.9449
405395 7.55481e+006 13.9449
405409 7.55483e+006 13.945
405408 7.55484e+006 13.945
405391 7.55481e+006 13.9449
405388 7.5548e+006 13.9449
405391 7.5548e+006 13.9449
405391 7.5548e+006 13.9449
405394 7.55481e+006 13.9449
405391 7.55481e+006 13.9449
405386 7.55479e+006 13.9449
405386 7.55479e+006 13.9449
405387 7.55479e+006 13.9449
405387 7.55479e+006 13.9449
405387 7.55479e+006 13.9449
405386 7.55479e+006 13.9449
405385 7.55478e+006 13.9449
405386 7.55478e+006 13.9449
405387 7.55479e+006 13.9449
405387 7.55479e+006 13.9449
405386 7.55479e+006 13.9449
405385 7.55478e+006 13.9449
405418 7.55486e+006 13.945
405417 7.55485e+006 13.945
405418 7.55485e+006 13.945
405418 7.55485e+006 13.945
405419 7.55486e+006 13.945
405418 7.55486e+006 13.945
405408 7.55484e+006 13.945
405408 7.55484e+006 13.945
405409 7.55484e+006 13.945
405409 7.55484e+006 13.945
405408 7.55484e+006 13.945
405408 7.55484e+006 13.945
405405 7.55484e+006 13.9449
405406 7.55484e+006 13.9449
405405 7.55484e+006 13.9449
405405 7.55484e+006 13.9449
405405 7.55484e+006 13.9449
405405 7.55484e+006 13.9449
405391 7.5548e+006 13.9449
405394 7.5548e+006 13.9449
405395 7.5548e+006 13.9448
405395 7.5548e+006 13.9448
405392 7.5548e+006 13.9449
405391 7.5548e+006 13.9449
405416 7.55484e+006 13.9449
405412 7.55484e+006 13.945
405409 7.55483e+006 13.945
405416 7.55484e+006 13.9449
405409 7.55483e+006 13.945
405395 7.55481e+006 13.9449
405399 7.5548e+006 13.9449
405416 7.55484e+006 13.9449
405395 7.55481e+006 13.9449
405395 7.5548e+006 13.9449
405399 7.5548e+006 13.9449
405395 7.55481e+006 13.9449
405412 7.55484e+006 13.945
405416 7.55484e+006 13.9449
405420 7.55485e+006 13.9449
405420 7.55485e+006 13.9449
405416 7.55485e+006 13.945
405412 7.55484e+006 13.945
405392 7.5548e+006 13.9449
405395 7.5548e+006 13.9448
405399 7.5548e+006 13.9449
405399 7.5548e+006 13.9449
405395 7.5548e+006 13.9449
405392 7.5548e+006 13.9449
405394 7.55478e+006 13.9448
405390 7.55478e+006 13.9449
405389 7.55478e+006 13.9449
405389 7.55478e+006 13.9449
405393 7.55478e+006 13.9449
405394 7.55478e+006 13.9448
405426 7.55485e+006 13.945
405422 7.55485e+006 13.945
405421 7.55485e+006 13.945
405421 7.55485e+006 13.945
405425 7.55485e+006 13.945
405426 7.55485e+006 13.945
405394 7.55478e+006 13.9449
405394 7.55478e+006 13.9448
405393 7.55478e+006 13.9449
405393 7.55478e+006 13.9449
405393 7.55478e+006 13.9449
405394 7.55478e+006 13.9449
405426 7.55485e+006 13.945
405425 7.55485e+006 13.945
405426 7.55485e+006 13.945
405426 7.55485e+006 13.945
405426 7.55485e+006 13.945
405426 7.55485e+006 13.945
405391 7.5548e+006 13.9449
405390 7.55479e+006 13.9449
405394 7.55479e+006 13.9426
405394 7.55479e+006 13.9426
405394 7.5548e+006 13.9449
405391 7.5548e+006 13.9449
405390 7.55478e+006 13.9449
405387 7.55479e+006 13.9449
405386 7.55478e+006 13.9449
405386 7.55478e+006 13.9449
405389 7.55478e+006 13.9449
405390 7.55478e+006 13.9449
405390 7.5548e+006 13.9449
405391 7.5548e+006 13.9449
405392 7.5548e+006 13.9449
405392 7.5548e+006 13.9449
405391 7.5548e+006 13.9449
405390 7.5548e+006 13.9449
405408 7.55484e+006 13.945
405409 7.55483e+006 13.945
405412 7.55484e+006 13.945
405412 7.55484e+006 13.945
405411 7.55484e+006 13.945
405408 7.55484e+006 13.945
405394 7.55481e+006 13.9449
405395 7.5548e+006 13.9449
405395 7.55481e+006 13.9449
405395 7.55481e+006 13.9449
405395 7.55481e+006 13.9449
405394 7.55481e+006 13.9449
405411 7.55484e+006 13.945
405412 7.55484e+006 13.945
405416 7.55485e+006 13.945
405416 7.55485e+006 13.945
405416 7.55485e+006 13.945
405411 7.55484e+006 13.945
405391 7.5548e+006 13.9449
405392 7.5548e+006 13.9449
405395 7.5548e+006 13.9449
405395 7.5548e+006 13.9449
405394 7.55481e+006 13.9449
405391 7.5548e+006 13.9449
405422 7.55485e+006 13.945
405419 7.55486e+006 13.945
405418 7.55485e+006 13.945
405418 7.55485e+006 13.945
405421 7.55485e+006 13.945
405422 7.55485e+006 13.945
405442 7.55484e+006 13.945
405440 7.55484e+006 13.945
405444 7.55484e+006 13.945
405444 7.55484e+006 13.945
405445 7.55484e+006 13.945
405442 7.55484e+006 13.945
405438 7.55484e+006 13.945
405437 7.55484e+006 13.945
405440 7.55484e+006 13.945
405440 7.55484e+006 13.945
405442 7.55484e+006 13.945
405438 7.55484e+006 13.945
405462 7.55483e+006 13.945
405460 7.55483e+006 13.945
405467 7.55483e+006 13.9452
405467 7.55483e+006 13.9452
405468 7.55483e+006 13.945
405462 7.55483e+006 13.945
405468 7.55483e+006 13.945
405467 7.55483e+006 13.9452
405472 7.55482e+006 13.945
405472 7.55482e+006 13.945
405473 7.55483e+006 13.945
405468 7.55483e+006 13.945
405459 7.55483e+006 13.945
405461 7.55483e+006 13.945
405449 7.55484e+006 13.945
405449 7.55484e+006 13.945
405448 7.55484e+006 13.9451
405459 7.55483e+006 13.945
405425 7.55485e+006 13.945
405423 7.55485e+006 13.9449
405425 7.55485e+006 13.9449
405425 7.55485e+006 13.9449
405426 7.55485e+006 13.945
405425 7.55485e+006 13.945
405413 7.55485e+006 13.945
405408 7.55484e+006 13.945
405409 7.55484e+006 13.945
405413 7.55485e+006 13.945
405409 7.55484e+006 13.945
405411 7.55484e+006 13.945
405416 7.55485e+006 13.945
405413 7.55485e+006 13.945
405411 7.55484e+006 13.945
405418 7.55485e+006 13.945
405416 7.55485e+006 13.945
405420 7.55485e+006 13.9449
405420 7.55485e+006 13.9449
405421 7.55485e+006 13.945
405418 7.55485e+006 13.945
405421 7.55485e+006 13.945
405420 7.55485e+006 13.9449
405423 7.55485e+006 13.9449
405423 7.55485e+006 13.9449
405425 7.55485e+006 13.945
405421 7.55485e+006 13.945
405417 7.55485e+006 13.945
405416 7.55485e+006 13.945
405416 7.55485e+006 13.945
405416 7.55485e+006 13.945
405418 7.55485e+006 13.945
405417 7.55485e+006 13.945
405386 7.55479e+006 13.9449
405386 7.55479e+006 13.9449
405383 7.55479e+006 13.9449
405383 7.55479e+006 13.9449
405383 7.55479e+006 13.9449
405386 7.55479e+006 13.9449
405442 7.55476e+006 13.9449
405443 7.55476e+006 13.9449
405437 7.55476e+006 13.9448
405437 7.55476e+006 13.9448
405437 7.55476e+006 13.9452
405442 7.55476e+006 13.9449
405444 7.55476e+006 13.9449
405443 7.55476e+006 13.9449
405442 7.55476e+006 13.9449
405442 7.55476e+006 13.9449
405443 7.55476e+006 13.9449
405444 7.55476e+006 13.9449
405447 7.55476e+006 13.9449
405444 7.55476e+006 13.9449
405443 7.55476e+006 13.9449
405443 7.55476e+006 13.9449
405446 7.55476e+006 13.9449
405447 7.55476e+006 13.9449
405383 7.55479e+006 13.9449
405383 7.55479e+006 13.9449
405382 7.55479e+006 13.9449
405382 7.55479e+006 13.9449
405382 7.55479e+006 13.9449
405383 7.55479e+006 13.9449
405382 7.55479e+006 13.9449
405379 7.55479e+006 13.9449
405378 7.55479e+006 13.9449
405378 7.55479e+006 13.9449
405382 7.55479e+006 13.9449
405382 7.55479e+006 13.9449
405387 7.55479e+006 13.9449
405390 7.55479e+006 13.9449
405389 7.55479e+006 13.9449
405389 7.55479e+006 13.9449
405386 7.55479e+006 13.9449
405387 7.55479e+006 13.9449
405390 7.55478e+006 13.9449
405390 7.55479e+006 13.9316
405387 7.55479e+006 13.9449
405387 7.55479e+006 13.9449
405387 7.55479e+006 13.9449
405390 7.55478e+006 13.9449
405383 7.55479e+006 13.9449
405386 7.55479e+006 13.9449
405389 7.55479e+006 13.9449
405389 7.55479e+006 13.9449
405386 7.5548e+006 13.9449
405383 7.55479e+006 13.9449
405437 7.55476e+006 13.9448
405443 7.55476e+006 13.9449
405446 7.55477e+006 13.9449
405446 7.55477e+006 13.9449
405441 7.55477e+006 13.9448
405437 7.55476e+006 13.9448
405443 7.55476e+006 13.9449
405444 7.55476e+006 13.9449
405447 7.55477e+006 13.9449
405447 7.55477e+006 13.9449
405446 7.55477e+006 13.9449
405443 7.55476e+006 13.9449
405444 7.55476e+006 13.9449
405447 7.55476e+006 13.9449
405450 7.55477e+006 13.9449
405450 7.55477e+006 13.9449
405447 7.55477e+006 13.9449
405444 7.55476e+006 13.9449
405382 7.55479e+006 13.9449
405383 7.55479e+006 13.9449
405386 7.5548e+006 13.9449
405386 7.5548e+006 13.9449
405386 7.5548e+006 13.9449
405382 7.55479e+006 13.9449
405379 7.55479e+006 13.9449
405382 7.55479e+006 13.9449
405386 7.5548e+006 13.9449
405386 7.5548e+006 13.9449
405382 7.5548e+006 13.9449
405379 7.55479e+006 13.9449
405390 7.55479e+006 13.9449
405387 7.55479e+006 13.9449
405390 7.55479e+006 13.9316
405390 7.55479e+006 13.9316
405394 7.55479e+006 13.9426
405390 7.55479e+006 13.9449
405391 7.5548e+006 13.9449
405390 7.5548e+006 13.9449
405389 7.55479e+006 13.9449
405389 7.55479e+006 13.9449
405390 7.55479e+006 13.9449
405391 7.5548e+006 13.9449
405429 7.55476e+006 13.9449
405430 7.55477e+006 13.9452
405429 7.55477e+006 13.9452
405429 7.55477e+006 13.9452
405428 7.55476e+006 13.9449
405429 7.55476e+006 13.9449
405460 7.55483e+006 13.945
405462 7.55483e+006 13.945
405461 7.55483e+006 13.945
405461 7.55483e+006 13.945
405459 7.55483e+006 13.945
405460 7.55483e+006 13.945
405431 7.55477e+006 9.49075
405430 7.55477e+006 9.49075
405431 7.55477e+006 9.49075
405431 7.55477e+006 9.49075
405432 7.55477e+006 9.49075
405431 7.55477e+006 9.49075
405415 7.55478e+006 9.49075
405414 7.55477e+006 9.49075
405430 7.55477e+006 9.49075
405430 7.55477e+006 9.49075
405431 7.55477e+006 9.49075
405415 7.55478e+006 9.49075
405395 7.55479e+006 9.49075
405394 7.55478e+006 9.49075
405395 7.55478e+006 9.49075
405395 7.55478e+006 9.49075
405396 7.55479e+006 9.49075
405395 7.55479e+006 9.49075
405396 7.55479e+006 9.49075
405395 7.55478e+006 9.49075
405411 7.55478e+006 9.49075
405411 7.55478e+006 9.49075
405412 7.55478e+006 9.49075
405396 7.55479e+006 9.49075
405412 7.55478e+006 9.49075
405411 7.55478e+006 9.49075
405414 7.55477e+006 9.49075
405414 7.55477e+006 9.49075
405415 7.55478e+006 9.49075
405412 7.55478e+006 9.49075
405412 7.55478e+006 9.49075
405415 7.55478e+006 9.49075
405422 7.55479e+006 9.49076
405422 7.55479e+006 9.49076
405419 7.55479e+006 9.49076
405412 7.55478e+006 9.49075
405419 7.55479e+006 9.49076
405422 7.55479e+006 9.49076
405424 7.55479e+006 9.49076
405424 7.55479e+006 9.49076
405420 7.5548e+006 9.49076
405419 7.55479e+006 9.49076
405419 7.55479e+006 9.49076
405420 7.5548e+006 9.49076
405416 7.5548e+006 9.49076
405416 7.5548e+006 9.49076
405415 7.5548e+006 9.49076
405419 7.55479e+006 9.49076
405415 7.5548e+006 9.49076
405416 7.5548e+006 9.49076
405415 7.5548e+006 9.49076
405415 7.5548e+006 9.49076
405413 7.5548e+006 9.49076
405415 7.5548e+006 9.49076
405424 7.55479e+006 9.49076
405422 7.55479e+006 9.49076
405427 7.55479e+006 9.49076
405427 7.55479e+006 9.49076
405428 7.55479e+006 9.49076
405424 7.55479e+006 9.49076
405428 7.55479e+006 9.49076
405427 7.55479e+006 9.49076
405429 7.55479e+006 9.49076
405429 7.55479e+006 9.49076
405430 7.55479e+006 9.49076
405428 7.55479e+006 9.49076
405428 7.55479e+006 9.49076
405430 7.55479e+006 9.49076
405430 7.55479e+006 9.49076
405430 7.55479e+006 9.49076
405429 7.55479e+006 9.49076
405428 7.55479e+006 9.49076
405415 7.5548e+006 9.49076
405416 7.5548e+006 9.49076
405416 7.5548e+006 9.49076
405416 7.5548e+006 9.49076
405415 7.5548e+006 9.49076
405415 7.5548e+006 9.49076
405415 7.55479e+006 26.9045
405414 7.55478e+006 26.9045
405418 7.55478e+006 26.9045
405418 7.55478e+006 26.9045
405419 7.55478e+006 26.9045
405415 7.55479e+006 26.9045
405398 7.55479e+006 23.7202
405397 7.55479e+006 23.7202
405399 7.55479e+006 23.7202
405399 7.55479e+006 23.7202
405400 7.55479e+006 23.7202
405398 7.55479e+006 23.7202
405395 7.5548e+006 23.7202
405394 7.55479e+006 23.7202
405397 7.55479e+006 23.7202
405397 7.55479e+006 23.7202
405398 7.55479e+006 23.7202
405395 7.5548e+006 23.7202
405411 7.55478e+006 26.9045
405410 7.55478e+006 26.9045
405414 7.55477e+006 26.9045
405414 7.55477e+006 26.9045
405414 7.55477e+006 26.9045
405411 7.55478e+006 26.9045
405394 7.55478e+006 23.7202
405390 7.55479e+006 23.7202
405390 7.55478e+006 23.7202
405390 7.55478e+006 23.7202
405393 7.55478e+006 23.7202
405394 7.55478e+006 23.7202
405400 7.55479e+006 23.7202
405399 7.55479e+006 23.7202
405408 7.55479e+006 23.7202
405408 7.55479e+006 23.7202
405408 7.55479e+006 23.7202
405400 7.55479e+006 23.7202
405408 7.55479e+006 26.9045
405408 7.55479e+006 26.9045
405414 7.55478e+006 26.9045
405414 7.55478e+006 26.9045
405415 7.55479e+006 26.9045
405408 7.55479e+006 26.9045
405433 7.55477e+006 26.9045
405437 7.55477e+006 26.9045
405422 7.55478e+006 26.9045
405422 7.55478e+006 26.9045
405418 7.55477e+006 26.9045
405433 7.55477e+006 26.9045
405418 7.55477e+006 26.9045
405422 7.55478e+006 26.9045
405418 7.55478e+006 26.9045
405418 7.55478e+006 26.9045
405414 7.55477e+006 26.9045
405418 7.55477e+006 26.9045
405396 7.55478e+006 23.7202
405395 7.55478e+006 23.7202
405403 7.55478e+006 23.7202
405403 7.55478e+006 23.7202
405404 7.55478e+006 23.7202
405396 7.55478e+006 23.7202
405404 7.55478e+006 26.9045
405403 7.55478e+006 26.9045
405410 7.55478e+006 26.9045
405410 7.55478e+006 26.9045
405411 7.55478e+006 26.9045
405404 7.55478e+006 26.9045
405433 7.55476e+006 26.9045
405433 7.55477e+006 26.9045
405418 7.55477e+006 26.9045
405418 7.55477e+006 26.9045
405417 7.55477e+006 26.9045
405433 7.55476e+006 26.9045
405417 7.55477e+006 26.9045
405418 7.55477e+006 26.9045
405414 7.55477e+006 26.9045
405414 7.55477e+006 26.9045
405414 7.55477e+006 26.9045
405417 7.55477e+006 26.9045
405437 7.55476e+006 23.7202
405441 7.55477e+006 23.7202
405438 7.55477e+006 23.7202
405438 7.55477e+006 23.7202
405435 7.55477e+006 23.7202
405437 7.55476e+006 23.7202
405437 7.55476e+006 23.7202
405437 7.55476e+006 23.7202
405435 7.55477e+006 23.7202
405435 7.55477e+006 23.7202
405434 7.55476e+006 23.7202
405437 7.55476e+006 23.7202
405411 7.55478e+006 26.9045
405414 7.55477e+006 26.9045
405418 7.55478e+006 26.9045
405418 7.55478e+006 26.9045
405414 7.55478e+006 26.9045
405411 7.55478e+006 26.9045
405394 7.55478e+006 23.7202
405396 7.55478e+006 23.7202
405399 7.55479e+006 23.7202
405399 7.55479e+006 23.7202
405397 7.55479e+006 23.7202
405394 7.55478e+006 23.7202
405390 7.55479e+006 23.7202
405394 7.55478e+006 23.7202
405397 7.55479e+006 23.7202
405397 7.55479e+006 23.7202
405394 7.55479e+006 23.7202
405390 7.55479e+006 23.7202
405396 7.55478e+006 23.7202
405404 7.55478e+006 23.7202
405408 7.55479e+006 23.7202
405408 7.55479e+006 23.7202
405399 7.55479e+006 23.7202
405396 7.55478e+006 23.7202
405404 7.55478e+006 26.9045
405411 7.55478e+006 26.9045
405414 7.55478e+006 26.9045
405414 7.55478e+006 26.9045
405408 7.55479e+006 26.9045
405404 7.55478e+006 26.9045
405439 7.55477e+006 23.7202
405438 7.55478e+006 23.7202
405437 7.55477e+006 23.7202
405437 7.55477e+006 23.7202
405438 7.55477e+006 23.7202
405439 7.55477e+006 23.7202
405422 7.55478e+006 26.9045
405419 7.55478e+006 26.9045
405418 7.55478e+006 26.9045
405418 7.55478e+006 26.9045
405422 7.55478e+006 26.9045
405422 7.55478e+006 26.9045
405441 7.55477e+006 23.7202
405439 7.55477e+006 23.7202
405438 7.55477e+006 23.7202
405438 7.55477e+006 23.7202
405441 7.55477e+006 23.7202
405441 7.55477e+006 23.7202
405435 7.55477e+006 26.9045
405438 7.55477e+006 26.9045
405437 7.55477e+006 26.9045
405437 7.55477e+006 26.9045
405433 7.55477e+006 26.9045
405435 7.55477e+006 26.9045
405434 7.55476e+006 26.9045
405435 7.55477e+006 26.9045
405433 7.55477e+006 26.9045
405433 7.55477e+006 26.9045
405433 7.55476e+006 26.9045
405434 7.55476e+006 26.9045
405422 7.55478e+006 26.9045
405422 7.55478e+006 26.9045
405437 7.55477e+006 26.9045
405437 7.55477e+006 26.9045
405438 7.55478e+006 26.9045
405422 7.55478e+006 26.9045
405405 7.5548e+006 29.5705
405412 7.5548e+006 29.5773
405413 7.5548e+006 29.5773
405413 7.5548e+006 29.5773
405406 7.55481e+006 29.5706
405405 7.5548e+006 29.5705
405403 7.5548e+006 29.5703
405410 7.5548e+006 29.577
405412 7.5548e+006 29.5773
405412 7.5548e+006 29.5773
405405 7.5548e+006 29.5705
405403 7.5548e+006 29.5703
405411 7.55479e+006 29.5811
405413 7.55479e+006 29.5813
405409 7.5548e+006 29.5769
405409 7.5548e+006 29.5769
405407 7.55479e+006 29.5767
405411 7.55479e+006 29.5811
405402 7.5548e+006 29.5702
405409 7.5548e+006 29.5769
405410 7.5548e+006 29.577
405410 7.5548e+006 29.577
405403 7.5548e+006 29.5703
405402 7.5548e+006 29.5702
405416 7.5548e+006 29.5816
405412 7.5548e+006 29.5773
405410 7.5548e+006 29.577
405410 7.5548e+006 29.577
405414 7.5548e+006 29.5814
405416 7.5548e+006 29.5816
405400 7.55479e+006 29.57
405407 7.55479e+006 29.5767
405409 7.5548e+006 29.5769
405409 7.5548e+006 29.5769
405402 7.5548e+006 29.5702
405400 7.55479e+006 29.57
405431 7.55478e+006 29.6014
405432 7.55478e+006 29.6015
405429 7.55478e+006 29.5981
405429 7.55478e+006 29.5981
405428 7.55478e+006 29.598
405431 7.55478e+006 29.6014
405434 7.55478e+006 29.6037
405434 7.55478e+006 29.6037
405432 7.55478e+006 29.6015
405432 7.55478e+006 29.6015
405431 7.55478e+006 29.6014
405434 7.55478e+006 29.6037
405428 7.55478e+006 29.598
405429 7.55478e+006 29.5981
405428 7.55478e+006 29.597
405428 7.55478e+006 29.597
405427 7.55478e+006 29.597
405428 7.55478e+006 29.598
405430 7.55479e+006 29.5972
405425 7.55479e+006 29.5929
405423 7.55478e+006 29.5927
405423 7.55478e+006 29.5927
405428 7.55478e+006 29.597
405430 7.55479e+006 29.5972
405434 7.55479e+006 29.6017
405431 7.55479e+006 29.5983
405429 7.55478e+006 29.5981
405429 7.55478e+006 29.5981
405432 7.55478e+006 29.6015
405434 7.55479e+006 29.6017
405436 7.55478e+006 29.6039
405434 7.55479e+006 29.6017
405432 7.55478e+006 29.6015
405432 7.55478e+006 29.6015
405434 7.55478e+006 29.6037
405436 7.55478e+006 29.6039
405429 7.55478e+006 29.5981
405431 7.55479e+006 29.5983
405430 7.55479e+006 29.5972
405430 7.55479e+006 29.5972
405428 7.55478e+006 29.597
405429 7.55478e+006 29.5981
405413 7.5548e+006 29.5451
405412 7.5548e+006 29.545
405405 7.5548e+006 29.5383
405405 7.5548e+006 29.5383
405406 7.55481e+006 29.5384
405413 7.5548e+006 29.5451
405409 7.5548e+006 29.5447
405413 7.55479e+006 29.5491
405411 7.55479e+006 29.5488
405411 7.55479e+006 29.5488
405407 7.55479e+006 29.5445
405409 7.5548e+006 29.5447
405412 7.5548e+006 29.545
405416 7.5548e+006 29.5494
405414 7.5548e+006 29.5492
405414 7.5548e+006 29.5492
405410 7.5548e+006 29.5448
405412 7.5548e+006 29.545
405410 7.5548e+006 29.5448
405403 7.5548e+006 29.5381
405405 7.5548e+006 29.5383
405405 7.5548e+006 29.5383
405412 7.5548e+006 29.545
405410 7.5548e+006 29.5448
405409 7.5548e+006 29.5447
405402 7.5548e+006 29.538
405403 7.5548e+006 29.5381
405403 7.5548e+006 29.5381
405410 7.5548e+006 29.5448
405409 7.5548e+006 29.5447
405407 7.55479e+006 29.5445
405400 7.55479e+006 29.5377
405402 7.5548e+006 29.538
405402 7.5548e+006 29.538
405409 7.5548e+006 29.5447
405407 7.55479e+006 29.5445
405445 7.55483e+006 7.93937
405450 7.55484e+006 7.94011
405437 7.55484e+006 7.93073
405437 7.55484e+006 7.93073
405433 7.55483e+006 7.92999
405445 7.55483e+006 7.93937
405441 7.55482e+006 7.93882
405445 7.55483e+006 7.93937
405433 7.55483e+006 7.92999
405433 7.55483e+006 7.92999
405429 7.55483e+006 7.92944
405441 7.55482e+006 7.93882
405451 7.55483e+006 7.94411
405456 7.55484e+006 7.94486
405453 7.55484e+006 7.9426
405453 7.55484e+006 7.9426
405448 7.55483e+006 7.94186
405451 7.55483e+006 7.94411
405432 7.55485e+006 7.92632
405427 7.55484e+006 7.92557
405429 7.55484e+006 7.92743
405429 7.55484e+006 7.92743
405434 7.55485e+006 7.92818
405432 7.55485e+006 7.92632
405448 7.55483e+006 7.94186
405453 7.55484e+006 7.9426
405451 7.55484e+006 7.94128
405451 7.55484e+006 7.94128
405446 7.55483e+006 7.94053
405448 7.55483e+006 7.94186
405434 7.55485e+006 7.92818
405429 7.55484e+006 7.92743
405431 7.55483e+006 7.92879
405431 7.55483e+006 7.92879
405436 7.55485e+006 7.92954
405434 7.55485e+006 7.92818
405445 7.55482e+006 7.94131
405448 7.55483e+006 7.94186
405446 7.55483e+006 7.94053
405446 7.55483e+006 7.94053
405443 7.55482e+006 7.93999
405445 7.55482e+006 7.94131
405429 7.55484e+006 7.92743
405426 7.55483e+006 7.92688
405427 7.55483e+006 7.92824
405427 7.55483e+006 7.92824
405431 7.55483e+006 7.92879
405429 7.55484e+006 7.92743
405429 7.55483e+006 7.92944
405426 7.55482e+006 7.92898
405438 7.55481e+006 7.93836
405438 7.55481e+006 7.93836
405441 7.55482e+006 7.93882
405429 7.55483e+006 7.92944
405426 7.55482e+006 7.92898
405419 7.55481e+006 7.92787
405432 7.5548e+006 7.93732
405432 7.5548e+006 7.93732
405438 7.55481e+006 7.93836
405426 7.55482e+006 7.92898
405440 7.55481e+006 7.93952
405433 7.5548e+006 7.93847
405435 7.5548e+006 7.93978
405435 7.5548e+006 7.93978
405442 7.55481e+006 7.94083
405440 7.55481e+006 7.93952
405418 7.55481e+006 7.92672
405425 7.55482e+006 7.92778
405423 7.55482e+006 7.92645
405423 7.55482e+006 7.92645
405416 7.55481e+006 7.9254
405418 7.55481e+006 7.92672
405446 7.55483e+006 7.94053
405451 7.55484e+006 7.94128
405450 7.55484e+006 7.94011
405450 7.55484e+006 7.94011
405445 7.55483e+006 7.93937
405446 7.55483e+006 7.94053
405436 7.55485e+006 7.92954
405431 7.55483e+006 7.92879
405433 7.55483e+006 7.92999
405433 7.55483e+006 7.92999
405437 7.55484e+006 7.93073
405436 7.55485e+006 7.92954
405443 7.55482e+006 7.93999
405446 7.55483e+006 7.94053
405445 7.55483e+006 7.93937
405445 7.55483e+006 7.93937
405441 7.55482e+006 7.93882
405443 7.55482e+006 7.93999
405431 7.55483e+006 7.92879
405427 7.55483e+006 7.92824
405429 7.55483e+006 7.92944
405429 7.55483e+006 7.92944
405433 7.55483e+006 7.92999
405431 7.55483e+006 7.92879
405427 7.55483e+006 7.92824
405425 7.55482e+006 7.92778
405426 7.55482e+006 7.92898
405426 7.55482e+006 7.92898
405429 7.55483e+006 7.92944
405427 7.55483e+006 7.92824
405440 7.55481e+006 7.93952
405443 7.55482e+006 7.93999
405441 7.55482e+006 7.93882
405441 7.55482e+006 7.93882
405438 7.55481e+006 7.93836
405440 7.55481e+006 7.93952
405425 7.55482e+006 7.92778
405418 7.55481e+006 7.92672
405419 7.55481e+006 7.92787
405419 7.55481e+006 7.92787
405426 7.55482e+006 7.92898
405425 7.55482e+006 7.92778
405433 7.5548e+006 7.93847
405440 7.55481e+006 7.93952
405438 7.55481e+006 7.93836
405438 7.55481e+006 7.93836
405432 7.5548e+006 7.93732
405433 7.5548e+006 7.93847
405435 7.5548e+006 7.93978
405433 7.5548e+006 7.93847
405431 7.5548e+006 7.9382
405431 7.5548e+006 7.9382
405433 7.55479e+006 7.93951
405435 7.5548e+006 7.93978
405418 7.55481e+006 7.92672
405416 7.55481e+006 7.9254
405414 7.5548e+006 7.92513
405414 7.5548e+006 7.92513
405416 7.5548e+006 7.92645
405418 7.55481e+006 7.92672
405430 7.5548e+006 7.93705
405429 7.55479e+006 7.93698
405431 7.55479e+006 7.93813
405431 7.55479e+006 7.93813
405431 7.5548e+006 7.9382
405430 7.5548e+006 7.93705
405419 7.55481e+006 7.92787
405418 7.55481e+006 7.92672
405416 7.5548e+006 7.92645
405416 7.5548e+006 7.92645
405417 7.5548e+006 7.9276
405419 7.55481e+006 7.92787
405433 7.5548e+006 7.93847
405432 7.5548e+006 7.93732
405430 7.5548e+006 7.93705
405430 7.5548e+006 7.93705
405431 7.5548e+006 7.9382
405433 7.5548e+006 7.93847
405415 7.5548e+006 7.92639
405417 7.5548e+006 7.92753
405417 7.5548e+006 7.9276
405417 7.5548e+006 7.9276
405416 7.5548e+006 7.92645
405415 7.5548e+006 7.92639
