405435 7.55481e+006 20.0486
405433 7.55481e+006 20.0486
405437 7.55481e+006 20.0486
405437 7.55481e+006 20.0486
405438 7.55481e+006 20.0486
405435 7.55481e+006 20.0486
405407 7.55483e+006 32.1354
405411 7.55483e+006 32.1387
405411 7.55483e+006 32.138
405411 7.55483e+006 32.138
405408 7.55483e+006 32.1362
405407 7.55483e+006 32.1354
405410 7.55484e+006 32.1365
405409 7.55484e+006 32.1358
405407 7.55483e+006 32.1354
405407 7.55483e+006 32.1354
405408 7.55483e+006 32.1362
405410 7.55484e+006 32.1365
405414 7.55484e+006 32.1391
405413 7.55484e+006 32.1384
405411 7.55483e+006 32.138
405411 7.55483e+006 32.138
405411 7.55483e+006 32.1387
405414 7.55484e+006 32.1391
405410 7.55484e+006 32.1359
405409 7.55484e+006 32.1358
405413 7.55484e+006 32.1384
405413 7.55484e+006 32.1384
405414 7.55484e+006 32.1391
405410 7.55484e+006 32.1359
405407 7.55483e+006 32.1354
405407 7.55483e+006 32.136
405410 7.55483e+006 32.1379
405410 7.55483e+006 32.1379
405411 7.55483e+006 32.1387
405407 7.55483e+006 32.1354
405405 7.55483e+006 32.1358
405407 7.55483e+006 32.136
405407 7.55483e+006 32.1354
405407 7.55483e+006 32.1354
405405 7.55483e+006 32.1351
405405 7.55483e+006 32.1358
405408 7.55483e+006 32.1382
405411 7.55483e+006 32.1387
405410 7.55483e+006 32.1379
405410 7.55483e+006 32.1379
405408 7.55483e+006 32.1376
405408 7.55483e+006 32.1382
405404 7.55483e+006 32.1349
405408 7.55483e+006 32.1382
405408 7.55483e+006 32.1376
405408 7.55483e+006 32.1376
405404 7.55483e+006 32.135
405404 7.55483e+006 32.1349
405412 7.55483e+006 29.2149
405425 7.55482e+006 29.2149
405425 7.55483e+006 29.2149
405425 7.55483e+006 29.2149
405413 7.55483e+006 29.2149
405412 7.55483e+006 29.2149
405410 7.55483e+006 29.2149
405425 7.55482e+006 29.2149
405425 7.55482e+006 29.2149
405425 7.55482e+006 29.2149
405412 7.55483e+006 29.2149
405410 7.55483e+006 29.2149
405409 7.55482e+006 29.2149
405424 7.55482e+006 29.2149
405425 7.55482e+006 29.2149
405425 7.55482e+006 29.2149
405410 7.55483e+006 29.2149
405409 7.55482e+006 29.2149
405425 7.55482e+006 29.2149
405425 7.55482e+006 29.2149
405437 7.55481e+006 29.2149
405437 7.55481e+006 29.2149
405439 7.55482e+006 29.2149
405425 7.55482e+006 29.2149
405437 7.55481e+006 29.2149
405449 7.55481e+006 29.2149
405451 7.55481e+006 29.2149
405451 7.55481e+006 29.2149
405439 7.55482e+006 29.2149
405437 7.55481e+006 29.2149
405451 7.55481e+006 29.2149
405452 7.55481e+006 29.2149
405440 7.55482e+006 29.2149
405440 7.55482e+006 29.2149
405439 7.55482e+006 29.2149
405451 7.55481e+006 29.2149
405449 7.55481e+006 29.2149
405449 7.55481e+006 29.2149
405452 7.55481e+006 29.2149
405452 7.55481e+006 29.2149
405453 7.55481e+006 29.2149
405449 7.55481e+006 29.2149
405453 7.55481e+006 29.2149
405455 7.55481e+006 29.2149
405451 7.55481e+006 29.2149
405451 7.55481e+006 29.2149
405449 7.55481e+006 29.2149
405453 7.55481e+006 29.2149
405455 7.55481e+006 29.2149
405455 7.55481e+006 29.2149
405452 7.55481e+006 29.2149
405452 7.55481e+006 29.2149
405451 7.55481e+006 29.2149
405455 7.55481e+006 29.2149
405437 7.55481e+006 29.2149
405436 7.55481e+006 29.2149
405449 7.55481e+006 29.2149
405449 7.55481e+006 29.2149
405449 7.55481e+006 29.2149
405437 7.55481e+006 29.2149
405452 7.55481e+006 29.2149
405455 7.55481e+006 29.2149
405456 7.55481e+006 29.2149
405456 7.55481e+006 29.2149
405453 7.55482e+006 29.2149
405452 7.55481e+006 29.2149
405425 7.55482e+006 27.3853
405417 7.5548e+006 27.3853
405427 7.5548e+006 27.3853
405427 7.5548e+006 27.3853
405435 7.55481e+006 27.3853
405425 7.55482e+006 27.3853
405421 7.55482e+006 29.3526
405423 7.55483e+006 29.3526
405413 7.55483e+006 29.3526
405413 7.55483e+006 29.3526
405411 7.55483e+006 29.3526
405421 7.55482e+006 29.3526
405451 7.55481e+006 29.3527
405453 7.55481e+006 29.3527
405443 7.55482e+006 29.3526
405443 7.55482e+006 29.3526
405441 7.55481e+006 29.3526
405451 7.55481e+006 29.3527
405441 7.55482e+006 23.2626
405442 7.55482e+006 23.2626
405447 7.55483e+006 23.2626
405447 7.55483e+006 23.2626
405446 7.55483e+006 23.2626
405441 7.55482e+006 23.2626
405445 7.55482e+006 23.2626
405450 7.55483e+006 23.2626
405449 7.55483e+006 23.2626
405449 7.55483e+006 23.2626
405444 7.55482e+006 23.2626
405445 7.55482e+006 23.2626
405445 7.55482e+006 23.2626
405445 7.55482e+006 23.2626
405444 7.55482e+006 23.2626
405444 7.55482e+006 23.2626
405444 7.55482e+006 23.2626
405445 7.55482e+006 23.2626
405444 7.55482e+006 23.2626
405448 7.55483e+006 23.2626
405447 7.55483e+006 23.2626
405447 7.55483e+006 23.2626
405442 7.55482e+006 23.2626
405444 7.55482e+006 23.2626
405442 7.55482e+006 23.2626
405441 7.55482e+006 23.2626
405441 7.55482e+006 23.2626
405441 7.55482e+006 23.2626
405442 7.55482e+006 23.2626
405442 7.55482e+006 23.2626
405444 7.55482e+006 23.2626
405448 7.55483e+006 23.2626
405448 7.55483e+006 23.2626
405448 7.55483e+006 23.2626
405444 7.55482e+006 23.2626
405444 7.55482e+006 23.2626
405444 7.55482e+006 23.2626
405449 7.55483e+006 23.2626
405448 7.55483e+006 23.2626
405448 7.55483e+006 23.2626
405444 7.55482e+006 23.2626
405444 7.55482e+006 23.2626
405441 7.55482e+006 26.4207
405442 7.55482e+006 26.4207
405447 7.55483e+006 26.4207
405447 7.55483e+006 26.4207
405446 7.55483e+006 26.4207
405441 7.55482e+006 26.4207
405445 7.55482e+006 26.4207
405450 7.55483e+006 26.4207
405449 7.55483e+006 26.4207
405449 7.55483e+006 26.4207
405444 7.55482e+006 26.4207
405445 7.55482e+006 26.4207
405445 7.55482e+006 26.4207
405445 7.55482e+006 26.4207
405444 7.55482e+006 26.4207
405444 7.55482e+006 26.4207
405444 7.55482e+006 26.4207
405445 7.55482e+006 26.4207
405444 7.55482e+006 26.4207
405448 7.55483e+006 26.4207
405447 7.55483e+006 26.4207
405447 7.55483e+006 26.4207
405442 7.55482e+006 26.4207
405444 7.55482e+006 26.4207
405442 7.55482e+006 26.4207
405441 7.55482e+006 26.4207
405441 7.55482e+006 26.4207
405441 7.55482e+006 26.4207
405442 7.55482e+006 26.4207
405442 7.55482e+006 26.4207
405444 7.55482e+006 26.4207
405448 7.55483e+006 26.4207
405448 7.55483e+006 26.4207
405448 7.55483e+006 26.4207
405444 7.55482e+006 26.4207
405444 7.55482e+006 26.4207
405444 7.55482e+006 26.4207
405449 7.55483e+006 26.4207
405448 7.55483e+006 26.4207
405448 7.55483e+006 26.4207
405444 7.55482e+006 26.4207
405444 7.55482e+006 26.4207
405442 7.55482e+006 29.5693
405444 7.55482e+006 29.5693
405449 7.55483e+006 29.5694
405449 7.55483e+006 29.5694
405446 7.55483e+006 29.5693
405442 7.55482e+006 29.5693
405445 7.55482e+006 29.5693
405450 7.55483e+006 29.5694
405449 7.55483e+006 29.5694
405449 7.55483e+006 29.5694
405444 7.55482e+006 29.5693
405445 7.55482e+006 29.5693
405445 7.55482e+006 29.5693
405445 7.55482e+006 29.5693
405444 7.55482e+006 29.5693
405444 7.55482e+006 29.5693
405444 7.55482e+006 29.5693
405445 7.55482e+006 29.5693
405450 7.55482e+006 27.3946
405448 7.55482e+006 27.3946
405451 7.55482e+006 27.3946
405450 7.55482e+006 27.3946
405451 7.55482e+006 27.3946
405452 7.55482e+006 27.3946
405450 7.55482e+006 27.3946
405452 7.55482e+006 27.3946
405453 7.55482e+006 27.3946
405450 7.55482e+006 27.3946
405453 7.55482e+006 27.3946
405453 7.55482e+006 27.3946
405450 7.55482e+006 27.3946
405453 7.55482e+006 27.3946
405454 7.55482e+006 27.3946
405450 7.55482e+006 30.1031
405448 7.55482e+006 30.1031
405452 7.55482e+006 30.1031
405452 7.55482e+006 30.1031
405454 7.55482e+006 30.1031
405450 7.55482e+006 30.1031
405430 7.55483e+006 23.2626
405430 7.55483e+006 23.2626
405435 7.55484e+006 23.2626
405435 7.55484e+006 23.2626
405434 7.55484e+006 23.2626
405430 7.55483e+006 23.2626
405433 7.55482e+006 23.2626
405438 7.55483e+006 23.2626
405437 7.55483e+006 23.2626
405437 7.55483e+006 23.2626
405433 7.55482e+006 23.2626
405433 7.55482e+006 23.2626
405433 7.55482e+006 23.2626
405433 7.55482e+006 23.2626
405433 7.55482e+006 23.2626
405433 7.55482e+006 23.2626
405432 7.55482e+006 23.2626
405433 7.55482e+006 23.2626
405432 7.55483e+006 23.2626
405436 7.55483e+006 23.2626
405435 7.55484e+006 23.2626
405435 7.55484e+006 23.2626
405430 7.55483e+006 23.2626
405432 7.55483e+006 23.2626
405430 7.55483e+006 23.2626
405430 7.55483e+006 23.2626
405429 7.55483e+006 23.2626
405429 7.55483e+006 23.2626
405430 7.55482e+006 23.2626
405430 7.55483e+006 23.2626
405432 7.55482e+006 23.2626
405437 7.55483e+006 23.2626
405436 7.55483e+006 23.2626
405436 7.55483e+006 23.2626
405432 7.55483e+006 23.2626
405432 7.55482e+006 23.2626
405433 7.55482e+006 23.2626
405437 7.55483e+006 23.2626
405437 7.55483e+006 23.2626
405437 7.55483e+006 23.2626
405432 7.55482e+006 23.2626
405433 7.55482e+006 23.2626
405430 7.55483e+006 26.4207
405430 7.55483e+006 26.4207
405435 7.55484e+006 26.4207
405435 7.55484e+006 26.4207
405434 7.55484e+006 26.4207
405430 7.55483e+006 26.4207
405433 7.55482e+006 26.4207
405438 7.55483e+006 26.4207
405437 7.55483e+006 26.4207
405437 7.55483e+006 26.4207
405433 7.55482e+006 26.4207
405433 7.55482e+006 26.4207
405433 7.55482e+006 26.4207
405433 7.55482e+006 26.4207
405433 7.55482e+006 26.4207
405433 7.55482e+006 26.4207
405432 7.55482e+006 26.4207
405433 7.55482e+006 26.4207
405432 7.55483e+006 26.4207
405436 7.55483e+006 26.4207
405435 7.55484e+006 26.4207
405435 7.55484e+006 26.4207
405430 7.55483e+006 26.4207
405432 7.55483e+006 26.4207
405430 7.55483e+006 26.4207
405430 7.55483e+006 26.4207
405429 7.55483e+006 26.4207
405429 7.55483e+006 26.4207
405430 7.55482e+006 26.4207
405430 7.55483e+006 26.4207
405432 7.55482e+006 26.4207
405437 7.55483e+006 26.4207
405436 7.55483e+006 26.4207
405436 7.55483e+006 26.4207
405432 7.55483e+006 26.4207
405432 7.55482e+006 26.4207
405433 7.55482e+006 26.4207
405437 7.55483e+006 26.4207
405437 7.55483e+006 26.4207
405437 7.55483e+006 26.4207
405432 7.55482e+006 26.4207
405433 7.55482e+006 26.4207
405430 7.55483e+006 29.5693
405433 7.55482e+006 29.5693
405437 7.55483e+006 29.5693
405437 7.55483e+006 29.5693
405434 7.55484e+006 29.5693
405430 7.55483e+006 29.5693
405433 7.55482e+006 29.5693
405438 7.55483e+006 29.5693
405437 7.55483e+006 29.5693
405437 7.55483e+006 29.5693
405433 7.55482e+006 29.5693
405433 7.55482e+006 29.5693
405433 7.55482e+006 29.5693
405433 7.55482e+006 29.5693
405433 7.55482e+006 29.5693
405433 7.55482e+006 29.5693
405432 7.55482e+006 29.5693
405433 7.55482e+006 29.5693
405438 7.55483e+006 27.3946
405436 7.55483e+006 27.3946
405439 7.55482e+006 27.3946
405438 7.55483e+006 27.3946
405439 7.55482e+006 27.3946
405440 7.55482e+006 27.3946
405438 7.55483e+006 27.3946
405440 7.55482e+006 27.3946
405441 7.55483e+006 27.3946
405438 7.55483e+006 27.3946
405441 7.55483e+006 27.3946
405441 7.55483e+006 27.3946
405438 7.55483e+006 27.3946
405441 7.55483e+006 27.3946
405442 7.55483e+006 27.3946
405438 7.55483e+006 30.1031
405436 7.55483e+006 30.1031
405440 7.55482e+006 30.1031
405440 7.55482e+006 30.1031
405442 7.55483e+006 30.1031
405438 7.55483e+006 30.1031
405418 7.55483e+006 23.2626
405419 7.55483e+006 23.2626
405423 7.55484e+006 23.2626
405423 7.55484e+006 23.2626
405422 7.55484e+006 23.2626
405418 7.55483e+006 23.2626
405422 7.55483e+006 23.2626
405426 7.55484e+006 23.2626
405425 7.55484e+006 23.2626
405425 7.55484e+006 23.2626
405421 7.55483e+006 23.2626
405422 7.55483e+006 23.2626
405421 7.55483e+006 23.2626
405422 7.55483e+006 23.2626
405421 7.55483e+006 23.2626
405421 7.55483e+006 23.2626
405420 7.55483e+006 23.2626
405421 7.55483e+006 23.2626
405420 7.55483e+006 23.2626
405424 7.55484e+006 23.2626
405423 7.55484e+006 23.2626
405423 7.55484e+006 23.2626
405419 7.55483e+006 23.2626
405420 7.55483e+006 23.2626
405419 7.55483e+006 23.2626
405418 7.55483e+006 23.2626
405417 7.55483e+006 23.2626
405417 7.55483e+006 23.2626
405418 7.55483e+006 23.2626
405419 7.55483e+006 23.2626
405421 7.55483e+006 23.2626
405425 7.55484e+006 23.2626
405424 7.55484e+006 23.2626
405424 7.55484e+006 23.2626
405420 7.55483e+006 23.2626
405421 7.55483e+006 23.2626
405421 7.55483e+006 23.2626
405425 7.55484e+006 23.2626
405425 7.55484e+006 23.2626
405425 7.55484e+006 23.2626
405421 7.55483e+006 23.2626
405421 7.55483e+006 23.2626
405418 7.55483e+006 26.4207
405419 7.55483e+006 26.4207
405423 7.55484e+006 26.4207
405423 7.55484e+006 26.4207
405422 7.55484e+006 26.4207
405418 7.55483e+006 26.4207
405422 7.55483e+006 26.4207
405426 7.55484e+006 26.4207
405425 7.55484e+006 26.4207
405425 7.55484e+006 26.4207
405421 7.55483e+006 26.4207
405422 7.55483e+006 26.4207
405421 7.55483e+006 26.4207
405422 7.55483e+006 26.4207
405421 7.55483e+006 26.4207
405421 7.55483e+006 26.4207
405420 7.55483e+006 26.4207
405421 7.55483e+006 26.4207
405420 7.55483e+006 26.4207
405424 7.55484e+006 26.4207
405423 7.55484e+006 26.4207
405423 7.55484e+006 26.4207
405419 7.55483e+006 26.4207
405420 7.55483e+006 26.4207
405419 7.55483e+006 26.4207
405418 7.55483e+006 26.4207
405417 7.55483e+006 26.4207
405417 7.55483e+006 26.4207
405418 7.55483e+006 26.4207
405419 7.55483e+006 26.4207
405421 7.55483e+006 26.4207
405425 7.55484e+006 26.4207
405424 7.55484e+006 26.4207
405424 7.55484e+006 26.4207
405420 7.55483e+006 26.4207
405421 7.55483e+006 26.4207
405421 7.55483e+006 26.4207
405425 7.55484e+006 26.4207
405425 7.55484e+006 26.4207
405425 7.55484e+006 26.4207
405421 7.55483e+006 26.4207
405421 7.55483e+006 26.4207
405418 7.55483e+006 29.5693
405421 7.55483e+006 29.5693
405425 7.55484e+006 29.5693
405425 7.55484e+006 29.5693
405422 7.55484e+006 29.5693
405418 7.55483e+006 29.5693
405422 7.55483e+006 29.5693
405426 7.55484e+006 29.5693
405425 7.55484e+006 29.5693
405425 7.55484e+006 29.5693
405421 7.55483e+006 29.5693
405422 7.55483e+006 29.5693
405421 7.55483e+006 29.5693
405422 7.55483e+006 29.5693
405421 7.55483e+006 29.5693
405421 7.55483e+006 29.5693
405420 7.55483e+006 29.5693
405421 7.55483e+006 29.5693
405426 7.55484e+006 27.3946
405424 7.55483e+006 27.3945
405427 7.55483e+006 27.3945
405426 7.55484e+006 27.3946
405427 7.55483e+006 27.3945
405428 7.55483e+006 27.3945
405426 7.55484e+006 27.3946
405428 7.55483e+006 27.3945
405429 7.55483e+006 27.3946
405426 7.55484e+006 27.3946
405429 7.55483e+006 27.3946
405430 7.55483e+006 27.3946
405426 7.55484e+006 27.3946
405430 7.55483e+006 27.3946
405430 7.55483e+006 27.3946
405426 7.55484e+006 30.1031
405424 7.55483e+006 30.1031
405428 7.55483e+006 30.1031
405428 7.55483e+006 30.1031
405430 7.55483e+006 30.1031
405426 7.55484e+006 30.1031
405414 7.55482e+006 20.2055
405413 7.55482e+006 20.2055
405415 7.55482e+006 20.2055
405415 7.55482e+006 20.2055
405416 7.55482e+006 20.2055
405414 7.55482e+006 20.2055
405413 7.55482e+006 20.1433
405409 7.55482e+006 20.1433
405409 7.55482e+006 20.1433
405409 7.55482e+006 20.1433
405413 7.55482e+006 20.1433
405413 7.55482e+006 20.1433
