400314 7.55247e+006 48.1943
400314 7.55243e+006 48.1944
400314 7.55243e+006 47.8562
400314 7.55243e+006 47.8562
400314 7.55247e+006 47.8561
400314 7.55247e+006 48.1943
400313 7.55247e+006 48.1943
400313 7.55243e+006 48.1944
400314 7.55243e+006 48.1944
400314 7.55243e+006 48.1944
400314 7.55247e+006 48.1943
400313 7.55247e+006 48.1943
400313 7.55247e+006 47.8561
400313 7.55243e+006 47.8562
400313 7.55243e+006 48.1944
400313 7.55243e+006 48.1944
400313 7.55247e+006 48.1943
400313 7.55247e+006 47.8561
400314 7.55247e+006 47.8561
400314 7.55243e+006 47.8562
400313 7.55243e+006 47.8562
400313 7.55243e+006 47.8562
400313 7.55247e+006 47.8561
400314 7.55247e+006 47.8561
400306 7.55247e+006 48.1943
400314 7.55247e+006 48.1943
400314 7.55247e+006 47.8561
400314 7.55247e+006 47.8561
400306 7.55247e+006 47.8561
400306 7.55247e+006 48.1943
400306 7.55247e+006 48.1943
400313 7.55247e+006 48.1943
400314 7.55247e+006 48.1943
400314 7.55247e+006 48.1943
400306 7.55247e+006 48.1943
400306 7.55247e+006 48.1943
400306 7.55247e+006 47.8561
400313 7.55247e+006 47.8561
400313 7.55247e+006 48.1943
400313 7.55247e+006 48.1943
400306 7.55247e+006 48.1943
400306 7.55247e+006 47.8561
400306 7.55247e+006 47.8561
400314 7.55247e+006 47.8561
400313 7.55247e+006 47.8561
400313 7.55247e+006 47.8561
400306 7.55247e+006 47.8561
400306 7.55247e+006 47.8561
400306 7.55243e+006 48.1944
400306 7.55247e+006 48.1943
400306 7.55247e+006 47.8561
400306 7.55247e+006 47.8561
400306 7.55243e+006 47.8562
400306 7.55243e+006 48.1944
400306 7.55243e+006 48.1944
400306 7.55247e+006 48.1943
400306 7.55247e+006 48.1943
400306 7.55247e+006 48.1943
400306 7.55243e+006 48.1944
400306 7.55243e+006 48.1944
400306 7.55243e+006 47.8562
400306 7.55247e+006 47.8561
400306 7.55247e+006 48.1943
400306 7.55247e+006 48.1943
400306 7.55243e+006 48.1944
400306 7.55243e+006 47.8562
400306 7.55243e+006 47.8562
400306 7.55247e+006 47.8561
400306 7.55247e+006 47.8561
400306 7.55247e+006 47.8561
400306 7.55243e+006 47.8562
400306 7.55243e+006 47.8562
400314 7.55243e+006 48.1944
400306 7.55243e+006 48.1944
400306 7.55243e+006 47.8562
400306 7.55243e+006 47.8562
400314 7.55243e+006 47.8562
400314 7.55243e+006 48.1944
400313 7.55243e+006 48.1944
400306 7.55243e+006 48.1944
400306 7.55243e+006 48.1944
400306 7.55243e+006 48.1944
400314 7.55243e+006 48.1944
400313 7.55243e+006 48.1944
400313 7.55243e+006 47.8562
400306 7.55243e+006 47.8562
400306 7.55243e+006 48.1944
400306 7.55243e+006 48.1944
400313 7.55243e+006 48.1944
400313 7.55243e+006 47.8562
400314 7.55243e+006 47.8562
400306 7.55243e+006 47.8562
400306 7.55243e+006 47.8562
400306 7.55243e+006 47.8562
400313 7.55243e+006 47.8562
400314 7.55243e+006 47.8562
