400306 7.55247e+006 29.1851
400306 7.55244e+006 29.1852
400306 7.55244e+006 29.561
400306 7.55244e+006 29.561
400306 7.55247e+006 29.5608
400306 7.55247e+006 29.1851
400306 7.55247e+006 29.5608
400306 7.55244e+006 29.561
400306 7.55244e+006 29.5737
400306 7.55244e+006 29.5737
400306 7.55247e+006 29.5735
400306 7.55247e+006 29.5608
400306 7.55247e+006 29.5735
400306 7.55244e+006 29.5737
400306 7.55244e+006 29.198
400306 7.55244e+006 29.198
400306 7.55247e+006 29.1978
400306 7.55247e+006 29.5735
400306 7.55247e+006 29.1978
400306 7.55244e+006 29.198
400306 7.55244e+006 29.1852
400306 7.55244e+006 29.1852
400306 7.55247e+006 29.1851
400306 7.55247e+006 29.1978
400306 7.55247e+006 29.5608
400306 7.55247e+006 29.5735
400306 7.55247e+006 29.1851
400306 7.55247e+006 29.5735
400306 7.55247e+006 29.1978
400306 7.55247e+006 29.1851
400306 7.55244e+006 29.5737
400306 7.55244e+006 29.561
400306 7.55244e+006 29.1852
400306 7.55244e+006 29.198
400306 7.55244e+006 29.5737
400306 7.55244e+006 29.1852
400322 7.55247e+006 29.0161
400322 7.55244e+006 29.0161
400322 7.55244e+006 29.3925
400322 7.55244e+006 29.3925
400322 7.55247e+006 29.3925
400322 7.55247e+006 29.0161
400322 7.55247e+006 29.3925
400322 7.55244e+006 29.3925
400322 7.55244e+006 29.3914
400322 7.55244e+006 29.3914
400322 7.55247e+006 29.3914
400322 7.55247e+006 29.3925
400322 7.55247e+006 29.3914
400322 7.55244e+006 29.3914
400322 7.55244e+006 29.015
400322 7.55244e+006 29.015
400322 7.55247e+006 29.015
400322 7.55247e+006 29.3914
400322 7.55247e+006 29.015
400322 7.55244e+006 29.015
400322 7.55244e+006 29.0161
400322 7.55244e+006 29.0161
400322 7.55247e+006 29.0161
400322 7.55247e+006 29.015
400322 7.55247e+006 29.3925
400322 7.55247e+006 29.3914
400322 7.55247e+006 29.0161
400322 7.55247e+006 29.3914
400322 7.55247e+006 29.015
400322 7.55247e+006 29.0161
400322 7.55244e+006 29.3914
400322 7.55244e+006 29.3925
400322 7.55244e+006 29.0161
400322 7.55244e+006 29.015
400322 7.55244e+006 29.3914
400322 7.55244e+006 29.0161
400322 7.55247e+006 29.3926
400306 7.55247e+006 29.5639
400306 7.55247e+006 29.1875
400306 7.55247e+006 29.1875
400322 7.55247e+006 29.0162
400322 7.55247e+006 29.3926
400322 7.55247e+006 29.0162
400306 7.55247e+006 29.1875
400306 7.55247e+006 29.1875
400306 7.55247e+006 29.1875
400322 7.55247e+006 29.0162
400322 7.55247e+006 29.0162
400322 7.55247e+006 29.0162
400306 7.55247e+006 29.1875
400306 7.55247e+006 29.5639
400306 7.55247e+006 29.5639
400322 7.55247e+006 29.3926
400322 7.55247e+006 29.0162
400322 7.55247e+006 29.3926
400306 7.55247e+006 29.5639
400306 7.55247e+006 29.5639
400306 7.55247e+006 29.5639
400322 7.55247e+006 29.3926
400322 7.55247e+006 29.3926
400322 7.55247e+006 29.0162
400322 7.55247e+006 29.0162
400322 7.55247e+006 29.3926
400322 7.55247e+006 29.0162
400322 7.55247e+006 29.3926
400322 7.55247e+006 29.3926
400306 7.55247e+006 29.1875
400306 7.55247e+006 29.1875
400306 7.55247e+006 29.5639
400306 7.55247e+006 29.5639
400306 7.55247e+006 29.1875
400306 7.55247e+006 29.5639
400322 7.55244e+006 29.3926
400306 7.55244e+006 29.5639
400306 7.55244e+006 29.1875
400306 7.55244e+006 29.1875
400322 7.55244e+006 29.0162
400322 7.55244e+006 29.3926
400322 7.55244e+006 29.0162
400306 7.55244e+006 29.1875
400306 7.55244e+006 29.1875
400306 7.55244e+006 29.1875
400322 7.55244e+006 29.0162
400322 7.55244e+006 29.0162
400322 7.55244e+006 29.0162
400306 7.55244e+006 29.1875
400306 7.55244e+006 29.5639
400306 7.55244e+006 29.5639
400322 7.55244e+006 29.3926
400322 7.55244e+006 29.0162
400322 7.55244e+006 29.3926
400306 7.55244e+006 29.5639
400306 7.55244e+006 29.5639
400306 7.55244e+006 29.5639
400322 7.55244e+006 29.3926
400322 7.55244e+006 29.3926
400322 7.55244e+006 29.0162
400322 7.55244e+006 29.0162
400322 7.55244e+006 29.3926
400322 7.55244e+006 29.0162
400322 7.55244e+006 29.3926
400322 7.55244e+006 29.3926
400306 7.55244e+006 29.1875
400306 7.55244e+006 29.1875
400306 7.55244e+006 29.5639
400306 7.55244e+006 29.5639
400306 7.55244e+006 29.1875
400306 7.55244e+006 29.5639
400322 7.55246e+006 29.3926
400306 7.55246e+006 29.5639
400306 7.55246e+006 29.1875
400306 7.55246e+006 29.1875
400322 7.55246e+006 29.0162
400322 7.55246e+006 29.3926
400322 7.55246e+006 29.0162
400306 7.55246e+006 29.1875
400306 7.55246e+006 29.1875
400306 7.55246e+006 29.1875
400322 7.55246e+006 29.0162
400322 7.55246e+006 29.0162
400322 7.55246e+006 29.0162
400306 7.55246e+006 29.1875
400306 7.55246e+006 29.5639
400306 7.55246e+006 29.5639
400322 7.55246e+006 29.3926
400322 7.55246e+006 29.0162
400322 7.55246e+006 29.3926
400306 7.55246e+006 29.5639
400306 7.55246e+006 29.5639
400306 7.55246e+006 29.5639
400322 7.55246e+006 29.3926
400322 7.55246e+006 29.3926
400322 7.55246e+006 29.0162
400322 7.55246e+006 29.0162
400322 7.55246e+006 29.3926
400322 7.55246e+006 29.0162
400322 7.55246e+006 29.3926
400322 7.55246e+006 29.3926
400306 7.55246e+006 29.1875
400306 7.55246e+006 29.1875
400306 7.55246e+006 29.5639
400306 7.55246e+006 29.5639
400306 7.55246e+006 29.1875
400306 7.55246e+006 29.5639
400322 7.55245e+006 29.3926
400314 7.55245e+006 29.479
400314 7.55245e+006 29.1026
400314 7.55245e+006 29.1026
400322 7.55245e+006 29.0162
400322 7.55245e+006 29.3926
400322 7.55245e+006 29.0162
400314 7.55245e+006 29.1026
400314 7.55245e+006 29.1026
400314 7.55245e+006 29.1026
400322 7.55245e+006 29.0162
400322 7.55245e+006 29.0162
400322 7.55245e+006 29.0162
400314 7.55245e+006 29.1026
400314 7.55245e+006 29.479
400314 7.55245e+006 29.479
400322 7.55245e+006 29.3926
400322 7.55245e+006 29.0162
400322 7.55245e+006 29.3926
400314 7.55245e+006 29.479
400314 7.55245e+006 29.479
400314 7.55245e+006 29.479
400322 7.55245e+006 29.3926
400322 7.55245e+006 29.3926
400322 7.55245e+006 29.0162
400322 7.55245e+006 29.0162
400322 7.55245e+006 29.3926
400322 7.55245e+006 29.0162
400322 7.55245e+006 29.3926
400322 7.55245e+006 29.3926
400314 7.55245e+006 29.1026
400314 7.55245e+006 29.1026
400314 7.55245e+006 29.479
400314 7.55245e+006 29.479
400314 7.55245e+006 29.1026
400314 7.55245e+006 29.479
400322 7.55244e+006 29.3926
400306 7.55244e+006 29.5639
400306 7.55244e+006 29.1875
400306 7.55244e+006 29.1875
400322 7.55244e+006 29.0162
400322 7.55244e+006 29.3926
400322 7.55244e+006 29.0162
400306 7.55244e+006 29.1875
400306 7.55244e+006 29.1875
400306 7.55244e+006 29.1875
400322 7.55244e+006 29.0162
400322 7.55244e+006 29.0162
400322 7.55244e+006 29.0162
400306 7.55244e+006 29.1875
400306 7.55244e+006 29.5639
400306 7.55244e+006 29.5639
400322 7.55244e+006 29.3926
400322 7.55244e+006 29.0162
400322 7.55244e+006 29.3926
400306 7.55244e+006 29.5639
400306 7.55244e+006 29.5639
400306 7.55244e+006 29.5639
400322 7.55244e+006 29.3926
400322 7.55244e+006 29.3926
400322 7.55244e+006 29.0162
400322 7.55244e+006 29.0162
400322 7.55244e+006 29.3926
400322 7.55244e+006 29.0162
400322 7.55244e+006 29.3926
400322 7.55244e+006 29.3926
400306 7.55244e+006 29.1875
400306 7.55244e+006 29.1875
400306 7.55244e+006 29.5639
400306 7.55244e+006 29.5639
400306 7.55244e+006 29.1875
400306 7.55244e+006 29.5639
400322 7.55244e+006 29.3926
400306 7.55244e+006 29.5639
400306 7.55244e+006 29.1875
400306 7.55244e+006 29.1875
400322 7.55244e+006 29.0162
400322 7.55244e+006 29.3926
400322 7.55244e+006 29.0162
400306 7.55244e+006 29.1875
400306 7.55244e+006 29.1875
400306 7.55244e+006 29.1875
400322 7.55244e+006 29.0162
400322 7.55244e+006 29.0162
400322 7.55244e+006 29.0162
400306 7.55244e+006 29.1875
400306 7.55244e+006 29.5639
400306 7.55244e+006 29.5639
400322 7.55244e+006 29.3926
400322 7.55244e+006 29.0162
400322 7.55244e+006 29.3926
400306 7.55244e+006 29.5639
400306 7.55244e+006 29.5639
400306 7.55244e+006 29.5639
400322 7.55244e+006 29.3926
400322 7.55244e+006 29.3926
400322 7.55244e+006 29.0162
400322 7.55244e+006 29.0162
400322 7.55244e+006 29.3926
400322 7.55244e+006 29.0162
400322 7.55244e+006 29.3926
400322 7.55244e+006 29.3926
400306 7.55244e+006 29.1875
400306 7.55244e+006 29.1875
400306 7.55244e+006 29.5639
400306 7.55244e+006 29.5639
400306 7.55244e+006 29.1875
400306 7.55244e+006 29.5639
400310 7.55247e+006 29.1346
400310 7.55246e+006 29.1347
400310 7.55246e+006 29.5104
400310 7.55246e+006 29.5104
400310 7.55247e+006 29.5103
400310 7.55247e+006 29.1346
400310 7.55247e+006 29.5103
400310 7.55246e+006 29.5104
400310 7.55246e+006 29.5232
400310 7.55246e+006 29.5232
400310 7.55247e+006 29.5231
400310 7.55247e+006 29.5103
400310 7.55247e+006 29.5231
400310 7.55246e+006 29.5232
400310 7.55246e+006 29.1475
400310 7.55246e+006 29.1475
400310 7.55247e+006 29.1475
400310 7.55247e+006 29.5231
400310 7.55247e+006 29.1475
400310 7.55246e+006 29.1475
400310 7.55246e+006 29.1347
400310 7.55246e+006 29.1347
400310 7.55247e+006 29.1346
400310 7.55247e+006 29.1475
400310 7.55247e+006 29.5103
400310 7.55247e+006 29.5231
400310 7.55247e+006 29.1346
400310 7.55247e+006 29.5231
400310 7.55247e+006 29.1475
400310 7.55247e+006 29.1346
400310 7.55246e+006 29.5232
400310 7.55246e+006 29.5104
400310 7.55246e+006 29.1347
400310 7.55246e+006 29.1475
400310 7.55246e+006 29.5232
400310 7.55246e+006 29.1347
400315 7.55247e+006 29.094
400315 7.55244e+006 29.094
400315 7.55244e+006 29.4704
400315 7.55244e+006 29.4704
400315 7.55247e+006 29.4704
400315 7.55247e+006 29.094
400315 7.55247e+006 29.4704
400315 7.55244e+006 29.4704
400315 7.55244e+006 29.4668
400315 7.55244e+006 29.4668
400315 7.55247e+006 29.4668
400315 7.55247e+006 29.4704
400315 7.55247e+006 29.4668
400315 7.55244e+006 29.4668
400315 7.55244e+006 29.0904
400315 7.55244e+006 29.0904
400315 7.55247e+006 29.0904
400315 7.55247e+006 29.4668
400315 7.55247e+006 29.0904
400315 7.55244e+006 29.0904
400315 7.55244e+006 29.094
400315 7.55244e+006 29.094
400315 7.55247e+006 29.094
400315 7.55247e+006 29.0904
400315 7.55247e+006 29.4704
400315 7.55247e+006 29.4668
400315 7.55247e+006 29.094
400315 7.55247e+006 29.4668
400315 7.55247e+006 29.0904
400315 7.55247e+006 29.094
400315 7.55244e+006 29.4668
400315 7.55244e+006 29.4704
400315 7.55244e+006 29.094
400315 7.55244e+006 29.0904
400315 7.55244e+006 29.4668
400315 7.55244e+006 29.094
400310 7.55244e+006 29.1347
400310 7.55244e+006 29.1348
400310 7.55244e+006 29.5105
400310 7.55244e+006 29.5105
400310 7.55244e+006 29.5104
400310 7.55244e+006 29.1347
400310 7.55244e+006 29.5104
400310 7.55244e+006 29.5105
400310 7.55244e+006 29.5233
400310 7.55244e+006 29.5233
400310 7.55244e+006 29.5233
400310 7.55244e+006 29.5104
400310 7.55244e+006 29.5233
400310 7.55244e+006 29.5233
400310 7.55244e+006 29.1477
400310 7.55244e+006 29.1477
400310 7.55244e+006 29.1476
400310 7.55244e+006 29.5233
400310 7.55244e+006 29.1476
400310 7.55244e+006 29.1477
400310 7.55244e+006 29.1348
400310 7.55244e+006 29.1348
400310 7.55244e+006 29.1347
400310 7.55244e+006 29.1476
400310 7.55244e+006 29.5104
400310 7.55244e+006 29.5233
400310 7.55244e+006 29.1347
400310 7.55244e+006 29.5233
400310 7.55244e+006 29.1476
400310 7.55244e+006 29.1347
400310 7.55244e+006 29.5233
400310 7.55244e+006 29.5105
400310 7.55244e+006 29.1348
400310 7.55244e+006 29.1477
400310 7.55244e+006 29.5233
400310 7.55244e+006 29.1348
