400320 7.55246e+006 21.028
400318 7.55246e+006 21.028
400315 7.55246e+006 21.028
400315 7.55246e+006 21.028
400311 7.55246e+006 21.028
400308 7.55246e+006 21.028
400308 7.55246e+006 21.028
400304 7.55246e+006 21.028
400301 7.55246e+006 21.028
400315 7.55246e+006 21.028
400308 7.55246e+006 21.028
400301 7.55246e+006 21.028
400301 7.55246e+006 21.028
400300 7.55246e+006 21.028
400299 7.55245e+006 21.028
400299 7.55245e+006 21.028
400300 7.55245e+006 21.028
400301 7.55245e+006 21.028
400301 7.55246e+006 21.028
400299 7.55245e+006 21.028
400301 7.55245e+006 21.028
400301 7.55245e+006 21.028
400304 7.55244e+006 21.028
400308 7.55244e+006 21.028
400308 7.55244e+006 21.028
400311 7.55244e+006 21.028
400315 7.55244e+006 21.028
400301 7.55245e+006 21.028
400308 7.55244e+006 21.028
400315 7.55244e+006 21.028
400301 7.55246e+006 21.028
400301 7.55245e+006 21.028
400315 7.55244e+006 21.028
400315 7.55246e+006 21.028
400301 7.55246e+006 21.028
400315 7.55244e+006 21.028
400315 7.55244e+006 21.028
400318 7.55245e+006 21.028
400320 7.55245e+006 21.028
400315 7.55246e+006 21.028
400315 7.55244e+006 21.028
400320 7.55245e+006 21.028
400320 7.55246e+006 21.028
400315 7.55246e+006 21.028
400320 7.55245e+006 21.028
400320 7.55245e+006 21.028
400320 7.55246e+006 21.028
400320 7.55245e+006 21.028
400316 7.55245e+006 18.6336
400315 7.55246e+006 18.6336
400313 7.55246e+006 18.6336
400313 7.55246e+006 18.6336
400311 7.55246e+006 18.6336
400308 7.55246e+006 18.6336
400308 7.55246e+006 18.6336
400306 7.55246e+006 18.6336
400304 7.55246e+006 18.6336
400313 7.55246e+006 18.6336
400308 7.55246e+006 18.6336
400304 7.55246e+006 18.6336
400304 7.55246e+006 18.6336
400303 7.55245e+006 18.6336
400303 7.55245e+006 18.6336
400303 7.55245e+006 18.6336
400303 7.55245e+006 18.6336
400304 7.55245e+006 18.6336
400304 7.55246e+006 18.6336
400303 7.55245e+006 18.6336
400304 7.55245e+006 18.6336
400304 7.55245e+006 18.6336
400306 7.55245e+006 18.6336
400308 7.55245e+006 18.6336
400308 7.55245e+006 18.6336
400311 7.55245e+006 18.6336
400313 7.55245e+006 18.6336
400304 7.55245e+006 18.6336
400308 7.55245e+006 18.6336
400313 7.55245e+006 18.6336
400304 7.55246e+006 18.6336
400304 7.55245e+006 18.6336
400313 7.55245e+006 18.6336
400313 7.55246e+006 18.6336
400304 7.55246e+006 18.6336
400313 7.55245e+006 18.6336
400313 7.55245e+006 18.6336
400315 7.55245e+006 18.6336
400316 7.55245e+006 18.6336
400313 7.55246e+006 18.6336
400313 7.55245e+006 18.6336
400316 7.55245e+006 18.6336
400316 7.55245e+006 18.6336
400313 7.55246e+006 18.6336
400316 7.55245e+006 18.6336
400317 7.55245e+006 18.6336
400316 7.55245e+006 18.6336
400316 7.55245e+006 18.6336
400317 7.55246e+006 15.8453
400316 7.55246e+006 15.8453
400314 7.55246e+006 15.8453
400314 7.55246e+006 15.8453
400311 7.55246e+006 15.8453
400308 7.55246e+006 15.8453
400308 7.55246e+006 15.8453
400305 7.55246e+006 15.8453
400303 7.55246e+006 15.8453
400314 7.55246e+006 15.8453
400308 7.55246e+006 15.8453
400303 7.55246e+006 15.8453
400303 7.55246e+006 15.8453
400302 7.55246e+006 15.8453
400301 7.55245e+006 15.8453
400301 7.55245e+006 15.8453
400302 7.55245e+006 15.8453
400303 7.55245e+006 15.8453
400303 7.55246e+006 15.8453
400301 7.55245e+006 15.8453
400303 7.55245e+006 15.8453
400303 7.55245e+006 15.8453
400305 7.55245e+006 15.8453
400308 7.55244e+006 15.8453
400308 7.55244e+006 15.8453
400311 7.55244e+006 15.8453
400314 7.55245e+006 15.8453
400303 7.55245e+006 15.8453
400308 7.55244e+006 15.8453
400314 7.55245e+006 15.8453
400303 7.55246e+006 15.8453
400303 7.55245e+006 15.8453
400314 7.55245e+006 15.8453
400314 7.55246e+006 15.8453
400303 7.55246e+006 15.8453
400314 7.55245e+006 15.8453
400314 7.55245e+006 15.8453
400316 7.55245e+006 15.8453
400317 7.55245e+006 15.8453
400314 7.55246e+006 15.8453
400314 7.55245e+006 15.8453
400317 7.55245e+006 15.8453
400317 7.55246e+006 15.8453
400314 7.55246e+006 15.8453
400317 7.55245e+006 15.8453
400318 7.55245e+006 15.8453
400317 7.55246e+006 15.8453
400317 7.55245e+006 15.8453
400321 7.55246e+006 24.5962
400319 7.55246e+006 24.5962
400316 7.55246e+006 24.5962
400316 7.55246e+006 24.5962
400312 7.55246e+006 24.5962
400308 7.55246e+006 24.5962
400308 7.55246e+006 24.5962
400304 7.55246e+006 24.5962
400300 7.55246e+006 24.5962
400316 7.55246e+006 24.5962
400308 7.55246e+006 24.5962
400300 7.55246e+006 24.5962
400300 7.55246e+006 24.5962
400298 7.55246e+006 24.5962
400297 7.55245e+006 24.5962
400297 7.55245e+006 24.5962
400298 7.55245e+006 24.5962
400300 7.55244e+006 24.5962
400300 7.55246e+006 24.5962
400297 7.55245e+006 24.5962
400300 7.55244e+006 24.5962
400300 7.55244e+006 24.5962
400304 7.55244e+006 24.5962
400308 7.55244e+006 24.5962
400308 7.55244e+006 24.5962
400312 7.55244e+006 24.5962
400316 7.55244e+006 24.5962
400300 7.55244e+006 24.5962
400308 7.55244e+006 24.5962
400316 7.55244e+006 24.5962
400300 7.55246e+006 24.5962
400300 7.55244e+006 24.5962
400316 7.55244e+006 24.5962
400316 7.55246e+006 24.5962
400300 7.55246e+006 24.5962
400316 7.55244e+006 24.5962
400316 7.55244e+006 24.5962
400319 7.55244e+006 24.5962
400321 7.55245e+006 24.5962
400316 7.55246e+006 24.5962
400316 7.55244e+006 24.5962
400321 7.55245e+006 24.5962
400321 7.55246e+006 24.5962
400316 7.55246e+006 24.5962
400321 7.55245e+006 24.5962
400322 7.55245e+006 24.5962
400321 7.55246e+006 24.5962
400321 7.55245e+006 24.5962
