405450 7.55479e+006 23.8718
405450 7.55479e+006 23.8832
405450 7.55479e+006 23.8841
405450 7.55479e+006 23.8841
405450 7.55479e+006 23.8725
405450 7.55479e+006 23.8718
405450 7.55479e+006 23.8702
405450 7.55479e+006 23.881
405450 7.55479e+006 23.8832
405450 7.55479e+006 23.8832
405450 7.55479e+006 23.8718
405450 7.55479e+006 23.8702
405450 7.55479e+006 23.8685
405450 7.55479e+006 23.8788
405450 7.55479e+006 23.881
405450 7.55479e+006 23.881
405450 7.55479e+006 23.8702
405450 7.55479e+006 23.8685
405450 7.55479e+006 23.8679
405450 7.55479e+006 23.8779
405450 7.55479e+006 23.8788
405450 7.55479e+006 23.8788
405450 7.55479e+006 23.8685
405450 7.55479e+006 23.8679
405450 7.55479e+006 23.8685
405450 7.55479e+006 23.8788
405450 7.55479e+006 23.8779
405450 7.55479e+006 23.8779
405450 7.55479e+006 23.8679
405450 7.55479e+006 23.8685
405450 7.55479e+006 23.8702
405450 7.55479e+006 23.881
405450 7.55479e+006 23.8788
405450 7.55479e+006 23.8788
405450 7.55479e+006 23.8685
405450 7.55479e+006 23.8702
405450 7.55479e+006 23.8718
405450 7.55479e+006 23.8832
405450 7.55479e+006 23.881
405450 7.55479e+006 23.881
405450 7.55479e+006 23.8702
405450 7.55479e+006 23.8718
405450 7.55479e+006 23.8725
405450 7.55479e+006 23.8841
405450 7.55479e+006 23.8832
405450 7.55479e+006 23.8832
405450 7.55479e+006 23.8718
405450 7.55479e+006 23.8725
405450 7.55479e+006 23.8558
405450 7.55479e+006 23.8718
405450 7.55479e+006 23.8725
405450 7.55479e+006 23.8725
405450 7.55479e+006 23.8562
405450 7.55479e+006 23.8558
405450 7.55479e+006 23.855
405450 7.55479e+006 23.8702
405450 7.55479e+006 23.8718
405450 7.55479e+006 23.8718
405450 7.55479e+006 23.8558
405450 7.55479e+006 23.855
405450 7.55479e+006 23.8542
405450 7.55479e+006 23.8685
405450 7.55479e+006 23.8702
405450 7.55479e+006 23.8702
405450 7.55479e+006 23.855
405450 7.55479e+006 23.8542
405450 7.55479e+006 23.8538
405450 7.55479e+006 23.8679
405450 7.55479e+006 23.8685
405450 7.55479e+006 23.8685
405450 7.55479e+006 23.8542
405450 7.55479e+006 23.8538
405450 7.55479e+006 23.8542
405450 7.55479e+006 23.8685
405450 7.55479e+006 23.8679
405450 7.55479e+006 23.8679
405450 7.55479e+006 23.8538
405450 7.55479e+006 23.8542
405450 7.55479e+006 23.855
405450 7.55479e+006 23.8702
405450 7.55479e+006 23.8685
405450 7.55479e+006 23.8685
405450 7.55479e+006 23.8542
405450 7.55479e+006 23.855
405450 7.55479e+006 23.8558
405450 7.55479e+006 23.8718
405450 7.55479e+006 23.8702
405450 7.55479e+006 23.8702
405450 7.55479e+006 23.855
405450 7.55479e+006 23.8558
405450 7.55479e+006 23.8562
405450 7.55479e+006 23.8725
405450 7.55479e+006 23.8718
405450 7.55479e+006 23.8718
405450 7.55479e+006 23.8558
405450 7.55479e+006 23.8562
405450 7.55479e+006 23.8374
405450 7.55479e+006 23.8558
405450 7.55479e+006 23.8562
405450 7.55479e+006 23.8562
405450 7.55479e+006 23.8374
405450 7.55479e+006 23.8374
405450 7.55479e+006 23.8375
405450 7.55479e+006 23.855
405450 7.55479e+006 23.8558
405450 7.55479e+006 23.8558
405450 7.55479e+006 23.8374
405450 7.55479e+006 23.8375
405450 7.55479e+006 23.8376
405450 7.55479e+006 23.8542
405450 7.55479e+006 23.855
405450 7.55479e+006 23.855
405450 7.55479e+006 23.8375
405450 7.55479e+006 23.8376
405450 7.55479e+006 23.8377
405450 7.55479e+006 23.8538
405450 7.55479e+006 23.8542
405450 7.55479e+006 23.8542
405450 7.55479e+006 23.8376
405450 7.55479e+006 23.8377
405450 7.55479e+006 23.8376
405450 7.55479e+006 23.8542
405450 7.55479e+006 23.8538
405450 7.55479e+006 23.8538
405450 7.55479e+006 23.8377
405450 7.55479e+006 23.8376
405450 7.55479e+006 23.8375
405450 7.55479e+006 23.855
405450 7.55479e+006 23.8542
405450 7.55479e+006 23.8542
405450 7.55479e+006 23.8376
405450 7.55479e+006 23.8375
405450 7.55479e+006 23.8374
405450 7.55479e+006 23.8558
405450 7.55479e+006 23.855
405450 7.55479e+006 23.855
405450 7.55479e+006 23.8375
405450 7.55479e+006 23.8374
405450 7.55479e+006 23.8374
405450 7.55479e+006 23.8562
405450 7.55479e+006 23.8558
405450 7.55479e+006 23.8558
405450 7.55479e+006 23.8374
405450 7.55479e+006 23.8374
405450 7.55479e+006 23.8187
405450 7.55479e+006 23.8374
405450 7.55479e+006 23.8374
405450 7.55479e+006 23.8374
405450 7.55479e+006 23.8183
405450 7.55479e+006 23.8187
405450 7.55479e+006 23.8197
405450 7.55479e+006 23.8375
405450 7.55479e+006 23.8374
405450 7.55479e+006 23.8374
405450 7.55479e+006 23.8187
405450 7.55479e+006 23.8197
405450 7.55479e+006 23.8207
405450 7.55479e+006 23.8376
405450 7.55479e+006 23.8375
405450 7.55479e+006 23.8375
405450 7.55479e+006 23.8197
405450 7.55479e+006 23.8207
405450 7.55479e+006 23.8211
405450 7.55479e+006 23.8377
405450 7.55479e+006 23.8376
405450 7.55479e+006 23.8376
405450 7.55479e+006 23.8207
405450 7.55479e+006 23.8211
405450 7.55479e+006 23.8207
405450 7.55479e+006 23.8376
405450 7.55479e+006 23.8377
405450 7.55479e+006 23.8377
405450 7.55479e+006 23.8211
405450 7.55479e+006 23.8207
405450 7.55479e+006 23.8197
405450 7.55479e+006 23.8375
405450 7.55479e+006 23.8376
405450 7.55479e+006 23.8376
405450 7.55479e+006 23.8207
405450 7.55479e+006 23.8197
405450 7.55479e+006 23.8187
405450 7.55479e+006 23.8374
405450 7.55479e+006 23.8375
405450 7.55479e+006 23.8375
405450 7.55479e+006 23.8197
405450 7.55479e+006 23.8187
405450 7.55479e+006 23.8183
405450 7.55479e+006 23.8374
405450 7.55479e+006 23.8374
405450 7.55479e+006 23.8374
405450 7.55479e+006 23.8187
405450 7.55479e+006 23.8183
405450 7.55479e+006 23.8031
405450 7.55479e+006 23.8187
405450 7.55479e+006 23.8183
405450 7.55479e+006 23.8183
405450 7.55479e+006 23.8024
405450 7.55479e+006 23.8031
405450 7.55479e+006 23.8049
405450 7.55479e+006 23.8197
405450 7.55479e+006 23.8187
405450 7.55479e+006 23.8187
405450 7.55479e+006 23.8031
405450 7.55479e+006 23.8049
405450 7.55479e+006 23.8067
405450 7.55479e+006 23.8207
405450 7.55479e+006 23.8197
405450 7.55479e+006 23.8197
405450 7.55479e+006 23.8049
405450 7.55479e+006 23.8067
405450 7.55479e+006 23.8074
405450 7.55479e+006 23.8211
405450 7.55479e+006 23.8207
405450 7.55479e+006 23.8207
405450 7.55479e+006 23.8067
405450 7.55479e+006 23.8074
405450 7.55479e+006 23.8067
405450 7.55479e+006 23.8207
405450 7.55479e+006 23.8211
405450 7.55479e+006 23.8211
405450 7.55479e+006 23.8074
405450 7.55479e+006 23.8067
405450 7.55479e+006 23.8049
405450 7.55479e+006 23.8197
405450 7.55479e+006 23.8207
405450 7.55479e+006 23.8207
405450 7.55479e+006 23.8067
405450 7.55479e+006 23.8049
405450 7.55479e+006 23.8031
405450 7.55479e+006 23.8187
405450 7.55479e+006 23.8197
405450 7.55479e+006 23.8197
405450 7.55479e+006 23.8049
405450 7.55479e+006 23.8031
405450 7.55479e+006 23.8024
405450 7.55479e+006 23.8183
405450 7.55479e+006 23.8187
405450 7.55479e+006 23.8187
405450 7.55479e+006 23.8031
405450 7.55479e+006 23.8024
405450 7.55479e+006 23.7935
405450 7.55479e+006 23.8031
405450 7.55479e+006 23.8024
405450 7.55479e+006 23.8024
405450 7.55479e+006 23.7926
405450 7.55479e+006 23.7935
405450 7.55479e+006 23.7957
405450 7.55479e+006 23.8049
405450 7.55479e+006 23.8031
405450 7.55479e+006 23.8031
405450 7.55479e+006 23.7935
405450 7.55479e+006 23.7957
405450 7.55479e+006 23.798
405450 7.55479e+006 23.8067
405450 7.55479e+006 23.8049
405450 7.55479e+006 23.8049
405450 7.55479e+006 23.7957
405450 7.55479e+006 23.798
405450 7.55479e+006 23.7989
405450 7.55479e+006 23.8074
405450 7.55479e+006 23.8067
405450 7.55479e+006 23.8067
405450 7.55479e+006 23.798
405450 7.55479e+006 23.7989
405450 7.55479e+006 23.798
405450 7.55479e+006 23.8067
405450 7.55479e+006 23.8074
405450 7.55479e+006 23.8074
405450 7.55479e+006 23.7989
405450 7.55479e+006 23.798
405450 7.55479e+006 23.7957
405450 7.55479e+006 23.8049
405450 7.55479e+006 23.8067
405450 7.55479e+006 23.8067
405450 7.55479e+006 23.798
405450 7.55479e+006 23.7957
405450 7.55479e+006 23.7935
405450 7.55479e+006 23.8031
405450 7.55479e+006 23.8049
405450 7.55479e+006 23.8049
405450 7.55479e+006 23.7957
405450 7.55479e+006 23.7935
405450 7.55479e+006 23.7926
405450 7.55479e+006 23.8024
405450 7.55479e+006 23.8031
405450 7.55479e+006 23.8031
405450 7.55479e+006 23.7935
405450 7.55479e+006 23.7926
405450 7.55479e+006 23.7905
405450 7.55479e+006 23.7935
405450 7.55479e+006 23.7926
405450 7.55479e+006 23.7926
405450 7.55479e+006 23.7895
405450 7.55479e+006 23.7905
405450 7.55479e+006 23.7929
405450 7.55479e+006 23.7957
405450 7.55479e+006 23.7935
405450 7.55479e+006 23.7935
405450 7.55479e+006 23.7905
405450 7.55479e+006 23.7929
405450 7.55479e+006 23.7953
405450 7.55479e+006 23.798
405450 7.55479e+006 23.7957
405450 7.55479e+006 23.7957
405450 7.55479e+006 23.7929
405450 7.55479e+006 23.7953
405450 7.55479e+006 23.7963
405450 7.55479e+006 23.7989
405450 7.55479e+006 23.798
405450 7.55479e+006 23.798
405450 7.55479e+006 23.7953
405450 7.55479e+006 23.7963
405450 7.55479e+006 23.7953
405450 7.55479e+006 23.798
405450 7.55479e+006 23.7989
405450 7.55479e+006 23.7989
405450 7.55479e+006 23.7963
405450 7.55479e+006 23.7953
405450 7.55479e+006 23.7929
405450 7.55479e+006 23.7957
405450 7.55479e+006 23.798
405450 7.55479e+006 23.798
405450 7.55479e+006 23.7953
405450 7.55479e+006 23.7929
405450 7.55479e+006 23.7905
405450 7.55479e+006 23.7935
405450 7.55479e+006 23.7957
405450 7.55479e+006 23.7957
405450 7.55479e+006 23.7929
405450 7.55479e+006 23.7905
405450 7.55479e+006 23.7895
405450 7.55479e+006 23.7926
405450 7.55479e+006 23.7935
405450 7.55479e+006 23.7935
405450 7.55479e+006 23.7905
405450 7.55479e+006 23.7895
405450 7.55479e+006 23.795
405450 7.55479e+006 23.7905
405450 7.55479e+006 23.7895
405450 7.55479e+006 23.7895
405450 7.55479e+006 23.7941
405450 7.55479e+006 23.795
405450 7.55479e+006 23.7972
405450 7.55479e+006 23.7929
405450 7.55479e+006 23.7905
405450 7.55479e+006 23.7905
405450 7.55479e+006 23.795
405450 7.55479e+006 23.7972
405450 7.55479e+006 23.7993
405450 7.55479e+006 23.7953
405450 7.55479e+006 23.7929
405450 7.55479e+006 23.7929
405450 7.55479e+006 23.7972
405450 7.55479e+006 23.7993
405450 7.55479e+006 23.8002
405450 7.55479e+006 23.7963
405450 7.55479e+006 23.7953
405450 7.55479e+006 23.7953
405450 7.55479e+006 23.7993
405450 7.55479e+006 23.8002
405450 7.55479e+006 23.7993
405450 7.55479e+006 23.7953
405450 7.55479e+006 23.7963
405450 7.55479e+006 23.7963
405450 7.55479e+006 23.8002
405450 7.55479e+006 23.7993
405450 7.55479e+006 23.7972
405450 7.55479e+006 23.7929
405450 7.55479e+006 23.7953
405450 7.55479e+006 23.7953
405450 7.55479e+006 23.7993
405450 7.55479e+006 23.7972
405450 7.55479e+006 23.795
405450 7.55479e+006 23.7905
405450 7.55479e+006 23.7929
405450 7.55479e+006 23.7929
405450 7.55479e+006 23.7972
405450 7.55479e+006 23.795
405450 7.55479e+006 23.7941
405450 7.55479e+006 23.7895
405450 7.55479e+006 23.7905
405450 7.55479e+006 23.7905
405450 7.55479e+006 23.795
405450 7.55479e+006 23.7941
405451 7.55479e+006 23.8064
405450 7.55479e+006 23.795
405450 7.55479e+006 23.7941
405450 7.55479e+006 23.7941
405451 7.55479e+006 23.8057
405451 7.55479e+006 23.8064
405451 7.55479e+006 23.808
405450 7.55479e+006 23.7972
405450 7.55479e+006 23.795
405450 7.55479e+006 23.795
405451 7.55479e+006 23.8064
405451 7.55479e+006 23.808
405451 7.55479e+006 23.8096
405450 7.55479e+006 23.7993
405450 7.55479e+006 23.7972
405450 7.55479e+006 23.7972
405451 7.55479e+006 23.808
405451 7.55479e+006 23.8096
405450 7.55479e+006 23.8103
405450 7.55479e+006 23.8002
405450 7.55479e+006 23.7993
405450 7.55479e+006 23.7993
405451 7.55479e+006 23.8096
405450 7.55479e+006 23.8103
405450 7.55479e+006 23.8096
405450 7.55479e+006 23.7993
405450 7.55479e+006 23.8002
405450 7.55479e+006 23.8002
405450 7.55479e+006 23.8103
405450 7.55479e+006 23.8096
405450 7.55479e+006 23.808
405450 7.55479e+006 23.7972
405450 7.55479e+006 23.7993
405450 7.55479e+006 23.7993
405450 7.55479e+006 23.8096
405450 7.55479e+006 23.808
405450 7.55479e+006 23.8064
405450 7.55479e+006 23.795
405450 7.55479e+006 23.7972
405450 7.55479e+006 23.7972
405450 7.55479e+006 23.808
405450 7.55479e+006 23.8064
405451 7.55479e+006 23.8057
405450 7.55479e+006 23.7941
405450 7.55479e+006 23.795
405450 7.55479e+006 23.795
405450 7.55479e+006 23.8064
405451 7.55479e+006 23.8057
405451 7.55479e+006 23.8223
405451 7.55479e+006 23.8064
405451 7.55479e+006 23.8057
405451 7.55479e+006 23.8057
405451 7.55479e+006 23.822
405451 7.55479e+006 23.8223
405451 7.55479e+006 23.8232
405451 7.55479e+006 23.808
405451 7.55479e+006 23.8064
405451 7.55479e+006 23.8064
405451 7.55479e+006 23.8223
405451 7.55479e+006 23.8232
405451 7.55479e+006 23.824
405451 7.55479e+006 23.8096
405451 7.55479e+006 23.808
405451 7.55479e+006 23.808
405451 7.55479e+006 23.8232
405451 7.55479e+006 23.824
405451 7.55479e+006 23.8243
405450 7.55479e+006 23.8103
405451 7.55479e+006 23.8096
405451 7.55479e+006 23.8096
405451 7.55479e+006 23.824
405451 7.55479e+006 23.8243
405450 7.55479e+006 23.824
405450 7.55479e+006 23.8096
405450 7.55479e+006 23.8103
405450 7.55479e+006 23.8103
405451 7.55479e+006 23.8243
405450 7.55479e+006 23.824
405450 7.55479e+006 23.8232
405450 7.55479e+006 23.808
405450 7.55479e+006 23.8096
405450 7.55479e+006 23.8096
405450 7.55479e+006 23.824
405450 7.55479e+006 23.8232
405451 7.55479e+006 23.8223
405450 7.55479e+006 23.8064
405450 7.55479e+006 23.808
405450 7.55479e+006 23.808
405450 7.55479e+006 23.8232
405451 7.55479e+006 23.8223
405451 7.55479e+006 23.822
405451 7.55479e+006 23.8057
405450 7.55479e+006 23.8064
405450 7.55479e+006 23.8064
405451 7.55479e+006 23.8223
405451 7.55479e+006 23.822
405451 7.55479e+006 23.8407
405451 7.55479e+006 23.8223
405451 7.55479e+006 23.822
405451 7.55479e+006 23.822
405451 7.55479e+006 23.8408
405451 7.55479e+006 23.8407
405451 7.55479e+006 23.8406
405451 7.55479e+006 23.8232
405451 7.55479e+006 23.8223
405451 7.55479e+006 23.8223
405451 7.55479e+006 23.8407
405451 7.55479e+006 23.8406
405451 7.55479e+006 23.8405
405451 7.55479e+006 23.824
405451 7.55479e+006 23.8232
405451 7.55479e+006 23.8232
405451 7.55479e+006 23.8406
405451 7.55479e+006 23.8405
405451 7.55479e+006 23.8405
405451 7.55479e+006 23.8243
405451 7.55479e+006 23.824
405451 7.55479e+006 23.824
405451 7.55479e+006 23.8405
405451 7.55479e+006 23.8405
405451 7.55479e+006 23.8405
405450 7.55479e+006 23.824
405451 7.55479e+006 23.8243
405451 7.55479e+006 23.8243
405451 7.55479e+006 23.8405
405451 7.55479e+006 23.8405
405451 7.55479e+006 23.8406
405450 7.55479e+006 23.8232
405450 7.55479e+006 23.824
405450 7.55479e+006 23.824
405451 7.55479e+006 23.8405
405451 7.55479e+006 23.8406
405451 7.55479e+006 23.8407
405451 7.55479e+006 23.8223
405450 7.55479e+006 23.8232
405450 7.55479e+006 23.8232
405451 7.55479e+006 23.8406
405451 7.55479e+006 23.8407
405451 7.55479e+006 23.8408
405451 7.55479e+006 23.822
405451 7.55479e+006 23.8223
405451 7.55479e+006 23.8223
405451 7.55479e+006 23.8407
405451 7.55479e+006 23.8408
405451 7.55479e+006 23.8595
405451 7.55479e+006 23.8407
405451 7.55479e+006 23.8408
405451 7.55479e+006 23.8408
405451 7.55479e+006 23.8599
405451 7.55479e+006 23.8595
405451 7.55479e+006 23.8585
405451 7.55479e+006 23.8406
405451 7.55479e+006 23.8407
405451 7.55479e+006 23.8407
405451 7.55479e+006 23.8595
405451 7.55479e+006 23.8585
405451 7.55479e+006 23.8575
405451 7.55479e+006 23.8405
405451 7.55479e+006 23.8406
405451 7.55479e+006 23.8406
405451 7.55479e+006 23.8585
405451 7.55479e+006 23.8575
405451 7.55479e+006 23.857
405451 7.55479e+006 23.8405
405451 7.55479e+006 23.8405
405451 7.55479e+006 23.8405
405451 7.55479e+006 23.8575
405451 7.55479e+006 23.857
405450 7.55479e+006 23.8575
405451 7.55479e+006 23.8405
405451 7.55479e+006 23.8405
405451 7.55479e+006 23.8405
405451 7.55479e+006 23.857
405450 7.55479e+006 23.8575
405450 7.55479e+006 23.8585
405451 7.55479e+006 23.8406
405451 7.55479e+006 23.8405
405451 7.55479e+006 23.8405
405450 7.55479e+006 23.8575
405450 7.55479e+006 23.8585
405451 7.55479e+006 23.8595
405451 7.55479e+006 23.8407
405451 7.55479e+006 23.8406
405451 7.55479e+006 23.8406
405450 7.55479e+006 23.8585
405451 7.55479e+006 23.8595
405451 7.55479e+006 23.8599
405451 7.55479e+006 23.8408
405451 7.55479e+006 23.8407
405451 7.55479e+006 23.8407
405451 7.55479e+006 23.8595
405451 7.55479e+006 23.8599
405451 7.55479e+006 23.875
405451 7.55479e+006 23.8595
405451 7.55479e+006 23.8599
405451 7.55479e+006 23.8599
405450 7.55479e+006 23.8758
405451 7.55479e+006 23.875
405451 7.55479e+006 23.8733
405451 7.55479e+006 23.8585
405451 7.55479e+006 23.8595
405451 7.55479e+006 23.8595
405451 7.55479e+006 23.875
405451 7.55479e+006 23.8733
405450 7.55479e+006 23.8715
405451 7.55479e+006 23.8575
405451 7.55479e+006 23.8585
405451 7.55479e+006 23.8585
405451 7.55479e+006 23.8733
405450 7.55479e+006 23.8715
405450 7.55479e+006 23.8708
405451 7.55479e+006 23.857
405451 7.55479e+006 23.8575
405451 7.55479e+006 23.8575
405450 7.55479e+006 23.8715
405450 7.55479e+006 23.8708
405450 7.55479e+006 23.8715
405450 7.55479e+006 23.8575
405451 7.55479e+006 23.857
405451 7.55479e+006 23.857
405450 7.55479e+006 23.8708
405450 7.55479e+006 23.8715
405450 7.55479e+006 23.8733
405450 7.55479e+006 23.8585
405450 7.55479e+006 23.8575
405450 7.55479e+006 23.8575
405450 7.55479e+006 23.8715
405450 7.55479e+006 23.8733
405450 7.55479e+006 23.875
405451 7.55479e+006 23.8595
405450 7.55479e+006 23.8585
405450 7.55479e+006 23.8585
405450 7.55479e+006 23.8733
405450 7.55479e+006 23.875
405450 7.55479e+006 23.8758
405451 7.55479e+006 23.8599
405451 7.55479e+006 23.8595
405451 7.55479e+006 23.8595
405450 7.55479e+006 23.875
405450 7.55479e+006 23.8758
405450 7.55479e+006 23.8847
405451 7.55479e+006 23.875
405450 7.55479e+006 23.8758
405450 7.55479e+006 23.8758
405450 7.55479e+006 23.8856
405450 7.55479e+006 23.8847
405450 7.55479e+006 23.8824
405451 7.55479e+006 23.8733
405451 7.55479e+006 23.875
405451 7.55479e+006 23.875
405450 7.55479e+006 23.8847
405450 7.55479e+006 23.8824
405450 7.55479e+006 23.8802
405450 7.55479e+006 23.8715
405451 7.55479e+006 23.8733
405451 7.55479e+006 23.8733
405450 7.55479e+006 23.8824
405450 7.55479e+006 23.8802
405450 7.55479e+006 23.8792
405450 7.55479e+006 23.8708
405450 7.55479e+006 23.8715
405450 7.55479e+006 23.8715
405450 7.55479e+006 23.8802
405450 7.55479e+006 23.8792
405450 7.55479e+006 23.8802
405450 7.55479e+006 23.8715
405450 7.55479e+006 23.8708
405450 7.55479e+006 23.8708
405450 7.55479e+006 23.8792
405450 7.55479e+006 23.8802
405450 7.55479e+006 23.8824
405450 7.55479e+006 23.8733
405450 7.55479e+006 23.8715
405450 7.55479e+006 23.8715
405450 7.55479e+006 23.8802
405450 7.55479e+006 23.8824
405450 7.55479e+006 23.8847
405450 7.55479e+006 23.875
405450 7.55479e+006 23.8733
405450 7.55479e+006 23.8733
405450 7.55479e+006 23.8824
405450 7.55479e+006 23.8847
405450 7.55479e+006 23.8856
405450 7.55479e+006 23.8758
405450 7.55479e+006 23.875
405450 7.55479e+006 23.875
405450 7.55479e+006 23.8847
405450 7.55479e+006 23.8856
405450 7.55479e+006 23.8876
405450 7.55479e+006 23.8847
405450 7.55479e+006 23.8856
405450 7.55479e+006 23.8856
405450 7.55479e+006 23.8886
405450 7.55479e+006 23.8876
405450 7.55479e+006 23.8853
405450 7.55479e+006 23.8824
405450 7.55479e+006 23.8847
405450 7.55479e+006 23.8847
405450 7.55479e+006 23.8876
405450 7.55479e+006 23.8853
405450 7.55479e+006 23.8829
405450 7.55479e+006 23.8802
405450 7.55479e+006 23.8824
405450 7.55479e+006 23.8824
405450 7.55479e+006 23.8853
405450 7.55479e+006 23.8829
405450 7.55479e+006 23.8819
405450 7.55479e+006 23.8792
405450 7.55479e+006 23.8802
405450 7.55479e+006 23.8802
405450 7.55479e+006 23.8829
405450 7.55479e+006 23.8819
405450 7.55479e+006 23.8829
405450 7.55479e+006 23.8802
405450 7.55479e+006 23.8792
405450 7.55479e+006 23.8792
405450 7.55479e+006 23.8819
405450 7.55479e+006 23.8829
405450 7.55479e+006 23.8853
405450 7.55479e+006 23.8824
405450 7.55479e+006 23.8802
405450 7.55479e+006 23.8802
405450 7.55479e+006 23.8829
405450 7.55479e+006 23.8853
405450 7.55479e+006 23.8876
405450 7.55479e+006 23.8847
405450 7.55479e+006 23.8824
405450 7.55479e+006 23.8824
405450 7.55479e+006 23.8853
405450 7.55479e+006 23.8876
405450 7.55479e+006 23.8886
405450 7.55479e+006 23.8856
405450 7.55479e+006 23.8847
405450 7.55479e+006 23.8847
405450 7.55479e+006 23.8876
405450 7.55479e+006 23.8886
405450 7.55479e+006 23.8832
405450 7.55479e+006 23.8876
405450 7.55479e+006 23.8886
405450 7.55479e+006 23.8886
405450 7.55479e+006 23.8841
405450 7.55479e+006 23.8832
405450 7.55479e+006 23.881
405450 7.55479e+006 23.8853
405450 7.55479e+006 23.8876
405450 7.55479e+006 23.8876
405450 7.55479e+006 23.8832
405450 7.55479e+006 23.881
405450 7.55479e+006 23.8788
405450 7.55479e+006 23.8829
405450 7.55479e+006 23.8853
405450 7.55479e+006 23.8853
405450 7.55479e+006 23.881
405450 7.55479e+006 23.8788
405450 7.55479e+006 23.8779
405450 7.55479e+006 23.8819
405450 7.55479e+006 23.8829
405450 7.55479e+006 23.8829
405450 7.55479e+006 23.8788
405450 7.55479e+006 23.8779
405450 7.55479e+006 23.8788
405450 7.55479e+006 23.8829
405450 7.55479e+006 23.8819
405450 7.55479e+006 23.8819
405450 7.55479e+006 23.8779
405450 7.55479e+006 23.8788
405450 7.55479e+006 23.881
405450 7.55479e+006 23.8853
405450 7.55479e+006 23.8829
405450 7.55479e+006 23.8829
405450 7.55479e+006 23.8788
405450 7.55479e+006 23.881
405450 7.55479e+006 23.8832
405450 7.55479e+006 23.8876
405450 7.55479e+006 23.8853
405450 7.55479e+006 23.8853
405450 7.55479e+006 23.881
405450 7.55479e+006 23.8832
405450 7.55479e+006 23.8841
405450 7.55479e+006 23.8886
405450 7.55479e+006 23.8876
405450 7.55479e+006 23.8876
405450 7.55479e+006 23.8832
405450 7.55479e+006 23.8841
405450 7.55479e+006 23.8389
405450 7.55479e+006 23.8811
405450 7.55479e+006 23.8816
405450 7.55479e+006 23.8816
405450 7.55479e+006 23.8394
405450 7.55479e+006 23.8389
405450 7.55479e+006 23.8379
405450 7.55479e+006 23.8802
405450 7.55479e+006 23.8811
405450 7.55479e+006 23.8811
405450 7.55479e+006 23.8389
405450 7.55479e+006 23.8379
405450 7.55479e+006 23.8374
405450 7.55479e+006 23.8797
405450 7.55479e+006 23.8802
405450 7.55479e+006 23.8802
405450 7.55479e+006 23.8379
405450 7.55479e+006 23.8374
405450 7.55479e+006 23.8379
405450 7.55479e+006 23.8802
405450 7.55479e+006 23.8797
405450 7.55479e+006 23.8797
405450 7.55479e+006 23.8374
405450 7.55479e+006 23.8379
405450 7.55479e+006 23.8389
405450 7.55479e+006 23.8811
405450 7.55479e+006 23.8802
405450 7.55479e+006 23.8802
405450 7.55479e+006 23.8379
405450 7.55479e+006 23.8389
405450 7.55479e+006 23.8394
405450 7.55479e+006 23.8816
405450 7.55479e+006 23.8811
405450 7.55479e+006 23.8811
405450 7.55479e+006 23.8389
405450 7.55479e+006 23.8394
405450 7.55479e+006 23.7967
405450 7.55479e+006 23.8389
405450 7.55479e+006 23.8394
405450 7.55479e+006 23.8394
405450 7.55479e+006 23.7972
405450 7.55479e+006 23.7967
405450 7.55479e+006 23.7957
405450 7.55479e+006 23.8379
405450 7.55479e+006 23.8389
405450 7.55479e+006 23.8389
405450 7.55479e+006 23.7967
405450 7.55479e+006 23.7957
405450 7.55479e+006 23.7952
405450 7.55479e+006 23.8374
405450 7.55479e+006 23.8379
405450 7.55479e+006 23.8379
405450 7.55479e+006 23.7957
405450 7.55479e+006 23.7952
405450 7.55479e+006 23.7957
405450 7.55479e+006 23.8379
405450 7.55479e+006 23.8374
405450 7.55479e+006 23.8374
405450 7.55479e+006 23.7952
405450 7.55479e+006 23.7957
405450 7.55479e+006 23.7967
405450 7.55479e+006 23.8389
405450 7.55479e+006 23.8379
405450 7.55479e+006 23.8379
405450 7.55479e+006 23.7957
405450 7.55479e+006 23.7967
405450 7.55479e+006 23.7972
405450 7.55479e+006 23.8394
405450 7.55479e+006 23.8389
405450 7.55479e+006 23.8389
405450 7.55479e+006 23.7967
405450 7.55479e+006 23.7972
405450 7.55479e+006 23.8802
405450 7.55479e+006 23.8811
405450 7.55479e+006 23.8816
405450 7.55479e+006 23.8797
405450 7.55479e+006 23.8802
405450 7.55479e+006 23.8816
405450 7.55479e+006 23.8802
405450 7.55479e+006 23.8797
405450 7.55479e+006 23.8816
405450 7.55479e+006 23.8811
405450 7.55479e+006 23.8802
405450 7.55479e+006 23.8816
405450 7.55479e+006 23.7957
405450 7.55479e+006 23.7967
405450 7.55479e+006 23.7972
405450 7.55479e+006 23.7972
405450 7.55479e+006 23.7957
405450 7.55479e+006 23.7952
405450 7.55479e+006 23.7952
405450 7.55479e+006 23.7957
405450 7.55479e+006 23.7972
405450 7.55479e+006 23.7967
405450 7.55479e+006 23.7957
405450 7.55479e+006 23.7972
405450 7.55479e+006 23.8397
405451 7.55479e+006 23.8231
405451 7.55479e+006 23.8243
405451 7.55479e+006 23.8243
405450 7.55479e+006 23.8409
405450 7.55479e+006 23.8397
405450 7.55479e+006 23.8372
405451 7.55479e+006 23.8206
405451 7.55479e+006 23.8231
405451 7.55479e+006 23.8231
405450 7.55479e+006 23.8397
405450 7.55479e+006 23.8372
405450 7.55479e+006 23.8359
405451 7.55479e+006 23.8193
405451 7.55479e+006 23.8206
405451 7.55479e+006 23.8206
405450 7.55479e+006 23.8372
405450 7.55479e+006 23.8359
405450 7.55479e+006 23.8372
405450 7.55479e+006 23.8206
405451 7.55479e+006 23.8193
405451 7.55479e+006 23.8193
405450 7.55479e+006 23.8359
405450 7.55479e+006 23.8372
405450 7.55479e+006 23.8397
405451 7.55479e+006 23.8231
405450 7.55479e+006 23.8206
405450 7.55479e+006 23.8206
405450 7.55479e+006 23.8372
405450 7.55479e+006 23.8397
405450 7.55479e+006 23.8409
405451 7.55479e+006 23.8243
405451 7.55479e+006 23.8231
405451 7.55479e+006 23.8231
405450 7.55479e+006 23.8397
405450 7.55479e+006 23.8409
405450 7.55479e+006 23.8563
405450 7.55479e+006 23.8397
405450 7.55479e+006 23.8409
405450 7.55479e+006 23.8409
405450 7.55479e+006 23.8575
405450 7.55479e+006 23.8563
405450 7.55479e+006 23.8538
405450 7.55479e+006 23.8372
405450 7.55479e+006 23.8397
405450 7.55479e+006 23.8397
405450 7.55479e+006 23.8563
405450 7.55479e+006 23.8538
405450 7.55479e+006 23.8525
405450 7.55479e+006 23.8359
405450 7.55479e+006 23.8372
405450 7.55479e+006 23.8372
405450 7.55479e+006 23.8538
405450 7.55479e+006 23.8525
405450 7.55479e+006 23.8538
405450 7.55479e+006 23.8372
405450 7.55479e+006 23.8359
405450 7.55479e+006 23.8359
405450 7.55479e+006 23.8525
405450 7.55479e+006 23.8538
405450 7.55479e+006 23.8563
405450 7.55479e+006 23.8397
405450 7.55479e+006 23.8372
405450 7.55479e+006 23.8372
405450 7.55479e+006 23.8538
405450 7.55479e+006 23.8563
405450 7.55479e+006 23.8575
405450 7.55479e+006 23.8409
405450 7.55479e+006 23.8397
405450 7.55479e+006 23.8397
405450 7.55479e+006 23.8563
405450 7.55479e+006 23.8575
405450 7.55479e+006 23.8206
405451 7.55479e+006 23.8231
405451 7.55479e+006 23.8243
405451 7.55479e+006 23.8193
405450 7.55479e+006 23.8206
405451 7.55479e+006 23.8243
405451 7.55479e+006 23.8206
405451 7.55479e+006 23.8193
405451 7.55479e+006 23.8243
405451 7.55479e+006 23.8231
405451 7.55479e+006 23.8206
405451 7.55479e+006 23.8243
405450 7.55479e+006 23.8538
405450 7.55479e+006 23.8563
405450 7.55479e+006 23.8575
405450 7.55479e+006 23.8575
405450 7.55479e+006 23.8538
405450 7.55479e+006 23.8525
405450 7.55479e+006 23.8525
405450 7.55479e+006 23.8538
405450 7.55479e+006 23.8575
405450 7.55479e+006 23.8563
405450 7.55479e+006 23.8538
405450 7.55479e+006 23.8575
405450 7.55479e+006 23.8464
405450 7.55479e+006 23.843
405450 7.55479e+006 23.843
405450 7.55479e+006 23.843
405450 7.55479e+006 23.8464
405450 7.55479e+006 23.8464
405450 7.55479e+006 23.843
405450 7.55479e+006 23.8381
405450 7.55479e+006 23.8381
405450 7.55479e+006 23.8381
405450 7.55479e+006 23.843
405450 7.55479e+006 23.843
405450 7.55479e+006 23.8381
405450 7.55479e+006 23.8336
405450 7.55479e+006 23.8336
405450 7.55479e+006 23.8336
405450 7.55479e+006 23.8381
405450 7.55479e+006 23.8381
405450 7.55479e+006 23.8336
405450 7.55479e+006 23.8312
405450 7.55479e+006 23.8312
405450 7.55479e+006 23.8312
405450 7.55479e+006 23.8336
405450 7.55479e+006 23.8336
405450 7.55479e+006 23.8312
405450 7.55479e+006 23.8318
405450 7.55479e+006 23.8318
405450 7.55479e+006 23.8318
405450 7.55479e+006 23.8312
405450 7.55479e+006 23.8312
405450 7.55479e+006 23.8318
405450 7.55479e+006 23.8352
405450 7.55479e+006 23.8352
405450 7.55479e+006 23.8352
405450 7.55479e+006 23.8318
405450 7.55479e+006 23.8318
405450 7.55479e+006 23.8352
405450 7.55479e+006 23.84
405450 7.55479e+006 23.84
405450 7.55479e+006 23.84
405450 7.55479e+006 23.8352
405450 7.55479e+006 23.8352
405450 7.55479e+006 23.84
405450 7.55479e+006 23.8445
405450 7.55479e+006 23.8445
405450 7.55479e+006 23.8445
405450 7.55479e+006 23.84
405450 7.55479e+006 23.84
405450 7.55479e+006 23.8445
405450 7.55479e+006 23.847
405450 7.55479e+006 23.847
405450 7.55479e+006 23.847
405450 7.55479e+006 23.8445
405450 7.55479e+006 23.8445
405450 7.55479e+006 23.847
405450 7.55479e+006 23.8464
405450 7.55479e+006 23.8464
405450 7.55479e+006 23.8464
405450 7.55479e+006 23.847
405450 7.55479e+006 23.847
405450 7.55479e+006 23.8445
405450 7.55479e+006 23.84
405450 7.55479e+006 23.8352
405450 7.55479e+006 23.8352
405450 7.55479e+006 23.8318
405450 7.55479e+006 23.8312
405450 7.55479e+006 23.8312
405450 7.55479e+006 23.8336
405450 7.55479e+006 23.8381
405450 7.55479e+006 23.8381
405450 7.55479e+006 23.843
405450 7.55479e+006 23.8464
405450 7.55479e+006 23.8312
405450 7.55479e+006 23.8381
405450 7.55479e+006 23.8464
405450 7.55479e+006 23.8352
405450 7.55479e+006 23.8312
405450 7.55479e+006 23.8464
405450 7.55479e+006 23.8445
405450 7.55479e+006 23.8352
405450 7.55479e+006 23.8464
405450 7.55479e+006 23.847
405450 7.55479e+006 23.8445
405450 7.55479e+006 23.8464
405450 7.55479e+006 23.8423
405450 7.55479e+006 23.8383
405450 7.55479e+006 23.8346
405450 7.55479e+006 23.8346
405450 7.55479e+006 23.8326
405450 7.55479e+006 23.8331
405450 7.55479e+006 23.8331
405450 7.55479e+006 23.8359
405450 7.55479e+006 23.8399
405450 7.55479e+006 23.8399
405450 7.55479e+006 23.8436
405450 7.55479e+006 23.8456
405450 7.55479e+006 23.8331
405450 7.55479e+006 23.8399
405450 7.55479e+006 23.8456
405450 7.55479e+006 23.8346
405450 7.55479e+006 23.8331
405450 7.55479e+006 23.8456
405450 7.55479e+006 23.8423
405450 7.55479e+006 23.8346
405450 7.55479e+006 23.8456
405450 7.55479e+006 23.8451
405450 7.55479e+006 23.8423
405450 7.55479e+006 23.8456
405450 7.55479e+006 23.8464
405450 7.55479e+006 23.843
405450 7.55479e+006 23.8423
405450 7.55479e+006 23.8423
405450 7.55479e+006 23.8451
405450 7.55479e+006 23.8464
405450 7.55479e+006 23.843
405450 7.55479e+006 23.8381
405450 7.55479e+006 23.8383
405450 7.55479e+006 23.8383
405450 7.55479e+006 23.8423
405450 7.55479e+006 23.843
405450 7.55479e+006 23.8381
405450 7.55479e+006 23.8336
405450 7.55479e+006 23.8346
405450 7.55479e+006 23.8346
405450 7.55479e+006 23.8383
405450 7.55479e+006 23.8381
405450 7.55479e+006 23.8336
405450 7.55479e+006 23.8312
405450 7.55479e+006 23.8326
405450 7.55479e+006 23.8326
405450 7.55479e+006 23.8346
405450 7.55479e+006 23.8336
405450 7.55479e+006 23.8312
405450 7.55479e+006 23.8318
405450 7.55479e+006 23.8331
405450 7.55479e+006 23.8331
405450 7.55479e+006 23.8326
405450 7.55479e+006 23.8312
405450 7.55479e+006 23.8318
405450 7.55479e+006 23.8352
405450 7.55479e+006 23.8359
405450 7.55479e+006 23.8359
405450 7.55479e+006 23.8331
405450 7.55479e+006 23.8318
405450 7.55479e+006 23.8352
405450 7.55479e+006 23.84
405450 7.55479e+006 23.8399
405450 7.55479e+006 23.8399
405450 7.55479e+006 23.8359
405450 7.55479e+006 23.8352
405450 7.55479e+006 23.84
405450 7.55479e+006 23.8445
405450 7.55479e+006 23.8436
405450 7.55479e+006 23.8436
405450 7.55479e+006 23.8399
405450 7.55479e+006 23.84
405450 7.55479e+006 23.8445
405450 7.55479e+006 23.847
405450 7.55479e+006 23.8456
405450 7.55479e+006 23.8456
405450 7.55479e+006 23.8436
405450 7.55479e+006 23.8445
405450 7.55479e+006 23.847
405450 7.55479e+006 23.8464
405450 7.55479e+006 23.8451
405450 7.55479e+006 23.8451
405450 7.55479e+006 23.8456
405450 7.55479e+006 23.847
405450 7.55479e+006 23.8451
405450 7.55479e+006 23.8423
405450 7.55479e+006 23.8423
405450 7.55479e+006 23.8423
405450 7.55479e+006 23.8451
405450 7.55479e+006 23.8451
405450 7.55479e+006 23.8423
405450 7.55479e+006 23.8383
405450 7.55479e+006 23.8383
405450 7.55479e+006 23.8383
405450 7.55479e+006 23.8423
405450 7.55479e+006 23.8423
405450 7.55479e+006 23.8383
405450 7.55479e+006 23.8346
405450 7.55479e+006 23.8346
405450 7.55479e+006 23.8346
405450 7.55479e+006 23.8383
405450 7.55479e+006 23.8383
405450 7.55479e+006 23.8346
405450 7.55479e+006 23.8326
405450 7.55479e+006 23.8326
405450 7.55479e+006 23.8326
405450 7.55479e+006 23.8346
405450 7.55479e+006 23.8346
405450 7.55479e+006 23.8326
405450 7.55479e+006 23.8331
405450 7.55479e+006 23.8331
405450 7.55479e+006 23.8331
405450 7.55479e+006 23.8326
405450 7.55479e+006 23.8326
405450 7.55479e+006 23.8331
405450 7.55479e+006 23.8359
405450 7.55479e+006 23.8359
405450 7.55479e+006 23.8359
405450 7.55479e+006 23.8331
405450 7.55479e+006 23.8331
405450 7.55479e+006 23.8359
405450 7.55479e+006 23.8399
405450 7.55479e+006 23.8399
405450 7.55479e+006 23.8399
405450 7.55479e+006 23.8359
405450 7.55479e+006 23.8359
405450 7.55479e+006 23.8399
405450 7.55479e+006 23.8436
405450 7.55479e+006 23.8436
405450 7.55479e+006 23.8436
405450 7.55479e+006 23.8399
405450 7.55479e+006 23.8399
405450 7.55479e+006 23.8436
405450 7.55479e+006 23.8456
405450 7.55479e+006 23.8456
405450 7.55479e+006 23.8456
405450 7.55479e+006 23.8436
405450 7.55479e+006 23.8436
405450 7.55479e+006 23.8456
405450 7.55479e+006 23.8451
405450 7.55479e+006 23.8451
405450 7.55479e+006 23.8451
405450 7.55479e+006 23.8456
405450 7.55479e+006 23.8456
