405450 7.55479e+006 21.866
405450 7.55479e+006 21.8774
405450 7.55479e+006 21.8783
405450 7.55479e+006 21.8783
405450 7.55479e+006 21.8666
405450 7.55479e+006 21.866
405450 7.55479e+006 21.8643
405450 7.55479e+006 21.8752
405450 7.55479e+006 21.8774
405450 7.55479e+006 21.8774
405450 7.55479e+006 21.866
405450 7.55479e+006 21.8643
405450 7.55479e+006 21.8627
405450 7.55479e+006 21.873
405450 7.55479e+006 21.8752
405450 7.55479e+006 21.8752
405450 7.55479e+006 21.8643
405450 7.55479e+006 21.8627
405450 7.55479e+006 21.862
405450 7.55479e+006 21.8721
405450 7.55479e+006 21.873
405450 7.55479e+006 21.873
405450 7.55479e+006 21.8627
405450 7.55479e+006 21.862
405450 7.55479e+006 21.8627
405450 7.55479e+006 21.873
405450 7.55479e+006 21.8721
405450 7.55479e+006 21.8721
405450 7.55479e+006 21.862
405450 7.55479e+006 21.8627
405450 7.55479e+006 21.8643
405450 7.55479e+006 21.8752
405450 7.55479e+006 21.873
405450 7.55479e+006 21.873
405450 7.55479e+006 21.8627
405450 7.55479e+006 21.8643
405450 7.55479e+006 21.866
405450 7.55479e+006 21.8774
405450 7.55479e+006 21.8752
405450 7.55479e+006 21.8752
405450 7.55479e+006 21.8643
405450 7.55479e+006 21.866
405450 7.55479e+006 21.8666
405450 7.55479e+006 21.8783
405450 7.55479e+006 21.8774
405450 7.55479e+006 21.8774
405450 7.55479e+006 21.866
405450 7.55479e+006 21.8666
405450 7.55479e+006 21.85
405450 7.55479e+006 21.866
405450 7.55479e+006 21.8666
405450 7.55479e+006 21.8666
405450 7.55479e+006 21.8504
405450 7.55479e+006 21.85
405450 7.55479e+006 21.8492
405450 7.55479e+006 21.8643
405450 7.55479e+006 21.866
405450 7.55479e+006 21.866
405450 7.55479e+006 21.85
405450 7.55479e+006 21.8492
405450 7.55479e+006 21.8484
405450 7.55479e+006 21.8627
405450 7.55479e+006 21.8643
405450 7.55479e+006 21.8643
405450 7.55479e+006 21.8492
405450 7.55479e+006 21.8484
405450 7.55479e+006 21.848
405450 7.55479e+006 21.862
405450 7.55479e+006 21.8627
405450 7.55479e+006 21.8627
405450 7.55479e+006 21.8484
405450 7.55479e+006 21.848
405450 7.55479e+006 21.8484
405450 7.55479e+006 21.8627
405450 7.55479e+006 21.862
405450 7.55479e+006 21.862
405450 7.55479e+006 21.848
405450 7.55479e+006 21.8484
405450 7.55479e+006 21.8492
405450 7.55479e+006 21.8643
405450 7.55479e+006 21.8627
405450 7.55479e+006 21.8627
405450 7.55479e+006 21.8484
405450 7.55479e+006 21.8492
405450 7.55479e+006 21.85
405450 7.55479e+006 21.866
405450 7.55479e+006 21.8643
405450 7.55479e+006 21.8643
405450 7.55479e+006 21.8492
405450 7.55479e+006 21.85
405450 7.55479e+006 21.8504
405450 7.55479e+006 21.8666
405450 7.55479e+006 21.866
405450 7.55479e+006 21.866
405450 7.55479e+006 21.85
405450 7.55479e+006 21.8504
405450 7.55479e+006 21.8316
405450 7.55479e+006 21.85
405450 7.55479e+006 21.8504
405450 7.55479e+006 21.8504
405450 7.55479e+006 21.8316
405450 7.55479e+006 21.8316
405450 7.55479e+006 21.8317
405450 7.55479e+006 21.8492
405450 7.55479e+006 21.85
405450 7.55479e+006 21.85
405450 7.55479e+006 21.8316
405450 7.55479e+006 21.8317
405450 7.55479e+006 21.8318
405450 7.55479e+006 21.8484
405450 7.55479e+006 21.8492
405450 7.55479e+006 21.8492
405450 7.55479e+006 21.8317
405450 7.55479e+006 21.8318
405450 7.55479e+006 21.8318
405450 7.55479e+006 21.848
405450 7.55479e+006 21.8484
405450 7.55479e+006 21.8484
405450 7.55479e+006 21.8318
405450 7.55479e+006 21.8318
405450 7.55479e+006 21.8318
405450 7.55479e+006 21.8484
405450 7.55479e+006 21.848
405450 7.55479e+006 21.848
405450 7.55479e+006 21.8318
405450 7.55479e+006 21.8318
405450 7.55479e+006 21.8317
405450 7.55479e+006 21.8492
405450 7.55479e+006 21.8484
405450 7.55479e+006 21.8484
405450 7.55479e+006 21.8318
405450 7.55479e+006 21.8317
405450 7.55479e+006 21.8316
405450 7.55479e+006 21.85
405450 7.55479e+006 21.8492
405450 7.55479e+006 21.8492
405450 7.55479e+006 21.8317
405450 7.55479e+006 21.8316
405450 7.55479e+006 21.8316
405450 7.55479e+006 21.8504
405450 7.55479e+006 21.85
405450 7.55479e+006 21.85
405450 7.55479e+006 21.8316
405450 7.55479e+006 21.8316
405450 7.55479e+006 21.8129
405450 7.55479e+006 21.8316
405450 7.55479e+006 21.8316
405450 7.55479e+006 21.8316
405450 7.55479e+006 21.8124
405450 7.55479e+006 21.8129
405450 7.55479e+006 21.8139
405450 7.55479e+006 21.8317
405450 7.55479e+006 21.8316
405450 7.55479e+006 21.8316
405450 7.55479e+006 21.8129
405450 7.55479e+006 21.8139
405450 7.55479e+006 21.8149
405450 7.55479e+006 21.8318
405450 7.55479e+006 21.8317
405450 7.55479e+006 21.8317
405450 7.55479e+006 21.8139
405450 7.55479e+006 21.8149
405450 7.55479e+006 21.8153
405450 7.55479e+006 21.8318
405450 7.55479e+006 21.8318
405450 7.55479e+006 21.8318
405450 7.55479e+006 21.8149
405450 7.55479e+006 21.8153
405450 7.55479e+006 21.8149
405450 7.55479e+006 21.8318
405450 7.55479e+006 21.8318
405450 7.55479e+006 21.8318
405450 7.55479e+006 21.8153
405450 7.55479e+006 21.8149
405450 7.55479e+006 21.8139
405450 7.55479e+006 21.8317
405450 7.55479e+006 21.8318
405450 7.55479e+006 21.8318
405450 7.55479e+006 21.8149
405450 7.55479e+006 21.8139
405450 7.55479e+006 21.8129
405450 7.55479e+006 21.8316
405450 7.55479e+006 21.8317
405450 7.55479e+006 21.8317
405450 7.55479e+006 21.8139
405450 7.55479e+006 21.8129
405450 7.55479e+006 21.8124
405450 7.55479e+006 21.8316
405450 7.55479e+006 21.8316
405450 7.55479e+006 21.8316
405450 7.55479e+006 21.8129
405450 7.55479e+006 21.8124
405450 7.55479e+006 21.7973
405450 7.55479e+006 21.8129
405450 7.55479e+006 21.8124
405450 7.55479e+006 21.8124
405450 7.55479e+006 21.7966
405450 7.55479e+006 21.7973
405450 7.55479e+006 21.7991
405450 7.55479e+006 21.8139
405450 7.55479e+006 21.8129
405450 7.55479e+006 21.8129
405450 7.55479e+006 21.7973
405450 7.55479e+006 21.7991
405450 7.55479e+006 21.8008
405450 7.55479e+006 21.8149
405450 7.55479e+006 21.8139
405450 7.55479e+006 21.8139
405450 7.55479e+006 21.7991
405450 7.55479e+006 21.8008
405450 7.55479e+006 21.8016
405450 7.55479e+006 21.8153
405450 7.55479e+006 21.8149
405450 7.55479e+006 21.8149
405450 7.55479e+006 21.8008
405450 7.55479e+006 21.8016
405450 7.55479e+006 21.8008
405450 7.55479e+006 21.8149
405450 7.55479e+006 21.8153
405450 7.55479e+006 21.8153
405450 7.55479e+006 21.8016
405450 7.55479e+006 21.8008
405450 7.55479e+006 21.7991
405450 7.55479e+006 21.8139
405450 7.55479e+006 21.8149
405450 7.55479e+006 21.8149
405450 7.55479e+006 21.8008
405450 7.55479e+006 21.7991
405450 7.55479e+006 21.7973
405450 7.55479e+006 21.8129
405450 7.55479e+006 21.8139
405450 7.55479e+006 21.8139
405450 7.55479e+006 21.7991
405450 7.55479e+006 21.7973
405450 7.55479e+006 21.7966
405450 7.55479e+006 21.8124
405450 7.55479e+006 21.8129
405450 7.55479e+006 21.8129
405450 7.55479e+006 21.7973
405450 7.55479e+006 21.7966
405450 7.55479e+006 21.7877
405450 7.55479e+006 21.7973
405450 7.55479e+006 21.7966
405450 7.55479e+006 21.7966
405450 7.55479e+006 21.7867
405450 7.55479e+006 21.7877
405450 7.55479e+006 21.7899
405450 7.55479e+006 21.7991
405450 7.55479e+006 21.7973
405450 7.55479e+006 21.7973
405450 7.55479e+006 21.7877
405450 7.55479e+006 21.7899
405450 7.55479e+006 21.7922
405450 7.55479e+006 21.8008
405450 7.55479e+006 21.7991
405450 7.55479e+006 21.7991
405450 7.55479e+006 21.7899
405450 7.55479e+006 21.7922
405450 7.55479e+006 21.7931
405450 7.55479e+006 21.8016
405450 7.55479e+006 21.8008
405450 7.55479e+006 21.8008
405450 7.55479e+006 21.7922
405450 7.55479e+006 21.7931
405450 7.55479e+006 21.7922
405450 7.55479e+006 21.8008
405450 7.55479e+006 21.8016
405450 7.55479e+006 21.8016
405450 7.55479e+006 21.7931
405450 7.55479e+006 21.7922
405450 7.55479e+006 21.7899
405450 7.55479e+006 21.7991
405450 7.55479e+006 21.8008
405450 7.55479e+006 21.8008
405450 7.55479e+006 21.7922
405450 7.55479e+006 21.7899
405450 7.55479e+006 21.7877
405450 7.55479e+006 21.7973
405450 7.55479e+006 21.7991
405450 7.55479e+006 21.7991
405450 7.55479e+006 21.7899
405450 7.55479e+006 21.7877
405450 7.55479e+006 21.7867
405450 7.55479e+006 21.7966
405450 7.55479e+006 21.7973
405450 7.55479e+006 21.7973
405450 7.55479e+006 21.7877
405450 7.55479e+006 21.7867
405450 7.55479e+006 21.7847
405450 7.55479e+006 21.7877
405450 7.55479e+006 21.7867
405450 7.55479e+006 21.7867
405450 7.55479e+006 21.7837
405450 7.55479e+006 21.7847
405450 7.55479e+006 21.7871
405450 7.55479e+006 21.7899
405450 7.55479e+006 21.7877
405450 7.55479e+006 21.7877
405450 7.55479e+006 21.7847
405450 7.55479e+006 21.7871
405450 7.55479e+006 21.7895
405450 7.55479e+006 21.7922
405450 7.55479e+006 21.7899
405450 7.55479e+006 21.7899
405450 7.55479e+006 21.7871
405450 7.55479e+006 21.7895
405450 7.55479e+006 21.7905
405450 7.55479e+006 21.7931
405450 7.55479e+006 21.7922
405450 7.55479e+006 21.7922
405450 7.55479e+006 21.7895
405450 7.55479e+006 21.7905
405450 7.55479e+006 21.7895
405450 7.55479e+006 21.7922
405450 7.55479e+006 21.7931
405450 7.55479e+006 21.7931
405450 7.55479e+006 21.7905
405450 7.55479e+006 21.7895
405450 7.55479e+006 21.7871
405450 7.55479e+006 21.7899
405450 7.55479e+006 21.7922
405450 7.55479e+006 21.7922
405450 7.55479e+006 21.7895
405450 7.55479e+006 21.7871
405450 7.55479e+006 21.7847
405450 7.55479e+006 21.7877
405450 7.55479e+006 21.7899
405450 7.55479e+006 21.7899
405450 7.55479e+006 21.7871
405450 7.55479e+006 21.7847
405450 7.55479e+006 21.7837
405450 7.55479e+006 21.7867
405450 7.55479e+006 21.7877
405450 7.55479e+006 21.7877
405450 7.55479e+006 21.7847
405450 7.55479e+006 21.7837
405450 7.55479e+006 21.7892
405450 7.55479e+006 21.7847
405450 7.55479e+006 21.7837
405450 7.55479e+006 21.7837
405450 7.55479e+006 21.7882
405450 7.55479e+006 21.7892
405450 7.55479e+006 21.7913
405450 7.55479e+006 21.7871
405450 7.55479e+006 21.7847
405450 7.55479e+006 21.7847
405450 7.55479e+006 21.7892
405450 7.55479e+006 21.7913
405450 7.55479e+006 21.7935
405450 7.55479e+006 21.7895
405450 7.55479e+006 21.7871
405450 7.55479e+006 21.7871
405450 7.55479e+006 21.7913
405450 7.55479e+006 21.7935
405450 7.55479e+006 21.7944
405450 7.55479e+006 21.7905
405450 7.55479e+006 21.7895
405450 7.55479e+006 21.7895
405450 7.55479e+006 21.7935
405450 7.55479e+006 21.7944
405450 7.55479e+006 21.7935
405450 7.55479e+006 21.7895
405450 7.55479e+006 21.7905
405450 7.55479e+006 21.7905
405450 7.55479e+006 21.7944
405450 7.55479e+006 21.7935
405450 7.55479e+006 21.7913
405450 7.55479e+006 21.7871
405450 7.55479e+006 21.7895
405450 7.55479e+006 21.7895
405450 7.55479e+006 21.7935
405450 7.55479e+006 21.7913
405450 7.55479e+006 21.7892
405450 7.55479e+006 21.7847
405450 7.55479e+006 21.7871
405450 7.55479e+006 21.7871
405450 7.55479e+006 21.7913
405450 7.55479e+006 21.7892
405450 7.55479e+006 21.7882
405450 7.55479e+006 21.7837
405450 7.55479e+006 21.7847
405450 7.55479e+006 21.7847
405450 7.55479e+006 21.7892
405450 7.55479e+006 21.7882
405451 7.55479e+006 21.8006
405450 7.55479e+006 21.7892
405450 7.55479e+006 21.7882
405450 7.55479e+006 21.7882
405451 7.55479e+006 21.7999
405451 7.55479e+006 21.8006
405451 7.55479e+006 21.8022
405450 7.55479e+006 21.7913
405450 7.55479e+006 21.7892
405450 7.55479e+006 21.7892
405451 7.55479e+006 21.8006
405451 7.55479e+006 21.8022
405451 7.55479e+006 21.8038
405450 7.55479e+006 21.7935
405450 7.55479e+006 21.7913
405450 7.55479e+006 21.7913
405451 7.55479e+006 21.8022
405451 7.55479e+006 21.8038
405450 7.55479e+006 21.8045
405450 7.55479e+006 21.7944
405450 7.55479e+006 21.7935
405450 7.55479e+006 21.7935
405451 7.55479e+006 21.8038
405450 7.55479e+006 21.8045
405450 7.55479e+006 21.8038
405450 7.55479e+006 21.7935
405450 7.55479e+006 21.7944
405450 7.55479e+006 21.7944
405450 7.55479e+006 21.8045
405450 7.55479e+006 21.8038
405450 7.55479e+006 21.8022
405450 7.55479e+006 21.7913
405450 7.55479e+006 21.7935
405450 7.55479e+006 21.7935
405450 7.55479e+006 21.8038
405450 7.55479e+006 21.8022
405450 7.55479e+006 21.8006
405450 7.55479e+006 21.7892
405450 7.55479e+006 21.7913
405450 7.55479e+006 21.7913
405450 7.55479e+006 21.8022
405450 7.55479e+006 21.8006
405451 7.55479e+006 21.7999
405450 7.55479e+006 21.7882
405450 7.55479e+006 21.7892
405450 7.55479e+006 21.7892
405450 7.55479e+006 21.8006
405451 7.55479e+006 21.7999
405451 7.55479e+006 21.8165
405451 7.55479e+006 21.8006
405451 7.55479e+006 21.7999
405451 7.55479e+006 21.7999
405451 7.55479e+006 21.8162
405451 7.55479e+006 21.8165
405451 7.55479e+006 21.8173
405451 7.55479e+006 21.8022
405451 7.55479e+006 21.8006
405451 7.55479e+006 21.8006
405451 7.55479e+006 21.8165
405451 7.55479e+006 21.8173
405451 7.55479e+006 21.8182
405451 7.55479e+006 21.8038
405451 7.55479e+006 21.8022
405451 7.55479e+006 21.8022
405451 7.55479e+006 21.8173
405451 7.55479e+006 21.8182
405451 7.55479e+006 21.8185
405450 7.55479e+006 21.8045
405451 7.55479e+006 21.8038
405451 7.55479e+006 21.8038
405451 7.55479e+006 21.8182
405451 7.55479e+006 21.8185
405450 7.55479e+006 21.8182
405450 7.55479e+006 21.8038
405450 7.55479e+006 21.8045
405450 7.55479e+006 21.8045
405451 7.55479e+006 21.8185
405450 7.55479e+006 21.8182
405450 7.55479e+006 21.8173
405450 7.55479e+006 21.8022
405450 7.55479e+006 21.8038
405450 7.55479e+006 21.8038
405450 7.55479e+006 21.8182
405450 7.55479e+006 21.8173
405451 7.55479e+006 21.8165
405450 7.55479e+006 21.8006
405450 7.55479e+006 21.8022
405450 7.55479e+006 21.8022
405450 7.55479e+006 21.8173
405451 7.55479e+006 21.8165
405451 7.55479e+006 21.8162
405451 7.55479e+006 21.7999
405450 7.55479e+006 21.8006
405450 7.55479e+006 21.8006
405451 7.55479e+006 21.8165
405451 7.55479e+006 21.8162
405451 7.55479e+006 21.8349
405451 7.55479e+006 21.8165
405451 7.55479e+006 21.8162
405451 7.55479e+006 21.8162
405451 7.55479e+006 21.8349
405451 7.55479e+006 21.8349
405451 7.55479e+006 21.8348
405451 7.55479e+006 21.8173
405451 7.55479e+006 21.8165
405451 7.55479e+006 21.8165
405451 7.55479e+006 21.8349
405451 7.55479e+006 21.8348
405451 7.55479e+006 21.8347
405451 7.55479e+006 21.8182
405451 7.55479e+006 21.8173
405451 7.55479e+006 21.8173
405451 7.55479e+006 21.8348
405451 7.55479e+006 21.8347
405451 7.55479e+006 21.8347
405451 7.55479e+006 21.8185
405451 7.55479e+006 21.8182
405451 7.55479e+006 21.8182
405451 7.55479e+006 21.8347
405451 7.55479e+006 21.8347
405451 7.55479e+006 21.8347
405450 7.55479e+006 21.8182
405451 7.55479e+006 21.8185
405451 7.55479e+006 21.8185
405451 7.55479e+006 21.8347
405451 7.55479e+006 21.8347
405451 7.55479e+006 21.8348
405450 7.55479e+006 21.8173
405450 7.55479e+006 21.8182
405450 7.55479e+006 21.8182
405451 7.55479e+006 21.8347
405451 7.55479e+006 21.8348
405451 7.55479e+006 21.8349
405451 7.55479e+006 21.8165
405450 7.55479e+006 21.8173
405450 7.55479e+006 21.8173
405451 7.55479e+006 21.8348
405451 7.55479e+006 21.8349
405451 7.55479e+006 21.8349
405451 7.55479e+006 21.8162
405451 7.55479e+006 21.8165
405451 7.55479e+006 21.8165
405451 7.55479e+006 21.8349
405451 7.55479e+006 21.8349
405451 7.55479e+006 21.8537
405451 7.55479e+006 21.8349
405451 7.55479e+006 21.8349
405451 7.55479e+006 21.8349
405451 7.55479e+006 21.8541
405451 7.55479e+006 21.8537
405451 7.55479e+006 21.8526
405451 7.55479e+006 21.8348
405451 7.55479e+006 21.8349
405451 7.55479e+006 21.8349
405451 7.55479e+006 21.8537
405451 7.55479e+006 21.8526
405451 7.55479e+006 21.8516
405451 7.55479e+006 21.8347
405451 7.55479e+006 21.8348
405451 7.55479e+006 21.8348
405451 7.55479e+006 21.8526
405451 7.55479e+006 21.8516
405451 7.55479e+006 21.8512
405451 7.55479e+006 21.8347
405451 7.55479e+006 21.8347
405451 7.55479e+006 21.8347
405451 7.55479e+006 21.8516
405451 7.55479e+006 21.8512
405450 7.55479e+006 21.8516
405451 7.55479e+006 21.8347
405451 7.55479e+006 21.8347
405451 7.55479e+006 21.8347
405451 7.55479e+006 21.8512
405450 7.55479e+006 21.8516
405450 7.55479e+006 21.8526
405451 7.55479e+006 21.8348
405451 7.55479e+006 21.8347
405451 7.55479e+006 21.8347
405450 7.55479e+006 21.8516
405450 7.55479e+006 21.8526
405451 7.55479e+006 21.8537
405451 7.55479e+006 21.8349
405451 7.55479e+006 21.8348
405451 7.55479e+006 21.8348
405450 7.55479e+006 21.8526
405451 7.55479e+006 21.8537
405451 7.55479e+006 21.8541
405451 7.55479e+006 21.8349
405451 7.55479e+006 21.8349
405451 7.55479e+006 21.8349
405451 7.55479e+006 21.8537
405451 7.55479e+006 21.8541
405451 7.55479e+006 21.8692
405451 7.55479e+006 21.8537
405451 7.55479e+006 21.8541
405451 7.55479e+006 21.8541
405450 7.55479e+006 21.8699
405451 7.55479e+006 21.8692
405451 7.55479e+006 21.8674
405451 7.55479e+006 21.8526
405451 7.55479e+006 21.8537
405451 7.55479e+006 21.8537
405451 7.55479e+006 21.8692
405451 7.55479e+006 21.8674
405450 7.55479e+006 21.8657
405451 7.55479e+006 21.8516
405451 7.55479e+006 21.8526
405451 7.55479e+006 21.8526
405451 7.55479e+006 21.8674
405450 7.55479e+006 21.8657
405450 7.55479e+006 21.8649
405451 7.55479e+006 21.8512
405451 7.55479e+006 21.8516
405451 7.55479e+006 21.8516
405450 7.55479e+006 21.8657
405450 7.55479e+006 21.8649
405450 7.55479e+006 21.8657
405450 7.55479e+006 21.8516
405451 7.55479e+006 21.8512
405451 7.55479e+006 21.8512
405450 7.55479e+006 21.8649
405450 7.55479e+006 21.8657
405450 7.55479e+006 21.8674
405450 7.55479e+006 21.8526
405450 7.55479e+006 21.8516
405450 7.55479e+006 21.8516
405450 7.55479e+006 21.8657
405450 7.55479e+006 21.8674
405450 7.55479e+006 21.8692
405451 7.55479e+006 21.8537
405450 7.55479e+006 21.8526
405450 7.55479e+006 21.8526
405450 7.55479e+006 21.8674
405450 7.55479e+006 21.8692
405450 7.55479e+006 21.8699
405451 7.55479e+006 21.8541
405451 7.55479e+006 21.8537
405451 7.55479e+006 21.8537
405450 7.55479e+006 21.8692
405450 7.55479e+006 21.8699
405450 7.55479e+006 21.8788
405451 7.55479e+006 21.8692
405450 7.55479e+006 21.8699
405450 7.55479e+006 21.8699
405450 7.55479e+006 21.8798
405450 7.55479e+006 21.8788
405450 7.55479e+006 21.8766
405451 7.55479e+006 21.8674
405451 7.55479e+006 21.8692
405451 7.55479e+006 21.8692
405450 7.55479e+006 21.8788
405450 7.55479e+006 21.8766
405450 7.55479e+006 21.8743
405450 7.55479e+006 21.8657
405451 7.55479e+006 21.8674
405451 7.55479e+006 21.8674
405450 7.55479e+006 21.8766
405450 7.55479e+006 21.8743
405450 7.55479e+006 21.8734
405450 7.55479e+006 21.8649
405450 7.55479e+006 21.8657
405450 7.55479e+006 21.8657
405450 7.55479e+006 21.8743
405450 7.55479e+006 21.8734
405450 7.55479e+006 21.8743
405450 7.55479e+006 21.8657
405450 7.55479e+006 21.8649
405450 7.55479e+006 21.8649
405450 7.55479e+006 21.8734
405450 7.55479e+006 21.8743
405450 7.55479e+006 21.8766
405450 7.55479e+006 21.8674
405450 7.55479e+006 21.8657
405450 7.55479e+006 21.8657
405450 7.55479e+006 21.8743
405450 7.55479e+006 21.8766
405450 7.55479e+006 21.8788
405450 7.55479e+006 21.8692
405450 7.55479e+006 21.8674
405450 7.55479e+006 21.8674
405450 7.55479e+006 21.8766
405450 7.55479e+006 21.8788
405450 7.55479e+006 21.8798
405450 7.55479e+006 21.8699
405450 7.55479e+006 21.8692
405450 7.55479e+006 21.8692
405450 7.55479e+006 21.8788
405450 7.55479e+006 21.8798
405450 7.55479e+006 21.8818
405450 7.55479e+006 21.8788
405450 7.55479e+006 21.8798
405450 7.55479e+006 21.8798
405450 7.55479e+006 21.8828
405450 7.55479e+006 21.8818
405450 7.55479e+006 21.8794
405450 7.55479e+006 21.8766
405450 7.55479e+006 21.8788
405450 7.55479e+006 21.8788
405450 7.55479e+006 21.8818
405450 7.55479e+006 21.8794
405450 7.55479e+006 21.877
405450 7.55479e+006 21.8743
405450 7.55479e+006 21.8766
405450 7.55479e+006 21.8766
405450 7.55479e+006 21.8794
405450 7.55479e+006 21.877
405450 7.55479e+006 21.876
405450 7.55479e+006 21.8734
405450 7.55479e+006 21.8743
405450 7.55479e+006 21.8743
405450 7.55479e+006 21.877
405450 7.55479e+006 21.876
405450 7.55479e+006 21.877
405450 7.55479e+006 21.8743
405450 7.55479e+006 21.8734
405450 7.55479e+006 21.8734
405450 7.55479e+006 21.876
405450 7.55479e+006 21.877
405450 7.55479e+006 21.8794
405450 7.55479e+006 21.8766
405450 7.55479e+006 21.8743
405450 7.55479e+006 21.8743
405450 7.55479e+006 21.877
405450 7.55479e+006 21.8794
405450 7.55479e+006 21.8818
405450 7.55479e+006 21.8788
405450 7.55479e+006 21.8766
405450 7.55479e+006 21.8766
405450 7.55479e+006 21.8794
405450 7.55479e+006 21.8818
405450 7.55479e+006 21.8828
405450 7.55479e+006 21.8798
405450 7.55479e+006 21.8788
405450 7.55479e+006 21.8788
405450 7.55479e+006 21.8818
405450 7.55479e+006 21.8828
405450 7.55479e+006 21.8774
405450 7.55479e+006 21.8818
405450 7.55479e+006 21.8828
405450 7.55479e+006 21.8828
405450 7.55479e+006 21.8783
405450 7.55479e+006 21.8774
405450 7.55479e+006 21.8752
405450 7.55479e+006 21.8794
405450 7.55479e+006 21.8818
405450 7.55479e+006 21.8818
405450 7.55479e+006 21.8774
405450 7.55479e+006 21.8752
405450 7.55479e+006 21.873
405450 7.55479e+006 21.877
405450 7.55479e+006 21.8794
405450 7.55479e+006 21.8794
405450 7.55479e+006 21.8752
405450 7.55479e+006 21.873
405450 7.55479e+006 21.8721
405450 7.55479e+006 21.876
405450 7.55479e+006 21.877
405450 7.55479e+006 21.877
405450 7.55479e+006 21.873
405450 7.55479e+006 21.8721
405450 7.55479e+006 21.873
405450 7.55479e+006 21.877
405450 7.55479e+006 21.876
405450 7.55479e+006 21.876
405450 7.55479e+006 21.8721
405450 7.55479e+006 21.873
405450 7.55479e+006 21.8752
405450 7.55479e+006 21.8794
405450 7.55479e+006 21.877
405450 7.55479e+006 21.877
405450 7.55479e+006 21.873
405450 7.55479e+006 21.8752
405450 7.55479e+006 21.8774
405450 7.55479e+006 21.8818
405450 7.55479e+006 21.8794
405450 7.55479e+006 21.8794
405450 7.55479e+006 21.8752
405450 7.55479e+006 21.8774
405450 7.55479e+006 21.8783
405450 7.55479e+006 21.8828
405450 7.55479e+006 21.8818
405450 7.55479e+006 21.8818
405450 7.55479e+006 21.8774
405450 7.55479e+006 21.8783
405450 7.55479e+006 21.8331
405450 7.55479e+006 21.8753
405450 7.55479e+006 21.8758
405450 7.55479e+006 21.8758
405450 7.55479e+006 21.8336
405450 7.55479e+006 21.8331
405450 7.55479e+006 21.8321
405450 7.55479e+006 21.8743
405450 7.55479e+006 21.8753
405450 7.55479e+006 21.8753
405450 7.55479e+006 21.8331
405450 7.55479e+006 21.8321
405450 7.55479e+006 21.8316
405450 7.55479e+006 21.8738
405450 7.55479e+006 21.8743
405450 7.55479e+006 21.8743
405450 7.55479e+006 21.8321
405450 7.55479e+006 21.8316
405450 7.55479e+006 21.8321
405450 7.55479e+006 21.8743
405450 7.55479e+006 21.8738
405450 7.55479e+006 21.8738
405450 7.55479e+006 21.8316
405450 7.55479e+006 21.8321
405450 7.55479e+006 21.8331
405450 7.55479e+006 21.8753
405450 7.55479e+006 21.8743
405450 7.55479e+006 21.8743
405450 7.55479e+006 21.8321
405450 7.55479e+006 21.8331
405450 7.55479e+006 21.8336
405450 7.55479e+006 21.8758
405450 7.55479e+006 21.8753
405450 7.55479e+006 21.8753
405450 7.55479e+006 21.8331
405450 7.55479e+006 21.8336
405450 7.55479e+006 21.7908
405450 7.55479e+006 21.8331
405450 7.55479e+006 21.8336
405450 7.55479e+006 21.8336
405450 7.55479e+006 21.7913
405450 7.55479e+006 21.7908
405450 7.55479e+006 21.7899
405450 7.55479e+006 21.8321
405450 7.55479e+006 21.8331
405450 7.55479e+006 21.8331
405450 7.55479e+006 21.7908
405450 7.55479e+006 21.7899
405450 7.55479e+006 21.7894
405450 7.55479e+006 21.8316
405450 7.55479e+006 21.8321
405450 7.55479e+006 21.8321
405450 7.55479e+006 21.7899
405450 7.55479e+006 21.7894
405450 7.55479e+006 21.7899
405450 7.55479e+006 21.8321
405450 7.55479e+006 21.8316
405450 7.55479e+006 21.8316
405450 7.55479e+006 21.7894
405450 7.55479e+006 21.7899
405450 7.55479e+006 21.7908
405450 7.55479e+006 21.8331
405450 7.55479e+006 21.8321
405450 7.55479e+006 21.8321
405450 7.55479e+006 21.7899
405450 7.55479e+006 21.7908
405450 7.55479e+006 21.7913
405450 7.55479e+006 21.8336
405450 7.55479e+006 21.8331
405450 7.55479e+006 21.8331
405450 7.55479e+006 21.7908
405450 7.55479e+006 21.7913
405450 7.55479e+006 21.8743
405450 7.55479e+006 21.8753
405450 7.55479e+006 21.8758
405450 7.55479e+006 21.8738
405450 7.55479e+006 21.8743
405450 7.55479e+006 21.8758
405450 7.55479e+006 21.8743
405450 7.55479e+006 21.8738
405450 7.55479e+006 21.8758
405450 7.55479e+006 21.8753
405450 7.55479e+006 21.8743
405450 7.55479e+006 21.8758
405450 7.55479e+006 21.7899
405450 7.55479e+006 21.7908
405450 7.55479e+006 21.7913
405450 7.55479e+006 21.7913
405450 7.55479e+006 21.7899
405450 7.55479e+006 21.7894
405450 7.55479e+006 21.7894
405450 7.55479e+006 21.7899
405450 7.55479e+006 21.7913
405450 7.55479e+006 21.7908
405450 7.55479e+006 21.7899
405450 7.55479e+006 21.7913
405450 7.55479e+006 21.8338
405451 7.55479e+006 21.8172
405451 7.55479e+006 21.8185
405451 7.55479e+006 21.8185
405450 7.55479e+006 21.8351
405450 7.55479e+006 21.8338
405450 7.55479e+006 21.8313
405451 7.55479e+006 21.8147
405451 7.55479e+006 21.8172
405451 7.55479e+006 21.8172
405450 7.55479e+006 21.8338
405450 7.55479e+006 21.8313
405450 7.55479e+006 21.8301
405451 7.55479e+006 21.8135
405451 7.55479e+006 21.8147
405451 7.55479e+006 21.8147
405450 7.55479e+006 21.8313
405450 7.55479e+006 21.8301
405450 7.55479e+006 21.8313
405450 7.55479e+006 21.8147
405451 7.55479e+006 21.8135
405451 7.55479e+006 21.8135
405450 7.55479e+006 21.8301
405450 7.55479e+006 21.8313
405450 7.55479e+006 21.8338
405451 7.55479e+006 21.8172
405450 7.55479e+006 21.8147
405450 7.55479e+006 21.8147
405450 7.55479e+006 21.8313
405450 7.55479e+006 21.8338
405450 7.55479e+006 21.8351
405451 7.55479e+006 21.8185
405451 7.55479e+006 21.8172
405451 7.55479e+006 21.8172
405450 7.55479e+006 21.8338
405450 7.55479e+006 21.8351
405450 7.55479e+006 21.8504
405450 7.55479e+006 21.8338
405450 7.55479e+006 21.8351
405450 7.55479e+006 21.8351
405450 7.55479e+006 21.8517
405450 7.55479e+006 21.8504
405450 7.55479e+006 21.8479
405450 7.55479e+006 21.8313
405450 7.55479e+006 21.8338
405450 7.55479e+006 21.8338
405450 7.55479e+006 21.8504
405450 7.55479e+006 21.8479
405450 7.55479e+006 21.8467
405450 7.55479e+006 21.8301
405450 7.55479e+006 21.8313
405450 7.55479e+006 21.8313
405450 7.55479e+006 21.8479
405450 7.55479e+006 21.8467
405450 7.55479e+006 21.8479
405450 7.55479e+006 21.8313
405450 7.55479e+006 21.8301
405450 7.55479e+006 21.8301
405450 7.55479e+006 21.8467
405450 7.55479e+006 21.8479
405450 7.55479e+006 21.8505
405450 7.55479e+006 21.8338
405450 7.55479e+006 21.8313
405450 7.55479e+006 21.8313
405450 7.55479e+006 21.8479
405450 7.55479e+006 21.8505
405450 7.55479e+006 21.8517
405450 7.55479e+006 21.8351
405450 7.55479e+006 21.8338
405450 7.55479e+006 21.8338
405450 7.55479e+006 21.8505
405450 7.55479e+006 21.8517
405450 7.55479e+006 21.8147
405451 7.55479e+006 21.8172
405451 7.55479e+006 21.8185
405451 7.55479e+006 21.8135
405450 7.55479e+006 21.8147
405451 7.55479e+006 21.8185
405451 7.55479e+006 21.8147
405451 7.55479e+006 21.8135
405451 7.55479e+006 21.8185
405451 7.55479e+006 21.8172
405451 7.55479e+006 21.8147
405451 7.55479e+006 21.8185
405450 7.55479e+006 21.8479
405450 7.55479e+006 21.8504
405450 7.55479e+006 21.8517
405450 7.55479e+006 21.8517
405450 7.55479e+006 21.8479
405450 7.55479e+006 21.8467
405450 7.55479e+006 21.8467
405450 7.55479e+006 21.8479
405450 7.55479e+006 21.8517
405450 7.55479e+006 21.8505
405450 7.55479e+006 21.8479
405450 7.55479e+006 21.8517
405450 7.55479e+006 21.8405
405450 7.55479e+006 21.8372
405450 7.55479e+006 21.8372
405450 7.55479e+006 21.8372
405450 7.55479e+006 21.8405
405450 7.55479e+006 21.8405
405450 7.55479e+006 21.8372
405450 7.55479e+006 21.8323
405450 7.55479e+006 21.8323
405450 7.55479e+006 21.8323
405450 7.55479e+006 21.8372
405450 7.55479e+006 21.8372
405450 7.55479e+006 21.8323
405450 7.55479e+006 21.8278
405450 7.55479e+006 21.8278
405450 7.55479e+006 21.8278
405450 7.55479e+006 21.8323
405450 7.55479e+006 21.8323
405450 7.55479e+006 21.8278
405450 7.55479e+006 21.8254
405450 7.55479e+006 21.8254
405450 7.55479e+006 21.8254
405450 7.55479e+006 21.8278
405450 7.55479e+006 21.8278
405450 7.55479e+006 21.8254
405450 7.55479e+006 21.826
405450 7.55479e+006 21.826
405450 7.55479e+006 21.826
405450 7.55479e+006 21.8254
405450 7.55479e+006 21.8254
405450 7.55479e+006 21.826
405450 7.55479e+006 21.8293
405450 7.55479e+006 21.8293
405450 7.55479e+006 21.8293
405450 7.55479e+006 21.826
405450 7.55479e+006 21.826
405450 7.55479e+006 21.8293
405450 7.55479e+006 21.8342
405450 7.55479e+006 21.8342
405450 7.55479e+006 21.8342
405450 7.55479e+006 21.8293
405450 7.55479e+006 21.8293
405450 7.55479e+006 21.8342
405450 7.55479e+006 21.8387
405450 7.55479e+006 21.8387
405450 7.55479e+006 21.8387
405450 7.55479e+006 21.8342
405450 7.55479e+006 21.8342
405450 7.55479e+006 21.8387
405450 7.55479e+006 21.8411
405450 7.55479e+006 21.8411
405450 7.55479e+006 21.8411
405450 7.55479e+006 21.8387
405450 7.55479e+006 21.8387
405450 7.55479e+006 21.8411
405450 7.55479e+006 21.8405
405450 7.55479e+006 21.8405
405450 7.55479e+006 21.8405
405450 7.55479e+006 21.8411
405450 7.55479e+006 21.8411
405450 7.55479e+006 21.8387
405450 7.55479e+006 21.8342
405450 7.55479e+006 21.8293
405450 7.55479e+006 21.8293
405450 7.55479e+006 21.826
405450 7.55479e+006 21.8254
405450 7.55479e+006 21.8254
405450 7.55479e+006 21.8278
405450 7.55479e+006 21.8323
405450 7.55479e+006 21.8323
405450 7.55479e+006 21.8372
405450 7.55479e+006 21.8405
405450 7.55479e+006 21.8254
405450 7.55479e+006 21.8323
405450 7.55479e+006 21.8405
405450 7.55479e+006 21.8293
405450 7.55479e+006 21.8254
405450 7.55479e+006 21.8405
405450 7.55479e+006 21.8387
405450 7.55479e+006 21.8293
405450 7.55479e+006 21.8405
405450 7.55479e+006 21.8411
405450 7.55479e+006 21.8387
405450 7.55479e+006 21.8405
405450 7.55479e+006 21.8365
405450 7.55479e+006 21.8325
405450 7.55479e+006 21.8288
405450 7.55479e+006 21.8288
405450 7.55479e+006 21.8268
405450 7.55479e+006 21.8273
405450 7.55479e+006 21.8273
405450 7.55479e+006 21.83
405450 7.55479e+006 21.834
405450 7.55479e+006 21.834
405450 7.55479e+006 21.8377
405450 7.55479e+006 21.8397
405450 7.55479e+006 21.8273
405450 7.55479e+006 21.834
405450 7.55479e+006 21.8397
405450 7.55479e+006 21.8288
405450 7.55479e+006 21.8273
405450 7.55479e+006 21.8397
405450 7.55479e+006 21.8365
405450 7.55479e+006 21.8288
405450 7.55479e+006 21.8397
405450 7.55479e+006 21.8392
405450 7.55479e+006 21.8365
405450 7.55479e+006 21.8397
405450 7.55479e+006 21.8405
405450 7.55479e+006 21.8372
405450 7.55479e+006 21.8365
405450 7.55479e+006 21.8365
405450 7.55479e+006 21.8392
405450 7.55479e+006 21.8405
405450 7.55479e+006 21.8372
405450 7.55479e+006 21.8323
405450 7.55479e+006 21.8325
405450 7.55479e+006 21.8325
405450 7.55479e+006 21.8365
405450 7.55479e+006 21.8372
405450 7.55479e+006 21.8323
405450 7.55479e+006 21.8278
405450 7.55479e+006 21.8288
405450 7.55479e+006 21.8288
405450 7.55479e+006 21.8325
405450 7.55479e+006 21.8323
405450 7.55479e+006 21.8278
405450 7.55479e+006 21.8254
405450 7.55479e+006 21.8268
405450 7.55479e+006 21.8268
405450 7.55479e+006 21.8288
405450 7.55479e+006 21.8278
405450 7.55479e+006 21.8254
405450 7.55479e+006 21.826
405450 7.55479e+006 21.8273
405450 7.55479e+006 21.8273
405450 7.55479e+006 21.8268
405450 7.55479e+006 21.8254
405450 7.55479e+006 21.826
405450 7.55479e+006 21.8293
405450 7.55479e+006 21.83
405450 7.55479e+006 21.83
405450 7.55479e+006 21.8273
405450 7.55479e+006 21.826
405450 7.55479e+006 21.8293
405450 7.55479e+006 21.8342
405450 7.55479e+006 21.834
405450 7.55479e+006 21.834
405450 7.55479e+006 21.83
405450 7.55479e+006 21.8293
405450 7.55479e+006 21.8342
405450 7.55479e+006 21.8387
405450 7.55479e+006 21.8377
405450 7.55479e+006 21.8377
405450 7.55479e+006 21.834
405450 7.55479e+006 21.8342
405450 7.55479e+006 21.8387
405450 7.55479e+006 21.8411
405450 7.55479e+006 21.8397
405450 7.55479e+006 21.8397
405450 7.55479e+006 21.8377
405450 7.55479e+006 21.8387
405450 7.55479e+006 21.8411
405450 7.55479e+006 21.8405
405450 7.55479e+006 21.8392
405450 7.55479e+006 21.8392
405450 7.55479e+006 21.8397
405450 7.55479e+006 21.8411
405450 7.55479e+006 21.8392
405450 7.55479e+006 21.8365
405450 7.55479e+006 21.8365
405450 7.55479e+006 21.8365
405450 7.55479e+006 21.8392
405450 7.55479e+006 21.8392
405450 7.55479e+006 21.8365
405450 7.55479e+006 21.8325
405450 7.55479e+006 21.8325
405450 7.55479e+006 21.8325
405450 7.55479e+006 21.8365
405450 7.55479e+006 21.8365
405450 7.55479e+006 21.8325
405450 7.55479e+006 21.8288
405450 7.55479e+006 21.8288
405450 7.55479e+006 21.8288
405450 7.55479e+006 21.8325
405450 7.55479e+006 21.8325
405450 7.55479e+006 21.8288
405450 7.55479e+006 21.8268
405450 7.55479e+006 21.8268
405450 7.55479e+006 21.8268
405450 7.55479e+006 21.8288
405450 7.55479e+006 21.8288
405450 7.55479e+006 21.8268
405450 7.55479e+006 21.8273
405450 7.55479e+006 21.8273
405450 7.55479e+006 21.8273
405450 7.55479e+006 21.8268
405450 7.55479e+006 21.8268
405450 7.55479e+006 21.8273
405450 7.55479e+006 21.83
405450 7.55479e+006 21.83
405450 7.55479e+006 21.83
405450 7.55479e+006 21.8273
405450 7.55479e+006 21.8273
405450 7.55479e+006 21.83
405450 7.55479e+006 21.834
405450 7.55479e+006 21.834
405450 7.55479e+006 21.834
405450 7.55479e+006 21.83
405450 7.55479e+006 21.83
405450 7.55479e+006 21.834
405450 7.55479e+006 21.8377
405450 7.55479e+006 21.8377
405450 7.55479e+006 21.8377
405450 7.55479e+006 21.834
405450 7.55479e+006 21.834
405450 7.55479e+006 21.8377
405450 7.55479e+006 21.8397
405450 7.55479e+006 21.8397
405450 7.55479e+006 21.8397
405450 7.55479e+006 21.8377
405450 7.55479e+006 21.8377
405450 7.55479e+006 21.8397
405450 7.55479e+006 21.8392
405450 7.55479e+006 21.8392
405450 7.55479e+006 21.8392
405450 7.55479e+006 21.8397
405450 7.55479e+006 21.8397
