405438 7.55479e+006 26.2579
405438 7.55479e+006 26.2487
405438 7.55479e+006 26.3042
405438 7.55479e+006 26.3042
405438 7.55479e+006 26.3161
405438 7.55479e+006 26.2579
405438 7.55479e+006 26.2487
405438 7.55479e+006 26.2394
405438 7.55479e+006 26.2924
405438 7.55479e+006 26.2924
405438 7.55479e+006 26.3042
405438 7.55479e+006 26.2487
405438 7.55479e+006 26.2394
405438 7.55479e+006 26.2487
405438 7.55479e+006 26.3042
405438 7.55479e+006 26.3042
405438 7.55479e+006 26.2924
405438 7.55479e+006 26.2394
405438 7.55479e+006 26.2487
405438 7.55479e+006 26.2579
405438 7.55479e+006 26.3161
405438 7.55479e+006 26.3161
405438 7.55479e+006 26.3042
405438 7.55479e+006 26.2487
405438 7.55479e+006 26.3161
405438 7.55479e+006 26.3042
405438 7.55479e+006 26.3422
405438 7.55479e+006 26.3422
405438 7.55479e+006 26.3558
405438 7.55479e+006 26.3161
405438 7.55479e+006 26.3042
405438 7.55479e+006 26.2924
405438 7.55479e+006 26.3287
405438 7.55479e+006 26.3287
405438 7.55479e+006 26.3422
405438 7.55479e+006 26.3042
405438 7.55479e+006 26.2924
405438 7.55479e+006 26.3042
405438 7.55479e+006 26.3422
405438 7.55479e+006 26.3422
405438 7.55479e+006 26.3287
405438 7.55479e+006 26.2924
405438 7.55479e+006 26.3042
405438 7.55479e+006 26.3161
405438 7.55479e+006 26.3558
405438 7.55479e+006 26.3558
405438 7.55479e+006 26.3422
405438 7.55479e+006 26.3042
405438 7.55479e+006 26.3558
405438 7.55479e+006 26.3422
405438 7.55479e+006 26.36
405438 7.55479e+006 26.36
405438 7.55479e+006 26.3744
405438 7.55479e+006 26.3558
405438 7.55479e+006 26.3422
405438 7.55479e+006 26.3287
405438 7.55479e+006 26.3457
405438 7.55479e+006 26.3457
405438 7.55479e+006 26.36
405438 7.55479e+006 26.3422
405438 7.55479e+006 26.3287
405438 7.55479e+006 26.3422
405438 7.55479e+006 26.36
405438 7.55479e+006 26.36
405438 7.55479e+006 26.3457
405438 7.55479e+006 26.3287
405438 7.55479e+006 26.3422
405438 7.55479e+006 26.3558
405438 7.55479e+006 26.3744
405438 7.55479e+006 26.3744
405438 7.55479e+006 26.36
405438 7.55479e+006 26.3422
405438 7.55479e+006 26.3744
405438 7.55479e+006 26.36
405438 7.55479e+006 26.3564
405438 7.55479e+006 26.3564
405438 7.55479e+006 26.3707
405438 7.55479e+006 26.3744
405438 7.55479e+006 26.36
405438 7.55479e+006 26.3457
405438 7.55479e+006 26.3422
405438 7.55479e+006 26.3422
405438 7.55479e+006 26.3564
405438 7.55479e+006 26.36
405438 7.55479e+006 26.3457
405438 7.55479e+006 26.36
405438 7.55479e+006 26.3564
405438 7.55479e+006 26.3564
405438 7.55479e+006 26.3422
405438 7.55479e+006 26.3457
405438 7.55479e+006 26.36
405438 7.55479e+006 26.3744
405438 7.55479e+006 26.3707
405438 7.55479e+006 26.3707
405438 7.55479e+006 26.3564
405438 7.55479e+006 26.36
405438 7.55479e+006 26.3707
405438 7.55479e+006 26.3564
405438 7.55479e+006 26.3317
405438 7.55479e+006 26.3317
405438 7.55479e+006 26.3448
405438 7.55479e+006 26.3707
405438 7.55479e+006 26.3564
405438 7.55479e+006 26.3422
405438 7.55479e+006 26.3186
405438 7.55479e+006 26.3186
405438 7.55479e+006 26.3317
405438 7.55479e+006 26.3564
405438 7.55479e+006 26.3422
405438 7.55479e+006 26.3564
405438 7.55479e+006 26.3317
405438 7.55479e+006 26.3317
405438 7.55479e+006 26.3186
405438 7.55479e+006 26.3422
405438 7.55479e+006 26.3564
405438 7.55479e+006 26.3707
405438 7.55479e+006 26.3448
405438 7.55479e+006 26.3448
405438 7.55479e+006 26.3317
405438 7.55479e+006 26.3564
405438 7.55479e+006 26.3448
405438 7.55479e+006 26.3317
405437 7.55479e+006 26.2875
405437 7.55479e+006 26.2875
405437 7.55479e+006 26.2986
405438 7.55479e+006 26.3448
405438 7.55479e+006 26.3317
405438 7.55479e+006 26.3186
405437 7.55479e+006 26.2764
405437 7.55479e+006 26.2764
405437 7.55479e+006 26.2875
405438 7.55479e+006 26.3317
405438 7.55479e+006 26.3186
405438 7.55479e+006 26.3317
405437 7.55479e+006 26.2875
405437 7.55479e+006 26.2875
405437 7.55479e+006 26.2764
405438 7.55479e+006 26.3186
405438 7.55479e+006 26.3317
405438 7.55479e+006 26.3448
405437 7.55479e+006 26.2986
405437 7.55479e+006 26.2986
405437 7.55479e+006 26.2875
405438 7.55479e+006 26.3317
405437 7.55479e+006 26.2986
405437 7.55479e+006 26.2875
405437 7.55479e+006 26.2269
405437 7.55479e+006 26.2269
405437 7.55479e+006 26.2351
405437 7.55479e+006 26.2986
405437 7.55479e+006 26.2875
405437 7.55479e+006 26.2764
405437 7.55479e+006 26.2186
405437 7.55479e+006 26.2186
405437 7.55479e+006 26.2269
405437 7.55479e+006 26.2875
405437 7.55479e+006 26.2764
405437 7.55479e+006 26.2875
405437 7.55479e+006 26.2269
405437 7.55479e+006 26.2269
405437 7.55479e+006 26.2186
405437 7.55479e+006 26.2764
405437 7.55479e+006 26.2875
405437 7.55479e+006 26.2986
405437 7.55479e+006 26.2351
405437 7.55479e+006 26.2351
405437 7.55479e+006 26.2269
405437 7.55479e+006 26.2875
405437 7.55479e+006 26.2351
405437 7.55479e+006 26.2269
405437 7.55479e+006 26.1539
405437 7.55479e+006 26.1539
405437 7.55479e+006 26.1588
405437 7.55479e+006 26.2351
405437 7.55479e+006 26.2269
405437 7.55479e+006 26.2186
405437 7.55479e+006 26.1489
405437 7.55479e+006 26.1489
405437 7.55479e+006 26.1539
405437 7.55479e+006 26.2269
405437 7.55479e+006 26.2186
405437 7.55479e+006 26.2269
405437 7.55479e+006 26.1539
405437 7.55479e+006 26.1539
405437 7.55479e+006 26.1489
405437 7.55479e+006 26.2186
405437 7.55479e+006 26.2269
405437 7.55479e+006 26.2351
405437 7.55479e+006 26.1588
405437 7.55479e+006 26.1588
405437 7.55479e+006 26.1539
405437 7.55479e+006 26.2269
405437 7.55479e+006 26.1588
405437 7.55479e+006 26.1539
405437 7.55479e+006 26.0736
405437 7.55479e+006 26.0736
405437 7.55479e+006 26.0748
405437 7.55479e+006 26.1588
405437 7.55479e+006 26.1539
405437 7.55479e+006 26.1489
405437 7.55479e+006 26.0723
405437 7.55479e+006 26.0723
405437 7.55479e+006 26.0736
405437 7.55479e+006 26.1539
405437 7.55479e+006 26.1489
405437 7.55479e+006 26.1539
405437 7.55479e+006 26.0736
405437 7.55479e+006 26.0736
405437 7.55479e+006 26.0723
405437 7.55479e+006 26.1489
405437 7.55479e+006 26.1539
405437 7.55479e+006 26.1588
405437 7.55479e+006 26.0748
405437 7.55479e+006 26.0748
405437 7.55479e+006 26.0736
405437 7.55479e+006 26.1539
405437 7.55479e+006 26.0748
405437 7.55479e+006 26.0736
405437 7.55479e+006 25.9914
405437 7.55479e+006 25.9914
405437 7.55479e+006 25.9889
405437 7.55479e+006 26.0748
405437 7.55479e+006 26.0736
405437 7.55479e+006 26.0723
405437 7.55479e+006 25.9939
405437 7.55479e+006 25.9939
405437 7.55479e+006 25.9914
405437 7.55479e+006 26.0736
405437 7.55479e+006 26.0723
405437 7.55479e+006 26.0736
405437 7.55479e+006 25.9914
405437 7.55479e+006 25.9914
405437 7.55479e+006 25.9939
405437 7.55479e+006 26.0723
405437 7.55479e+006 26.0736
405437 7.55479e+006 26.0748
405437 7.55479e+006 25.9889
405437 7.55479e+006 25.9889
405437 7.55479e+006 25.9914
405437 7.55479e+006 26.0736
405437 7.55479e+006 25.9889
405437 7.55479e+006 25.9914
405437 7.55479e+006 25.9129
405437 7.55479e+006 25.9129
405437 7.55479e+006 25.9068
405437 7.55479e+006 25.9889
405437 7.55479e+006 25.9914
405437 7.55479e+006 25.9939
405437 7.55479e+006 25.919
405437 7.55479e+006 25.919
405437 7.55479e+006 25.9129
405437 7.55479e+006 25.9914
405437 7.55479e+006 25.9939
405437 7.55479e+006 25.9914
405437 7.55479e+006 25.9129
405437 7.55479e+006 25.9129
405437 7.55479e+006 25.919
405437 7.55479e+006 25.9939
405437 7.55479e+006 25.9914
405437 7.55479e+006 25.9889
405437 7.55479e+006 25.9068
405437 7.55479e+006 25.9068
405437 7.55479e+006 25.9129
405437 7.55479e+006 25.9914
405437 7.55479e+006 25.9068
405437 7.55479e+006 25.9129
405437 7.55479e+006 25.8435
405437 7.55479e+006 25.8435
405437 7.55479e+006 25.8343
405437 7.55479e+006 25.9068
405437 7.55479e+006 25.9129
405437 7.55479e+006 25.919
405437 7.55479e+006 25.8528
405437 7.55479e+006 25.8528
405437 7.55479e+006 25.8435
405437 7.55479e+006 25.9129
405437 7.55479e+006 25.919
405437 7.55479e+006 25.9129
405437 7.55479e+006 25.8435
405437 7.55479e+006 25.8435
405437 7.55479e+006 25.8528
405437 7.55479e+006 25.919
405437 7.55479e+006 25.9129
405437 7.55479e+006 25.9068
405437 7.55479e+006 25.8343
405437 7.55479e+006 25.8343
405437 7.55479e+006 25.8435
405437 7.55479e+006 25.9129
405437 7.55479e+006 25.8343
405437 7.55479e+006 25.8435
405437 7.55479e+006 25.788
405437 7.55479e+006 25.788
405437 7.55479e+006 25.7761
405437 7.55479e+006 25.8343
405437 7.55479e+006 25.8435
405437 7.55479e+006 25.8528
405437 7.55479e+006 25.7998
405437 7.55479e+006 25.7998
405437 7.55479e+006 25.788
405437 7.55479e+006 25.8435
405437 7.55479e+006 25.8528
405437 7.55479e+006 25.8435
405437 7.55479e+006 25.788
405437 7.55479e+006 25.788
405437 7.55479e+006 25.7998
405437 7.55479e+006 25.8528
405437 7.55479e+006 25.8435
405437 7.55479e+006 25.8343
405437 7.55479e+006 25.7761
405437 7.55479e+006 25.7761
405437 7.55479e+006 25.788
405437 7.55479e+006 25.8435
405437 7.55479e+006 25.7761
405437 7.55479e+006 25.788
405438 7.55479e+006 25.75
405438 7.55479e+006 25.75
405438 7.55479e+006 25.7364
405437 7.55479e+006 25.7761
405437 7.55479e+006 25.788
405437 7.55479e+006 25.7998
405438 7.55479e+006 25.7635
405438 7.55479e+006 25.7635
405438 7.55479e+006 25.75
405437 7.55479e+006 25.788
405437 7.55479e+006 25.7998
405437 7.55479e+006 25.788
405438 7.55479e+006 25.75
405438 7.55479e+006 25.75
405438 7.55479e+006 25.7635
405437 7.55479e+006 25.7998
405437 7.55479e+006 25.788
405437 7.55479e+006 25.7761
405438 7.55479e+006 25.7364
405438 7.55479e+006 25.7364
405438 7.55479e+006 25.75
405437 7.55479e+006 25.788
405438 7.55479e+006 25.7364
405438 7.55479e+006 25.75
405438 7.55479e+006 25.7322
405438 7.55479e+006 25.7322
405438 7.55479e+006 25.7178
405438 7.55479e+006 25.7364
405438 7.55479e+006 25.75
405438 7.55479e+006 25.7635
405438 7.55479e+006 25.7465
405438 7.55479e+006 25.7465
405438 7.55479e+006 25.7322
405438 7.55479e+006 25.75
405438 7.55479e+006 25.7635
405438 7.55479e+006 25.75
405438 7.55479e+006 25.7322
405438 7.55479e+006 25.7322
405438 7.55479e+006 25.7465
405438 7.55479e+006 25.7635
405438 7.55479e+006 25.75
405438 7.55479e+006 25.7364
405438 7.55479e+006 25.7178
405438 7.55479e+006 25.7178
405438 7.55479e+006 25.7322
405438 7.55479e+006 25.75
405438 7.55479e+006 25.7178
405438 7.55479e+006 25.7322
405438 7.55479e+006 25.7358
405438 7.55479e+006 25.7358
405438 7.55479e+006 25.7215
405438 7.55479e+006 25.7178
405438 7.55479e+006 25.7322
405438 7.55479e+006 25.7465
405438 7.55479e+006 25.75
405438 7.55479e+006 25.75
405438 7.55479e+006 25.7358
405438 7.55479e+006 25.7322
405438 7.55479e+006 25.7465
405438 7.55479e+006 25.7322
405438 7.55479e+006 25.7358
405438 7.55479e+006 25.7358
405438 7.55479e+006 25.75
405438 7.55479e+006 25.7465
405438 7.55479e+006 25.7322
405438 7.55479e+006 25.7178
405438 7.55479e+006 25.7215
405438 7.55479e+006 25.7215
405438 7.55479e+006 25.7358
405438 7.55479e+006 25.7322
405438 7.55479e+006 25.7215
405438 7.55479e+006 25.7358
405438 7.55479e+006 25.7605
405438 7.55479e+006 25.7605
405438 7.55479e+006 25.7474
405438 7.55479e+006 25.7215
405438 7.55479e+006 25.7358
405438 7.55479e+006 25.75
405438 7.55479e+006 25.7736
405438 7.55479e+006 25.7736
405438 7.55479e+006 25.7605
405438 7.55479e+006 25.7358
405438 7.55479e+006 25.75
405438 7.55479e+006 25.7358
405438 7.55479e+006 25.7605
405438 7.55479e+006 25.7605
405438 7.55479e+006 25.7736
405438 7.55479e+006 25.75
405438 7.55479e+006 25.7358
405438 7.55479e+006 25.7215
405438 7.55479e+006 25.7474
405438 7.55479e+006 25.7474
405438 7.55479e+006 25.7605
405438 7.55479e+006 25.7358
405438 7.55479e+006 25.7474
405438 7.55479e+006 25.7605
405438 7.55479e+006 25.8047
405438 7.55479e+006 25.8047
405438 7.55479e+006 25.7936
405438 7.55479e+006 25.7474
405438 7.55479e+006 25.7605
405438 7.55479e+006 25.7736
405438 7.55479e+006 25.8157
405438 7.55479e+006 25.8157
405438 7.55479e+006 25.8047
405438 7.55479e+006 25.7605
405438 7.55479e+006 25.7736
405438 7.55479e+006 25.7605
405438 7.55479e+006 25.8047
405438 7.55479e+006 25.8047
405438 7.55479e+006 25.8157
405438 7.55479e+006 25.7736
405438 7.55479e+006 25.7605
405438 7.55479e+006 25.7474
405438 7.55479e+006 25.7936
405438 7.55479e+006 25.7936
405438 7.55479e+006 25.8047
405438 7.55479e+006 25.7605
405438 7.55479e+006 25.7936
405438 7.55479e+006 25.8047
405438 7.55479e+006 25.8653
405438 7.55479e+006 25.8653
405438 7.55479e+006 25.8571
405438 7.55479e+006 25.7936
405438 7.55479e+006 25.8047
405438 7.55479e+006 25.8157
405438 7.55479e+006 25.8736
405438 7.55479e+006 25.8736
405438 7.55479e+006 25.8653
405438 7.55479e+006 25.8047
405438 7.55479e+006 25.8157
405438 7.55479e+006 25.8047
405438 7.55479e+006 25.8653
405438 7.55479e+006 25.8653
405438 7.55479e+006 25.8736
405438 7.55479e+006 25.8157
405438 7.55479e+006 25.8047
405438 7.55479e+006 25.7936
405438 7.55479e+006 25.8571
405438 7.55479e+006 25.8571
405438 7.55479e+006 25.8653
405438 7.55479e+006 25.8047
405438 7.55479e+006 25.8571
405438 7.55479e+006 25.8653
405438 7.55479e+006 25.9383
405438 7.55479e+006 25.9383
405438 7.55479e+006 25.9334
405438 7.55479e+006 25.8571
405438 7.55479e+006 25.8653
405438 7.55479e+006 25.8736
405438 7.55479e+006 25.9433
405438 7.55479e+006 25.9433
405438 7.55479e+006 25.9383
405438 7.55479e+006 25.8653
405438 7.55479e+006 25.8736
405438 7.55479e+006 25.8653
405438 7.55479e+006 25.9383
405438 7.55479e+006 25.9383
405438 7.55479e+006 25.9433
405438 7.55479e+006 25.8736
405438 7.55479e+006 25.8653
405438 7.55479e+006 25.8571
405438 7.55479e+006 25.9334
405438 7.55479e+006 25.9334
405438 7.55479e+006 25.9383
405438 7.55479e+006 25.8653
405438 7.55479e+006 25.9334
405438 7.55479e+006 25.9383
405438 7.55479e+006 26.0186
405438 7.55479e+006 26.0186
405438 7.55479e+006 26.0174
405438 7.55479e+006 25.9334
405438 7.55479e+006 25.9383
405438 7.55479e+006 25.9433
405438 7.55479e+006 26.0199
405438 7.55479e+006 26.0199
405438 7.55479e+006 26.0186
405438 7.55479e+006 25.9383
405438 7.55479e+006 25.9433
405438 7.55479e+006 25.9383
405438 7.55479e+006 26.0186
405438 7.55479e+006 26.0186
405438 7.55479e+006 26.0199
405438 7.55479e+006 25.9433
405438 7.55479e+006 25.9383
405438 7.55479e+006 25.9334
405438 7.55479e+006 26.0174
405438 7.55479e+006 26.0174
405438 7.55479e+006 26.0186
405438 7.55479e+006 25.9383
405438 7.55479e+006 26.0174
405438 7.55479e+006 26.0186
405438 7.55479e+006 26.1008
405438 7.55479e+006 26.1008
405438 7.55479e+006 26.1033
405438 7.55479e+006 26.0174
405438 7.55479e+006 26.0186
405438 7.55479e+006 26.0199
405438 7.55479e+006 26.0983
405438 7.55479e+006 26.0983
405438 7.55479e+006 26.1008
405438 7.55479e+006 26.0186
405438 7.55479e+006 26.0199
405438 7.55479e+006 26.0186
405438 7.55479e+006 26.1008
405438 7.55479e+006 26.1008
405438 7.55479e+006 26.0983
405438 7.55479e+006 26.0199
405438 7.55479e+006 26.0186
405438 7.55479e+006 26.0174
405438 7.55479e+006 26.1033
405438 7.55479e+006 26.1033
405438 7.55479e+006 26.1008
405438 7.55479e+006 26.0186
405438 7.55479e+006 26.1033
405438 7.55479e+006 26.1008
405438 7.55479e+006 26.1793
405438 7.55479e+006 26.1793
405438 7.55479e+006 26.1854
405438 7.55479e+006 26.1033
405438 7.55479e+006 26.1008
405438 7.55479e+006 26.0983
405438 7.55479e+006 26.1732
405438 7.55479e+006 26.1732
405438 7.55479e+006 26.1793
405438 7.55479e+006 26.1008
405438 7.55479e+006 26.0983
405438 7.55479e+006 26.1008
405438 7.55479e+006 26.1793
405438 7.55479e+006 26.1793
405438 7.55479e+006 26.1732
405438 7.55479e+006 26.0983
405438 7.55479e+006 26.1008
405438 7.55479e+006 26.1033
405438 7.55479e+006 26.1854
405438 7.55479e+006 26.1854
405438 7.55479e+006 26.1793
405438 7.55479e+006 26.1008
405438 7.55479e+006 26.1854
405438 7.55479e+006 26.1793
405438 7.55479e+006 26.2487
405438 7.55479e+006 26.2487
405438 7.55479e+006 26.2579
405438 7.55479e+006 26.1854
405438 7.55479e+006 26.1793
405438 7.55479e+006 26.1732
405438 7.55479e+006 26.2394
405438 7.55479e+006 26.2394
405438 7.55479e+006 26.2487
405438 7.55479e+006 26.1793
405438 7.55479e+006 26.1732
405438 7.55479e+006 26.1793
405438 7.55479e+006 26.2487
405438 7.55479e+006 26.2487
405438 7.55479e+006 26.2394
405438 7.55479e+006 26.1732
405438 7.55479e+006 26.1793
405438 7.55479e+006 26.1854
405438 7.55479e+006 26.2579
405438 7.55479e+006 26.2579
405438 7.55479e+006 26.2487
405438 7.55479e+006 26.1793
405437 7.55479e+006 26.2833
405438 7.55479e+006 26.0746
405438 7.55479e+006 26.0676
405438 7.55479e+006 26.0676
405437 7.55479e+006 26.2764
405437 7.55479e+006 26.2833
405437 7.55479e+006 26.2833
405437 7.55479e+006 26.2888
405438 7.55479e+006 26.08
405438 7.55479e+006 26.08
405438 7.55479e+006 26.0746
405437 7.55479e+006 26.2833
405437 7.55479e+006 26.2888
405437 7.55479e+006 26.2853
405438 7.55479e+006 26.0765
405438 7.55479e+006 26.0765
405438 7.55479e+006 26.08
405437 7.55479e+006 26.2888
405437 7.55479e+006 26.2853
405437 7.55479e+006 26.2776
405438 7.55479e+006 26.0688
405438 7.55479e+006 26.0688
405438 7.55479e+006 26.0765
405437 7.55479e+006 26.2853
405437 7.55479e+006 26.2776
405437 7.55479e+006 26.2764
405438 7.55479e+006 26.0676
405438 7.55479e+006 26.0676
405438 7.55479e+006 26.0688
405437 7.55479e+006 26.2776
405437 7.55479e+006 25.8517
405438 7.55479e+006 26.0288
405438 7.55479e+006 26.0205
405438 7.55479e+006 26.0205
405437 7.55479e+006 25.8434
405437 7.55479e+006 25.8517
405437 7.55479e+006 25.8515
405438 7.55479e+006 26.0286
405438 7.55479e+006 26.0288
405438 7.55479e+006 26.0288
405437 7.55479e+006 25.8517
405437 7.55479e+006 25.8515
405437 7.55479e+006 25.8431
405438 7.55479e+006 26.0201
405438 7.55479e+006 26.0286
405438 7.55479e+006 26.0286
405437 7.55479e+006 25.8515
405437 7.55479e+006 25.8431
405437 7.55479e+006 25.8381
405438 7.55479e+006 26.0152
405438 7.55479e+006 26.0201
405438 7.55479e+006 26.0201
405437 7.55479e+006 25.8431
405437 7.55479e+006 25.8381
405437 7.55479e+006 25.8434
405438 7.55479e+006 26.0205
405438 7.55479e+006 26.0152
405438 7.55479e+006 26.0152
405437 7.55479e+006 25.8381
405437 7.55479e+006 25.8434
405438 7.55479e+006 25.8094
405438 7.55479e+006 26.0198
405438 7.55479e+006 26.0233
405438 7.55479e+006 26.0233
405438 7.55479e+006 25.813
405438 7.55479e+006 25.8094
405438 7.55479e+006 25.813
405438 7.55479e+006 26.0233
405438 7.55479e+006 26.0179
405438 7.55479e+006 26.0179
405438 7.55479e+006 25.8075
405438 7.55479e+006 25.813
405438 7.55479e+006 25.8075
405438 7.55479e+006 26.0179
405438 7.55479e+006 26.0109
405438 7.55479e+006 26.0109
405438 7.55479e+006 25.8006
405438 7.55479e+006 25.8075
405438 7.55479e+006 25.8006
405438 7.55479e+006 26.0109
405438 7.55479e+006 26.0121
405438 7.55479e+006 26.0121
405438 7.55479e+006 25.8017
405438 7.55479e+006 25.8006
405438 7.55479e+006 25.8017
405438 7.55479e+006 26.0121
405438 7.55479e+006 26.0198
405438 7.55479e+006 26.0198
405438 7.55479e+006 25.8094
405438 7.55479e+006 25.8017
405438 7.55479e+006 26.0198
405438 7.55479e+006 26.0121
405438 7.55479e+006 26.0109
405438 7.55479e+006 26.0198
405438 7.55479e+006 26.0109
405438 7.55479e+006 26.0179
405438 7.55479e+006 26.0198
405438 7.55479e+006 26.0179
405438 7.55479e+006 26.0233
405438 7.55479e+006 26.0742
405438 7.55479e+006 26.0709
405438 7.55479e+006 26.0808
405438 7.55479e+006 26.0808
405438 7.55479e+006 26.0853
405438 7.55479e+006 26.0742
405438 7.55479e+006 26.0709
405438 7.55479e+006 26.0656
405438 7.55479e+006 26.0733
405438 7.55479e+006 26.0733
405438 7.55479e+006 26.0808
405438 7.55479e+006 26.0709
405438 7.55479e+006 26.0656
405438 7.55479e+006 26.0656
405438 7.55479e+006 26.0733
405438 7.55479e+006 26.0733
405438 7.55479e+006 26.0733
405438 7.55479e+006 26.0656
405438 7.55479e+006 26.0656
405438 7.55479e+006 26.0709
405438 7.55479e+006 26.0808
405438 7.55479e+006 26.0808
405438 7.55479e+006 26.0733
405438 7.55479e+006 26.0656
405438 7.55479e+006 26.0709
405438 7.55479e+006 26.0742
405438 7.55479e+006 26.0853
405438 7.55479e+006 26.0853
405438 7.55479e+006 26.0808
405438 7.55479e+006 26.0709
405438 7.55479e+006 26.0853
405438 7.55479e+006 26.0808
405438 7.55479e+006 26.0846
405438 7.55479e+006 26.0846
405438 7.55479e+006 26.0897
405438 7.55479e+006 26.0853
405438 7.55479e+006 26.0808
405438 7.55479e+006 26.0733
405438 7.55479e+006 26.0764
405438 7.55479e+006 26.0764
405438 7.55479e+006 26.0846
405438 7.55479e+006 26.0808
405438 7.55479e+006 26.0733
405438 7.55479e+006 26.0733
405438 7.55479e+006 26.0764
405438 7.55479e+006 26.0764
405438 7.55479e+006 26.0764
405438 7.55479e+006 26.0733
405438 7.55479e+006 26.0733
405438 7.55479e+006 26.0808
405438 7.55479e+006 26.0846
405438 7.55479e+006 26.0846
405438 7.55479e+006 26.0764
405438 7.55479e+006 26.0733
405438 7.55479e+006 26.0808
405438 7.55479e+006 26.0853
405438 7.55479e+006 26.0897
405438 7.55479e+006 26.0897
405438 7.55479e+006 26.0846
405438 7.55479e+006 26.0808
405438 7.55479e+006 26.0897
405438 7.55479e+006 26.0846
405438 7.55479e+006 26.0819
405438 7.55479e+006 26.0819
405438 7.55479e+006 26.0866
405438 7.55479e+006 26.0897
405438 7.55479e+006 26.0846
405438 7.55479e+006 26.0764
405438 7.55479e+006 26.0742
405438 7.55479e+006 26.0742
405438 7.55479e+006 26.0819
405438 7.55479e+006 26.0846
405438 7.55479e+006 26.0764
405438 7.55479e+006 26.0764
405438 7.55479e+006 26.0742
405438 7.55479e+006 26.0742
405438 7.55479e+006 26.0742
405438 7.55479e+006 26.0764
405438 7.55479e+006 26.0764
405438 7.55479e+006 26.0846
405438 7.55479e+006 26.0819
405438 7.55479e+006 26.0819
405438 7.55479e+006 26.0742
405438 7.55479e+006 26.0764
405438 7.55479e+006 26.0846
405438 7.55479e+006 26.0897
405438 7.55479e+006 26.0866
405438 7.55479e+006 26.0866
405438 7.55479e+006 26.0819
405438 7.55479e+006 26.0846
405438 7.55479e+006 26.0866
405438 7.55479e+006 26.0819
405438 7.55479e+006 26.0729
405438 7.55479e+006 26.0729
405438 7.55479e+006 26.0764
405438 7.55479e+006 26.0866
405438 7.55479e+006 26.0819
405438 7.55479e+006 26.0742
405438 7.55479e+006 26.0671
405438 7.55479e+006 26.0671
405438 7.55479e+006 26.0729
405438 7.55479e+006 26.0819
405438 7.55479e+006 26.0742
405438 7.55479e+006 26.0742
405438 7.55479e+006 26.0671
405438 7.55479e+006 26.0671
405438 7.55479e+006 26.0671
405438 7.55479e+006 26.0742
405438 7.55479e+006 26.0742
405438 7.55479e+006 26.0819
405438 7.55479e+006 26.0729
405438 7.55479e+006 26.0729
405438 7.55479e+006 26.0671
405438 7.55479e+006 26.0742
405438 7.55479e+006 26.0819
405438 7.55479e+006 26.0866
405438 7.55479e+006 26.0764
405438 7.55479e+006 26.0764
405438 7.55479e+006 26.0729
405438 7.55479e+006 26.0819
405438 7.55479e+006 26.0764
405438 7.55479e+006 26.0729
405438 7.55479e+006 26.0593
405438 7.55479e+006 26.0593
405438 7.55479e+006 26.061
405438 7.55479e+006 26.0764
405438 7.55479e+006 26.0729
405438 7.55479e+006 26.0671
405438 7.55479e+006 26.0565
405438 7.55479e+006 26.0565
405438 7.55479e+006 26.0593
405438 7.55479e+006 26.0729
405438 7.55479e+006 26.0671
405438 7.55479e+006 26.0671
405438 7.55479e+006 26.0565
405438 7.55479e+006 26.0565
405438 7.55479e+006 26.0565
405438 7.55479e+006 26.0671
405438 7.55479e+006 26.0671
405438 7.55479e+006 26.0729
405438 7.55479e+006 26.0593
405438 7.55479e+006 26.0593
405438 7.55479e+006 26.0565
405438 7.55479e+006 26.0671
405438 7.55479e+006 26.0729
405438 7.55479e+006 26.0764
405438 7.55479e+006 26.061
405438 7.55479e+006 26.061
405438 7.55479e+006 26.0593
405438 7.55479e+006 26.0729
405438 7.55479e+006 26.061
405438 7.55479e+006 26.0593
405438 7.55479e+006 26.0434
405438 7.55479e+006 26.0434
405438 7.55479e+006 26.0431
405438 7.55479e+006 26.061
405438 7.55479e+006 26.0593
405438 7.55479e+006 26.0565
405438 7.55479e+006 26.044
405438 7.55479e+006 26.044
405438 7.55479e+006 26.0434
405438 7.55479e+006 26.0593
405438 7.55479e+006 26.0565
405438 7.55479e+006 26.0565
405438 7.55479e+006 26.044
405438 7.55479e+006 26.044
405438 7.55479e+006 26.044
405438 7.55479e+006 26.0565
405438 7.55479e+006 26.0565
405438 7.55479e+006 26.0593
405438 7.55479e+006 26.0434
405438 7.55479e+006 26.0434
405438 7.55479e+006 26.044
405438 7.55479e+006 26.0565
405438 7.55479e+006 26.0593
405438 7.55479e+006 26.061
405438 7.55479e+006 26.0431
405438 7.55479e+006 26.0431
405438 7.55479e+006 26.0434
405438 7.55479e+006 26.0593
405438 7.55479e+006 26.0431
405438 7.55479e+006 26.0434
405438 7.55479e+006 26.028
405438 7.55479e+006 26.028
405438 7.55479e+006 26.0256
405438 7.55479e+006 26.0431
405438 7.55479e+006 26.0434
405438 7.55479e+006 26.044
405438 7.55479e+006 26.0319
405438 7.55479e+006 26.0319
405438 7.55479e+006 26.028
405438 7.55479e+006 26.0434
405438 7.55479e+006 26.044
405438 7.55479e+006 26.044
405438 7.55479e+006 26.0319
405438 7.55479e+006 26.0319
405438 7.55479e+006 26.0319
405438 7.55479e+006 26.044
405438 7.55479e+006 26.044
405438 7.55479e+006 26.0434
405438 7.55479e+006 26.028
405438 7.55479e+006 26.028
405438 7.55479e+006 26.0319
405438 7.55479e+006 26.044
405438 7.55479e+006 26.0434
405438 7.55479e+006 26.0431
405438 7.55479e+006 26.0256
405438 7.55479e+006 26.0256
405438 7.55479e+006 26.028
405438 7.55479e+006 26.0434
405438 7.55479e+006 26.0256
405438 7.55479e+006 26.028
405438 7.55479e+006 26.0157
405438 7.55479e+006 26.0157
405438 7.55479e+006 26.0117
405438 7.55479e+006 26.0256
405438 7.55479e+006 26.028
405438 7.55479e+006 26.0319
405438 7.55479e+006 26.0222
405438 7.55479e+006 26.0222
405438 7.55479e+006 26.0157
405438 7.55479e+006 26.028
405438 7.55479e+006 26.0319
405438 7.55479e+006 26.0319
405438 7.55479e+006 26.0222
405438 7.55479e+006 26.0222
405438 7.55479e+006 26.0222
405438 7.55479e+006 26.0319
405438 7.55479e+006 26.0319
405438 7.55479e+006 26.028
405438 7.55479e+006 26.0157
405438 7.55479e+006 26.0157
405438 7.55479e+006 26.0222
405438 7.55479e+006 26.0319
405438 7.55479e+006 26.028
405438 7.55479e+006 26.0256
405438 7.55479e+006 26.0117
405438 7.55479e+006 26.0117
405438 7.55479e+006 26.0157
405438 7.55479e+006 26.028
405438 7.55479e+006 26.0117
405438 7.55479e+006 26.0157
405438 7.55479e+006 26.0087
405438 7.55479e+006 26.0087
405438 7.55479e+006 26.0037
405438 7.55479e+006 26.0117
405438 7.55479e+006 26.0157
405438 7.55479e+006 26.0222
405438 7.55479e+006 26.0167
405438 7.55479e+006 26.0167
405438 7.55479e+006 26.0087
405438 7.55479e+006 26.0157
405438 7.55479e+006 26.0222
405438 7.55479e+006 26.0222
405438 7.55479e+006 26.0167
405438 7.55479e+006 26.0167
405438 7.55479e+006 26.0167
405438 7.55479e+006 26.0222
405438 7.55479e+006 26.0222
405438 7.55479e+006 26.0157
405438 7.55479e+006 26.0087
405438 7.55479e+006 26.0087
405438 7.55479e+006 26.0167
405438 7.55479e+006 26.0222
405438 7.55479e+006 26.0157
405438 7.55479e+006 26.0117
405438 7.55479e+006 26.0037
405438 7.55479e+006 26.0037
405438 7.55479e+006 26.0087
405438 7.55479e+006 26.0157
405438 7.55479e+006 26.0037
405438 7.55479e+006 26.0087
405438 7.55479e+006 26.0081
405438 7.55479e+006 26.0081
405438 7.55479e+006 26.0031
405438 7.55479e+006 26.0037
405438 7.55479e+006 26.0087
405438 7.55479e+006 26.0167
405438 7.55479e+006 26.0163
405438 7.55479e+006 26.0163
405438 7.55479e+006 26.0081
405438 7.55479e+006 26.0087
405438 7.55479e+006 26.0167
405438 7.55479e+006 26.0167
405438 7.55479e+006 26.0163
405438 7.55479e+006 26.0163
405438 7.55479e+006 26.0163
405438 7.55479e+006 26.0167
405438 7.55479e+006 26.0167
405438 7.55479e+006 26.0087
405438 7.55479e+006 26.0081
405438 7.55479e+006 26.0081
405438 7.55479e+006 26.0163
405438 7.55479e+006 26.0167
405438 7.55479e+006 26.0087
405438 7.55479e+006 26.0037
405438 7.55479e+006 26.0031
405438 7.55479e+006 26.0031
405438 7.55479e+006 26.0081
405438 7.55479e+006 26.0087
405438 7.55479e+006 26.0031
405438 7.55479e+006 26.0081
405438 7.55479e+006 26.0141
405438 7.55479e+006 26.0141
405438 7.55479e+006 26.0099
405438 7.55479e+006 26.0031
405438 7.55479e+006 26.0081
405438 7.55479e+006 26.0163
405438 7.55479e+006 26.021
405438 7.55479e+006 26.021
405438 7.55479e+006 26.0141
405438 7.55479e+006 26.0081
405438 7.55479e+006 26.0163
405438 7.55479e+006 26.0163
405438 7.55479e+006 26.021
405438 7.55479e+006 26.021
405438 7.55479e+006 26.021
405438 7.55479e+006 26.0163
405438 7.55479e+006 26.0163
405438 7.55479e+006 26.0081
405438 7.55479e+006 26.0141
405438 7.55479e+006 26.0141
405438 7.55479e+006 26.021
405438 7.55479e+006 26.0163
405438 7.55479e+006 26.0081
405438 7.55479e+006 26.0031
405438 7.55479e+006 26.0099
405438 7.55479e+006 26.0099
405438 7.55479e+006 26.0141
405438 7.55479e+006 26.0081
405438 7.55479e+006 26.0099
405438 7.55479e+006 26.0141
405438 7.55479e+006 26.0257
405438 7.55479e+006 26.0257
405438 7.55479e+006 26.023
405438 7.55479e+006 26.0099
405438 7.55479e+006 26.0141
405438 7.55479e+006 26.021
405438 7.55479e+006 26.03
405438 7.55479e+006 26.03
405438 7.55479e+006 26.0257
405438 7.55479e+006 26.0141
405438 7.55479e+006 26.021
405438 7.55479e+006 26.021
405438 7.55479e+006 26.03
405438 7.55479e+006 26.03
405438 7.55479e+006 26.03
405438 7.55479e+006 26.021
405438 7.55479e+006 26.021
405438 7.55479e+006 26.0141
405438 7.55479e+006 26.0257
405438 7.55479e+006 26.0257
405438 7.55479e+006 26.03
405438 7.55479e+006 26.021
405438 7.55479e+006 26.0141
405438 7.55479e+006 26.0099
405438 7.55479e+006 26.023
405438 7.55479e+006 26.023
405438 7.55479e+006 26.0257
405438 7.55479e+006 26.0141
405438 7.55479e+006 26.023
405438 7.55479e+006 26.0257
405438 7.55479e+006 26.0407
405438 7.55479e+006 26.0407
405438 7.55479e+006 26.04
405438 7.55479e+006 26.023
405438 7.55479e+006 26.0257
405438 7.55479e+006 26.03
405438 7.55479e+006 26.0419
405438 7.55479e+006 26.0419
405438 7.55479e+006 26.0407
405438 7.55479e+006 26.0257
405438 7.55479e+006 26.03
405438 7.55479e+006 26.03
405438 7.55479e+006 26.0419
405438 7.55479e+006 26.0419
405438 7.55479e+006 26.0419
405438 7.55479e+006 26.03
405438 7.55479e+006 26.03
405438 7.55479e+006 26.0257
405438 7.55479e+006 26.0407
405438 7.55479e+006 26.0407
405438 7.55479e+006 26.0419
405438 7.55479e+006 26.03
405438 7.55479e+006 26.0257
405438 7.55479e+006 26.023
405438 7.55479e+006 26.04
405438 7.55479e+006 26.04
405438 7.55479e+006 26.0407
405438 7.55479e+006 26.0257
405438 7.55479e+006 26.04
405438 7.55479e+006 26.0407
405438 7.55479e+006 26.0567
405438 7.55479e+006 26.0567
405438 7.55479e+006 26.0581
405438 7.55479e+006 26.04
405438 7.55479e+006 26.0407
405438 7.55479e+006 26.0419
405438 7.55479e+006 26.0545
405438 7.55479e+006 26.0545
405438 7.55479e+006 26.0567
405438 7.55479e+006 26.0407
405438 7.55479e+006 26.0419
405438 7.55479e+006 26.0419
405438 7.55479e+006 26.0545
405438 7.55479e+006 26.0545
405438 7.55479e+006 26.0545
405438 7.55479e+006 26.0419
405438 7.55479e+006 26.0419
405438 7.55479e+006 26.0407
405438 7.55479e+006 26.0567
405438 7.55479e+006 26.0567
405438 7.55479e+006 26.0545
405438 7.55479e+006 26.0419
405438 7.55479e+006 26.0407
405438 7.55479e+006 26.04
405438 7.55479e+006 26.0581
405438 7.55479e+006 26.0581
405438 7.55479e+006 26.0567
405438 7.55479e+006 26.0407
405438 7.55479e+006 26.0581
405438 7.55479e+006 26.0567
405438 7.55479e+006 26.0709
405438 7.55479e+006 26.0709
405438 7.55479e+006 26.0742
405438 7.55479e+006 26.0581
405438 7.55479e+006 26.0567
405438 7.55479e+006 26.0545
405438 7.55479e+006 26.0656
405438 7.55479e+006 26.0656
405438 7.55479e+006 26.0709
405438 7.55479e+006 26.0567
405438 7.55479e+006 26.0545
405438 7.55479e+006 26.0545
405438 7.55479e+006 26.0656
405438 7.55479e+006 26.0656
405438 7.55479e+006 26.0656
405438 7.55479e+006 26.0545
405438 7.55479e+006 26.0545
405438 7.55479e+006 26.0567
405438 7.55479e+006 26.0709
405438 7.55479e+006 26.0709
405438 7.55479e+006 26.0656
405438 7.55479e+006 26.0545
405438 7.55479e+006 26.0567
405438 7.55479e+006 26.0581
405438 7.55479e+006 26.0742
405438 7.55479e+006 26.0742
405438 7.55479e+006 26.0709
405438 7.55479e+006 26.0567
405438 7.55479e+006 26.242
405438 7.55479e+006 26.0646
405438 7.55479e+006 26.073
405438 7.55479e+006 26.073
405438 7.55479e+006 26.2504
405438 7.55479e+006 26.242
405438 7.55479e+006 26.2504
405438 7.55479e+006 26.073
405438 7.55479e+006 26.0732
405438 7.55479e+006 26.0732
405438 7.55479e+006 26.2507
405438 7.55479e+006 26.2504
405438 7.55479e+006 26.2507
405438 7.55479e+006 26.0732
405438 7.55479e+006 26.065
405438 7.55479e+006 26.065
405438 7.55479e+006 26.2424
405438 7.55479e+006 26.2507
405438 7.55479e+006 26.2424
405438 7.55479e+006 26.065
405438 7.55479e+006 26.0596
405438 7.55479e+006 26.0596
405438 7.55479e+006 26.237
405438 7.55479e+006 26.2424
405438 7.55479e+006 26.237
405438 7.55479e+006 26.0596
405438 7.55479e+006 26.0646
405438 7.55479e+006 26.0646
405438 7.55479e+006 26.242
405438 7.55479e+006 26.237
