402805 7.56122e+006 -466.726
402805 7.56122e+006 -466.733
402805 7.56122e+006 -466.733
402805 7.56122e+006 -466.733
402805 7.56122e+006 -466.726
402805 7.56122e+006 -466.726
402805 7.56122e+006 -466.726
402805 7.56122e+006 -466.733
402805 7.56122e+006 -466.733
402805 7.56122e+006 -466.733
402805 7.56122e+006 -466.726
402805 7.56122e+006 -466.726
402805 7.56122e+006 -466.726
402805 7.56122e+006 -466.733
402805 7.56122e+006 -466.733
402805 7.56122e+006 -466.733
402805 7.56122e+006 -466.726
402805 7.56122e+006 -466.726
402805 7.56122e+006 -466.726
402805 7.56122e+006 -466.733
402805 7.56122e+006 -466.733
402805 7.56122e+006 -466.733
402805 7.56122e+006 -466.726
402805 7.56122e+006 -466.726
402805 7.56122e+006 -466.733
402805 7.56122e+006 -466.733
402805 7.56122e+006 -466.733
402805 7.56122e+006 -466.733
402805 7.56122e+006 -466.733
402805 7.56122e+006 -466.733
402805 7.56122e+006 -466.726
402805 7.56122e+006 -466.726
402805 7.56122e+006 -466.726
402805 7.56122e+006 -466.726
402805 7.56122e+006 -466.726
402805 7.56122e+006 -466.726
