405454 7.55484e+006 7.15445
405454 7.55484e+006 7.14384
405454 7.55484e+006 7.14384
405454 7.55484e+006 7.14384
405454 7.55484e+006 7.15445
405454 7.55484e+006 7.15445
405454 7.55484e+006 7.15487
405454 7.55484e+006 7.14426
405454 7.55484e+006 7.14384
405454 7.55484e+006 7.14384
405454 7.55484e+006 7.15445
405454 7.55484e+006 7.15487
405454 7.55484e+006 7.15487
405454 7.55484e+006 7.14426
405454 7.55484e+006 7.14426
405454 7.55484e+006 7.14426
405454 7.55484e+006 7.15487
405454 7.55484e+006 7.15487
405454 7.55484e+006 7.15445
405454 7.55484e+006 7.14384
405454 7.55484e+006 7.14426
405454 7.55484e+006 7.14426
405454 7.55484e+006 7.15487
405454 7.55484e+006 7.15445
405454 7.55484e+006 7.14426
405454 7.55484e+006 7.14426
405454 7.55484e+006 7.14384
405454 7.55484e+006 7.14384
405454 7.55484e+006 7.14384
405454 7.55484e+006 7.14426
405454 7.55484e+006 7.15445
405454 7.55484e+006 7.15487
405454 7.55484e+006 7.15487
405454 7.55484e+006 7.15487
405454 7.55484e+006 7.15445
405454 7.55484e+006 7.15445
