405421 7.55482e+006 7.25638
405421 7.55482e+006 7.24577
405421 7.55482e+006 7.24577
405421 7.55482e+006 7.24577
405421 7.55482e+006 7.25638
405421 7.55482e+006 7.25638
405421 7.55482e+006 7.25679
405421 7.55482e+006 7.24618
405421 7.55482e+006 7.24577
405421 7.55482e+006 7.24577
405421 7.55482e+006 7.25638
405421 7.55482e+006 7.25679
405421 7.55482e+006 7.25679
405421 7.55482e+006 7.24618
405421 7.55482e+006 7.24618
405421 7.55482e+006 7.24618
405421 7.55482e+006 7.25679
405421 7.55482e+006 7.25679
405421 7.55482e+006 7.25638
405421 7.55482e+006 7.24577
405421 7.55482e+006 7.24618
405421 7.55482e+006 7.24618
405421 7.55482e+006 7.25679
405421 7.55482e+006 7.25638
405421 7.55482e+006 7.24618
405421 7.55482e+006 7.24618
405421 7.55482e+006 7.24577
405421 7.55482e+006 7.24577
405421 7.55482e+006 7.24577
405421 7.55482e+006 7.24618
405421 7.55482e+006 7.25638
405421 7.55482e+006 7.25679
405421 7.55482e+006 7.25679
405421 7.55482e+006 7.25679
405421 7.55482e+006 7.25638
405421 7.55482e+006 7.25638
