405425 7.55483e+006 7.25638
405425 7.55483e+006 7.24577
405425 7.55483e+006 7.24577
405425 7.55483e+006 7.24577
405425 7.55483e+006 7.25638
405425 7.55483e+006 7.25638
405425 7.55483e+006 7.25679
405425 7.55483e+006 7.24618
405425 7.55483e+006 7.24577
405425 7.55483e+006 7.24577
405425 7.55483e+006 7.25638
405425 7.55483e+006 7.25679
405425 7.55483e+006 7.25679
405425 7.55483e+006 7.24618
405425 7.55483e+006 7.24618
405425 7.55483e+006 7.24618
405425 7.55483e+006 7.25679
405425 7.55483e+006 7.25679
405425 7.55483e+006 7.25638
405425 7.55483e+006 7.24577
405425 7.55483e+006 7.24618
405425 7.55483e+006 7.24618
405425 7.55483e+006 7.25679
405425 7.55483e+006 7.25638
405425 7.55483e+006 7.24618
405425 7.55483e+006 7.24618
405425 7.55483e+006 7.24577
405425 7.55483e+006 7.24577
405425 7.55483e+006 7.24577
405425 7.55483e+006 7.24618
405425 7.55483e+006 7.25638
405425 7.55483e+006 7.25679
405425 7.55483e+006 7.25679
405425 7.55483e+006 7.25679
405425 7.55483e+006 7.25638
405425 7.55483e+006 7.25638
