405445 7.55484e+006 7.15445
405445 7.55484e+006 7.14384
405445 7.55484e+006 7.14384
405445 7.55484e+006 7.14384
405445 7.55484e+006 7.15445
405445 7.55484e+006 7.15445
405445 7.55484e+006 7.15487
405445 7.55484e+006 7.14426
405445 7.55484e+006 7.14384
405445 7.55484e+006 7.14384
405445 7.55484e+006 7.15445
405445 7.55484e+006 7.15487
405445 7.55484e+006 7.15487
405445 7.55484e+006 7.14426
405445 7.55484e+006 7.14426
405445 7.55484e+006 7.14426
405445 7.55484e+006 7.15487
405445 7.55484e+006 7.15487
405445 7.55484e+006 7.15445
405445 7.55484e+006 7.14384
405445 7.55484e+006 7.14426
405445 7.55484e+006 7.14426
405445 7.55484e+006 7.15487
405445 7.55484e+006 7.15445
405445 7.55484e+006 7.14426
405445 7.55484e+006 7.14426
405445 7.55484e+006 7.14384
405445 7.55484e+006 7.14384
405445 7.55484e+006 7.14384
405445 7.55484e+006 7.14426
405445 7.55484e+006 7.15445
405445 7.55484e+006 7.15487
405445 7.55484e+006 7.15487
405445 7.55484e+006 7.15487
405445 7.55484e+006 7.15445
405445 7.55484e+006 7.15445
