405418 7.55477e+006 8.5839
405418 7.55477e+006 8.57323
405418 7.55477e+006 8.57323
405418 7.55477e+006 8.57323
405418 7.55477e+006 8.5839
405418 7.55477e+006 8.5839
405418 7.55477e+006 8.5839
405418 7.55477e+006 8.57323
405418 7.55477e+006 8.57323
405418 7.55477e+006 8.57323
405418 7.55477e+006 8.5839
405418 7.55477e+006 8.5839
405418 7.55477e+006 8.5839
405418 7.55477e+006 8.57323
405418 7.55477e+006 8.57323
405418 7.55477e+006 8.57323
405418 7.55477e+006 8.5839
405418 7.55477e+006 8.5839
405418 7.55477e+006 8.5839
405418 7.55477e+006 8.57323
405418 7.55477e+006 8.57323
405418 7.55477e+006 8.57323
405418 7.55477e+006 8.5839
405418 7.55477e+006 8.5839
405418 7.55477e+006 8.57323
405418 7.55477e+006 8.57323
405418 7.55477e+006 8.57323
405418 7.55477e+006 8.57323
405418 7.55477e+006 8.57323
405418 7.55477e+006 8.57323
405418 7.55477e+006 8.5839
405418 7.55477e+006 8.5839
405418 7.55477e+006 8.5839
405418 7.55477e+006 8.5839
405418 7.55477e+006 8.5839
405418 7.55477e+006 8.5839
