405422 7.55477e+006 8.5839
405422 7.55477e+006 8.57323
405422 7.55477e+006 8.57323
405422 7.55477e+006 8.57323
405422 7.55477e+006 8.5839
405422 7.55477e+006 8.5839
405422 7.55477e+006 8.5839
405422 7.55477e+006 8.57323
405422 7.55477e+006 8.57323
405422 7.55477e+006 8.57323
405422 7.55477e+006 8.5839
405422 7.55477e+006 8.5839
405422 7.55477e+006 8.5839
405422 7.55477e+006 8.57323
405422 7.55477e+006 8.57323
405422 7.55477e+006 8.57323
405422 7.55477e+006 8.5839
405422 7.55477e+006 8.5839
405422 7.55477e+006 8.5839
405422 7.55477e+006 8.57323
405422 7.55477e+006 8.57323
405422 7.55477e+006 8.57323
405422 7.55477e+006 8.5839
405422 7.55477e+006 8.5839
405422 7.55477e+006 8.57323
405422 7.55477e+006 8.57323
405422 7.55477e+006 8.57323
405422 7.55477e+006 8.57323
405422 7.55477e+006 8.57323
405422 7.55477e+006 8.57323
405422 7.55477e+006 8.5839
405422 7.55477e+006 8.5839
405422 7.55477e+006 8.5839
405422 7.55477e+006 8.5839
405422 7.55477e+006 8.5839
405422 7.55477e+006 8.5839
