405447 7.55484e+006 7.15445
405447 7.55484e+006 7.14384
405448 7.55484e+006 7.14384
405448 7.55484e+006 7.14384
405448 7.55484e+006 7.15445
405447 7.55484e+006 7.15445
405447 7.55484e+006 7.15487
405447 7.55484e+006 7.14426
405447 7.55484e+006 7.14384
405447 7.55484e+006 7.14384
405447 7.55484e+006 7.15445
405447 7.55484e+006 7.15487
405448 7.55484e+006 7.15487
405448 7.55484e+006 7.14426
405447 7.55484e+006 7.14426
405447 7.55484e+006 7.14426
405447 7.55484e+006 7.15487
405448 7.55484e+006 7.15487
405448 7.55484e+006 7.15445
405448 7.55484e+006 7.14384
405448 7.55484e+006 7.14426
405448 7.55484e+006 7.14426
405448 7.55484e+006 7.15487
405448 7.55484e+006 7.15445
405447 7.55484e+006 7.14426
405448 7.55484e+006 7.14426
405448 7.55484e+006 7.14384
405448 7.55484e+006 7.14384
405447 7.55484e+006 7.14384
405447 7.55484e+006 7.14426
405448 7.55484e+006 7.15445
405448 7.55484e+006 7.15487
405447 7.55484e+006 7.15487
405447 7.55484e+006 7.15487
405447 7.55484e+006 7.15445
405448 7.55484e+006 7.15445
