405418 7.55481e+006 7.25638
405418 7.55481e+006 7.24577
405418 7.55481e+006 7.24577
405418 7.55481e+006 7.24577
405418 7.55481e+006 7.25638
405418 7.55481e+006 7.25638
405418 7.55481e+006 7.25679
405418 7.55481e+006 7.24618
405418 7.55481e+006 7.24577
405418 7.55481e+006 7.24577
405418 7.55481e+006 7.25638
405418 7.55481e+006 7.25679
405418 7.55481e+006 7.25679
405418 7.55481e+006 7.24618
405418 7.55481e+006 7.24618
405418 7.55481e+006 7.24618
405418 7.55481e+006 7.25679
405418 7.55481e+006 7.25679
405418 7.55481e+006 7.25638
405418 7.55481e+006 7.24577
405418 7.55481e+006 7.24618
405418 7.55481e+006 7.24618
405418 7.55481e+006 7.25679
405418 7.55481e+006 7.25638
405418 7.55481e+006 7.24618
405418 7.55481e+006 7.24618
405418 7.55481e+006 7.24577
405418 7.55481e+006 7.24577
405418 7.55481e+006 7.24577
405418 7.55481e+006 7.24618
405418 7.55481e+006 7.25638
405418 7.55481e+006 7.25679
405418 7.55481e+006 7.25679
405418 7.55481e+006 7.25679
405418 7.55481e+006 7.25638
405418 7.55481e+006 7.25638
