405403 7.55478e+006 8.5839
405403 7.55478e+006 8.57323
405403 7.55478e+006 8.57323
405403 7.55478e+006 8.57323
405403 7.55478e+006 8.5839
405403 7.55478e+006 8.5839
405403 7.55478e+006 8.5839
405403 7.55478e+006 8.57323
405403 7.55478e+006 8.57323
405403 7.55478e+006 8.57323
405403 7.55478e+006 8.5839
405403 7.55478e+006 8.5839
405403 7.55478e+006 8.5839
405403 7.55478e+006 8.57323
405403 7.55478e+006 8.57323
405403 7.55478e+006 8.57323
405403 7.55478e+006 8.5839
405403 7.55478e+006 8.5839
405403 7.55478e+006 8.5839
405403 7.55478e+006 8.57323
405403 7.55478e+006 8.57323
405403 7.55478e+006 8.57323
405403 7.55478e+006 8.5839
405403 7.55478e+006 8.5839
405403 7.55478e+006 8.57323
405403 7.55478e+006 8.57323
405403 7.55478e+006 8.57323
405403 7.55478e+006 8.57323
405403 7.55478e+006 8.57323
405403 7.55478e+006 8.57323
405403 7.55478e+006 8.5839
405403 7.55478e+006 8.5839
405403 7.55478e+006 8.5839
405403 7.55478e+006 8.5839
405403 7.55478e+006 8.5839
405403 7.55478e+006 8.5839
