402799 7.56122e+006 -466.717
402799 7.56122e+006 -466.725
402799 7.56122e+006 -466.725
402799 7.56122e+006 -466.725
402799 7.56122e+006 -466.717
402799 7.56122e+006 -466.717
402799 7.56122e+006 -466.717
402799 7.56122e+006 -466.725
402799 7.56122e+006 -466.725
402799 7.56122e+006 -466.725
402799 7.56122e+006 -466.717
402799 7.56122e+006 -466.717
402799 7.56122e+006 -466.717
402799 7.56122e+006 -466.725
402799 7.56122e+006 -466.725
402799 7.56122e+006 -466.725
402799 7.56122e+006 -466.717
402799 7.56122e+006 -466.717
402799 7.56122e+006 -466.717
402799 7.56122e+006 -466.725
402799 7.56122e+006 -466.725
402799 7.56122e+006 -466.725
402799 7.56122e+006 -466.717
402799 7.56122e+006 -466.717
402799 7.56122e+006 -466.725
402799 7.56122e+006 -466.725
402799 7.56122e+006 -466.725
402799 7.56122e+006 -466.725
402799 7.56122e+006 -466.725
402799 7.56122e+006 -466.725
402799 7.56122e+006 -466.717
402799 7.56122e+006 -466.717
402799 7.56122e+006 -466.717
402799 7.56122e+006 -466.717
402799 7.56122e+006 -466.717
402799 7.56122e+006 -466.717
