405427 7.55483e+006 7.25638
405427 7.55483e+006 7.24577
405427 7.55483e+006 7.24577
405427 7.55483e+006 7.24577
405427 7.55483e+006 7.25638
405427 7.55483e+006 7.25638
405427 7.55483e+006 7.25679
405427 7.55483e+006 7.24618
405427 7.55483e+006 7.24577
405427 7.55483e+006 7.24577
405427 7.55483e+006 7.25638
405427 7.55483e+006 7.25679
405427 7.55483e+006 7.25679
405427 7.55483e+006 7.24618
405427 7.55483e+006 7.24618
405427 7.55483e+006 7.24618
405427 7.55483e+006 7.25679
405427 7.55483e+006 7.25679
405427 7.55483e+006 7.25638
405427 7.55483e+006 7.24577
405427 7.55483e+006 7.24618
405427 7.55483e+006 7.24618
405427 7.55483e+006 7.25679
405427 7.55483e+006 7.25638
405427 7.55483e+006 7.24618
405427 7.55483e+006 7.24618
405427 7.55483e+006 7.24577
405427 7.55483e+006 7.24577
405427 7.55483e+006 7.24577
405427 7.55483e+006 7.24618
405427 7.55483e+006 7.25638
405427 7.55483e+006 7.25679
405427 7.55483e+006 7.25679
405427 7.55483e+006 7.25679
405427 7.55483e+006 7.25638
405427 7.55483e+006 7.25638
