405426 7.55483e+006 7.25638
405426 7.55483e+006 7.24577
405426 7.55483e+006 7.24577
405426 7.55483e+006 7.24577
405426 7.55483e+006 7.25638
405426 7.55483e+006 7.25638
405426 7.55483e+006 7.25679
405426 7.55483e+006 7.24618
405426 7.55483e+006 7.24577
405426 7.55483e+006 7.24577
405426 7.55483e+006 7.25638
405426 7.55483e+006 7.25679
405426 7.55483e+006 7.25679
405426 7.55483e+006 7.24618
405426 7.55483e+006 7.24618
405426 7.55483e+006 7.24618
405426 7.55483e+006 7.25679
405426 7.55483e+006 7.25679
405426 7.55483e+006 7.25638
405426 7.55483e+006 7.24577
405426 7.55483e+006 7.24618
405426 7.55483e+006 7.24618
405426 7.55483e+006 7.25679
405426 7.55483e+006 7.25638
405426 7.55483e+006 7.24618
405426 7.55483e+006 7.24618
405426 7.55483e+006 7.24577
405426 7.55483e+006 7.24577
405426 7.55483e+006 7.24577
405426 7.55483e+006 7.24618
405426 7.55483e+006 7.25638
405426 7.55483e+006 7.25679
405426 7.55483e+006 7.25679
405426 7.55483e+006 7.25679
405426 7.55483e+006 7.25638
405426 7.55483e+006 7.25638
