402805 7.56122e+006 -466.717
402805 7.56122e+006 -466.725
402805 7.56122e+006 -466.725
402805 7.56122e+006 -466.725
402805 7.56122e+006 -466.717
402805 7.56122e+006 -466.717
402805 7.56122e+006 -466.717
402805 7.56122e+006 -466.725
402805 7.56122e+006 -466.725
402805 7.56122e+006 -466.725
402805 7.56122e+006 -466.717
402805 7.56122e+006 -466.717
402805 7.56122e+006 -466.717
402805 7.56122e+006 -466.725
402805 7.56122e+006 -466.725
402805 7.56122e+006 -466.725
402805 7.56122e+006 -466.717
402805 7.56122e+006 -466.717
402805 7.56122e+006 -466.717
402805 7.56122e+006 -466.725
402805 7.56122e+006 -466.725
402805 7.56122e+006 -466.725
402805 7.56122e+006 -466.717
402805 7.56122e+006 -466.717
402805 7.56122e+006 -466.725
402805 7.56122e+006 -466.725
402805 7.56122e+006 -466.725
402805 7.56122e+006 -466.725
402805 7.56122e+006 -466.725
402805 7.56122e+006 -466.725
402805 7.56122e+006 -466.717
402805 7.56122e+006 -466.717
402805 7.56122e+006 -466.717
402805 7.56122e+006 -466.717
402805 7.56122e+006 -466.717
402805 7.56122e+006 -466.717
