405406 7.55478e+006 8.5839
405406 7.55478e+006 8.57323
405406 7.55478e+006 8.57323
405406 7.55478e+006 8.57323
405406 7.55478e+006 8.5839
405406 7.55478e+006 8.5839
405406 7.55478e+006 8.5839
405406 7.55478e+006 8.57323
405406 7.55478e+006 8.57323
405406 7.55478e+006 8.57323
405406 7.55478e+006 8.5839
405406 7.55478e+006 8.5839
405406 7.55478e+006 8.5839
405406 7.55478e+006 8.57323
405406 7.55478e+006 8.57323
405406 7.55478e+006 8.57323
405406 7.55478e+006 8.5839
405406 7.55478e+006 8.5839
405406 7.55478e+006 8.5839
405406 7.55478e+006 8.57323
405406 7.55478e+006 8.57323
405406 7.55478e+006 8.57323
405406 7.55478e+006 8.5839
405406 7.55478e+006 8.5839
405406 7.55478e+006 8.57323
405406 7.55478e+006 8.57323
405406 7.55478e+006 8.57323
405406 7.55478e+006 8.57323
405406 7.55478e+006 8.57323
405406 7.55478e+006 8.57323
405406 7.55478e+006 8.5839
405406 7.55478e+006 8.5839
405406 7.55478e+006 8.5839
405406 7.55478e+006 8.5839
405406 7.55478e+006 8.5839
405406 7.55478e+006 8.5839
