405443 7.55481e+006 7.25638
405443 7.55481e+006 7.24577
405443 7.55481e+006 7.24577
405443 7.55481e+006 7.24577
405443 7.55481e+006 7.25638
405443 7.55481e+006 7.25638
405443 7.55481e+006 7.25679
405443 7.55481e+006 7.24618
405443 7.55481e+006 7.24577
405443 7.55481e+006 7.24577
405443 7.55481e+006 7.25638
405443 7.55481e+006 7.25679
405443 7.55481e+006 7.25679
405443 7.55481e+006 7.24618
405443 7.55481e+006 7.24618
405443 7.55481e+006 7.24618
405443 7.55481e+006 7.25679
405443 7.55481e+006 7.25679
405443 7.55481e+006 7.25638
405443 7.55481e+006 7.24577
405443 7.55481e+006 7.24618
405443 7.55481e+006 7.24618
405443 7.55481e+006 7.25679
405443 7.55481e+006 7.25638
405443 7.55481e+006 7.24618
405443 7.55481e+006 7.24618
405443 7.55481e+006 7.24577
405443 7.55481e+006 7.24577
405443 7.55481e+006 7.24577
405443 7.55481e+006 7.24618
405443 7.55481e+006 7.25638
405443 7.55481e+006 7.25679
405443 7.55481e+006 7.25679
405443 7.55481e+006 7.25679
405443 7.55481e+006 7.25638
405443 7.55481e+006 7.25638
