400306 7.55245e+006 29.6083
400297 7.55245e+006 29.6119
400297 7.55245e+006 29.6118
400297 7.55245e+006 29.6118
400306 7.55245e+006 29.6082
400306 7.55245e+006 29.6083
400306 7.55245e+006 29.6174
400306 7.55245e+006 29.6082
400297 7.55245e+006 29.6118
400297 7.55245e+006 29.6118
400297 7.55245e+006 29.621
400306 7.55245e+006 29.6174
400306 7.55245e+006 29.6175
400306 7.55245e+006 29.6083
400306 7.55245e+006 29.6082
400306 7.55245e+006 29.6082
400306 7.55245e+006 29.6174
400306 7.55245e+006 29.6175
400297 7.55245e+006 29.6211
400297 7.55245e+006 29.6119
400306 7.55245e+006 29.6083
400306 7.55245e+006 29.6083
400306 7.55245e+006 29.6175
400297 7.55245e+006 29.6211
400297 7.55245e+006 29.621
400297 7.55245e+006 29.6118
400297 7.55245e+006 29.6119
400297 7.55245e+006 29.6119
400297 7.55245e+006 29.6211
400297 7.55245e+006 29.621
400292 7.55245e+006 32.9937
400292 7.55245e+006 33.0018
400292 7.55245e+006 33.0017
400292 7.55245e+006 33.0017
400292 7.55245e+006 32.9936
400292 7.55245e+006 32.9937
400292 7.55245e+006 33.0028
400292 7.55245e+006 32.9936
400292 7.55245e+006 33.0017
400292 7.55245e+006 33.0017
400292 7.55245e+006 33.0109
400292 7.55245e+006 33.0028
400292 7.55245e+006 33.0029
400292 7.55245e+006 32.9937
400292 7.55245e+006 32.9936
400292 7.55245e+006 32.9936
400292 7.55245e+006 33.0028
400292 7.55245e+006 33.0029
400292 7.55245e+006 33.011
400292 7.55245e+006 33.0018
400292 7.55245e+006 32.9937
400292 7.55245e+006 32.9937
400292 7.55245e+006 33.0029
400292 7.55245e+006 33.011
400292 7.55245e+006 33.0109
400292 7.55245e+006 33.0017
400292 7.55245e+006 33.0018
400292 7.55245e+006 33.0018
400292 7.55245e+006 33.011
400292 7.55245e+006 33.0109
400287 7.55245e+006 36.6257
400287 7.55245e+006 36.6339
400287 7.55245e+006 36.6339
400287 7.55245e+006 36.6339
400287 7.55245e+006 36.6257
400287 7.55245e+006 36.6257
400287 7.55245e+006 36.6349
400287 7.55245e+006 36.6257
400287 7.55245e+006 36.6339
400287 7.55245e+006 36.6339
400287 7.55245e+006 36.6431
400287 7.55245e+006 36.6349
400287 7.55245e+006 36.6349
400287 7.55245e+006 36.6257
400287 7.55245e+006 36.6257
400287 7.55245e+006 36.6257
400287 7.55245e+006 36.6349
400287 7.55245e+006 36.6349
400287 7.55245e+006 36.6431
400287 7.55245e+006 36.6339
400287 7.55245e+006 36.6257
400287 7.55245e+006 36.6257
400287 7.55245e+006 36.6349
400287 7.55245e+006 36.6431
400287 7.55245e+006 36.6431
400287 7.55245e+006 36.6339
400287 7.55245e+006 36.6339
400287 7.55245e+006 36.6339
400287 7.55245e+006 36.6431
400287 7.55245e+006 36.6431
400282 7.55245e+006 40.2923
400282 7.55245e+006 40.3005
400282 7.55245e+006 40.3004
400282 7.55245e+006 40.3004
400282 7.55245e+006 40.2922
400282 7.55245e+006 40.2923
400282 7.55245e+006 40.3014
400282 7.55245e+006 40.2922
400282 7.55245e+006 40.3004
400282 7.55245e+006 40.3004
400282 7.55245e+006 40.3096
400282 7.55245e+006 40.3014
400282 7.55245e+006 40.3015
400282 7.55245e+006 40.2923
400282 7.55245e+006 40.2922
400282 7.55245e+006 40.2922
400282 7.55245e+006 40.3014
400282 7.55245e+006 40.3015
400282 7.55245e+006 40.3097
400282 7.55245e+006 40.3005
400282 7.55245e+006 40.2923
400282 7.55245e+006 40.2923
400282 7.55245e+006 40.3015
400282 7.55245e+006 40.3097
400282 7.55245e+006 40.3096
400282 7.55245e+006 40.3004
400282 7.55245e+006 40.3005
400282 7.55245e+006 40.3005
400282 7.55245e+006 40.3097
400282 7.55245e+006 40.3096
400277 7.55245e+006 43.951
400277 7.55245e+006 43.9548
400277 7.55245e+006 43.9547
400277 7.55245e+006 43.9547
400277 7.55245e+006 43.951
400277 7.55245e+006 43.951
400277 7.55245e+006 43.9602
400277 7.55245e+006 43.951
400277 7.55245e+006 43.9547
400277 7.55245e+006 43.9547
400277 7.55245e+006 43.9639
400277 7.55245e+006 43.9602
400277 7.55245e+006 43.9602
400277 7.55245e+006 43.951
400277 7.55245e+006 43.951
400277 7.55245e+006 43.951
400277 7.55245e+006 43.9602
400277 7.55245e+006 43.9602
400277 7.55245e+006 43.964
400277 7.55245e+006 43.9548
400277 7.55245e+006 43.951
400277 7.55245e+006 43.951
400277 7.55245e+006 43.9602
400277 7.55245e+006 43.964
400277 7.55245e+006 43.9639
400277 7.55245e+006 43.9547
400277 7.55245e+006 43.9548
400277 7.55245e+006 43.9548
400277 7.55245e+006 43.964
400277 7.55245e+006 43.9639
400272 7.55245e+006 47.5889
400272 7.55245e+006 47.5875
400272 7.55245e+006 47.5874
400272 7.55245e+006 47.5874
400272 7.55245e+006 47.5888
400272 7.55245e+006 47.5889
400272 7.55245e+006 47.5981
400272 7.55245e+006 47.5888
400272 7.55245e+006 47.5874
400272 7.55245e+006 47.5874
400272 7.55245e+006 47.5966
400272 7.55245e+006 47.5981
400272 7.55245e+006 47.5981
400272 7.55245e+006 47.5889
400272 7.55245e+006 47.5888
400272 7.55245e+006 47.5888
400272 7.55245e+006 47.5981
400272 7.55245e+006 47.5981
400272 7.55245e+006 47.5967
400272 7.55245e+006 47.5875
400272 7.55245e+006 47.5889
400272 7.55245e+006 47.5889
400272 7.55245e+006 47.5981
400272 7.55245e+006 47.5967
400272 7.55245e+006 47.5966
400272 7.55245e+006 47.5874
400272 7.55245e+006 47.5875
400272 7.55245e+006 47.5875
400272 7.55245e+006 47.5967
400272 7.55245e+006 47.5966
400267 7.55245e+006 51.215
400267 7.55245e+006 51.2136
400267 7.55245e+006 51.2135
400267 7.55245e+006 51.2135
400267 7.55245e+006 51.215
400267 7.55245e+006 51.215
400267 7.55245e+006 51.2242
400267 7.55245e+006 51.215
400267 7.55245e+006 51.2135
400267 7.55245e+006 51.2135
400267 7.55245e+006 51.2227
400267 7.55245e+006 51.2242
400267 7.55245e+006 51.2243
400267 7.55245e+006 51.215
400267 7.55245e+006 51.215
400267 7.55245e+006 51.215
400267 7.55245e+006 51.2242
400267 7.55245e+006 51.2243
400267 7.55245e+006 51.2228
400267 7.55245e+006 51.2136
400267 7.55245e+006 51.215
400267 7.55245e+006 51.215
400267 7.55245e+006 51.2243
400267 7.55245e+006 51.2228
400267 7.55245e+006 51.2227
400267 7.55245e+006 51.2135
400267 7.55245e+006 51.2136
400267 7.55245e+006 51.2136
400267 7.55245e+006 51.2228
400267 7.55245e+006 51.2227
400262 7.55245e+006 54.8802
400262 7.55245e+006 54.8787
400262 7.55245e+006 54.8839
400262 7.55245e+006 54.8839
400262 7.55245e+006 54.8853
400262 7.55245e+006 54.8802
400262 7.55245e+006 54.8945
400262 7.55245e+006 54.8853
400262 7.55245e+006 54.8839
400262 7.55245e+006 54.8839
400262 7.55245e+006 54.8931
400262 7.55245e+006 54.8945
400262 7.55245e+006 54.8894
400262 7.55245e+006 54.8802
400262 7.55245e+006 54.8853
400262 7.55245e+006 54.8853
400262 7.55245e+006 54.8945
400262 7.55245e+006 54.8894
400262 7.55245e+006 54.8879
400262 7.55245e+006 54.8787
400262 7.55245e+006 54.8802
400262 7.55245e+006 54.8802
400262 7.55245e+006 54.8894
400262 7.55245e+006 54.8879
400262 7.55245e+006 54.8931
400262 7.55245e+006 54.8839
400262 7.55245e+006 54.8787
400262 7.55245e+006 54.8787
400262 7.55245e+006 54.8879
400262 7.55245e+006 54.8931
400257 7.55245e+006 58.5376
400257 7.55245e+006 58.5362
400257 7.55245e+006 58.5413
400257 7.55245e+006 58.5413
400257 7.55245e+006 58.5428
400257 7.55245e+006 58.5376
400257 7.55245e+006 58.552
400257 7.55245e+006 58.5428
400257 7.55245e+006 58.5413
400257 7.55245e+006 58.5413
400257 7.55245e+006 58.5506
400257 7.55245e+006 58.552
400257 7.55245e+006 58.5469
400257 7.55245e+006 58.5376
400257 7.55245e+006 58.5428
400257 7.55245e+006 58.5428
400257 7.55245e+006 58.552
400257 7.55245e+006 58.5469
400257 7.55245e+006 58.5454
400257 7.55245e+006 58.5362
400257 7.55245e+006 58.5376
400257 7.55245e+006 58.5376
400257 7.55245e+006 58.5469
400257 7.55245e+006 58.5454
400257 7.55245e+006 58.5506
400257 7.55245e+006 58.5413
400257 7.55245e+006 58.5362
400257 7.55245e+006 58.5362
400257 7.55245e+006 58.5454
400257 7.55245e+006 58.5506
400252 7.55245e+006 62.2013
400252 7.55245e+006 62.1998
400252 7.55245e+006 62.205
400252 7.55245e+006 62.205
400252 7.55245e+006 62.2064
400252 7.55245e+006 62.2013
400252 7.55245e+006 62.2156
400252 7.55245e+006 62.2064
400252 7.55245e+006 62.205
400252 7.55245e+006 62.205
400252 7.55245e+006 62.2142
400252 7.55245e+006 62.2156
400252 7.55245e+006 62.2105
400252 7.55245e+006 62.2013
400252 7.55245e+006 62.2064
400252 7.55245e+006 62.2064
400252 7.55245e+006 62.2156
400252 7.55245e+006 62.2105
400252 7.55245e+006 62.209
400252 7.55245e+006 62.1998
400252 7.55245e+006 62.2013
400252 7.55245e+006 62.2013
400252 7.55245e+006 62.2105
400252 7.55245e+006 62.209
400252 7.55245e+006 62.2142
400252 7.55245e+006 62.205
400252 7.55245e+006 62.1998
400252 7.55245e+006 62.1998
400252 7.55245e+006 62.209
400252 7.55245e+006 62.2142
400247 7.55245e+006 65.8557
400247 7.55245e+006 65.8542
400247 7.55245e+006 65.8594
400247 7.55245e+006 65.8594
400247 7.55245e+006 65.8608
400247 7.55245e+006 65.8557
400247 7.55245e+006 65.87
400247 7.55245e+006 65.8608
400247 7.55245e+006 65.8594
400247 7.55245e+006 65.8594
400247 7.55245e+006 65.8686
400247 7.55245e+006 65.87
400247 7.55245e+006 65.8649
400247 7.55245e+006 65.8557
400247 7.55245e+006 65.8608
400247 7.55245e+006 65.8608
400247 7.55245e+006 65.87
400247 7.55245e+006 65.8649
400247 7.55245e+006 65.8634
400247 7.55245e+006 65.8542
400247 7.55245e+006 65.8557
400247 7.55245e+006 65.8557
400247 7.55245e+006 65.8649
400247 7.55245e+006 65.8634
400247 7.55245e+006 65.8686
400247 7.55245e+006 65.8594
400247 7.55245e+006 65.8542
400247 7.55245e+006 65.8542
400247 7.55245e+006 65.8634
400247 7.55245e+006 65.8686
400246 7.55245e+006 67.9791
400246 7.55245e+006 67.9791
400246 7.55245e+006 67.7622
400246 7.55245e+006 67.7622
400246 7.55245e+006 67.7622
400246 7.55245e+006 67.9791
400292 7.55245e+006 32.7796
400292 7.55245e+006 32.7796
400297 7.55245e+006 29.4326
400297 7.55245e+006 29.4326
400297 7.55245e+006 29.4326
400292 7.55245e+006 32.7796
400292 7.55245e+006 32.9965
400292 7.55245e+006 32.7796
400297 7.55245e+006 29.4326
400297 7.55245e+006 29.4326
400297 7.55245e+006 29.6495
400292 7.55245e+006 32.9965
400292 7.55245e+006 32.9965
400292 7.55245e+006 32.9965
400297 7.55245e+006 29.6495
400297 7.55245e+006 29.6495
400297 7.55245e+006 29.6495
400292 7.55245e+006 32.9965
400292 7.55245e+006 32.7796
400292 7.55245e+006 32.9965
400297 7.55245e+006 29.6495
400297 7.55245e+006 29.6495
400297 7.55245e+006 29.4326
400292 7.55245e+006 32.7796
400292 7.55245e+006 32.7796
400292 7.55245e+006 32.7796
400292 7.55245e+006 32.7796
400292 7.55245e+006 32.7796
400292 7.55245e+006 32.7796
400292 7.55245e+006 32.7796
400292 7.55245e+006 32.9965
400292 7.55245e+006 32.7796
400292 7.55245e+006 32.7796
400292 7.55245e+006 32.7796
400292 7.55245e+006 32.9965
400292 7.55245e+006 32.9965
400292 7.55245e+006 32.9965
400292 7.55245e+006 32.9965
400292 7.55245e+006 32.9965
400292 7.55245e+006 32.9965
400292 7.55245e+006 32.9965
400292 7.55245e+006 32.9965
400292 7.55245e+006 32.7796
400292 7.55245e+006 32.9965
400292 7.55245e+006 32.9965
400292 7.55245e+006 32.9965
400292 7.55245e+006 32.7796
400292 7.55245e+006 32.7796
400287 7.55245e+006 36.4092
400287 7.55245e+006 36.4092
400292 7.55245e+006 32.7796
400292 7.55245e+006 32.7796
400292 7.55245e+006 32.7796
400287 7.55245e+006 36.4092
400287 7.55245e+006 36.6261
400287 7.55245e+006 36.4092
400292 7.55245e+006 32.7796
400292 7.55245e+006 32.7796
400292 7.55245e+006 32.9965
400287 7.55245e+006 36.6261
400287 7.55245e+006 36.6261
400287 7.55245e+006 36.6261
400292 7.55245e+006 32.9965
400292 7.55245e+006 32.9965
400292 7.55245e+006 32.9965
400287 7.55245e+006 36.6261
400287 7.55245e+006 36.4092
400287 7.55245e+006 36.6261
400292 7.55245e+006 32.9965
400292 7.55245e+006 32.9965
400292 7.55245e+006 32.7796
400287 7.55245e+006 36.4092
400287 7.55245e+006 36.4174
400287 7.55245e+006 36.4174
400287 7.55245e+006 36.4092
400287 7.55245e+006 36.4092
400287 7.55245e+006 36.4092
400287 7.55245e+006 36.4174
400287 7.55245e+006 36.6343
400287 7.55245e+006 36.4174
400287 7.55245e+006 36.4092
400287 7.55245e+006 36.4092
400287 7.55245e+006 36.6261
400287 7.55245e+006 36.6343
400287 7.55245e+006 36.6343
400287 7.55245e+006 36.6343
400287 7.55245e+006 36.6261
400287 7.55245e+006 36.6261
400287 7.55245e+006 36.6261
400287 7.55245e+006 36.6343
400287 7.55245e+006 36.4174
400287 7.55245e+006 36.6343
400287 7.55245e+006 36.6261
400287 7.55245e+006 36.6261
400287 7.55245e+006 36.4092
400287 7.55245e+006 36.4174
400282 7.55245e+006 40.0736
400282 7.55245e+006 40.0736
400287 7.55245e+006 36.4174
400287 7.55245e+006 36.4174
400287 7.55245e+006 36.4174
400282 7.55245e+006 40.0736
400282 7.55245e+006 40.2905
400282 7.55245e+006 40.0736
400287 7.55245e+006 36.4174
400287 7.55245e+006 36.4174
400287 7.55245e+006 36.6343
400282 7.55245e+006 40.2905
400282 7.55245e+006 40.2905
400282 7.55245e+006 40.2905
400287 7.55245e+006 36.6343
400287 7.55245e+006 36.6343
400287 7.55245e+006 36.6343
400282 7.55245e+006 40.2905
400282 7.55245e+006 40.0736
400282 7.55245e+006 40.2905
400287 7.55245e+006 36.6343
400287 7.55245e+006 36.6343
400287 7.55245e+006 36.4174
400282 7.55245e+006 40.0736
400282 7.55245e+006 40.0802
400282 7.55245e+006 40.0802
400282 7.55245e+006 40.0736
400282 7.55245e+006 40.0736
400282 7.55245e+006 40.0736
400282 7.55245e+006 40.0802
400282 7.55245e+006 40.2971
400282 7.55245e+006 40.0802
400282 7.55245e+006 40.0736
400282 7.55245e+006 40.0736
400282 7.55245e+006 40.2905
400282 7.55245e+006 40.2971
400282 7.55245e+006 40.2971
400282 7.55245e+006 40.2971
400282 7.55245e+006 40.2905
400282 7.55245e+006 40.2905
400282 7.55245e+006 40.2905
400282 7.55245e+006 40.2971
400282 7.55245e+006 40.0802
400282 7.55245e+006 40.2971
400282 7.55245e+006 40.2905
400282 7.55245e+006 40.2905
400282 7.55245e+006 40.0736
400282 7.55245e+006 40.0802
400277 7.55245e+006 43.7349
400277 7.55245e+006 43.7349
400282 7.55245e+006 40.0802
400282 7.55245e+006 40.0802
400282 7.55245e+006 40.0802
400277 7.55245e+006 43.7349
400277 7.55245e+006 43.9517
400277 7.55245e+006 43.7349
400282 7.55245e+006 40.0802
400282 7.55245e+006 40.0802
400282 7.55245e+006 40.2971
400277 7.55245e+006 43.9517
400277 7.55245e+006 43.9517
400277 7.55245e+006 43.9517
400282 7.55245e+006 40.2971
400282 7.55245e+006 40.2971
400282 7.55245e+006 40.2971
400277 7.55245e+006 43.9517
400277 7.55245e+006 43.7349
400277 7.55245e+006 43.9517
400282 7.55245e+006 40.2971
400282 7.55245e+006 40.2971
400282 7.55245e+006 40.0802
400277 7.55245e+006 43.7349
400277 7.55245e+006 43.7367
400277 7.55245e+006 43.7367
400277 7.55245e+006 43.7349
400277 7.55245e+006 43.7349
400277 7.55245e+006 43.7349
400277 7.55245e+006 43.7367
400277 7.55245e+006 43.9536
400277 7.55245e+006 43.7367
400277 7.55245e+006 43.7349
400277 7.55245e+006 43.7349
400277 7.55245e+006 43.9517
400277 7.55245e+006 43.9536
400277 7.55245e+006 43.9536
400277 7.55245e+006 43.9536
400277 7.55245e+006 43.9517
400277 7.55245e+006 43.9517
400277 7.55245e+006 43.9517
400277 7.55245e+006 43.9536
400277 7.55245e+006 43.7367
400277 7.55245e+006 43.9536
400277 7.55245e+006 43.9517
400277 7.55245e+006 43.9517
400277 7.55245e+006 43.7349
400277 7.55245e+006 43.7367
400272 7.55245e+006 47.3695
400272 7.55245e+006 47.3695
400277 7.55245e+006 43.7367
400277 7.55245e+006 43.7367
400277 7.55245e+006 43.7367
400272 7.55245e+006 47.3695
400272 7.55245e+006 47.5863
400272 7.55245e+006 47.3695
400277 7.55245e+006 43.7367
400277 7.55245e+006 43.7367
400277 7.55245e+006 43.9536
400272 7.55245e+006 47.5863
400272 7.55245e+006 47.5863
400272 7.55245e+006 47.5863
400277 7.55245e+006 43.9536
400277 7.55245e+006 43.9536
400277 7.55245e+006 43.9536
400272 7.55245e+006 47.5863
400272 7.55245e+006 47.3695
400272 7.55245e+006 47.5863
400277 7.55245e+006 43.9536
400277 7.55245e+006 43.9536
400277 7.55245e+006 43.7367
400272 7.55245e+006 47.3695
400272 7.55245e+006 47.3695
400272 7.55245e+006 47.3695
400272 7.55245e+006 47.3695
400272 7.55245e+006 47.3695
400272 7.55245e+006 47.3695
400272 7.55245e+006 47.3695
400272 7.55245e+006 47.5863
400272 7.55245e+006 47.3695
400272 7.55245e+006 47.3695
400272 7.55245e+006 47.3695
400272 7.55245e+006 47.5863
400272 7.55245e+006 47.5863
400272 7.55245e+006 47.5863
400272 7.55245e+006 47.5863
400272 7.55245e+006 47.5863
400272 7.55245e+006 47.5863
400272 7.55245e+006 47.5863
400272 7.55245e+006 47.5863
400272 7.55245e+006 47.3695
400272 7.55245e+006 47.5863
400272 7.55245e+006 47.5863
400272 7.55245e+006 47.5863
400272 7.55245e+006 47.3695
400272 7.55245e+006 47.3695
400267 7.55245e+006 50.9987
400267 7.55245e+006 50.9987
400272 7.55245e+006 47.3695
400272 7.55245e+006 47.3695
400272 7.55245e+006 47.3695
400267 7.55245e+006 50.9987
400267 7.55245e+006 51.2155
400267 7.55245e+006 50.9987
400272 7.55245e+006 47.3695
400272 7.55245e+006 47.3695
400272 7.55245e+006 47.5863
400267 7.55245e+006 51.2155
400267 7.55245e+006 51.2155
400267 7.55245e+006 51.2155
400272 7.55245e+006 47.5863
400272 7.55245e+006 47.5863
400272 7.55245e+006 47.5863
400267 7.55245e+006 51.2155
400267 7.55245e+006 50.9987
400267 7.55245e+006 51.2155
400272 7.55245e+006 47.5863
400272 7.55245e+006 47.5863
400272 7.55245e+006 47.3695
400267 7.55245e+006 50.9987
400267 7.55245e+006 50.9987
400267 7.55245e+006 50.9987
400267 7.55245e+006 50.9987
400267 7.55245e+006 50.9987
400267 7.55245e+006 50.9987
400267 7.55245e+006 50.9987
400267 7.55245e+006 51.2155
400267 7.55245e+006 50.9987
400267 7.55245e+006 50.9987
400267 7.55245e+006 50.9987
400267 7.55245e+006 51.2155
400267 7.55245e+006 51.2155
400267 7.55245e+006 51.2155
400267 7.55245e+006 51.2155
400267 7.55245e+006 51.2155
400267 7.55245e+006 51.2155
400267 7.55245e+006 51.2155
400267 7.55245e+006 51.2155
400267 7.55245e+006 50.9987
400267 7.55245e+006 51.2155
400267 7.55245e+006 51.2155
400267 7.55245e+006 51.2155
400267 7.55245e+006 50.9987
400267 7.55245e+006 50.9987
400262 7.55245e+006 54.6644
400262 7.55245e+006 54.6644
400267 7.55245e+006 50.9987
400267 7.55245e+006 50.9987
400267 7.55245e+006 50.9987
400262 7.55245e+006 54.6644
400262 7.55245e+006 54.8813
400262 7.55245e+006 54.6644
400267 7.55245e+006 50.9987
400267 7.55245e+006 50.9987
400267 7.55245e+006 51.2155
400262 7.55245e+006 54.8813
400262 7.55245e+006 54.8813
400262 7.55245e+006 54.8813
400267 7.55245e+006 51.2155
400267 7.55245e+006 51.2155
400267 7.55245e+006 51.2155
400262 7.55245e+006 54.8813
400262 7.55245e+006 54.6644
400262 7.55245e+006 54.8813
400267 7.55245e+006 51.2155
400267 7.55245e+006 51.2155
400267 7.55245e+006 50.9987
400262 7.55245e+006 54.6644
400262 7.55245e+006 54.6644
400262 7.55245e+006 54.6644
400262 7.55245e+006 54.6644
400262 7.55245e+006 54.6644
400262 7.55245e+006 54.6644
400262 7.55245e+006 54.6644
400262 7.55245e+006 54.8813
400262 7.55245e+006 54.6644
400262 7.55245e+006 54.6644
400262 7.55245e+006 54.6644
400262 7.55245e+006 54.8813
400262 7.55245e+006 54.8813
400262 7.55245e+006 54.8813
400262 7.55245e+006 54.8813
400262 7.55245e+006 54.8813
400262 7.55245e+006 54.8813
400262 7.55245e+006 54.8813
400262 7.55245e+006 54.8813
400262 7.55245e+006 54.6644
400262 7.55245e+006 54.8813
400262 7.55245e+006 54.8813
400262 7.55245e+006 54.8813
400262 7.55245e+006 54.6644
400262 7.55245e+006 54.6644
400257 7.55245e+006 58.322
400257 7.55245e+006 58.322
400262 7.55245e+006 54.6644
400262 7.55245e+006 54.6644
400262 7.55245e+006 54.6644
400257 7.55245e+006 58.322
400257 7.55245e+006 58.5389
400257 7.55245e+006 58.322
400262 7.55245e+006 54.6644
400262 7.55245e+006 54.6644
400262 7.55245e+006 54.8813
400257 7.55245e+006 58.5389
400257 7.55245e+006 58.5389
400257 7.55245e+006 58.5389
400262 7.55245e+006 54.8813
400262 7.55245e+006 54.8813
400262 7.55245e+006 54.8813
400257 7.55245e+006 58.5389
400257 7.55245e+006 58.322
400257 7.55245e+006 58.5389
400262 7.55245e+006 54.8813
400262 7.55245e+006 54.8813
400262 7.55245e+006 54.6644
400257 7.55245e+006 58.322
400257 7.55245e+006 58.322
400257 7.55245e+006 58.322
400257 7.55245e+006 58.322
400257 7.55245e+006 58.322
400257 7.55245e+006 58.322
400257 7.55245e+006 58.322
400257 7.55245e+006 58.5389
400257 7.55245e+006 58.322
400257 7.55245e+006 58.322
400257 7.55245e+006 58.322
400257 7.55245e+006 58.5389
400257 7.55245e+006 58.5389
400257 7.55245e+006 58.5389
400257 7.55245e+006 58.5389
400257 7.55245e+006 58.5389
400257 7.55245e+006 58.5389
400257 7.55245e+006 58.5389
400257 7.55245e+006 58.5389
400257 7.55245e+006 58.322
400257 7.55245e+006 58.5389
400257 7.55245e+006 58.5389
400257 7.55245e+006 58.5389
400257 7.55245e+006 58.322
400257 7.55245e+006 58.322
400252 7.55245e+006 61.9829
400252 7.55245e+006 61.9829
400257 7.55245e+006 58.322
400257 7.55245e+006 58.322
400257 7.55245e+006 58.322
400252 7.55245e+006 61.9829
400252 7.55245e+006 62.1997
400252 7.55245e+006 61.9829
400257 7.55245e+006 58.322
400257 7.55245e+006 58.322
400257 7.55245e+006 58.5389
400252 7.55245e+006 62.1997
400252 7.55245e+006 62.1997
400252 7.55245e+006 62.1997
400257 7.55245e+006 58.5389
400257 7.55245e+006 58.5389
400257 7.55245e+006 58.5389
400252 7.55245e+006 62.1997
400252 7.55245e+006 61.9829
400252 7.55245e+006 62.1997
400257 7.55245e+006 58.5389
400257 7.55245e+006 58.5389
400257 7.55245e+006 58.322
400252 7.55245e+006 61.9829
400252 7.55245e+006 61.9829
400252 7.55245e+006 61.9829
400252 7.55245e+006 61.9829
400252 7.55245e+006 61.9829
400252 7.55245e+006 61.9829
400252 7.55245e+006 61.9829
400252 7.55245e+006 62.1997
400252 7.55245e+006 61.9829
400252 7.55245e+006 61.9829
400252 7.55245e+006 61.9829
400252 7.55245e+006 62.1997
400252 7.55245e+006 62.1997
400252 7.55245e+006 62.1997
400252 7.55245e+006 62.1997
400252 7.55245e+006 62.1997
400252 7.55245e+006 62.1997
400252 7.55245e+006 62.1997
400252 7.55245e+006 62.1997
400252 7.55245e+006 61.9829
400252 7.55245e+006 62.1997
400252 7.55245e+006 62.1997
400252 7.55245e+006 62.1997
400252 7.55245e+006 61.9829
400252 7.55245e+006 61.9829
400247 7.55245e+006 65.6379
400247 7.55245e+006 65.6379
400252 7.55245e+006 61.9829
400252 7.55245e+006 61.9829
400252 7.55245e+006 61.9829
400247 7.55245e+006 65.6379
400247 7.55245e+006 65.8548
400247 7.55245e+006 65.6379
400252 7.55245e+006 61.9829
400252 7.55245e+006 61.9829
400252 7.55245e+006 62.1997
400247 7.55245e+006 65.8548
400247 7.55245e+006 65.8548
400247 7.55245e+006 65.8548
400252 7.55245e+006 62.1997
400252 7.55245e+006 62.1997
400252 7.55245e+006 62.1997
400247 7.55245e+006 65.8548
400247 7.55245e+006 65.6379
400247 7.55245e+006 65.8548
400252 7.55245e+006 62.1997
400252 7.55245e+006 62.1997
400252 7.55245e+006 61.9829
400247 7.55245e+006 65.6379
400246 7.55245e+006 65.638
400246 7.55245e+006 65.638
400247 7.55245e+006 65.6379
400247 7.55245e+006 65.6379
400247 7.55245e+006 65.6379
400246 7.55245e+006 65.638
400247 7.55245e+006 65.8548
400246 7.55245e+006 65.638
400247 7.55245e+006 65.6379
400247 7.55245e+006 65.6379
400247 7.55245e+006 65.8548
400247 7.55245e+006 65.8548
400247 7.55245e+006 65.8548
400247 7.55245e+006 65.8548
400247 7.55245e+006 65.8548
400247 7.55245e+006 65.8548
400247 7.55245e+006 65.8548
400247 7.55245e+006 65.8548
400246 7.55245e+006 65.638
400247 7.55245e+006 65.8548
400247 7.55245e+006 65.8548
400247 7.55245e+006 65.8548
400247 7.55245e+006 65.6379
400246 7.55245e+006 65.638
400246 7.55245e+006 67.7626
400246 7.55245e+006 67.7626
400246 7.55245e+006 65.638
400246 7.55245e+006 65.638
400246 7.55245e+006 65.638
400246 7.55245e+006 67.7626
400246 7.55245e+006 67.9795
400246 7.55245e+006 67.7626
400246 7.55245e+006 65.638
400246 7.55245e+006 65.638
400247 7.55245e+006 65.8548
400246 7.55245e+006 67.9795
400246 7.55245e+006 67.9795
400246 7.55245e+006 67.9795
400247 7.55245e+006 65.8548
400247 7.55245e+006 65.8548
400247 7.55245e+006 65.8548
400246 7.55245e+006 67.9795
400246 7.55245e+006 67.7626
400246 7.55245e+006 67.9795
400247 7.55245e+006 65.8548
400247 7.55245e+006 65.8548
400246 7.55245e+006 65.638
400246 7.55245e+006 67.7626
400246 7.55245e+006 67.7622
400246 7.55245e+006 67.7622
400246 7.55245e+006 67.7626
400246 7.55245e+006 67.7626
400246 7.55245e+006 67.7626
400246 7.55245e+006 67.7622
400246 7.55245e+006 67.9791
400246 7.55245e+006 67.7622
400246 7.55245e+006 67.7626
400246 7.55245e+006 67.7626
400246 7.55245e+006 67.9795
400246 7.55245e+006 67.9791
400246 7.55245e+006 67.9791
400246 7.55245e+006 67.9791
400246 7.55245e+006 67.9795
400246 7.55245e+006 67.9795
400246 7.55245e+006 67.9795
400246 7.55245e+006 67.9791
400246 7.55245e+006 67.7622
400246 7.55245e+006 67.9791
400246 7.55245e+006 67.9795
400246 7.55245e+006 67.9795
400246 7.55245e+006 67.7626
400246 7.55245e+006 67.7622
400246 7.55245e+006 67.9828
400246 7.55245e+006 67.9828
400246 7.55245e+006 67.766
400246 7.55245e+006 67.766
400246 7.55245e+006 67.766
400246 7.55245e+006 67.9828
400292 7.55245e+006 32.7834
400292 7.55245e+006 32.7834
400297 7.55245e+006 29.427
400297 7.55245e+006 29.427
400297 7.55245e+006 29.427
400292 7.55245e+006 32.7834
400292 7.55245e+006 33.0002
400292 7.55245e+006 32.7834
400297 7.55245e+006 29.427
400297 7.55245e+006 29.427
400297 7.55245e+006 29.6439
400292 7.55245e+006 33.0002
400292 7.55245e+006 33.0002
400292 7.55245e+006 33.0002
400297 7.55245e+006 29.6439
400297 7.55245e+006 29.6439
400297 7.55245e+006 29.6439
400292 7.55245e+006 33.0002
400292 7.55245e+006 32.7834
400292 7.55245e+006 33.0002
400297 7.55245e+006 29.6439
400297 7.55245e+006 29.6439
400297 7.55245e+006 29.427
400292 7.55245e+006 32.7834
400292 7.55245e+006 32.7834
400292 7.55245e+006 32.7834
400292 7.55245e+006 32.7834
400292 7.55245e+006 32.7834
400292 7.55245e+006 32.7834
400292 7.55245e+006 32.7834
400292 7.55245e+006 33.0002
400292 7.55245e+006 32.7834
400292 7.55245e+006 32.7834
400292 7.55245e+006 32.7834
400292 7.55245e+006 33.0002
400292 7.55245e+006 33.0002
400292 7.55245e+006 33.0002
400292 7.55245e+006 33.0002
400292 7.55245e+006 33.0002
400292 7.55245e+006 33.0002
400292 7.55245e+006 33.0002
400292 7.55245e+006 33.0002
400292 7.55245e+006 32.7834
400292 7.55245e+006 33.0002
400292 7.55245e+006 33.0002
400292 7.55245e+006 33.0002
400292 7.55245e+006 32.7834
400292 7.55245e+006 32.7834
400287 7.55245e+006 36.4129
400287 7.55245e+006 36.4129
400292 7.55245e+006 32.7834
400292 7.55245e+006 32.7834
400292 7.55245e+006 32.7834
400287 7.55245e+006 36.4129
400287 7.55245e+006 36.6298
400287 7.55245e+006 36.4129
400292 7.55245e+006 32.7834
400292 7.55245e+006 32.7834
400292 7.55245e+006 33.0002
400287 7.55245e+006 36.6298
400287 7.55245e+006 36.6298
400287 7.55245e+006 36.6298
400292 7.55245e+006 33.0002
400292 7.55245e+006 33.0002
400292 7.55245e+006 33.0002
400287 7.55245e+006 36.6298
400287 7.55245e+006 36.4129
400287 7.55245e+006 36.6298
400292 7.55245e+006 33.0002
400292 7.55245e+006 33.0002
400292 7.55245e+006 32.7834
400287 7.55245e+006 36.4129
400287 7.55245e+006 36.4211
400287 7.55245e+006 36.4211
400287 7.55245e+006 36.4129
400287 7.55245e+006 36.4129
400287 7.55245e+006 36.4129
400287 7.55245e+006 36.4211
400287 7.55245e+006 36.638
400287 7.55245e+006 36.4211
400287 7.55245e+006 36.4129
400287 7.55245e+006 36.4129
400287 7.55245e+006 36.6298
400287 7.55245e+006 36.638
400287 7.55245e+006 36.638
400287 7.55245e+006 36.638
400287 7.55245e+006 36.6298
400287 7.55245e+006 36.6298
400287 7.55245e+006 36.6298
400287 7.55245e+006 36.638
400287 7.55245e+006 36.4211
400287 7.55245e+006 36.638
400287 7.55245e+006 36.6298
400287 7.55245e+006 36.6298
400287 7.55245e+006 36.4129
400287 7.55245e+006 36.4211
400282 7.55245e+006 40.0773
400282 7.55245e+006 40.0773
400287 7.55245e+006 36.4211
400287 7.55245e+006 36.4211
400287 7.55245e+006 36.4211
400282 7.55245e+006 40.0773
400282 7.55245e+006 40.2942
400282 7.55245e+006 40.0773
400287 7.55245e+006 36.4211
400287 7.55245e+006 36.4211
400287 7.55245e+006 36.638
400282 7.55245e+006 40.2942
400282 7.55245e+006 40.2942
400282 7.55245e+006 40.2942
400287 7.55245e+006 36.638
400287 7.55245e+006 36.638
400287 7.55245e+006 36.638
400282 7.55245e+006 40.2942
400282 7.55245e+006 40.0773
400282 7.55245e+006 40.2942
400287 7.55245e+006 36.638
400287 7.55245e+006 36.638
400287 7.55245e+006 36.4211
400282 7.55245e+006 40.0773
400282 7.55245e+006 40.0839
400282 7.55245e+006 40.0839
400282 7.55245e+006 40.0773
400282 7.55245e+006 40.0773
400282 7.55245e+006 40.0773
400282 7.55245e+006 40.0839
400282 7.55245e+006 40.3008
400282 7.55245e+006 40.0839
400282 7.55245e+006 40.0773
400282 7.55245e+006 40.0773
400282 7.55245e+006 40.2942
400282 7.55245e+006 40.3008
400282 7.55245e+006 40.3008
400282 7.55245e+006 40.3008
400282 7.55245e+006 40.2942
400282 7.55245e+006 40.2942
400282 7.55245e+006 40.2942
400282 7.55245e+006 40.3008
400282 7.55245e+006 40.0839
400282 7.55245e+006 40.3008
400282 7.55245e+006 40.2942
400282 7.55245e+006 40.2942
400282 7.55245e+006 40.0773
400282 7.55245e+006 40.0839
400277 7.55245e+006 43.7386
400277 7.55245e+006 43.7386
400282 7.55245e+006 40.0839
400282 7.55245e+006 40.0839
400282 7.55245e+006 40.0839
400277 7.55245e+006 43.7386
400277 7.55245e+006 43.9555
400277 7.55245e+006 43.7386
400282 7.55245e+006 40.0839
400282 7.55245e+006 40.0839
400282 7.55245e+006 40.3008
400277 7.55245e+006 43.9555
400277 7.55245e+006 43.9555
400277 7.55245e+006 43.9555
400282 7.55245e+006 40.3008
400282 7.55245e+006 40.3008
400282 7.55245e+006 40.3008
400277 7.55245e+006 43.9555
400277 7.55245e+006 43.7386
400277 7.55245e+006 43.9555
400282 7.55245e+006 40.3008
400282 7.55245e+006 40.3008
400282 7.55245e+006 40.0839
400277 7.55245e+006 43.7386
400277 7.55245e+006 43.7404
400277 7.55245e+006 43.7404
400277 7.55245e+006 43.7386
400277 7.55245e+006 43.7386
400277 7.55245e+006 43.7386
400277 7.55245e+006 43.7404
400277 7.55245e+006 43.9573
400277 7.55245e+006 43.7404
400277 7.55245e+006 43.7386
400277 7.55245e+006 43.7386
400277 7.55245e+006 43.9555
400277 7.55245e+006 43.9573
400277 7.55245e+006 43.9573
400277 7.55245e+006 43.9573
400277 7.55245e+006 43.9555
400277 7.55245e+006 43.9555
400277 7.55245e+006 43.9555
400277 7.55245e+006 43.9573
400277 7.55245e+006 43.7404
400277 7.55245e+006 43.9573
400277 7.55245e+006 43.9555
400277 7.55245e+006 43.9555
400277 7.55245e+006 43.7386
400277 7.55245e+006 43.7404
400272 7.55245e+006 47.3732
400272 7.55245e+006 47.3732
400277 7.55245e+006 43.7404
400277 7.55245e+006 43.7404
400277 7.55245e+006 43.7404
400272 7.55245e+006 47.3732
400272 7.55245e+006 47.5901
400272 7.55245e+006 47.3732
400277 7.55245e+006 43.7404
400277 7.55245e+006 43.7404
400277 7.55245e+006 43.9573
400272 7.55245e+006 47.5901
400272 7.55245e+006 47.5901
400272 7.55245e+006 47.5901
400277 7.55245e+006 43.9573
400277 7.55245e+006 43.9573
400277 7.55245e+006 43.9573
400272 7.55245e+006 47.5901
400272 7.55245e+006 47.3732
400272 7.55245e+006 47.5901
400277 7.55245e+006 43.9573
400277 7.55245e+006 43.9573
400277 7.55245e+006 43.7404
400272 7.55245e+006 47.3732
400272 7.55245e+006 47.3732
400272 7.55245e+006 47.3732
400272 7.55245e+006 47.3732
400272 7.55245e+006 47.3732
400272 7.55245e+006 47.3732
400272 7.55245e+006 47.3732
400272 7.55245e+006 47.5901
400272 7.55245e+006 47.3732
400272 7.55245e+006 47.3732
400272 7.55245e+006 47.3732
400272 7.55245e+006 47.5901
400272 7.55245e+006 47.5901
400272 7.55245e+006 47.5901
400272 7.55245e+006 47.5901
400272 7.55245e+006 47.5901
400272 7.55245e+006 47.5901
400272 7.55245e+006 47.5901
400272 7.55245e+006 47.5901
400272 7.55245e+006 47.3732
400272 7.55245e+006 47.5901
400272 7.55245e+006 47.5901
400272 7.55245e+006 47.5901
400272 7.55245e+006 47.3732
400272 7.55245e+006 47.3732
400267 7.55245e+006 51.0024
400267 7.55245e+006 51.0024
400272 7.55245e+006 47.3732
400272 7.55245e+006 47.3732
400272 7.55245e+006 47.3732
400267 7.55245e+006 51.0024
400267 7.55245e+006 51.2193
400267 7.55245e+006 51.0024
400272 7.55245e+006 47.3732
400272 7.55245e+006 47.3732
400272 7.55245e+006 47.5901
400267 7.55245e+006 51.2193
400267 7.55245e+006 51.2193
400267 7.55245e+006 51.2193
400272 7.55245e+006 47.5901
400272 7.55245e+006 47.5901
400272 7.55245e+006 47.5901
400267 7.55245e+006 51.2193
400267 7.55245e+006 51.0024
400267 7.55245e+006 51.2193
400272 7.55245e+006 47.5901
400272 7.55245e+006 47.5901
400272 7.55245e+006 47.3732
400267 7.55245e+006 51.0024
400267 7.55245e+006 51.0024
400267 7.55245e+006 51.0024
400267 7.55245e+006 51.0024
400267 7.55245e+006 51.0024
400267 7.55245e+006 51.0024
400267 7.55245e+006 51.0024
400267 7.55245e+006 51.2193
400267 7.55245e+006 51.0024
400267 7.55245e+006 51.0024
400267 7.55245e+006 51.0024
400267 7.55245e+006 51.2193
400267 7.55245e+006 51.2193
400267 7.55245e+006 51.2193
400267 7.55245e+006 51.2193
400267 7.55245e+006 51.2193
400267 7.55245e+006 51.2193
400267 7.55245e+006 51.2193
400267 7.55245e+006 51.2193
400267 7.55245e+006 51.0024
400267 7.55245e+006 51.2193
400267 7.55245e+006 51.2193
400267 7.55245e+006 51.2193
400267 7.55245e+006 51.0024
400267 7.55245e+006 51.0024
400262 7.55245e+006 54.6681
400262 7.55245e+006 54.6681
400267 7.55245e+006 51.0024
400267 7.55245e+006 51.0024
400267 7.55245e+006 51.0024
400262 7.55245e+006 54.6681
400262 7.55245e+006 54.885
400262 7.55245e+006 54.6681
400267 7.55245e+006 51.0024
400267 7.55245e+006 51.0024
400267 7.55245e+006 51.2193
400262 7.55245e+006 54.885
400262 7.55245e+006 54.885
400262 7.55245e+006 54.885
400267 7.55245e+006 51.2193
400267 7.55245e+006 51.2193
400267 7.55245e+006 51.2193
400262 7.55245e+006 54.885
400262 7.55245e+006 54.6681
400262 7.55245e+006 54.885
400267 7.55245e+006 51.2193
400267 7.55245e+006 51.2193
400267 7.55245e+006 51.0024
400262 7.55245e+006 54.6681
400262 7.55245e+006 54.6681
400262 7.55245e+006 54.6681
400262 7.55245e+006 54.6681
400262 7.55245e+006 54.6681
400262 7.55245e+006 54.6681
400262 7.55245e+006 54.6681
400262 7.55245e+006 54.885
400262 7.55245e+006 54.6681
400262 7.55245e+006 54.6681
400262 7.55245e+006 54.6681
400262 7.55245e+006 54.885
400262 7.55245e+006 54.885
400262 7.55245e+006 54.885
400262 7.55245e+006 54.885
400262 7.55245e+006 54.885
400262 7.55245e+006 54.885
400262 7.55245e+006 54.885
400262 7.55245e+006 54.885
400262 7.55245e+006 54.6681
400262 7.55245e+006 54.885
400262 7.55245e+006 54.885
400262 7.55245e+006 54.885
400262 7.55245e+006 54.6681
400262 7.55245e+006 54.6681
400257 7.55245e+006 58.3258
400257 7.55245e+006 58.3258
400262 7.55245e+006 54.6681
400262 7.55245e+006 54.6681
400262 7.55245e+006 54.6681
400257 7.55245e+006 58.3258
400257 7.55245e+006 58.5426
400257 7.55245e+006 58.3258
400262 7.55245e+006 54.6681
400262 7.55245e+006 54.6681
400262 7.55245e+006 54.885
400257 7.55245e+006 58.5426
400257 7.55245e+006 58.5426
400257 7.55245e+006 58.5426
400262 7.55245e+006 54.885
400262 7.55245e+006 54.885
400262 7.55245e+006 54.885
400257 7.55245e+006 58.5426
400257 7.55245e+006 58.3258
400257 7.55245e+006 58.5426
400262 7.55245e+006 54.885
400262 7.55245e+006 54.885
400262 7.55245e+006 54.6681
400257 7.55245e+006 58.3258
400257 7.55245e+006 58.3258
400257 7.55245e+006 58.3258
400257 7.55245e+006 58.3258
400257 7.55245e+006 58.3258
400257 7.55245e+006 58.3258
400257 7.55245e+006 58.3258
400257 7.55245e+006 58.5426
400257 7.55245e+006 58.3258
400257 7.55245e+006 58.3258
400257 7.55245e+006 58.3258
400257 7.55245e+006 58.5426
400257 7.55245e+006 58.5426
400257 7.55245e+006 58.5426
400257 7.55245e+006 58.5426
400257 7.55245e+006 58.5426
400257 7.55245e+006 58.5426
400257 7.55245e+006 58.5426
400257 7.55245e+006 58.5426
400257 7.55245e+006 58.3258
400257 7.55245e+006 58.5426
400257 7.55245e+006 58.5426
400257 7.55245e+006 58.5426
400257 7.55245e+006 58.3258
400257 7.55245e+006 58.3258
400252 7.55245e+006 61.9866
400252 7.55245e+006 61.9866
400257 7.55245e+006 58.3258
400257 7.55245e+006 58.3258
400257 7.55245e+006 58.3258
400252 7.55245e+006 61.9866
400252 7.55245e+006 62.2035
400252 7.55245e+006 61.9866
400257 7.55245e+006 58.3258
400257 7.55245e+006 58.3258
400257 7.55245e+006 58.5426
400252 7.55245e+006 62.2035
400252 7.55245e+006 62.2035
400252 7.55245e+006 62.2035
400257 7.55245e+006 58.5426
400257 7.55245e+006 58.5426
400257 7.55245e+006 58.5426
400252 7.55245e+006 62.2035
400252 7.55245e+006 61.9866
400252 7.55245e+006 62.2035
400257 7.55245e+006 58.5426
400257 7.55245e+006 58.5426
400257 7.55245e+006 58.3258
400252 7.55245e+006 61.9866
400252 7.55245e+006 61.9866
400252 7.55245e+006 61.9866
400252 7.55245e+006 61.9866
400252 7.55245e+006 61.9866
400252 7.55245e+006 61.9866
400252 7.55245e+006 61.9866
400252 7.55245e+006 62.2035
400252 7.55245e+006 61.9866
400252 7.55245e+006 61.9866
400252 7.55245e+006 61.9866
400252 7.55245e+006 62.2035
400252 7.55245e+006 62.2035
400252 7.55245e+006 62.2035
400252 7.55245e+006 62.2035
400252 7.55245e+006 62.2035
400252 7.55245e+006 62.2035
400252 7.55245e+006 62.2035
400252 7.55245e+006 62.2035
400252 7.55245e+006 61.9866
400252 7.55245e+006 62.2035
400252 7.55245e+006 62.2035
400252 7.55245e+006 62.2035
400252 7.55245e+006 61.9866
400252 7.55245e+006 61.9866
400247 7.55245e+006 65.6417
400247 7.55245e+006 65.6417
400252 7.55245e+006 61.9866
400252 7.55245e+006 61.9866
400252 7.55245e+006 61.9866
400247 7.55245e+006 65.6417
400247 7.55245e+006 65.8586
400247 7.55245e+006 65.6417
400252 7.55245e+006 61.9866
400252 7.55245e+006 61.9866
400252 7.55245e+006 62.2035
400247 7.55245e+006 65.8586
400247 7.55245e+006 65.8586
400247 7.55245e+006 65.8586
400252 7.55245e+006 62.2035
400252 7.55245e+006 62.2035
400252 7.55245e+006 62.2035
400247 7.55245e+006 65.8586
400247 7.55245e+006 65.6417
400247 7.55245e+006 65.8586
400252 7.55245e+006 62.2035
400252 7.55245e+006 62.2035
400252 7.55245e+006 61.9866
400247 7.55245e+006 65.6417
400246 7.55245e+006 65.6417
400246 7.55245e+006 65.6417
400247 7.55245e+006 65.6417
400247 7.55245e+006 65.6417
400247 7.55245e+006 65.6417
400246 7.55245e+006 65.6417
400247 7.55245e+006 65.8586
400246 7.55245e+006 65.6417
400247 7.55245e+006 65.6417
400247 7.55245e+006 65.6417
400247 7.55245e+006 65.8586
400247 7.55245e+006 65.8586
400247 7.55245e+006 65.8586
400247 7.55245e+006 65.8586
400247 7.55245e+006 65.8586
400247 7.55245e+006 65.8586
400247 7.55245e+006 65.8586
400247 7.55245e+006 65.8586
400246 7.55245e+006 65.6417
400247 7.55245e+006 65.8586
400247 7.55245e+006 65.8586
400247 7.55245e+006 65.8586
400247 7.55245e+006 65.6417
400246 7.55245e+006 65.6417
400246 7.55245e+006 67.7664
400246 7.55245e+006 67.7664
400246 7.55245e+006 65.6417
400246 7.55245e+006 65.6417
400246 7.55245e+006 65.6417
400246 7.55245e+006 67.7664
400246 7.55245e+006 67.9832
400246 7.55245e+006 67.7664
400246 7.55245e+006 65.6417
400246 7.55245e+006 65.6417
400247 7.55245e+006 65.8586
400246 7.55245e+006 67.9832
400246 7.55245e+006 67.9832
400246 7.55245e+006 67.9832
400247 7.55245e+006 65.8586
400247 7.55245e+006 65.8586
400247 7.55245e+006 65.8586
400246 7.55245e+006 67.9832
400246 7.55245e+006 67.7664
400246 7.55245e+006 67.9832
400247 7.55245e+006 65.8586
400247 7.55245e+006 65.8586
400246 7.55245e+006 65.6417
400246 7.55245e+006 67.7664
400246 7.55245e+006 67.766
400246 7.55245e+006 67.766
400246 7.55245e+006 67.7664
400246 7.55245e+006 67.7664
400246 7.55245e+006 67.7664
400246 7.55245e+006 67.766
400246 7.55245e+006 67.9828
400246 7.55245e+006 67.766
400246 7.55245e+006 67.7664
400246 7.55245e+006 67.7664
400246 7.55245e+006 67.9832
400246 7.55245e+006 67.9828
400246 7.55245e+006 67.9828
400246 7.55245e+006 67.9828
400246 7.55245e+006 67.9832
400246 7.55245e+006 67.9832
400246 7.55245e+006 67.9832
400246 7.55245e+006 67.9828
400246 7.55245e+006 67.766
400246 7.55245e+006 67.9828
400246 7.55245e+006 67.9832
400246 7.55245e+006 67.9832
400246 7.55245e+006 67.7664
400246 7.55245e+006 67.766
400297 7.55245e+006 29.4326
400297 7.55245e+006 29.4326
400306 7.55245e+006 29.4347
400306 7.55245e+006 29.4347
400306 7.55245e+006 29.4347
400297 7.55245e+006 29.4326
400297 7.55245e+006 29.6495
400297 7.55245e+006 29.4326
400306 7.55245e+006 29.4347
400306 7.55245e+006 29.4347
400306 7.55245e+006 29.6516
400297 7.55245e+006 29.6495
400297 7.55245e+006 29.6495
400297 7.55245e+006 29.6495
400306 7.55245e+006 29.6516
400306 7.55245e+006 29.6516
400306 7.55245e+006 29.6516
400297 7.55245e+006 29.6495
400297 7.55245e+006 29.4326
400297 7.55245e+006 29.6495
400306 7.55245e+006 29.6516
400306 7.55245e+006 29.6516
400306 7.55245e+006 29.4347
400297 7.55245e+006 29.4326
400297 7.55245e+006 29.427
400297 7.55245e+006 29.427
400306 7.55245e+006 29.4286
400306 7.55245e+006 29.4286
400306 7.55245e+006 29.4286
400297 7.55245e+006 29.427
400297 7.55245e+006 29.6439
400297 7.55245e+006 29.427
400306 7.55245e+006 29.4286
400306 7.55245e+006 29.4286
400306 7.55245e+006 29.6455
400297 7.55245e+006 29.6439
400297 7.55245e+006 29.6439
400297 7.55245e+006 29.6439
400306 7.55245e+006 29.6455
400306 7.55245e+006 29.6455
400306 7.55245e+006 29.6455
400297 7.55245e+006 29.6439
400297 7.55245e+006 29.427
400297 7.55245e+006 29.6439
400306 7.55245e+006 29.6455
400306 7.55245e+006 29.6455
400306 7.55245e+006 29.4286
400297 7.55245e+006 29.427
