400458 7.55246e+006 21.1899
400458 7.55247e+006 21.1899
400474 7.55247e+006 21.1899
400474 7.55247e+006 21.1899
400474 7.55246e+006 21.1899
400458 7.55246e+006 21.1899
400474 7.55246e+006 21.1899
400474 7.55246e+006 21.353
400458 7.55246e+006 21.353
400458 7.55246e+006 21.353
400458 7.55246e+006 21.1899
400474 7.55246e+006 21.1899
400457 7.55248e+006 21.1899
400457 7.55248e+006 21.353
400474 7.55248e+006 21.353
400474 7.55248e+006 21.353
400474 7.55248e+006 21.1899
400457 7.55248e+006 21.1899
400474 7.55248e+006 21.353
400474 7.55248e+006 21.353
400474 7.55248e+006 21.1899
400474 7.55248e+006 21.1899
400474 7.55248e+006 21.1899
400474 7.55248e+006 21.353
400457 7.55248e+006 21.1899
400474 7.55248e+006 21.1899
400474 7.55247e+006 21.1899
400474 7.55247e+006 21.1899
400458 7.55247e+006 21.1898
400457 7.55248e+006 21.1899
400485 7.55247e+006 21.353
400485 7.55247e+006 21.1899
400485 7.55247e+006 21.1899
400485 7.55247e+006 21.1899
400485 7.55247e+006 21.353
400485 7.55247e+006 21.353
400458 7.55247e+006 21.1899
400458 7.55247e+006 21.1898
400474 7.55247e+006 21.1899
400474 7.55247e+006 21.1899
400474 7.55247e+006 21.1899
400458 7.55247e+006 21.1899
400458 7.55247e+006 21.353
400458 7.55247e+006 21.1898
400458 7.55247e+006 21.1899
400458 7.55247e+006 21.1899
400458 7.55247e+006 21.353
400458 7.55247e+006 21.353
400486 7.55246e+006 21.353
400486 7.55246e+006 21.1899
400486 7.55247e+006 21.1899
400486 7.55247e+006 21.1899
400486 7.55247e+006 21.353
400486 7.55246e+006 21.353
400457 7.55248e+006 21.353
400457 7.55248e+006 21.1899
400456 7.55248e+006 21.1899
400456 7.55248e+006 21.1899
400456 7.55248e+006 21.353
400457 7.55248e+006 21.353
400457 7.55248e+006 21.1899
400456 7.55248e+006 21.1898
400456 7.55248e+006 21.1899
400456 7.55248e+006 21.1899
400457 7.55248e+006 21.1899
400457 7.55248e+006 21.1899
400486 7.55247e+006 21.353
400486 7.55247e+006 21.1899
400486 7.55248e+006 21.1899
400486 7.55248e+006 21.1899
400486 7.55248e+006 21.353
400486 7.55247e+006 21.353
400457 7.55248e+006 21.1899
400474 7.55248e+006 21.1899
400474 7.55248e+006 21.1899
400474 7.55248e+006 21.1899
400457 7.55248e+006 21.1899
400457 7.55248e+006 21.1899
400456 7.55248e+006 21.353
400456 7.55248e+006 21.1899
400456 7.55248e+006 21.1898
400456 7.55248e+006 21.1898
400456 7.55248e+006 21.353
400456 7.55248e+006 21.353
400474 7.55246e+006 21.353
400474 7.55246e+006 21.1899
400484 7.55246e+006 21.1899
400484 7.55246e+006 21.1899
400484 7.55246e+006 21.353
400474 7.55246e+006 21.353
400474 7.55246e+006 21.1899
400474 7.55247e+006 21.1899
400485 7.55247e+006 21.1899
400485 7.55247e+006 21.1899
400484 7.55246e+006 21.1899
400474 7.55246e+006 21.1899
400474 7.55247e+006 21.1899
400474 7.55247e+006 21.1899
400485 7.55247e+006 21.1899
400485 7.55247e+006 21.1899
400485 7.55247e+006 21.1899
400474 7.55247e+006 21.1899
400474 7.55247e+006 21.1899
400474 7.55248e+006 21.1899
400484 7.55248e+006 21.1899
400484 7.55248e+006 21.1899
400485 7.55247e+006 21.1899
400474 7.55247e+006 21.1899
400474 7.55248e+006 21.1899
400474 7.55248e+006 21.353
400484 7.55248e+006 21.353
400484 7.55248e+006 21.353
400484 7.55248e+006 21.1899
400474 7.55248e+006 21.1899
400485 7.55247e+006 21.1899
400485 7.55247e+006 21.353
400486 7.55247e+006 21.353
400486 7.55247e+006 21.353
400486 7.55247e+006 21.1899
400485 7.55247e+006 21.1899
400484 7.55246e+006 21.353
400484 7.55246e+006 21.1899
400486 7.55246e+006 21.1899
400486 7.55246e+006 21.1899
400486 7.55246e+006 21.353
400484 7.55246e+006 21.353
400484 7.55246e+006 21.1899
400485 7.55247e+006 21.1899
400486 7.55247e+006 21.1899
400486 7.55247e+006 21.1899
400486 7.55246e+006 21.1899
400484 7.55246e+006 21.1899
400485 7.55247e+006 21.353
400485 7.55247e+006 21.1899
400486 7.55247e+006 21.1899
400486 7.55247e+006 21.1899
400486 7.55247e+006 21.353
400485 7.55247e+006 21.353
400485 7.55247e+006 21.1899
400484 7.55248e+006 21.1899
400486 7.55248e+006 21.1899
400486 7.55248e+006 21.1899
400486 7.55247e+006 21.1899
400485 7.55247e+006 21.1899
400484 7.55248e+006 21.1899
400484 7.55248e+006 21.353
400486 7.55248e+006 21.353
400486 7.55248e+006 21.353
400486 7.55248e+006 21.1899
400484 7.55248e+006 21.1899
400455 7.55247e+006 21.353
400455 7.55248e+006 21.353
400455 7.55248e+006 21.1898
400455 7.55248e+006 21.1898
400455 7.55247e+006 21.1896
400455 7.55247e+006 21.353
400458 7.55247e+006 21.353
400456 7.55247e+006 21.353
400456 7.55247e+006 21.1896
400456 7.55247e+006 21.1896
400458 7.55247e+006 21.1898
400458 7.55247e+006 21.353
400456 7.55247e+006 21.1896
400456 7.55248e+006 21.1898
400457 7.55248e+006 21.1899
400457 7.55248e+006 21.1899
400458 7.55247e+006 21.1898
400456 7.55247e+006 21.1896
400486 7.55246e+006 21.353
400486 7.55246e+006 21.1899
400486 7.55246e+006 21.1899
400486 7.55246e+006 21.1899
400486 7.55246e+006 21.353
400486 7.55246e+006 21.353
400486 7.55246e+006 21.1899
400486 7.55247e+006 21.1899
400486 7.55247e+006 21.1899
400486 7.55247e+006 21.1899
400486 7.55246e+006 21.1899
400486 7.55246e+006 21.1899
400486 7.55247e+006 21.1899
400486 7.55248e+006 21.1899
400486 7.55248e+006 21.1899
400486 7.55248e+006 21.1899
400486 7.55247e+006 21.1899
400486 7.55247e+006 21.1899
400486 7.55248e+006 21.1899
400486 7.55248e+006 21.353
400486 7.55248e+006 21.353
400486 7.55248e+006 21.353
400486 7.55248e+006 21.1899
400486 7.55248e+006 21.1899
400486 7.55247e+006 21.1899
400486 7.55247e+006 21.353
400486 7.55247e+006 21.353
400486 7.55247e+006 21.353
400486 7.55247e+006 21.1899
400486 7.55247e+006 21.1899
400486 7.55247e+006 21.353
400486 7.55247e+006 21.1899
400486 7.55247e+006 21.1899
400486 7.55247e+006 21.1899
400486 7.55247e+006 21.353
400486 7.55247e+006 21.353
400486 7.55247e+006 21.1899
400486 7.55247e+006 21.1899
400486 7.55247e+006 21.1899
400486 7.55247e+006 21.1899
400486 7.55247e+006 21.1899
400486 7.55247e+006 21.1899
400455 7.55246e+006 21.353
400455 7.55247e+006 21.353
400455 7.55247e+006 21.1899
400455 7.55247e+006 21.1899
400455 7.55246e+006 21.1899
400455 7.55246e+006 21.353
400458 7.55247e+006 21.1899
400458 7.55246e+006 21.1899
400456 7.55246e+006 21.1899
400456 7.55246e+006 21.1899
400456 7.55247e+006 21.1899
400458 7.55247e+006 21.1899
400458 7.55246e+006 21.1899
400458 7.55246e+006 21.353
400456 7.55246e+006 21.353
400456 7.55246e+006 21.353
400456 7.55246e+006 21.1899
400458 7.55246e+006 21.1899
400458 7.55247e+006 21.353
400458 7.55247e+006 21.1899
400456 7.55247e+006 21.1899
400456 7.55247e+006 21.1899
400456 7.55247e+006 21.353
400458 7.55247e+006 21.353
400456 7.55248e+006 21.353
400456 7.55248e+006 21.1898
400455 7.55248e+006 21.1898
400455 7.55248e+006 21.1898
400455 7.55248e+006 21.353
400456 7.55248e+006 21.353
400456 7.55248e+006 21.1898
400456 7.55247e+006 21.1896
400455 7.55247e+006 21.1896
400455 7.55247e+006 21.1896
400455 7.55248e+006 21.1898
400456 7.55248e+006 21.1898
400456 7.55247e+006 21.1899
400456 7.55246e+006 21.1899
400455 7.55246e+006 21.1899
400455 7.55246e+006 21.1899
400455 7.55247e+006 21.1899
400456 7.55247e+006 21.1899
400456 7.55246e+006 21.1899
400456 7.55246e+006 21.353
400455 7.55246e+006 21.353
400455 7.55246e+006 21.353
400455 7.55246e+006 21.1899
400456 7.55246e+006 21.1899
400456 7.55247e+006 21.1896
400456 7.55247e+006 21.353
400456 7.55247e+006 21.353
400456 7.55247e+006 21.353
400456 7.55247e+006 21.1899
400456 7.55247e+006 21.1896
400455 7.55247e+006 21.353
400455 7.55247e+006 21.1896
400455 7.55247e+006 21.1899
400455 7.55247e+006 21.1899
400455 7.55247e+006 21.353
400455 7.55247e+006 21.353
400455 7.55247e+006 21.1896
400456 7.55247e+006 21.1896
400456 7.55247e+006 21.1899
400456 7.55247e+006 21.1899
400455 7.55247e+006 21.1899
400455 7.55247e+006 21.1896
400455 7.55245e+006 21.258
400455 7.55246e+006 21.258
400486 7.55246e+006 21.2637
400486 7.55246e+006 21.2637
400486 7.55245e+006 21.2637
400455 7.55245e+006 21.258
400455 7.55245e+006 21.3196
400455 7.55246e+006 21.3196
400455 7.55246e+006 21.258
400455 7.55246e+006 21.258
400455 7.55245e+006 21.258
400455 7.55245e+006 21.3196
400486 7.55245e+006 21.2637
400486 7.55246e+006 21.2637
400486 7.55246e+006 21.3109
400486 7.55246e+006 21.3109
400486 7.55245e+006 21.3109
400486 7.55245e+006 21.2637
400455 7.55245e+006 21.3196
400455 7.55245e+006 21.258
400486 7.55245e+006 21.2637
400486 7.55245e+006 21.2637
400486 7.55245e+006 21.3109
400455 7.55245e+006 21.3196
400486 7.55246e+006 21.3109
400486 7.55246e+006 21.2637
400455 7.55246e+006 21.258
400455 7.55246e+006 21.258
400455 7.55246e+006 21.3196
400486 7.55246e+006 21.3109
400484 7.55243e+006 21.3122
400486 7.55243e+006 21.3122
400486 7.55243e+006 21.2622
400486 7.55243e+006 21.2622
400484 7.55243e+006 21.2622
400484 7.55243e+006 21.3122
400484 7.55244e+006 21.3122
400484 7.55243e+006 21.3122
400484 7.55243e+006 21.2622
400484 7.55243e+006 21.2622
400484 7.55244e+006 21.2622
400484 7.55244e+006 21.3122
400486 7.55244e+006 21.3122
400484 7.55244e+006 21.3122
400484 7.55244e+006 21.2622
400484 7.55244e+006 21.2622
400486 7.55244e+006 21.2622
400486 7.55244e+006 21.3122
400486 7.55243e+006 21.3122
400486 7.55244e+006 21.3122
400486 7.55244e+006 21.2622
400486 7.55244e+006 21.2622
400486 7.55243e+006 21.2622
400486 7.55243e+006 21.3122
400456 7.55243e+006 21.3122
400458 7.55243e+006 21.3122
400458 7.55243e+006 21.2622
400458 7.55243e+006 21.2622
400456 7.55243e+006 21.2622
400456 7.55243e+006 21.3122
400456 7.55244e+006 21.3122
400456 7.55243e+006 21.3122
400456 7.55243e+006 21.2622
400456 7.55243e+006 21.2622
400456 7.55244e+006 21.2622
400456 7.55244e+006 21.3122
400458 7.55244e+006 21.3122
400456 7.55244e+006 21.3122
400456 7.55244e+006 21.2622
400456 7.55244e+006 21.2622
400458 7.55244e+006 21.2622
400458 7.55244e+006 21.3122
400458 7.55243e+006 21.3122
400458 7.55244e+006 21.3122
400458 7.55244e+006 21.2622
400458 7.55244e+006 21.2622
400458 7.55243e+006 21.2622
400458 7.55243e+006 21.3122
400455 7.55243e+006 21.258
400486 7.55243e+006 21.2622
400486 7.55243e+006 21.3123
400486 7.55243e+006 21.3123
400455 7.55243e+006 21.3196
400455 7.55243e+006 21.258
400486 7.55244e+006 21.2622
400484 7.55244e+006 21.2622
400486 7.55245e+006 21.2637
400486 7.55243e+006 21.2622
400486 7.55245e+006 21.2637
400486 7.55245e+006 21.3109
400486 7.55245e+006 21.3109
400486 7.55243e+006 21.3123
400486 7.55243e+006 21.2622
400456 7.55243e+006 21.2622
400455 7.55243e+006 21.258
400455 7.55245e+006 21.258
400455 7.55245e+006 21.258
400456 7.55244e+006 21.2622
400456 7.55243e+006 21.2622
400455 7.55245e+006 21.258
400486 7.55245e+006 21.2637
400486 7.55245e+006 21.2622
400455 7.55245e+006 21.258
400486 7.55245e+006 21.2622
400458 7.55244e+006 21.2622
400456 7.55244e+006 21.2622
400455 7.55245e+006 21.258
400458 7.55244e+006 21.2622
400484 7.55243e+006 21.2622
400458 7.55243e+006 21.2622
400458 7.55244e+006 21.2622
400458 7.55244e+006 21.2622
400484 7.55244e+006 21.2622
400484 7.55243e+006 21.2622
400486 7.55243e+006 21.2622
400486 7.55243e+006 21.2622
400484 7.55243e+006 21.2622
400486 7.55243e+006 21.2622
400486 7.55244e+006 21.2622
400486 7.55245e+006 21.2637
400486 7.55245e+006 21.2637
400486 7.55243e+006 21.2622
400486 7.55243e+006 21.2622
400484 7.55244e+006 21.2622
400458 7.55244e+006 21.2622
400486 7.55245e+006 21.2622
400486 7.55245e+006 21.2622
400486 7.55245e+006 21.2637
400484 7.55244e+006 21.2622
400484 7.55243e+006 21.2622
400486 7.55243e+006 21.2622
400455 7.55243e+006 21.258
400455 7.55243e+006 21.258
400456 7.55243e+006 21.2622
400458 7.55243e+006 21.2622
400484 7.55243e+006 21.2622
400455 7.55243e+006 21.258
400458 7.55243e+006 21.2622
400455 7.55243e+006 21.3196
400455 7.55245e+006 21.3196
400455 7.55245e+006 21.258
400455 7.55245e+006 21.258
400455 7.55243e+006 21.258
400455 7.55243e+006 21.3196
400486 7.55245e+006 21.3109
400486 7.55245e+006 21.2637
400455 7.55245e+006 21.258
400455 7.55245e+006 21.258
400455 7.55245e+006 21.3196
400486 7.55245e+006 21.3109
