400380 7.55247e+006 31.8891
400360 7.55247e+006 31.8891
400360 7.55246e+006 31.8891
400360 7.55246e+006 31.8891
400380 7.55246e+006 31.8891
400380 7.55247e+006 31.8891
400387 7.55247e+006 31.8287
400373 7.55247e+006 31.8287
400373 7.55247e+006 31.8287
400373 7.55247e+006 31.8287
400387 7.55247e+006 31.8287
400387 7.55247e+006 31.8287
400370 7.55247e+006 31.6364
400361 7.55247e+006 31.6364
400361 7.55247e+006 31.6364
400361 7.55247e+006 31.6364
400370 7.55247e+006 31.6364
400370 7.55247e+006 31.6364
400376 7.55246e+006 34.88
400361 7.55246e+006 34.88
400361 7.55246e+006 34.88
400361 7.55246e+006 34.88
400376 7.55246e+006 34.88
400376 7.55246e+006 34.88
400377 7.55246e+006 38.4162
400377 7.55246e+006 38.4162
400377 7.55246e+006 38.4162
400377 7.55246e+006 38.4162
400377 7.55246e+006 38.4162
400377 7.55246e+006 38.4162
400360 7.55246e+006 38.4162
400360 7.55246e+006 38.4162
400372 7.55246e+006 38.4162
400372 7.55246e+006 38.4162
400372 7.55246e+006 38.4162
400360 7.55246e+006 38.4162
400372 7.55246e+006 38.4162
400372 7.55246e+006 38.4162
400377 7.55246e+006 38.4162
400377 7.55246e+006 38.4162
400377 7.55246e+006 38.4162
400372 7.55246e+006 38.4162
400377 7.55246e+006 38.4162
400372 7.55246e+006 38.4162
400372 7.55246e+006 38.4162
400372 7.55246e+006 38.4162
400377 7.55246e+006 38.4162
400377 7.55246e+006 38.4162
400387 7.55247e+006 38.23
400384 7.55247e+006 38.23
400384 7.55247e+006 38.23
400384 7.55247e+006 38.23
400387 7.55247e+006 38.23
400387 7.55247e+006 38.23
400374 7.55247e+006 38.23
400374 7.55247e+006 38.23
400376 7.55247e+006 38.23
400376 7.55247e+006 38.23
400376 7.55247e+006 38.23
400374 7.55247e+006 38.23
400376 7.55247e+006 38.23
400376 7.55247e+006 38.23
400384 7.55247e+006 38.23
400384 7.55247e+006 38.23
400384 7.55247e+006 38.23
400376 7.55247e+006 38.23
400384 7.55247e+006 38.23
400387 7.55247e+006 38.23
400387 7.55247e+006 38.23
400387 7.55247e+006 38.23
400384 7.55247e+006 38.23
400384 7.55247e+006 38.23
400376 7.55247e+006 38.23
400384 7.55247e+006 38.23
400384 7.55247e+006 38.23
400384 7.55247e+006 38.23
400376 7.55247e+006 38.23
400376 7.55247e+006 38.23
400384 7.55247e+006 38.23
400387 7.55247e+006 38.23
400387 7.55247e+006 38.23
400387 7.55247e+006 38.23
400384 7.55247e+006 38.23
400384 7.55247e+006 38.23
400354 7.55247e+006 31.3172
400357 7.55247e+006 31.3172
400357 7.55248e+006 31.3172
400357 7.55248e+006 31.3172
400354 7.55248e+006 31.3172
400354 7.55247e+006 31.3172
400389 7.55246e+006 31.3172
400389 7.55247e+006 31.3172
400357 7.55246e+006 31.3172
400357 7.55246e+006 31.3172
400357 7.55246e+006 31.3172
400389 7.55246e+006 31.3172
400389 7.55248e+006 31.3172
400357 7.55248e+006 31.3172
400357 7.55247e+006 31.3172
400357 7.55247e+006 31.3172
400389 7.55247e+006 31.3172
400389 7.55248e+006 31.3172
400389 7.55247e+006 31.3172
400357 7.55247e+006 31.3172
400357 7.55247e+006 31.3172
400357 7.55247e+006 31.3172
400389 7.55247e+006 31.3172
400389 7.55247e+006 31.3172
400389 7.55247e+006 31.3172
400357 7.55247e+006 31.3172
400357 7.55246e+006 31.3172
400357 7.55246e+006 31.3172
400389 7.55247e+006 31.3172
400389 7.55247e+006 31.3172
400357 7.55246e+006 31.3172
400357 7.55247e+006 31.3172
400355 7.55247e+006 31.3172
400355 7.55247e+006 31.3172
400355 7.55246e+006 31.3172
400357 7.55246e+006 31.3172
400355 7.55247e+006 21.3316
400357 7.55247e+006 21.3316
400355 7.55248e+006 21.3316
400387 7.55247e+006 21.3316
400389 7.55247e+006 21.3316
400389 7.55248e+006 21.3316
400357 7.55247e+006 21.3316
400387 7.55247e+006 21.3316
400389 7.55248e+006 21.3316
400389 7.55248e+006 21.3316
400355 7.55248e+006 21.3316
400357 7.55247e+006 21.3316
400387 7.55247e+006 21.3316
400357 7.55247e+006 21.3316
400357 7.55247e+006 21.3316
400357 7.55247e+006 21.3316
400387 7.55247e+006 21.3316
400387 7.55247e+006 21.3316
400357 7.55246e+006 21.3316
400389 7.55246e+006 21.3316
400387 7.55247e+006 21.3316
400387 7.55247e+006 21.3316
400357 7.55247e+006 21.3316
400357 7.55246e+006 21.3316
400387 7.55247e+006 21.3316
400389 7.55246e+006 21.3316
400389 7.55247e+006 21.3316
400357 7.55247e+006 21.3316
400357 7.55247e+006 21.3316
400353 7.55247e+006 21.3316
400353 7.55247e+006 21.3316
400355 7.55247e+006 21.3316
400357 7.55247e+006 21.3316
400355 7.55247e+006 21.3316
400353 7.55247e+006 21.3316
400353 7.55247e+006 21.3316
400353 7.55247e+006 21.3316
400355 7.55247e+006 21.3316
400355 7.55247e+006 21.3316
400387 7.55247e+006 21.3316
400357 7.55247e+006 21.3316
400357 7.55247e+006 21.3316
400362 7.55246e+006 21.8707
400362 7.55246e+006 21.8707
400384 7.55246e+006 21.8707
400384 7.55246e+006 21.8707
400384 7.55246e+006 21.8707
400362 7.55246e+006 21.8707
400357 7.55245e+006 21.3316
400389 7.55245e+006 21.3316
400389 7.55246e+006 21.3316
400389 7.55246e+006 21.3316
400357 7.55246e+006 21.3316
400357 7.55245e+006 21.3316
400359 7.55244e+006 33.8293
400378 7.55244e+006 33.8293
400378 7.55245e+006 33.8293
400378 7.55245e+006 33.8293
400359 7.55245e+006 33.8293
400359 7.55244e+006 33.8293
400373 7.55243e+006 33.8293
400387 7.55243e+006 33.8293
400387 7.55244e+006 33.8293
400387 7.55244e+006 33.8293
400373 7.55244e+006 33.8293
400373 7.55243e+006 33.8293
400359 7.55243e+006 31.3096
400359 7.55243e+006 31.3096
400357 7.55243e+006 31.3096
400357 7.55243e+006 31.3096
400357 7.55243e+006 31.3096
400359 7.55243e+006 31.3096
400389 7.55245e+006 31.3096
400359 7.55245e+006 31.3096
400359 7.55243e+006 31.3096
400359 7.55243e+006 31.3096
400389 7.55243e+006 31.3096
400389 7.55245e+006 31.3096
400357 7.55243e+006 31.3096
400357 7.55243e+006 31.3096
400355 7.55243e+006 31.3096
400355 7.55243e+006 31.3096
400355 7.55243e+006 31.3096
400357 7.55243e+006 31.3096
400389 7.55243e+006 31.3096
400389 7.55243e+006 31.3096
400359 7.55243e+006 31.3096
400359 7.55243e+006 31.3096
400359 7.55243e+006 31.3096
400389 7.55243e+006 31.3096
400357 7.55245e+006 31.3096
400357 7.55243e+006 31.3096
400359 7.55243e+006 31.3096
400359 7.55243e+006 31.3096
400359 7.55245e+006 31.3096
400357 7.55245e+006 31.3096
400357 7.55245e+006 31.3096
400359 7.55245e+006 31.3096
400359 7.55245e+006 31.3096
400359 7.55245e+006 31.3096
400357 7.55245e+006 31.3096
400357 7.55245e+006 31.3096
400357 7.55243e+006 21.3309
400387 7.55243e+006 21.3309
400387 7.55243e+006 21.3309
400387 7.55243e+006 21.3309
400357 7.55243e+006 21.3309
400357 7.55243e+006 21.3309
400357 7.55243e+006 21.3309
400387 7.55243e+006 21.3309
400387 7.55243e+006 21.3309
400387 7.55243e+006 21.3309
400357 7.55243e+006 21.3309
400357 7.55243e+006 21.3309
400389 7.55244e+006 21.3309
400387 7.55244e+006 21.3309
400387 7.55244e+006 21.3309
400387 7.55244e+006 21.3309
400389 7.55244e+006 21.3309
400389 7.55244e+006 21.3309
400357 7.55243e+006 21.3309
400387 7.55243e+006 21.3309
400387 7.55243e+006 21.3309
400387 7.55243e+006 21.3309
400357 7.55243e+006 21.3309
400357 7.55243e+006 21.3309
400389 7.55244e+006 21.3309
400387 7.55244e+006 21.3309
400387 7.55244e+006 21.3309
400387 7.55244e+006 21.3309
400389 7.55244e+006 21.3309
400389 7.55244e+006 21.3309
400389 7.55243e+006 21.3309
400389 7.55243e+006 21.3309
400387 7.55243e+006 21.3309
400387 7.55243e+006 21.3309
400387 7.55243e+006 21.3309
400389 7.55243e+006 21.3309
400389 7.55243e+006 21.3309
400389 7.55243e+006 21.3309
400387 7.55243e+006 21.3309
400387 7.55243e+006 21.3309
400387 7.55243e+006 21.3309
400389 7.55243e+006 21.3309
400357 7.55244e+006 21.3309
400387 7.55244e+006 21.3309
400387 7.55244e+006 21.3309
400387 7.55244e+006 21.3309
400357 7.55244e+006 21.3309
400357 7.55244e+006 21.3309
400389 7.55243e+006 21.3309
400389 7.55243e+006 21.3309
400387 7.55243e+006 21.3309
400387 7.55243e+006 21.3309
400387 7.55243e+006 21.3309
400389 7.55243e+006 21.3309
400357 7.55244e+006 21.3309
400357 7.55243e+006 21.3309
400387 7.55243e+006 21.3309
400387 7.55243e+006 21.3309
400387 7.55244e+006 21.3309
400357 7.55244e+006 21.3309
400357 7.55244e+006 21.3309
400357 7.55244e+006 21.3309
400387 7.55244e+006 21.3309
400387 7.55244e+006 21.3309
400387 7.55244e+006 21.3309
400357 7.55244e+006 21.3309
400357 7.55243e+006 21.3309
400357 7.55243e+006 21.3309
400355 7.55243e+006 21.3309
400355 7.55243e+006 21.3309
400355 7.55243e+006 21.3309
400357 7.55243e+006 21.3309
400357 7.55244e+006 21.3309
400357 7.55244e+006 21.3309
400355 7.55244e+006 21.3309
400355 7.55244e+006 21.3309
400355 7.55244e+006 21.3309
400357 7.55244e+006 21.3309
400389 7.55245e+006 21.3309
400387 7.55245e+006 21.3309
400387 7.55244e+006 21.3309
400387 7.55244e+006 21.3309
400389 7.55244e+006 21.3309
400389 7.55245e+006 21.3309
400387 7.55244e+006 21.3309
400389 7.55244e+006 21.3309
400389 7.55244e+006 21.3309
400389 7.55244e+006 21.3309
400387 7.55244e+006 21.3309
400387 7.55244e+006 21.3309
400357 7.55244e+006 21.3309
400387 7.55244e+006 21.3309
400387 7.55244e+006 21.3309
400387 7.55244e+006 21.3309
400357 7.55244e+006 21.3309
400357 7.55244e+006 21.3309
400387 7.55245e+006 21.3309
400357 7.55245e+006 21.3309
400357 7.55244e+006 21.3309
400357 7.55244e+006 21.3309
400387 7.55244e+006 21.3309
400387 7.55245e+006 21.3309
400357 7.55244e+006 21.3309
400357 7.55244e+006 21.3309
400356 7.55244e+006 21.3309
400356 7.55244e+006 21.3309
400356 7.55244e+006 21.3309
400357 7.55244e+006 21.3309
