400442 7.55244e+006 30.4998
400454 7.55244e+006 30.4998
400454 7.55244e+006 30.4998
400425 7.55244e+006 30.4997
400425 7.55244e+006 30.4997
400442 7.55244e+006 30.4998
400454 7.55244e+006 30.4998
400425 7.55244e+006 30.4997
400442 7.55244e+006 30.4998
400442 7.55244e+006 30.4998
400454 7.55244e+006 30.4998
400442 7.55244e+006 30.4998
400453 7.55245e+006 26.3294
400454 7.55245e+006 26.3294
400456 7.55245e+006 26.3302
400456 7.55245e+006 26.3302
400423 7.55245e+006 26.33
400434 7.55245e+006 26.3301
400453 7.55245e+006 26.3294
400456 7.55245e+006 26.3302
400434 7.55245e+006 26.3301
400437 7.55245e+006 26.3301
400453 7.55245e+006 26.3294
400434 7.55245e+006 26.3301
400423 7.55245e+006 26.33
400423 7.55243e+006 26.33
400432 7.55244e+006 26.3301
400432 7.55244e+006 26.3301
400432 7.55245e+006 26.3301
400423 7.55245e+006 26.33
400423 7.55243e+006 26.33
400456 7.55243e+006 26.3302
400440 7.55244e+006 26.3302
400440 7.55244e+006 26.3302
400432 7.55244e+006 26.3301
400423 7.55243e+006 26.33
400440 7.55245e+006 26.3302
400440 7.55244e+006 26.3302
400454 7.55245e+006 26.3294
400454 7.55245e+006 26.3294
400453 7.55245e+006 26.3294
400440 7.55245e+006 26.3302
400456 7.55243e+006 26.3302
400454 7.55245e+006 26.3294
400440 7.55244e+006 26.3302
400454 7.55245e+006 26.3294
400454 7.55245e+006 26.3294
400456 7.55243e+006 26.3302
400456 7.55243e+006 26.3302
400456 7.55245e+006 26.3302
400454 7.55245e+006 26.3294
400440 7.55245e+006 26.3302
400453 7.55245e+006 26.3294
400453 7.55245e+006 26.3294
400437 7.55245e+006 26.3301
400440 7.55245e+006 26.3302
400453 7.55245e+006 26.3294
400437 7.55245e+006 26.3301
400437 7.55245e+006 26.3301
400453 7.55245e+006 26.3294
400423 7.55245e+006 26.33
400432 7.55245e+006 26.3301
400434 7.55245e+006 26.3301
400434 7.55245e+006 26.3301
400434 7.55245e+006 26.3301
400423 7.55245e+006 26.33
400424 7.55243e+006 21.3306
400455 7.55243e+006 21.3235
400455 7.55245e+006 21.3235
400455 7.55245e+006 21.3235
400424 7.55245e+006 21.3308
400424 7.55243e+006 21.3306
400441 7.55245e+006 26.6857
400441 7.55244e+006 26.6857
400452 7.55244e+006 26.6857
400452 7.55244e+006 26.6857
400452 7.55245e+006 26.6857
400441 7.55245e+006 26.6857
400443 7.55245e+006 21.7224
400443 7.55244e+006 21.7224
400452 7.55244e+006 21.7224
400452 7.55244e+006 21.7224
400452 7.55245e+006 21.7224
400443 7.55245e+006 21.7224
400432 7.55245e+006 21.7224
400432 7.55244e+006 21.7224
400440 7.55244e+006 21.7224
400440 7.55244e+006 21.7224
400440 7.55245e+006 21.7224
400432 7.55245e+006 21.7224
400423 7.55245e+006 21.3314
400455 7.55245e+006 21.331
400455 7.55246e+006 21.331
400455 7.55246e+006 21.331
400423 7.55246e+006 21.3314
400423 7.55245e+006 21.3314
400424 7.55246e+006 21.3049
400432 7.55246e+006 21.3049
400432 7.55247e+006 21.3049
400432 7.55247e+006 21.3049
400424 7.55247e+006 21.3049
400424 7.55246e+006 21.3049
400432 7.55247e+006 21.3049
400432 7.55246e+006 21.3049
400455 7.55246e+006 21.3049
400455 7.55246e+006 21.3049
400455 7.55247e+006 21.3049
400432 7.55247e+006 21.3049
400424 7.55247e+006 21.3049
400432 7.55247e+006 21.3049
400431 7.55248e+006 21.3049
400431 7.55248e+006 21.3049
400424 7.55248e+006 21.3049
400424 7.55247e+006 21.3049
400432 7.55247e+006 21.3049
400455 7.55247e+006 21.3049
400455 7.55248e+006 21.3049
400455 7.55248e+006 21.3049
400431 7.55248e+006 21.3049
400432 7.55247e+006 21.3049
400424 7.55248e+006 21.3049
400431 7.55248e+006 21.3049
400431 7.55248e+006 21.3049
400431 7.55248e+006 21.3049
400424 7.55248e+006 21.3049
400424 7.55248e+006 21.3049
400424 7.55247e+006 21.3049
400432 7.55247e+006 21.3049
400432 7.55247e+006 21.3049
400432 7.55247e+006 21.3049
400424 7.55247e+006 21.3049
400424 7.55247e+006 21.3049
400432 7.55247e+006 21.3049
400455 7.55247e+006 21.3049
400455 7.55247e+006 21.3049
400455 7.55247e+006 21.3049
400432 7.55247e+006 21.3049
400432 7.55247e+006 21.3049
400430 7.55246e+006 39.3044
400443 7.55246e+006 39.3045
400443 7.55247e+006 39.3045
400443 7.55247e+006 39.3045
400430 7.55247e+006 39.3044
400430 7.55246e+006 39.3044
400430 7.55246e+006 31.7838
400436 7.55246e+006 31.7838
400436 7.55247e+006 31.7838
400436 7.55247e+006 31.7838
400430 7.55247e+006 31.7838
400430 7.55246e+006 31.7838
400424 7.55246e+006 21.6663
400427 7.55246e+006 21.6663
400427 7.55247e+006 21.6663
400427 7.55247e+006 21.6663
400424 7.55247e+006 21.6663
400424 7.55246e+006 21.6663
400424 7.55247e+006 21.6663
400427 7.55247e+006 21.6663
400427 7.55247e+006 21.6663
400427 7.55247e+006 21.6663
400424 7.55247e+006 21.6663
400424 7.55247e+006 21.6663
400430 7.55247e+006 39.3044
400443 7.55247e+006 39.3045
400443 7.55247e+006 39.3045
400443 7.55247e+006 39.3045
400430 7.55247e+006 39.3044
400430 7.55247e+006 39.3044
400430 7.55247e+006 31.7838
400436 7.55247e+006 31.7838
400436 7.55247e+006 31.7838
400436 7.55247e+006 31.7838
400430 7.55247e+006 31.7837
400430 7.55247e+006 31.7838
400427 7.55246e+006 28.4802
400427 7.55246e+006 28.4802
400427 7.55247e+006 28.4802
400427 7.55247e+006 28.4802
400425 7.55247e+006 28.4802
400424 7.55246e+006 28.4802
400427 7.55246e+006 28.4802
400427 7.55247e+006 28.4802
400424 7.55246e+006 28.4802
400424 7.55246e+006 28.4802
400427 7.55246e+006 28.4802
400424 7.55246e+006 28.4802
400428 7.55247e+006 28.4802
400426 7.55247e+006 28.4802
400426 7.55247e+006 28.4802
400426 7.55247e+006 28.4802
400424 7.55247e+006 28.4802
400425 7.55247e+006 28.4802
400428 7.55247e+006 28.4802
400426 7.55247e+006 28.4802
400425 7.55247e+006 28.4802
400426 7.55247e+006 28.4802
400428 7.55247e+006 28.4802
400425 7.55247e+006 28.4802
400424 7.55247e+006 31.4421
400428 7.55247e+006 31.4421
400428 7.55248e+006 31.4421
400428 7.55248e+006 31.4421
400424 7.55248e+006 31.4421
400424 7.55247e+006 31.4421
400423 7.55246e+006 26.742
400425 7.55246e+006 26.742
400425 7.55246e+006 26.742
400425 7.55246e+006 26.742
400423 7.55246e+006 26.742
400423 7.55246e+006 26.742
400427 7.55246e+006 31.4361
400427 7.55246e+006 31.4361
400426 7.55246e+006 31.4361
400423 7.55246e+006 31.4361
400427 7.55246e+006 31.4361
400426 7.55246e+006 31.4361
400423 7.55246e+006 31.4361
400426 7.55246e+006 31.4361
400426 7.55247e+006 31.4361
400423 7.55247e+006 31.4361
400423 7.55246e+006 31.4361
400426 7.55247e+006 31.4361
400433 7.55246e+006 23.3261
400436 7.55246e+006 23.3261
400436 7.55246e+006 23.3261
400436 7.55246e+006 23.3261
400433 7.55246e+006 23.3261
400433 7.55246e+006 23.3261
400433 7.55246e+006 23.3261
400436 7.55246e+006 23.3261
400436 7.55247e+006 23.3261
400436 7.55247e+006 23.3261
400433 7.55247e+006 23.3261
400433 7.55246e+006 23.3261
400430 7.55246e+006 23.3261
400433 7.55246e+006 23.3261
400433 7.55246e+006 23.3261
400433 7.55246e+006 23.3261
400430 7.55246e+006 23.3261
400430 7.55246e+006 23.3261
400433 7.55247e+006 23.3261
400436 7.55247e+006 23.3261
400436 7.55247e+006 23.3261
400436 7.55247e+006 23.3261
400433 7.55247e+006 23.3261
400433 7.55247e+006 23.3261
400433 7.55247e+006 23.3261
400436 7.55247e+006 23.3261
400436 7.55247e+006 23.3261
400436 7.55247e+006 23.3261
400433 7.55247e+006 23.3261
400433 7.55247e+006 23.3261
400430 7.55247e+006 23.3261
400433 7.55247e+006 23.3261
400433 7.55247e+006 23.3261
400433 7.55247e+006 23.3261
400430 7.55247e+006 23.3261
400430 7.55247e+006 23.3261
400440 7.55246e+006 34.7868
400450 7.55246e+006 34.7868
400450 7.55246e+006 34.7868
400450 7.55246e+006 34.7868
400440 7.55246e+006 34.7868
400440 7.55246e+006 34.7868
400440 7.55246e+006 34.7868
400450 7.55246e+006 34.7868
400450 7.55246e+006 34.7868
400450 7.55246e+006 34.7868
400440 7.55246e+006 34.7868
400440 7.55246e+006 34.7868
400450 7.55247e+006 34.7868
400440 7.55247e+006 34.7868
400440 7.55246e+006 34.7868
400440 7.55246e+006 34.7868
400450 7.55246e+006 34.7868
400450 7.55247e+006 34.7868
400440 7.55246e+006 34.7868
400440 7.55246e+006 34.7868
400437 7.55246e+006 34.7868
400437 7.55246e+006 34.7868
400437 7.55246e+006 34.7868
400440 7.55246e+006 34.7868
400440 7.55247e+006 34.7868
400450 7.55247e+006 34.7868
400450 7.55247e+006 34.7868
400450 7.55247e+006 34.7868
400440 7.55247e+006 34.7868
400440 7.55247e+006 34.7868
400440 7.55247e+006 34.7868
400450 7.55247e+006 34.7868
400450 7.55247e+006 34.7868
400450 7.55247e+006 34.7868
400440 7.55247e+006 34.7868
400440 7.55247e+006 34.7868
400450 7.55247e+006 34.7868
400440 7.55247e+006 34.7868
400440 7.55247e+006 34.7868
400440 7.55247e+006 34.7868
400450 7.55247e+006 34.7868
400450 7.55247e+006 34.7868
400440 7.55247e+006 34.7868
400440 7.55247e+006 34.7868
400437 7.55247e+006 34.7868
400437 7.55247e+006 34.7868
400437 7.55247e+006 34.7868
400440 7.55247e+006 34.7868
