400452 7.55244e+006 33.4805
400452 7.55244e+006 33.4805
400452 7.55244e+006 33.4679
400452 7.55244e+006 33.4679
400452 7.55244e+006 33.4679
400452 7.55244e+006 33.4805
400452 7.55244e+006 33.5062
400452 7.55244e+006 33.5062
400452 7.55244e+006 33.4805
400452 7.55244e+006 33.4805
400452 7.55244e+006 33.4805
400452 7.55244e+006 33.5062
400452 7.55244e+006 33.5191
400452 7.55244e+006 33.5191
400452 7.55244e+006 33.5062
400452 7.55244e+006 33.5062
400452 7.55244e+006 33.5062
400452 7.55244e+006 33.5191
400452 7.55244e+006 33.5064
400452 7.55244e+006 33.5064
400452 7.55244e+006 33.5191
400452 7.55244e+006 33.5191
400452 7.55244e+006 33.5191
400452 7.55244e+006 33.5064
400452 7.55244e+006 33.4808
400452 7.55244e+006 33.4808
400452 7.55244e+006 33.5064
400452 7.55244e+006 33.5064
400452 7.55244e+006 33.5064
400452 7.55244e+006 33.4808
400452 7.55244e+006 33.4679
400452 7.55244e+006 33.4679
400452 7.55244e+006 33.4808
400452 7.55244e+006 33.4808
400452 7.55244e+006 33.4808
400452 7.55244e+006 33.4679
400452 7.55244e+006 33.4311
400452 7.55244e+006 33.4805
400452 7.55244e+006 33.4679
400452 7.55244e+006 33.4679
400452 7.55244e+006 33.4259
400452 7.55244e+006 33.4311
400452 7.55244e+006 33.4417
400452 7.55244e+006 33.5062
400452 7.55244e+006 33.4805
400452 7.55244e+006 33.4805
400452 7.55244e+006 33.4311
400452 7.55244e+006 33.4417
400452 7.55244e+006 33.4472
400452 7.55244e+006 33.5191
400452 7.55244e+006 33.5062
400452 7.55244e+006 33.5062
400452 7.55244e+006 33.4417
400452 7.55244e+006 33.4472
400452 7.55244e+006 33.442
400452 7.55244e+006 33.5064
400452 7.55244e+006 33.5191
400452 7.55244e+006 33.5191
400452 7.55244e+006 33.4472
400452 7.55244e+006 33.442
400452 7.55244e+006 33.4314
400452 7.55244e+006 33.4808
400452 7.55244e+006 33.5064
400452 7.55244e+006 33.5064
400452 7.55244e+006 33.442
400452 7.55244e+006 33.4314
400452 7.55244e+006 33.4259
400452 7.55244e+006 33.4679
400452 7.55244e+006 33.4808
400452 7.55244e+006 33.4808
400452 7.55244e+006 33.4314
400452 7.55244e+006 33.4259
400452 7.55244e+006 31.3243
400452 7.55244e+006 33.4311
400452 7.55244e+006 33.4259
400452 7.55244e+006 33.4259
400452 7.55244e+006 31.3268
400452 7.55244e+006 31.3243
400452 7.55244e+006 31.3197
400452 7.55244e+006 33.4417
400452 7.55244e+006 33.4311
400452 7.55244e+006 33.4311
400452 7.55244e+006 31.3243
400452 7.55244e+006 31.3197
400452 7.55244e+006 31.3175
400452 7.55244e+006 33.4472
400452 7.55244e+006 33.4417
400452 7.55244e+006 33.4417
400452 7.55244e+006 31.3197
400452 7.55244e+006 31.3175
400452 7.55244e+006 31.32
400452 7.55244e+006 33.442
400452 7.55244e+006 33.4472
400452 7.55244e+006 33.4472
400452 7.55244e+006 31.3175
400452 7.55244e+006 31.32
400452 7.55244e+006 31.3246
400452 7.55244e+006 33.4314
400452 7.55244e+006 33.442
400452 7.55244e+006 33.442
400452 7.55244e+006 31.32
400452 7.55244e+006 31.3246
400452 7.55244e+006 31.3268
400452 7.55244e+006 33.4259
400452 7.55244e+006 33.4314
400452 7.55244e+006 33.4314
400452 7.55244e+006 31.3246
400452 7.55244e+006 31.3268
400452 7.55244e+006 31.2288
400452 7.55244e+006 31.3243
400452 7.55244e+006 31.3268
400452 7.55244e+006 31.3268
400452 7.55244e+006 31.2355
400452 7.55244e+006 31.2288
400452 7.55244e+006 31.2154
400452 7.55244e+006 31.3197
400452 7.55244e+006 31.3243
400452 7.55244e+006 31.3243
400452 7.55244e+006 31.2288
400452 7.55244e+006 31.2154
400452 7.55244e+006 31.2089
400452 7.55244e+006 31.3175
400452 7.55244e+006 31.3197
400452 7.55244e+006 31.3197
400452 7.55244e+006 31.2154
400452 7.55244e+006 31.2089
400452 7.55244e+006 31.2157
400452 7.55244e+006 31.32
400452 7.55244e+006 31.3175
400452 7.55244e+006 31.3175
400452 7.55244e+006 31.2089
400452 7.55244e+006 31.2157
400452 7.55244e+006 31.229
400452 7.55244e+006 31.3246
400452 7.55244e+006 31.32
400452 7.55244e+006 31.32
400452 7.55244e+006 31.2157
400452 7.55244e+006 31.229
400452 7.55244e+006 31.2355
400452 7.55244e+006 31.3268
400452 7.55244e+006 31.3246
400452 7.55244e+006 31.3246
400452 7.55244e+006 31.229
400452 7.55244e+006 31.2355
400452 7.55244e+006 31.006
400452 7.55244e+006 31.2288
400452 7.55244e+006 31.2355
400452 7.55244e+006 31.2355
400452 7.55244e+006 31.0128
400452 7.55244e+006 31.006
400452 7.55244e+006 30.9926
400452 7.55244e+006 31.2154
400452 7.55244e+006 31.2288
400452 7.55244e+006 31.2288
400452 7.55244e+006 31.006
400452 7.55244e+006 30.9926
400452 7.55244e+006 30.9861
400452 7.55244e+006 31.2089
400452 7.55244e+006 31.2154
400452 7.55244e+006 31.2154
400452 7.55244e+006 30.9926
400452 7.55244e+006 30.9861
400452 7.55244e+006 30.9929
400452 7.55244e+006 31.2157
400452 7.55244e+006 31.2089
400452 7.55244e+006 31.2089
400452 7.55244e+006 30.9861
400452 7.55244e+006 30.9929
400452 7.55244e+006 31.0062
400452 7.55244e+006 31.229
400452 7.55244e+006 31.2157
400452 7.55244e+006 31.2157
400452 7.55244e+006 30.9929
400452 7.55244e+006 31.0062
400452 7.55244e+006 31.0128
400452 7.55244e+006 31.2355
400452 7.55244e+006 31.229
400452 7.55244e+006 31.229
400452 7.55244e+006 31.0062
400452 7.55244e+006 31.0128
400452 7.55244e+006 30.9017
400452 7.55244e+006 31.006
400452 7.55244e+006 31.0128
400452 7.55244e+006 31.0128
400452 7.55244e+006 30.9041
400452 7.55244e+006 30.9017
400452 7.55244e+006 30.8971
400452 7.55244e+006 30.9926
400452 7.55244e+006 31.006
400452 7.55244e+006 31.006
400452 7.55244e+006 30.9017
400452 7.55244e+006 30.8971
400452 7.55244e+006 30.8949
400452 7.55244e+006 30.9861
400452 7.55244e+006 30.9926
400452 7.55244e+006 30.9926
400452 7.55244e+006 30.8971
400452 7.55244e+006 30.8949
400452 7.55244e+006 30.8973
400452 7.55244e+006 30.9929
400452 7.55244e+006 30.9861
400452 7.55244e+006 30.9861
400452 7.55244e+006 30.8949
400452 7.55244e+006 30.8973
400452 7.55244e+006 30.902
400452 7.55244e+006 31.0062
400452 7.55244e+006 30.9929
400452 7.55244e+006 30.9929
400452 7.55244e+006 30.8973
400452 7.55244e+006 30.902
400452 7.55244e+006 30.9041
400452 7.55244e+006 31.0128
400452 7.55244e+006 31.0062
400452 7.55244e+006 31.0062
400452 7.55244e+006 30.902
400452 7.55244e+006 30.9041
400452 7.55244e+006 29.8938
400452 7.55244e+006 30.9017
400452 7.55244e+006 30.9041
400452 7.55244e+006 30.9041
400452 7.55244e+006 29.8887
400452 7.55244e+006 29.8938
400452 7.55244e+006 29.9044
400452 7.55244e+006 30.8971
400452 7.55244e+006 30.9017
400452 7.55244e+006 30.9017
400452 7.55244e+006 29.8938
400452 7.55244e+006 29.9044
400452 7.55244e+006 29.9099
400452 7.55244e+006 30.8949
400452 7.55244e+006 30.8971
400452 7.55244e+006 30.8971
400452 7.55244e+006 29.9044
400452 7.55244e+006 29.9099
400452 7.55244e+006 29.9047
400452 7.55244e+006 30.8973
400452 7.55244e+006 30.8949
400452 7.55244e+006 30.8949
400452 7.55244e+006 29.9099
400452 7.55244e+006 29.9047
400452 7.55244e+006 29.8941
400452 7.55244e+006 30.902
400452 7.55244e+006 30.8973
400452 7.55244e+006 30.8973
400452 7.55244e+006 29.9047
400452 7.55244e+006 29.8941
400452 7.55244e+006 29.8887
400452 7.55244e+006 30.9041
400452 7.55244e+006 30.902
400452 7.55244e+006 30.902
400452 7.55244e+006 29.8941
400452 7.55244e+006 29.8887
400452 7.55244e+006 29.8294
400452 7.55244e+006 29.8938
400452 7.55244e+006 29.8887
400452 7.55244e+006 29.8887
400452 7.55244e+006 29.8167
400452 7.55244e+006 29.8294
400452 7.55244e+006 29.855
400452 7.55244e+006 29.9044
400452 7.55244e+006 29.8938
400452 7.55244e+006 29.8938
400452 7.55244e+006 29.8294
400452 7.55244e+006 29.855
400452 7.55244e+006 29.8679
400452 7.55244e+006 29.9099
400452 7.55244e+006 29.9044
400452 7.55244e+006 29.9044
400452 7.55244e+006 29.855
400452 7.55244e+006 29.8679
400452 7.55244e+006 29.8553
400452 7.55244e+006 29.9047
400452 7.55244e+006 29.9099
400452 7.55244e+006 29.9099
400452 7.55244e+006 29.8679
400452 7.55244e+006 29.8553
400452 7.55244e+006 29.8296
400452 7.55244e+006 29.8941
400452 7.55244e+006 29.9047
400452 7.55244e+006 29.9047
400452 7.55244e+006 29.8553
400452 7.55244e+006 29.8296
400452 7.55244e+006 29.8167
400452 7.55244e+006 29.8887
400452 7.55244e+006 29.8941
400452 7.55244e+006 29.8941
400452 7.55244e+006 29.8296
400452 7.55244e+006 29.8167
400452 7.55244e+006 29.8312
400452 7.55244e+006 29.8294
400452 7.55244e+006 29.8167
400452 7.55244e+006 29.8167
400452 7.55244e+006 29.8168
400452 7.55244e+006 29.8312
400452 7.55244e+006 29.8568
400452 7.55244e+006 29.855
400452 7.55244e+006 29.8294
400452 7.55244e+006 29.8294
400452 7.55244e+006 29.8312
400452 7.55244e+006 29.8568
400452 7.55244e+006 29.8679
400452 7.55244e+006 29.8679
400452 7.55244e+006 29.855
400452 7.55244e+006 29.855
400452 7.55244e+006 29.8568
400452 7.55244e+006 29.8679
400452 7.55244e+006 29.8534
400452 7.55244e+006 29.8553
400452 7.55244e+006 29.8679
400452 7.55244e+006 29.8679
400452 7.55244e+006 29.8679
400452 7.55244e+006 29.8534
400452 7.55244e+006 29.8279
400452 7.55244e+006 29.8296
400452 7.55244e+006 29.8553
400452 7.55244e+006 29.8553
400452 7.55244e+006 29.8534
400452 7.55244e+006 29.8279
400452 7.55244e+006 29.8168
400452 7.55244e+006 29.8167
400452 7.55244e+006 29.8296
400452 7.55244e+006 29.8296
400452 7.55244e+006 29.8279
400452 7.55244e+006 29.8168
400452 7.55244e+006 29.7832
400452 7.55244e+006 29.8312
400452 7.55244e+006 29.8168
400452 7.55244e+006 29.8168
400452 7.55244e+006 29.77
400452 7.55244e+006 29.7832
400452 7.55244e+006 29.798
400452 7.55244e+006 29.8568
400452 7.55244e+006 29.8312
400452 7.55244e+006 29.8312
400452 7.55244e+006 29.7832
400452 7.55244e+006 29.798
400452 7.55244e+006 29.7996
400452 7.55244e+006 29.8679
400452 7.55244e+006 29.8568
400452 7.55244e+006 29.8568
400452 7.55244e+006 29.798
400452 7.55244e+006 29.7996
400452 7.55244e+006 29.7865
400452 7.55244e+006 29.8534
400452 7.55244e+006 29.8679
400452 7.55244e+006 29.8679
400452 7.55244e+006 29.7996
400452 7.55244e+006 29.7865
400452 7.55244e+006 29.7717
400452 7.55244e+006 29.8279
400452 7.55244e+006 29.8534
400452 7.55244e+006 29.8534
400452 7.55244e+006 29.7865
400452 7.55244e+006 29.7717
400452 7.55244e+006 29.77
400452 7.55244e+006 29.8168
400452 7.55244e+006 29.8279
400452 7.55244e+006 29.8279
400452 7.55244e+006 29.7717
400452 7.55244e+006 29.77
400452 7.55244e+006 19.8633
400452 7.55244e+006 29.7832
400452 7.55244e+006 29.77
400452 7.55244e+006 29.77
400452 7.55244e+006 19.8628
400452 7.55244e+006 19.8633
400452 7.55244e+006 19.8519
400452 7.55244e+006 29.798
400452 7.55244e+006 29.7832
400452 7.55244e+006 29.7832
400452 7.55244e+006 19.8633
400452 7.55244e+006 19.8519
400452 7.55244e+006 19.8401
400452 7.55244e+006 29.7996
400452 7.55244e+006 29.798
400452 7.55244e+006 29.798
400452 7.55244e+006 19.8519
400452 7.55244e+006 19.8401
400452 7.55244e+006 19.8396
400452 7.55244e+006 29.7865
400452 7.55244e+006 29.7996
400452 7.55244e+006 29.7996
400452 7.55244e+006 19.8401
400452 7.55244e+006 19.8396
400452 7.55244e+006 19.851
400452 7.55244e+006 29.7717
400452 7.55244e+006 29.7865
400452 7.55244e+006 29.7865
400452 7.55244e+006 19.8396
400452 7.55244e+006 19.851
400452 7.55244e+006 19.8628
400452 7.55244e+006 29.77
400452 7.55244e+006 29.7717
400452 7.55244e+006 29.7717
400452 7.55244e+006 19.851
400452 7.55244e+006 19.8628
400452 7.55244e+006 19.8454
400452 7.55244e+006 19.8633
400452 7.55244e+006 19.8628
400452 7.55244e+006 19.8628
400452 7.55244e+006 19.8443
400452 7.55244e+006 19.8454
400452 7.55244e+006 19.8237
400452 7.55244e+006 19.8519
400452 7.55244e+006 19.8633
400452 7.55244e+006 19.8633
400452 7.55244e+006 19.8454
400452 7.55244e+006 19.8237
400452 7.55244e+006 19.801
400452 7.55244e+006 19.8401
400452 7.55244e+006 19.8519
400452 7.55244e+006 19.8519
400452 7.55244e+006 19.8237
400452 7.55244e+006 19.801
400452 7.55244e+006 19.8
400452 7.55244e+006 19.8396
400452 7.55244e+006 19.8401
400452 7.55244e+006 19.8401
400452 7.55244e+006 19.801
400452 7.55244e+006 19.8
400452 7.55244e+006 19.8216
400452 7.55244e+006 19.851
400452 7.55244e+006 19.8396
400452 7.55244e+006 19.8396
400452 7.55244e+006 19.8
400452 7.55244e+006 19.8216
400452 7.55244e+006 19.8443
400452 7.55244e+006 19.8628
400452 7.55244e+006 19.851
400452 7.55244e+006 19.851
400452 7.55244e+006 19.8216
400452 7.55244e+006 19.8443
400452 7.55244e+006 19.8454
400452 7.55244e+006 19.8454
400452 7.55244e+006 19.8443
400452 7.55244e+006 19.8443
400452 7.55244e+006 19.8443
400452 7.55244e+006 19.8454
400452 7.55244e+006 19.8237
400452 7.55244e+006 19.8237
400452 7.55244e+006 19.8454
400452 7.55244e+006 19.8454
400452 7.55244e+006 19.8454
400452 7.55244e+006 19.8237
400452 7.55244e+006 19.801
400452 7.55244e+006 19.801
400452 7.55244e+006 19.8237
400452 7.55244e+006 19.8237
400452 7.55244e+006 19.8237
400452 7.55244e+006 19.801
400452 7.55244e+006 19.8
400452 7.55244e+006 19.8
400452 7.55244e+006 19.801
400452 7.55244e+006 19.801
400452 7.55244e+006 19.801
400452 7.55244e+006 19.8
400452 7.55244e+006 19.8216
400452 7.55244e+006 19.8216
400452 7.55244e+006 19.8
400452 7.55244e+006 19.8
400452 7.55244e+006 19.8
400452 7.55244e+006 19.8216
400452 7.55244e+006 19.8443
400452 7.55244e+006 19.8443
400452 7.55244e+006 19.8216
400452 7.55244e+006 19.8216
400452 7.55244e+006 19.8216
400452 7.55244e+006 19.8443
400452 7.55244e+006 19.8063
400452 7.55244e+006 19.8454
400452 7.55244e+006 19.8443
400452 7.55244e+006 19.8443
400452 7.55244e+006 19.8058
400452 7.55244e+006 19.8063
400452 7.55244e+006 19.7947
400452 7.55244e+006 19.8237
400452 7.55244e+006 19.8454
400452 7.55244e+006 19.8454
400452 7.55244e+006 19.8063
400452 7.55244e+006 19.7947
400452 7.55244e+006 19.7826
400452 7.55244e+006 19.801
400452 7.55244e+006 19.8237
400452 7.55244e+006 19.8237
400452 7.55244e+006 19.7947
400452 7.55244e+006 19.7826
400452 7.55244e+006 19.7821
400452 7.55244e+006 19.8
400452 7.55244e+006 19.801
400452 7.55244e+006 19.801
400452 7.55244e+006 19.7826
400452 7.55244e+006 19.7821
400452 7.55244e+006 19.7937
400452 7.55244e+006 19.8216
400452 7.55244e+006 19.8
400452 7.55244e+006 19.8
400452 7.55244e+006 19.7821
400452 7.55244e+006 19.7937
400452 7.55244e+006 19.8058
400452 7.55244e+006 19.8443
400452 7.55244e+006 19.8216
400452 7.55244e+006 19.8216
400452 7.55244e+006 19.7937
400452 7.55244e+006 19.8058
400452 7.55244e+006 19.0933
400452 7.55244e+006 19.8063
400452 7.55244e+006 19.8058
400452 7.55244e+006 19.8058
400452 7.55244e+006 19.0833
400452 7.55244e+006 19.0933
400452 7.55244e+006 19.0978
400452 7.55244e+006 19.7947
400452 7.55244e+006 19.8063
400452 7.55244e+006 19.8063
400452 7.55244e+006 19.0933
400452 7.55244e+006 19.0978
400452 7.55244e+006 19.0924
400452 7.55244e+006 19.7826
400452 7.55244e+006 19.7947
400452 7.55244e+006 19.7947
400452 7.55244e+006 19.0978
400452 7.55244e+006 19.0924
400452 7.55244e+006 19.0824
400452 7.55244e+006 19.7821
400452 7.55244e+006 19.7826
400452 7.55244e+006 19.7826
400452 7.55244e+006 19.0924
400452 7.55244e+006 19.0824
400452 7.55244e+006 19.0779
400452 7.55244e+006 19.7937
400452 7.55244e+006 19.7821
400452 7.55244e+006 19.7821
400452 7.55244e+006 19.0824
400452 7.55244e+006 19.0779
400452 7.55244e+006 19.0833
400452 7.55244e+006 19.8058
400452 7.55244e+006 19.7937
400452 7.55244e+006 19.7937
400452 7.55244e+006 19.0779
400452 7.55244e+006 19.0833
400452 7.55244e+006 19.0709
400452 7.55244e+006 19.0933
400452 7.55244e+006 19.0833
400452 7.55244e+006 19.0833
400452 7.55244e+006 19.0461
400452 7.55244e+006 19.0709
400452 7.55244e+006 19.0822
400452 7.55244e+006 19.0978
400452 7.55244e+006 19.0933
400452 7.55244e+006 19.0933
400452 7.55244e+006 19.0709
400452 7.55244e+006 19.0822
400452 7.55244e+006 19.0687
400452 7.55244e+006 19.0924
400452 7.55244e+006 19.0978
400452 7.55244e+006 19.0978
400452 7.55244e+006 19.0822
400452 7.55244e+006 19.0687
400452 7.55244e+006 19.0439
400452 7.55244e+006 19.0824
400452 7.55244e+006 19.0924
400452 7.55244e+006 19.0924
400452 7.55244e+006 19.0687
400452 7.55244e+006 19.0439
400452 7.55244e+006 19.0326
400452 7.55244e+006 19.0779
400452 7.55244e+006 19.0824
400452 7.55244e+006 19.0824
400452 7.55244e+006 19.0439
400452 7.55244e+006 19.0326
400452 7.55244e+006 19.0461
400452 7.55244e+006 19.0833
400452 7.55244e+006 19.0779
400452 7.55244e+006 19.0779
400452 7.55244e+006 19.0326
400452 7.55244e+006 19.0461
400452 7.55244e+006 19.0673
400452 7.55244e+006 19.0709
400452 7.55244e+006 19.0461
400452 7.55244e+006 19.0461
400452 7.55244e+006 19.0418
400452 7.55244e+006 19.0673
400452 7.55244e+006 19.079
400452 7.55244e+006 19.0822
400452 7.55244e+006 19.0709
400452 7.55244e+006 19.0709
400452 7.55244e+006 19.0673
400452 7.55244e+006 19.079
400452 7.55244e+006 19.0651
400452 7.55244e+006 19.0687
400452 7.55244e+006 19.0822
400452 7.55244e+006 19.0822
400452 7.55244e+006 19.079
400452 7.55244e+006 19.0651
400452 7.55244e+006 19.0396
400452 7.55244e+006 19.0439
400452 7.55244e+006 19.0687
400452 7.55244e+006 19.0687
400452 7.55244e+006 19.0651
400452 7.55244e+006 19.0396
400452 7.55244e+006 19.0279
400452 7.55244e+006 19.0326
400452 7.55244e+006 19.0439
400452 7.55244e+006 19.0439
400452 7.55244e+006 19.0396
400452 7.55244e+006 19.0279
400452 7.55244e+006 19.0418
400452 7.55244e+006 19.0461
400452 7.55244e+006 19.0326
400452 7.55244e+006 19.0326
400452 7.55244e+006 19.0279
400452 7.55244e+006 19.0418
400452 7.55244e+006 33.5064
400452 7.55244e+006 33.4808
400452 7.55244e+006 33.4679
400452 7.55244e+006 33.5191
400452 7.55244e+006 33.5064
400452 7.55244e+006 33.4679
400452 7.55244e+006 33.5062
400452 7.55244e+006 33.5191
400452 7.55244e+006 33.4679
400452 7.55244e+006 33.4805
400452 7.55244e+006 33.5062
400452 7.55244e+006 33.4679
400452 7.55244e+006 19.079
400452 7.55244e+006 19.0673
400452 7.55244e+006 19.0418
400452 7.55244e+006 19.0418
400452 7.55244e+006 19.0396
400452 7.55244e+006 19.0651
400452 7.55244e+006 19.0651
400452 7.55244e+006 19.079
400452 7.55244e+006 19.0418
400452 7.55244e+006 19.0279
400452 7.55244e+006 19.0396
400452 7.55244e+006 19.0418
400453 7.55244e+006 29.8219
400453 7.55244e+006 29.5304
400453 7.55244e+006 29.5305
400453 7.55244e+006 29.5305
400453 7.55244e+006 29.8321
400453 7.55244e+006 29.8219
400453 7.55244e+006 29.8217
400453 7.55244e+006 29.5302
400453 7.55244e+006 29.5304
400453 7.55244e+006 29.5304
400453 7.55244e+006 29.8219
400453 7.55244e+006 29.8217
400453 7.55244e+006 29.8318
400453 7.55244e+006 29.5301
400453 7.55244e+006 29.5302
400453 7.55244e+006 29.5302
400453 7.55244e+006 29.8217
400453 7.55244e+006 29.8318
400453 7.55244e+006 29.8421
400453 7.55244e+006 29.5302
400453 7.55244e+006 29.5301
400453 7.55244e+006 29.5301
400453 7.55244e+006 29.8318
400453 7.55244e+006 29.8421
400453 7.55244e+006 29.8423
400453 7.55244e+006 29.5304
400453 7.55244e+006 29.5302
400453 7.55244e+006 29.5302
400453 7.55244e+006 29.8421
400453 7.55244e+006 29.8423
400453 7.55244e+006 29.8321
400453 7.55244e+006 29.5305
400453 7.55244e+006 29.5304
400453 7.55244e+006 29.5304
400453 7.55244e+006 29.8423
400453 7.55244e+006 29.8321
400453 7.55244e+006 29.836
400453 7.55244e+006 29.8219
400453 7.55244e+006 29.8321
400453 7.55244e+006 29.8321
400453 7.55244e+006 29.8607
400453 7.55244e+006 29.836
400453 7.55244e+006 29.8358
400453 7.55244e+006 29.8217
400453 7.55244e+006 29.8219
400453 7.55244e+006 29.8219
400453 7.55244e+006 29.836
400453 7.55244e+006 29.8358
400453 7.55244e+006 29.8603
400453 7.55244e+006 29.8318
400453 7.55244e+006 29.8217
400453 7.55244e+006 29.8217
400453 7.55244e+006 29.8358
400453 7.55244e+006 29.8603
400453 7.55244e+006 29.8851
400453 7.55244e+006 29.8421
400453 7.55244e+006 29.8318
400453 7.55244e+006 29.8318
400453 7.55244e+006 29.8603
400453 7.55244e+006 29.8851
400453 7.55244e+006 29.8852
400453 7.55244e+006 29.8423
400453 7.55244e+006 29.8421
400453 7.55244e+006 29.8421
400453 7.55244e+006 29.8851
400453 7.55244e+006 29.8852
400453 7.55244e+006 29.8607
400453 7.55244e+006 29.8321
400453 7.55244e+006 29.8423
400453 7.55244e+006 29.8423
400453 7.55244e+006 29.8852
400453 7.55244e+006 29.8607
400453 7.55244e+006 29.8374
400453 7.55244e+006 29.836
400453 7.55244e+006 29.8607
400453 7.55244e+006 29.8607
400453 7.55244e+006 29.8621
400453 7.55244e+006 29.8374
400453 7.55244e+006 29.8372
400453 7.55244e+006 29.8358
400453 7.55244e+006 29.836
400453 7.55244e+006 29.836
400453 7.55244e+006 29.8374
400453 7.55244e+006 29.8372
400453 7.55244e+006 29.8618
400453 7.55244e+006 29.8603
400453 7.55244e+006 29.8358
400453 7.55244e+006 29.8358
400453 7.55244e+006 29.8372
400453 7.55244e+006 29.8618
400453 7.55244e+006 29.8865
400453 7.55244e+006 29.8851
400453 7.55244e+006 29.8603
400453 7.55244e+006 29.8603
400453 7.55244e+006 29.8618
400453 7.55244e+006 29.8865
400453 7.55244e+006 29.8866
400453 7.55244e+006 29.8852
400453 7.55244e+006 29.8851
400453 7.55244e+006 29.8851
400453 7.55244e+006 29.8865
400453 7.55244e+006 29.8866
400453 7.55244e+006 29.8621
400453 7.55244e+006 29.8607
400453 7.55244e+006 29.8852
400453 7.55244e+006 29.8852
400453 7.55244e+006 29.8866
400453 7.55244e+006 29.8621
400453 7.55244e+006 29.8803
400453 7.55244e+006 29.8374
400453 7.55244e+006 29.8621
400453 7.55244e+006 29.8621
400453 7.55244e+006 29.8906
400453 7.55244e+006 29.8803
400453 7.55244e+006 29.8802
400453 7.55244e+006 29.8372
400453 7.55244e+006 29.8374
400453 7.55244e+006 29.8374
400453 7.55244e+006 29.8803
400453 7.55244e+006 29.8802
400453 7.55244e+006 29.8903
400453 7.55244e+006 29.8618
400453 7.55244e+006 29.8372
400453 7.55244e+006 29.8372
400453 7.55244e+006 29.8802
400453 7.55244e+006 29.8903
400453 7.55244e+006 29.9006
400453 7.55244e+006 29.8865
400453 7.55244e+006 29.8618
400453 7.55244e+006 29.8618
400453 7.55244e+006 29.8903
400453 7.55244e+006 29.9006
400453 7.55244e+006 29.9007
400453 7.55244e+006 29.8866
400453 7.55244e+006 29.8865
400453 7.55244e+006 29.8865
400453 7.55244e+006 29.9006
400453 7.55244e+006 29.9007
400453 7.55244e+006 29.8906
400453 7.55244e+006 29.8621
400453 7.55244e+006 29.8866
400453 7.55244e+006 29.8866
400453 7.55244e+006 29.9007
400453 7.55244e+006 29.8906
400453 7.55244e+006 32.0707
400453 7.55244e+006 29.8803
400453 7.55244e+006 29.8906
400453 7.55244e+006 29.8906
400453 7.55244e+006 32.0774
400453 7.55244e+006 32.0707
400453 7.55244e+006 32.0587
400453 7.55244e+006 29.8802
400453 7.55244e+006 29.8803
400453 7.55244e+006 29.8803
400453 7.55244e+006 32.0707
400453 7.55244e+006 32.0587
400453 7.55244e+006 32.0536
400453 7.55244e+006 29.8903
400453 7.55244e+006 29.8802
400453 7.55244e+006 29.8802
400453 7.55244e+006 32.0587
400453 7.55244e+006 32.0536
400453 7.55244e+006 32.0604
400453 7.55244e+006 29.9006
400453 7.55244e+006 29.8903
400453 7.55244e+006 29.8903
400453 7.55244e+006 32.0536
400453 7.55244e+006 32.0604
400453 7.55244e+006 32.0723
400453 7.55244e+006 29.9007
400453 7.55244e+006 29.9006
400453 7.55244e+006 29.9006
400453 7.55244e+006 32.0604
400453 7.55244e+006 32.0723
400453 7.55244e+006 32.0774
400453 7.55244e+006 29.8906
400453 7.55244e+006 29.9007
400453 7.55244e+006 29.9007
400453 7.55244e+006 32.0723
400453 7.55244e+006 32.0774
400453 7.55244e+006 32.1061
400453 7.55244e+006 32.0707
400453 7.55244e+006 32.0774
400453 7.55244e+006 32.0774
400453 7.55244e+006 32.1223
400453 7.55244e+006 32.1061
400453 7.55244e+006 32.0776
400453 7.55244e+006 32.0587
400453 7.55244e+006 32.0707
400453 7.55244e+006 32.0707
400453 7.55244e+006 32.1061
400453 7.55244e+006 32.0776
400453 7.55244e+006 32.0654
400453 7.55244e+006 32.0536
400453 7.55244e+006 32.0587
400453 7.55244e+006 32.0587
400453 7.55244e+006 32.0776
400453 7.55244e+006 32.0654
400453 7.55244e+006 32.0815
400453 7.55244e+006 32.0604
400453 7.55244e+006 32.0536
400453 7.55244e+006 32.0536
400453 7.55244e+006 32.0654
400453 7.55244e+006 32.0815
400453 7.55244e+006 32.11
400453 7.55244e+006 32.0723
400453 7.55244e+006 32.0604
400453 7.55244e+006 32.0604
400453 7.55244e+006 32.0815
400453 7.55244e+006 32.11
400453 7.55244e+006 32.1223
400453 7.55244e+006 32.0774
400453 7.55244e+006 32.0723
400453 7.55244e+006 32.0723
400453 7.55244e+006 32.11
400453 7.55244e+006 32.1223
400452 7.55244e+006 32.0987
400453 7.55244e+006 32.1061
400453 7.55244e+006 32.1223
400453 7.55244e+006 32.1223
400452 7.55244e+006 32.1148
400452 7.55244e+006 32.0987
400452 7.55244e+006 32.0704
400453 7.55244e+006 32.0776
400453 7.55244e+006 32.1061
400453 7.55244e+006 32.1061
400452 7.55244e+006 32.0987
400452 7.55244e+006 32.0704
400452 7.55244e+006 32.0582
400453 7.55244e+006 32.0654
400453 7.55244e+006 32.0776
400453 7.55244e+006 32.0776
400452 7.55244e+006 32.0704
400452 7.55244e+006 32.0582
400452 7.55244e+006 32.0743
400453 7.55244e+006 32.0815
400453 7.55244e+006 32.0654
400453 7.55244e+006 32.0654
400452 7.55244e+006 32.0582
400452 7.55244e+006 32.0743
400452 7.55244e+006 32.1026
400453 7.55244e+006 32.11
400453 7.55244e+006 32.0815
400453 7.55244e+006 32.0815
400452 7.55244e+006 32.0743
400452 7.55244e+006 32.1026
400452 7.55244e+006 32.1148
400453 7.55244e+006 32.1223
400453 7.55244e+006 32.11
400453 7.55244e+006 32.11
400452 7.55244e+006 32.1026
400452 7.55244e+006 32.1148
400452 7.55244e+006 32.0629
400452 7.55244e+006 32.0987
400452 7.55244e+006 32.1148
400452 7.55244e+006 32.1148
400452 7.55244e+006 32.0695
400452 7.55244e+006 32.0629
400452 7.55244e+006 32.0513
400452 7.55244e+006 32.0704
400452 7.55244e+006 32.0987
400452 7.55244e+006 32.0987
400452 7.55244e+006 32.0629
400452 7.55244e+006 32.0513
400452 7.55244e+006 32.0463
400452 7.55244e+006 32.0582
400452 7.55244e+006 32.0704
400452 7.55244e+006 32.0704
400452 7.55244e+006 32.0513
400452 7.55244e+006 32.0463
400452 7.55244e+006 32.0529
400452 7.55244e+006 32.0743
400452 7.55244e+006 32.0582
400452 7.55244e+006 32.0582
400452 7.55244e+006 32.0463
400452 7.55244e+006 32.0529
400452 7.55244e+006 32.0645
400452 7.55244e+006 32.1026
400452 7.55244e+006 32.0743
400452 7.55244e+006 32.0743
400452 7.55244e+006 32.0529
400452 7.55244e+006 32.0645
400452 7.55244e+006 32.0695
400452 7.55244e+006 32.1148
400452 7.55244e+006 32.1026
400452 7.55244e+006 32.1026
400452 7.55244e+006 32.0645
400452 7.55244e+006 32.0695
400452 7.55244e+006 19.0174
400452 7.55244e+006 32.0629
400452 7.55244e+006 32.0695
400452 7.55244e+006 32.0695
400452 7.55244e+006 19.0173
400452 7.55244e+006 19.0174
400452 7.55244e+006 19.0176
400452 7.55244e+006 32.0513
400452 7.55244e+006 32.0629
400452 7.55244e+006 32.0629
400452 7.55244e+006 19.0174
400452 7.55244e+006 19.0176
400452 7.55244e+006 19.0176
400452 7.55244e+006 32.0463
400452 7.55244e+006 32.0513
400452 7.55244e+006 32.0513
400452 7.55244e+006 19.0176
400452 7.55244e+006 19.0176
400452 7.55244e+006 19.0175
400452 7.55244e+006 32.0529
400452 7.55244e+006 32.0463
400452 7.55244e+006 32.0463
400452 7.55244e+006 19.0176
400452 7.55244e+006 19.0175
400452 7.55244e+006 19.0174
400452 7.55244e+006 32.0645
400452 7.55244e+006 32.0529
400452 7.55244e+006 32.0529
400452 7.55244e+006 19.0175
400452 7.55244e+006 19.0174
400452 7.55244e+006 19.0173
400452 7.55244e+006 32.0695
400452 7.55244e+006 32.0645
400452 7.55244e+006 32.0645
400452 7.55244e+006 19.0174
400452 7.55244e+006 19.0173
400453 7.55244e+006 29.5302
400453 7.55244e+006 29.5304
400453 7.55244e+006 29.5305
400453 7.55244e+006 29.5301
400453 7.55244e+006 29.5302
400453 7.55244e+006 29.5305
400453 7.55244e+006 29.5302
400453 7.55244e+006 29.5301
400453 7.55244e+006 29.5305
400453 7.55244e+006 29.5304
400453 7.55244e+006 29.5302
400453 7.55244e+006 29.5305
400452 7.55244e+006 19.0176
400452 7.55244e+006 19.0174
400452 7.55244e+006 19.0173
400452 7.55244e+006 19.0173
400452 7.55244e+006 19.0175
400452 7.55244e+006 19.0176
400452 7.55244e+006 19.0176
400452 7.55244e+006 19.0176
400452 7.55244e+006 19.0173
400452 7.55244e+006 19.0174
400452 7.55244e+006 19.0175
400452 7.55244e+006 19.0173
400442 7.55244e+006 25.5295
400442 7.55244e+006 25.9566
400442 7.55245e+006 25.9566
400442 7.55245e+006 25.9566
400442 7.55245e+006 25.5295
400442 7.55244e+006 25.5295
400452 7.55244e+006 25.6057
400452 7.55245e+006 25.6057
400452 7.55245e+006 26.0328
400452 7.55245e+006 26.0328
400452 7.55244e+006 26.0328
400452 7.55244e+006 25.6057
400442 7.55244e+006 25.5295
400442 7.55245e+006 25.5295
400452 7.55245e+006 25.6057
400452 7.55245e+006 25.6057
400452 7.55244e+006 25.6057
400442 7.55244e+006 25.5295
400442 7.55245e+006 25.5295
400442 7.55245e+006 25.9566
400452 7.55245e+006 26.0328
400452 7.55245e+006 26.0328
400452 7.55245e+006 25.6057
400442 7.55245e+006 25.5295
400442 7.55244e+006 25.9566
400442 7.55244e+006 25.5295
400452 7.55244e+006 25.6057
400452 7.55244e+006 25.6057
400452 7.55244e+006 26.0328
400442 7.55244e+006 25.9566
