400428 7.55244e+006 19.8662
400428 7.55244e+006 22.1441
400428 7.55245e+006 22.1441
400428 7.55245e+006 22.1441
400428 7.55245e+006 19.8662
400428 7.55244e+006 19.8662
400429 7.55244e+006 19.8715
400429 7.55245e+006 19.8715
400429 7.55245e+006 22.1494
400429 7.55245e+006 22.1494
400429 7.55244e+006 22.1494
400429 7.55244e+006 19.8715
400444 7.55245e+006 25.96
400444 7.55245e+006 30.2312
400445 7.55245e+006 30.2361
400445 7.55245e+006 30.2361
400445 7.55245e+006 25.965
400444 7.55245e+006 25.96
400446 7.55245e+006 28.2236
400446 7.55245e+006 28.2236
400447 7.55245e+006 28.2303
400447 7.55245e+006 28.2303
400447 7.55245e+006 28.2303
400446 7.55245e+006 28.2236
400444 7.55245e+006 23.0767
400444 7.55245e+006 23.0767
400445 7.55245e+006 23.0833
400445 7.55245e+006 23.0833
400445 7.55245e+006 23.0833
400444 7.55245e+006 23.0767
400434 7.55245e+006 21.9042
400433 7.55245e+006 21.8989
400433 7.55245e+006 21.8989
400433 7.55245e+006 21.8989
400434 7.55245e+006 21.9042
400434 7.55245e+006 21.9042
