405407 7.55483e+006 16.3841
405409 7.55483e+006 16.3841
405406 7.55482e+006 16.3841
405406 7.55482e+006 16.3841
405404 7.55482e+006 16.3841
405407 7.55483e+006 16.3841
405407 7.55483e+006 18.8169
405404 7.55482e+006 18.8169
405406 7.55482e+006 18.8169
405406 7.55482e+006 18.8169
405409 7.55483e+006 18.8169
405407 7.55483e+006 18.8169
405407 7.55483e+006 16.3841
405404 7.55482e+006 16.3841
405404 7.55482e+006 18.8169
405404 7.55482e+006 18.8169
405407 7.55483e+006 18.8169
405407 7.55483e+006 16.3841
405404 7.55482e+006 16.3841
405406 7.55482e+006 16.3841
405406 7.55482e+006 18.8169
405406 7.55482e+006 18.8169
405404 7.55482e+006 18.8169
405404 7.55482e+006 16.3841
405406 7.55482e+006 16.3841
405409 7.55483e+006 16.3841
405409 7.55483e+006 18.8169
405409 7.55483e+006 18.8169
405406 7.55482e+006 18.8169
405406 7.55482e+006 16.3841
405409 7.55483e+006 16.3841
405407 7.55483e+006 16.3841
405407 7.55483e+006 18.8169
405407 7.55483e+006 18.8169
405409 7.55483e+006 18.8169
405409 7.55483e+006 16.3841
