405408 7.55479e+006 26.9769
405408 7.55479e+006 33.0795
405409 7.55479e+006 33.077
405409 7.55479e+006 33.077
405409 7.55479e+006 26.977
405408 7.55479e+006 26.9769
405410 7.55479e+006 33.0789
405410 7.55479e+006 26.9789
405411 7.55479e+006 26.9789
405411 7.55479e+006 26.9789
405411 7.55479e+006 33.0789
405410 7.55479e+006 33.0789
405408 7.55479e+006 26.9769
405409 7.55479e+006 26.9778
405409 7.55479e+006 33.0804
405409 7.55479e+006 33.0804
405408 7.55479e+006 33.082
405408 7.55479e+006 26.9769
405409 7.55479e+006 33.077
405410 7.55479e+006 33.078
405410 7.55479e+006 26.978
405410 7.55479e+006 26.978
405409 7.55479e+006 26.977
405409 7.55479e+006 33.077
405410 7.55479e+006 26.9788
405410 7.55479e+006 33.0788
405409 7.55479e+006 33.0804
405409 7.55479e+006 33.0804
405409 7.55479e+006 26.9778
405410 7.55479e+006 26.9788
405411 7.55479e+006 33.0789
405411 7.55479e+006 26.9789
405410 7.55479e+006 26.978
405410 7.55479e+006 26.978
405410 7.55479e+006 33.078
405411 7.55479e+006 33.0789
405408 7.55479e+006 26.9769
405408 7.55479e+006 33.082
405408 7.55479e+006 33.0795
405408 7.55479e+006 33.0795
405408 7.55479e+006 26.9769
405408 7.55479e+006 26.9769
405410 7.55479e+006 33.0788
405410 7.55479e+006 26.9788
405410 7.55479e+006 26.9789
405410 7.55479e+006 26.9789
405410 7.55479e+006 33.0789
405410 7.55479e+006 33.0788
405409 7.55479e+006 33.077
405409 7.55479e+006 34.4774
405410 7.55479e+006 34.4778
405410 7.55479e+006 34.4778
405410 7.55479e+006 33.078
405409 7.55479e+006 33.077
405411 7.55479e+006 33.0789
405410 7.55479e+006 34.4788
405410 7.55479e+006 33.0789
405410 7.55479e+006 33.0788
405409 7.55479e+006 34.478
405409 7.55479e+006 33.0804
405408 7.55479e+006 33.082
405408 7.55479e+006 34.477
405408 7.55479e+006 33.0795
405410 7.55479e+006 34.4786
405410 7.55479e+006 34.4784
405410 7.55479e+006 33.0788
405410 7.55479e+006 33.0788
405410 7.55479e+006 34.4788
405410 7.55479e+006 34.4786
405411 7.55479e+006 33.0789
405410 7.55479e+006 34.4785
405410 7.55479e+006 34.4787
405411 7.55479e+006 33.0789
405410 7.55479e+006 34.4787
405410 7.55479e+006 34.4788
405408 7.55479e+006 33.082
405408 7.55479e+006 34.4771
405408 7.55479e+006 34.477
405409 7.55479e+006 34.4771
405409 7.55479e+006 34.4774
405409 7.55479e+006 33.077
405410 7.55479e+006 33.0788
405410 7.55479e+006 34.4784
405409 7.55479e+006 34.478
405408 7.55479e+006 34.4773
405408 7.55479e+006 34.4771
405408 7.55479e+006 33.082
405409 7.55479e+006 34.4776
405408 7.55479e+006 34.4773
405408 7.55479e+006 33.082
405410 7.55479e+006 34.4778
405410 7.55479e+006 34.4781
405410 7.55479e+006 33.078
405409 7.55479e+006 34.4776
405408 7.55479e+006 33.082
405409 7.55479e+006 33.0804
405410 7.55479e+006 34.4788
405410 7.55479e+006 33.0788
405410 7.55479e+006 33.0789
405408 7.55479e+006 34.477
405409 7.55479e+006 33.077
405408 7.55479e+006 33.0795
405410 7.55479e+006 34.4781
405410 7.55479e+006 34.4785
405411 7.55479e+006 33.0789
405411 7.55479e+006 33.0789
405410 7.55479e+006 33.078
405410 7.55479e+006 34.4781
405409 7.55479e+006 34.478
405409 7.55479e+006 34.4776
405409 7.55479e+006 33.0804
405408 7.55479e+006 34.477
405409 7.55479e+006 34.4771
405409 7.55479e+006 33.077
405410 7.55479e+006 24.9284
405410 7.55479e+006 25.1784
405409 7.55479e+006 25.1783
405409 7.55479e+006 25.1783
405409 7.55479e+006 24.9283
405410 7.55479e+006 24.9284
405409 7.55479e+006 25.1775
405409 7.55479e+006 24.9275
405408 7.55479e+006 24.9274
405408 7.55479e+006 24.9274
405408 7.55479e+006 25.1774
405409 7.55479e+006 25.1775
405410 7.55479e+006 24.9284
405409 7.55479e+006 24.9275
405409 7.55479e+006 25.1775
405409 7.55479e+006 25.1775
405410 7.55479e+006 25.1784
405410 7.55479e+006 24.9284
405409 7.55479e+006 25.1783
405408 7.55479e+006 25.1774
405408 7.55479e+006 24.9274
405408 7.55479e+006 24.9274
405409 7.55479e+006 24.9283
405409 7.55479e+006 25.1783
405409 7.55479e+006 25.1775
405409 7.55479e+006 26.977
405411 7.55479e+006 26.9789
405411 7.55479e+006 26.9789
405410 7.55479e+006 25.1784
405409 7.55479e+006 25.1775
405408 7.55479e+006 25.1774
405408 7.55479e+006 26.9769
405409 7.55479e+006 26.977
405409 7.55479e+006 26.977
405409 7.55479e+006 25.1775
405408 7.55479e+006 25.1774
405409 7.55479e+006 25.1783
405410 7.55479e+006 26.9788
405408 7.55479e+006 26.9769
405408 7.55479e+006 26.9769
405408 7.55479e+006 25.1774
405409 7.55479e+006 25.1783
405410 7.55479e+006 25.1784
405411 7.55479e+006 26.9789
405410 7.55479e+006 26.9788
405410 7.55479e+006 26.9788
405409 7.55479e+006 25.1783
405410 7.55479e+006 25.1784
405402 7.55479e+006 29.5548
405402 7.55479e+006 31.891
405403 7.5548e+006 31.8911
405403 7.5548e+006 31.8911
405403 7.5548e+006 29.5549
405402 7.55479e+006 29.5548
405408 7.55479e+006 31.8969
405408 7.55479e+006 29.5607
405409 7.55479e+006 29.5608
405409 7.55479e+006 29.5608
405409 7.55479e+006 31.897
405408 7.55479e+006 31.8969
405402 7.55479e+006 31.891
405408 7.55479e+006 31.8969
405409 7.55479e+006 31.897
405409 7.55479e+006 31.897
405403 7.5548e+006 31.8911
405402 7.55479e+006 31.891
405402 7.55479e+006 29.5548
405408 7.55479e+006 29.5607
405408 7.55479e+006 31.8969
405408 7.55479e+006 31.8969
405402 7.55479e+006 31.891
405402 7.55479e+006 29.5548
405403 7.5548e+006 29.5549
405409 7.55479e+006 29.5608
405408 7.55479e+006 29.5607
405408 7.55479e+006 29.5607
405402 7.55479e+006 29.5548
405403 7.5548e+006 29.5549
405403 7.5548e+006 31.8911
405409 7.55479e+006 31.897
405409 7.55479e+006 29.5608
405409 7.55479e+006 29.5608
405403 7.5548e+006 29.5549
405403 7.5548e+006 31.8911
405411 7.5548e+006 26.9769
405411 7.5548e+006 33.0795
405412 7.5548e+006 33.077
405412 7.5548e+006 33.077
405412 7.5548e+006 26.977
405411 7.5548e+006 26.9769
405413 7.5548e+006 33.0789
405413 7.5548e+006 26.9789
405414 7.5548e+006 26.9789
405414 7.5548e+006 26.9789
405414 7.5548e+006 33.0789
405413 7.5548e+006 33.0789
405411 7.5548e+006 26.9769
405412 7.5548e+006 26.9778
405412 7.5548e+006 33.0804
405412 7.5548e+006 33.0804
405411 7.5548e+006 33.082
405411 7.5548e+006 26.9769
405412 7.5548e+006 33.077
405413 7.5548e+006 33.0779
405413 7.5548e+006 26.978
405413 7.5548e+006 26.978
405412 7.5548e+006 26.977
405412 7.5548e+006 33.077
405413 7.5548e+006 26.9788
405413 7.5548e+006 33.0788
405412 7.5548e+006 33.0804
405412 7.5548e+006 33.0804
405412 7.5548e+006 26.9778
405413 7.5548e+006 26.9788
405414 7.5548e+006 33.0789
405414 7.5548e+006 26.9789
405413 7.5548e+006 26.978
405413 7.5548e+006 26.978
405413 7.5548e+006 33.0779
405414 7.5548e+006 33.0789
405411 7.5548e+006 26.9769
405411 7.5548e+006 33.082
405411 7.5548e+006 33.0795
405411 7.5548e+006 33.0795
405411 7.5548e+006 26.9769
405411 7.5548e+006 26.9769
405413 7.5548e+006 33.0788
405413 7.5548e+006 26.9788
405413 7.5548e+006 26.9789
405413 7.5548e+006 26.9789
405413 7.5548e+006 33.0789
405413 7.5548e+006 33.0788
405412 7.5548e+006 33.077
405412 7.5548e+006 34.4774
405412 7.5548e+006 34.4777
405412 7.5548e+006 34.4777
405413 7.5548e+006 33.0779
405412 7.5548e+006 33.077
405414 7.5548e+006 33.0789
405413 7.5548e+006 34.4788
405413 7.5548e+006 33.0789
405413 7.5548e+006 33.0788
405412 7.5548e+006 34.478
405412 7.5548e+006 33.0804
405411 7.5548e+006 33.082
405411 7.5548e+006 34.477
405411 7.5548e+006 33.0795
405413 7.5548e+006 34.4786
405412 7.5548e+006 34.4784
405413 7.5548e+006 33.0788
405413 7.5548e+006 33.0788
405413 7.5548e+006 34.4788
405413 7.5548e+006 34.4786
405414 7.5548e+006 33.0789
405413 7.5548e+006 34.4785
405413 7.5548e+006 34.4787
405414 7.5548e+006 33.0789
405413 7.5548e+006 34.4787
405413 7.5548e+006 34.4788
405411 7.5548e+006 33.082
405411 7.5548e+006 34.4771
405411 7.5548e+006 34.477
405412 7.5548e+006 34.4771
405412 7.5548e+006 34.4774
405412 7.5548e+006 33.077
405413 7.5548e+006 33.0788
405412 7.5548e+006 34.4784
405412 7.5548e+006 34.478
405411 7.5548e+006 34.4773
405411 7.5548e+006 34.4771
405411 7.5548e+006 33.082
405412 7.5548e+006 34.4776
405411 7.5548e+006 34.4773
405411 7.5548e+006 33.082
405412 7.5548e+006 34.4777
405413 7.5548e+006 34.4781
405413 7.5548e+006 33.0779
405412 7.5548e+006 34.4776
405411 7.5548e+006 33.082
405412 7.5548e+006 33.0804
405413 7.5548e+006 34.4788
405413 7.5548e+006 33.0788
405413 7.5548e+006 33.0789
405411 7.5548e+006 34.477
405412 7.5548e+006 33.077
405411 7.5548e+006 33.0795
405413 7.5548e+006 34.4781
405413 7.5548e+006 34.4785
405414 7.5548e+006 33.0789
405414 7.5548e+006 33.0789
405413 7.5548e+006 33.0779
405413 7.5548e+006 34.4781
405412 7.5548e+006 34.478
405412 7.5548e+006 34.4776
405412 7.5548e+006 33.0804
405411 7.5548e+006 34.477
405412 7.5548e+006 34.4771
405412 7.5548e+006 33.077
405413 7.5548e+006 24.9284
405413 7.5548e+006 25.1784
405412 7.5548e+006 25.1783
405412 7.5548e+006 25.1783
405412 7.5548e+006 24.9283
405413 7.5548e+006 24.9284
405412 7.5548e+006 25.1775
405412 7.5548e+006 24.9275
405411 7.5548e+006 24.9274
405411 7.5548e+006 24.9274
405411 7.5548e+006 25.1774
405412 7.5548e+006 25.1775
405413 7.5548e+006 24.9284
405412 7.5548e+006 24.9275
405412 7.5548e+006 25.1775
405412 7.5548e+006 25.1775
405413 7.5548e+006 25.1784
405413 7.5548e+006 24.9284
405412 7.5548e+006 25.1783
405411 7.5548e+006 25.1774
405411 7.5548e+006 24.9274
405411 7.5548e+006 24.9274
405412 7.5548e+006 24.9283
405412 7.5548e+006 25.1783
405412 7.5548e+006 25.1775
405412 7.5548e+006 26.977
405414 7.5548e+006 26.9789
405414 7.5548e+006 26.9789
405413 7.5548e+006 25.1784
405412 7.5548e+006 25.1775
405411 7.5548e+006 25.1774
405411 7.5548e+006 26.9769
405412 7.5548e+006 26.977
405412 7.5548e+006 26.977
405412 7.5548e+006 25.1775
405411 7.5548e+006 25.1774
405412 7.5548e+006 25.1783
405413 7.5548e+006 26.9788
405411 7.5548e+006 26.9769
405411 7.5548e+006 26.9769
405411 7.5548e+006 25.1774
405412 7.5548e+006 25.1783
405413 7.5548e+006 25.1784
405414 7.5548e+006 26.9789
405413 7.5548e+006 26.9788
405413 7.5548e+006 26.9788
405412 7.5548e+006 25.1783
405413 7.5548e+006 25.1784
405405 7.5548e+006 29.5548
405405 7.5548e+006 31.891
405406 7.5548e+006 31.8911
405406 7.5548e+006 31.8911
405406 7.5548e+006 29.5549
405405 7.5548e+006 29.5548
405411 7.5548e+006 31.8969
405411 7.5548e+006 29.5607
405412 7.5548e+006 29.5608
405412 7.5548e+006 29.5608
405412 7.5548e+006 31.897
405411 7.5548e+006 31.8969
405405 7.5548e+006 31.891
405411 7.5548e+006 31.8969
405412 7.5548e+006 31.897
405412 7.5548e+006 31.897
405406 7.5548e+006 31.8911
405405 7.5548e+006 31.891
405405 7.5548e+006 29.5548
405411 7.5548e+006 29.5607
405411 7.5548e+006 31.8969
405411 7.5548e+006 31.8969
405405 7.5548e+006 31.891
405405 7.5548e+006 29.5548
405406 7.5548e+006 29.5549
405412 7.5548e+006 29.5608
405411 7.5548e+006 29.5607
405411 7.5548e+006 29.5607
405405 7.5548e+006 29.5548
405406 7.5548e+006 29.5549
405406 7.5548e+006 31.8911
405412 7.5548e+006 31.897
405412 7.5548e+006 29.5608
405412 7.5548e+006 29.5608
405406 7.5548e+006 29.5549
405406 7.5548e+006 31.8911
