405430 7.5548e+006 10.7918
405430 7.5548e+006 8.85477
405430 7.5548e+006 8.86052
405430 7.5548e+006 8.86052
405430 7.5548e+006 10.7918
405430 7.5548e+006 10.7918
405430 7.5548e+006 10.7918
405430 7.5548e+006 8.86052
405430 7.5548e+006 8.86052
405430 7.5548e+006 8.86052
405430 7.5548e+006 10.7918
405430 7.5548e+006 10.7918
405430 7.5548e+006 10.7918
405430 7.5548e+006 8.86052
405430 7.5548e+006 8.85477
405430 7.5548e+006 8.85477
405430 7.5548e+006 10.7918
405430 7.5548e+006 10.7918
405430 7.5548e+006 10.7918
405430 7.5548e+006 8.85477
405430 7.5548e+006 8.84901
405430 7.5548e+006 8.84901
405430 7.5548e+006 10.7918
405430 7.5548e+006 10.7918
405430 7.5548e+006 10.7918
405430 7.5548e+006 8.84901
405430 7.5548e+006 8.84901
405430 7.5548e+006 8.84901
405430 7.5548e+006 10.7918
405430 7.5548e+006 10.7918
405430 7.5548e+006 10.7918
405430 7.5548e+006 8.84901
405430 7.5548e+006 8.85477
405430 7.5548e+006 8.85477
405430 7.5548e+006 10.7918
405430 7.5548e+006 10.7918
405430 7.5548e+006 8.85477
405430 7.5548e+006 8.75891
405430 7.5548e+006 8.78136
405430 7.5548e+006 8.78136
405430 7.5548e+006 8.86052
405430 7.5548e+006 8.85477
405430 7.5548e+006 8.86052
405430 7.5548e+006 8.78136
405430 7.5548e+006 8.78136
405430 7.5548e+006 8.78136
405430 7.5548e+006 8.86052
405430 7.5548e+006 8.86052
405430 7.5548e+006 8.86052
405430 7.5548e+006 8.78136
405430 7.5548e+006 8.75891
405430 7.5548e+006 8.75891
405430 7.5548e+006 8.85477
405430 7.5548e+006 8.86052
405430 7.5548e+006 8.85477
405430 7.5548e+006 8.75891
405430 7.5548e+006 8.73646
405430 7.5548e+006 8.73646
405430 7.5548e+006 8.84901
405430 7.5548e+006 8.85477
405430 7.5548e+006 8.84901
405430 7.5548e+006 8.73646
405430 7.5548e+006 8.73646
405430 7.5548e+006 8.73646
405430 7.5548e+006 8.84901
405430 7.5548e+006 8.84901
405430 7.5548e+006 8.84901
405430 7.5548e+006 8.73646
405430 7.5548e+006 8.75891
405430 7.5548e+006 8.75891
405430 7.5548e+006 8.85477
405430 7.5548e+006 8.84901
405430 7.5548e+006 8.75891
405430 7.5548e+006 8.69073
405430 7.5548e+006 8.7295
405430 7.5548e+006 8.7295
405430 7.5548e+006 8.78136
405430 7.5548e+006 8.75891
405430 7.5548e+006 8.78136
405430 7.5548e+006 8.7295
405430 7.5548e+006 8.7295
405430 7.5548e+006 8.7295
405430 7.5548e+006 8.78136
405430 7.5548e+006 8.78136
405430 7.5548e+006 8.78136
405430 7.5548e+006 8.7295
405430 7.5548e+006 8.69073
405430 7.5548e+006 8.69073
405430 7.5548e+006 8.75891
405430 7.5548e+006 8.78136
405430 7.5548e+006 8.75891
405430 7.5548e+006 8.69073
405430 7.5548e+006 8.65195
405430 7.5548e+006 8.65195
405430 7.5548e+006 8.73646
405430 7.5548e+006 8.75891
405430 7.5548e+006 8.73646
405430 7.5548e+006 8.65195
405430 7.5548e+006 8.65195
405430 7.5548e+006 8.65195
405430 7.5548e+006 8.73646
405430 7.5548e+006 8.73646
405430 7.5548e+006 8.73646
405430 7.5548e+006 8.65195
405430 7.5548e+006 8.69073
405430 7.5548e+006 8.69073
405430 7.5548e+006 8.75891
405430 7.5548e+006 8.73646
405430 7.5548e+006 8.69073
405430 7.5548e+006 8.66476
405430 7.5548e+006 8.70807
405430 7.5548e+006 8.70807
405430 7.5548e+006 8.7295
405430 7.5548e+006 8.69073
405430 7.5548e+006 8.7295
405430 7.5548e+006 8.70807
405430 7.5548e+006 8.70807
405430 7.5548e+006 8.70807
405430 7.5548e+006 8.7295
405430 7.5548e+006 8.7295
405430 7.5548e+006 8.7295
405430 7.5548e+006 8.70807
405430 7.5548e+006 8.66476
405430 7.5548e+006 8.66476
405430 7.5548e+006 8.69073
405430 7.5548e+006 8.7295
405430 7.5548e+006 8.69073
405430 7.5548e+006 8.66476
405430 7.5548e+006 8.62146
405430 7.5548e+006 8.62146
405430 7.5548e+006 8.65195
405430 7.5548e+006 8.69073
405430 7.5548e+006 8.65195
405430 7.5548e+006 8.62146
405430 7.5548e+006 8.62146
405430 7.5548e+006 8.62146
405430 7.5548e+006 8.65195
405430 7.5548e+006 8.65195
405430 7.5548e+006 8.65195
405430 7.5548e+006 8.62146
405430 7.5548e+006 8.66476
405430 7.5548e+006 8.66476
405430 7.5548e+006 8.69073
405430 7.5548e+006 8.65195
405430 7.5548e+006 8.66476
405431 7.5548e+006 8.66464
405431 7.5548e+006 8.70795
405431 7.5548e+006 8.70795
405430 7.5548e+006 8.70807
405430 7.5548e+006 8.66476
405430 7.5548e+006 8.70807
405431 7.5548e+006 8.70795
405431 7.5548e+006 8.70795
405431 7.5548e+006 8.70795
405430 7.5548e+006 8.70807
405430 7.5548e+006 8.70807
405430 7.5548e+006 8.70807
405431 7.5548e+006 8.70795
405431 7.5548e+006 8.66464
405431 7.5548e+006 8.66464
405430 7.5548e+006 8.66476
405430 7.5548e+006 8.70807
405430 7.5548e+006 8.66476
405431 7.5548e+006 8.66464
405431 7.5548e+006 8.62134
405431 7.5548e+006 8.62134
405430 7.5548e+006 8.62146
405430 7.5548e+006 8.66476
405430 7.5548e+006 8.62146
405431 7.5548e+006 8.62134
405431 7.5548e+006 8.62134
405431 7.5548e+006 8.62134
405430 7.5548e+006 8.62146
405430 7.5548e+006 8.62146
405430 7.5548e+006 8.62146
405431 7.5548e+006 8.62134
405431 7.5548e+006 8.66464
405431 7.5548e+006 8.66464
405430 7.5548e+006 8.66476
405430 7.5548e+006 8.62146
405431 7.5548e+006 8.66464
405431 7.5548e+006 10.7894
405431 7.5548e+006 10.7894
405431 7.5548e+006 10.7894
405431 7.5548e+006 8.70795
405431 7.5548e+006 8.66464
405431 7.5548e+006 8.70795
405431 7.5548e+006 10.7894
405431 7.5548e+006 10.7894
405431 7.5548e+006 10.7894
405431 7.5548e+006 8.70795
405431 7.5548e+006 8.70795
405431 7.5548e+006 8.70795
405431 7.5548e+006 10.7894
405431 7.5548e+006 10.7894
405431 7.5548e+006 10.7894
405431 7.5548e+006 8.66464
405431 7.5548e+006 8.70795
405431 7.5548e+006 8.66464
405431 7.5548e+006 10.7894
405431 7.5548e+006 10.7894
405431 7.5548e+006 10.7894
405431 7.5548e+006 8.62134
405431 7.5548e+006 8.66464
405431 7.5548e+006 8.62134
405431 7.5548e+006 10.7894
405431 7.5548e+006 10.7894
405431 7.5548e+006 10.7894
405431 7.5548e+006 8.62134
405431 7.5548e+006 8.62134
405431 7.5548e+006 8.62134
405431 7.5548e+006 10.7894
405431 7.5548e+006 10.7894
405431 7.5548e+006 10.7894
405431 7.5548e+006 8.66464
405431 7.5548e+006 8.62134
405430 7.5548e+006 10.7918
405430 7.5548e+006 10.7918
405430 7.5548e+006 10.7918
405430 7.5548e+006 10.7918
405430 7.5548e+006 10.7918
405430 7.5548e+006 10.7918
405430 7.5548e+006 10.7918
405430 7.5548e+006 10.7918
405430 7.5548e+006 10.7918
405430 7.5548e+006 10.7918
405430 7.5548e+006 10.7918
405430 7.5548e+006 10.7918
405431 7.5548e+006 10.7894
405431 7.5548e+006 10.7894
405431 7.5548e+006 10.7894
405431 7.5548e+006 10.7894
405431 7.5548e+006 10.7894
405431 7.5548e+006 10.7894
405431 7.5548e+006 10.7894
405431 7.5548e+006 10.7894
405431 7.5548e+006 10.7894
405431 7.5548e+006 10.7894
405431 7.5548e+006 10.7894
405431 7.5548e+006 10.7894
405429 7.5548e+006 10.7918
405429 7.5548e+006 9.23923
405429 7.5548e+006 9.23923
405429 7.5548e+006 9.23923
405429 7.5548e+006 10.7918
405429 7.5548e+006 10.7918
405429 7.5548e+006 10.7918
405429 7.5548e+006 9.23923
405429 7.5548e+006 9.23923
405429 7.5548e+006 9.23923
405429 7.5548e+006 10.7918
405429 7.5548e+006 10.7918
405429 7.5548e+006 10.7918
405429 7.5548e+006 9.23923
405429 7.5548e+006 9.23923
405429 7.5548e+006 9.23923
405429 7.5548e+006 10.7918
405429 7.5548e+006 10.7918
405429 7.5548e+006 10.7918
405429 7.5548e+006 9.23923
405429 7.5548e+006 9.23923
405429 7.5548e+006 9.23923
405429 7.5548e+006 10.7918
405429 7.5548e+006 10.7918
405429 7.5548e+006 10.7918
405429 7.5548e+006 9.23923
405429 7.5548e+006 9.23923
405429 7.5548e+006 9.23923
405429 7.5548e+006 10.7918
405429 7.5548e+006 10.7918
405429 7.5548e+006 10.7918
405429 7.5548e+006 9.23923
405429 7.5548e+006 9.23923
405429 7.5548e+006 9.23923
405429 7.5548e+006 10.7918
405429 7.5548e+006 10.7918
405429 7.5548e+006 10.7918
405429 7.5548e+006 10.7918
405429 7.5548e+006 10.7918
405429 7.5548e+006 10.7918
405429 7.5548e+006 10.7918
405429 7.5548e+006 10.7918
405429 7.5548e+006 10.7918
405429 7.5548e+006 10.7918
405429 7.5548e+006 10.7918
405429 7.5548e+006 10.7918
405429 7.5548e+006 10.7918
405429 7.5548e+006 10.7918
405429 7.5548e+006 9.23923
405429 7.5548e+006 9.23923
405429 7.5548e+006 9.23923
405429 7.5548e+006 9.23923
405429 7.5548e+006 9.23923
405429 7.5548e+006 9.23923
405429 7.5548e+006 9.23923
405429 7.5548e+006 9.23923
405429 7.5548e+006 9.23923
405429 7.5548e+006 9.23923
405429 7.5548e+006 9.23923
405429 7.5548e+006 9.23923
