405432 7.55478e+006 31.8739
405432 7.55478e+006 37.8527
405432 7.55478e+006 37.8527
405432 7.55478e+006 37.8527
405432 7.55478e+006 31.874
405432 7.55478e+006 31.8739
405432 7.55478e+006 37.8527
405432 7.55478e+006 31.8739
405432 7.55478e+006 31.8739
405432 7.55478e+006 31.8739
405432 7.55478e+006 37.8526
405432 7.55478e+006 37.8527
405433 7.55478e+006 31.8739
405433 7.55478e+006 37.8526
405432 7.55478e+006 37.8526
405432 7.55478e+006 37.8526
405432 7.55478e+006 31.8739
405433 7.55478e+006 31.8739
405433 7.55478e+006 37.8526
405433 7.55478e+006 31.8739
405433 7.55478e+006 31.8739
405433 7.55478e+006 31.8739
405433 7.55478e+006 37.8526
405433 7.55478e+006 37.8526
405433 7.55478e+006 31.8739
405433 7.55478e+006 37.8526
405433 7.55478e+006 37.8526
405433 7.55478e+006 37.8526
405433 7.55478e+006 31.8739
405433 7.55478e+006 31.8739
405433 7.55478e+006 37.8526
405433 7.55478e+006 31.8739
405434 7.55478e+006 31.8739
405434 7.55478e+006 31.8739
405434 7.55478e+006 37.8527
405433 7.55478e+006 37.8526
405434 7.55478e+006 31.874
405434 7.55478e+006 37.8527
405434 7.55478e+006 37.8527
405434 7.55478e+006 37.8527
405434 7.55478e+006 31.8739
405434 7.55478e+006 31.874
405434 7.55478e+006 37.8527
405434 7.55478e+006 31.874
405434 7.55478e+006 31.874
405434 7.55478e+006 31.874
405434 7.55478e+006 37.8527
405434 7.55478e+006 37.8527
405434 7.55478e+006 31.874
405434 7.55478e+006 37.8527
405434 7.55478e+006 37.8527
405434 7.55478e+006 37.8527
405434 7.55478e+006 31.874
405434 7.55478e+006 31.874
405434 7.55478e+006 37.8527
405434 7.55478e+006 31.874
405434 7.55478e+006 31.874
405434 7.55478e+006 31.874
405434 7.55478e+006 37.8527
405434 7.55478e+006 37.8527
405433 7.55478e+006 31.874
405433 7.55478e+006 37.8527
405434 7.55478e+006 37.8527
405434 7.55478e+006 37.8527
405434 7.55478e+006 31.874
405433 7.55478e+006 31.874
405433 7.55478e+006 37.8527
405433 7.55478e+006 31.874
405433 7.55478e+006 31.874
405433 7.55478e+006 31.874
405433 7.55478e+006 37.8527
405433 7.55478e+006 37.8527
405433 7.55478e+006 31.874
405433 7.55478e+006 37.8527
405433 7.55478e+006 37.8527
405433 7.55478e+006 37.8527
405433 7.55478e+006 31.874
405433 7.55478e+006 31.874
405433 7.55478e+006 37.8527
405433 7.55478e+006 31.874
405432 7.55478e+006 31.874
405432 7.55478e+006 31.874
405432 7.55478e+006 37.8527
405433 7.55478e+006 37.8527
