405415 7.55479e+006 21.7343
405415 7.55479e+006 20.7161
405416 7.55479e+006 20.7163
405416 7.55479e+006 20.7163
405416 7.55479e+006 21.7344
405415 7.55479e+006 21.7343
405403 7.55479e+006 20.7034
405403 7.55479e+006 21.7215
405404 7.5548e+006 21.7217
405404 7.5548e+006 21.7217
405404 7.5548e+006 20.7035
405403 7.55479e+006 20.7034
405415 7.55479e+006 21.7343
405403 7.55479e+006 21.7215
405403 7.55479e+006 20.7034
405403 7.55479e+006 20.7034
405415 7.55479e+006 20.7161
405415 7.55479e+006 21.7343
405416 7.55479e+006 21.7344
405404 7.5548e+006 21.7217
405403 7.55479e+006 21.7215
405403 7.55479e+006 21.7215
405415 7.55479e+006 21.7343
405416 7.55479e+006 21.7344
405416 7.55479e+006 20.7163
405404 7.5548e+006 20.7035
405404 7.5548e+006 21.7217
405404 7.5548e+006 21.7217
405416 7.55479e+006 21.7344
405416 7.55479e+006 20.7163
