403389 7.54948e+006 -465.94
403389 7.54948e+006 -465.988
403389 7.54948e+006 -465.988
403389 7.54948e+006 -465.988
403389 7.54948e+006 -465.94
403389 7.54948e+006 -465.94
403389 7.54948e+006 -465.94
403389 7.54948e+006 -465.94
403389 7.54948e+006 -465.988
403389 7.54948e+006 -465.988
403389 7.54948e+006 -465.988
403389 7.54948e+006 -465.94
403389 7.54948e+006 -465.988
403389 7.54948e+006 -465.988
403389 7.54948e+006 -465.988
403389 7.54948e+006 -465.988
403389 7.54948e+006 -465.988
403389 7.54948e+006 -465.988
403389 7.54948e+006 -465.988
403389 7.54948e+006 -465.988
403389 7.54948e+006 -465.94
403389 7.54948e+006 -465.94
403389 7.54948e+006 -465.94
403389 7.54948e+006 -465.988
403389 7.54948e+006 -465.976
403389 7.54948e+006 -465.976
403389 7.54948e+006 -466.005
403389 7.54948e+006 -466.005
403389 7.54948e+006 -466.005
403389 7.54948e+006 -465.976
403389 7.54948e+006 -466.005
403389 7.54948e+006 -466.005
403389 7.54948e+006 -466.005
403389 7.54948e+006 -466.005
403389 7.54948e+006 -466.005
403389 7.54948e+006 -466.005
403389 7.54948e+006 -466.005
403389 7.54948e+006 -466.005
403389 7.54948e+006 -465.976
403389 7.54948e+006 -465.976
403389 7.54948e+006 -465.976
403389 7.54948e+006 -466.005
403389 7.54948e+006 -465.976
403389 7.54948e+006 -465.976
403389 7.54948e+006 -465.947
403389 7.54948e+006 -465.947
403389 7.54948e+006 -465.947
403389 7.54948e+006 -465.976
403389 7.54948e+006 -465.947
403389 7.54948e+006 -465.947
403389 7.54948e+006 -465.947
403389 7.54948e+006 -465.947
403389 7.54948e+006 -465.947
403389 7.54948e+006 -465.947
403389 7.54948e+006 -465.947
403389 7.54948e+006 -465.947
403389 7.54948e+006 -465.976
403389 7.54948e+006 -465.976
403389 7.54948e+006 -465.976
403389 7.54948e+006 -465.947
403389 7.54948e+006 -465.947
403389 7.54948e+006 -465.947
403389 7.54948e+006 -465.976
403389 7.54948e+006 -465.976
403389 7.54948e+006 -466.005
403389 7.54948e+006 -466.005
403389 7.54948e+006 -465.947
403389 7.54948e+006 -465.976
403389 7.54948e+006 -466.005
403389 7.54948e+006 -465.976
403389 7.54948e+006 -465.947
403389 7.54948e+006 -466.005
403388 7.54948e+006 -465.94
403388 7.54948e+006 -465.94
403388 7.54948e+006 -465.988
403388 7.54948e+006 -465.988
403388 7.54948e+006 -465.988
403388 7.54948e+006 -465.94
403388 7.54948e+006 -465.94
403388 7.54948e+006 -465.988
403388 7.54948e+006 -465.988
403388 7.54948e+006 -465.988
403388 7.54948e+006 -465.94
403388 7.54948e+006 -465.94
403388 7.54948e+006 -465.988
403388 7.54948e+006 -465.988
403388 7.54948e+006 -465.988
403388 7.54948e+006 -465.988
403388 7.54948e+006 -465.988
403388 7.54948e+006 -465.988
403388 7.54948e+006 -465.988
403388 7.54948e+006 -465.94
403388 7.54948e+006 -465.94
403388 7.54948e+006 -465.94
403388 7.54948e+006 -465.988
403388 7.54948e+006 -465.988
403388 7.54948e+006 -465.976
403388 7.54948e+006 -466.005
403388 7.54948e+006 -466.005
403388 7.54948e+006 -466.005
403388 7.54948e+006 -465.976
403388 7.54948e+006 -465.976
403388 7.54948e+006 -466.005
403388 7.54948e+006 -466.005
403388 7.54948e+006 -466.005
403388 7.54948e+006 -466.005
403388 7.54948e+006 -466.005
403388 7.54948e+006 -466.005
403388 7.54948e+006 -466.005
403388 7.54948e+006 -465.976
403388 7.54948e+006 -465.976
403388 7.54948e+006 -465.976
403388 7.54948e+006 -466.005
403388 7.54948e+006 -466.005
403388 7.54948e+006 -465.976
403388 7.54948e+006 -465.947
403388 7.54948e+006 -465.947
403388 7.54948e+006 -465.947
403388 7.54948e+006 -465.976
403388 7.54948e+006 -465.976
403388 7.54948e+006 -465.947
403388 7.54948e+006 -465.947
403388 7.54948e+006 -465.947
403388 7.54948e+006 -465.947
403388 7.54948e+006 -465.947
403388 7.54948e+006 -465.947
403388 7.54948e+006 -465.947
403388 7.54948e+006 -465.976
403388 7.54948e+006 -465.976
403388 7.54948e+006 -465.976
403388 7.54948e+006 -465.947
403388 7.54948e+006 -465.947
403388 7.54948e+006 -466.005
403388 7.54948e+006 -466.005
403388 7.54948e+006 -465.976
403388 7.54948e+006 -465.976
403388 7.54948e+006 -465.947
403388 7.54948e+006 -465.947
403388 7.54948e+006 -466.005
403388 7.54948e+006 -465.976
403388 7.54948e+006 -465.947
403388 7.54948e+006 -465.976
403388 7.54948e+006 -466.005
403388 7.54948e+006 -465.947
403388 7.54948e+006 -465.731
403388 7.54948e+006 -465.684
403388 7.54948e+006 -465.684
403388 7.54948e+006 -465.684
403388 7.54948e+006 -465.731
403388 7.54948e+006 -465.731
403388 7.54948e+006 -465.731
403388 7.54948e+006 -465.731
403388 7.54948e+006 -465.684
403388 7.54948e+006 -465.684
403388 7.54948e+006 -465.684
403388 7.54948e+006 -465.731
403388 7.54948e+006 -465.684
403388 7.54948e+006 -465.684
403388 7.54948e+006 -465.684
403388 7.54948e+006 -465.684
403388 7.54948e+006 -465.684
403388 7.54948e+006 -465.684
403388 7.54948e+006 -465.684
403388 7.54948e+006 -465.684
403388 7.54948e+006 -465.731
403388 7.54948e+006 -465.731
403388 7.54948e+006 -465.731
403388 7.54948e+006 -465.684
403388 7.54948e+006 -465.695
403388 7.54948e+006 -465.695
403388 7.54948e+006 -465.666
403388 7.54948e+006 -465.666
403388 7.54948e+006 -465.666
403388 7.54948e+006 -465.695
403388 7.54948e+006 -465.666
403388 7.54948e+006 -465.666
403388 7.54948e+006 -465.666
403388 7.54948e+006 -465.666
403388 7.54948e+006 -465.666
403388 7.54948e+006 -465.666
403388 7.54948e+006 -465.666
403388 7.54948e+006 -465.666
403388 7.54948e+006 -465.695
403388 7.54948e+006 -465.695
403388 7.54948e+006 -465.695
403388 7.54948e+006 -465.666
403388 7.54948e+006 -465.695
403388 7.54948e+006 -465.695
403388 7.54948e+006 -465.724
403388 7.54948e+006 -465.724
403388 7.54948e+006 -465.724
403388 7.54948e+006 -465.695
403388 7.54948e+006 -465.724
403388 7.54948e+006 -465.724
403388 7.54948e+006 -465.724
403388 7.54948e+006 -465.724
403388 7.54948e+006 -465.724
403388 7.54948e+006 -465.724
403388 7.54948e+006 -465.724
403388 7.54948e+006 -465.724
403388 7.54948e+006 -465.695
403388 7.54948e+006 -465.695
403388 7.54948e+006 -465.695
403388 7.54948e+006 -465.724
403388 7.54948e+006 -465.724
403388 7.54948e+006 -465.724
403388 7.54948e+006 -465.695
403388 7.54948e+006 -465.695
403388 7.54948e+006 -465.666
403388 7.54948e+006 -465.666
403388 7.54948e+006 -465.724
403388 7.54948e+006 -465.695
403388 7.54948e+006 -465.666
403388 7.54948e+006 -465.695
403388 7.54948e+006 -465.724
403388 7.54948e+006 -465.666
403389 7.54948e+006 -465.731
403389 7.54948e+006 -465.731
403389 7.54948e+006 -465.684
403389 7.54948e+006 -465.684
403389 7.54948e+006 -465.684
403389 7.54948e+006 -465.731
403389 7.54948e+006 -465.731
403389 7.54948e+006 -465.684
403389 7.54948e+006 -465.684
403389 7.54948e+006 -465.684
403389 7.54948e+006 -465.731
403389 7.54948e+006 -465.731
403389 7.54948e+006 -465.684
403389 7.54948e+006 -465.684
403389 7.54948e+006 -465.684
403389 7.54948e+006 -465.684
403389 7.54948e+006 -465.684
403389 7.54948e+006 -465.684
403389 7.54948e+006 -465.684
403389 7.54948e+006 -465.731
403389 7.54948e+006 -465.731
403389 7.54948e+006 -465.731
403389 7.54948e+006 -465.684
403389 7.54948e+006 -465.684
403389 7.54948e+006 -465.695
403389 7.54948e+006 -465.666
403389 7.54948e+006 -465.666
403389 7.54948e+006 -465.666
403389 7.54948e+006 -465.695
403389 7.54948e+006 -465.695
403389 7.54948e+006 -465.666
403389 7.54948e+006 -465.666
403389 7.54948e+006 -465.666
403389 7.54948e+006 -465.666
403389 7.54948e+006 -465.666
403389 7.54948e+006 -465.666
403389 7.54948e+006 -465.666
403389 7.54948e+006 -465.695
403389 7.54948e+006 -465.695
403389 7.54948e+006 -465.695
403389 7.54948e+006 -465.666
403389 7.54948e+006 -465.666
403389 7.54948e+006 -465.695
403389 7.54948e+006 -465.724
403389 7.54948e+006 -465.724
403389 7.54948e+006 -465.724
403389 7.54948e+006 -465.695
403389 7.54948e+006 -465.695
403389 7.54948e+006 -465.724
403389 7.54948e+006 -465.724
403389 7.54948e+006 -465.724
403389 7.54948e+006 -465.724
403389 7.54948e+006 -465.724
403389 7.54948e+006 -465.724
403389 7.54948e+006 -465.724
403389 7.54948e+006 -465.695
403389 7.54948e+006 -465.695
403389 7.54948e+006 -465.695
403389 7.54948e+006 -465.724
403389 7.54948e+006 -465.724
403389 7.54948e+006 -465.666
403389 7.54948e+006 -465.666
403389 7.54948e+006 -465.695
403389 7.54948e+006 -465.695
403389 7.54948e+006 -465.724
403389 7.54948e+006 -465.724
403389 7.54948e+006 -465.666
403389 7.54948e+006 -465.695
403389 7.54948e+006 -465.724
403389 7.54948e+006 -465.695
403389 7.54948e+006 -465.666
403389 7.54948e+006 -465.724
403388 7.54948e+006 -465.94
403388 7.54948e+006 -465.988
403388 7.54948e+006 -465.988
403388 7.54948e+006 -465.988
403388 7.54948e+006 -465.94
403388 7.54948e+006 -465.94
403388 7.54948e+006 -465.94
403388 7.54948e+006 -465.94
403388 7.54948e+006 -465.988
403388 7.54948e+006 -465.988
403388 7.54948e+006 -465.988
403388 7.54948e+006 -465.94
403388 7.54948e+006 -465.988
403388 7.54948e+006 -465.988
403388 7.54948e+006 -465.988
403388 7.54948e+006 -465.988
403388 7.54948e+006 -465.988
403388 7.54948e+006 -465.988
403388 7.54948e+006 -465.988
403388 7.54948e+006 -465.988
403388 7.54948e+006 -465.94
403388 7.54948e+006 -465.94
403388 7.54948e+006 -465.94
403388 7.54948e+006 -465.988
403388 7.54948e+006 -465.976
403388 7.54948e+006 -465.976
403388 7.54948e+006 -466.005
403388 7.54948e+006 -466.005
403388 7.54948e+006 -466.005
403388 7.54948e+006 -465.976
403388 7.54948e+006 -466.005
403388 7.54948e+006 -466.005
403388 7.54948e+006 -466.005
403388 7.54948e+006 -466.005
403388 7.54948e+006 -466.005
403388 7.54948e+006 -466.005
403388 7.54948e+006 -466.005
403388 7.54948e+006 -466.005
403388 7.54948e+006 -465.976
403388 7.54948e+006 -465.976
403388 7.54948e+006 -465.976
403388 7.54948e+006 -466.005
403388 7.54948e+006 -465.976
403388 7.54948e+006 -465.976
403388 7.54948e+006 -465.947
403388 7.54948e+006 -465.947
403388 7.54948e+006 -465.947
403388 7.54948e+006 -465.976
403388 7.54948e+006 -465.947
403388 7.54948e+006 -465.947
403388 7.54948e+006 -465.947
403388 7.54948e+006 -465.947
403388 7.54948e+006 -465.947
403388 7.54948e+006 -465.947
403388 7.54948e+006 -465.947
403388 7.54948e+006 -465.947
403388 7.54948e+006 -465.976
403388 7.54948e+006 -465.976
403388 7.54948e+006 -465.976
403388 7.54948e+006 -465.947
403388 7.54948e+006 -465.947
403388 7.54948e+006 -465.947
403388 7.54948e+006 -465.976
403388 7.54948e+006 -465.976
403388 7.54948e+006 -466.005
403388 7.54948e+006 -466.005
403388 7.54948e+006 -465.947
403388 7.54948e+006 -465.976
403388 7.54948e+006 -466.005
403388 7.54948e+006 -465.976
403388 7.54948e+006 -465.947
403388 7.54948e+006 -466.005
403389 7.54948e+006 -465.94
403389 7.54948e+006 -465.94
403389 7.54948e+006 -465.988
403389 7.54948e+006 -465.988
403389 7.54948e+006 -465.988
403389 7.54948e+006 -465.94
403389 7.54948e+006 -465.94
403389 7.54948e+006 -465.988
403389 7.54948e+006 -465.988
403389 7.54948e+006 -465.988
403389 7.54948e+006 -465.94
403389 7.54948e+006 -465.94
403389 7.54948e+006 -465.988
403389 7.54948e+006 -465.988
403389 7.54948e+006 -465.988
403389 7.54948e+006 -465.988
403389 7.54948e+006 -465.988
403389 7.54948e+006 -465.988
403389 7.54948e+006 -465.988
403389 7.54948e+006 -465.94
403389 7.54948e+006 -465.94
403389 7.54948e+006 -465.94
403389 7.54948e+006 -465.988
403389 7.54948e+006 -465.988
403389 7.54948e+006 -465.976
403389 7.54948e+006 -466.005
403389 7.54948e+006 -466.005
403389 7.54948e+006 -466.005
403389 7.54948e+006 -465.976
403389 7.54948e+006 -465.976
403389 7.54948e+006 -466.005
403389 7.54948e+006 -466.005
403389 7.54948e+006 -466.005
403389 7.54948e+006 -466.005
403389 7.54948e+006 -466.005
403389 7.54948e+006 -466.005
403389 7.54948e+006 -466.005
403389 7.54948e+006 -465.976
403389 7.54948e+006 -465.976
403389 7.54948e+006 -465.976
403389 7.54948e+006 -466.005
403389 7.54948e+006 -466.005
403389 7.54948e+006 -465.976
403389 7.54948e+006 -465.947
403389 7.54948e+006 -465.947
403389 7.54948e+006 -465.947
403389 7.54948e+006 -465.976
403389 7.54948e+006 -465.976
403389 7.54948e+006 -465.947
403389 7.54948e+006 -465.947
403389 7.54948e+006 -465.947
403389 7.54948e+006 -465.947
403389 7.54948e+006 -465.947
403389 7.54948e+006 -465.947
403389 7.54948e+006 -465.947
403389 7.54948e+006 -465.976
403389 7.54948e+006 -465.976
403389 7.54948e+006 -465.976
403389 7.54948e+006 -465.947
403389 7.54948e+006 -465.947
403389 7.54948e+006 -466.005
403389 7.54948e+006 -466.005
403389 7.54948e+006 -465.976
403389 7.54948e+006 -465.976
403389 7.54948e+006 -465.947
403389 7.54948e+006 -465.947
403389 7.54948e+006 -466.005
403389 7.54948e+006 -465.976
403389 7.54948e+006 -465.947
403389 7.54948e+006 -465.976
403389 7.54948e+006 -466.005
403389 7.54948e+006 -465.947
403389 7.54948e+006 -465.731
403389 7.54948e+006 -465.684
403389 7.54948e+006 -465.684
403389 7.54948e+006 -465.684
403389 7.54948e+006 -465.731
403389 7.54948e+006 -465.731
403389 7.54948e+006 -465.731
403389 7.54948e+006 -465.731
403389 7.54948e+006 -465.684
403389 7.54948e+006 -465.684
403389 7.54948e+006 -465.684
403389 7.54948e+006 -465.731
403389 7.54948e+006 -465.684
403389 7.54948e+006 -465.684
403389 7.54948e+006 -465.684
403389 7.54948e+006 -465.684
403389 7.54948e+006 -465.684
403389 7.54948e+006 -465.684
403389 7.54948e+006 -465.684
403389 7.54948e+006 -465.684
403389 7.54948e+006 -465.731
403389 7.54948e+006 -465.731
403389 7.54948e+006 -465.731
403389 7.54948e+006 -465.684
403389 7.54948e+006 -465.695
403389 7.54948e+006 -465.695
403389 7.54948e+006 -465.666
403389 7.54948e+006 -465.666
403389 7.54948e+006 -465.666
403389 7.54948e+006 -465.695
403389 7.54948e+006 -465.666
403389 7.54948e+006 -465.666
403389 7.54948e+006 -465.666
403389 7.54948e+006 -465.666
403389 7.54948e+006 -465.666
403389 7.54948e+006 -465.666
403389 7.54948e+006 -465.666
403389 7.54948e+006 -465.666
403389 7.54948e+006 -465.695
403389 7.54948e+006 -465.695
403389 7.54948e+006 -465.695
403389 7.54948e+006 -465.666
403389 7.54948e+006 -465.695
403389 7.54948e+006 -465.695
403389 7.54948e+006 -465.724
403389 7.54948e+006 -465.724
403389 7.54948e+006 -465.724
403389 7.54948e+006 -465.695
403389 7.54948e+006 -465.724
403389 7.54948e+006 -465.724
403389 7.54948e+006 -465.724
403389 7.54948e+006 -465.724
403389 7.54948e+006 -465.724
403389 7.54948e+006 -465.724
403389 7.54948e+006 -465.724
403389 7.54948e+006 -465.724
403389 7.54948e+006 -465.695
403389 7.54948e+006 -465.695
403389 7.54948e+006 -465.695
403389 7.54948e+006 -465.724
403389 7.54948e+006 -465.724
403389 7.54948e+006 -465.724
403389 7.54948e+006 -465.695
403389 7.54948e+006 -465.695
403389 7.54948e+006 -465.666
403389 7.54948e+006 -465.666
403389 7.54948e+006 -465.724
403389 7.54948e+006 -465.695
403389 7.54948e+006 -465.666
403389 7.54948e+006 -465.695
403389 7.54948e+006 -465.724
403389 7.54948e+006 -465.666
403388 7.54948e+006 -465.731
403388 7.54948e+006 -465.731
403388 7.54948e+006 -465.684
403388 7.54948e+006 -465.684
403388 7.54948e+006 -465.684
403388 7.54948e+006 -465.731
403388 7.54948e+006 -465.731
403388 7.54948e+006 -465.684
403388 7.54948e+006 -465.684
403388 7.54948e+006 -465.684
403388 7.54948e+006 -465.731
403388 7.54948e+006 -465.731
403388 7.54948e+006 -465.684
403388 7.54948e+006 -465.684
403388 7.54948e+006 -465.684
403388 7.54948e+006 -465.684
403388 7.54948e+006 -465.684
403388 7.54948e+006 -465.684
403388 7.54948e+006 -465.684
403388 7.54948e+006 -465.731
403388 7.54948e+006 -465.731
403388 7.54948e+006 -465.731
403388 7.54948e+006 -465.684
403388 7.54948e+006 -465.684
403388 7.54948e+006 -465.695
403388 7.54948e+006 -465.666
403388 7.54948e+006 -465.666
403388 7.54948e+006 -465.666
403388 7.54948e+006 -465.695
403388 7.54948e+006 -465.695
403388 7.54948e+006 -465.666
403388 7.54948e+006 -465.666
403388 7.54948e+006 -465.666
403388 7.54948e+006 -465.666
403388 7.54948e+006 -465.666
403388 7.54948e+006 -465.666
403388 7.54948e+006 -465.666
403388 7.54948e+006 -465.695
403388 7.54948e+006 -465.695
403388 7.54948e+006 -465.695
403388 7.54948e+006 -465.666
403388 7.54948e+006 -465.666
403388 7.54948e+006 -465.695
403388 7.54948e+006 -465.724
403388 7.54948e+006 -465.724
403388 7.54948e+006 -465.724
403388 7.54948e+006 -465.695
403388 7.54948e+006 -465.695
403388 7.54948e+006 -465.724
403388 7.54948e+006 -465.724
403388 7.54948e+006 -465.724
403388 7.54948e+006 -465.724
403388 7.54948e+006 -465.724
403388 7.54948e+006 -465.724
403388 7.54948e+006 -465.724
403388 7.54948e+006 -465.695
403388 7.54948e+006 -465.695
403388 7.54948e+006 -465.695
403388 7.54948e+006 -465.724
403388 7.54948e+006 -465.724
403388 7.54948e+006 -465.666
403388 7.54948e+006 -465.666
403388 7.54948e+006 -465.695
403388 7.54948e+006 -465.695
403388 7.54948e+006 -465.724
403388 7.54948e+006 -465.724
403388 7.54948e+006 -465.666
403388 7.54948e+006 -465.695
403388 7.54948e+006 -465.724
403388 7.54948e+006 -465.695
403388 7.54948e+006 -465.666
403388 7.54948e+006 -465.724
403387 7.54948e+006 -465.94
403387 7.54948e+006 -465.988
403387 7.54948e+006 -465.988
403387 7.54948e+006 -465.988
403387 7.54948e+006 -465.94
403387 7.54948e+006 -465.94
403387 7.54948e+006 -465.94
403387 7.54948e+006 -465.94
403387 7.54948e+006 -465.988
403387 7.54948e+006 -465.988
403387 7.54948e+006 -465.988
403387 7.54948e+006 -465.94
403387 7.54948e+006 -465.988
403387 7.54948e+006 -465.988
403387 7.54948e+006 -465.988
403387 7.54948e+006 -465.988
403387 7.54948e+006 -465.988
403387 7.54948e+006 -465.988
403387 7.54948e+006 -465.988
403387 7.54948e+006 -465.988
403387 7.54948e+006 -465.94
403387 7.54948e+006 -465.94
403387 7.54948e+006 -465.94
403387 7.54948e+006 -465.988
403387 7.54948e+006 -465.976
403387 7.54948e+006 -465.976
403387 7.54948e+006 -466.005
403387 7.54948e+006 -466.005
403387 7.54948e+006 -466.005
403387 7.54948e+006 -465.976
403387 7.54948e+006 -466.005
403387 7.54948e+006 -466.005
403387 7.54948e+006 -466.005
403387 7.54948e+006 -466.005
403387 7.54948e+006 -466.005
403387 7.54948e+006 -466.005
403387 7.54948e+006 -466.005
403387 7.54948e+006 -466.005
403387 7.54948e+006 -465.976
403387 7.54948e+006 -465.976
403387 7.54948e+006 -465.976
403387 7.54948e+006 -466.005
403387 7.54948e+006 -465.976
403387 7.54948e+006 -465.976
403387 7.54948e+006 -465.947
403387 7.54948e+006 -465.947
403387 7.54948e+006 -465.947
403387 7.54948e+006 -465.976
403387 7.54948e+006 -465.947
403387 7.54948e+006 -465.947
403387 7.54948e+006 -465.947
403387 7.54948e+006 -465.947
403387 7.54948e+006 -465.947
403387 7.54948e+006 -465.947
403387 7.54948e+006 -465.947
403387 7.54948e+006 -465.947
403387 7.54948e+006 -465.976
403387 7.54948e+006 -465.976
403387 7.54948e+006 -465.976
403387 7.54948e+006 -465.947
403387 7.54948e+006 -465.947
403387 7.54948e+006 -465.947
403387 7.54948e+006 -465.976
403387 7.54948e+006 -465.976
403387 7.54948e+006 -466.005
403387 7.54948e+006 -466.005
403387 7.54948e+006 -465.947
403387 7.54948e+006 -465.976
403387 7.54948e+006 -466.005
403387 7.54948e+006 -465.976
403387 7.54948e+006 -465.947
403387 7.54948e+006 -466.005
403387 7.54948e+006 -465.94
403387 7.54948e+006 -465.94
403387 7.54948e+006 -465.988
403387 7.54948e+006 -465.988
403387 7.54948e+006 -465.988
403387 7.54948e+006 -465.94
403387 7.54948e+006 -465.94
403387 7.54948e+006 -465.988
403387 7.54948e+006 -465.988
403387 7.54948e+006 -465.988
403387 7.54948e+006 -465.94
403387 7.54948e+006 -465.94
403387 7.54948e+006 -465.988
403387 7.54948e+006 -465.988
403387 7.54948e+006 -465.988
403387 7.54948e+006 -465.988
403387 7.54948e+006 -465.988
403387 7.54948e+006 -465.988
403387 7.54948e+006 -465.988
403387 7.54948e+006 -465.94
403387 7.54948e+006 -465.94
403387 7.54948e+006 -465.94
403387 7.54948e+006 -465.988
403387 7.54948e+006 -465.988
403387 7.54948e+006 -465.976
403387 7.54948e+006 -466.005
403387 7.54948e+006 -466.005
403387 7.54948e+006 -466.005
403387 7.54948e+006 -465.976
403387 7.54948e+006 -465.976
403387 7.54948e+006 -466.005
403387 7.54948e+006 -466.005
403387 7.54948e+006 -466.005
403387 7.54948e+006 -466.005
403387 7.54948e+006 -466.005
403387 7.54948e+006 -466.005
403387 7.54948e+006 -466.005
403387 7.54948e+006 -465.976
403387 7.54948e+006 -465.976
403387 7.54948e+006 -465.976
403387 7.54948e+006 -466.005
403387 7.54948e+006 -466.005
403387 7.54948e+006 -465.976
403387 7.54948e+006 -465.947
403387 7.54948e+006 -465.947
403387 7.54948e+006 -465.947
403387 7.54948e+006 -465.976
403387 7.54948e+006 -465.976
403387 7.54948e+006 -465.947
403387 7.54948e+006 -465.947
403387 7.54948e+006 -465.947
403387 7.54948e+006 -465.947
403387 7.54948e+006 -465.947
403387 7.54948e+006 -465.947
403387 7.54948e+006 -465.947
403387 7.54948e+006 -465.976
403387 7.54948e+006 -465.976
403387 7.54948e+006 -465.976
403387 7.54948e+006 -465.947
403387 7.54948e+006 -465.947
403387 7.54948e+006 -466.005
403387 7.54948e+006 -466.005
403387 7.54948e+006 -465.976
403387 7.54948e+006 -465.976
403387 7.54948e+006 -465.947
403387 7.54948e+006 -465.947
403387 7.54948e+006 -466.005
403387 7.54948e+006 -465.976
403387 7.54948e+006 -465.947
403387 7.54948e+006 -465.976
403387 7.54948e+006 -466.005
403387 7.54948e+006 -465.947
403387 7.54948e+006 -465.731
403387 7.54948e+006 -465.684
403387 7.54948e+006 -465.684
403387 7.54948e+006 -465.684
403387 7.54948e+006 -465.731
403387 7.54948e+006 -465.731
403387 7.54948e+006 -465.731
403387 7.54948e+006 -465.731
403387 7.54948e+006 -465.684
403387 7.54948e+006 -465.684
403387 7.54948e+006 -465.684
403387 7.54948e+006 -465.731
403387 7.54948e+006 -465.684
403387 7.54948e+006 -465.684
403387 7.54948e+006 -465.684
403387 7.54948e+006 -465.684
403387 7.54948e+006 -465.684
403387 7.54948e+006 -465.684
403387 7.54948e+006 -465.684
403387 7.54948e+006 -465.684
403387 7.54948e+006 -465.731
403387 7.54948e+006 -465.731
403387 7.54948e+006 -465.731
403387 7.54948e+006 -465.684
403387 7.54948e+006 -465.695
403387 7.54948e+006 -465.695
403387 7.54948e+006 -465.666
403387 7.54948e+006 -465.666
403387 7.54948e+006 -465.666
403387 7.54948e+006 -465.695
403387 7.54948e+006 -465.666
403387 7.54948e+006 -465.666
403387 7.54948e+006 -465.666
403387 7.54948e+006 -465.666
403387 7.54948e+006 -465.666
403387 7.54948e+006 -465.666
403387 7.54948e+006 -465.666
403387 7.54948e+006 -465.666
403387 7.54948e+006 -465.695
403387 7.54948e+006 -465.695
403387 7.54948e+006 -465.695
403387 7.54948e+006 -465.666
403387 7.54948e+006 -465.695
403387 7.54948e+006 -465.695
403387 7.54948e+006 -465.724
403387 7.54948e+006 -465.724
403387 7.54948e+006 -465.724
403387 7.54948e+006 -465.695
403387 7.54948e+006 -465.724
403387 7.54948e+006 -465.724
403387 7.54948e+006 -465.724
403387 7.54948e+006 -465.724
403387 7.54948e+006 -465.724
403387 7.54948e+006 -465.724
403387 7.54948e+006 -465.724
403387 7.54948e+006 -465.724
403387 7.54948e+006 -465.695
403387 7.54948e+006 -465.695
403387 7.54948e+006 -465.695
403387 7.54948e+006 -465.724
403387 7.54948e+006 -465.724
403387 7.54948e+006 -465.724
403387 7.54948e+006 -465.695
403387 7.54948e+006 -465.695
403387 7.54948e+006 -465.666
403387 7.54948e+006 -465.666
403387 7.54948e+006 -465.724
403387 7.54948e+006 -465.695
403387 7.54948e+006 -465.666
403387 7.54948e+006 -465.695
403387 7.54948e+006 -465.724
403387 7.54948e+006 -465.666
403387 7.54948e+006 -465.731
403387 7.54948e+006 -465.731
403387 7.54948e+006 -465.684
403387 7.54948e+006 -465.684
403387 7.54948e+006 -465.684
403387 7.54948e+006 -465.731
403387 7.54948e+006 -465.731
403387 7.54948e+006 -465.684
403387 7.54948e+006 -465.684
403387 7.54948e+006 -465.684
403387 7.54948e+006 -465.731
403387 7.54948e+006 -465.731
403387 7.54948e+006 -465.684
403387 7.54948e+006 -465.684
403387 7.54948e+006 -465.684
403387 7.54948e+006 -465.684
403387 7.54948e+006 -465.684
403387 7.54948e+006 -465.684
403387 7.54948e+006 -465.684
403387 7.54948e+006 -465.731
403387 7.54948e+006 -465.731
403387 7.54948e+006 -465.731
403387 7.54948e+006 -465.684
403387 7.54948e+006 -465.684
403387 7.54948e+006 -465.695
403387 7.54948e+006 -465.666
403387 7.54948e+006 -465.666
403387 7.54948e+006 -465.666
403387 7.54948e+006 -465.695
403387 7.54948e+006 -465.695
403387 7.54948e+006 -465.666
403387 7.54948e+006 -465.666
403387 7.54948e+006 -465.666
403387 7.54948e+006 -465.666
403387 7.54948e+006 -465.666
403387 7.54948e+006 -465.666
403387 7.54948e+006 -465.666
403387 7.54948e+006 -465.695
403387 7.54948e+006 -465.695
403387 7.54948e+006 -465.695
403387 7.54948e+006 -465.666
403387 7.54948e+006 -465.666
403387 7.54948e+006 -465.695
403387 7.54948e+006 -465.724
403387 7.54948e+006 -465.724
403387 7.54948e+006 -465.724
403387 7.54948e+006 -465.695
403387 7.54948e+006 -465.695
403387 7.54948e+006 -465.724
403387 7.54948e+006 -465.724
403387 7.54948e+006 -465.724
403387 7.54948e+006 -465.724
403387 7.54948e+006 -465.724
403387 7.54948e+006 -465.724
403387 7.54948e+006 -465.724
403387 7.54948e+006 -465.695
403387 7.54948e+006 -465.695
403387 7.54948e+006 -465.695
403387 7.54948e+006 -465.724
403387 7.54948e+006 -465.724
403387 7.54948e+006 -465.666
403387 7.54948e+006 -465.666
403387 7.54948e+006 -465.695
403387 7.54948e+006 -465.695
403387 7.54948e+006 -465.724
403387 7.54948e+006 -465.724
403387 7.54948e+006 -465.666
403387 7.54948e+006 -465.695
403387 7.54948e+006 -465.724
403387 7.54948e+006 -465.695
403387 7.54948e+006 -465.666
403387 7.54948e+006 -465.724
403387 7.54948e+006 -465.94
403387 7.54948e+006 -465.988
403387 7.54948e+006 -465.988
403387 7.54948e+006 -465.988
403387 7.54948e+006 -465.94
403387 7.54948e+006 -465.94
403387 7.54948e+006 -465.94
403387 7.54948e+006 -465.94
403387 7.54948e+006 -465.988
403387 7.54948e+006 -465.988
403387 7.54948e+006 -465.988
403387 7.54948e+006 -465.94
403387 7.54948e+006 -465.988
403387 7.54948e+006 -465.988
403387 7.54948e+006 -465.988
403387 7.54948e+006 -465.988
403387 7.54948e+006 -465.988
403387 7.54948e+006 -465.988
403387 7.54948e+006 -465.988
403387 7.54948e+006 -465.988
403387 7.54948e+006 -465.94
403387 7.54948e+006 -465.94
403387 7.54948e+006 -465.94
403387 7.54948e+006 -465.988
403387 7.54948e+006 -465.976
403387 7.54948e+006 -465.976
403387 7.54948e+006 -466.005
403387 7.54948e+006 -466.005
403387 7.54948e+006 -466.005
403387 7.54948e+006 -465.976
403387 7.54948e+006 -466.005
403387 7.54948e+006 -466.005
403387 7.54948e+006 -466.005
403387 7.54948e+006 -466.005
403387 7.54948e+006 -466.005
403387 7.54948e+006 -466.005
403387 7.54948e+006 -466.005
403387 7.54948e+006 -466.005
403387 7.54948e+006 -465.976
403387 7.54948e+006 -465.976
403387 7.54948e+006 -465.976
403387 7.54948e+006 -466.005
403387 7.54948e+006 -465.976
403387 7.54948e+006 -465.976
403387 7.54948e+006 -465.947
403387 7.54948e+006 -465.947
403387 7.54948e+006 -465.947
403387 7.54948e+006 -465.976
403387 7.54948e+006 -465.947
403387 7.54948e+006 -465.947
403387 7.54948e+006 -465.947
403387 7.54948e+006 -465.947
403387 7.54948e+006 -465.947
403387 7.54948e+006 -465.947
403387 7.54948e+006 -465.947
403387 7.54948e+006 -465.947
403387 7.54948e+006 -465.976
403387 7.54948e+006 -465.976
403387 7.54948e+006 -465.976
403387 7.54948e+006 -465.947
403387 7.54948e+006 -465.947
403387 7.54948e+006 -465.947
403387 7.54948e+006 -465.976
403387 7.54948e+006 -465.976
403387 7.54948e+006 -466.005
403387 7.54948e+006 -466.005
403387 7.54948e+006 -465.947
403387 7.54948e+006 -465.976
403387 7.54948e+006 -466.005
403387 7.54948e+006 -465.976
403387 7.54948e+006 -465.947
403387 7.54948e+006 -466.005
403387 7.54948e+006 -465.94
403387 7.54948e+006 -465.94
403387 7.54948e+006 -465.988
403387 7.54948e+006 -465.988
403387 7.54948e+006 -465.988
403387 7.54948e+006 -465.94
403387 7.54948e+006 -465.94
403387 7.54948e+006 -465.988
403387 7.54948e+006 -465.988
403387 7.54948e+006 -465.988
403387 7.54948e+006 -465.94
403387 7.54948e+006 -465.94
403387 7.54948e+006 -465.988
403387 7.54948e+006 -465.988
403387 7.54948e+006 -465.988
403387 7.54948e+006 -465.988
403387 7.54948e+006 -465.988
403387 7.54948e+006 -465.988
403387 7.54948e+006 -465.988
403387 7.54948e+006 -465.94
403387 7.54948e+006 -465.94
403387 7.54948e+006 -465.94
403387 7.54948e+006 -465.988
403387 7.54948e+006 -465.988
403387 7.54948e+006 -465.976
403387 7.54948e+006 -466.005
403387 7.54948e+006 -466.005
403387 7.54948e+006 -466.005
403387 7.54948e+006 -465.976
403387 7.54948e+006 -465.976
403387 7.54948e+006 -466.005
403387 7.54948e+006 -466.005
403387 7.54948e+006 -466.005
403387 7.54948e+006 -466.005
403387 7.54948e+006 -466.005
403387 7.54948e+006 -466.005
403387 7.54948e+006 -466.005
403387 7.54948e+006 -465.976
403387 7.54948e+006 -465.976
403387 7.54948e+006 -465.976
403387 7.54948e+006 -466.005
403387 7.54948e+006 -466.005
403387 7.54948e+006 -465.976
403387 7.54948e+006 -465.947
403387 7.54948e+006 -465.947
403387 7.54948e+006 -465.947
403387 7.54948e+006 -465.976
403387 7.54948e+006 -465.976
403387 7.54948e+006 -465.947
403387 7.54948e+006 -465.947
403387 7.54948e+006 -465.947
403387 7.54948e+006 -465.947
403387 7.54948e+006 -465.947
403387 7.54948e+006 -465.947
403387 7.54948e+006 -465.947
403387 7.54948e+006 -465.976
403387 7.54948e+006 -465.976
403387 7.54948e+006 -465.976
403387 7.54948e+006 -465.947
403387 7.54948e+006 -465.947
403387 7.54948e+006 -466.005
403387 7.54948e+006 -466.005
403387 7.54948e+006 -465.976
403387 7.54948e+006 -465.976
403387 7.54948e+006 -465.947
403387 7.54948e+006 -465.947
403387 7.54948e+006 -466.005
403387 7.54948e+006 -465.976
403387 7.54948e+006 -465.947
403387 7.54948e+006 -465.976
403387 7.54948e+006 -466.005
403387 7.54948e+006 -465.947
403387 7.54948e+006 -465.731
403387 7.54948e+006 -465.684
403387 7.54948e+006 -465.684
403387 7.54948e+006 -465.684
403387 7.54948e+006 -465.731
403387 7.54948e+006 -465.731
403387 7.54948e+006 -465.731
403387 7.54948e+006 -465.731
403387 7.54948e+006 -465.684
403387 7.54948e+006 -465.684
403387 7.54948e+006 -465.684
403387 7.54948e+006 -465.731
403387 7.54948e+006 -465.684
403387 7.54948e+006 -465.684
403387 7.54948e+006 -465.684
403387 7.54948e+006 -465.684
403387 7.54948e+006 -465.684
403387 7.54948e+006 -465.684
403387 7.54948e+006 -465.684
403387 7.54948e+006 -465.684
403387 7.54948e+006 -465.731
403387 7.54948e+006 -465.731
403387 7.54948e+006 -465.731
403387 7.54948e+006 -465.684
403387 7.54948e+006 -465.695
403387 7.54948e+006 -465.695
403387 7.54948e+006 -465.666
403387 7.54948e+006 -465.666
403387 7.54948e+006 -465.666
403387 7.54948e+006 -465.695
403387 7.54948e+006 -465.666
403387 7.54948e+006 -465.666
403387 7.54948e+006 -465.666
403387 7.54948e+006 -465.666
403387 7.54948e+006 -465.666
403387 7.54948e+006 -465.666
403387 7.54948e+006 -465.666
403387 7.54948e+006 -465.666
403387 7.54948e+006 -465.695
403387 7.54948e+006 -465.695
403387 7.54948e+006 -465.695
403387 7.54948e+006 -465.666
403387 7.54948e+006 -465.695
403387 7.54948e+006 -465.695
403387 7.54948e+006 -465.724
403387 7.54948e+006 -465.724
403387 7.54948e+006 -465.724
403387 7.54948e+006 -465.695
403387 7.54948e+006 -465.724
403387 7.54948e+006 -465.724
403387 7.54948e+006 -465.724
403387 7.54948e+006 -465.724
403387 7.54948e+006 -465.724
403387 7.54948e+006 -465.724
403387 7.54948e+006 -465.724
403387 7.54948e+006 -465.724
403387 7.54948e+006 -465.695
403387 7.54948e+006 -465.695
403387 7.54948e+006 -465.695
403387 7.54948e+006 -465.724
403387 7.54948e+006 -465.724
403387 7.54948e+006 -465.724
403387 7.54948e+006 -465.695
403387 7.54948e+006 -465.695
403387 7.54948e+006 -465.666
403387 7.54948e+006 -465.666
403387 7.54948e+006 -465.724
403387 7.54948e+006 -465.695
403387 7.54948e+006 -465.666
403387 7.54948e+006 -465.695
403387 7.54948e+006 -465.724
403387 7.54948e+006 -465.666
403387 7.54948e+006 -465.731
403387 7.54948e+006 -465.731
403387 7.54948e+006 -465.684
403387 7.54948e+006 -465.684
403387 7.54948e+006 -465.684
403387 7.54948e+006 -465.731
403387 7.54948e+006 -465.731
403387 7.54948e+006 -465.684
403387 7.54948e+006 -465.684
403387 7.54948e+006 -465.684
403387 7.54948e+006 -465.731
403387 7.54948e+006 -465.731
403387 7.54948e+006 -465.684
403387 7.54948e+006 -465.684
403387 7.54948e+006 -465.684
403387 7.54948e+006 -465.684
403387 7.54948e+006 -465.684
403387 7.54948e+006 -465.684
403387 7.54948e+006 -465.684
403387 7.54948e+006 -465.731
403387 7.54948e+006 -465.731
403387 7.54948e+006 -465.731
403387 7.54948e+006 -465.684
403387 7.54948e+006 -465.684
403387 7.54948e+006 -465.695
403387 7.54948e+006 -465.666
403387 7.54948e+006 -465.666
403387 7.54948e+006 -465.666
403387 7.54948e+006 -465.695
403387 7.54948e+006 -465.695
403387 7.54948e+006 -465.666
403387 7.54948e+006 -465.666
403387 7.54948e+006 -465.666
403387 7.54948e+006 -465.666
403387 7.54948e+006 -465.666
403387 7.54948e+006 -465.666
403387 7.54948e+006 -465.666
403387 7.54948e+006 -465.695
403387 7.54948e+006 -465.695
403387 7.54948e+006 -465.695
403387 7.54948e+006 -465.666
403387 7.54948e+006 -465.666
403387 7.54948e+006 -465.695
403387 7.54948e+006 -465.724
403387 7.54948e+006 -465.724
403387 7.54948e+006 -465.724
403387 7.54948e+006 -465.695
403387 7.54948e+006 -465.695
403387 7.54948e+006 -465.724
403387 7.54948e+006 -465.724
403387 7.54948e+006 -465.724
403387 7.54948e+006 -465.724
403387 7.54948e+006 -465.724
403387 7.54948e+006 -465.724
403387 7.54948e+006 -465.724
403387 7.54948e+006 -465.695
403387 7.54948e+006 -465.695
403387 7.54948e+006 -465.695
403387 7.54948e+006 -465.724
403387 7.54948e+006 -465.724
403387 7.54948e+006 -465.666
403387 7.54948e+006 -465.666
403387 7.54948e+006 -465.695
403387 7.54948e+006 -465.695
403387 7.54948e+006 -465.724
403387 7.54948e+006 -465.724
403387 7.54948e+006 -465.666
403387 7.54948e+006 -465.695
403387 7.54948e+006 -465.724
403387 7.54948e+006 -465.695
403387 7.54948e+006 -465.666
403387 7.54948e+006 -465.724
