405403 7.55483e+006 19.9279
405405 7.55483e+006 19.9279
405403 7.55482e+006 19.9279
405403 7.55482e+006 19.9279
405401 7.55482e+006 19.9279
405403 7.55483e+006 19.9279
405403 7.55483e+006 22.3608
405401 7.55482e+006 22.3608
405403 7.55482e+006 22.3608
405403 7.55482e+006 22.3608
405405 7.55483e+006 22.3608
405403 7.55483e+006 22.3608
405403 7.55483e+006 19.9279
405401 7.55482e+006 19.9279
405401 7.55482e+006 22.3608
405401 7.55482e+006 22.3608
405403 7.55483e+006 22.3608
405403 7.55483e+006 19.9279
405401 7.55482e+006 19.9279
405403 7.55482e+006 19.9279
405403 7.55482e+006 22.3608
405403 7.55482e+006 22.3608
405401 7.55482e+006 22.3608
405401 7.55482e+006 19.9279
405403 7.55482e+006 19.9279
405405 7.55483e+006 19.9279
405405 7.55483e+006 22.3608
405405 7.55483e+006 22.3608
405403 7.55482e+006 22.3608
405403 7.55482e+006 19.9279
405405 7.55483e+006 19.9279
405403 7.55483e+006 19.9279
405403 7.55483e+006 22.3608
405403 7.55483e+006 22.3608
405405 7.55483e+006 22.3608
405405 7.55483e+006 19.9279
