398021 7.55154e+006 -281.649
398021 7.55154e+006 -281.316
398021 7.55154e+006 -281.496
398021 7.55154e+006 -281.496
398021 7.55154e+006 -281.831
398021 7.55154e+006 -281.649
398021 7.55154e+006 -281.649
398021 7.55154e+006 -281.831
398021 7.55154e+006 -281.496
398021 7.55154e+006 -281.496
398021 7.55154e+006 -281.316
398021 7.55154e+006 -281.649
398021 7.55154e+006 -281.831
398021 7.55154e+006 -281.831
398021 7.55154e+006 -281.649
398021 7.55154e+006 -281.649
398021 7.55154e+006 -281.649
398021 7.55154e+006 -281.831
398021 7.55154e+006 -281.744
398020 7.55154e+006 -281.744
398020 7.55154e+006 -281.815
398020 7.55154e+006 -281.815
398021 7.55154e+006 -281.815
398021 7.55154e+006 -281.744
398021 7.55154e+006 -281.496
398021 7.55154e+006 -281.496
398020 7.55154e+006 -281.569
398020 7.55154e+006 -281.569
398021 7.55154e+006 -281.569
398021 7.55154e+006 -281.496
398021 7.55154e+006 -281.649
398021 7.55154e+006 -281.649
398021 7.55154e+006 -281.316
398021 7.55154e+006 -281.316
398021 7.55154e+006 -281.316
398021 7.55154e+006 -281.649
398021 7.55154e+006 -281.569
398021 7.55154e+006 -281.864
398021 7.55154e+006 -281.831
398021 7.55154e+006 -281.831
398021 7.55154e+006 -281.496
398021 7.55154e+006 -281.569
398021 7.55154e+006 -281.831
398020 7.55154e+006 -281.864
398020 7.55154e+006 -281.569
398020 7.55154e+006 -281.569
398021 7.55154e+006 -281.496
398021 7.55154e+006 -281.831
398021 7.55154e+006 -281.864
398020 7.55154e+006 -281.864
398021 7.55154e+006 -281.831
398021 7.55154e+006 -281.831
398021 7.55154e+006 -281.831
398021 7.55154e+006 -281.864
398021 7.55154e+006 -281.496
398021 7.55154e+006 -281.316
398021 7.55154e+006 -281.389
398021 7.55154e+006 -281.496
398021 7.55154e+006 -281.389
398021 7.55154e+006 -281.316
398021 7.55154e+006 -281.496
398021 7.55154e+006 -281.496
398021 7.55154e+006 -281.389
398021 7.55154e+006 -281.389
398021 7.55154e+006 -281.389
398021 7.55154e+006 -281.496
398021 7.55154e+006 -281.864
398021 7.55154e+006 -281.569
398021 7.55154e+006 -281.725
398021 7.55154e+006 -281.725
398021 7.55154e+006 -281.797
398021 7.55154e+006 -281.864
398021 7.55154e+006 -281.569
398020 7.55154e+006 -281.569
398020 7.55154e+006 -281.725
398020 7.55154e+006 -281.725
398021 7.55154e+006 -281.725
398021 7.55154e+006 -281.569
398020 7.55154e+006 -281.569
398020 7.55154e+006 -281.864
398021 7.55154e+006 -281.797
398021 7.55154e+006 -281.797
398020 7.55154e+006 -281.725
398020 7.55154e+006 -281.569
398020 7.55154e+006 -281.864
398021 7.55154e+006 -281.864
398021 7.55154e+006 -281.797
398021 7.55154e+006 -281.797
398021 7.55154e+006 -281.797
398020 7.55154e+006 -281.864
398021 7.55154e+006 -281.797
398021 7.55154e+006 -281.725
398021 7.55154e+006 -281.744
398021 7.55154e+006 -281.744
398021 7.55154e+006 -281.815
398021 7.55154e+006 -281.797
398021 7.55154e+006 -281.725
398020 7.55154e+006 -281.725
398020 7.55154e+006 -281.744
398020 7.55154e+006 -281.744
398021 7.55154e+006 -281.744
398021 7.55154e+006 -281.725
398020 7.55154e+006 -281.725
398021 7.55154e+006 -281.797
398020 7.55154e+006 -281.815
398020 7.55154e+006 -281.815
398020 7.55154e+006 -281.744
398020 7.55154e+006 -281.725
398021 7.55154e+006 -281.797
398021 7.55154e+006 -281.797
398021 7.55154e+006 -281.815
398021 7.55154e+006 -281.815
398020 7.55154e+006 -281.815
398021 7.55154e+006 -281.797
