405418 7.55479e+006 21.8843
405418 7.55479e+006 21.7343
405418 7.55479e+006 21.7344
405418 7.55479e+006 21.7344
405418 7.55479e+006 21.8844
405418 7.55479e+006 21.8843
405415 7.5548e+006 21.7314
405415 7.5548e+006 21.8814
405415 7.5548e+006 21.8815
405415 7.5548e+006 21.8815
405415 7.5548e+006 21.7315
405415 7.5548e+006 21.7314
405418 7.55479e+006 21.7343
405415 7.5548e+006 21.7314
405415 7.5548e+006 21.7315
405415 7.5548e+006 21.7315
405418 7.55479e+006 21.7344
405418 7.55479e+006 21.7343
405418 7.55479e+006 21.8843
405415 7.5548e+006 21.8814
405415 7.5548e+006 21.7314
405415 7.5548e+006 21.7314
405418 7.55479e+006 21.7343
405418 7.55479e+006 21.8843
405418 7.55479e+006 21.8844
405415 7.5548e+006 21.8815
405415 7.5548e+006 21.8814
405415 7.5548e+006 21.8814
405418 7.55479e+006 21.8843
405418 7.55479e+006 21.8844
405418 7.55479e+006 21.7344
405415 7.5548e+006 21.7315
405415 7.5548e+006 21.8815
405415 7.5548e+006 21.8815
405418 7.55479e+006 21.8844
405418 7.55479e+006 21.7344
