400437 7.55244e+006 29.7021
400437 7.55244e+006 29.4107
400437 7.55244e+006 29.4108
400437 7.55244e+006 29.4108
400437 7.55244e+006 29.7124
400437 7.55244e+006 29.7021
400437 7.55244e+006 29.702
400437 7.55244e+006 29.4105
400437 7.55244e+006 29.4107
400437 7.55244e+006 29.4107
400437 7.55244e+006 29.7021
400437 7.55244e+006 29.702
400437 7.55244e+006 29.7121
400437 7.55244e+006 29.4104
400437 7.55244e+006 29.4105
400437 7.55244e+006 29.4105
400437 7.55244e+006 29.702
400437 7.55244e+006 29.7121
400437 7.55244e+006 29.7224
400437 7.55244e+006 29.4105
400437 7.55244e+006 29.4104
400437 7.55244e+006 29.4104
400437 7.55244e+006 29.7121
400437 7.55244e+006 29.7224
400437 7.55244e+006 29.7226
400437 7.55244e+006 29.4107
400437 7.55244e+006 29.4105
400437 7.55244e+006 29.4105
400437 7.55244e+006 29.7224
400437 7.55244e+006 29.7226
400437 7.55244e+006 29.7124
400437 7.55244e+006 29.4108
400437 7.55244e+006 29.4107
400437 7.55244e+006 29.4107
400437 7.55244e+006 29.7226
400437 7.55244e+006 29.7124
400437 7.55244e+006 29.7162
400437 7.55244e+006 29.7021
400437 7.55244e+006 29.7124
400437 7.55244e+006 29.7124
400437 7.55244e+006 29.741
400437 7.55244e+006 29.7162
400437 7.55244e+006 29.7161
400437 7.55244e+006 29.702
400437 7.55244e+006 29.7021
400437 7.55244e+006 29.7021
400437 7.55244e+006 29.7162
400437 7.55244e+006 29.7161
400437 7.55244e+006 29.7406
400437 7.55244e+006 29.7121
400437 7.55244e+006 29.702
400437 7.55244e+006 29.702
400437 7.55244e+006 29.7161
400437 7.55244e+006 29.7406
400437 7.55244e+006 29.7654
400437 7.55244e+006 29.7224
400437 7.55244e+006 29.7121
400437 7.55244e+006 29.7121
400437 7.55244e+006 29.7406
400437 7.55244e+006 29.7654
400437 7.55244e+006 29.7655
400437 7.55244e+006 29.7226
400437 7.55244e+006 29.7224
400437 7.55244e+006 29.7224
400437 7.55244e+006 29.7654
400437 7.55244e+006 29.7655
400437 7.55244e+006 29.741
400437 7.55244e+006 29.7124
400437 7.55244e+006 29.7226
400437 7.55244e+006 29.7226
400437 7.55244e+006 29.7655
400437 7.55244e+006 29.741
400437 7.55244e+006 29.7177
400437 7.55244e+006 29.7162
400437 7.55244e+006 29.741
400437 7.55244e+006 29.741
400437 7.55244e+006 29.7424
400437 7.55244e+006 29.7177
400437 7.55244e+006 29.7175
400437 7.55244e+006 29.7161
400437 7.55244e+006 29.7162
400437 7.55244e+006 29.7162
400437 7.55244e+006 29.7177
400437 7.55244e+006 29.7175
400437 7.55244e+006 29.742
400437 7.55244e+006 29.7406
400437 7.55244e+006 29.7161
400437 7.55244e+006 29.7161
400437 7.55244e+006 29.7175
400437 7.55244e+006 29.742
400437 7.55244e+006 29.7668
400437 7.55244e+006 29.7654
400437 7.55244e+006 29.7406
400437 7.55244e+006 29.7406
400437 7.55244e+006 29.742
400437 7.55244e+006 29.7668
400437 7.55244e+006 29.7669
400437 7.55244e+006 29.7655
400437 7.55244e+006 29.7654
400437 7.55244e+006 29.7654
400437 7.55244e+006 29.7668
400437 7.55244e+006 29.7669
400437 7.55244e+006 29.7424
400437 7.55244e+006 29.741
400437 7.55244e+006 29.7655
400437 7.55244e+006 29.7655
400437 7.55244e+006 29.7669
400437 7.55244e+006 29.7424
400437 7.55244e+006 29.7606
400437 7.55244e+006 29.7177
400437 7.55244e+006 29.7424
400437 7.55244e+006 29.7424
400437 7.55244e+006 29.7709
400437 7.55244e+006 29.7606
400437 7.55244e+006 29.7605
400437 7.55244e+006 29.7175
400437 7.55244e+006 29.7177
400437 7.55244e+006 29.7177
400437 7.55244e+006 29.7606
400437 7.55244e+006 29.7605
400437 7.55244e+006 29.7706
400437 7.55244e+006 29.742
400437 7.55244e+006 29.7175
400437 7.55244e+006 29.7175
400437 7.55244e+006 29.7605
400437 7.55244e+006 29.7706
400437 7.55244e+006 29.7809
400437 7.55244e+006 29.7668
400437 7.55244e+006 29.742
400437 7.55244e+006 29.742
400437 7.55244e+006 29.7706
400437 7.55244e+006 29.7809
400437 7.55244e+006 29.781
400437 7.55244e+006 29.7669
400437 7.55244e+006 29.7668
400437 7.55244e+006 29.7668
400437 7.55244e+006 29.7809
400437 7.55244e+006 29.781
400437 7.55244e+006 29.7709
400437 7.55244e+006 29.7424
400437 7.55244e+006 29.7669
400437 7.55244e+006 29.7669
400437 7.55244e+006 29.781
400437 7.55244e+006 29.7709
400437 7.55244e+006 31.9509
400437 7.55244e+006 29.7606
400437 7.55244e+006 29.7709
400437 7.55244e+006 29.7709
400437 7.55244e+006 31.9577
400437 7.55244e+006 31.9509
400437 7.55244e+006 31.939
400437 7.55244e+006 29.7605
400437 7.55244e+006 29.7606
400437 7.55244e+006 29.7606
400437 7.55244e+006 31.9509
400437 7.55244e+006 31.939
400437 7.55244e+006 31.9339
400437 7.55244e+006 29.7706
400437 7.55244e+006 29.7605
400437 7.55244e+006 29.7605
400437 7.55244e+006 31.939
400437 7.55244e+006 31.9339
400437 7.55244e+006 31.9407
400437 7.55244e+006 29.7809
400437 7.55244e+006 29.7706
400437 7.55244e+006 29.7706
400437 7.55244e+006 31.9339
400437 7.55244e+006 31.9407
400437 7.55244e+006 31.9526
400437 7.55244e+006 29.781
400437 7.55244e+006 29.7809
400437 7.55244e+006 29.7809
400437 7.55244e+006 31.9407
400437 7.55244e+006 31.9526
400437 7.55244e+006 31.9577
400437 7.55244e+006 29.7709
400437 7.55244e+006 29.781
400437 7.55244e+006 29.781
400437 7.55244e+006 31.9526
400437 7.55244e+006 31.9577
400437 7.55244e+006 31.9864
400437 7.55244e+006 31.9509
400437 7.55244e+006 31.9577
400437 7.55244e+006 31.9577
400437 7.55244e+006 32.0026
400437 7.55244e+006 31.9864
400437 7.55244e+006 31.9579
400437 7.55244e+006 31.939
400437 7.55244e+006 31.9509
400437 7.55244e+006 31.9509
400437 7.55244e+006 31.9864
400437 7.55244e+006 31.9579
400437 7.55244e+006 31.9457
400437 7.55244e+006 31.9339
400437 7.55244e+006 31.939
400437 7.55244e+006 31.939
400437 7.55244e+006 31.9579
400437 7.55244e+006 31.9457
400437 7.55244e+006 31.9618
400437 7.55244e+006 31.9407
400437 7.55244e+006 31.9339
400437 7.55244e+006 31.9339
400437 7.55244e+006 31.9457
400437 7.55244e+006 31.9618
400437 7.55244e+006 31.9903
400437 7.55244e+006 31.9526
400437 7.55244e+006 31.9407
400437 7.55244e+006 31.9407
400437 7.55244e+006 31.9618
400437 7.55244e+006 31.9903
400437 7.55244e+006 32.0026
400437 7.55244e+006 31.9577
400437 7.55244e+006 31.9526
400437 7.55244e+006 31.9526
400437 7.55244e+006 31.9903
400437 7.55244e+006 32.0026
400435 7.55244e+006 31.9773
400437 7.55244e+006 31.9864
400437 7.55244e+006 32.0026
400437 7.55244e+006 32.0026
400435 7.55244e+006 31.9934
400435 7.55244e+006 31.9773
400435 7.55244e+006 31.949
400437 7.55244e+006 31.9579
400437 7.55244e+006 31.9864
400437 7.55244e+006 31.9864
400435 7.55244e+006 31.9773
400435 7.55244e+006 31.949
400435 7.55244e+006 31.9367
400437 7.55244e+006 31.9457
400437 7.55244e+006 31.9579
400437 7.55244e+006 31.9579
400435 7.55244e+006 31.949
400435 7.55244e+006 31.9367
400435 7.55244e+006 31.9528
400437 7.55244e+006 31.9618
400437 7.55244e+006 31.9457
400437 7.55244e+006 31.9457
400435 7.55244e+006 31.9367
400435 7.55244e+006 31.9528
400435 7.55244e+006 31.9812
400437 7.55244e+006 31.9903
400437 7.55244e+006 31.9618
400437 7.55244e+006 31.9618
400435 7.55244e+006 31.9528
400435 7.55244e+006 31.9812
400435 7.55244e+006 31.9934
400437 7.55244e+006 32.0026
400437 7.55244e+006 31.9903
400437 7.55244e+006 31.9903
400435 7.55244e+006 31.9812
400435 7.55244e+006 31.9934
400435 7.55244e+006 31.9414
400435 7.55244e+006 31.9773
400435 7.55244e+006 31.9934
400435 7.55244e+006 31.9934
400435 7.55244e+006 31.948
400435 7.55244e+006 31.9414
400435 7.55244e+006 31.9298
400435 7.55244e+006 31.949
400435 7.55244e+006 31.9773
400435 7.55244e+006 31.9773
400435 7.55244e+006 31.9414
400435 7.55244e+006 31.9298
400435 7.55244e+006 31.9248
400435 7.55244e+006 31.9367
400435 7.55244e+006 31.949
400435 7.55244e+006 31.949
400435 7.55244e+006 31.9298
400435 7.55244e+006 31.9248
400435 7.55244e+006 31.9314
400435 7.55244e+006 31.9528
400435 7.55244e+006 31.9367
400435 7.55244e+006 31.9367
400435 7.55244e+006 31.9248
400435 7.55244e+006 31.9314
400435 7.55244e+006 31.943
400435 7.55244e+006 31.9812
400435 7.55244e+006 31.9528
400435 7.55244e+006 31.9528
400435 7.55244e+006 31.9314
400435 7.55244e+006 31.943
400435 7.55244e+006 31.948
400435 7.55244e+006 31.9934
400435 7.55244e+006 31.9812
400435 7.55244e+006 31.9812
400435 7.55244e+006 31.943
400435 7.55244e+006 31.948
400435 7.55244e+006 18.8959
400435 7.55244e+006 31.9414
400435 7.55244e+006 31.948
400435 7.55244e+006 31.948
400435 7.55244e+006 18.8958
400435 7.55244e+006 18.8959
400435 7.55244e+006 18.8961
400435 7.55244e+006 31.9298
400435 7.55244e+006 31.9414
400435 7.55244e+006 31.9414
400435 7.55244e+006 18.8959
400435 7.55244e+006 18.8961
400435 7.55244e+006 18.8962
400435 7.55244e+006 31.9248
400435 7.55244e+006 31.9298
400435 7.55244e+006 31.9298
400435 7.55244e+006 18.8961
400435 7.55244e+006 18.8962
400435 7.55244e+006 18.8961
400435 7.55244e+006 31.9314
400435 7.55244e+006 31.9248
400435 7.55244e+006 31.9248
400435 7.55244e+006 18.8962
400435 7.55244e+006 18.8961
400435 7.55244e+006 18.8959
400435 7.55244e+006 31.943
400435 7.55244e+006 31.9314
400435 7.55244e+006 31.9314
400435 7.55244e+006 18.8961
400435 7.55244e+006 18.8959
400435 7.55244e+006 18.8958
400435 7.55244e+006 31.948
400435 7.55244e+006 31.943
400435 7.55244e+006 31.943
400435 7.55244e+006 18.8959
400435 7.55244e+006 18.8958
400437 7.55244e+006 29.4105
400437 7.55244e+006 29.4107
400437 7.55244e+006 29.4108
400437 7.55244e+006 29.4104
400437 7.55244e+006 29.4105
400437 7.55244e+006 29.4108
400437 7.55244e+006 29.4105
400437 7.55244e+006 29.4104
400437 7.55244e+006 29.4108
400437 7.55244e+006 29.4107
400437 7.55244e+006 29.4105
400437 7.55244e+006 29.4108
400435 7.55244e+006 18.8961
400435 7.55244e+006 18.8959
400435 7.55244e+006 18.8958
400435 7.55244e+006 18.8958
400435 7.55244e+006 18.8961
400435 7.55244e+006 18.8962
400435 7.55244e+006 18.8962
400435 7.55244e+006 18.8961
400435 7.55244e+006 18.8958
400435 7.55244e+006 18.8959
400435 7.55244e+006 18.8961
400435 7.55244e+006 18.8958
400437 7.55244e+006 29.7034
400437 7.55244e+006 29.7137
400437 7.55244e+006 29.4121
400437 7.55244e+006 29.4121
400437 7.55244e+006 29.412
400437 7.55244e+006 29.7034
400437 7.55244e+006 29.7033
400437 7.55244e+006 29.7034
400437 7.55244e+006 29.412
400437 7.55244e+006 29.412
400437 7.55244e+006 29.4118
400437 7.55244e+006 29.7033
400437 7.55244e+006 29.7134
400437 7.55244e+006 29.7033
400437 7.55244e+006 29.4118
400437 7.55244e+006 29.4118
400437 7.55244e+006 29.4117
400437 7.55244e+006 29.7134
400437 7.55244e+006 29.7237
400437 7.55244e+006 29.7134
400437 7.55244e+006 29.4117
400437 7.55244e+006 29.4117
400437 7.55244e+006 29.4118
400437 7.55244e+006 29.7237
400437 7.55244e+006 29.7238
400437 7.55244e+006 29.7237
400437 7.55244e+006 29.4118
400437 7.55244e+006 29.4118
400437 7.55244e+006 29.412
400437 7.55244e+006 29.7238
400437 7.55244e+006 29.7137
400437 7.55244e+006 29.7238
400437 7.55244e+006 29.412
400437 7.55244e+006 29.412
400437 7.55244e+006 29.4121
400437 7.55244e+006 29.7137
400437 7.55244e+006 29.7175
400437 7.55244e+006 29.7422
400437 7.55244e+006 29.7137
400437 7.55244e+006 29.7137
400437 7.55244e+006 29.7034
400437 7.55244e+006 29.7175
400437 7.55244e+006 29.7174
400437 7.55244e+006 29.7175
400437 7.55244e+006 29.7034
400437 7.55244e+006 29.7034
400437 7.55244e+006 29.7033
400437 7.55244e+006 29.7174
400437 7.55244e+006 29.7419
400437 7.55244e+006 29.7174
400437 7.55244e+006 29.7033
400437 7.55244e+006 29.7033
400437 7.55244e+006 29.7134
400437 7.55244e+006 29.7419
400437 7.55244e+006 29.7666
400437 7.55244e+006 29.7419
400437 7.55244e+006 29.7134
400437 7.55244e+006 29.7134
400437 7.55244e+006 29.7237
400437 7.55244e+006 29.7666
400437 7.55244e+006 29.7668
400437 7.55244e+006 29.7666
400437 7.55244e+006 29.7237
400437 7.55244e+006 29.7237
400437 7.55244e+006 29.7238
400437 7.55244e+006 29.7668
400437 7.55244e+006 29.7422
400437 7.55244e+006 29.7668
400437 7.55244e+006 29.7238
400437 7.55244e+006 29.7238
400437 7.55244e+006 29.7137
400437 7.55244e+006 29.7422
400437 7.55244e+006 29.7189
400437 7.55244e+006 29.7437
400437 7.55244e+006 29.7422
400437 7.55244e+006 29.7422
400437 7.55244e+006 29.7175
400437 7.55244e+006 29.7189
400437 7.55244e+006 29.7188
400437 7.55244e+006 29.7189
400437 7.55244e+006 29.7175
400437 7.55244e+006 29.7175
400437 7.55244e+006 29.7174
400437 7.55244e+006 29.7188
400437 7.55244e+006 29.7433
400437 7.55244e+006 29.7188
400437 7.55244e+006 29.7174
400437 7.55244e+006 29.7174
400437 7.55244e+006 29.7419
400437 7.55244e+006 29.7433
400437 7.55244e+006 29.768
400437 7.55244e+006 29.7433
400437 7.55244e+006 29.7419
400437 7.55244e+006 29.7419
400437 7.55244e+006 29.7666
400437 7.55244e+006 29.768
400437 7.55244e+006 29.7682
400437 7.55244e+006 29.768
400437 7.55244e+006 29.7666
400437 7.55244e+006 29.7666
400437 7.55244e+006 29.7668
400437 7.55244e+006 29.7682
400437 7.55244e+006 29.7437
400437 7.55244e+006 29.7682
400437 7.55244e+006 29.7668
400437 7.55244e+006 29.7668
400437 7.55244e+006 29.7422
400437 7.55244e+006 29.7437
400437 7.55244e+006 29.7619
400437 7.55244e+006 29.7722
400437 7.55244e+006 29.7437
400437 7.55244e+006 29.7437
400437 7.55244e+006 29.7189
400437 7.55244e+006 29.7619
400437 7.55244e+006 29.7617
400437 7.55244e+006 29.7619
400437 7.55244e+006 29.7189
400437 7.55244e+006 29.7189
400437 7.55244e+006 29.7188
400437 7.55244e+006 29.7617
400437 7.55244e+006 29.7719
400437 7.55244e+006 29.7617
400437 7.55244e+006 29.7188
400437 7.55244e+006 29.7188
400437 7.55244e+006 29.7433
400437 7.55244e+006 29.7719
400437 7.55244e+006 29.7821
400437 7.55244e+006 29.7719
400437 7.55244e+006 29.7433
400437 7.55244e+006 29.7433
400437 7.55244e+006 29.768
400437 7.55244e+006 29.7821
400437 7.55244e+006 29.7823
400437 7.55244e+006 29.7821
400437 7.55244e+006 29.768
400437 7.55244e+006 29.768
400437 7.55244e+006 29.7682
400437 7.55244e+006 29.7823
400437 7.55244e+006 29.7722
400437 7.55244e+006 29.7823
400437 7.55244e+006 29.7682
400437 7.55244e+006 29.7682
400437 7.55244e+006 29.7437
400437 7.55244e+006 29.7722
400437 7.55244e+006 32.0074
400437 7.55244e+006 32.0142
400437 7.55244e+006 29.7722
400437 7.55244e+006 29.7722
400437 7.55244e+006 29.7619
400437 7.55244e+006 32.0074
400437 7.55244e+006 31.9955
400437 7.55244e+006 32.0074
400437 7.55244e+006 29.7619
400437 7.55244e+006 29.7619
400437 7.55244e+006 29.7617
400437 7.55244e+006 31.9955
400437 7.55244e+006 31.9903
400437 7.55244e+006 31.9955
400437 7.55244e+006 29.7617
400437 7.55244e+006 29.7617
400437 7.55244e+006 29.7719
400437 7.55244e+006 31.9903
400437 7.55244e+006 31.9971
400437 7.55244e+006 31.9903
400437 7.55244e+006 29.7719
400437 7.55244e+006 29.7719
400437 7.55244e+006 29.7821
400437 7.55244e+006 31.9971
400437 7.55244e+006 32.009
400437 7.55244e+006 31.9971
400437 7.55244e+006 29.7821
400437 7.55244e+006 29.7821
400437 7.55244e+006 29.7823
400437 7.55244e+006 32.009
400437 7.55244e+006 32.0142
400437 7.55244e+006 32.009
400437 7.55244e+006 29.7823
400437 7.55244e+006 29.7823
400437 7.55244e+006 29.7722
400437 7.55244e+006 32.0142
400437 7.55244e+006 32.0428
400437 7.55244e+006 32.059
400437 7.55244e+006 32.0142
400437 7.55244e+006 32.0142
400437 7.55244e+006 32.0074
400437 7.55244e+006 32.0428
400437 7.55244e+006 32.0144
400437 7.55244e+006 32.0428
400437 7.55244e+006 32.0074
400437 7.55244e+006 32.0074
400437 7.55244e+006 31.9955
400437 7.55244e+006 32.0144
400437 7.55244e+006 32.0021
400437 7.55244e+006 32.0144
400437 7.55244e+006 31.9955
400437 7.55244e+006 31.9955
400437 7.55244e+006 31.9903
400437 7.55244e+006 32.0021
400437 7.55244e+006 32.0183
400437 7.55244e+006 32.0021
400437 7.55244e+006 31.9903
400437 7.55244e+006 31.9903
400437 7.55244e+006 31.9971
400437 7.55244e+006 32.0183
400437 7.55244e+006 32.0468
400437 7.55244e+006 32.0183
400437 7.55244e+006 31.9971
400437 7.55244e+006 31.9971
400437 7.55244e+006 32.009
400437 7.55244e+006 32.0468
400437 7.55244e+006 32.059
400437 7.55244e+006 32.0468
400437 7.55244e+006 32.009
400437 7.55244e+006 32.009
400437 7.55244e+006 32.0142
400437 7.55244e+006 32.059
400436 7.55244e+006 32.0363
400436 7.55244e+006 32.0524
400437 7.55244e+006 32.059
400437 7.55244e+006 32.059
400437 7.55244e+006 32.0428
400436 7.55244e+006 32.0363
400436 7.55244e+006 32.0079
400436 7.55244e+006 32.0363
400437 7.55244e+006 32.0428
400437 7.55244e+006 32.0428
400437 7.55244e+006 32.0144
400436 7.55244e+006 32.0079
400436 7.55244e+006 31.9957
400436 7.55244e+006 32.0079
400437 7.55244e+006 32.0144
400437 7.55244e+006 32.0144
400437 7.55244e+006 32.0021
400436 7.55244e+006 31.9957
400436 7.55244e+006 32.0118
400436 7.55244e+006 31.9957
400437 7.55244e+006 32.0021
400437 7.55244e+006 32.0021
400437 7.55244e+006 32.0183
400436 7.55244e+006 32.0118
400436 7.55244e+006 32.0401
400436 7.55244e+006 32.0118
400437 7.55244e+006 32.0183
400437 7.55244e+006 32.0183
400437 7.55244e+006 32.0468
400436 7.55244e+006 32.0401
400436 7.55244e+006 32.0524
400436 7.55244e+006 32.0401
400437 7.55244e+006 32.0468
400437 7.55244e+006 32.0468
400437 7.55244e+006 32.059
400436 7.55244e+006 32.0524
400436 7.55244e+006 32.0004
400436 7.55244e+006 32.007
400436 7.55244e+006 32.0524
400436 7.55244e+006 32.0524
400436 7.55244e+006 32.0363
400436 7.55244e+006 32.0004
400436 7.55244e+006 31.9888
400436 7.55244e+006 32.0004
400436 7.55244e+006 32.0363
400436 7.55244e+006 32.0363
400436 7.55244e+006 32.0079
400436 7.55244e+006 31.9888
400436 7.55244e+006 31.9838
400436 7.55244e+006 31.9888
400436 7.55244e+006 32.0079
400436 7.55244e+006 32.0079
400436 7.55244e+006 31.9957
400436 7.55244e+006 31.9838
400436 7.55244e+006 31.9904
400436 7.55244e+006 31.9838
400436 7.55244e+006 31.9957
400436 7.55244e+006 31.9957
400436 7.55244e+006 32.0118
400436 7.55244e+006 31.9904
400436 7.55244e+006 32.002
400436 7.55244e+006 31.9904
400436 7.55244e+006 32.0118
400436 7.55244e+006 32.0118
400436 7.55244e+006 32.0401
400436 7.55244e+006 32.002
400436 7.55244e+006 32.007
400436 7.55244e+006 32.002
400436 7.55244e+006 32.0401
400436 7.55244e+006 32.0401
400436 7.55244e+006 32.0524
400436 7.55244e+006 32.007
400436 7.55244e+006 29.7512
400436 7.55244e+006 29.7538
400436 7.55244e+006 32.007
400436 7.55244e+006 32.007
400436 7.55244e+006 32.0004
400436 7.55244e+006 29.7512
400436 7.55244e+006 29.7599
400436 7.55244e+006 29.7512
400436 7.55244e+006 32.0004
400436 7.55244e+006 32.0004
400436 7.55244e+006 31.9888
400436 7.55244e+006 29.7599
400436 7.55244e+006 29.7712
400436 7.55244e+006 29.7599
400436 7.55244e+006 31.9888
400436 7.55244e+006 31.9888
400436 7.55244e+006 31.9838
400436 7.55244e+006 29.7712
400436 7.55244e+006 29.7737
400436 7.55244e+006 29.7712
400436 7.55244e+006 31.9838
400436 7.55244e+006 31.9838
400436 7.55244e+006 31.9904
400436 7.55244e+006 29.7737
400436 7.55244e+006 29.765
400436 7.55244e+006 29.7737
400436 7.55244e+006 31.9904
400436 7.55244e+006 31.9904
400436 7.55244e+006 32.002
400436 7.55244e+006 29.765
400436 7.55244e+006 29.7538
400436 7.55244e+006 29.765
400436 7.55244e+006 32.002
400436 7.55244e+006 32.002
400436 7.55244e+006 32.007
400436 7.55244e+006 29.7538
400436 7.55244e+006 29.7065
400436 7.55244e+006 29.7128
400436 7.55244e+006 29.7538
400436 7.55244e+006 29.7538
400436 7.55244e+006 29.7512
400436 7.55244e+006 29.7065
400436 7.55244e+006 29.7274
400436 7.55244e+006 29.7065
400436 7.55244e+006 29.7512
400436 7.55244e+006 29.7512
400436 7.55244e+006 29.7599
400436 7.55244e+006 29.7274
400436 7.55244e+006 29.7547
400436 7.55244e+006 29.7274
400436 7.55244e+006 29.7599
400436 7.55244e+006 29.7599
400436 7.55244e+006 29.7712
400436 7.55244e+006 29.7547
400436 7.55244e+006 29.761
400436 7.55244e+006 29.7547
400436 7.55244e+006 29.7712
400436 7.55244e+006 29.7712
400436 7.55244e+006 29.7737
400436 7.55244e+006 29.761
400436 7.55244e+006 29.7401
400436 7.55244e+006 29.761
400436 7.55244e+006 29.7737
400436 7.55244e+006 29.7737
400436 7.55244e+006 29.765
400436 7.55244e+006 29.7401
400436 7.55244e+006 29.7128
400436 7.55244e+006 29.7401
400436 7.55244e+006 29.765
400436 7.55244e+006 29.765
400436 7.55244e+006 29.7538
400436 7.55244e+006 29.7128
400436 7.55244e+006 29.7068
400436 7.55244e+006 29.7153
400436 7.55244e+006 29.7128
400436 7.55244e+006 29.7128
400436 7.55244e+006 29.7065
400436 7.55244e+006 29.7068
400436 7.55244e+006 29.7261
400436 7.55244e+006 29.7068
400436 7.55244e+006 29.7065
400436 7.55244e+006 29.7065
400436 7.55244e+006 29.7274
400436 7.55244e+006 29.7261
400436 7.55244e+006 29.7539
400436 7.55244e+006 29.7261
400436 7.55244e+006 29.7274
400436 7.55244e+006 29.7274
400436 7.55244e+006 29.7547
400436 7.55244e+006 29.7539
400436 7.55244e+006 29.7624
400436 7.55244e+006 29.7539
400436 7.55244e+006 29.7547
400436 7.55244e+006 29.7547
400436 7.55244e+006 29.761
400436 7.55244e+006 29.7624
400436 7.55244e+006 29.7431
400436 7.55244e+006 29.7624
400436 7.55244e+006 29.761
400436 7.55244e+006 29.761
400436 7.55244e+006 29.7401
400436 7.55244e+006 29.7431
400436 7.55244e+006 29.7153
400436 7.55244e+006 29.7431
400436 7.55244e+006 29.7401
400436 7.55244e+006 29.7401
400436 7.55244e+006 29.7128
400436 7.55244e+006 29.7153
400436 7.55244e+006 29.704
400436 7.55244e+006 29.7146
400436 7.55244e+006 29.7153
400436 7.55244e+006 29.7153
400436 7.55244e+006 29.7068
400436 7.55244e+006 29.704
400436 7.55244e+006 29.7215
400436 7.55244e+006 29.704
400436 7.55244e+006 29.7068
400436 7.55244e+006 29.7068
400436 7.55244e+006 29.7261
400436 7.55244e+006 29.7215
400436 7.55244e+006 29.7497
400436 7.55244e+006 29.7215
400436 7.55244e+006 29.7261
400436 7.55244e+006 29.7261
400436 7.55244e+006 29.7539
400436 7.55244e+006 29.7497
400436 7.55244e+006 29.7603
400436 7.55244e+006 29.7497
400436 7.55244e+006 29.7539
400436 7.55244e+006 29.7539
400436 7.55244e+006 29.7624
400436 7.55244e+006 29.7603
400436 7.55244e+006 29.7428
400436 7.55244e+006 29.7603
400436 7.55244e+006 29.7624
400436 7.55244e+006 29.7624
400436 7.55244e+006 29.7431
400436 7.55244e+006 29.7428
400436 7.55244e+006 29.7146
400436 7.55244e+006 29.7428
400436 7.55244e+006 29.7431
400436 7.55244e+006 29.7431
400436 7.55244e+006 29.7153
400436 7.55244e+006 29.7146
400436 7.55244e+006 29.692
400436 7.55244e+006 29.6963
400436 7.55244e+006 29.7146
400436 7.55244e+006 29.7146
400436 7.55244e+006 29.704
400436 7.55244e+006 29.692
400436 7.55244e+006 29.6993
400436 7.55244e+006 29.692
400436 7.55244e+006 29.704
400436 7.55244e+006 29.704
400436 7.55244e+006 29.7215
400436 7.55244e+006 29.6993
400436 7.55244e+006 29.711
400436 7.55244e+006 29.6993
400436 7.55244e+006 29.7215
400436 7.55244e+006 29.7215
400436 7.55244e+006 29.7497
400436 7.55244e+006 29.711
400436 7.55244e+006 29.7153
400436 7.55244e+006 29.711
400436 7.55244e+006 29.7497
400436 7.55244e+006 29.7497
400436 7.55244e+006 29.7603
400436 7.55244e+006 29.7153
400436 7.55244e+006 29.708
400436 7.55244e+006 29.7153
400436 7.55244e+006 29.7603
400436 7.55244e+006 29.7603
400436 7.55244e+006 29.7428
400436 7.55244e+006 29.708
400436 7.55244e+006 29.6963
400436 7.55244e+006 29.708
400436 7.55244e+006 29.7428
400436 7.55244e+006 29.7428
400436 7.55244e+006 29.7146
400436 7.55244e+006 29.6963
400436 7.55244e+006 18.901
400436 7.55244e+006 18.9008
400436 7.55244e+006 29.6963
400436 7.55244e+006 29.6963
400436 7.55244e+006 29.692
400436 7.55244e+006 18.901
400436 7.55244e+006 18.9011
400436 7.55244e+006 18.901
400436 7.55244e+006 29.692
400436 7.55244e+006 29.692
400436 7.55244e+006 29.6993
400436 7.55244e+006 18.9011
400436 7.55244e+006 18.9011
400436 7.55244e+006 18.9011
400436 7.55244e+006 29.6993
400436 7.55244e+006 29.6993
400436 7.55244e+006 29.711
400436 7.55244e+006 18.9011
400436 7.55244e+006 18.9009
400436 7.55244e+006 18.9011
400436 7.55244e+006 29.711
400436 7.55244e+006 29.711
400436 7.55244e+006 29.7153
400436 7.55244e+006 18.9009
400436 7.55244e+006 18.9008
400436 7.55244e+006 18.9009
400436 7.55244e+006 29.7153
400436 7.55244e+006 29.7153
400436 7.55244e+006 29.708
400436 7.55244e+006 18.9008
400436 7.55244e+006 18.9008
400436 7.55244e+006 18.9008
400436 7.55244e+006 29.708
400436 7.55244e+006 29.708
400436 7.55244e+006 29.6963
400436 7.55244e+006 18.9008
400437 7.55244e+006 29.4121
400437 7.55244e+006 29.412
400437 7.55244e+006 29.4118
400437 7.55244e+006 29.4121
400437 7.55244e+006 29.4118
400437 7.55244e+006 29.4117
400437 7.55244e+006 29.4121
400437 7.55244e+006 29.4117
400437 7.55244e+006 29.4118
400437 7.55244e+006 29.412
400437 7.55244e+006 29.4121
400437 7.55244e+006 29.4118
400436 7.55244e+006 18.9011
400436 7.55244e+006 18.9008
400436 7.55244e+006 18.901
400436 7.55244e+006 18.9008
400436 7.55244e+006 18.9011
400436 7.55244e+006 18.9011
400436 7.55244e+006 18.9011
400436 7.55244e+006 18.9009
400436 7.55244e+006 18.9008
400436 7.55244e+006 18.9008
400436 7.55244e+006 18.9008
400436 7.55244e+006 18.9009
