405419 7.55482e+006 7.33096
405419 7.55482e+006 7.29082
405419 7.55482e+006 8.15318
405419 7.55482e+006 8.15318
405419 7.55482e+006 8.19332
405419 7.55482e+006 7.33096
405419 7.55482e+006 7.29082
405419 7.55482e+006 7.29084
405419 7.55482e+006 8.1532
405419 7.55482e+006 8.1532
405419 7.55482e+006 8.15318
405419 7.55482e+006 7.29082
405419 7.55482e+006 7.29084
405419 7.55482e+006 7.331
405419 7.55482e+006 8.19336
405419 7.55482e+006 8.19336
405419 7.55482e+006 8.1532
405419 7.55482e+006 7.29084
405419 7.55482e+006 7.331
405419 7.55482e+006 7.37114
405419 7.55482e+006 8.2335
405419 7.55482e+006 8.2335
405419 7.55482e+006 8.19336
405419 7.55482e+006 7.331
405419 7.55482e+006 7.37114
405419 7.55482e+006 7.37112
405419 7.55482e+006 8.23348
405419 7.55482e+006 8.23348
405419 7.55482e+006 8.2335
405419 7.55482e+006 7.37114
405419 7.55482e+006 7.37112
405419 7.55482e+006 7.33096
405419 7.55482e+006 8.19332
405419 7.55482e+006 8.19332
405419 7.55482e+006 8.23348
405419 7.55482e+006 7.37112
405419 7.55482e+006 7.19836
405419 7.55482e+006 7.13598
405419 7.55482e+006 7.07356
405419 7.55482e+006 7.07356
405419 7.55482e+006 7.07353
405419 7.55482e+006 7.13591
405419 7.55482e+006 7.19836
405419 7.55482e+006 7.07356
405419 7.55482e+006 7.13591
405419 7.55482e+006 7.19832
405419 7.55482e+006 7.19836
405419 7.55482e+006 7.13591
405419 7.55482e+006 8.15318
405419 7.55482e+006 8.1532
405419 7.55482e+006 8.19336
405419 7.55482e+006 8.19336
405419 7.55482e+006 8.2335
405419 7.55482e+006 8.23348
405419 7.55482e+006 8.15318
405419 7.55482e+006 8.19336
405419 7.55482e+006 8.23348
405419 7.55482e+006 8.19332
405419 7.55482e+006 8.15318
405419 7.55482e+006 8.23348
405419 7.55482e+006 7.29082
405419 7.55482e+006 7.33096
405419 7.55482e+006 7.13591
405419 7.55482e+006 7.13591
405419 7.55482e+006 7.07353
405419 7.55482e+006 7.29082
405419 7.55482e+006 7.33096
405419 7.55482e+006 7.37112
405419 7.55482e+006 7.19832
405419 7.55482e+006 7.19832
405419 7.55482e+006 7.13591
405419 7.55482e+006 7.33096
405419 7.55482e+006 7.37112
405419 7.55482e+006 7.37114
405419 7.55482e+006 7.19836
405419 7.55482e+006 7.19836
405419 7.55482e+006 7.19832
405419 7.55482e+006 7.37112
405419 7.55482e+006 7.37114
405419 7.55482e+006 7.331
405419 7.55482e+006 7.13598
405419 7.55482e+006 7.13598
405419 7.55482e+006 7.19836
405419 7.55482e+006 7.37114
405419 7.55482e+006 7.331
405419 7.55482e+006 7.29084
405419 7.55482e+006 7.07356
405419 7.55482e+006 7.07356
405419 7.55482e+006 7.13598
405419 7.55482e+006 7.331
405419 7.55482e+006 7.29084
405419 7.55482e+006 7.29082
405419 7.55482e+006 7.07353
405419 7.55482e+006 7.07353
405419 7.55482e+006 7.07356
405419 7.55482e+006 7.29084
405418 7.55481e+006 7.33096
405419 7.55481e+006 7.29082
405419 7.55481e+006 8.15318
405419 7.55481e+006 8.15318
405419 7.55481e+006 8.19332
405418 7.55481e+006 7.33096
405419 7.55481e+006 7.29082
405419 7.55481e+006 7.29084
405419 7.55481e+006 8.1532
405419 7.55481e+006 8.1532
405419 7.55481e+006 8.15318
405419 7.55481e+006 7.29082
405419 7.55481e+006 7.29084
405419 7.55482e+006 7.331
405419 7.55482e+006 8.19336
405419 7.55482e+006 8.19336
405419 7.55481e+006 8.1532
405419 7.55481e+006 7.29084
405419 7.55482e+006 7.331
405418 7.55482e+006 7.37114
405418 7.55482e+006 8.2335
405418 7.55482e+006 8.2335
405419 7.55482e+006 8.19336
405419 7.55482e+006 7.331
405418 7.55482e+006 7.37114
405418 7.55481e+006 7.37112
405418 7.55481e+006 8.23348
405418 7.55481e+006 8.23348
405418 7.55482e+006 8.2335
405418 7.55482e+006 7.37114
405418 7.55481e+006 7.37112
405418 7.55481e+006 7.33096
405419 7.55481e+006 8.19332
405419 7.55481e+006 8.19332
405418 7.55481e+006 8.23348
405418 7.55481e+006 7.37112
405418 7.55482e+006 7.19836
405419 7.55482e+006 7.13598
405419 7.55482e+006 7.07356
405419 7.55482e+006 7.07356
405419 7.55481e+006 7.07353
405418 7.55481e+006 7.13591
405418 7.55482e+006 7.19836
405419 7.55482e+006 7.07356
405418 7.55481e+006 7.13591
405418 7.55481e+006 7.19832
405418 7.55482e+006 7.19836
405418 7.55481e+006 7.13591
405419 7.55481e+006 8.15318
405419 7.55481e+006 8.1532
405419 7.55482e+006 8.19336
405419 7.55482e+006 8.19336
405418 7.55482e+006 8.2335
405418 7.55481e+006 8.23348
405419 7.55481e+006 8.15318
405419 7.55482e+006 8.19336
405418 7.55481e+006 8.23348
405419 7.55481e+006 8.19332
405419 7.55481e+006 8.15318
405418 7.55481e+006 8.23348
405419 7.55481e+006 7.29082
405418 7.55481e+006 7.33096
405418 7.55481e+006 7.13591
405418 7.55481e+006 7.13591
405419 7.55481e+006 7.07353
405419 7.55481e+006 7.29082
405418 7.55481e+006 7.33096
405418 7.55481e+006 7.37112
405418 7.55481e+006 7.19832
405418 7.55481e+006 7.19832
405418 7.55481e+006 7.13591
405418 7.55481e+006 7.33096
405418 7.55481e+006 7.37112
405418 7.55482e+006 7.37114
405418 7.55482e+006 7.19836
405418 7.55482e+006 7.19836
405418 7.55481e+006 7.19832
405418 7.55481e+006 7.37112
405418 7.55482e+006 7.37114
405419 7.55482e+006 7.331
405419 7.55482e+006 7.13598
405419 7.55482e+006 7.13598
405418 7.55482e+006 7.19836
405418 7.55482e+006 7.37114
405419 7.55482e+006 7.331
405419 7.55481e+006 7.29084
405419 7.55482e+006 7.07356
405419 7.55482e+006 7.07356
405419 7.55482e+006 7.13598
405419 7.55482e+006 7.331
405419 7.55481e+006 7.29084
405419 7.55481e+006 7.29082
405419 7.55481e+006 7.07353
405419 7.55481e+006 7.07353
405419 7.55482e+006 7.07356
405419 7.55481e+006 7.29084
405420 7.55482e+006 7.33096
405420 7.55482e+006 7.29082
405420 7.55482e+006 8.15318
405420 7.55482e+006 8.15318
405420 7.55482e+006 8.19332
405420 7.55482e+006 7.33096
405420 7.55482e+006 7.29082
405420 7.55482e+006 7.29084
405420 7.55482e+006 8.1532
405420 7.55482e+006 8.1532
405420 7.55482e+006 8.15318
405420 7.55482e+006 7.29082
405420 7.55482e+006 7.29084
405420 7.55482e+006 7.331
405420 7.55482e+006 8.19336
405420 7.55482e+006 8.19336
405420 7.55482e+006 8.1532
405420 7.55482e+006 7.29084
405420 7.55482e+006 7.331
405420 7.55482e+006 7.37114
405420 7.55482e+006 8.2335
405420 7.55482e+006 8.2335
405420 7.55482e+006 8.19336
405420 7.55482e+006 7.331
405420 7.55482e+006 7.37114
405419 7.55482e+006 7.37112
405420 7.55482e+006 8.23348
405420 7.55482e+006 8.23348
405420 7.55482e+006 8.2335
405420 7.55482e+006 7.37114
405419 7.55482e+006 7.37112
405420 7.55482e+006 7.33096
405420 7.55482e+006 8.19332
405420 7.55482e+006 8.19332
405420 7.55482e+006 8.23348
405419 7.55482e+006 7.37112
405419 7.55482e+006 7.19836
405420 7.55482e+006 7.13598
405420 7.55482e+006 7.07356
405420 7.55482e+006 7.07356
405420 7.55482e+006 7.07353
405420 7.55482e+006 7.13591
405419 7.55482e+006 7.19836
405420 7.55482e+006 7.07356
405420 7.55482e+006 7.13591
405419 7.55482e+006 7.19832
405419 7.55482e+006 7.19836
405420 7.55482e+006 7.13591
405420 7.55482e+006 8.15318
405420 7.55482e+006 8.1532
405420 7.55482e+006 8.19336
405420 7.55482e+006 8.19336
405420 7.55482e+006 8.2335
405420 7.55482e+006 8.23348
405420 7.55482e+006 8.15318
405420 7.55482e+006 8.19336
405420 7.55482e+006 8.23348
405420 7.55482e+006 8.19332
405420 7.55482e+006 8.15318
405420 7.55482e+006 8.23348
405420 7.55482e+006 7.29082
405420 7.55482e+006 7.33096
405420 7.55482e+006 7.13591
405420 7.55482e+006 7.13591
405420 7.55482e+006 7.07353
405420 7.55482e+006 7.29082
405420 7.55482e+006 7.33096
405419 7.55482e+006 7.37112
405419 7.55482e+006 7.19832
405419 7.55482e+006 7.19832
405420 7.55482e+006 7.13591
405420 7.55482e+006 7.33096
405419 7.55482e+006 7.37112
405420 7.55482e+006 7.37114
405419 7.55482e+006 7.19836
405419 7.55482e+006 7.19836
405419 7.55482e+006 7.19832
405419 7.55482e+006 7.37112
405420 7.55482e+006 7.37114
405420 7.55482e+006 7.331
405420 7.55482e+006 7.13598
405420 7.55482e+006 7.13598
405419 7.55482e+006 7.19836
405420 7.55482e+006 7.37114
405420 7.55482e+006 7.331
405420 7.55482e+006 7.29084
405420 7.55482e+006 7.07356
405420 7.55482e+006 7.07356
405420 7.55482e+006 7.13598
405420 7.55482e+006 7.331
405420 7.55482e+006 7.29084
405420 7.55482e+006 7.29082
405420 7.55482e+006 7.07353
405420 7.55482e+006 7.07353
405420 7.55482e+006 7.07356
405420 7.55482e+006 7.29084
405419 7.55482e+006 7.33096
405419 7.55482e+006 7.29082
405420 7.55482e+006 8.15318
405420 7.55482e+006 8.15318
405419 7.55482e+006 8.19332
405419 7.55482e+006 7.33096
405419 7.55482e+006 7.29082
405420 7.55482e+006 7.29084
405420 7.55482e+006 8.1532
405420 7.55482e+006 8.1532
405420 7.55482e+006 8.15318
405419 7.55482e+006 7.29082
405420 7.55482e+006 7.29084
405419 7.55482e+006 7.331
405420 7.55482e+006 8.19336
405420 7.55482e+006 8.19336
405420 7.55482e+006 8.1532
405420 7.55482e+006 7.29084
405419 7.55482e+006 7.331
405419 7.55482e+006 7.37114
405419 7.55482e+006 8.2335
405419 7.55482e+006 8.2335
405420 7.55482e+006 8.19336
405419 7.55482e+006 7.331
405419 7.55482e+006 7.37114
405419 7.55482e+006 7.37112
405419 7.55482e+006 8.23348
405419 7.55482e+006 8.23348
405419 7.55482e+006 8.2335
405419 7.55482e+006 7.37114
405419 7.55482e+006 7.37112
405419 7.55482e+006 7.33096
405419 7.55482e+006 8.19332
405419 7.55482e+006 8.19332
405419 7.55482e+006 8.23348
405419 7.55482e+006 7.37112
405419 7.55482e+006 7.19836
405419 7.55482e+006 7.13598
405420 7.55482e+006 7.07356
405420 7.55482e+006 7.07356
405420 7.55482e+006 7.07353
405419 7.55482e+006 7.13591
405419 7.55482e+006 7.19836
405420 7.55482e+006 7.07356
405419 7.55482e+006 7.13591
405419 7.55482e+006 7.19832
405419 7.55482e+006 7.19836
405419 7.55482e+006 7.13591
405420 7.55482e+006 8.15318
405420 7.55482e+006 8.1532
405420 7.55482e+006 8.19336
405420 7.55482e+006 8.19336
405419 7.55482e+006 8.2335
405419 7.55482e+006 8.23348
405420 7.55482e+006 8.15318
405420 7.55482e+006 8.19336
405419 7.55482e+006 8.23348
405419 7.55482e+006 8.19332
405420 7.55482e+006 8.15318
405419 7.55482e+006 8.23348
405419 7.55482e+006 7.29082
405419 7.55482e+006 7.33096
405419 7.55482e+006 7.13591
405419 7.55482e+006 7.13591
405420 7.55482e+006 7.07353
405419 7.55482e+006 7.29082
405419 7.55482e+006 7.33096
405419 7.55482e+006 7.37112
405419 7.55482e+006 7.19832
405419 7.55482e+006 7.19832
405419 7.55482e+006 7.13591
405419 7.55482e+006 7.33096
405419 7.55482e+006 7.37112
405419 7.55482e+006 7.37114
405419 7.55482e+006 7.19836
405419 7.55482e+006 7.19836
405419 7.55482e+006 7.19832
405419 7.55482e+006 7.37112
405419 7.55482e+006 7.37114
405419 7.55482e+006 7.331
405419 7.55482e+006 7.13598
405419 7.55482e+006 7.13598
405419 7.55482e+006 7.19836
405419 7.55482e+006 7.37114
405419 7.55482e+006 7.331
405420 7.55482e+006 7.29084
405420 7.55482e+006 7.07356
405420 7.55482e+006 7.07356
405419 7.55482e+006 7.13598
405419 7.55482e+006 7.331
405420 7.55482e+006 7.29084
405419 7.55482e+006 7.29082
405420 7.55482e+006 7.07353
405420 7.55482e+006 7.07353
405420 7.55482e+006 7.07356
405420 7.55482e+006 7.29084
405421 7.55482e+006 7.33096
405421 7.55482e+006 7.29082
405421 7.55482e+006 8.15318
405421 7.55482e+006 8.15318
405421 7.55482e+006 8.19332
405421 7.55482e+006 7.33096
405421 7.55482e+006 7.29082
405421 7.55482e+006 7.29084
405421 7.55482e+006 8.1532
405421 7.55482e+006 8.1532
405421 7.55482e+006 8.15318
405421 7.55482e+006 7.29082
405421 7.55482e+006 7.29084
405421 7.55482e+006 7.331
405421 7.55482e+006 8.19336
405421 7.55482e+006 8.19336
405421 7.55482e+006 8.1532
405421 7.55482e+006 7.29084
405421 7.55482e+006 7.331
405421 7.55482e+006 7.37114
405421 7.55482e+006 8.2335
405421 7.55482e+006 8.2335
405421 7.55482e+006 8.19336
405421 7.55482e+006 7.331
405421 7.55482e+006 7.37114
405420 7.55482e+006 7.37112
405421 7.55482e+006 8.23348
405421 7.55482e+006 8.23348
405421 7.55482e+006 8.2335
405421 7.55482e+006 7.37114
405420 7.55482e+006 7.37112
405421 7.55482e+006 7.33096
405421 7.55482e+006 8.19332
405421 7.55482e+006 8.19332
405421 7.55482e+006 8.23348
405420 7.55482e+006 7.37112
405420 7.55482e+006 7.19836
405421 7.55482e+006 7.13598
405421 7.55482e+006 7.07356
405421 7.55482e+006 7.07356
405421 7.55482e+006 7.07353
405421 7.55482e+006 7.13591
405420 7.55482e+006 7.19836
405421 7.55482e+006 7.07356
405421 7.55482e+006 7.13591
405420 7.55482e+006 7.19832
405420 7.55482e+006 7.19836
405421 7.55482e+006 7.13591
405421 7.55482e+006 8.15318
405421 7.55482e+006 8.1532
405421 7.55482e+006 8.19336
405421 7.55482e+006 8.19336
405421 7.55482e+006 8.2335
405421 7.55482e+006 8.23348
405421 7.55482e+006 8.15318
405421 7.55482e+006 8.19336
405421 7.55482e+006 8.23348
405421 7.55482e+006 8.19332
405421 7.55482e+006 8.15318
405421 7.55482e+006 8.23348
405421 7.55482e+006 7.29082
405421 7.55482e+006 7.33096
405421 7.55482e+006 7.13591
405421 7.55482e+006 7.13591
405421 7.55482e+006 7.07353
405421 7.55482e+006 7.29082
405421 7.55482e+006 7.33096
405420 7.55482e+006 7.37112
405420 7.55482e+006 7.19832
405420 7.55482e+006 7.19832
405421 7.55482e+006 7.13591
405421 7.55482e+006 7.33096
405420 7.55482e+006 7.37112
405421 7.55482e+006 7.37114
405420 7.55482e+006 7.19836
405420 7.55482e+006 7.19836
405420 7.55482e+006 7.19832
405420 7.55482e+006 7.37112
405421 7.55482e+006 7.37114
405421 7.55482e+006 7.331
405421 7.55482e+006 7.13598
405421 7.55482e+006 7.13598
405420 7.55482e+006 7.19836
405421 7.55482e+006 7.37114
405421 7.55482e+006 7.331
405421 7.55482e+006 7.29084
405421 7.55482e+006 7.07356
405421 7.55482e+006 7.07356
405421 7.55482e+006 7.13598
405421 7.55482e+006 7.331
405421 7.55482e+006 7.29084
405421 7.55482e+006 7.29082
405421 7.55482e+006 7.07353
405421 7.55482e+006 7.07353
405421 7.55482e+006 7.07356
405421 7.55482e+006 7.29084
405420 7.55482e+006 7.33096
405420 7.55482e+006 7.29082
405421 7.55482e+006 8.15318
405421 7.55482e+006 8.15318
405420 7.55482e+006 8.19332
405420 7.55482e+006 7.33096
405420 7.55482e+006 7.29082
405421 7.55482e+006 7.29084
405421 7.55482e+006 8.1532
405421 7.55482e+006 8.1532
405421 7.55482e+006 8.15318
405420 7.55482e+006 7.29082
405421 7.55482e+006 7.29084
405420 7.55482e+006 7.331
405421 7.55482e+006 8.19336
405421 7.55482e+006 8.19336
405421 7.55482e+006 8.1532
405421 7.55482e+006 7.29084
405420 7.55482e+006 7.331
405420 7.55482e+006 7.37114
405420 7.55482e+006 8.2335
405420 7.55482e+006 8.2335
405421 7.55482e+006 8.19336
405420 7.55482e+006 7.331
405420 7.55482e+006 7.37114
405420 7.55482e+006 7.37112
405420 7.55482e+006 8.23348
405420 7.55482e+006 8.23348
405420 7.55482e+006 8.2335
405420 7.55482e+006 7.37114
405420 7.55482e+006 7.37112
405420 7.55482e+006 7.33096
405420 7.55482e+006 8.19332
405420 7.55482e+006 8.19332
405420 7.55482e+006 8.23348
405420 7.55482e+006 7.37112
405420 7.55482e+006 7.19836
405420 7.55482e+006 7.13598
405421 7.55482e+006 7.07356
405421 7.55482e+006 7.07356
405421 7.55482e+006 7.07353
405420 7.55482e+006 7.13591
405420 7.55482e+006 7.19836
405421 7.55482e+006 7.07356
405420 7.55482e+006 7.13591
405420 7.55482e+006 7.19832
405420 7.55482e+006 7.19836
405420 7.55482e+006 7.13591
405421 7.55482e+006 8.15318
405421 7.55482e+006 8.1532
405421 7.55482e+006 8.19336
405421 7.55482e+006 8.19336
405420 7.55482e+006 8.2335
405420 7.55482e+006 8.23348
405421 7.55482e+006 8.15318
405421 7.55482e+006 8.19336
405420 7.55482e+006 8.23348
405420 7.55482e+006 8.19332
405421 7.55482e+006 8.15318
405420 7.55482e+006 8.23348
405420 7.55482e+006 7.29082
405420 7.55482e+006 7.33096
405420 7.55482e+006 7.13591
405420 7.55482e+006 7.13591
405421 7.55482e+006 7.07353
405420 7.55482e+006 7.29082
405420 7.55482e+006 7.33096
405420 7.55482e+006 7.37112
405420 7.55482e+006 7.19832
405420 7.55482e+006 7.19832
405420 7.55482e+006 7.13591
405420 7.55482e+006 7.33096
405420 7.55482e+006 7.37112
405420 7.55482e+006 7.37114
405420 7.55482e+006 7.19836
405420 7.55482e+006 7.19836
405420 7.55482e+006 7.19832
405420 7.55482e+006 7.37112
405420 7.55482e+006 7.37114
405420 7.55482e+006 7.331
405420 7.55482e+006 7.13598
405420 7.55482e+006 7.13598
405420 7.55482e+006 7.19836
405420 7.55482e+006 7.37114
405420 7.55482e+006 7.331
405421 7.55482e+006 7.29084
405421 7.55482e+006 7.07356
405421 7.55482e+006 7.07356
405420 7.55482e+006 7.13598
405420 7.55482e+006 7.331
405421 7.55482e+006 7.29084
405420 7.55482e+006 7.29082
405421 7.55482e+006 7.07353
405421 7.55482e+006 7.07353
405421 7.55482e+006 7.07356
405421 7.55482e+006 7.29084
405421 7.55482e+006 7.33096
405422 7.55482e+006 7.29082
405422 7.55482e+006 8.15318
405422 7.55482e+006 8.15318
405421 7.55482e+006 8.19332
405421 7.55482e+006 7.33096
405422 7.55482e+006 7.29082
405422 7.55482e+006 7.29084
405422 7.55482e+006 8.1532
405422 7.55482e+006 8.1532
405422 7.55482e+006 8.15318
405422 7.55482e+006 7.29082
405422 7.55482e+006 7.29084
405422 7.55482e+006 7.331
405422 7.55482e+006 8.19336
405422 7.55482e+006 8.19336
405422 7.55482e+006 8.1532
405422 7.55482e+006 7.29084
405422 7.55482e+006 7.331
405421 7.55482e+006 7.37114
405421 7.55482e+006 8.2335
405421 7.55482e+006 8.2335
405422 7.55482e+006 8.19336
405422 7.55482e+006 7.331
405421 7.55482e+006 7.37114
405421 7.55482e+006 7.37112
405421 7.55482e+006 8.23348
405421 7.55482e+006 8.23348
405421 7.55482e+006 8.2335
405421 7.55482e+006 7.37114
405421 7.55482e+006 7.37112
405421 7.55482e+006 7.33096
405421 7.55482e+006 8.19332
405421 7.55482e+006 8.19332
405421 7.55482e+006 8.23348
405421 7.55482e+006 7.37112
405421 7.55482e+006 7.19836
405422 7.55482e+006 7.13598
405422 7.55482e+006 7.07356
405422 7.55482e+006 7.07356
405422 7.55482e+006 7.07353
405421 7.55482e+006 7.13591
405421 7.55482e+006 7.19836
405422 7.55482e+006 7.07356
405421 7.55482e+006 7.13591
405421 7.55482e+006 7.19832
405421 7.55482e+006 7.19836
405421 7.55482e+006 7.13591
405422 7.55482e+006 8.15318
405422 7.55482e+006 8.1532
405422 7.55482e+006 8.19336
405422 7.55482e+006 8.19336
405421 7.55482e+006 8.2335
405421 7.55482e+006 8.23348
405422 7.55482e+006 8.15318
405422 7.55482e+006 8.19336
405421 7.55482e+006 8.23348
405421 7.55482e+006 8.19332
405422 7.55482e+006 8.15318
405421 7.55482e+006 8.23348
405422 7.55482e+006 7.29082
405421 7.55482e+006 7.33096
405421 7.55482e+006 7.13591
405421 7.55482e+006 7.13591
405422 7.55482e+006 7.07353
405422 7.55482e+006 7.29082
405421 7.55482e+006 7.33096
405421 7.55482e+006 7.37112
405421 7.55482e+006 7.19832
405421 7.55482e+006 7.19832
405421 7.55482e+006 7.13591
405421 7.55482e+006 7.33096
405421 7.55482e+006 7.37112
405421 7.55482e+006 7.37114
405421 7.55482e+006 7.19836
405421 7.55482e+006 7.19836
405421 7.55482e+006 7.19832
405421 7.55482e+006 7.37112
405421 7.55482e+006 7.37114
405422 7.55482e+006 7.331
405422 7.55482e+006 7.13598
405422 7.55482e+006 7.13598
405421 7.55482e+006 7.19836
405421 7.55482e+006 7.37114
405422 7.55482e+006 7.331
405422 7.55482e+006 7.29084
405422 7.55482e+006 7.07356
405422 7.55482e+006 7.07356
405422 7.55482e+006 7.13598
405422 7.55482e+006 7.331
405422 7.55482e+006 7.29084
405422 7.55482e+006 7.29082
405422 7.55482e+006 7.07353
405422 7.55482e+006 7.07353
405422 7.55482e+006 7.07356
405422 7.55482e+006 7.29084
405421 7.55482e+006 7.33096
405421 7.55482e+006 7.29082
405421 7.55482e+006 8.15318
405421 7.55482e+006 8.15318
405421 7.55482e+006 8.19332
405421 7.55482e+006 7.33096
405421 7.55482e+006 7.29082
405421 7.55482e+006 7.29084
405421 7.55482e+006 8.1532
405421 7.55482e+006 8.1532
405421 7.55482e+006 8.15318
405421 7.55482e+006 7.29082
405421 7.55482e+006 7.29084
405421 7.55482e+006 7.331
405421 7.55482e+006 8.19336
405421 7.55482e+006 8.19336
405421 7.55482e+006 8.1532
405421 7.55482e+006 7.29084
405421 7.55482e+006 7.331
405421 7.55482e+006 7.37114
405421 7.55482e+006 8.2335
405421 7.55482e+006 8.2335
405421 7.55482e+006 8.19336
405421 7.55482e+006 7.331
405421 7.55482e+006 7.37114
405421 7.55482e+006 7.37112
405421 7.55482e+006 8.23348
405421 7.55482e+006 8.23348
405421 7.55482e+006 8.2335
405421 7.55482e+006 7.37114
405421 7.55482e+006 7.37112
405421 7.55482e+006 7.33096
405421 7.55482e+006 8.19332
405421 7.55482e+006 8.19332
405421 7.55482e+006 8.23348
405421 7.55482e+006 7.37112
405421 7.55482e+006 7.19836
405421 7.55482e+006 7.13598
405422 7.55482e+006 7.07356
405422 7.55482e+006 7.07356
405421 7.55482e+006 7.07353
405421 7.55482e+006 7.13591
405421 7.55482e+006 7.19836
405422 7.55482e+006 7.07356
405421 7.55482e+006 7.13591
405421 7.55482e+006 7.19832
405421 7.55482e+006 7.19836
405421 7.55482e+006 7.13591
405421 7.55482e+006 8.15318
405421 7.55482e+006 8.1532
405421 7.55482e+006 8.19336
405421 7.55482e+006 8.19336
405421 7.55482e+006 8.2335
405421 7.55482e+006 8.23348
405421 7.55482e+006 8.15318
405421 7.55482e+006 8.19336
405421 7.55482e+006 8.23348
405421 7.55482e+006 8.19332
405421 7.55482e+006 8.15318
405421 7.55482e+006 8.23348
405421 7.55482e+006 7.29082
405421 7.55482e+006 7.33096
405421 7.55482e+006 7.13591
405421 7.55482e+006 7.13591
405421 7.55482e+006 7.07353
405421 7.55482e+006 7.29082
405421 7.55482e+006 7.33096
405421 7.55482e+006 7.37112
405421 7.55482e+006 7.19832
405421 7.55482e+006 7.19832
405421 7.55482e+006 7.13591
405421 7.55482e+006 7.33096
405421 7.55482e+006 7.37112
405421 7.55482e+006 7.37114
405421 7.55482e+006 7.19836
405421 7.55482e+006 7.19836
405421 7.55482e+006 7.19832
405421 7.55482e+006 7.37112
405421 7.55482e+006 7.37114
405421 7.55482e+006 7.331
405421 7.55482e+006 7.13598
405421 7.55482e+006 7.13598
405421 7.55482e+006 7.19836
405421 7.55482e+006 7.37114
405421 7.55482e+006 7.331
405421 7.55482e+006 7.29084
405422 7.55482e+006 7.07356
405422 7.55482e+006 7.07356
405421 7.55482e+006 7.13598
405421 7.55482e+006 7.331
405421 7.55482e+006 7.29084
405421 7.55482e+006 7.29082
405421 7.55482e+006 7.07353
405421 7.55482e+006 7.07353
405422 7.55482e+006 7.07356
405421 7.55482e+006 7.29084
405416 7.55481e+006 7.33096
405416 7.55481e+006 7.29082
405416 7.55481e+006 8.15318
405416 7.55481e+006 8.15318
405416 7.55481e+006 8.19332
405416 7.55481e+006 7.33096
405416 7.55481e+006 7.29082
405416 7.55481e+006 7.29084
405416 7.55481e+006 8.1532
405416 7.55481e+006 8.1532
405416 7.55481e+006 8.15318
405416 7.55481e+006 7.29082
405416 7.55481e+006 7.29084
405416 7.55481e+006 7.331
405416 7.55481e+006 8.19336
405416 7.55481e+006 8.19336
405416 7.55481e+006 8.1532
405416 7.55481e+006 7.29084
405416 7.55481e+006 7.331
405416 7.55481e+006 7.37114
405416 7.55481e+006 8.2335
405416 7.55481e+006 8.2335
405416 7.55481e+006 8.19336
405416 7.55481e+006 7.331
405416 7.55481e+006 7.37114
405415 7.55481e+006 7.37112
405416 7.55481e+006 8.23348
405416 7.55481e+006 8.23348
405416 7.55481e+006 8.2335
405416 7.55481e+006 7.37114
405415 7.55481e+006 7.37112
405416 7.55481e+006 7.33096
405416 7.55481e+006 8.19332
405416 7.55481e+006 8.19332
405416 7.55481e+006 8.23348
405415 7.55481e+006 7.37112
405415 7.55481e+006 7.19836
405416 7.55481e+006 7.13598
405416 7.55481e+006 7.07356
405416 7.55481e+006 7.07356
405416 7.55481e+006 7.07353
405416 7.55481e+006 7.13591
405415 7.55481e+006 7.19836
405416 7.55481e+006 7.07356
405416 7.55481e+006 7.13591
405415 7.55481e+006 7.19832
405415 7.55481e+006 7.19836
405416 7.55481e+006 7.13591
405416 7.55481e+006 8.15318
405416 7.55481e+006 8.1532
405416 7.55481e+006 8.19336
405416 7.55481e+006 8.19336
405416 7.55481e+006 8.2335
405416 7.55481e+006 8.23348
405416 7.55481e+006 8.15318
405416 7.55481e+006 8.19336
405416 7.55481e+006 8.23348
405416 7.55481e+006 8.19332
405416 7.55481e+006 8.15318
405416 7.55481e+006 8.23348
405416 7.55481e+006 7.29082
405416 7.55481e+006 7.33096
405416 7.55481e+006 7.13591
405416 7.55481e+006 7.13591
405416 7.55481e+006 7.07353
405416 7.55481e+006 7.29082
405416 7.55481e+006 7.33096
405415 7.55481e+006 7.37112
405415 7.55481e+006 7.19832
405415 7.55481e+006 7.19832
405416 7.55481e+006 7.13591
405416 7.55481e+006 7.33096
405415 7.55481e+006 7.37112
405416 7.55481e+006 7.37114
405415 7.55481e+006 7.19836
405415 7.55481e+006 7.19836
405415 7.55481e+006 7.19832
405415 7.55481e+006 7.37112
405416 7.55481e+006 7.37114
405416 7.55481e+006 7.331
405416 7.55481e+006 7.13598
405416 7.55481e+006 7.13598
405415 7.55481e+006 7.19836
405416 7.55481e+006 7.37114
405416 7.55481e+006 7.331
405416 7.55481e+006 7.29084
405416 7.55481e+006 7.07356
405416 7.55481e+006 7.07356
405416 7.55481e+006 7.13598
405416 7.55481e+006 7.331
405416 7.55481e+006 7.29084
405416 7.55481e+006 7.29082
405416 7.55481e+006 7.07353
405416 7.55481e+006 7.07353
405416 7.55481e+006 7.07356
405416 7.55481e+006 7.29084
405415 7.55481e+006 7.33096
405415 7.55481e+006 7.29082
405416 7.55481e+006 8.15318
405416 7.55481e+006 8.15318
405415 7.55481e+006 8.19332
405415 7.55481e+006 7.33096
405415 7.55481e+006 7.29082
405416 7.55481e+006 7.29084
405416 7.55481e+006 8.1532
405416 7.55481e+006 8.1532
405416 7.55481e+006 8.15318
405415 7.55481e+006 7.29082
405416 7.55481e+006 7.29084
405415 7.55481e+006 7.331
405416 7.55481e+006 8.19336
405416 7.55481e+006 8.19336
405416 7.55481e+006 8.1532
405416 7.55481e+006 7.29084
405415 7.55481e+006 7.331
405415 7.55481e+006 7.37114
405415 7.55481e+006 8.2335
405415 7.55481e+006 8.2335
405416 7.55481e+006 8.19336
405415 7.55481e+006 7.331
405415 7.55481e+006 7.37114
405415 7.55481e+006 7.37112
405415 7.55481e+006 8.23348
405415 7.55481e+006 8.23348
405415 7.55481e+006 8.2335
405415 7.55481e+006 7.37114
405415 7.55481e+006 7.37112
405415 7.55481e+006 7.33096
405415 7.55481e+006 8.19332
405415 7.55481e+006 8.19332
405415 7.55481e+006 8.23348
405415 7.55481e+006 7.37112
405415 7.55481e+006 7.19836
405415 7.55481e+006 7.13598
405416 7.55481e+006 7.07356
405416 7.55481e+006 7.07356
405416 7.55481e+006 7.07353
405415 7.55481e+006 7.13591
405415 7.55481e+006 7.19836
405416 7.55481e+006 7.07356
405415 7.55481e+006 7.13591
405415 7.55481e+006 7.19832
405415 7.55481e+006 7.19836
405415 7.55481e+006 7.13591
405416 7.55481e+006 8.15318
405416 7.55481e+006 8.1532
405416 7.55481e+006 8.19336
405416 7.55481e+006 8.19336
405415 7.55481e+006 8.2335
405415 7.55481e+006 8.23348
405416 7.55481e+006 8.15318
405416 7.55481e+006 8.19336
405415 7.55481e+006 8.23348
405415 7.55481e+006 8.19332
405416 7.55481e+006 8.15318
405415 7.55481e+006 8.23348
405415 7.55481e+006 7.29082
405415 7.55481e+006 7.33096
405415 7.55481e+006 7.13591
405415 7.55481e+006 7.13591
405416 7.55481e+006 7.07353
405415 7.55481e+006 7.29082
405415 7.55481e+006 7.33096
405415 7.55481e+006 7.37112
405415 7.55481e+006 7.19832
405415 7.55481e+006 7.19832
405415 7.55481e+006 7.13591
405415 7.55481e+006 7.33096
405415 7.55481e+006 7.37112
405415 7.55481e+006 7.37114
405415 7.55481e+006 7.19836
405415 7.55481e+006 7.19836
405415 7.55481e+006 7.19832
405415 7.55481e+006 7.37112
405415 7.55481e+006 7.37114
405415 7.55481e+006 7.331
405415 7.55481e+006 7.13598
405415 7.55481e+006 7.13598
405415 7.55481e+006 7.19836
405415 7.55481e+006 7.37114
405415 7.55481e+006 7.331
405416 7.55481e+006 7.29084
405416 7.55481e+006 7.07356
405416 7.55481e+006 7.07356
405415 7.55481e+006 7.13598
405415 7.55481e+006 7.331
405416 7.55481e+006 7.29084
405415 7.55481e+006 7.29082
405416 7.55481e+006 7.07353
405416 7.55481e+006 7.07353
405416 7.55481e+006 7.07356
405416 7.55481e+006 7.29084
405416 7.55481e+006 7.33096
405417 7.55481e+006 7.29082
405417 7.55481e+006 8.15318
405417 7.55481e+006 8.15318
405416 7.55481e+006 8.19332
405416 7.55481e+006 7.33096
405417 7.55481e+006 7.29082
405417 7.55481e+006 7.29084
405417 7.55481e+006 8.1532
405417 7.55481e+006 8.1532
405417 7.55481e+006 8.15318
405417 7.55481e+006 7.29082
405417 7.55481e+006 7.29084
405417 7.55481e+006 7.331
405417 7.55481e+006 8.19336
405417 7.55481e+006 8.19336
405417 7.55481e+006 8.1532
405417 7.55481e+006 7.29084
405417 7.55481e+006 7.331
405416 7.55481e+006 7.37114
405416 7.55481e+006 8.2335
405416 7.55481e+006 8.2335
405417 7.55481e+006 8.19336
405417 7.55481e+006 7.331
405416 7.55481e+006 7.37114
405416 7.55481e+006 7.37112
405416 7.55481e+006 8.23348
405416 7.55481e+006 8.23348
405416 7.55481e+006 8.2335
405416 7.55481e+006 7.37114
405416 7.55481e+006 7.37112
405416 7.55481e+006 7.33096
405416 7.55481e+006 8.19332
405416 7.55481e+006 8.19332
405416 7.55481e+006 8.23348
405416 7.55481e+006 7.37112
405416 7.55481e+006 7.19836
405417 7.55481e+006 7.13598
405417 7.55481e+006 7.07356
405417 7.55481e+006 7.07356
405417 7.55481e+006 7.07353
405416 7.55481e+006 7.13591
405416 7.55481e+006 7.19836
405417 7.55481e+006 7.07356
405416 7.55481e+006 7.13591
405416 7.55481e+006 7.19832
405416 7.55481e+006 7.19836
405416 7.55481e+006 7.13591
405417 7.55481e+006 8.15318
405417 7.55481e+006 8.1532
405417 7.55481e+006 8.19336
405417 7.55481e+006 8.19336
405416 7.55481e+006 8.2335
405416 7.55481e+006 8.23348
405417 7.55481e+006 8.15318
405417 7.55481e+006 8.19336
405416 7.55481e+006 8.23348
405416 7.55481e+006 8.19332
405417 7.55481e+006 8.15318
405416 7.55481e+006 8.23348
405417 7.55481e+006 7.29082
405416 7.55481e+006 7.33096
405416 7.55481e+006 7.13591
405416 7.55481e+006 7.13591
405417 7.55481e+006 7.07353
405417 7.55481e+006 7.29082
405416 7.55481e+006 7.33096
405416 7.55481e+006 7.37112
405416 7.55481e+006 7.19832
405416 7.55481e+006 7.19832
405416 7.55481e+006 7.13591
405416 7.55481e+006 7.33096
405416 7.55481e+006 7.37112
405416 7.55481e+006 7.37114
405416 7.55481e+006 7.19836
405416 7.55481e+006 7.19836
405416 7.55481e+006 7.19832
405416 7.55481e+006 7.37112
405416 7.55481e+006 7.37114
405417 7.55481e+006 7.331
405417 7.55481e+006 7.13598
405417 7.55481e+006 7.13598
405416 7.55481e+006 7.19836
405416 7.55481e+006 7.37114
405417 7.55481e+006 7.331
405417 7.55481e+006 7.29084
405417 7.55481e+006 7.07356
405417 7.55481e+006 7.07356
405417 7.55481e+006 7.13598
405417 7.55481e+006 7.331
405417 7.55481e+006 7.29084
405417 7.55481e+006 7.29082
405417 7.55481e+006 7.07353
405417 7.55481e+006 7.07353
405417 7.55481e+006 7.07356
405417 7.55481e+006 7.29084
405416 7.55481e+006 7.33096
405416 7.55481e+006 7.29082
405416 7.55481e+006 8.15318
405416 7.55481e+006 8.15318
405416 7.55481e+006 8.19332
405416 7.55481e+006 7.33096
405416 7.55481e+006 7.29082
405416 7.55481e+006 7.29084
405416 7.55481e+006 8.1532
405416 7.55481e+006 8.1532
405416 7.55481e+006 8.15318
405416 7.55481e+006 7.29082
405416 7.55481e+006 7.29084
405416 7.55481e+006 7.331
405416 7.55481e+006 8.19336
405416 7.55481e+006 8.19336
405416 7.55481e+006 8.1532
405416 7.55481e+006 7.29084
405416 7.55481e+006 7.331
405416 7.55481e+006 7.37114
405416 7.55481e+006 8.2335
405416 7.55481e+006 8.2335
405416 7.55481e+006 8.19336
405416 7.55481e+006 7.331
405416 7.55481e+006 7.37114
405416 7.55481e+006 7.37112
405416 7.55481e+006 8.23348
405416 7.55481e+006 8.23348
405416 7.55481e+006 8.2335
405416 7.55481e+006 7.37114
405416 7.55481e+006 7.37112
405416 7.55481e+006 7.33096
405416 7.55481e+006 8.19332
405416 7.55481e+006 8.19332
405416 7.55481e+006 8.23348
405416 7.55481e+006 7.37112
405416 7.55481e+006 7.19836
405416 7.55481e+006 7.13598
405416 7.55481e+006 7.07356
405416 7.55481e+006 7.07356
405416 7.55481e+006 7.07353
405416 7.55481e+006 7.13591
405416 7.55481e+006 7.19836
405416 7.55481e+006 7.07356
405416 7.55481e+006 7.13591
405416 7.55481e+006 7.19832
405416 7.55481e+006 7.19836
405416 7.55481e+006 7.13591
405416 7.55481e+006 8.15318
405416 7.55481e+006 8.1532
405416 7.55481e+006 8.19336
405416 7.55481e+006 8.19336
405416 7.55481e+006 8.2335
405416 7.55481e+006 8.23348
405416 7.55481e+006 8.15318
405416 7.55481e+006 8.19336
405416 7.55481e+006 8.23348
405416 7.55481e+006 8.19332
405416 7.55481e+006 8.15318
405416 7.55481e+006 8.23348
405416 7.55481e+006 7.29082
405416 7.55481e+006 7.33096
405416 7.55481e+006 7.13591
405416 7.55481e+006 7.13591
405416 7.55481e+006 7.07353
405416 7.55481e+006 7.29082
405416 7.55481e+006 7.33096
405416 7.55481e+006 7.37112
405416 7.55481e+006 7.19832
405416 7.55481e+006 7.19832
405416 7.55481e+006 7.13591
405416 7.55481e+006 7.33096
405416 7.55481e+006 7.37112
405416 7.55481e+006 7.37114
405416 7.55481e+006 7.19836
405416 7.55481e+006 7.19836
405416 7.55481e+006 7.19832
405416 7.55481e+006 7.37112
405416 7.55481e+006 7.37114
405416 7.55481e+006 7.331
405416 7.55481e+006 7.13598
405416 7.55481e+006 7.13598
405416 7.55481e+006 7.19836
405416 7.55481e+006 7.37114
405416 7.55481e+006 7.331
405416 7.55481e+006 7.29084
405416 7.55481e+006 7.07356
405416 7.55481e+006 7.07356
405416 7.55481e+006 7.13598
405416 7.55481e+006 7.331
405416 7.55481e+006 7.29084
405416 7.55481e+006 7.29082
405416 7.55481e+006 7.07353
405416 7.55481e+006 7.07353
405416 7.55481e+006 7.07356
405416 7.55481e+006 7.29084
405415 7.55481e+006 7.33096
405415 7.55481e+006 7.29082
405415 7.55481e+006 8.15318
405415 7.55481e+006 8.15318
405415 7.55481e+006 8.19332
405415 7.55481e+006 7.33096
405415 7.55481e+006 7.29082
405415 7.55481e+006 7.29084
405415 7.55481e+006 8.1532
405415 7.55481e+006 8.1532
405415 7.55481e+006 8.15318
405415 7.55481e+006 7.29082
405415 7.55481e+006 7.29084
405415 7.55481e+006 7.331
405415 7.55481e+006 8.19336
405415 7.55481e+006 8.19336
405415 7.55481e+006 8.1532
405415 7.55481e+006 7.29084
405415 7.55481e+006 7.331
405415 7.55481e+006 7.37114
405415 7.55481e+006 8.2335
405415 7.55481e+006 8.2335
405415 7.55481e+006 8.19336
405415 7.55481e+006 7.331
405415 7.55481e+006 7.37114
405414 7.55481e+006 7.37112
405415 7.55481e+006 8.23348
405415 7.55481e+006 8.23348
405415 7.55481e+006 8.2335
405415 7.55481e+006 7.37114
405414 7.55481e+006 7.37112
405415 7.55481e+006 7.33096
405415 7.55481e+006 8.19332
405415 7.55481e+006 8.19332
405415 7.55481e+006 8.23348
405414 7.55481e+006 7.37112
405414 7.55481e+006 7.19836
405415 7.55481e+006 7.13598
405415 7.55481e+006 7.07356
405415 7.55481e+006 7.07356
405415 7.55481e+006 7.07353
405414 7.55481e+006 7.13591
405414 7.55481e+006 7.19836
405415 7.55481e+006 7.07356
405414 7.55481e+006 7.13591
405414 7.55481e+006 7.19832
405414 7.55481e+006 7.19836
405414 7.55481e+006 7.13591
405415 7.55481e+006 8.15318
405415 7.55481e+006 8.1532
405415 7.55481e+006 8.19336
405415 7.55481e+006 8.19336
405415 7.55481e+006 8.2335
405415 7.55481e+006 8.23348
405415 7.55481e+006 8.15318
405415 7.55481e+006 8.19336
405415 7.55481e+006 8.23348
405415 7.55481e+006 8.19332
405415 7.55481e+006 8.15318
405415 7.55481e+006 8.23348
405415 7.55481e+006 7.29082
405415 7.55481e+006 7.33096
405414 7.55481e+006 7.13591
405414 7.55481e+006 7.13591
405415 7.55481e+006 7.07353
405415 7.55481e+006 7.29082
405415 7.55481e+006 7.33096
405414 7.55481e+006 7.37112
405414 7.55481e+006 7.19832
405414 7.55481e+006 7.19832
405414 7.55481e+006 7.13591
405415 7.55481e+006 7.33096
405414 7.55481e+006 7.37112
405415 7.55481e+006 7.37114
405414 7.55481e+006 7.19836
405414 7.55481e+006 7.19836
405414 7.55481e+006 7.19832
405414 7.55481e+006 7.37112
405415 7.55481e+006 7.37114
405415 7.55481e+006 7.331
405415 7.55481e+006 7.13598
405415 7.55481e+006 7.13598
405414 7.55481e+006 7.19836
405415 7.55481e+006 7.37114
405415 7.55481e+006 7.331
405415 7.55481e+006 7.29084
405415 7.55481e+006 7.07356
405415 7.55481e+006 7.07356
405415 7.55481e+006 7.13598
405415 7.55481e+006 7.331
405415 7.55481e+006 7.29084
405415 7.55481e+006 7.29082
405415 7.55481e+006 7.07353
405415 7.55481e+006 7.07353
405415 7.55481e+006 7.07356
405415 7.55481e+006 7.29084
405425 7.55483e+006 7.33096
405426 7.55483e+006 7.29082
405426 7.55483e+006 8.15318
405426 7.55483e+006 8.15318
405425 7.55483e+006 8.19332
405425 7.55483e+006 7.33096
405426 7.55483e+006 7.29082
405426 7.55483e+006 7.29084
405426 7.55483e+006 8.1532
405426 7.55483e+006 8.1532
405426 7.55483e+006 8.15318
405426 7.55483e+006 7.29082
405426 7.55483e+006 7.29084
405426 7.55483e+006 7.331
405426 7.55483e+006 8.19336
405426 7.55483e+006 8.19336
405426 7.55483e+006 8.1532
405426 7.55483e+006 7.29084
405426 7.55483e+006 7.331
405425 7.55483e+006 7.37114
405425 7.55483e+006 8.2335
405425 7.55483e+006 8.2335
405426 7.55483e+006 8.19336
405426 7.55483e+006 7.331
405425 7.55483e+006 7.37114
405425 7.55483e+006 7.37112
405425 7.55483e+006 8.23348
405425 7.55483e+006 8.23348
405425 7.55483e+006 8.2335
405425 7.55483e+006 7.37114
405425 7.55483e+006 7.37112
405425 7.55483e+006 7.33096
405425 7.55483e+006 8.19332
405425 7.55483e+006 8.19332
405425 7.55483e+006 8.23348
405425 7.55483e+006 7.37112
405425 7.55483e+006 7.19836
405426 7.55483e+006 7.13598
405426 7.55483e+006 7.07356
405426 7.55483e+006 7.07356
405426 7.55483e+006 7.07353
405425 7.55483e+006 7.13591
405425 7.55483e+006 7.19836
405426 7.55483e+006 7.07356
405425 7.55483e+006 7.13591
405425 7.55483e+006 7.19832
405425 7.55483e+006 7.19836
405425 7.55483e+006 7.13591
405426 7.55483e+006 8.15318
405426 7.55483e+006 8.1532
405426 7.55483e+006 8.19336
405426 7.55483e+006 8.19336
405425 7.55483e+006 8.2335
405425 7.55483e+006 8.23348
405426 7.55483e+006 8.15318
405426 7.55483e+006 8.19336
405425 7.55483e+006 8.23348
405425 7.55483e+006 8.19332
405426 7.55483e+006 8.15318
405425 7.55483e+006 8.23348
405426 7.55483e+006 7.29082
405425 7.55483e+006 7.33096
405425 7.55483e+006 7.13591
405425 7.55483e+006 7.13591
405426 7.55483e+006 7.07353
405426 7.55483e+006 7.29082
405425 7.55483e+006 7.33096
405425 7.55483e+006 7.37112
405425 7.55483e+006 7.19832
405425 7.55483e+006 7.19832
405425 7.55483e+006 7.13591
405425 7.55483e+006 7.33096
405425 7.55483e+006 7.37112
405425 7.55483e+006 7.37114
405425 7.55483e+006 7.19836
405425 7.55483e+006 7.19836
405425 7.55483e+006 7.19832
405425 7.55483e+006 7.37112
405425 7.55483e+006 7.37114
405426 7.55483e+006 7.331
405426 7.55483e+006 7.13598
405426 7.55483e+006 7.13598
405425 7.55483e+006 7.19836
405425 7.55483e+006 7.37114
405426 7.55483e+006 7.331
405426 7.55483e+006 7.29084
405426 7.55483e+006 7.07356
405426 7.55483e+006 7.07356
405426 7.55483e+006 7.13598
405426 7.55483e+006 7.331
405426 7.55483e+006 7.29084
405426 7.55483e+006 7.29082
405426 7.55483e+006 7.07353
405426 7.55483e+006 7.07353
405426 7.55483e+006 7.07356
405426 7.55483e+006 7.29084
405425 7.55483e+006 7.33096
405425 7.55483e+006 7.29082
405425 7.55483e+006 8.15318
405425 7.55483e+006 8.15318
405425 7.55483e+006 8.19332
405425 7.55483e+006 7.33096
405425 7.55483e+006 7.29082
405425 7.55483e+006 7.29084
405425 7.55483e+006 8.1532
405425 7.55483e+006 8.1532
405425 7.55483e+006 8.15318
405425 7.55483e+006 7.29082
405425 7.55483e+006 7.29084
405425 7.55483e+006 7.331
405425 7.55483e+006 8.19336
405425 7.55483e+006 8.19336
405425 7.55483e+006 8.1532
405425 7.55483e+006 7.29084
405425 7.55483e+006 7.331
405425 7.55483e+006 7.37114
405425 7.55483e+006 8.2335
405425 7.55483e+006 8.2335
405425 7.55483e+006 8.19336
405425 7.55483e+006 7.331
405425 7.55483e+006 7.37114
405425 7.55483e+006 7.37112
405425 7.55483e+006 8.23348
405425 7.55483e+006 8.23348
405425 7.55483e+006 8.2335
405425 7.55483e+006 7.37114
405425 7.55483e+006 7.37112
405425 7.55483e+006 7.33096
405425 7.55483e+006 8.19332
405425 7.55483e+006 8.19332
405425 7.55483e+006 8.23348
405425 7.55483e+006 7.37112
405425 7.55483e+006 7.19836
405425 7.55483e+006 7.13598
405426 7.55483e+006 7.07356
405426 7.55483e+006 7.07356
405425 7.55483e+006 7.07353
405425 7.55483e+006 7.13591
405425 7.55483e+006 7.19836
405426 7.55483e+006 7.07356
405425 7.55483e+006 7.13591
405425 7.55483e+006 7.19832
405425 7.55483e+006 7.19836
405425 7.55483e+006 7.13591
405425 7.55483e+006 8.15318
405425 7.55483e+006 8.1532
405425 7.55483e+006 8.19336
405425 7.55483e+006 8.19336
405425 7.55483e+006 8.2335
405425 7.55483e+006 8.23348
405425 7.55483e+006 8.15318
405425 7.55483e+006 8.19336
405425 7.55483e+006 8.23348
405425 7.55483e+006 8.19332
405425 7.55483e+006 8.15318
405425 7.55483e+006 8.23348
405425 7.55483e+006 7.29082
405425 7.55483e+006 7.33096
405425 7.55483e+006 7.13591
405425 7.55483e+006 7.13591
405425 7.55483e+006 7.07353
405425 7.55483e+006 7.29082
405425 7.55483e+006 7.33096
405425 7.55483e+006 7.37112
405425 7.55483e+006 7.19832
405425 7.55483e+006 7.19832
405425 7.55483e+006 7.13591
405425 7.55483e+006 7.33096
405425 7.55483e+006 7.37112
405425 7.55483e+006 7.37114
405425 7.55483e+006 7.19836
405425 7.55483e+006 7.19836
405425 7.55483e+006 7.19832
405425 7.55483e+006 7.37112
405425 7.55483e+006 7.37114
405425 7.55483e+006 7.331
405425 7.55483e+006 7.13598
405425 7.55483e+006 7.13598
405425 7.55483e+006 7.19836
405425 7.55483e+006 7.37114
405425 7.55483e+006 7.331
405425 7.55483e+006 7.29084
405426 7.55483e+006 7.07356
405426 7.55483e+006 7.07356
405425 7.55483e+006 7.13598
405425 7.55483e+006 7.331
405425 7.55483e+006 7.29084
405425 7.55483e+006 7.29082
405425 7.55483e+006 7.07353
405425 7.55483e+006 7.07353
405426 7.55483e+006 7.07356
405425 7.55483e+006 7.29084
405426 7.55483e+006 7.33096
405426 7.55483e+006 7.29082
405427 7.55483e+006 8.15318
405427 7.55483e+006 8.15318
405426 7.55483e+006 8.19332
405426 7.55483e+006 7.33096
405426 7.55483e+006 7.29082
405427 7.55483e+006 7.29084
405427 7.55483e+006 8.1532
405427 7.55483e+006 8.1532
405427 7.55483e+006 8.15318
405426 7.55483e+006 7.29082
405427 7.55483e+006 7.29084
405426 7.55483e+006 7.331
405426 7.55483e+006 8.19336
405426 7.55483e+006 8.19336
405427 7.55483e+006 8.1532
405427 7.55483e+006 7.29084
405426 7.55483e+006 7.331
405426 7.55483e+006 7.37114
405426 7.55483e+006 8.2335
405426 7.55483e+006 8.2335
405426 7.55483e+006 8.19336
405426 7.55483e+006 7.331
405426 7.55483e+006 7.37114
405426 7.55483e+006 7.37112
405426 7.55483e+006 8.23348
405426 7.55483e+006 8.23348
405426 7.55483e+006 8.2335
405426 7.55483e+006 7.37114
405426 7.55483e+006 7.37112
405426 7.55483e+006 7.33096
405426 7.55483e+006 8.19332
405426 7.55483e+006 8.19332
405426 7.55483e+006 8.23348
405426 7.55483e+006 7.37112
405426 7.55483e+006 7.19836
405426 7.55483e+006 7.13598
405427 7.55483e+006 7.07356
405427 7.55483e+006 7.07356
405427 7.55483e+006 7.07353
405426 7.55483e+006 7.13591
405426 7.55483e+006 7.19836
405427 7.55483e+006 7.07356
405426 7.55483e+006 7.13591
405426 7.55483e+006 7.19832
405426 7.55483e+006 7.19836
405426 7.55483e+006 7.13591
405427 7.55483e+006 8.15318
405427 7.55483e+006 8.1532
405426 7.55483e+006 8.19336
405426 7.55483e+006 8.19336
405426 7.55483e+006 8.2335
405426 7.55483e+006 8.23348
405427 7.55483e+006 8.15318
405426 7.55483e+006 8.19336
405426 7.55483e+006 8.23348
405426 7.55483e+006 8.19332
405427 7.55483e+006 8.15318
405426 7.55483e+006 8.23348
405426 7.55483e+006 7.29082
405426 7.55483e+006 7.33096
405426 7.55483e+006 7.13591
405426 7.55483e+006 7.13591
405427 7.55483e+006 7.07353
405426 7.55483e+006 7.29082
405426 7.55483e+006 7.33096
405426 7.55483e+006 7.37112
405426 7.55483e+006 7.19832
405426 7.55483e+006 7.19832
405426 7.55483e+006 7.13591
405426 7.55483e+006 7.33096
405426 7.55483e+006 7.37112
405426 7.55483e+006 7.37114
405426 7.55483e+006 7.19836
405426 7.55483e+006 7.19836
405426 7.55483e+006 7.19832
405426 7.55483e+006 7.37112
405426 7.55483e+006 7.37114
405426 7.55483e+006 7.331
405426 7.55483e+006 7.13598
405426 7.55483e+006 7.13598
405426 7.55483e+006 7.19836
405426 7.55483e+006 7.37114
405426 7.55483e+006 7.331
405427 7.55483e+006 7.29084
405427 7.55483e+006 7.07356
405427 7.55483e+006 7.07356
405426 7.55483e+006 7.13598
405426 7.55483e+006 7.331
405427 7.55483e+006 7.29084
405426 7.55483e+006 7.29082
405427 7.55483e+006 7.07353
405427 7.55483e+006 7.07353
405427 7.55483e+006 7.07356
405427 7.55483e+006 7.29084
405426 7.55483e+006 7.33096
405426 7.55483e+006 7.29082
405426 7.55483e+006 8.15318
405426 7.55483e+006 8.15318
405426 7.55483e+006 8.19332
405426 7.55483e+006 7.33096
405426 7.55483e+006 7.29082
405426 7.55483e+006 7.29084
405426 7.55483e+006 8.1532
405426 7.55483e+006 8.1532
405426 7.55483e+006 8.15318
405426 7.55483e+006 7.29082
405426 7.55483e+006 7.29084
405426 7.55483e+006 7.331
405426 7.55483e+006 8.19336
405426 7.55483e+006 8.19336
405426 7.55483e+006 8.1532
405426 7.55483e+006 7.29084
405426 7.55483e+006 7.331
405426 7.55483e+006 7.37114
405426 7.55483e+006 8.2335
405426 7.55483e+006 8.2335
405426 7.55483e+006 8.19336
405426 7.55483e+006 7.331
405426 7.55483e+006 7.37114
405426 7.55483e+006 7.37112
405426 7.55483e+006 8.23348
405426 7.55483e+006 8.23348
405426 7.55483e+006 8.2335
405426 7.55483e+006 7.37114
405426 7.55483e+006 7.37112
405426 7.55483e+006 7.33096
405426 7.55483e+006 8.19332
405426 7.55483e+006 8.19332
405426 7.55483e+006 8.23348
405426 7.55483e+006 7.37112
405426 7.55483e+006 7.19836
405426 7.55483e+006 7.13598
405426 7.55483e+006 7.07356
405426 7.55483e+006 7.07356
405426 7.55483e+006 7.07353
405426 7.55483e+006 7.13591
405426 7.55483e+006 7.19836
405426 7.55483e+006 7.07356
405426 7.55483e+006 7.13591
405425 7.55483e+006 7.19832
405426 7.55483e+006 7.19836
405426 7.55483e+006 7.13591
405426 7.55483e+006 8.15318
405426 7.55483e+006 8.1532
405426 7.55483e+006 8.19336
405426 7.55483e+006 8.19336
405426 7.55483e+006 8.2335
405426 7.55483e+006 8.23348
405426 7.55483e+006 8.15318
405426 7.55483e+006 8.19336
405426 7.55483e+006 8.23348
405426 7.55483e+006 8.19332
405426 7.55483e+006 8.15318
405426 7.55483e+006 8.23348
405426 7.55483e+006 7.29082
405426 7.55483e+006 7.33096
405426 7.55483e+006 7.13591
405426 7.55483e+006 7.13591
405426 7.55483e+006 7.07353
405426 7.55483e+006 7.29082
405426 7.55483e+006 7.33096
405426 7.55483e+006 7.37112
405425 7.55483e+006 7.19832
405425 7.55483e+006 7.19832
405426 7.55483e+006 7.13591
405426 7.55483e+006 7.33096
405426 7.55483e+006 7.37112
405426 7.55483e+006 7.37114
405426 7.55483e+006 7.19836
405426 7.55483e+006 7.19836
405425 7.55483e+006 7.19832
405426 7.55483e+006 7.37112
405426 7.55483e+006 7.37114
405426 7.55483e+006 7.331
405426 7.55483e+006 7.13598
405426 7.55483e+006 7.13598
405426 7.55483e+006 7.19836
405426 7.55483e+006 7.37114
405426 7.55483e+006 7.331
405426 7.55483e+006 7.29084
405426 7.55483e+006 7.07356
405426 7.55483e+006 7.07356
405426 7.55483e+006 7.13598
405426 7.55483e+006 7.331
405426 7.55483e+006 7.29084
405426 7.55483e+006 7.29082
405426 7.55483e+006 7.07353
405426 7.55483e+006 7.07353
405426 7.55483e+006 7.07356
405426 7.55483e+006 7.29084
405427 7.55483e+006 7.33096
405428 7.55483e+006 7.29082
405428 7.55483e+006 8.15318
405428 7.55483e+006 8.15318
405427 7.55483e+006 8.19332
405427 7.55483e+006 7.33096
405428 7.55483e+006 7.29082
405428 7.55483e+006 7.29084
405428 7.55483e+006 8.1532
405428 7.55483e+006 8.1532
405428 7.55483e+006 8.15318
405428 7.55483e+006 7.29082
405428 7.55483e+006 7.29084
405428 7.55483e+006 7.331
405428 7.55483e+006 8.19336
405428 7.55483e+006 8.19336
405428 7.55483e+006 8.1532
405428 7.55483e+006 7.29084
405428 7.55483e+006 7.331
405427 7.55483e+006 7.37114
405427 7.55483e+006 8.2335
405427 7.55483e+006 8.2335
405428 7.55483e+006 8.19336
405428 7.55483e+006 7.331
405427 7.55483e+006 7.37114
405427 7.55483e+006 7.37112
405427 7.55483e+006 8.23348
405427 7.55483e+006 8.23348
405427 7.55483e+006 8.2335
405427 7.55483e+006 7.37114
405427 7.55483e+006 7.37112
405427 7.55483e+006 7.33096
405427 7.55483e+006 8.19332
405427 7.55483e+006 8.19332
405427 7.55483e+006 8.23348
405427 7.55483e+006 7.37112
405427 7.55483e+006 7.19836
405428 7.55483e+006 7.13598
405428 7.55483e+006 7.07356
405428 7.55483e+006 7.07356
405428 7.55483e+006 7.07353
405427 7.55483e+006 7.13591
405427 7.55483e+006 7.19836
405428 7.55483e+006 7.07356
405427 7.55483e+006 7.13591
405427 7.55483e+006 7.19832
405427 7.55483e+006 7.19836
405427 7.55483e+006 7.13591
405428 7.55483e+006 8.15318
405428 7.55483e+006 8.1532
405428 7.55483e+006 8.19336
405428 7.55483e+006 8.19336
405427 7.55483e+006 8.2335
405427 7.55483e+006 8.23348
405428 7.55483e+006 8.15318
405428 7.55483e+006 8.19336
405427 7.55483e+006 8.23348
405427 7.55483e+006 8.19332
405428 7.55483e+006 8.15318
405427 7.55483e+006 8.23348
405428 7.55483e+006 7.29082
405427 7.55483e+006 7.33096
405427 7.55483e+006 7.13591
405427 7.55483e+006 7.13591
405428 7.55483e+006 7.07353
405428 7.55483e+006 7.29082
405427 7.55483e+006 7.33096
405427 7.55483e+006 7.37112
405427 7.55483e+006 7.19832
405427 7.55483e+006 7.19832
405427 7.55483e+006 7.13591
405427 7.55483e+006 7.33096
405427 7.55483e+006 7.37112
405427 7.55483e+006 7.37114
405427 7.55483e+006 7.19836
405427 7.55483e+006 7.19836
405427 7.55483e+006 7.19832
405427 7.55483e+006 7.37112
405427 7.55483e+006 7.37114
405428 7.55483e+006 7.331
405428 7.55483e+006 7.13598
405428 7.55483e+006 7.13598
405427 7.55483e+006 7.19836
405427 7.55483e+006 7.37114
405428 7.55483e+006 7.331
405428 7.55483e+006 7.29084
405428 7.55483e+006 7.07356
405428 7.55483e+006 7.07356
405428 7.55483e+006 7.13598
405428 7.55483e+006 7.331
405428 7.55483e+006 7.29084
405428 7.55483e+006 7.29082
405428 7.55483e+006 7.07353
405428 7.55483e+006 7.07353
405428 7.55483e+006 7.07356
405428 7.55483e+006 7.29084
405427 7.55483e+006 7.33096
405427 7.55483e+006 7.29082
405427 7.55483e+006 8.15318
405427 7.55483e+006 8.15318
405427 7.55483e+006 8.19332
405427 7.55483e+006 7.33096
405427 7.55483e+006 7.29082
405427 7.55483e+006 7.29084
405427 7.55483e+006 8.1532
405427 7.55483e+006 8.1532
405427 7.55483e+006 8.15318
405427 7.55483e+006 7.29082
405427 7.55483e+006 7.29084
405427 7.55483e+006 7.331
405427 7.55483e+006 8.19336
405427 7.55483e+006 8.19336
405427 7.55483e+006 8.1532
405427 7.55483e+006 7.29084
405427 7.55483e+006 7.331
405427 7.55483e+006 7.37114
405427 7.55483e+006 8.2335
405427 7.55483e+006 8.2335
405427 7.55483e+006 8.19336
405427 7.55483e+006 7.331
405427 7.55483e+006 7.37114
405427 7.55483e+006 7.37112
405427 7.55483e+006 8.23348
405427 7.55483e+006 8.23348
405427 7.55483e+006 8.2335
405427 7.55483e+006 7.37114
405427 7.55483e+006 7.37112
405427 7.55483e+006 7.33096
405427 7.55483e+006 8.19332
405427 7.55483e+006 8.19332
405427 7.55483e+006 8.23348
405427 7.55483e+006 7.37112
405427 7.55483e+006 7.19836
405427 7.55483e+006 7.13598
405427 7.55483e+006 7.07356
405427 7.55483e+006 7.07356
405427 7.55483e+006 7.07353
405427 7.55483e+006 7.13591
405427 7.55483e+006 7.19836
405427 7.55483e+006 7.07356
405427 7.55483e+006 7.13591
405427 7.55483e+006 7.19832
405427 7.55483e+006 7.19836
405427 7.55483e+006 7.13591
405427 7.55483e+006 8.15318
405427 7.55483e+006 8.1532
405427 7.55483e+006 8.19336
405427 7.55483e+006 8.19336
405427 7.55483e+006 8.2335
405427 7.55483e+006 8.23348
405427 7.55483e+006 8.15318
405427 7.55483e+006 8.19336
405427 7.55483e+006 8.23348
405427 7.55483e+006 8.19332
405427 7.55483e+006 8.15318
405427 7.55483e+006 8.23348
405427 7.55483e+006 7.29082
405427 7.55483e+006 7.33096
405427 7.55483e+006 7.13591
405427 7.55483e+006 7.13591
405427 7.55483e+006 7.07353
405427 7.55483e+006 7.29082
405427 7.55483e+006 7.33096
405427 7.55483e+006 7.37112
405427 7.55483e+006 7.19832
405427 7.55483e+006 7.19832
405427 7.55483e+006 7.13591
405427 7.55483e+006 7.33096
405427 7.55483e+006 7.37112
405427 7.55483e+006 7.37114
405427 7.55483e+006 7.19836
405427 7.55483e+006 7.19836
405427 7.55483e+006 7.19832
405427 7.55483e+006 7.37112
405427 7.55483e+006 7.37114
405427 7.55483e+006 7.331
405427 7.55483e+006 7.13598
405427 7.55483e+006 7.13598
405427 7.55483e+006 7.19836
405427 7.55483e+006 7.37114
405427 7.55483e+006 7.331
405427 7.55483e+006 7.29084
405427 7.55483e+006 7.07356
405427 7.55483e+006 7.07356
405427 7.55483e+006 7.13598
405427 7.55483e+006 7.331
405427 7.55483e+006 7.29084
405427 7.55483e+006 7.29082
405427 7.55483e+006 7.07353
405427 7.55483e+006 7.07353
405427 7.55483e+006 7.07356
405427 7.55483e+006 7.29084
405428 7.55483e+006 7.33096
405428 7.55483e+006 7.29082
405428 7.55483e+006 8.15318
405428 7.55483e+006 8.15318
405428 7.55483e+006 8.19332
405428 7.55483e+006 7.33096
405428 7.55483e+006 7.29082
405428 7.55484e+006 7.29084
405428 7.55484e+006 8.1532
405428 7.55484e+006 8.1532
405428 7.55483e+006 8.15318
405428 7.55483e+006 7.29082
405428 7.55484e+006 7.29084
405428 7.55484e+006 7.331
405428 7.55484e+006 8.19336
405428 7.55484e+006 8.19336
405428 7.55484e+006 8.1532
405428 7.55484e+006 7.29084
405428 7.55484e+006 7.331
405428 7.55484e+006 7.37114
405428 7.55484e+006 8.2335
405428 7.55484e+006 8.2335
405428 7.55484e+006 8.19336
405428 7.55484e+006 7.331
405428 7.55484e+006 7.37114
405428 7.55484e+006 7.37112
405428 7.55484e+006 8.23348
405428 7.55484e+006 8.23348
405428 7.55484e+006 8.2335
405428 7.55484e+006 7.37114
405428 7.55484e+006 7.37112
405428 7.55483e+006 7.33096
405428 7.55483e+006 8.19332
405428 7.55483e+006 8.19332
405428 7.55484e+006 8.23348
405428 7.55484e+006 7.37112
405428 7.55484e+006 7.19836
405428 7.55484e+006 7.13598
405428 7.55484e+006 7.07356
405428 7.55484e+006 7.07356
405428 7.55483e+006 7.07353
405428 7.55483e+006 7.13591
405428 7.55484e+006 7.19836
405428 7.55484e+006 7.07356
405428 7.55483e+006 7.13591
405427 7.55484e+006 7.19832
405428 7.55484e+006 7.19836
405428 7.55483e+006 7.13591
405428 7.55483e+006 8.15318
405428 7.55484e+006 8.1532
405428 7.55484e+006 8.19336
405428 7.55484e+006 8.19336
405428 7.55484e+006 8.2335
405428 7.55484e+006 8.23348
405428 7.55483e+006 8.15318
405428 7.55484e+006 8.19336
405428 7.55484e+006 8.23348
405428 7.55483e+006 8.19332
405428 7.55483e+006 8.15318
405428 7.55484e+006 8.23348
405428 7.55483e+006 7.29082
405428 7.55483e+006 7.33096
405428 7.55483e+006 7.13591
405428 7.55483e+006 7.13591
405428 7.55483e+006 7.07353
405428 7.55483e+006 7.29082
405428 7.55483e+006 7.33096
405428 7.55484e+006 7.37112
405427 7.55484e+006 7.19832
405427 7.55484e+006 7.19832
405428 7.55483e+006 7.13591
405428 7.55483e+006 7.33096
405428 7.55484e+006 7.37112
405428 7.55484e+006 7.37114
405428 7.55484e+006 7.19836
405428 7.55484e+006 7.19836
405427 7.55484e+006 7.19832
405428 7.55484e+006 7.37112
405428 7.55484e+006 7.37114
405428 7.55484e+006 7.331
405428 7.55484e+006 7.13598
405428 7.55484e+006 7.13598
405428 7.55484e+006 7.19836
405428 7.55484e+006 7.37114
405428 7.55484e+006 7.331
405428 7.55484e+006 7.29084
405428 7.55484e+006 7.07356
405428 7.55484e+006 7.07356
405428 7.55484e+006 7.13598
405428 7.55484e+006 7.331
405428 7.55484e+006 7.29084
405428 7.55483e+006 7.29082
405428 7.55483e+006 7.07353
405428 7.55483e+006 7.07353
405428 7.55484e+006 7.07356
405428 7.55484e+006 7.29084
405414 7.55481e+006 7.33096
405414 7.55481e+006 7.29082
405414 7.55481e+006 8.15318
405414 7.55481e+006 8.15318
405414 7.55481e+006 8.19332
405414 7.55481e+006 7.33096
405414 7.55481e+006 7.29082
405414 7.55481e+006 7.29084
405415 7.55481e+006 8.1532
405415 7.55481e+006 8.1532
405414 7.55481e+006 8.15318
405414 7.55481e+006 7.29082
405414 7.55481e+006 7.29084
405414 7.55481e+006 7.331
405414 7.55481e+006 8.19336
405414 7.55481e+006 8.19336
405415 7.55481e+006 8.1532
405414 7.55481e+006 7.29084
405414 7.55481e+006 7.331
405414 7.55481e+006 7.37114
405414 7.55481e+006 8.2335
405414 7.55481e+006 8.2335
405414 7.55481e+006 8.19336
405414 7.55481e+006 7.331
405414 7.55481e+006 7.37114
405414 7.55481e+006 7.37112
405414 7.55481e+006 8.23348
405414 7.55481e+006 8.23348
405414 7.55481e+006 8.2335
405414 7.55481e+006 7.37114
405414 7.55481e+006 7.37112
405414 7.55481e+006 7.33096
405414 7.55481e+006 8.19332
405414 7.55481e+006 8.19332
405414 7.55481e+006 8.23348
405414 7.55481e+006 7.37112
405414 7.55481e+006 7.19836
405414 7.55481e+006 7.13598
405415 7.55481e+006 7.07356
405415 7.55481e+006 7.07356
405414 7.55481e+006 7.07353
405414 7.55481e+006 7.13591
405414 7.55481e+006 7.19836
405415 7.55481e+006 7.07356
405414 7.55481e+006 7.13591
405414 7.55481e+006 7.19832
405414 7.55481e+006 7.19836
405414 7.55481e+006 7.13591
405414 7.55481e+006 8.15318
405415 7.55481e+006 8.1532
405414 7.55481e+006 8.19336
405414 7.55481e+006 8.19336
405414 7.55481e+006 8.2335
405414 7.55481e+006 8.23348
405414 7.55481e+006 8.15318
405414 7.55481e+006 8.19336
405414 7.55481e+006 8.23348
405414 7.55481e+006 8.19332
405414 7.55481e+006 8.15318
405414 7.55481e+006 8.23348
405414 7.55481e+006 7.29082
405414 7.55481e+006 7.33096
405414 7.55481e+006 7.13591
405414 7.55481e+006 7.13591
405414 7.55481e+006 7.07353
405414 7.55481e+006 7.29082
405414 7.55481e+006 7.33096
405414 7.55481e+006 7.37112
405414 7.55481e+006 7.19832
405414 7.55481e+006 7.19832
405414 7.55481e+006 7.13591
405414 7.55481e+006 7.33096
405414 7.55481e+006 7.37112
405414 7.55481e+006 7.37114
405414 7.55481e+006 7.19836
405414 7.55481e+006 7.19836
405414 7.55481e+006 7.19832
405414 7.55481e+006 7.37112
405414 7.55481e+006 7.37114
405414 7.55481e+006 7.331
405414 7.55481e+006 7.13598
405414 7.55481e+006 7.13598
405414 7.55481e+006 7.19836
405414 7.55481e+006 7.37114
405414 7.55481e+006 7.331
405414 7.55481e+006 7.29084
405415 7.55481e+006 7.07356
405415 7.55481e+006 7.07356
405414 7.55481e+006 7.13598
405414 7.55481e+006 7.331
405414 7.55481e+006 7.29084
405414 7.55481e+006 7.29082
405414 7.55481e+006 7.07353
405414 7.55481e+006 7.07353
405415 7.55481e+006 7.07356
405414 7.55481e+006 7.29084
405414 7.5548e+006 7.33096
405414 7.5548e+006 7.29082
405414 7.5548e+006 8.15318
405414 7.5548e+006 8.15318
405414 7.5548e+006 8.19332
405414 7.5548e+006 7.33096
405414 7.5548e+006 7.29082
405414 7.5548e+006 7.29084
405414 7.5548e+006 8.1532
405414 7.5548e+006 8.1532
405414 7.5548e+006 8.15318
405414 7.5548e+006 7.29082
405414 7.5548e+006 7.29084
405414 7.5548e+006 7.331
405414 7.5548e+006 8.19336
405414 7.5548e+006 8.19336
405414 7.5548e+006 8.1532
405414 7.5548e+006 7.29084
405414 7.5548e+006 7.331
405414 7.5548e+006 7.37114
405414 7.5548e+006 8.2335
405414 7.5548e+006 8.2335
405414 7.5548e+006 8.19336
405414 7.5548e+006 7.331
405414 7.5548e+006 7.37114
405414 7.5548e+006 7.37112
405414 7.5548e+006 8.23348
405414 7.5548e+006 8.23348
405414 7.5548e+006 8.2335
405414 7.5548e+006 7.37114
405414 7.5548e+006 7.37112
405414 7.5548e+006 7.33096
405414 7.5548e+006 8.19332
405414 7.5548e+006 8.19332
405414 7.5548e+006 8.23348
405414 7.5548e+006 7.37112
405414 7.55481e+006 7.19836
405414 7.55481e+006 7.13598
405414 7.5548e+006 7.07356
405414 7.5548e+006 7.07356
405414 7.5548e+006 7.07353
405414 7.5548e+006 7.13591
405414 7.55481e+006 7.19836
405414 7.5548e+006 7.07356
405414 7.5548e+006 7.13591
405413 7.5548e+006 7.19832
405414 7.55481e+006 7.19836
405414 7.5548e+006 7.13591
405414 7.5548e+006 8.15318
405414 7.5548e+006 8.1532
405414 7.5548e+006 8.19336
405414 7.5548e+006 8.19336
405414 7.5548e+006 8.2335
405414 7.5548e+006 8.23348
405414 7.5548e+006 8.15318
405414 7.5548e+006 8.19336
405414 7.5548e+006 8.23348
405414 7.5548e+006 8.19332
405414 7.5548e+006 8.15318
405414 7.5548e+006 8.23348
405414 7.5548e+006 7.29082
405414 7.5548e+006 7.33096
405414 7.5548e+006 7.13591
405414 7.5548e+006 7.13591
405414 7.5548e+006 7.07353
405414 7.5548e+006 7.29082
405414 7.5548e+006 7.33096
405414 7.5548e+006 7.37112
405413 7.5548e+006 7.19832
405413 7.5548e+006 7.19832
405414 7.5548e+006 7.13591
405414 7.5548e+006 7.33096
405414 7.5548e+006 7.37112
405414 7.5548e+006 7.37114
405414 7.55481e+006 7.19836
405414 7.55481e+006 7.19836
405413 7.5548e+006 7.19832
405414 7.5548e+006 7.37112
405414 7.5548e+006 7.37114
405414 7.5548e+006 7.331
405414 7.55481e+006 7.13598
405414 7.55481e+006 7.13598
405414 7.55481e+006 7.19836
405414 7.5548e+006 7.37114
405414 7.5548e+006 7.331
405414 7.5548e+006 7.29084
405414 7.5548e+006 7.07356
405414 7.5548e+006 7.07356
405414 7.55481e+006 7.13598
405414 7.5548e+006 7.331
405414 7.5548e+006 7.29084
405414 7.5548e+006 7.29082
405414 7.5548e+006 7.07353
405414 7.5548e+006 7.07353
405414 7.5548e+006 7.07356
405414 7.5548e+006 7.29084
405417 7.55481e+006 7.33096
405417 7.55481e+006 7.29082
405418 7.55481e+006 8.15318
405418 7.55481e+006 8.15318
405417 7.55481e+006 8.19332
405417 7.55481e+006 7.33096
405417 7.55481e+006 7.29082
405418 7.55481e+006 7.29084
405418 7.55481e+006 8.1532
405418 7.55481e+006 8.1532
405418 7.55481e+006 8.15318
405417 7.55481e+006 7.29082
405418 7.55481e+006 7.29084
405417 7.55481e+006 7.331
405417 7.55481e+006 8.19336
405417 7.55481e+006 8.19336
405418 7.55481e+006 8.1532
405418 7.55481e+006 7.29084
405417 7.55481e+006 7.331
405417 7.55481e+006 7.37114
405417 7.55481e+006 8.2335
405417 7.55481e+006 8.2335
405417 7.55481e+006 8.19336
405417 7.55481e+006 7.331
405417 7.55481e+006 7.37114
405417 7.55481e+006 7.37112
405417 7.55481e+006 8.23348
405417 7.55481e+006 8.23348
405417 7.55481e+006 8.2335
405417 7.55481e+006 7.37114
405417 7.55481e+006 7.37112
405417 7.55481e+006 7.33096
405417 7.55481e+006 8.19332
405417 7.55481e+006 8.19332
405417 7.55481e+006 8.23348
405417 7.55481e+006 7.37112
405417 7.55481e+006 7.19836
405417 7.55481e+006 7.13598
405418 7.55481e+006 7.07356
405418 7.55481e+006 7.07356
405418 7.55481e+006 7.07353
405417 7.55481e+006 7.13591
405417 7.55481e+006 7.19836
405418 7.55481e+006 7.07356
405417 7.55481e+006 7.13591
405417 7.55481e+006 7.19832
405417 7.55481e+006 7.19836
405417 7.55481e+006 7.13591
405418 7.55481e+006 8.15318
405418 7.55481e+006 8.1532
405417 7.55481e+006 8.19336
405417 7.55481e+006 8.19336
405417 7.55481e+006 8.2335
405417 7.55481e+006 8.23348
405418 7.55481e+006 8.15318
405417 7.55481e+006 8.19336
405417 7.55481e+006 8.23348
405417 7.55481e+006 8.19332
405418 7.55481e+006 8.15318
405417 7.55481e+006 8.23348
405417 7.55481e+006 7.29082
405417 7.55481e+006 7.33096
405417 7.55481e+006 7.13591
405417 7.55481e+006 7.13591
405418 7.55481e+006 7.07353
405417 7.55481e+006 7.29082
405417 7.55481e+006 7.33096
405417 7.55481e+006 7.37112
405417 7.55481e+006 7.19832
405417 7.55481e+006 7.19832
405417 7.55481e+006 7.13591
405417 7.55481e+006 7.33096
405417 7.55481e+006 7.37112
405417 7.55481e+006 7.37114
405417 7.55481e+006 7.19836
405417 7.55481e+006 7.19836
405417 7.55481e+006 7.19832
405417 7.55481e+006 7.37112
405417 7.55481e+006 7.37114
405417 7.55481e+006 7.331
405417 7.55481e+006 7.13598
405417 7.55481e+006 7.13598
405417 7.55481e+006 7.19836
405417 7.55481e+006 7.37114
405417 7.55481e+006 7.331
405418 7.55481e+006 7.29084
405418 7.55481e+006 7.07356
405418 7.55481e+006 7.07356
405417 7.55481e+006 7.13598
405417 7.55481e+006 7.331
405418 7.55481e+006 7.29084
405417 7.55481e+006 7.29082
405418 7.55481e+006 7.07353
405418 7.55481e+006 7.07353
405418 7.55481e+006 7.07356
405418 7.55481e+006 7.29084
405418 7.55481e+006 7.33096
405418 7.55481e+006 7.29082
405418 7.55481e+006 8.15318
405418 7.55481e+006 8.15318
405418 7.55481e+006 8.19332
405418 7.55481e+006 7.33096
405418 7.55481e+006 7.29082
405418 7.55481e+006 7.29084
405418 7.55481e+006 8.1532
405418 7.55481e+006 8.1532
405418 7.55481e+006 8.15318
405418 7.55481e+006 7.29082
405418 7.55481e+006 7.29084
405418 7.55481e+006 7.331
405418 7.55481e+006 8.19336
405418 7.55481e+006 8.19336
405418 7.55481e+006 8.1532
405418 7.55481e+006 7.29084
405418 7.55481e+006 7.331
405418 7.55481e+006 7.37114
405418 7.55481e+006 8.2335
405418 7.55481e+006 8.2335
405418 7.55481e+006 8.19336
405418 7.55481e+006 7.331
405418 7.55481e+006 7.37114
405418 7.55481e+006 7.37112
405418 7.55481e+006 8.23348
405418 7.55481e+006 8.23348
405418 7.55481e+006 8.2335
405418 7.55481e+006 7.37114
405418 7.55481e+006 7.37112
405418 7.55481e+006 7.33096
405418 7.55481e+006 8.19332
405418 7.55481e+006 8.19332
405418 7.55481e+006 8.23348
405418 7.55481e+006 7.37112
405418 7.55481e+006 7.19836
405418 7.55481e+006 7.13598
405418 7.55481e+006 7.07356
405418 7.55481e+006 7.07356
405418 7.55481e+006 7.07353
405418 7.55481e+006 7.13591
405418 7.55481e+006 7.19836
405418 7.55481e+006 7.07356
405418 7.55481e+006 7.13591
405418 7.55481e+006 7.19832
405418 7.55481e+006 7.19836
405418 7.55481e+006 7.13591
405418 7.55481e+006 8.15318
405418 7.55481e+006 8.1532
405418 7.55481e+006 8.19336
405418 7.55481e+006 8.19336
405418 7.55481e+006 8.2335
405418 7.55481e+006 8.23348
405418 7.55481e+006 8.15318
405418 7.55481e+006 8.19336
405418 7.55481e+006 8.23348
405418 7.55481e+006 8.19332
405418 7.55481e+006 8.15318
405418 7.55481e+006 8.23348
405418 7.55481e+006 7.29082
405418 7.55481e+006 7.33096
405418 7.55481e+006 7.13591
405418 7.55481e+006 7.13591
405418 7.55481e+006 7.07353
405418 7.55481e+006 7.29082
405418 7.55481e+006 7.33096
405418 7.55481e+006 7.37112
405418 7.55481e+006 7.19832
405418 7.55481e+006 7.19832
405418 7.55481e+006 7.13591
405418 7.55481e+006 7.33096
405418 7.55481e+006 7.37112
405418 7.55481e+006 7.37114
405418 7.55481e+006 7.19836
405418 7.55481e+006 7.19836
405418 7.55481e+006 7.19832
405418 7.55481e+006 7.37112
405418 7.55481e+006 7.37114
405418 7.55481e+006 7.331
405418 7.55481e+006 7.13598
405418 7.55481e+006 7.13598
405418 7.55481e+006 7.19836
405418 7.55481e+006 7.37114
405418 7.55481e+006 7.331
405418 7.55481e+006 7.29084
405418 7.55481e+006 7.07356
405418 7.55481e+006 7.07356
405418 7.55481e+006 7.13598
405418 7.55481e+006 7.331
405418 7.55481e+006 7.29084
405418 7.55481e+006 7.29082
405418 7.55481e+006 7.07353
405418 7.55481e+006 7.07353
405418 7.55481e+006 7.07356
405418 7.55481e+006 7.29084
405418 7.55481e+006 7.33096
405418 7.55481e+006 7.29082
405418 7.55481e+006 8.15318
405418 7.55481e+006 8.15318
405418 7.55481e+006 8.19332
405418 7.55481e+006 7.33096
405418 7.55481e+006 7.29082
405418 7.55481e+006 7.29084
405418 7.55481e+006 8.1532
405418 7.55481e+006 8.1532
405418 7.55481e+006 8.15318
405418 7.55481e+006 7.29082
405418 7.55481e+006 7.29084
405418 7.55481e+006 7.331
405418 7.55481e+006 8.19336
405418 7.55481e+006 8.19336
405418 7.55481e+006 8.1532
405418 7.55481e+006 7.29084
405418 7.55481e+006 7.331
405418 7.55481e+006 7.37114
405418 7.55481e+006 8.2335
405418 7.55481e+006 8.2335
405418 7.55481e+006 8.19336
405418 7.55481e+006 7.331
405418 7.55481e+006 7.37114
405417 7.55481e+006 7.37112
405417 7.55481e+006 8.23348
405417 7.55481e+006 8.23348
405418 7.55481e+006 8.2335
405418 7.55481e+006 7.37114
405417 7.55481e+006 7.37112
405418 7.55481e+006 7.33096
405418 7.55481e+006 8.19332
405418 7.55481e+006 8.19332
405417 7.55481e+006 8.23348
405417 7.55481e+006 7.37112
405417 7.55481e+006 7.19836
405418 7.55481e+006 7.13598
405418 7.55481e+006 7.07356
405418 7.55481e+006 7.07356
405418 7.55481e+006 7.07353
405417 7.55481e+006 7.13591
405417 7.55481e+006 7.19836
405418 7.55481e+006 7.07356
405417 7.55481e+006 7.13591
405417 7.55481e+006 7.19832
405417 7.55481e+006 7.19836
405417 7.55481e+006 7.13591
405418 7.55481e+006 8.15318
405418 7.55481e+006 8.1532
405418 7.55481e+006 8.19336
405418 7.55481e+006 8.19336
405418 7.55481e+006 8.2335
405417 7.55481e+006 8.23348
405418 7.55481e+006 8.15318
405418 7.55481e+006 8.19336
405417 7.55481e+006 8.23348
405418 7.55481e+006 8.19332
405418 7.55481e+006 8.15318
405417 7.55481e+006 8.23348
405418 7.55481e+006 7.29082
405418 7.55481e+006 7.33096
405417 7.55481e+006 7.13591
405417 7.55481e+006 7.13591
405418 7.55481e+006 7.07353
405418 7.55481e+006 7.29082
405418 7.55481e+006 7.33096
405417 7.55481e+006 7.37112
405417 7.55481e+006 7.19832
405417 7.55481e+006 7.19832
405417 7.55481e+006 7.13591
405418 7.55481e+006 7.33096
405417 7.55481e+006 7.37112
405418 7.55481e+006 7.37114
405417 7.55481e+006 7.19836
405417 7.55481e+006 7.19836
405417 7.55481e+006 7.19832
405417 7.55481e+006 7.37112
405418 7.55481e+006 7.37114
405418 7.55481e+006 7.331
405418 7.55481e+006 7.13598
405418 7.55481e+006 7.13598
405417 7.55481e+006 7.19836
405418 7.55481e+006 7.37114
405418 7.55481e+006 7.331
405418 7.55481e+006 7.29084
405418 7.55481e+006 7.07356
405418 7.55481e+006 7.07356
405418 7.55481e+006 7.13598
405418 7.55481e+006 7.331
405418 7.55481e+006 7.29084
405418 7.55481e+006 7.29082
405418 7.55481e+006 7.07353
405418 7.55481e+006 7.07353
405418 7.55481e+006 7.07356
405418 7.55481e+006 7.29084
405423 7.55483e+006 7.33096
405424 7.55483e+006 7.29082
405424 7.55483e+006 8.15318
405424 7.55483e+006 8.15318
405423 7.55483e+006 8.19332
405423 7.55483e+006 7.33096
405424 7.55483e+006 7.29082
405424 7.55483e+006 7.29084
405424 7.55483e+006 8.1532
405424 7.55483e+006 8.1532
405424 7.55483e+006 8.15318
405424 7.55483e+006 7.29082
405424 7.55483e+006 7.29084
405424 7.55483e+006 7.331
405424 7.55483e+006 8.19336
405424 7.55483e+006 8.19336
405424 7.55483e+006 8.1532
405424 7.55483e+006 7.29084
405424 7.55483e+006 7.331
405423 7.55483e+006 7.37114
405423 7.55483e+006 8.2335
405423 7.55483e+006 8.2335
405424 7.55483e+006 8.19336
405424 7.55483e+006 7.331
405423 7.55483e+006 7.37114
405423 7.55483e+006 7.37112
405423 7.55483e+006 8.23348
405423 7.55483e+006 8.23348
405423 7.55483e+006 8.2335
405423 7.55483e+006 7.37114
405423 7.55483e+006 7.37112
405423 7.55483e+006 7.33096
405423 7.55483e+006 8.19332
405423 7.55483e+006 8.19332
405423 7.55483e+006 8.23348
405423 7.55483e+006 7.37112
405423 7.55483e+006 7.19836
405424 7.55483e+006 7.13598
405424 7.55483e+006 7.07356
405424 7.55483e+006 7.07356
405424 7.55483e+006 7.07353
405423 7.55483e+006 7.13591
405423 7.55483e+006 7.19836
405424 7.55483e+006 7.07356
405423 7.55483e+006 7.13591
405423 7.55483e+006 7.19832
405423 7.55483e+006 7.19836
405423 7.55483e+006 7.13591
405424 7.55483e+006 8.15318
405424 7.55483e+006 8.1532
405424 7.55483e+006 8.19336
405424 7.55483e+006 8.19336
405423 7.55483e+006 8.2335
405423 7.55483e+006 8.23348
405424 7.55483e+006 8.15318
405424 7.55483e+006 8.19336
405423 7.55483e+006 8.23348
405423 7.55483e+006 8.19332
405424 7.55483e+006 8.15318
405423 7.55483e+006 8.23348
405424 7.55483e+006 7.29082
405423 7.55483e+006 7.33096
405423 7.55483e+006 7.13591
405423 7.55483e+006 7.13591
405424 7.55483e+006 7.07353
405424 7.55483e+006 7.29082
405423 7.55483e+006 7.33096
405423 7.55483e+006 7.37112
405423 7.55483e+006 7.19832
405423 7.55483e+006 7.19832
405423 7.55483e+006 7.13591
405423 7.55483e+006 7.33096
405423 7.55483e+006 7.37112
405423 7.55483e+006 7.37114
405423 7.55483e+006 7.19836
405423 7.55483e+006 7.19836
405423 7.55483e+006 7.19832
405423 7.55483e+006 7.37112
405423 7.55483e+006 7.37114
405424 7.55483e+006 7.331
405424 7.55483e+006 7.13598
405424 7.55483e+006 7.13598
405423 7.55483e+006 7.19836
405423 7.55483e+006 7.37114
405424 7.55483e+006 7.331
405424 7.55483e+006 7.29084
405424 7.55483e+006 7.07356
405424 7.55483e+006 7.07356
405424 7.55483e+006 7.13598
405424 7.55483e+006 7.331
405424 7.55483e+006 7.29084
405424 7.55483e+006 7.29082
405424 7.55483e+006 7.07353
405424 7.55483e+006 7.07353
405424 7.55483e+006 7.07356
405424 7.55483e+006 7.29084
405423 7.55482e+006 7.33096
405423 7.55482e+006 7.29082
405423 7.55482e+006 8.15318
405423 7.55482e+006 8.15318
405423 7.55482e+006 8.19332
405423 7.55482e+006 7.33096
405423 7.55482e+006 7.29082
405423 7.55482e+006 7.29084
405423 7.55482e+006 8.1532
405423 7.55482e+006 8.1532
405423 7.55482e+006 8.15318
405423 7.55482e+006 7.29082
405423 7.55482e+006 7.29084
405423 7.55483e+006 7.331
405423 7.55482e+006 8.19336
405423 7.55482e+006 8.19336
405423 7.55482e+006 8.1532
405423 7.55482e+006 7.29084
405423 7.55483e+006 7.331
405423 7.55482e+006 7.37114
405423 7.55482e+006 8.2335
405423 7.55482e+006 8.2335
405423 7.55482e+006 8.19336
405423 7.55483e+006 7.331
405423 7.55482e+006 7.37114
405423 7.55482e+006 7.37112
405423 7.55482e+006 8.23348
405423 7.55482e+006 8.23348
405423 7.55482e+006 8.2335
405423 7.55482e+006 7.37114
405423 7.55482e+006 7.37112
405423 7.55482e+006 7.33096
405423 7.55482e+006 8.19332
405423 7.55482e+006 8.19332
405423 7.55482e+006 8.23348
405423 7.55482e+006 7.37112
405423 7.55483e+006 7.19836
405423 7.55483e+006 7.13598
405424 7.55482e+006 7.07356
405424 7.55482e+006 7.07356
405423 7.55482e+006 7.07353
405423 7.55482e+006 7.13591
405423 7.55483e+006 7.19836
405424 7.55482e+006 7.07356
405423 7.55482e+006 7.13591
405423 7.55482e+006 7.19832
405423 7.55483e+006 7.19836
405423 7.55482e+006 7.13591
405423 7.55482e+006 8.15318
405423 7.55482e+006 8.1532
405423 7.55482e+006 8.19336
405423 7.55482e+006 8.19336
405423 7.55482e+006 8.2335
405423 7.55482e+006 8.23348
405423 7.55482e+006 8.15318
405423 7.55482e+006 8.19336
405423 7.55482e+006 8.23348
405423 7.55482e+006 8.19332
405423 7.55482e+006 8.15318
405423 7.55482e+006 8.23348
405423 7.55482e+006 7.29082
405423 7.55482e+006 7.33096
405423 7.55482e+006 7.13591
405423 7.55482e+006 7.13591
405423 7.55482e+006 7.07353
405423 7.55482e+006 7.29082
405423 7.55482e+006 7.33096
405423 7.55482e+006 7.37112
405423 7.55482e+006 7.19832
405423 7.55482e+006 7.19832
405423 7.55482e+006 7.13591
405423 7.55482e+006 7.33096
405423 7.55482e+006 7.37112
405423 7.55482e+006 7.37114
405423 7.55483e+006 7.19836
405423 7.55483e+006 7.19836
405423 7.55482e+006 7.19832
405423 7.55482e+006 7.37112
405423 7.55482e+006 7.37114
405423 7.55483e+006 7.331
405423 7.55483e+006 7.13598
405423 7.55483e+006 7.13598
405423 7.55483e+006 7.19836
405423 7.55482e+006 7.37114
405423 7.55483e+006 7.331
405423 7.55482e+006 7.29084
405424 7.55482e+006 7.07356
405424 7.55482e+006 7.07356
405423 7.55483e+006 7.13598
405423 7.55483e+006 7.331
405423 7.55482e+006 7.29084
405423 7.55482e+006 7.29082
405423 7.55482e+006 7.07353
405423 7.55482e+006 7.07353
405424 7.55482e+006 7.07356
405423 7.55482e+006 7.29084
405424 7.55483e+006 7.33096
405424 7.55483e+006 7.29082
405425 7.55483e+006 8.15318
405425 7.55483e+006 8.15318
405424 7.55483e+006 8.19332
405424 7.55483e+006 7.33096
405424 7.55483e+006 7.29082
405425 7.55483e+006 7.29084
405425 7.55483e+006 8.1532
405425 7.55483e+006 8.1532
405425 7.55483e+006 8.15318
405424 7.55483e+006 7.29082
405425 7.55483e+006 7.29084
405424 7.55483e+006 7.331
405425 7.55483e+006 8.19336
405425 7.55483e+006 8.19336
405425 7.55483e+006 8.1532
405425 7.55483e+006 7.29084
405424 7.55483e+006 7.331
405424 7.55483e+006 7.37114
405424 7.55483e+006 8.2335
405424 7.55483e+006 8.2335
405425 7.55483e+006 8.19336
405424 7.55483e+006 7.331
405424 7.55483e+006 7.37114
405424 7.55483e+006 7.37112
405424 7.55483e+006 8.23348
405424 7.55483e+006 8.23348
405424 7.55483e+006 8.2335
405424 7.55483e+006 7.37114
405424 7.55483e+006 7.37112
405424 7.55483e+006 7.33096
405424 7.55483e+006 8.19332
405424 7.55483e+006 8.19332
405424 7.55483e+006 8.23348
405424 7.55483e+006 7.37112
405424 7.55483e+006 7.19836
405424 7.55483e+006 7.13598
405425 7.55483e+006 7.07356
405425 7.55483e+006 7.07356
405425 7.55483e+006 7.07353
405424 7.55483e+006 7.13591
405424 7.55483e+006 7.19836
405425 7.55483e+006 7.07356
405424 7.55483e+006 7.13591
405424 7.55483e+006 7.19832
405424 7.55483e+006 7.19836
405424 7.55483e+006 7.13591
405425 7.55483e+006 8.15318
405425 7.55483e+006 8.1532
405425 7.55483e+006 8.19336
405425 7.55483e+006 8.19336
405424 7.55483e+006 8.2335
405424 7.55483e+006 8.23348
405425 7.55483e+006 8.15318
405425 7.55483e+006 8.19336
405424 7.55483e+006 8.23348
405424 7.55483e+006 8.19332
405425 7.55483e+006 8.15318
405424 7.55483e+006 8.23348
405424 7.55483e+006 7.29082
405424 7.55483e+006 7.33096
405424 7.55483e+006 7.13591
405424 7.55483e+006 7.13591
405425 7.55483e+006 7.07353
405424 7.55483e+006 7.29082
405424 7.55483e+006 7.33096
405424 7.55483e+006 7.37112
405424 7.55483e+006 7.19832
405424 7.55483e+006 7.19832
405424 7.55483e+006 7.13591
405424 7.55483e+006 7.33096
405424 7.55483e+006 7.37112
405424 7.55483e+006 7.37114
405424 7.55483e+006 7.19836
405424 7.55483e+006 7.19836
405424 7.55483e+006 7.19832
405424 7.55483e+006 7.37112
405424 7.55483e+006 7.37114
405424 7.55483e+006 7.331
405424 7.55483e+006 7.13598
405424 7.55483e+006 7.13598
405424 7.55483e+006 7.19836
405424 7.55483e+006 7.37114
405424 7.55483e+006 7.331
405425 7.55483e+006 7.29084
405425 7.55483e+006 7.07356
405425 7.55483e+006 7.07356
405424 7.55483e+006 7.13598
405424 7.55483e+006 7.331
405425 7.55483e+006 7.29084
405424 7.55483e+006 7.29082
405425 7.55483e+006 7.07353
405425 7.55483e+006 7.07353
405425 7.55483e+006 7.07356
405425 7.55483e+006 7.29084
405424 7.55483e+006 7.33096
405424 7.55483e+006 7.29082
405424 7.55483e+006 8.15318
405424 7.55483e+006 8.15318
405424 7.55483e+006 8.19332
405424 7.55483e+006 7.33096
405424 7.55483e+006 7.29082
405424 7.55483e+006 7.29084
405424 7.55483e+006 8.1532
405424 7.55483e+006 8.1532
405424 7.55483e+006 8.15318
405424 7.55483e+006 7.29082
405424 7.55483e+006 7.29084
405424 7.55483e+006 7.331
405424 7.55483e+006 8.19336
405424 7.55483e+006 8.19336
405424 7.55483e+006 8.1532
405424 7.55483e+006 7.29084
405424 7.55483e+006 7.331
405424 7.55483e+006 7.37114
405424 7.55483e+006 8.2335
405424 7.55483e+006 8.2335
405424 7.55483e+006 8.19336
405424 7.55483e+006 7.331
405424 7.55483e+006 7.37114
405424 7.55483e+006 7.37112
405424 7.55483e+006 8.23348
405424 7.55483e+006 8.23348
405424 7.55483e+006 8.2335
405424 7.55483e+006 7.37114
405424 7.55483e+006 7.37112
405424 7.55483e+006 7.33096
405424 7.55483e+006 8.19332
405424 7.55483e+006 8.19332
405424 7.55483e+006 8.23348
405424 7.55483e+006 7.37112
405424 7.55483e+006 7.19836
405424 7.55483e+006 7.13598
405424 7.55483e+006 7.07356
405424 7.55483e+006 7.07356
405424 7.55483e+006 7.07353
405424 7.55483e+006 7.13591
405424 7.55483e+006 7.19836
405424 7.55483e+006 7.07356
405424 7.55483e+006 7.13591
405423 7.55483e+006 7.19832
405424 7.55483e+006 7.19836
405424 7.55483e+006 7.13591
405424 7.55483e+006 8.15318
405424 7.55483e+006 8.1532
405424 7.55483e+006 8.19336
405424 7.55483e+006 8.19336
405424 7.55483e+006 8.2335
405424 7.55483e+006 8.23348
405424 7.55483e+006 8.15318
405424 7.55483e+006 8.19336
405424 7.55483e+006 8.23348
405424 7.55483e+006 8.19332
405424 7.55483e+006 8.15318
405424 7.55483e+006 8.23348
405424 7.55483e+006 7.29082
405424 7.55483e+006 7.33096
405424 7.55483e+006 7.13591
405424 7.55483e+006 7.13591
405424 7.55483e+006 7.07353
405424 7.55483e+006 7.29082
405424 7.55483e+006 7.33096
405424 7.55483e+006 7.37112
405423 7.55483e+006 7.19832
405423 7.55483e+006 7.19832
405424 7.55483e+006 7.13591
405424 7.55483e+006 7.33096
405424 7.55483e+006 7.37112
405424 7.55483e+006 7.37114
405424 7.55483e+006 7.19836
405424 7.55483e+006 7.19836
405423 7.55483e+006 7.19832
405424 7.55483e+006 7.37112
405424 7.55483e+006 7.37114
405424 7.55483e+006 7.331
405424 7.55483e+006 7.13598
405424 7.55483e+006 7.13598
405424 7.55483e+006 7.19836
405424 7.55483e+006 7.37114
405424 7.55483e+006 7.331
405424 7.55483e+006 7.29084
405424 7.55483e+006 7.07356
405424 7.55483e+006 7.07356
405424 7.55483e+006 7.13598
405424 7.55483e+006 7.331
405424 7.55483e+006 7.29084
405424 7.55483e+006 7.29082
405424 7.55483e+006 7.07353
405424 7.55483e+006 7.07353
405424 7.55483e+006 7.07356
405424 7.55483e+006 7.29084
405423 7.55482e+006 7.33096
405423 7.55482e+006 7.29082
405423 7.55482e+006 8.15318
405423 7.55482e+006 8.15318
405423 7.55482e+006 8.19332
405423 7.55482e+006 7.33096
405423 7.55482e+006 7.29082
405423 7.55482e+006 7.29084
405423 7.55482e+006 8.1532
405423 7.55482e+006 8.1532
405423 7.55482e+006 8.15318
405423 7.55482e+006 7.29082
405423 7.55482e+006 7.29084
405423 7.55482e+006 7.331
405423 7.55482e+006 8.19336
405423 7.55482e+006 8.19336
405423 7.55482e+006 8.1532
405423 7.55482e+006 7.29084
405423 7.55482e+006 7.331
405423 7.55482e+006 7.37114
405423 7.55482e+006 8.2335
405423 7.55482e+006 8.2335
405423 7.55482e+006 8.19336
405423 7.55482e+006 7.331
405423 7.55482e+006 7.37114
405422 7.55482e+006 7.37112
405422 7.55482e+006 8.23348
405422 7.55482e+006 8.23348
405423 7.55482e+006 8.2335
405423 7.55482e+006 7.37114
405422 7.55482e+006 7.37112
405423 7.55482e+006 7.33096
405423 7.55482e+006 8.19332
405423 7.55482e+006 8.19332
405422 7.55482e+006 8.23348
405422 7.55482e+006 7.37112
405422 7.55482e+006 7.19836
405423 7.55482e+006 7.13598
405423 7.55482e+006 7.07356
405423 7.55482e+006 7.07356
405423 7.55482e+006 7.07353
405422 7.55482e+006 7.13591
405422 7.55482e+006 7.19836
405423 7.55482e+006 7.07356
405422 7.55482e+006 7.13591
405422 7.55482e+006 7.19832
405422 7.55482e+006 7.19836
405422 7.55482e+006 7.13591
405423 7.55482e+006 8.15318
405423 7.55482e+006 8.1532
405423 7.55482e+006 8.19336
405423 7.55482e+006 8.19336
405423 7.55482e+006 8.2335
405422 7.55482e+006 8.23348
405423 7.55482e+006 8.15318
405423 7.55482e+006 8.19336
405422 7.55482e+006 8.23348
405423 7.55482e+006 8.19332
405423 7.55482e+006 8.15318
405422 7.55482e+006 8.23348
405423 7.55482e+006 7.29082
405423 7.55482e+006 7.33096
405422 7.55482e+006 7.13591
405422 7.55482e+006 7.13591
405423 7.55482e+006 7.07353
405423 7.55482e+006 7.29082
405423 7.55482e+006 7.33096
405422 7.55482e+006 7.37112
405422 7.55482e+006 7.19832
405422 7.55482e+006 7.19832
405422 7.55482e+006 7.13591
405423 7.55482e+006 7.33096
405422 7.55482e+006 7.37112
405423 7.55482e+006 7.37114
405422 7.55482e+006 7.19836
405422 7.55482e+006 7.19836
405422 7.55482e+006 7.19832
405422 7.55482e+006 7.37112
405423 7.55482e+006 7.37114
405423 7.55482e+006 7.331
405423 7.55482e+006 7.13598
405423 7.55482e+006 7.13598
405422 7.55482e+006 7.19836
405423 7.55482e+006 7.37114
405423 7.55482e+006 7.331
405423 7.55482e+006 7.29084
405423 7.55482e+006 7.07356
405423 7.55482e+006 7.07356
405423 7.55482e+006 7.13598
405423 7.55482e+006 7.331
405423 7.55482e+006 7.29084
405423 7.55482e+006 7.29082
405423 7.55482e+006 7.07353
405423 7.55482e+006 7.07353
405423 7.55482e+006 7.07356
405423 7.55482e+006 7.29084
405422 7.55482e+006 7.33096
405422 7.55482e+006 7.29082
405423 7.55482e+006 8.15318
405423 7.55482e+006 8.15318
405422 7.55482e+006 8.19332
405422 7.55482e+006 7.33096
405422 7.55482e+006 7.29082
405423 7.55482e+006 7.29084
405423 7.55482e+006 8.1532
405423 7.55482e+006 8.1532
405423 7.55482e+006 8.15318
405422 7.55482e+006 7.29082
405423 7.55482e+006 7.29084
405422 7.55482e+006 7.331
405422 7.55482e+006 8.19336
405422 7.55482e+006 8.19336
405423 7.55482e+006 8.1532
405423 7.55482e+006 7.29084
405422 7.55482e+006 7.331
405422 7.55482e+006 7.37114
405422 7.55482e+006 8.2335
405422 7.55482e+006 8.2335
405422 7.55482e+006 8.19336
405422 7.55482e+006 7.331
405422 7.55482e+006 7.37114
405422 7.55482e+006 7.37112
405422 7.55482e+006 8.23348
405422 7.55482e+006 8.23348
405422 7.55482e+006 8.2335
405422 7.55482e+006 7.37114
405422 7.55482e+006 7.37112
405422 7.55482e+006 7.33096
405422 7.55482e+006 8.19332
405422 7.55482e+006 8.19332
405422 7.55482e+006 8.23348
405422 7.55482e+006 7.37112
405422 7.55482e+006 7.19836
405422 7.55482e+006 7.13598
405423 7.55482e+006 7.07356
405423 7.55482e+006 7.07356
405423 7.55482e+006 7.07353
405422 7.55482e+006 7.13591
405422 7.55482e+006 7.19836
405423 7.55482e+006 7.07356
405422 7.55482e+006 7.13591
405422 7.55482e+006 7.19832
405422 7.55482e+006 7.19836
405422 7.55482e+006 7.13591
405423 7.55482e+006 8.15318
405423 7.55482e+006 8.1532
405422 7.55482e+006 8.19336
405422 7.55482e+006 8.19336
405422 7.55482e+006 8.2335
405422 7.55482e+006 8.23348
405423 7.55482e+006 8.15318
405422 7.55482e+006 8.19336
405422 7.55482e+006 8.23348
405422 7.55482e+006 8.19332
405423 7.55482e+006 8.15318
405422 7.55482e+006 8.23348
405422 7.55482e+006 7.29082
405422 7.55482e+006 7.33096
405422 7.55482e+006 7.13591
405422 7.55482e+006 7.13591
405423 7.55482e+006 7.07353
405422 7.55482e+006 7.29082
405422 7.55482e+006 7.33096
405422 7.55482e+006 7.37112
405422 7.55482e+006 7.19832
405422 7.55482e+006 7.19832
405422 7.55482e+006 7.13591
405422 7.55482e+006 7.33096
405422 7.55482e+006 7.37112
405422 7.55482e+006 7.37114
405422 7.55482e+006 7.19836
405422 7.55482e+006 7.19836
405422 7.55482e+006 7.19832
405422 7.55482e+006 7.37112
405422 7.55482e+006 7.37114
405422 7.55482e+006 7.331
405422 7.55482e+006 7.13598
405422 7.55482e+006 7.13598
405422 7.55482e+006 7.19836
405422 7.55482e+006 7.37114
405422 7.55482e+006 7.331
405423 7.55482e+006 7.29084
405423 7.55482e+006 7.07356
405423 7.55482e+006 7.07356
405422 7.55482e+006 7.13598
405422 7.55482e+006 7.331
405423 7.55482e+006 7.29084
405422 7.55482e+006 7.29082
405423 7.55482e+006 7.07353
405423 7.55482e+006 7.07353
405423 7.55482e+006 7.07356
405423 7.55482e+006 7.29084
