405406 7.5548e+006 25.1213
405405 7.5548e+006 25.1145
405405 7.5548e+006 28.4196
405405 7.5548e+006 28.4196
405406 7.5548e+006 26.7713
405406 7.5548e+006 25.1213
405405 7.5548e+006 25.1159
405403 7.5548e+006 25.1089
405405 7.5548e+006 25.1145
405405 7.5548e+006 25.1145
405406 7.5548e+006 25.1213
405405 7.5548e+006 25.1159
405405 7.5548e+006 26.7659
405403 7.5548e+006 28.414
405403 7.5548e+006 25.1089
405403 7.5548e+006 25.1089
405405 7.5548e+006 25.1159
405405 7.5548e+006 26.7659
405406 7.5548e+006 26.7713
405405 7.5548e+006 28.4196
405403 7.5548e+006 28.414
405403 7.5548e+006 28.414
405405 7.5548e+006 26.7659
405406 7.5548e+006 26.7713
405403 7.55481e+006 25.113
405405 7.5548e+006 25.1145
405403 7.5548e+006 25.1089
405403 7.5548e+006 25.1089
405401 7.5548e+006 25.1127
405403 7.55481e+006 25.113
405403 7.55481e+006 26.7177
405403 7.55481e+006 28.4177
405405 7.5548e+006 28.4196
405403 7.55481e+006 26.0186
405403 7.55481e+006 26.7177
405405 7.5548e+006 28.4196
405403 7.55481e+006 26.0186
405405 7.5548e+006 28.4196
405405 7.5548e+006 25.1145
405403 7.55481e+006 25.113
405403 7.55481e+006 26.0186
405405 7.5548e+006 25.1145
405401 7.5548e+006 25.1127
405403 7.5548e+006 25.1089
405403 7.5548e+006 28.414
405401 7.5548e+006 26.0183
405401 7.5548e+006 25.1127
405403 7.5548e+006 28.414
405401 7.5548e+006 26.7174
405401 7.5548e+006 26.0183
405403 7.5548e+006 28.414
405401 7.5548e+006 28.4174
405401 7.5548e+006 26.7174
405403 7.5548e+006 28.414
405401 7.5548e+006 28.4174
405403 7.5548e+006 28.414
405405 7.5548e+006 28.4196
405401 7.5548e+006 28.4174
405405 7.5548e+006 28.4196
405403 7.55481e+006 28.4177
405401 7.5548e+006 28.4174
405403 7.55481e+006 28.4177
405403 7.55481e+006 28.4172
405401 7.5548e+006 28.4174
405403 7.55481e+006 28.4172
405401 7.5548e+006 28.4169
405403 7.55481e+006 26.0186
405401 7.5548e+006 26.0183
405400 7.5548e+006 26.0159
405400 7.5548e+006 26.0159
405402 7.55481e+006 26.0163
405403 7.55481e+006 26.0186
405403 7.55481e+006 28.4177
405403 7.55481e+006 26.0186
405402 7.55481e+006 26.0163
405402 7.55481e+006 26.0163
405403 7.55481e+006 28.4172
405403 7.55481e+006 28.4177
405401 7.5548e+006 28.4169
405400 7.5548e+006 26.0159
405401 7.5548e+006 26.0183
405401 7.5548e+006 26.0183
405401 7.5548e+006 28.4174
405401 7.5548e+006 28.4169
405403 7.55481e+006 25.113
405401 7.5548e+006 25.1127
405401 7.5548e+006 26.0183
405401 7.5548e+006 26.0183
405403 7.55481e+006 26.0186
405403 7.55481e+006 25.113
