405426 7.55482e+006 27.6328
405426 7.55482e+006 27.3601
405426 7.55482e+006 27.3601
405426 7.55482e+006 27.3601
405426 7.55482e+006 27.6328
405426 7.55482e+006 27.6328
405426 7.55482e+006 29.1484
405426 7.55482e+006 29.1484
405426 7.55482e+006 28.8841
405426 7.55482e+006 28.8841
405426 7.55482e+006 28.8841
405426 7.55482e+006 29.1484
405426 7.55482e+006 27.6328
405426 7.55482e+006 27.6328
405426 7.55482e+006 29.1484
405426 7.55482e+006 29.1484
405426 7.55482e+006 29.1484
405426 7.55482e+006 27.6328
405426 7.55482e+006 27.6328
405426 7.55482e+006 27.3601
405426 7.55482e+006 28.8841
405426 7.55482e+006 28.8841
405426 7.55482e+006 29.1484
405426 7.55482e+006 27.6328
405426 7.55482e+006 27.3601
405426 7.55482e+006 27.3601
405426 7.55482e+006 28.8841
405426 7.55482e+006 28.8841
405426 7.55482e+006 28.8841
405426 7.55482e+006 27.3601
405426 7.55482e+006 27.3601
405426 7.55482e+006 27.6328
405426 7.55482e+006 29.1484
405426 7.55482e+006 29.1484
405426 7.55482e+006 28.8841
405426 7.55482e+006 27.3601
405426 7.55482e+006 27.6668
405427 7.55482e+006 27.6668
405427 7.55482e+006 27.6668
405427 7.55482e+006 27.6668
405426 7.55482e+006 27.6668
405426 7.55482e+006 27.6668
405426 7.55482e+006 27.6564
405426 7.55482e+006 27.6564
405427 7.55482e+006 27.6564
405427 7.55482e+006 27.6564
405427 7.55482e+006 27.6564
405426 7.55482e+006 27.6564
405426 7.55482e+006 27.6668
405426 7.55482e+006 27.6564
405427 7.55482e+006 27.6564
405427 7.55482e+006 27.6564
405427 7.55482e+006 27.6668
405426 7.55482e+006 27.6668
405427 7.55482e+006 27.6668
405427 7.55482e+006 27.6564
405427 7.55482e+006 27.6564
405427 7.55482e+006 27.6564
405427 7.55482e+006 27.6668
405427 7.55482e+006 27.6668
405427 7.55482e+006 27.6668
405427 7.55482e+006 27.6564
405426 7.55482e+006 27.6564
405426 7.55482e+006 27.6564
405426 7.55482e+006 27.6668
405427 7.55482e+006 27.6668
405426 7.55482e+006 27.6668
405426 7.55482e+006 27.6564
405426 7.55482e+006 27.6564
405426 7.55482e+006 27.6564
405426 7.55482e+006 27.6668
405426 7.55482e+006 27.6668
405426 7.55482e+006 29.0405
405427 7.55482e+006 29.0405
405427 7.55482e+006 29.0405
405427 7.55482e+006 29.0405
405426 7.55482e+006 29.0405
405426 7.55482e+006 29.0405
405426 7.55482e+006 29.0302
405426 7.55482e+006 29.0302
405427 7.55482e+006 29.0302
405427 7.55482e+006 29.0302
405427 7.55482e+006 29.0302
405426 7.55482e+006 29.0302
405426 7.55482e+006 29.0405
405426 7.55482e+006 29.0302
405427 7.55482e+006 29.0302
405427 7.55482e+006 29.0302
405427 7.55482e+006 29.0405
405426 7.55482e+006 29.0405
405427 7.55482e+006 29.0405
405427 7.55482e+006 29.0302
405427 7.55482e+006 29.0302
405427 7.55482e+006 29.0302
405427 7.55482e+006 29.0405
405427 7.55482e+006 29.0405
405427 7.55482e+006 29.0405
405427 7.55482e+006 29.0302
405426 7.55482e+006 29.0302
405426 7.55482e+006 29.0302
405426 7.55482e+006 29.0405
405427 7.55482e+006 29.0405
405426 7.55482e+006 29.0405
405426 7.55482e+006 29.0302
405426 7.55482e+006 29.0302
405426 7.55482e+006 29.0302
405426 7.55482e+006 29.0405
405426 7.55482e+006 29.0405
405426 7.55482e+006 28.8507
405427 7.55482e+006 28.8507
405427 7.55482e+006 28.8507
405427 7.55482e+006 28.8507
405426 7.55482e+006 28.8507
405426 7.55482e+006 28.8507
405426 7.55482e+006 28.8403
405426 7.55482e+006 28.8403
405427 7.55482e+006 28.8404
405427 7.55482e+006 28.8404
405427 7.55482e+006 28.8404
405426 7.55482e+006 28.8403
405426 7.55482e+006 28.8507
405426 7.55482e+006 28.8403
405427 7.55482e+006 28.8404
405427 7.55482e+006 28.8404
405427 7.55482e+006 28.8507
405426 7.55482e+006 28.8507
405427 7.55482e+006 28.8507
405427 7.55482e+006 28.8404
405427 7.55482e+006 28.8404
405427 7.55482e+006 28.8404
405427 7.55482e+006 28.8507
405427 7.55482e+006 28.8507
405427 7.55482e+006 28.8507
405427 7.55482e+006 28.8404
405426 7.55482e+006 28.8403
405426 7.55482e+006 28.8403
405426 7.55482e+006 28.8507
405427 7.55482e+006 28.8507
405426 7.55482e+006 28.8507
405426 7.55482e+006 28.8403
405426 7.55482e+006 28.8403
405426 7.55482e+006 28.8403
405426 7.55482e+006 28.8507
405426 7.55482e+006 28.8507
405426 7.55482e+006 28.6504
405427 7.55482e+006 28.6504
405427 7.55482e+006 28.6504
405427 7.55482e+006 28.6504
405426 7.55482e+006 28.6504
405426 7.55482e+006 28.6504
405426 7.55482e+006 28.6401
405426 7.55482e+006 28.6401
405427 7.55482e+006 28.6401
405427 7.55482e+006 28.6401
405427 7.55482e+006 28.6401
405426 7.55482e+006 28.6401
405426 7.55482e+006 28.6504
405426 7.55482e+006 28.6401
405427 7.55482e+006 28.6401
405427 7.55482e+006 28.6401
405427 7.55482e+006 28.6504
405426 7.55482e+006 28.6504
405427 7.55482e+006 28.6504
405427 7.55482e+006 28.6401
405427 7.55482e+006 28.6401
405427 7.55482e+006 28.6401
405427 7.55482e+006 28.6504
405427 7.55482e+006 28.6504
405427 7.55482e+006 28.6504
405427 7.55482e+006 28.6401
405426 7.55482e+006 28.6401
405426 7.55482e+006 28.6401
405426 7.55482e+006 28.6504
405427 7.55482e+006 28.6504
405426 7.55482e+006 28.6504
405426 7.55482e+006 28.6401
405426 7.55482e+006 28.6401
405426 7.55482e+006 28.6401
405426 7.55482e+006 28.6504
405426 7.55482e+006 28.6504
405426 7.55482e+006 28.4523
405427 7.55482e+006 28.4524
405427 7.55482e+006 28.4524
405427 7.55482e+006 28.4524
405426 7.55482e+006 28.4523
405426 7.55482e+006 28.4523
405426 7.55482e+006 28.442
405426 7.55482e+006 28.442
405427 7.55482e+006 28.442
405427 7.55482e+006 28.442
405427 7.55482e+006 28.442
405426 7.55482e+006 28.442
405426 7.55482e+006 28.4523
405426 7.55482e+006 28.442
405427 7.55482e+006 28.442
405427 7.55482e+006 28.442
405427 7.55482e+006 28.4524
405426 7.55482e+006 28.4523
405427 7.55482e+006 28.4524
405427 7.55482e+006 28.442
405427 7.55482e+006 28.442
405427 7.55482e+006 28.442
405427 7.55482e+006 28.4524
405427 7.55482e+006 28.4524
405427 7.55482e+006 28.4524
405427 7.55482e+006 28.442
405426 7.55482e+006 28.442
405426 7.55482e+006 28.442
405426 7.55482e+006 28.4523
405427 7.55482e+006 28.4524
405426 7.55482e+006 28.4523
405426 7.55482e+006 28.442
405426 7.55482e+006 28.442
405426 7.55482e+006 28.442
405426 7.55482e+006 28.4523
405426 7.55482e+006 28.4523
405426 7.55482e+006 28.252
405427 7.55482e+006 28.252
405427 7.55482e+006 28.252
405427 7.55482e+006 28.252
405426 7.55482e+006 28.252
405426 7.55482e+006 28.252
405426 7.55482e+006 28.2417
405426 7.55482e+006 28.2417
405427 7.55482e+006 28.2417
405427 7.55482e+006 28.2417
405427 7.55482e+006 28.2417
405426 7.55482e+006 28.2417
405426 7.55482e+006 28.252
405426 7.55482e+006 28.2417
405427 7.55482e+006 28.2417
405427 7.55482e+006 28.2417
405427 7.55482e+006 28.252
405426 7.55482e+006 28.252
405427 7.55482e+006 28.252
405427 7.55482e+006 28.2417
405427 7.55482e+006 28.2417
405427 7.55482e+006 28.2417
405427 7.55482e+006 28.252
405427 7.55482e+006 28.252
405427 7.55482e+006 28.252
405427 7.55482e+006 28.2417
405426 7.55482e+006 28.2417
405426 7.55482e+006 28.2417
405426 7.55482e+006 28.252
405427 7.55482e+006 28.252
405426 7.55482e+006 28.252
405426 7.55482e+006 28.2417
405426 7.55482e+006 28.2417
405426 7.55482e+006 28.2417
405426 7.55482e+006 28.252
405426 7.55482e+006 28.252
405426 7.55482e+006 28.0576
405427 7.55482e+006 28.0577
405427 7.55482e+006 28.0577
405427 7.55482e+006 28.0577
405426 7.55482e+006 28.0576
405426 7.55482e+006 28.0576
405426 7.55482e+006 28.0473
405426 7.55482e+006 28.0473
405427 7.55482e+006 28.0473
405427 7.55482e+006 28.0473
405427 7.55482e+006 28.0473
405426 7.55482e+006 28.0473
405426 7.55482e+006 28.0576
405426 7.55482e+006 28.0473
405427 7.55482e+006 28.0473
405427 7.55482e+006 28.0473
405427 7.55482e+006 28.0577
405426 7.55482e+006 28.0576
405427 7.55482e+006 28.0577
405427 7.55482e+006 28.0473
405427 7.55482e+006 28.0473
405427 7.55482e+006 28.0473
405427 7.55482e+006 28.0577
405427 7.55482e+006 28.0577
405427 7.55482e+006 28.0577
405427 7.55482e+006 28.0473
405426 7.55482e+006 28.0473
405426 7.55482e+006 28.0473
405426 7.55482e+006 28.0576
405427 7.55482e+006 28.0577
405426 7.55482e+006 28.0576
405426 7.55482e+006 28.0473
405426 7.55482e+006 28.0473
405426 7.55482e+006 28.0473
405426 7.55482e+006 28.0576
405426 7.55482e+006 28.0576
405426 7.55482e+006 27.8585
405427 7.55482e+006 27.8585
405427 7.55482e+006 27.8585
405427 7.55482e+006 27.8585
405426 7.55482e+006 27.8585
405426 7.55482e+006 27.8585
405426 7.55482e+006 27.8481
405426 7.55482e+006 27.8481
405427 7.55482e+006 27.8481
405427 7.55482e+006 27.8481
405427 7.55482e+006 27.8481
405426 7.55482e+006 27.8481
405426 7.55482e+006 27.8585
405426 7.55482e+006 27.8481
405427 7.55482e+006 27.8481
405427 7.55482e+006 27.8481
405427 7.55482e+006 27.8585
405426 7.55482e+006 27.8585
405427 7.55482e+006 27.8585
405427 7.55482e+006 27.8481
405427 7.55482e+006 27.8481
405427 7.55482e+006 27.8481
405427 7.55482e+006 27.8585
405427 7.55482e+006 27.8585
405427 7.55482e+006 27.8585
405427 7.55482e+006 27.8481
405426 7.55482e+006 27.8481
405426 7.55482e+006 27.8481
405426 7.55482e+006 27.8585
405427 7.55482e+006 27.8585
405426 7.55482e+006 27.8585
405426 7.55482e+006 27.8481
405426 7.55482e+006 27.8481
405426 7.55482e+006 27.8481
405426 7.55482e+006 27.8585
405426 7.55482e+006 27.8585
405426 7.55482e+006 27.6681
405427 7.55482e+006 27.6681
405427 7.55482e+006 27.6681
405427 7.55482e+006 27.6681
405426 7.55482e+006 27.6681
405426 7.55482e+006 27.6681
405426 7.55482e+006 27.6578
405426 7.55482e+006 27.6578
405427 7.55482e+006 27.6578
405427 7.55482e+006 27.6578
405427 7.55482e+006 27.6578
405426 7.55482e+006 27.6578
405426 7.55482e+006 27.6681
405426 7.55482e+006 27.6578
405427 7.55482e+006 27.6578
405427 7.55482e+006 27.6578
405427 7.55482e+006 27.6681
405426 7.55482e+006 27.6681
405427 7.55482e+006 27.6681
405427 7.55482e+006 27.6578
405427 7.55482e+006 27.6578
405427 7.55482e+006 27.6578
405427 7.55482e+006 27.6681
405427 7.55482e+006 27.6681
405427 7.55482e+006 27.6681
405427 7.55482e+006 27.6578
405426 7.55482e+006 27.6578
405426 7.55482e+006 27.6578
405426 7.55482e+006 27.6681
405427 7.55482e+006 27.6681
405426 7.55482e+006 27.6681
405426 7.55482e+006 27.6578
405426 7.55482e+006 27.6578
405426 7.55482e+006 27.6578
405426 7.55482e+006 27.6681
405426 7.55482e+006 27.6681
405427 7.55482e+006 27.6328
405427 7.55482e+006 27.3601
405427 7.55482e+006 27.3601
405427 7.55482e+006 27.3601
405427 7.55482e+006 27.6328
405427 7.55482e+006 27.6328
405427 7.55482e+006 29.1484
405427 7.55482e+006 29.1484
405427 7.55482e+006 28.8841
405427 7.55482e+006 28.8841
405427 7.55482e+006 28.8841
405427 7.55482e+006 29.1484
405427 7.55482e+006 27.6328
405427 7.55482e+006 27.6328
405427 7.55482e+006 29.1484
405427 7.55482e+006 29.1484
405427 7.55482e+006 29.1484
405427 7.55482e+006 27.6328
405427 7.55482e+006 27.6328
405427 7.55482e+006 27.3601
405427 7.55482e+006 28.8841
405427 7.55482e+006 28.8841
405427 7.55482e+006 29.1484
405427 7.55482e+006 27.6328
405427 7.55482e+006 27.3601
405427 7.55482e+006 27.3601
405427 7.55482e+006 28.8841
405427 7.55482e+006 28.8841
405427 7.55482e+006 28.8841
405427 7.55482e+006 27.3601
405427 7.55482e+006 27.3601
405427 7.55482e+006 27.6328
405427 7.55482e+006 29.1484
405427 7.55482e+006 29.1484
405427 7.55482e+006 28.8841
405427 7.55482e+006 27.3601
405432 7.55481e+006 27.6328
405432 7.55481e+006 27.3601
405432 7.55481e+006 27.3601
405432 7.55481e+006 27.3601
405432 7.55481e+006 27.6328
405432 7.55481e+006 27.6328
405432 7.55482e+006 29.1485
405432 7.55482e+006 29.1485
405432 7.55482e+006 28.8841
405432 7.55482e+006 28.8841
405432 7.55482e+006 28.8841
405432 7.55482e+006 29.1485
405432 7.55481e+006 27.6328
405432 7.55481e+006 27.6328
405432 7.55482e+006 29.1485
405432 7.55482e+006 29.1485
405432 7.55482e+006 29.1485
405432 7.55481e+006 27.6328
405432 7.55481e+006 27.6328
405432 7.55481e+006 27.3601
405432 7.55482e+006 28.8841
405432 7.55482e+006 28.8841
405432 7.55482e+006 29.1485
405432 7.55481e+006 27.6328
405432 7.55481e+006 27.3601
405432 7.55481e+006 27.3601
405432 7.55482e+006 28.8841
405432 7.55482e+006 28.8841
405432 7.55482e+006 28.8841
405432 7.55481e+006 27.3601
405432 7.55481e+006 27.3601
405432 7.55481e+006 27.6328
405432 7.55482e+006 29.1485
405432 7.55482e+006 29.1485
405432 7.55482e+006 28.8841
405432 7.55481e+006 27.3601
405432 7.55481e+006 27.6668
405433 7.55481e+006 27.6668
405433 7.55481e+006 27.6668
405433 7.55481e+006 27.6668
405432 7.55481e+006 27.6668
405432 7.55481e+006 27.6668
405432 7.55481e+006 27.6564
405432 7.55481e+006 27.6564
405433 7.55481e+006 27.6564
405433 7.55481e+006 27.6564
405433 7.55481e+006 27.6564
405432 7.55481e+006 27.6564
405432 7.55481e+006 27.6668
405432 7.55481e+006 27.6564
405433 7.55481e+006 27.6564
405433 7.55481e+006 27.6564
405433 7.55481e+006 27.6668
405432 7.55481e+006 27.6668
405433 7.55481e+006 27.6668
405433 7.55481e+006 27.6564
405433 7.55481e+006 27.6564
405433 7.55481e+006 27.6564
405433 7.55481e+006 27.6668
405433 7.55481e+006 27.6668
405433 7.55481e+006 27.6668
405433 7.55481e+006 27.6564
405432 7.55481e+006 27.6564
405432 7.55481e+006 27.6564
405432 7.55481e+006 27.6668
405433 7.55481e+006 27.6668
405432 7.55481e+006 27.6668
405432 7.55481e+006 27.6564
405432 7.55481e+006 27.6564
405432 7.55481e+006 27.6564
405432 7.55481e+006 27.6668
405432 7.55481e+006 27.6668
405432 7.55482e+006 29.0405
405433 7.55482e+006 29.0405
405433 7.55482e+006 29.0406
405433 7.55482e+006 29.0406
405432 7.55482e+006 29.0405
405432 7.55482e+006 29.0405
405432 7.55482e+006 29.0302
405432 7.55482e+006 29.0302
405433 7.55482e+006 29.0302
405433 7.55482e+006 29.0302
405433 7.55482e+006 29.0302
405432 7.55482e+006 29.0302
405432 7.55482e+006 29.0405
405432 7.55482e+006 29.0302
405433 7.55482e+006 29.0302
405433 7.55482e+006 29.0302
405433 7.55482e+006 29.0405
405432 7.55482e+006 29.0405
405433 7.55482e+006 29.0405
405433 7.55482e+006 29.0302
405433 7.55482e+006 29.0302
405433 7.55482e+006 29.0302
405433 7.55482e+006 29.0406
405433 7.55482e+006 29.0405
405433 7.55482e+006 29.0406
405433 7.55482e+006 29.0302
405432 7.55482e+006 29.0302
405432 7.55482e+006 29.0302
405432 7.55482e+006 29.0405
405433 7.55482e+006 29.0406
405432 7.55482e+006 29.0405
405432 7.55482e+006 29.0302
405432 7.55482e+006 29.0302
405432 7.55482e+006 29.0302
405432 7.55482e+006 29.0405
405432 7.55482e+006 29.0405
405432 7.55482e+006 28.8507
405433 7.55481e+006 28.8507
405433 7.55482e+006 28.8507
405433 7.55482e+006 28.8507
405432 7.55482e+006 28.8507
405432 7.55482e+006 28.8507
405432 7.55482e+006 28.8404
405432 7.55482e+006 28.8403
405433 7.55482e+006 28.8404
405433 7.55482e+006 28.8404
405433 7.55481e+006 28.8404
405432 7.55482e+006 28.8404
405432 7.55482e+006 28.8507
405432 7.55482e+006 28.8404
405433 7.55481e+006 28.8404
405433 7.55481e+006 28.8404
405433 7.55481e+006 28.8507
405432 7.55482e+006 28.8507
405433 7.55481e+006 28.8507
405433 7.55481e+006 28.8404
405433 7.55482e+006 28.8404
405433 7.55482e+006 28.8404
405433 7.55482e+006 28.8507
405433 7.55481e+006 28.8507
405433 7.55482e+006 28.8507
405433 7.55482e+006 28.8404
405432 7.55482e+006 28.8403
405432 7.55482e+006 28.8403
405432 7.55482e+006 28.8507
405433 7.55482e+006 28.8507
405432 7.55482e+006 28.8507
405432 7.55482e+006 28.8403
405432 7.55482e+006 28.8404
405432 7.55482e+006 28.8404
405432 7.55482e+006 28.8507
405432 7.55482e+006 28.8507
405432 7.55482e+006 28.6504
405433 7.55481e+006 28.6505
405433 7.55481e+006 28.6505
405433 7.55481e+006 28.6505
405432 7.55482e+006 28.6504
405432 7.55482e+006 28.6504
405432 7.55482e+006 28.6401
405432 7.55482e+006 28.6401
405433 7.55481e+006 28.6401
405433 7.55481e+006 28.6401
405433 7.55481e+006 28.6401
405432 7.55482e+006 28.6401
405432 7.55482e+006 28.6504
405432 7.55482e+006 28.6401
405433 7.55481e+006 28.6401
405433 7.55481e+006 28.6401
405433 7.55481e+006 28.6505
405432 7.55482e+006 28.6504
405433 7.55481e+006 28.6505
405433 7.55481e+006 28.6401
405433 7.55481e+006 28.6401
405433 7.55481e+006 28.6401
405433 7.55481e+006 28.6505
405433 7.55481e+006 28.6505
405433 7.55481e+006 28.6505
405433 7.55481e+006 28.6401
405432 7.55482e+006 28.6401
405432 7.55482e+006 28.6401
405432 7.55482e+006 28.6504
405433 7.55481e+006 28.6505
405432 7.55482e+006 28.6504
405432 7.55482e+006 28.6401
405432 7.55482e+006 28.6401
405432 7.55482e+006 28.6401
405432 7.55482e+006 28.6504
405432 7.55482e+006 28.6504
405432 7.55482e+006 28.4524
405433 7.55481e+006 28.4524
405433 7.55481e+006 28.4524
405433 7.55481e+006 28.4524
405432 7.55482e+006 28.4523
405432 7.55482e+006 28.4524
405432 7.55482e+006 28.442
405432 7.55482e+006 28.442
405433 7.55481e+006 28.442
405433 7.55481e+006 28.442
405433 7.55481e+006 28.442
405432 7.55482e+006 28.442
405432 7.55482e+006 28.4524
405432 7.55482e+006 28.442
405433 7.55481e+006 28.442
405433 7.55481e+006 28.442
405433 7.55481e+006 28.4524
405432 7.55482e+006 28.4524
405433 7.55481e+006 28.4524
405433 7.55481e+006 28.442
405433 7.55481e+006 28.442
405433 7.55481e+006 28.442
405433 7.55481e+006 28.4524
405433 7.55481e+006 28.4524
405433 7.55481e+006 28.4524
405433 7.55481e+006 28.442
405432 7.55482e+006 28.442
405432 7.55482e+006 28.442
405432 7.55482e+006 28.4523
405433 7.55481e+006 28.4524
405432 7.55482e+006 28.4523
405432 7.55482e+006 28.442
405432 7.55482e+006 28.442
405432 7.55482e+006 28.442
405432 7.55482e+006 28.4524
405432 7.55482e+006 28.4523
405432 7.55481e+006 28.252
405433 7.55481e+006 28.252
405433 7.55481e+006 28.252
405433 7.55481e+006 28.252
405432 7.55482e+006 28.252
405432 7.55481e+006 28.252
405432 7.55481e+006 28.2417
405432 7.55482e+006 28.2417
405433 7.55481e+006 28.2417
405433 7.55481e+006 28.2417
405433 7.55481e+006 28.2417
405432 7.55481e+006 28.2417
405432 7.55481e+006 28.252
405432 7.55481e+006 28.2417
405433 7.55481e+006 28.2417
405433 7.55481e+006 28.2417
405433 7.55481e+006 28.252
405432 7.55481e+006 28.252
405433 7.55481e+006 28.252
405433 7.55481e+006 28.2417
405433 7.55481e+006 28.2417
405433 7.55481e+006 28.2417
405433 7.55481e+006 28.252
405433 7.55481e+006 28.252
405433 7.55481e+006 28.252
405433 7.55481e+006 28.2417
405432 7.55482e+006 28.2417
405432 7.55482e+006 28.2417
405432 7.55482e+006 28.252
405433 7.55481e+006 28.252
405432 7.55482e+006 28.252
405432 7.55482e+006 28.2417
405432 7.55481e+006 28.2417
405432 7.55481e+006 28.2417
405432 7.55481e+006 28.252
405432 7.55482e+006 28.252
405432 7.55481e+006 28.0577
405433 7.55481e+006 28.0577
405433 7.55481e+006 28.0577
405433 7.55481e+006 28.0577
405432 7.55481e+006 28.0577
405432 7.55481e+006 28.0577
405432 7.55481e+006 28.0473
405432 7.55481e+006 28.0473
405433 7.55481e+006 28.0473
405433 7.55481e+006 28.0473
405433 7.55481e+006 28.0473
405432 7.55481e+006 28.0473
405432 7.55481e+006 28.0577
405432 7.55481e+006 28.0473
405433 7.55481e+006 28.0473
405433 7.55481e+006 28.0473
405433 7.55481e+006 28.0577
405432 7.55481e+006 28.0577
405433 7.55481e+006 28.0577
405433 7.55481e+006 28.0473
405433 7.55481e+006 28.0473
405433 7.55481e+006 28.0473
405433 7.55481e+006 28.0577
405433 7.55481e+006 28.0577
405433 7.55481e+006 28.0577
405433 7.55481e+006 28.0473
405432 7.55481e+006 28.0473
405432 7.55481e+006 28.0473
405432 7.55481e+006 28.0577
405433 7.55481e+006 28.0577
405432 7.55481e+006 28.0577
405432 7.55481e+006 28.0473
405432 7.55481e+006 28.0473
405432 7.55481e+006 28.0473
405432 7.55481e+006 28.0577
405432 7.55481e+006 28.0577
405432 7.55481e+006 27.8585
405433 7.55481e+006 27.8585
405433 7.55481e+006 27.8585
405433 7.55481e+006 27.8585
405432 7.55481e+006 27.8585
405432 7.55481e+006 27.8585
405432 7.55481e+006 27.8481
405432 7.55481e+006 27.8481
405433 7.55481e+006 27.8481
405433 7.55481e+006 27.8481
405433 7.55481e+006 27.8481
405432 7.55481e+006 27.8481
405432 7.55481e+006 27.8585
405432 7.55481e+006 27.8481
405433 7.55481e+006 27.8481
405433 7.55481e+006 27.8481
405433 7.55481e+006 27.8585
405432 7.55481e+006 27.8585
405433 7.55481e+006 27.8585
405433 7.55481e+006 27.8481
405433 7.55481e+006 27.8481
405433 7.55481e+006 27.8481
405433 7.55481e+006 27.8585
405433 7.55481e+006 27.8585
405433 7.55481e+006 27.8585
405433 7.55481e+006 27.8481
405432 7.55481e+006 27.8481
405432 7.55481e+006 27.8481
405432 7.55481e+006 27.8585
405433 7.55481e+006 27.8585
405432 7.55481e+006 27.8585
405432 7.55481e+006 27.8481
405432 7.55481e+006 27.8481
405432 7.55481e+006 27.8481
405432 7.55481e+006 27.8585
405432 7.55481e+006 27.8585
405432 7.55481e+006 27.6681
405433 7.55481e+006 27.6681
405433 7.55481e+006 27.6681
405433 7.55481e+006 27.6681
405432 7.55481e+006 27.6681
405432 7.55481e+006 27.6681
405432 7.55481e+006 27.6578
405432 7.55481e+006 27.6578
405433 7.55481e+006 27.6578
405433 7.55481e+006 27.6578
405433 7.55481e+006 27.6578
405432 7.55481e+006 27.6578
405432 7.55481e+006 27.6681
405432 7.55481e+006 27.6578
405433 7.55481e+006 27.6578
405433 7.55481e+006 27.6578
405433 7.55481e+006 27.6681
405432 7.55481e+006 27.6681
405433 7.55481e+006 27.6681
405433 7.55481e+006 27.6578
405433 7.55481e+006 27.6578
405433 7.55481e+006 27.6578
405433 7.55481e+006 27.6681
405433 7.55481e+006 27.6681
405433 7.55481e+006 27.6681
405433 7.55481e+006 27.6578
405432 7.55481e+006 27.6578
405432 7.55481e+006 27.6578
405432 7.55481e+006 27.6681
405433 7.55481e+006 27.6681
405432 7.55481e+006 27.6681
405432 7.55481e+006 27.6578
405432 7.55481e+006 27.6578
405432 7.55481e+006 27.6578
405432 7.55481e+006 27.6681
405432 7.55481e+006 27.6681
405433 7.55481e+006 27.6328
405433 7.55481e+006 27.3601
405433 7.55481e+006 27.3601
405433 7.55481e+006 27.3601
405433 7.55481e+006 27.6328
405433 7.55481e+006 27.6328
405433 7.55482e+006 29.1485
405433 7.55482e+006 29.1485
405433 7.55482e+006 28.8841
405433 7.55482e+006 28.8841
405433 7.55482e+006 28.8841
405433 7.55482e+006 29.1485
405433 7.55481e+006 27.6328
405433 7.55481e+006 27.6328
405433 7.55482e+006 29.1485
405433 7.55482e+006 29.1485
405433 7.55482e+006 29.1485
405433 7.55481e+006 27.6328
405433 7.55481e+006 27.6328
405433 7.55481e+006 27.3601
405433 7.55482e+006 28.8841
405433 7.55482e+006 28.8841
405433 7.55482e+006 29.1485
405433 7.55481e+006 27.6328
405433 7.55481e+006 27.3601
405433 7.55481e+006 27.3601
405433 7.55482e+006 28.8841
405433 7.55482e+006 28.8841
405433 7.55482e+006 28.8841
405433 7.55481e+006 27.3601
405433 7.55481e+006 27.3601
405433 7.55481e+006 27.6328
405433 7.55482e+006 29.1485
405433 7.55482e+006 29.1485
405433 7.55482e+006 28.8841
405433 7.55481e+006 27.3601
