405411 7.5548e+006 24.6773
405411 7.5548e+006 24.9273
405412 7.5548e+006 24.9274
405412 7.5548e+006 24.9274
405412 7.5548e+006 24.6774
405411 7.5548e+006 24.6773
405412 7.5548e+006 24.9284
405412 7.5548e+006 24.6784
405413 7.5548e+006 24.6785
405413 7.5548e+006 24.6785
405413 7.5548e+006 24.9285
405412 7.5548e+006 24.9284
405411 7.5548e+006 24.9273
405412 7.5548e+006 24.9284
405413 7.5548e+006 24.9285
405413 7.5548e+006 24.9285
405412 7.5548e+006 24.9274
405411 7.5548e+006 24.9273
405411 7.5548e+006 24.6773
405412 7.5548e+006 24.6784
405412 7.5548e+006 24.9284
405412 7.5548e+006 24.9284
405411 7.5548e+006 24.9273
405411 7.5548e+006 24.6773
405412 7.5548e+006 24.6774
405413 7.5548e+006 24.6785
405412 7.5548e+006 24.6784
405412 7.5548e+006 24.6784
405411 7.5548e+006 24.6773
405412 7.5548e+006 24.6774
405412 7.5548e+006 24.9274
405413 7.5548e+006 24.9285
405413 7.5548e+006 24.6785
405413 7.5548e+006 24.6785
405412 7.5548e+006 24.6774
405412 7.5548e+006 24.9274
