405455 7.55479e+006 41.0044
405455 7.55479e+006 40.9812
405452 7.55478e+006 43.7529
405452 7.55478e+006 43.7529
405452 7.55478e+006 43.7762
405455 7.55479e+006 41.0044
405455 7.55479e+006 41.0044
405455 7.55479e+006 40.9812
405455 7.55479e+006 40.9812
405455 7.55479e+006 40.9812
405455 7.55479e+006 41.0044
405455 7.55479e+006 41.0044
405452 7.55478e+006 43.7762
405452 7.55478e+006 43.7529
405455 7.55479e+006 40.9812
405455 7.55479e+006 40.9812
405455 7.55479e+006 41.0044
405452 7.55478e+006 43.7762
405449 7.55476e+006 49.6628
405452 7.55478e+006 43.7762
405452 7.55478e+006 43.7529
405452 7.55478e+006 43.7529
405449 7.55476e+006 49.6396
405449 7.55476e+006 49.6628
405448 7.55476e+006 49.6396
405452 7.55478e+006 43.7529
405452 7.55478e+006 43.7762
405452 7.55478e+006 43.7762
405448 7.55476e+006 49.6628
405448 7.55476e+006 49.6396
405447 7.55476e+006 51.2028
405449 7.55476e+006 49.6628
405449 7.55476e+006 49.6396
405449 7.55476e+006 49.6396
405447 7.55476e+006 51.1795
405447 7.55476e+006 51.2028
405447 7.55476e+006 51.1795
405448 7.55476e+006 49.6396
405448 7.55476e+006 49.6628
405448 7.55476e+006 49.6628
405447 7.55476e+006 51.2028
405447 7.55476e+006 51.1795
405446 7.55475e+006 52.3167
405447 7.55476e+006 51.2028
405447 7.55476e+006 51.1795
405447 7.55476e+006 51.1795
405446 7.55475e+006 52.2935
405446 7.55475e+006 52.3167
405445 7.55475e+006 52.2935
405447 7.55476e+006 51.1795
405447 7.55476e+006 51.2028
405447 7.55476e+006 51.2028
405445 7.55475e+006 52.3167
405445 7.55475e+006 52.2935
405446 7.55475e+006 52.9981
405446 7.55475e+006 52.3167
405446 7.55475e+006 52.2935
405446 7.55475e+006 52.2935
405446 7.55475e+006 52.9749
405446 7.55475e+006 52.9981
405445 7.55475e+006 52.9749
405445 7.55475e+006 52.2935
405445 7.55475e+006 52.3167
405445 7.55475e+006 52.3167
405445 7.55475e+006 52.9981
405445 7.55475e+006 52.9749
405445 7.55475e+006 53.2888
405446 7.55475e+006 52.9981
405446 7.55475e+006 52.9749
405446 7.55475e+006 52.9749
405445 7.55475e+006 53.2655
405445 7.55475e+006 53.2888
405444 7.55475e+006 53.2888
405445 7.55475e+006 53.2888
405445 7.55475e+006 53.2655
405445 7.55475e+006 53.2655
405444 7.55475e+006 53.2655
405444 7.55475e+006 53.2888
405444 7.55475e+006 52.9749
405445 7.55475e+006 52.9749
405445 7.55475e+006 52.9981
405445 7.55475e+006 52.9981
405444 7.55475e+006 52.9981
405444 7.55475e+006 52.9749
405444 7.55475e+006 52.9749
405444 7.55475e+006 52.9981
405444 7.55475e+006 53.2888
405444 7.55475e+006 53.2888
405444 7.55475e+006 53.2655
405444 7.55475e+006 52.9749
