400440 7.55244e+006 29.7292
400440 7.55244e+006 29.4377
400440 7.55244e+006 29.4378
400440 7.55244e+006 29.4378
400440 7.55244e+006 29.7395
400440 7.55244e+006 29.7292
400440 7.55244e+006 29.729
400440 7.55244e+006 29.4375
400440 7.55244e+006 29.4377
400440 7.55244e+006 29.4377
400440 7.55244e+006 29.7292
400440 7.55244e+006 29.729
400440 7.55244e+006 29.7391
400440 7.55244e+006 29.4375
400440 7.55244e+006 29.4375
400440 7.55244e+006 29.4375
400440 7.55244e+006 29.729
400440 7.55244e+006 29.7391
400440 7.55244e+006 29.7494
400440 7.55244e+006 29.4376
400440 7.55244e+006 29.4375
400440 7.55244e+006 29.4375
400440 7.55244e+006 29.7391
400440 7.55244e+006 29.7494
400440 7.55244e+006 29.7496
400440 7.55244e+006 29.4377
400440 7.55244e+006 29.4376
400440 7.55244e+006 29.4376
400440 7.55244e+006 29.7494
400440 7.55244e+006 29.7496
400440 7.55244e+006 29.7395
400440 7.55244e+006 29.4378
400440 7.55244e+006 29.4377
400440 7.55244e+006 29.4377
400440 7.55244e+006 29.7496
400440 7.55244e+006 29.7395
400440 7.55244e+006 29.7433
400440 7.55244e+006 29.7292
400440 7.55244e+006 29.7395
400440 7.55244e+006 29.7395
400440 7.55244e+006 29.768
400440 7.55244e+006 29.7433
400440 7.55244e+006 29.7431
400440 7.55244e+006 29.729
400440 7.55244e+006 29.7292
400440 7.55244e+006 29.7292
400440 7.55244e+006 29.7433
400440 7.55244e+006 29.7431
400440 7.55244e+006 29.7677
400440 7.55244e+006 29.7391
400440 7.55244e+006 29.729
400440 7.55244e+006 29.729
400440 7.55244e+006 29.7431
400440 7.55244e+006 29.7677
400440 7.55244e+006 29.7924
400440 7.55244e+006 29.7494
400440 7.55244e+006 29.7391
400440 7.55244e+006 29.7391
400440 7.55244e+006 29.7677
400440 7.55244e+006 29.7924
400440 7.55244e+006 29.7925
400440 7.55244e+006 29.7496
400440 7.55244e+006 29.7494
400440 7.55244e+006 29.7494
400440 7.55244e+006 29.7924
400440 7.55244e+006 29.7925
400440 7.55244e+006 29.768
400440 7.55244e+006 29.7395
400440 7.55244e+006 29.7496
400440 7.55244e+006 29.7496
400440 7.55244e+006 29.7925
400440 7.55244e+006 29.768
400440 7.55244e+006 29.7447
400440 7.55244e+006 29.7433
400440 7.55244e+006 29.768
400440 7.55244e+006 29.768
400440 7.55244e+006 29.7694
400440 7.55244e+006 29.7447
400440 7.55244e+006 29.7445
400440 7.55244e+006 29.7431
400440 7.55244e+006 29.7433
400440 7.55244e+006 29.7433
400440 7.55244e+006 29.7447
400440 7.55244e+006 29.7445
400440 7.55244e+006 29.7691
400440 7.55244e+006 29.7677
400440 7.55244e+006 29.7431
400440 7.55244e+006 29.7431
400440 7.55244e+006 29.7445
400440 7.55244e+006 29.7691
400440 7.55244e+006 29.7938
400440 7.55244e+006 29.7924
400440 7.55244e+006 29.7677
400440 7.55244e+006 29.7677
400440 7.55244e+006 29.7691
400440 7.55244e+006 29.7938
400440 7.55244e+006 29.794
400440 7.55244e+006 29.7925
400440 7.55244e+006 29.7924
400440 7.55244e+006 29.7924
400440 7.55244e+006 29.7938
400440 7.55244e+006 29.794
400440 7.55244e+006 29.7694
400440 7.55244e+006 29.768
400440 7.55244e+006 29.7925
400440 7.55244e+006 29.7925
400440 7.55244e+006 29.794
400440 7.55244e+006 29.7694
400440 7.55244e+006 29.7877
400440 7.55244e+006 29.7447
400440 7.55244e+006 29.7694
400440 7.55244e+006 29.7694
400440 7.55244e+006 29.7979
400440 7.55244e+006 29.7877
400440 7.55244e+006 29.7875
400440 7.55244e+006 29.7445
400440 7.55244e+006 29.7447
400440 7.55244e+006 29.7447
400440 7.55244e+006 29.7877
400440 7.55244e+006 29.7875
400440 7.55244e+006 29.7976
400440 7.55244e+006 29.7691
400440 7.55244e+006 29.7445
400440 7.55244e+006 29.7445
400440 7.55244e+006 29.7875
400440 7.55244e+006 29.7976
400440 7.55244e+006 29.8079
400440 7.55244e+006 29.7938
400440 7.55244e+006 29.7691
400440 7.55244e+006 29.7691
400440 7.55244e+006 29.7976
400440 7.55244e+006 29.8079
400440 7.55244e+006 29.8081
400440 7.55244e+006 29.794
400440 7.55244e+006 29.7938
400440 7.55244e+006 29.7938
400440 7.55244e+006 29.8079
400440 7.55244e+006 29.8081
400440 7.55244e+006 29.7979
400440 7.55244e+006 29.7694
400440 7.55244e+006 29.794
400440 7.55244e+006 29.794
400440 7.55244e+006 29.8081
400440 7.55244e+006 29.7979
400440 7.55244e+006 31.978
400440 7.55244e+006 29.7877
400440 7.55244e+006 29.7979
400440 7.55244e+006 29.7979
400440 7.55244e+006 31.9848
400440 7.55244e+006 31.978
400440 7.55244e+006 31.9661
400440 7.55244e+006 29.7875
400440 7.55244e+006 29.7877
400440 7.55244e+006 29.7877
400440 7.55244e+006 31.978
400440 7.55244e+006 31.9661
400440 7.55244e+006 31.9609
400440 7.55244e+006 29.7976
400440 7.55244e+006 29.7875
400440 7.55244e+006 29.7875
400440 7.55244e+006 31.9661
400440 7.55244e+006 31.9609
400440 7.55244e+006 31.9677
400440 7.55244e+006 29.8079
400440 7.55244e+006 29.7976
400440 7.55244e+006 29.7976
400440 7.55244e+006 31.9609
400440 7.55244e+006 31.9677
400440 7.55244e+006 31.9796
400440 7.55244e+006 29.8081
400440 7.55244e+006 29.8079
400440 7.55244e+006 29.8079
400440 7.55244e+006 31.9677
400440 7.55244e+006 31.9796
400440 7.55244e+006 31.9848
400440 7.55244e+006 29.7979
400440 7.55244e+006 29.8081
400440 7.55244e+006 29.8081
400440 7.55244e+006 31.9796
400440 7.55244e+006 31.9848
400440 7.55244e+006 32.0134
400440 7.55244e+006 31.978
400440 7.55244e+006 31.9848
400440 7.55244e+006 31.9848
400440 7.55244e+006 32.0296
400440 7.55244e+006 32.0134
400440 7.55244e+006 31.985
400440 7.55244e+006 31.9661
400440 7.55244e+006 31.978
400440 7.55244e+006 31.978
400440 7.55244e+006 32.0134
400440 7.55244e+006 31.985
400440 7.55244e+006 31.9727
400440 7.55244e+006 31.9609
400440 7.55244e+006 31.9661
400440 7.55244e+006 31.9661
400440 7.55244e+006 31.985
400440 7.55244e+006 31.9727
400440 7.55244e+006 31.9889
400440 7.55244e+006 31.9677
400440 7.55244e+006 31.9609
400440 7.55244e+006 31.9609
400440 7.55244e+006 31.9727
400440 7.55244e+006 31.9889
400440 7.55244e+006 32.0173
400440 7.55244e+006 31.9796
400440 7.55244e+006 31.9677
400440 7.55244e+006 31.9677
400440 7.55244e+006 31.9889
400440 7.55244e+006 32.0173
400440 7.55244e+006 32.0296
400440 7.55244e+006 31.9848
400440 7.55244e+006 31.9796
400440 7.55244e+006 31.9796
400440 7.55244e+006 32.0173
400440 7.55244e+006 32.0296
400439 7.55244e+006 32.0047
400440 7.55244e+006 32.0134
400440 7.55244e+006 32.0296
400440 7.55244e+006 32.0296
400439 7.55244e+006 32.0208
400439 7.55244e+006 32.0047
400439 7.55244e+006 31.9764
400440 7.55244e+006 31.985
400440 7.55244e+006 32.0134
400440 7.55244e+006 32.0134
400439 7.55244e+006 32.0047
400439 7.55244e+006 31.9764
400439 7.55244e+006 31.9642
400440 7.55244e+006 31.9727
400440 7.55244e+006 31.985
400440 7.55244e+006 31.985
400439 7.55244e+006 31.9764
400439 7.55244e+006 31.9642
400439 7.55244e+006 31.9803
400440 7.55244e+006 31.9889
400440 7.55244e+006 31.9727
400440 7.55244e+006 31.9727
400439 7.55244e+006 31.9642
400439 7.55244e+006 31.9803
400439 7.55244e+006 32.0086
400440 7.55244e+006 32.0173
400440 7.55244e+006 31.9889
400440 7.55244e+006 31.9889
400439 7.55244e+006 31.9803
400439 7.55244e+006 32.0086
400439 7.55244e+006 32.0208
400440 7.55244e+006 32.0296
400440 7.55244e+006 32.0173
400440 7.55244e+006 32.0173
400439 7.55244e+006 32.0086
400439 7.55244e+006 32.0208
400439 7.55244e+006 31.9689
400439 7.55244e+006 32.0047
400439 7.55244e+006 32.0208
400439 7.55244e+006 32.0208
400439 7.55244e+006 31.9755
400439 7.55244e+006 31.9689
400439 7.55244e+006 31.9573
400439 7.55244e+006 31.9764
400439 7.55244e+006 32.0047
400439 7.55244e+006 32.0047
400439 7.55244e+006 31.9689
400439 7.55244e+006 31.9573
400439 7.55244e+006 31.9523
400439 7.55244e+006 31.9642
400439 7.55244e+006 31.9764
400439 7.55244e+006 31.9764
400439 7.55244e+006 31.9573
400439 7.55244e+006 31.9523
400439 7.55244e+006 31.9589
400439 7.55244e+006 31.9803
400439 7.55244e+006 31.9642
400439 7.55244e+006 31.9642
400439 7.55244e+006 31.9523
400439 7.55244e+006 31.9589
400439 7.55244e+006 31.9705
400439 7.55244e+006 32.0086
400439 7.55244e+006 31.9803
400439 7.55244e+006 31.9803
400439 7.55244e+006 31.9589
400439 7.55244e+006 31.9705
400439 7.55244e+006 31.9755
400439 7.55244e+006 32.0208
400439 7.55244e+006 32.0086
400439 7.55244e+006 32.0086
400439 7.55244e+006 31.9705
400439 7.55244e+006 31.9755
400439 7.55244e+006 18.9234
400439 7.55244e+006 31.9689
400439 7.55244e+006 31.9755
400439 7.55244e+006 31.9755
400439 7.55244e+006 18.9233
400439 7.55244e+006 18.9234
400439 7.55244e+006 18.9235
400439 7.55244e+006 31.9573
400439 7.55244e+006 31.9689
400439 7.55244e+006 31.9689
400439 7.55244e+006 18.9234
400439 7.55244e+006 18.9235
400439 7.55244e+006 18.9236
400439 7.55244e+006 31.9523
400439 7.55244e+006 31.9573
400439 7.55244e+006 31.9573
400439 7.55244e+006 18.9235
400439 7.55244e+006 18.9236
400439 7.55244e+006 18.9235
400439 7.55244e+006 31.9589
400439 7.55244e+006 31.9523
400439 7.55244e+006 31.9523
400439 7.55244e+006 18.9236
400439 7.55244e+006 18.9235
400439 7.55244e+006 18.9234
400439 7.55244e+006 31.9705
400439 7.55244e+006 31.9589
400439 7.55244e+006 31.9589
400439 7.55244e+006 18.9235
400439 7.55244e+006 18.9234
400439 7.55244e+006 18.9233
400439 7.55244e+006 31.9755
400439 7.55244e+006 31.9705
400439 7.55244e+006 31.9705
400439 7.55244e+006 18.9234
400439 7.55244e+006 18.9233
400440 7.55244e+006 29.4376
400440 7.55244e+006 29.4377
400440 7.55244e+006 29.4378
400440 7.55244e+006 29.4375
400440 7.55244e+006 29.4376
400440 7.55244e+006 29.4378
400440 7.55244e+006 29.4375
400440 7.55244e+006 29.4375
400440 7.55244e+006 29.4378
400440 7.55244e+006 29.4377
400440 7.55244e+006 29.4375
400440 7.55244e+006 29.4378
400439 7.55244e+006 18.9235
400439 7.55244e+006 18.9234
400439 7.55244e+006 18.9233
400439 7.55244e+006 18.9233
400439 7.55244e+006 18.9235
400439 7.55244e+006 18.9236
400439 7.55244e+006 18.9236
400439 7.55244e+006 18.9235
400439 7.55244e+006 18.9233
400439 7.55244e+006 18.9234
400439 7.55244e+006 18.9235
400439 7.55244e+006 18.9233
400441 7.55244e+006 29.7309
400441 7.55244e+006 29.7412
400441 7.55244e+006 29.4396
400441 7.55244e+006 29.4396
400441 7.55244e+006 29.4395
400441 7.55244e+006 29.7309
400441 7.55244e+006 29.7308
400441 7.55244e+006 29.7309
400441 7.55244e+006 29.4395
400441 7.55244e+006 29.4395
400441 7.55244e+006 29.4393
400441 7.55244e+006 29.7308
400441 7.55244e+006 29.7409
400441 7.55244e+006 29.7308
400441 7.55244e+006 29.4393
400441 7.55244e+006 29.4393
400441 7.55244e+006 29.4392
400441 7.55244e+006 29.7409
400441 7.55244e+006 29.7512
400441 7.55244e+006 29.7409
400441 7.55244e+006 29.4392
400441 7.55244e+006 29.4392
400441 7.55244e+006 29.4393
400441 7.55244e+006 29.7512
400441 7.55244e+006 29.7513
400441 7.55244e+006 29.7512
400441 7.55244e+006 29.4393
400441 7.55244e+006 29.4393
400441 7.55244e+006 29.4395
400441 7.55244e+006 29.7513
400441 7.55244e+006 29.7412
400441 7.55244e+006 29.7513
400441 7.55244e+006 29.4395
400441 7.55244e+006 29.4395
400441 7.55244e+006 29.4396
400441 7.55244e+006 29.7412
400441 7.55244e+006 29.745
400441 7.55244e+006 29.7697
400441 7.55244e+006 29.7412
400441 7.55244e+006 29.7412
400441 7.55244e+006 29.7309
400441 7.55244e+006 29.745
400441 7.55244e+006 29.7449
400441 7.55244e+006 29.745
400441 7.55244e+006 29.7309
400441 7.55244e+006 29.7309
400441 7.55244e+006 29.7308
400441 7.55244e+006 29.7449
400441 7.55244e+006 29.7694
400441 7.55244e+006 29.7449
400441 7.55244e+006 29.7308
400441 7.55244e+006 29.7308
400441 7.55244e+006 29.7409
400441 7.55244e+006 29.7694
400441 7.55244e+006 29.7941
400441 7.55244e+006 29.7694
400441 7.55244e+006 29.7409
400441 7.55244e+006 29.7409
400441 7.55244e+006 29.7512
400441 7.55244e+006 29.7941
400441 7.55244e+006 29.7943
400441 7.55244e+006 29.7941
400441 7.55244e+006 29.7512
400441 7.55244e+006 29.7512
400441 7.55244e+006 29.7513
400441 7.55244e+006 29.7943
400441 7.55244e+006 29.7697
400441 7.55244e+006 29.7943
400441 7.55244e+006 29.7513
400441 7.55244e+006 29.7513
400441 7.55244e+006 29.7412
400441 7.55244e+006 29.7697
400441 7.55244e+006 29.7464
400441 7.55244e+006 29.7712
400441 7.55244e+006 29.7697
400441 7.55244e+006 29.7697
400441 7.55244e+006 29.745
400441 7.55244e+006 29.7464
400441 7.55244e+006 29.7463
400441 7.55244e+006 29.7464
400441 7.55244e+006 29.745
400441 7.55244e+006 29.745
400441 7.55244e+006 29.7449
400441 7.55244e+006 29.7463
400441 7.55244e+006 29.7708
400441 7.55244e+006 29.7463
400441 7.55244e+006 29.7449
400441 7.55244e+006 29.7449
400441 7.55244e+006 29.7694
400441 7.55244e+006 29.7708
400441 7.55244e+006 29.7955
400441 7.55244e+006 29.7708
400441 7.55244e+006 29.7694
400441 7.55244e+006 29.7694
400441 7.55244e+006 29.7941
400441 7.55244e+006 29.7955
400441 7.55244e+006 29.7957
400441 7.55244e+006 29.7955
400441 7.55244e+006 29.7941
400441 7.55244e+006 29.7941
400441 7.55244e+006 29.7943
400441 7.55244e+006 29.7957
400441 7.55244e+006 29.7712
400441 7.55244e+006 29.7957
400441 7.55244e+006 29.7943
400441 7.55244e+006 29.7943
400441 7.55244e+006 29.7697
400441 7.55244e+006 29.7712
400441 7.55244e+006 29.7894
400441 7.55244e+006 29.7997
400441 7.55244e+006 29.7712
400441 7.55244e+006 29.7712
400441 7.55244e+006 29.7464
400441 7.55244e+006 29.7894
400441 7.55244e+006 29.7892
400441 7.55244e+006 29.7894
400441 7.55244e+006 29.7464
400441 7.55244e+006 29.7464
400441 7.55244e+006 29.7463
400441 7.55244e+006 29.7892
400441 7.55244e+006 29.7994
400441 7.55244e+006 29.7892
400441 7.55244e+006 29.7463
400441 7.55244e+006 29.7463
400441 7.55244e+006 29.7708
400441 7.55244e+006 29.7994
400441 7.55244e+006 29.8096
400441 7.55244e+006 29.7994
400441 7.55244e+006 29.7708
400441 7.55244e+006 29.7708
400441 7.55244e+006 29.7955
400441 7.55244e+006 29.8096
400441 7.55244e+006 29.8098
400441 7.55244e+006 29.8096
400441 7.55244e+006 29.7955
400441 7.55244e+006 29.7955
400441 7.55244e+006 29.7957
400441 7.55244e+006 29.8098
400441 7.55244e+006 29.7997
400441 7.55244e+006 29.8098
400441 7.55244e+006 29.7957
400441 7.55244e+006 29.7957
400441 7.55244e+006 29.7712
400441 7.55244e+006 29.7997
400441 7.55244e+006 32.0349
400441 7.55244e+006 32.0417
400441 7.55244e+006 29.7997
400441 7.55244e+006 29.7997
400441 7.55244e+006 29.7894
400441 7.55244e+006 32.0349
400441 7.55244e+006 32.023
400441 7.55244e+006 32.0349
400441 7.55244e+006 29.7894
400441 7.55244e+006 29.7894
400441 7.55244e+006 29.7892
400441 7.55244e+006 32.023
400441 7.55244e+006 32.0178
400441 7.55244e+006 32.023
400441 7.55244e+006 29.7892
400441 7.55244e+006 29.7892
400441 7.55244e+006 29.7994
400441 7.55244e+006 32.0178
400441 7.55244e+006 32.0246
400441 7.55244e+006 32.0178
400441 7.55244e+006 29.7994
400441 7.55244e+006 29.7994
400441 7.55244e+006 29.8096
400441 7.55244e+006 32.0246
400441 7.55244e+006 32.0365
400441 7.55244e+006 32.0246
400441 7.55244e+006 29.8096
400441 7.55244e+006 29.8096
400441 7.55244e+006 29.8098
400441 7.55244e+006 32.0365
400441 7.55244e+006 32.0417
400441 7.55244e+006 32.0365
400441 7.55244e+006 29.8098
400441 7.55244e+006 29.8098
400441 7.55244e+006 29.7997
400441 7.55244e+006 32.0417
400441 7.55244e+006 32.0703
400441 7.55244e+006 32.0865
400441 7.55244e+006 32.0417
400441 7.55244e+006 32.0417
400441 7.55244e+006 32.0349
400441 7.55244e+006 32.0703
400441 7.55244e+006 32.0419
400441 7.55244e+006 32.0703
400441 7.55244e+006 32.0349
400441 7.55244e+006 32.0349
400441 7.55244e+006 32.023
400441 7.55244e+006 32.0419
400441 7.55244e+006 32.0296
400441 7.55244e+006 32.0419
400441 7.55244e+006 32.023
400441 7.55244e+006 32.023
400441 7.55244e+006 32.0178
400441 7.55244e+006 32.0296
400441 7.55244e+006 32.0458
400441 7.55244e+006 32.0296
400441 7.55244e+006 32.0178
400441 7.55244e+006 32.0178
400441 7.55244e+006 32.0246
400441 7.55244e+006 32.0458
400441 7.55244e+006 32.0742
400441 7.55244e+006 32.0458
400441 7.55244e+006 32.0246
400441 7.55244e+006 32.0246
400441 7.55244e+006 32.0365
400441 7.55244e+006 32.0742
400441 7.55244e+006 32.0865
400441 7.55244e+006 32.0742
400441 7.55244e+006 32.0365
400441 7.55244e+006 32.0365
400441 7.55244e+006 32.0417
400441 7.55244e+006 32.0865
400440 7.55244e+006 32.0638
400440 7.55244e+006 32.0799
400441 7.55244e+006 32.0865
400441 7.55244e+006 32.0865
400441 7.55244e+006 32.0703
400440 7.55244e+006 32.0638
400440 7.55244e+006 32.0354
400440 7.55244e+006 32.0638
400441 7.55244e+006 32.0703
400441 7.55244e+006 32.0703
400441 7.55244e+006 32.0419
400440 7.55244e+006 32.0354
400440 7.55244e+006 32.0232
400440 7.55244e+006 32.0354
400441 7.55244e+006 32.0419
400441 7.55244e+006 32.0419
400441 7.55244e+006 32.0296
400440 7.55244e+006 32.0232
400440 7.55244e+006 32.0393
400440 7.55244e+006 32.0232
400441 7.55244e+006 32.0296
400441 7.55244e+006 32.0296
400441 7.55244e+006 32.0458
400440 7.55244e+006 32.0393
400440 7.55244e+006 32.0676
400440 7.55244e+006 32.0393
400441 7.55244e+006 32.0458
400441 7.55244e+006 32.0458
400441 7.55244e+006 32.0742
400440 7.55244e+006 32.0676
400440 7.55244e+006 32.0799
400440 7.55244e+006 32.0676
400441 7.55244e+006 32.0742
400441 7.55244e+006 32.0742
400441 7.55244e+006 32.0865
400440 7.55244e+006 32.0799
400440 7.55244e+006 32.0279
400440 7.55244e+006 32.0345
400440 7.55244e+006 32.0799
400440 7.55244e+006 32.0799
400440 7.55244e+006 32.0638
400440 7.55244e+006 32.0279
400440 7.55244e+006 32.0163
400440 7.55244e+006 32.0279
400440 7.55244e+006 32.0638
400440 7.55244e+006 32.0638
400440 7.55244e+006 32.0354
400440 7.55244e+006 32.0163
400440 7.55244e+006 32.0113
400440 7.55244e+006 32.0163
400440 7.55244e+006 32.0354
400440 7.55244e+006 32.0354
400440 7.55244e+006 32.0232
400440 7.55244e+006 32.0113
400440 7.55244e+006 32.0179
400440 7.55244e+006 32.0113
400440 7.55244e+006 32.0232
400440 7.55244e+006 32.0232
400440 7.55244e+006 32.0393
400440 7.55244e+006 32.0179
400440 7.55244e+006 32.0295
400440 7.55244e+006 32.0179
400440 7.55244e+006 32.0393
400440 7.55244e+006 32.0393
400440 7.55244e+006 32.0676
400440 7.55244e+006 32.0295
400440 7.55244e+006 32.0345
400440 7.55244e+006 32.0295
400440 7.55244e+006 32.0676
400440 7.55244e+006 32.0676
400440 7.55244e+006 32.0799
400440 7.55244e+006 32.0345
400440 7.55244e+006 29.7787
400440 7.55244e+006 29.7813
400440 7.55244e+006 32.0345
400440 7.55244e+006 32.0345
400440 7.55244e+006 32.0279
400440 7.55244e+006 29.7787
400440 7.55244e+006 29.7874
400440 7.55244e+006 29.7787
400440 7.55244e+006 32.0279
400440 7.55244e+006 32.0279
400440 7.55244e+006 32.0163
400440 7.55244e+006 29.7874
400440 7.55244e+006 29.7987
400440 7.55244e+006 29.7874
400440 7.55244e+006 32.0163
400440 7.55244e+006 32.0163
400440 7.55244e+006 32.0113
400440 7.55244e+006 29.7987
400440 7.55244e+006 29.8012
400440 7.55244e+006 29.7987
400440 7.55244e+006 32.0113
400440 7.55244e+006 32.0113
400440 7.55244e+006 32.0179
400440 7.55244e+006 29.8012
400440 7.55244e+006 29.7925
400440 7.55244e+006 29.8012
400440 7.55244e+006 32.0179
400440 7.55244e+006 32.0179
400440 7.55244e+006 32.0295
400440 7.55244e+006 29.7925
400440 7.55244e+006 29.7813
400440 7.55244e+006 29.7925
400440 7.55244e+006 32.0295
400440 7.55244e+006 32.0295
400440 7.55244e+006 32.0345
400440 7.55244e+006 29.7813
400440 7.55244e+006 29.734
400440 7.55244e+006 29.7403
400440 7.55244e+006 29.7813
400440 7.55244e+006 29.7813
400440 7.55244e+006 29.7787
400440 7.55244e+006 29.734
400440 7.55244e+006 29.7549
400440 7.55244e+006 29.734
400440 7.55244e+006 29.7787
400440 7.55244e+006 29.7787
400440 7.55244e+006 29.7874
400440 7.55244e+006 29.7549
400440 7.55244e+006 29.7821
400440 7.55244e+006 29.7549
400440 7.55244e+006 29.7874
400440 7.55244e+006 29.7874
400440 7.55244e+006 29.7987
400440 7.55244e+006 29.7821
400440 7.55244e+006 29.7885
400440 7.55244e+006 29.7821
400440 7.55244e+006 29.7987
400440 7.55244e+006 29.7987
400440 7.55244e+006 29.8012
400440 7.55244e+006 29.7885
400440 7.55244e+006 29.7676
400440 7.55244e+006 29.7885
400440 7.55244e+006 29.8012
400440 7.55244e+006 29.8012
400440 7.55244e+006 29.7925
400440 7.55244e+006 29.7676
400440 7.55244e+006 29.7403
400440 7.55244e+006 29.7676
400440 7.55244e+006 29.7925
400440 7.55244e+006 29.7925
400440 7.55244e+006 29.7813
400440 7.55244e+006 29.7403
400440 7.55244e+006 29.7343
400440 7.55244e+006 29.7428
400440 7.55244e+006 29.7403
400440 7.55244e+006 29.7403
400440 7.55244e+006 29.734
400440 7.55244e+006 29.7343
400440 7.55244e+006 29.7536
400440 7.55244e+006 29.7343
400440 7.55244e+006 29.734
400440 7.55244e+006 29.734
400440 7.55244e+006 29.7549
400440 7.55244e+006 29.7536
400440 7.55244e+006 29.7814
400440 7.55244e+006 29.7536
400440 7.55244e+006 29.7549
400440 7.55244e+006 29.7549
400440 7.55244e+006 29.7821
400440 7.55244e+006 29.7814
400440 7.55244e+006 29.7899
400440 7.55244e+006 29.7814
400440 7.55244e+006 29.7821
400440 7.55244e+006 29.7821
400440 7.55244e+006 29.7885
400440 7.55244e+006 29.7899
400440 7.55244e+006 29.7706
400440 7.55244e+006 29.7899
400440 7.55244e+006 29.7885
400440 7.55244e+006 29.7885
400440 7.55244e+006 29.7676
400440 7.55244e+006 29.7706
400440 7.55244e+006 29.7428
400440 7.55244e+006 29.7706
400440 7.55244e+006 29.7676
400440 7.55244e+006 29.7676
400440 7.55244e+006 29.7403
400440 7.55244e+006 29.7428
400440 7.55244e+006 29.7315
400440 7.55244e+006 29.7421
400440 7.55244e+006 29.7428
400440 7.55244e+006 29.7428
400440 7.55244e+006 29.7343
400440 7.55244e+006 29.7315
400440 7.55244e+006 29.749
400440 7.55244e+006 29.7315
400440 7.55244e+006 29.7343
400440 7.55244e+006 29.7343
400440 7.55244e+006 29.7536
400440 7.55244e+006 29.749
400440 7.55244e+006 29.7772
400440 7.55244e+006 29.749
400440 7.55244e+006 29.7536
400440 7.55244e+006 29.7536
400440 7.55244e+006 29.7814
400440 7.55244e+006 29.7772
400440 7.55244e+006 29.7878
400440 7.55244e+006 29.7772
400440 7.55244e+006 29.7814
400440 7.55244e+006 29.7814
400440 7.55244e+006 29.7899
400440 7.55244e+006 29.7878
400440 7.55244e+006 29.7703
400440 7.55244e+006 29.7878
400440 7.55244e+006 29.7899
400440 7.55244e+006 29.7899
400440 7.55244e+006 29.7706
400440 7.55244e+006 29.7703
400440 7.55244e+006 29.7421
400440 7.55244e+006 29.7703
400440 7.55244e+006 29.7706
400440 7.55244e+006 29.7706
400440 7.55244e+006 29.7428
400440 7.55244e+006 29.7421
400440 7.55244e+006 29.7195
400440 7.55244e+006 29.7238
400440 7.55244e+006 29.7421
400440 7.55244e+006 29.7421
400440 7.55244e+006 29.7315
400440 7.55244e+006 29.7195
400440 7.55244e+006 29.7268
400440 7.55244e+006 29.7195
400440 7.55244e+006 29.7315
400440 7.55244e+006 29.7315
400440 7.55244e+006 29.749
400440 7.55244e+006 29.7268
400440 7.55244e+006 29.7384
400440 7.55244e+006 29.7268
400440 7.55244e+006 29.749
400440 7.55244e+006 29.749
400440 7.55244e+006 29.7772
400440 7.55244e+006 29.7384
400440 7.55244e+006 29.7428
400440 7.55244e+006 29.7384
400440 7.55244e+006 29.7772
400440 7.55244e+006 29.7772
400440 7.55244e+006 29.7878
400440 7.55244e+006 29.7428
400440 7.55244e+006 29.7355
400440 7.55244e+006 29.7428
400440 7.55244e+006 29.7878
400440 7.55244e+006 29.7878
400440 7.55244e+006 29.7703
400440 7.55244e+006 29.7355
400440 7.55244e+006 29.7238
400440 7.55244e+006 29.7355
400440 7.55244e+006 29.7703
400440 7.55244e+006 29.7703
400440 7.55244e+006 29.7421
400440 7.55244e+006 29.7238
400440 7.55244e+006 18.9285
400440 7.55244e+006 18.9283
400440 7.55244e+006 29.7238
400440 7.55244e+006 29.7238
400440 7.55244e+006 29.7195
400440 7.55244e+006 18.9285
400440 7.55244e+006 18.9286
400440 7.55244e+006 18.9285
400440 7.55244e+006 29.7195
400440 7.55244e+006 29.7195
400440 7.55244e+006 29.7268
400440 7.55244e+006 18.9286
400440 7.55244e+006 18.9286
400440 7.55244e+006 18.9286
400440 7.55244e+006 29.7268
400440 7.55244e+006 29.7268
400440 7.55244e+006 29.7384
400440 7.55244e+006 18.9286
400440 7.55244e+006 18.9284
400440 7.55244e+006 18.9286
400440 7.55244e+006 29.7384
400440 7.55244e+006 29.7384
400440 7.55244e+006 29.7428
400440 7.55244e+006 18.9284
400440 7.55244e+006 18.9283
400440 7.55244e+006 18.9284
400440 7.55244e+006 29.7428
400440 7.55244e+006 29.7428
400440 7.55244e+006 29.7355
400440 7.55244e+006 18.9283
400440 7.55244e+006 18.9283
400440 7.55244e+006 18.9283
400440 7.55244e+006 29.7355
400440 7.55244e+006 29.7355
400440 7.55244e+006 29.7238
400440 7.55244e+006 18.9283
400441 7.55244e+006 29.4396
400441 7.55244e+006 29.4395
400441 7.55244e+006 29.4393
400441 7.55244e+006 29.4396
400441 7.55244e+006 29.4393
400441 7.55244e+006 29.4392
400441 7.55244e+006 29.4396
400441 7.55244e+006 29.4392
400441 7.55244e+006 29.4393
400441 7.55244e+006 29.4395
400441 7.55244e+006 29.4396
400441 7.55244e+006 29.4393
400440 7.55244e+006 18.9286
400440 7.55244e+006 18.9283
400440 7.55244e+006 18.9285
400440 7.55244e+006 18.9283
400440 7.55244e+006 18.9286
400440 7.55244e+006 18.9286
400440 7.55244e+006 18.9286
400440 7.55244e+006 18.9284
400440 7.55244e+006 18.9283
400440 7.55244e+006 18.9283
400440 7.55244e+006 18.9283
400440 7.55244e+006 18.9284
400440 7.55244e+006 31.047
400439 7.55244e+006 31.0381
400439 7.55244e+006 31.0125
400439 7.55244e+006 31.0125
400440 7.55244e+006 31.0214
400440 7.55244e+006 31.047
400440 7.55244e+006 31.0598
400439 7.55244e+006 31.0509
400439 7.55244e+006 31.0381
400439 7.55244e+006 31.0381
400440 7.55244e+006 31.047
400440 7.55244e+006 31.0598
400440 7.55244e+006 31.047
400439 7.55244e+006 31.0381
400439 7.55244e+006 31.0509
400439 7.55244e+006 31.0509
400440 7.55244e+006 31.0598
400440 7.55244e+006 31.047
400440 7.55244e+006 31.0214
400439 7.55244e+006 31.0125
400439 7.55244e+006 31.0381
400439 7.55244e+006 31.0381
400440 7.55244e+006 31.047
400440 7.55244e+006 31.0214
400440 7.55244e+006 31.0086
400439 7.55244e+006 30.9997
400439 7.55244e+006 31.0125
400439 7.55244e+006 31.0125
400440 7.55244e+006 31.0214
400440 7.55244e+006 31.0086
400440 7.55244e+006 31.0214
400439 7.55244e+006 31.0125
400439 7.55244e+006 30.9997
400439 7.55244e+006 30.9997
400440 7.55244e+006 31.0086
400440 7.55244e+006 31.0214
400439 7.55244e+006 31.0125
400439 7.55244e+006 30.9997
400439 7.55244e+006 31.0125
400439 7.55244e+006 31.0381
400439 7.55244e+006 31.0125
400439 7.55244e+006 31.0125
400439 7.55244e+006 31.0509
400439 7.55244e+006 31.0381
400439 7.55244e+006 31.0125
400439 7.55244e+006 31.0381
400439 7.55244e+006 31.0509
400439 7.55244e+006 31.0125
400440 7.55244e+006 31.0598
400440 7.55244e+006 31.047
400440 7.55244e+006 31.0214
400440 7.55244e+006 31.0214
400440 7.55244e+006 31.0214
400440 7.55244e+006 31.047
400440 7.55244e+006 31.047
400440 7.55244e+006 31.0598
400440 7.55244e+006 31.0214
400440 7.55244e+006 31.0086
400440 7.55244e+006 31.0214
400440 7.55244e+006 31.0214
