400413 7.55246e+006 38.9135
400405 7.55246e+006 38.9135
400405 7.55246e+006 38.8971
400405 7.55246e+006 38.8971
400413 7.55246e+006 38.8971
400413 7.55246e+006 38.9135
400405 7.55247e+006 38.9135
400413 7.55247e+006 38.9135
400413 7.55247e+006 38.8971
400413 7.55247e+006 38.8971
400405 7.55247e+006 38.8971
400405 7.55247e+006 38.9135
400413 7.55247e+006 38.9135
400413 7.55246e+006 38.9135
400413 7.55246e+006 38.8971
400413 7.55246e+006 38.8971
400413 7.55247e+006 38.8971
400413 7.55247e+006 38.9135
400405 7.55246e+006 38.9135
400405 7.55247e+006 38.9135
400405 7.55247e+006 38.8971
400405 7.55247e+006 38.8971
400405 7.55246e+006 38.8971
400405 7.55246e+006 38.9135
400394 7.55244e+006 31.3506
400389 7.55244e+006 31.3506
400389 7.55244e+006 31.2744
400389 7.55244e+006 31.2744
400394 7.55244e+006 31.2744
400394 7.55244e+006 31.3506
400394 7.55243e+006 31.3506
400394 7.55244e+006 31.3506
400394 7.55244e+006 31.2744
400394 7.55244e+006 31.2744
400394 7.55243e+006 31.2744
400394 7.55243e+006 31.3506
400422 7.55243e+006 31.3506
400394 7.55243e+006 31.3506
400394 7.55243e+006 31.2744
400394 7.55243e+006 31.2744
400422 7.55243e+006 31.2744
400422 7.55243e+006 31.3506
400422 7.55243e+006 31.3506
400422 7.55243e+006 31.3506
400422 7.55243e+006 31.2744
400422 7.55243e+006 31.2744
400422 7.55243e+006 31.2744
400422 7.55243e+006 31.3506
400421 7.55243e+006 31.3506
400422 7.55243e+006 31.3506
400422 7.55243e+006 31.2744
400422 7.55243e+006 31.2744
400421 7.55243e+006 31.2744
400421 7.55243e+006 31.3506
400421 7.55244e+006 31.3506
400421 7.55243e+006 31.3506
400421 7.55243e+006 31.2744
400421 7.55243e+006 31.2744
400421 7.55244e+006 31.2744
400421 7.55244e+006 31.3506
400423 7.55244e+006 31.3506
400421 7.55244e+006 31.3506
400421 7.55244e+006 31.2744
400421 7.55244e+006 31.2744
400423 7.55244e+006 31.2744
400423 7.55244e+006 31.3506
400423 7.55245e+006 31.3506
400423 7.55244e+006 31.3506
400423 7.55244e+006 31.2744
400423 7.55244e+006 31.2744
400423 7.55245e+006 31.2744
400423 7.55245e+006 31.3506
400415 7.55245e+006 31.3506
400423 7.55245e+006 31.3506
400423 7.55245e+006 31.2744
400423 7.55245e+006 31.2744
400415 7.55245e+006 31.2744
400415 7.55245e+006 31.3506
400415 7.55245e+006 31.3506
400415 7.55245e+006 31.3506
400415 7.55245e+006 31.2744
400415 7.55245e+006 31.2744
400415 7.55245e+006 31.2744
400415 7.55245e+006 31.3506
400423 7.55245e+006 31.3506
400415 7.55245e+006 31.3506
400415 7.55245e+006 31.2744
400415 7.55245e+006 31.2744
400423 7.55245e+006 31.2744
400423 7.55245e+006 31.3506
400423 7.55245e+006 31.3506
400423 7.55245e+006 31.3506
400423 7.55245e+006 31.2744
400423 7.55245e+006 31.2744
400423 7.55245e+006 31.2744
400423 7.55245e+006 31.3506
400389 7.55245e+006 31.3506
400423 7.55245e+006 31.3506
400423 7.55245e+006 31.2744
400423 7.55245e+006 31.2744
400389 7.55245e+006 31.2744
400389 7.55245e+006 31.3506
400389 7.55244e+006 31.3506
400389 7.55245e+006 31.3506
400389 7.55245e+006 31.2744
400389 7.55245e+006 31.2744
400389 7.55244e+006 31.2744
400389 7.55244e+006 31.3506
400394 7.55244e+006 31.2744
400389 7.55244e+006 31.2744
400389 7.55245e+006 31.2744
400389 7.55245e+006 31.2744
400423 7.55245e+006 31.2744
400423 7.55245e+006 31.2744
400389 7.55245e+006 31.2744
400423 7.55245e+006 31.2744
400415 7.55245e+006 31.2744
400394 7.55244e+006 31.2744
400389 7.55245e+006 31.2744
400415 7.55245e+006 31.2744
400394 7.55244e+006 31.2744
400415 7.55245e+006 31.2744
400415 7.55245e+006 31.2744
400415 7.55245e+006 31.2744
400423 7.55245e+006 31.2744
400423 7.55244e+006 31.2744
400415 7.55245e+006 31.2744
400423 7.55244e+006 31.2744
400421 7.55244e+006 31.2744
400415 7.55245e+006 31.2744
400421 7.55244e+006 31.2744
400421 7.55243e+006 31.2744
400394 7.55244e+006 31.2744
400415 7.55245e+006 31.2744
400421 7.55243e+006 31.2744
400394 7.55243e+006 31.2744
400394 7.55244e+006 31.2744
400421 7.55243e+006 31.2744
400422 7.55243e+006 31.2744
400394 7.55243e+006 31.2744
400421 7.55243e+006 31.2744
400422 7.55243e+006 31.2744
400421 7.55243e+006 31.2744
400422 7.55243e+006 31.2744
400417 7.55244e+006 37.9029
400417 7.55245e+006 37.9029
400421 7.55245e+006 37.9029
400421 7.55245e+006 37.9029
400421 7.55244e+006 37.9029
400417 7.55244e+006 37.9029
400417 7.55244e+006 37.9029
400421 7.55244e+006 37.9029
400421 7.55244e+006 37.9791
400421 7.55244e+006 37.9791
400417 7.55244e+006 37.9791
400417 7.55244e+006 37.9029
400421 7.55244e+006 37.9029
400421 7.55245e+006 37.9029
400421 7.55245e+006 37.9791
400421 7.55245e+006 37.9791
400421 7.55244e+006 37.9791
400421 7.55244e+006 37.9029
400421 7.55245e+006 37.9029
400417 7.55245e+006 37.9029
400417 7.55245e+006 37.9791
400417 7.55245e+006 37.9791
400421 7.55245e+006 37.9791
400421 7.55245e+006 37.9029
400417 7.55245e+006 37.9029
400417 7.55244e+006 37.9029
400417 7.55244e+006 37.9791
400417 7.55244e+006 37.9791
400417 7.55245e+006 37.9791
400417 7.55245e+006 37.9029
400396 7.55245e+006 35.8835
400406 7.55245e+006 35.8835
400406 7.55245e+006 35.8073
400406 7.55245e+006 35.8073
400396 7.55245e+006 35.8073
400396 7.55245e+006 35.8835
400396 7.55244e+006 35.8835
400396 7.55245e+006 35.8835
400396 7.55245e+006 35.8073
400396 7.55245e+006 35.8073
400396 7.55244e+006 35.8073
400396 7.55244e+006 35.8835
400406 7.55244e+006 35.8835
400396 7.55244e+006 35.8835
400396 7.55244e+006 35.8073
400396 7.55244e+006 35.8073
400406 7.55244e+006 35.8073
400406 7.55244e+006 35.8835
400406 7.55245e+006 35.8835
400406 7.55244e+006 35.8835
400406 7.55244e+006 35.8073
400406 7.55244e+006 35.8073
400406 7.55245e+006 35.8073
400406 7.55245e+006 35.8835
400396 7.55244e+006 35.8073
400396 7.55245e+006 35.8073
400406 7.55245e+006 35.8073
400406 7.55245e+006 35.8073
400406 7.55244e+006 35.8073
400396 7.55244e+006 35.8073
400396 7.55244e+006 35.8835
400406 7.55244e+006 35.8835
400406 7.55244e+006 35.8073
400406 7.55244e+006 35.8073
400396 7.55244e+006 35.8073
400396 7.55244e+006 35.8835
400396 7.55244e+006 35.8835
400396 7.55244e+006 35.8835
400396 7.55244e+006 35.8073
400396 7.55244e+006 35.8073
400396 7.55244e+006 35.8073
400396 7.55244e+006 35.8835
400406 7.55244e+006 35.8835
400396 7.55244e+006 35.8835
400396 7.55244e+006 35.8073
400396 7.55244e+006 35.8073
400406 7.55244e+006 35.8073
400406 7.55244e+006 35.8835
400406 7.55244e+006 35.8835
400406 7.55244e+006 35.8835
400406 7.55244e+006 35.8073
400406 7.55244e+006 35.8073
400406 7.55244e+006 35.8073
400406 7.55244e+006 35.8835
400396 7.55244e+006 35.8073
400396 7.55244e+006 35.8073
400406 7.55244e+006 35.8073
400406 7.55244e+006 35.8073
400406 7.55244e+006 35.8073
400396 7.55244e+006 35.8073
400423 7.55243e+006 26.3299
400389 7.55243e+006 26.3296
400389 7.55243e+006 26.2534
400389 7.55243e+006 26.2534
400423 7.55243e+006 26.2537
400423 7.55243e+006 26.3299
400421 7.55243e+006 26.3296
400423 7.55243e+006 26.3299
400423 7.55243e+006 26.2537
400423 7.55243e+006 26.2537
400421 7.55243e+006 26.2534
400421 7.55243e+006 26.3296
400421 7.55244e+006 26.3296
400421 7.55243e+006 26.3296
400421 7.55243e+006 26.2534
400421 7.55243e+006 26.2534
400421 7.55244e+006 26.2534
400421 7.55244e+006 26.3296
400423 7.55244e+006 26.3298
400421 7.55244e+006 26.3296
400421 7.55244e+006 26.2534
400421 7.55244e+006 26.2534
400423 7.55244e+006 26.2536
400423 7.55244e+006 26.3298
400415 7.55245e+006 26.3296
400423 7.55245e+006 26.3299
400423 7.55245e+006 26.2537
400423 7.55245e+006 26.2537
400415 7.55245e+006 26.2534
400415 7.55245e+006 26.3296
400415 7.55245e+006 26.3296
400415 7.55245e+006 26.3296
400415 7.55245e+006 26.2534
400415 7.55245e+006 26.2534
400415 7.55245e+006 26.2534
400415 7.55245e+006 26.3296
400423 7.55245e+006 26.3299
400415 7.55245e+006 26.3296
400415 7.55245e+006 26.2534
400415 7.55245e+006 26.2534
400423 7.55245e+006 26.2537
400423 7.55245e+006 26.3299
400389 7.55245e+006 26.3296
400423 7.55245e+006 26.3299
400423 7.55245e+006 26.2537
400423 7.55245e+006 26.2537
400389 7.55245e+006 26.2534
400389 7.55245e+006 26.3296
400389 7.55243e+006 26.3296
400389 7.55245e+006 26.3296
400389 7.55245e+006 26.2534
400389 7.55245e+006 26.2534
400389 7.55243e+006 26.2534
400389 7.55243e+006 26.3296
400389 7.55245e+006 26.2534
400423 7.55245e+006 26.2537
400423 7.55245e+006 26.2537
400389 7.55245e+006 26.2534
400423 7.55245e+006 26.2537
400415 7.55245e+006 26.2534
400389 7.55243e+006 26.2534
400389 7.55245e+006 26.2534
400415 7.55245e+006 26.2534
400389 7.55243e+006 26.2534
400415 7.55245e+006 26.2534
400415 7.55245e+006 26.2534
400415 7.55245e+006 26.2534
400423 7.55245e+006 26.2537
400423 7.55244e+006 26.2536
400415 7.55245e+006 26.2534
400423 7.55244e+006 26.2536
400421 7.55244e+006 26.2534
400415 7.55245e+006 26.2534
400421 7.55244e+006 26.2534
400421 7.55243e+006 26.2534
400389 7.55243e+006 26.2534
400415 7.55245e+006 26.2534
400421 7.55243e+006 26.2534
400423 7.55243e+006 26.2537
400389 7.55243e+006 26.2534
400421 7.55243e+006 26.2534
400423 7.55243e+006 26.2537
400421 7.55243e+006 26.2534
400423 7.55243e+006 26.2537
400423 7.55243e+006 26.2537
400423 7.55243e+006 26.3299
400423 7.55243e+006 26.3299
400423 7.55243e+006 26.3299
400423 7.55243e+006 26.2537
400423 7.55243e+006 26.2537
400423 7.55245e+006 26.3299
400423 7.55244e+006 26.3298
400423 7.55244e+006 26.2536
400423 7.55244e+006 26.2536
400423 7.55245e+006 26.2537
400423 7.55245e+006 26.3299
400423 7.55245e+006 26.2537
400423 7.55245e+006 26.2537
400423 7.55245e+006 26.3299
400423 7.55245e+006 26.3299
400423 7.55245e+006 26.3299
400423 7.55245e+006 26.2537
400406 7.55244e+006 21.9908
400391 7.55244e+006 21.9908
400391 7.55244e+006 21.9146
400391 7.55244e+006 21.9146
400406 7.55244e+006 21.9146
400406 7.55244e+006 21.9908
400406 7.55245e+006 21.9908
400406 7.55244e+006 21.9908
400406 7.55244e+006 21.9146
400406 7.55244e+006 21.9146
400406 7.55245e+006 21.9146
400406 7.55245e+006 21.9908
400391 7.55245e+006 21.9908
400406 7.55245e+006 21.9908
400406 7.55245e+006 21.9146
400406 7.55245e+006 21.9146
400391 7.55245e+006 21.9146
400391 7.55245e+006 21.9908
400391 7.55244e+006 21.9908
400391 7.55245e+006 21.9908
400391 7.55245e+006 21.9146
400391 7.55245e+006 21.9146
400391 7.55244e+006 21.9146
400391 7.55244e+006 21.9908
400391 7.55244e+006 21.9146
400391 7.55245e+006 21.9146
400406 7.55245e+006 21.9146
400406 7.55245e+006 21.9146
400406 7.55244e+006 21.9146
400391 7.55244e+006 21.9146
400409 7.55244e+006 27.0316
400417 7.55244e+006 27.0316
400417 7.55244e+006 26.9554
400417 7.55244e+006 26.9554
400409 7.55244e+006 26.9554
400409 7.55244e+006 27.0316
400409 7.55244e+006 27.0316
400409 7.55244e+006 27.0316
400409 7.55244e+006 26.9554
400409 7.55244e+006 26.9554
400409 7.55244e+006 26.9554
400409 7.55244e+006 27.0316
400417 7.55244e+006 27.0316
400409 7.55244e+006 27.0316
400409 7.55244e+006 26.9554
400409 7.55244e+006 26.9554
400417 7.55244e+006 26.9554
400417 7.55244e+006 27.0316
400417 7.55244e+006 27.0316
400417 7.55244e+006 27.0316
400417 7.55244e+006 26.9554
400417 7.55244e+006 26.9554
400417 7.55244e+006 26.9554
400417 7.55244e+006 27.0316
400409 7.55244e+006 26.9554
400409 7.55244e+006 26.9554
400417 7.55244e+006 26.9554
400417 7.55244e+006 26.9554
400417 7.55244e+006 26.9554
400409 7.55244e+006 26.9554
400399 7.55244e+006 27.0411
400409 7.55244e+006 27.0411
400409 7.55244e+006 26.9649
400409 7.55244e+006 26.9649
400399 7.55244e+006 26.9649
400399 7.55244e+006 27.0411
400399 7.55244e+006 27.0411
400399 7.55244e+006 27.0411
400399 7.55244e+006 26.9649
400399 7.55244e+006 26.9649
400399 7.55244e+006 26.9649
400399 7.55244e+006 27.0411
400409 7.55244e+006 27.0411
400399 7.55244e+006 27.0411
400399 7.55244e+006 26.9649
400399 7.55244e+006 26.9649
400409 7.55244e+006 26.9649
400409 7.55244e+006 27.0411
400409 7.55244e+006 27.0411
400409 7.55244e+006 27.0411
400409 7.55244e+006 26.9649
400409 7.55244e+006 26.9649
400409 7.55244e+006 26.9649
400409 7.55244e+006 27.0411
400399 7.55244e+006 26.9649
400399 7.55244e+006 26.9649
400409 7.55244e+006 26.9649
400409 7.55244e+006 26.9649
400409 7.55244e+006 26.9649
400399 7.55244e+006 26.9649
400390 7.55244e+006 27.0411
400398 7.55244e+006 27.0411
400398 7.55244e+006 26.9649
400398 7.55244e+006 26.9649
400390 7.55244e+006 26.9649
400390 7.55244e+006 27.0411
400390 7.55244e+006 27.0411
400390 7.55244e+006 27.0411
400390 7.55244e+006 26.9649
400390 7.55244e+006 26.9649
400390 7.55244e+006 26.9649
400390 7.55244e+006 27.0411
400398 7.55244e+006 27.0411
400390 7.55244e+006 27.0411
400390 7.55244e+006 26.9649
400390 7.55244e+006 26.9649
400398 7.55244e+006 26.9649
400398 7.55244e+006 27.0411
400398 7.55244e+006 27.0411
400398 7.55244e+006 27.0411
400398 7.55244e+006 26.9649
400398 7.55244e+006 26.9649
400398 7.55244e+006 26.9649
400398 7.55244e+006 27.0411
400390 7.55244e+006 26.9649
400390 7.55244e+006 26.9649
400398 7.55244e+006 26.9649
400398 7.55244e+006 26.9649
400398 7.55244e+006 26.9649
400390 7.55244e+006 26.9649
