405448 7.55479e+006 25.1711
405448 7.55479e+006 25.1818
405447 7.55479e+006 25.1818
405447 7.55479e+006 25.1818
405447 7.55479e+006 25.1711
405448 7.55479e+006 25.1711
405448 7.55479e+006 25.1818
405448 7.55479e+006 25.1926
405447 7.55479e+006 25.1926
405447 7.55479e+006 25.1926
405447 7.55479e+006 25.1818
405448 7.55479e+006 25.1818
405448 7.55479e+006 25.1926
405448 7.55479e+006 25.1818
405447 7.55479e+006 25.1818
405447 7.55479e+006 25.1818
405447 7.55479e+006 25.1926
405448 7.55479e+006 25.1926
405448 7.55479e+006 25.1818
405448 7.55479e+006 25.1711
405447 7.55479e+006 25.1711
405447 7.55479e+006 25.1711
405447 7.55479e+006 25.1818
405448 7.55479e+006 25.1818
405448 7.55479e+006 24.8971
405448 7.55479e+006 24.9079
405447 7.55479e+006 24.9079
405447 7.55479e+006 24.9079
405447 7.55479e+006 24.8971
405448 7.55479e+006 24.8971
405448 7.55479e+006 24.9079
405448 7.55479e+006 24.9187
405447 7.55479e+006 24.9187
405447 7.55479e+006 24.9187
405447 7.55479e+006 24.9079
405448 7.55479e+006 24.9079
405448 7.55479e+006 24.9187
405448 7.55479e+006 24.9079
405447 7.55479e+006 24.9079
405447 7.55479e+006 24.9079
405447 7.55479e+006 24.9187
405448 7.55479e+006 24.9187
405448 7.55479e+006 24.9079
405448 7.55479e+006 24.8971
405447 7.55479e+006 24.8971
405447 7.55479e+006 24.8971
405447 7.55479e+006 24.9079
405448 7.55479e+006 24.9079
405448 7.55479e+006 24.6232
405448 7.55479e+006 24.634
405447 7.55479e+006 24.634
405447 7.55479e+006 24.634
405447 7.55479e+006 24.6232
405448 7.55479e+006 24.6232
405448 7.55479e+006 24.634
405448 7.55479e+006 24.6447
405447 7.55479e+006 24.6447
405447 7.55479e+006 24.6447
405447 7.55479e+006 24.634
405448 7.55479e+006 24.634
405448 7.55479e+006 24.6447
405448 7.55479e+006 24.634
405447 7.55479e+006 24.634
405447 7.55479e+006 24.634
405447 7.55479e+006 24.6447
405448 7.55479e+006 24.6447
405448 7.55479e+006 24.634
405448 7.55479e+006 24.6232
405447 7.55479e+006 24.6232
405447 7.55479e+006 24.6232
405447 7.55479e+006 24.634
405448 7.55479e+006 24.634
405448 7.55479e+006 24.3492
405448 7.55479e+006 24.36
405447 7.55479e+006 24.36
405447 7.55479e+006 24.36
405447 7.55479e+006 24.3492
405448 7.55479e+006 24.3492
405448 7.55479e+006 24.36
405448 7.55479e+006 24.3708
405447 7.55479e+006 24.3708
405447 7.55479e+006 24.3708
405447 7.55479e+006 24.36
405448 7.55479e+006 24.36
405448 7.55479e+006 24.3708
405448 7.55479e+006 24.36
405447 7.55479e+006 24.36
405447 7.55479e+006 24.36
405447 7.55479e+006 24.3708
405448 7.55479e+006 24.3708
405448 7.55479e+006 24.36
405448 7.55479e+006 24.3492
405447 7.55479e+006 24.3492
405447 7.55479e+006 24.3492
405447 7.55479e+006 24.36
405448 7.55479e+006 24.36
405448 7.55479e+006 24.0753
405448 7.55479e+006 24.0861
405447 7.55479e+006 24.0861
405447 7.55479e+006 24.0861
405447 7.55479e+006 24.0753
405448 7.55479e+006 24.0753
405448 7.55479e+006 24.0861
405448 7.55479e+006 24.0969
405447 7.55479e+006 24.0969
405447 7.55479e+006 24.0969
405447 7.55479e+006 24.0861
405448 7.55479e+006 24.0861
405448 7.55479e+006 24.0969
405448 7.55479e+006 24.0861
405447 7.55479e+006 24.0861
405447 7.55479e+006 24.0861
405447 7.55479e+006 24.0969
405448 7.55479e+006 24.0969
405448 7.55479e+006 24.0861
405448 7.55479e+006 24.0753
405447 7.55479e+006 24.0753
405447 7.55479e+006 24.0753
405447 7.55479e+006 24.0861
405448 7.55479e+006 24.0861
405448 7.55479e+006 23.8014
405448 7.55479e+006 23.8121
405447 7.55479e+006 23.8121
405447 7.55479e+006 23.8121
405447 7.55479e+006 23.8014
405448 7.55479e+006 23.8014
405448 7.55479e+006 23.8121
405448 7.55479e+006 23.8229
405447 7.55479e+006 23.8229
405447 7.55479e+006 23.8229
405447 7.55479e+006 23.8121
405448 7.55479e+006 23.8121
405448 7.55479e+006 23.8229
405448 7.55479e+006 23.8121
405447 7.55479e+006 23.8121
405447 7.55479e+006 23.8121
405447 7.55479e+006 23.8229
405448 7.55479e+006 23.8229
405448 7.55479e+006 23.8121
405448 7.55479e+006 23.8014
405447 7.55479e+006 23.8014
405447 7.55479e+006 23.8014
405447 7.55479e+006 23.8121
405448 7.55479e+006 23.8121
405448 7.55479e+006 23.5274
405448 7.55479e+006 23.5382
405447 7.55479e+006 23.5382
405447 7.55479e+006 23.5382
405447 7.55479e+006 23.5274
405448 7.55479e+006 23.5274
405448 7.55479e+006 23.5382
405448 7.55479e+006 23.549
405447 7.55479e+006 23.549
405447 7.55479e+006 23.549
405447 7.55479e+006 23.5382
405448 7.55479e+006 23.5382
405448 7.55479e+006 23.549
405448 7.55479e+006 23.5382
405447 7.55479e+006 23.5382
405447 7.55479e+006 23.5382
405447 7.55479e+006 23.549
405448 7.55479e+006 23.549
405448 7.55479e+006 23.5382
405448 7.55479e+006 23.5274
405447 7.55479e+006 23.5274
405447 7.55479e+006 23.5274
405447 7.55479e+006 23.5382
405448 7.55479e+006 23.5382
405448 7.55479e+006 23.2535
405448 7.55479e+006 23.2643
405447 7.55479e+006 23.2643
405447 7.55479e+006 23.2643
405447 7.55479e+006 23.2535
405448 7.55479e+006 23.2535
405448 7.55479e+006 23.2643
405448 7.55479e+006 23.275
405447 7.55479e+006 23.275
405447 7.55479e+006 23.275
405447 7.55479e+006 23.2643
405448 7.55479e+006 23.2643
405448 7.55479e+006 23.275
405448 7.55479e+006 23.2643
405447 7.55479e+006 23.2643
405447 7.55479e+006 23.2643
405447 7.55479e+006 23.275
405448 7.55479e+006 23.275
405448 7.55479e+006 23.2643
405448 7.55479e+006 23.2535
405447 7.55479e+006 23.2535
405447 7.55479e+006 23.2535
405447 7.55479e+006 23.2643
405448 7.55479e+006 23.2643
405448 7.55479e+006 22.9796
405448 7.55479e+006 22.9903
405447 7.55479e+006 22.9903
405447 7.55479e+006 22.9903
405447 7.55479e+006 22.9796
405448 7.55479e+006 22.9796
405448 7.55479e+006 22.9903
405448 7.55479e+006 23.0011
405447 7.55479e+006 23.0011
405447 7.55479e+006 23.0011
405447 7.55479e+006 22.9903
405448 7.55479e+006 22.9903
405448 7.55479e+006 23.0011
405448 7.55479e+006 22.9903
405447 7.55479e+006 22.9903
405447 7.55479e+006 22.9903
405447 7.55479e+006 23.0011
405448 7.55479e+006 23.0011
405448 7.55479e+006 22.9903
405448 7.55479e+006 22.9796
405447 7.55479e+006 22.9796
405447 7.55479e+006 22.9796
405447 7.55479e+006 22.9903
405448 7.55479e+006 22.9903
405448 7.55479e+006 22.7056
405448 7.55479e+006 22.7164
405447 7.55479e+006 22.7164
405447 7.55479e+006 22.7164
405447 7.55479e+006 22.7056
405448 7.55479e+006 22.7056
405448 7.55479e+006 22.7164
405448 7.55479e+006 22.7272
405447 7.55479e+006 22.7272
405447 7.55479e+006 22.7272
405447 7.55479e+006 22.7164
405448 7.55479e+006 22.7164
405448 7.55479e+006 22.7272
405448 7.55479e+006 22.7164
405447 7.55479e+006 22.7164
405447 7.55479e+006 22.7164
405447 7.55479e+006 22.7272
405448 7.55479e+006 22.7272
405448 7.55479e+006 22.7164
405448 7.55479e+006 22.7056
405447 7.55479e+006 22.7056
405447 7.55479e+006 22.7056
405447 7.55479e+006 22.7164
405448 7.55479e+006 22.7164
405448 7.55479e+006 22.4317
405448 7.55479e+006 22.4425
405447 7.55479e+006 22.4425
405447 7.55479e+006 22.4425
405447 7.55479e+006 22.4317
405448 7.55479e+006 22.4317
405448 7.55479e+006 22.4425
405448 7.55479e+006 22.4532
405447 7.55479e+006 22.4532
405447 7.55479e+006 22.4532
405447 7.55479e+006 22.4425
405448 7.55479e+006 22.4425
405448 7.55479e+006 22.4532
405448 7.55479e+006 22.4425
405447 7.55479e+006 22.4425
405447 7.55479e+006 22.4425
405447 7.55479e+006 22.4532
405448 7.55479e+006 22.4532
405448 7.55479e+006 22.4425
405448 7.55479e+006 22.4317
405447 7.55479e+006 22.4317
405447 7.55479e+006 22.4317
405447 7.55479e+006 22.4425
405448 7.55479e+006 22.4425
405448 7.55479e+006 22.1577
405448 7.55479e+006 22.1685
405447 7.55479e+006 22.1685
405447 7.55479e+006 22.1685
405447 7.55479e+006 22.1577
405448 7.55479e+006 22.1577
405448 7.55479e+006 22.1685
405448 7.55479e+006 22.1793
405447 7.55479e+006 22.1793
405447 7.55479e+006 22.1793
405447 7.55479e+006 22.1685
405448 7.55479e+006 22.1685
405448 7.55479e+006 22.1793
405448 7.55479e+006 22.1685
405447 7.55479e+006 22.1685
405447 7.55479e+006 22.1685
405447 7.55479e+006 22.1793
405448 7.55479e+006 22.1793
405448 7.55479e+006 22.1685
405448 7.55479e+006 22.1577
405447 7.55479e+006 22.1577
405447 7.55479e+006 22.1577
405447 7.55479e+006 22.1685
405448 7.55479e+006 22.1685
405448 7.55479e+006 21.8838
405448 7.55479e+006 21.8946
405447 7.55479e+006 21.8946
405447 7.55479e+006 21.8946
405447 7.55479e+006 21.8838
405448 7.55479e+006 21.8838
405448 7.55479e+006 21.8946
405448 7.55479e+006 21.9054
405447 7.55479e+006 21.9054
405447 7.55479e+006 21.9054
405447 7.55479e+006 21.8946
405448 7.55479e+006 21.8946
405448 7.55479e+006 21.9054
405448 7.55479e+006 21.8946
405447 7.55479e+006 21.8946
405447 7.55479e+006 21.8946
405447 7.55479e+006 21.9054
405448 7.55479e+006 21.9054
405448 7.55479e+006 21.8946
405448 7.55479e+006 21.8838
405447 7.55479e+006 21.8838
405447 7.55479e+006 21.8838
405447 7.55479e+006 21.8946
405448 7.55479e+006 21.8946
405448 7.55479e+006 21.6099
405448 7.55479e+006 21.6207
405447 7.55479e+006 21.6207
405447 7.55479e+006 21.6207
405447 7.55479e+006 21.6099
405448 7.55479e+006 21.6099
405448 7.55479e+006 21.6207
405448 7.55479e+006 21.6314
405447 7.55479e+006 21.6314
405447 7.55479e+006 21.6314
405447 7.55479e+006 21.6207
405448 7.55479e+006 21.6207
405448 7.55479e+006 21.6314
405448 7.55479e+006 21.6207
405447 7.55479e+006 21.6207
405447 7.55479e+006 21.6207
405447 7.55479e+006 21.6314
405448 7.55479e+006 21.6314
405448 7.55479e+006 21.6207
405448 7.55479e+006 21.6099
405447 7.55479e+006 21.6099
405447 7.55479e+006 21.6099
405447 7.55479e+006 21.6207
405448 7.55479e+006 21.6207
405448 7.55479e+006 21.3359
405448 7.55479e+006 21.3467
405447 7.55479e+006 21.3467
405447 7.55479e+006 21.3467
405447 7.55479e+006 21.3359
405448 7.55479e+006 21.3359
405448 7.55479e+006 21.3467
405448 7.55479e+006 21.3575
405447 7.55479e+006 21.3575
405447 7.55479e+006 21.3575
405447 7.55479e+006 21.3467
405448 7.55479e+006 21.3467
405448 7.55479e+006 21.3575
405448 7.55479e+006 21.3467
405447 7.55479e+006 21.3467
405447 7.55479e+006 21.3467
405447 7.55479e+006 21.3575
405448 7.55479e+006 21.3575
405448 7.55479e+006 21.3467
405448 7.55479e+006 21.3359
405447 7.55479e+006 21.3359
405447 7.55479e+006 21.3359
405447 7.55479e+006 21.3467
405448 7.55479e+006 21.3467
405448 7.55479e+006 21.062
405448 7.55479e+006 21.0728
405447 7.55479e+006 21.0728
405447 7.55479e+006 21.0728
405447 7.55479e+006 21.062
405448 7.55479e+006 21.062
405448 7.55479e+006 21.0728
405448 7.55479e+006 21.0836
405447 7.55479e+006 21.0836
405447 7.55479e+006 21.0836
405447 7.55479e+006 21.0728
405448 7.55479e+006 21.0728
405448 7.55479e+006 21.0836
405448 7.55479e+006 21.0728
405447 7.55479e+006 21.0728
405447 7.55479e+006 21.0728
405447 7.55479e+006 21.0836
405448 7.55479e+006 21.0836
405448 7.55479e+006 21.0728
405448 7.55479e+006 21.062
405447 7.55479e+006 21.062
405447 7.55479e+006 21.062
405447 7.55479e+006 21.0728
405448 7.55479e+006 21.0728
405448 7.55479e+006 20.7881
405448 7.55479e+006 20.7988
405447 7.55479e+006 20.7988
405447 7.55479e+006 20.7988
405447 7.55479e+006 20.7881
405448 7.55479e+006 20.7881
405448 7.55479e+006 20.7988
405448 7.55479e+006 20.8096
405447 7.55479e+006 20.8096
405447 7.55479e+006 20.8096
405447 7.55479e+006 20.7988
405448 7.55479e+006 20.7988
405448 7.55479e+006 20.8096
405448 7.55479e+006 20.7988
405447 7.55479e+006 20.7988
405447 7.55479e+006 20.7988
405447 7.55479e+006 20.8096
405448 7.55479e+006 20.8096
405448 7.55479e+006 20.7988
405448 7.55479e+006 20.7881
405447 7.55479e+006 20.7881
405447 7.55479e+006 20.7881
405447 7.55479e+006 20.7988
405448 7.55479e+006 20.7988
405448 7.55479e+006 20.5141
405448 7.55479e+006 20.5249
405447 7.55479e+006 20.5249
405447 7.55479e+006 20.5249
405447 7.55479e+006 20.5141
405448 7.55479e+006 20.5141
405448 7.55479e+006 20.5249
405448 7.55479e+006 20.5357
405447 7.55479e+006 20.5357
405447 7.55479e+006 20.5357
405447 7.55479e+006 20.5249
405448 7.55479e+006 20.5249
405448 7.55479e+006 20.5357
405448 7.55479e+006 20.5249
405447 7.55479e+006 20.5249
405447 7.55479e+006 20.5249
405447 7.55479e+006 20.5357
405448 7.55479e+006 20.5357
405448 7.55479e+006 20.5249
405448 7.55479e+006 20.5141
405447 7.55479e+006 20.5141
405447 7.55479e+006 20.5141
405447 7.55479e+006 20.5249
405448 7.55479e+006 20.5249
405448 7.55479e+006 20.2402
405448 7.55479e+006 20.251
405447 7.55479e+006 20.251
405447 7.55479e+006 20.251
405447 7.55479e+006 20.2402
405448 7.55479e+006 20.2402
405448 7.55479e+006 20.251
405448 7.55479e+006 20.2617
405447 7.55479e+006 20.2617
405447 7.55479e+006 20.2617
405447 7.55479e+006 20.251
405448 7.55479e+006 20.251
405448 7.55479e+006 20.2617
405448 7.55479e+006 20.251
405447 7.55479e+006 20.251
405447 7.55479e+006 20.251
405447 7.55479e+006 20.2617
405448 7.55479e+006 20.2617
405448 7.55479e+006 20.251
405448 7.55479e+006 20.2402
405447 7.55479e+006 20.2402
405447 7.55479e+006 20.2402
405447 7.55479e+006 20.251
405448 7.55479e+006 20.251
405448 7.55479e+006 19.9663
405448 7.55479e+006 19.977
405447 7.55479e+006 19.977
405447 7.55479e+006 19.977
405447 7.55479e+006 19.9663
405448 7.55479e+006 19.9663
405448 7.55479e+006 19.977
405448 7.55479e+006 19.9878
405447 7.55479e+006 19.9878
405447 7.55479e+006 19.9878
405447 7.55479e+006 19.977
405448 7.55479e+006 19.977
405448 7.55479e+006 19.9878
405448 7.55479e+006 19.977
405447 7.55479e+006 19.977
405447 7.55479e+006 19.977
405447 7.55479e+006 19.9878
405448 7.55479e+006 19.9878
405448 7.55479e+006 19.977
405448 7.55479e+006 19.9663
405447 7.55479e+006 19.9663
405447 7.55479e+006 19.9663
405447 7.55479e+006 19.977
405448 7.55479e+006 19.977
405448 7.55479e+006 19.6923
405448 7.55479e+006 19.7031
405447 7.55479e+006 19.7031
405447 7.55479e+006 19.7031
405447 7.55479e+006 19.6923
405448 7.55479e+006 19.6923
405448 7.55479e+006 19.7031
405448 7.55479e+006 19.7139
405447 7.55479e+006 19.7139
405447 7.55479e+006 19.7139
405447 7.55479e+006 19.7031
405448 7.55479e+006 19.7031
405448 7.55479e+006 19.7139
405448 7.55479e+006 19.7031
405447 7.55479e+006 19.7031
405447 7.55479e+006 19.7031
405447 7.55479e+006 19.7139
405448 7.55479e+006 19.7139
405448 7.55479e+006 19.7031
405448 7.55479e+006 19.6923
405447 7.55479e+006 19.6923
405447 7.55479e+006 19.6923
405447 7.55479e+006 19.7031
405448 7.55479e+006 19.7031
405448 7.55479e+006 19.4184
405448 7.55479e+006 19.4292
405447 7.55479e+006 19.4292
405447 7.55479e+006 19.4292
405447 7.55479e+006 19.4184
405448 7.55479e+006 19.4184
405448 7.55479e+006 19.4292
405448 7.55479e+006 19.4399
405447 7.55479e+006 19.4399
405447 7.55479e+006 19.4399
405447 7.55479e+006 19.4292
405448 7.55479e+006 19.4292
405448 7.55479e+006 19.4399
405448 7.55479e+006 19.4292
405447 7.55479e+006 19.4292
405447 7.55479e+006 19.4292
405447 7.55479e+006 19.4399
405448 7.55479e+006 19.4399
405448 7.55479e+006 19.4292
405448 7.55479e+006 19.4184
405447 7.55479e+006 19.4184
405447 7.55479e+006 19.4184
405447 7.55479e+006 19.4292
405448 7.55479e+006 19.4292
405448 7.55479e+006 19.1444
405448 7.55479e+006 19.1552
405447 7.55479e+006 19.1552
405447 7.55479e+006 19.1552
405447 7.55479e+006 19.1444
405448 7.55479e+006 19.1444
405448 7.55479e+006 19.1552
405448 7.55479e+006 19.166
405447 7.55479e+006 19.166
405447 7.55479e+006 19.166
405447 7.55479e+006 19.1552
405448 7.55479e+006 19.1552
405448 7.55479e+006 19.166
405448 7.55479e+006 19.1552
405447 7.55479e+006 19.1552
405447 7.55479e+006 19.1552
405447 7.55479e+006 19.166
405448 7.55479e+006 19.166
405448 7.55479e+006 19.1552
405448 7.55479e+006 19.1444
405447 7.55479e+006 19.1444
405447 7.55479e+006 19.1444
405447 7.55479e+006 19.1552
405448 7.55479e+006 19.1552
405448 7.55479e+006 18.8705
405448 7.55479e+006 18.8813
405447 7.55479e+006 18.8813
405447 7.55479e+006 18.8813
405447 7.55479e+006 18.8705
405448 7.55479e+006 18.8705
405448 7.55479e+006 18.8813
405448 7.55479e+006 18.8921
405447 7.55479e+006 18.8921
405447 7.55479e+006 18.8921
405447 7.55479e+006 18.8813
405448 7.55479e+006 18.8813
405448 7.55479e+006 18.8921
405448 7.55479e+006 18.8813
405447 7.55479e+006 18.8813
405447 7.55479e+006 18.8813
405447 7.55479e+006 18.8921
405448 7.55479e+006 18.8921
405448 7.55479e+006 18.8813
405448 7.55479e+006 18.8705
405447 7.55479e+006 18.8705
405447 7.55479e+006 18.8705
405447 7.55479e+006 18.8813
405448 7.55479e+006 18.8813
405448 7.55479e+006 18.2916
405448 7.55479e+006 18.3024
405447 7.55479e+006 18.3024
405447 7.55479e+006 18.3024
405447 7.55479e+006 18.2916
405448 7.55479e+006 18.2916
405448 7.55479e+006 18.3024
405448 7.55479e+006 18.3132
405447 7.55479e+006 18.3132
405447 7.55479e+006 18.3132
405447 7.55479e+006 18.3024
405448 7.55479e+006 18.3024
405448 7.55479e+006 18.3132
405448 7.55479e+006 18.3024
405447 7.55479e+006 18.3024
405447 7.55479e+006 18.3024
405447 7.55479e+006 18.3132
405448 7.55479e+006 18.3132
405448 7.55479e+006 18.3024
405448 7.55479e+006 18.2916
405447 7.55479e+006 18.2916
405447 7.55479e+006 18.2916
405447 7.55479e+006 18.3024
405448 7.55479e+006 18.3024
405448 7.55479e+006 18.0177
405448 7.55479e+006 18.0285
405447 7.55479e+006 18.0285
405447 7.55479e+006 18.0285
405447 7.55479e+006 18.0177
405448 7.55479e+006 18.0177
405448 7.55479e+006 18.0285
405448 7.55479e+006 18.0393
405447 7.55479e+006 18.0393
405447 7.55479e+006 18.0393
405447 7.55479e+006 18.0285
405448 7.55479e+006 18.0285
405448 7.55479e+006 18.0393
405448 7.55479e+006 18.0285
405447 7.55479e+006 18.0285
405447 7.55479e+006 18.0285
405447 7.55479e+006 18.0393
405448 7.55479e+006 18.0393
405448 7.55479e+006 18.0285
405448 7.55479e+006 18.0177
405447 7.55479e+006 18.0177
405447 7.55479e+006 18.0177
405447 7.55479e+006 18.0285
405448 7.55479e+006 18.0285
405448 7.55479e+006 17.7438
405448 7.55479e+006 17.7546
405447 7.55479e+006 17.7546
405447 7.55479e+006 17.7546
405447 7.55479e+006 17.7438
405448 7.55479e+006 17.7438
405448 7.55479e+006 17.7546
405448 7.55479e+006 17.7653
405447 7.55479e+006 17.7653
405447 7.55479e+006 17.7653
405447 7.55479e+006 17.7546
405448 7.55479e+006 17.7546
405448 7.55479e+006 17.7653
405448 7.55479e+006 17.7546
405447 7.55479e+006 17.7546
405447 7.55479e+006 17.7546
405447 7.55479e+006 17.7653
405448 7.55479e+006 17.7653
405448 7.55479e+006 17.7546
405448 7.55479e+006 17.7438
405447 7.55479e+006 17.7438
405447 7.55479e+006 17.7438
405447 7.55479e+006 17.7546
405448 7.55479e+006 17.7546
405448 7.55479e+006 18.5656
405448 7.55479e+006 18.5764
405447 7.55479e+006 18.5764
405447 7.55479e+006 18.5764
405447 7.55479e+006 18.5656
405448 7.55479e+006 18.5656
405448 7.55479e+006 18.5764
405448 7.55479e+006 18.5871
405447 7.55479e+006 18.5871
405447 7.55479e+006 18.5871
405447 7.55479e+006 18.5764
405448 7.55479e+006 18.5764
405448 7.55479e+006 18.5871
405448 7.55479e+006 18.5764
405447 7.55479e+006 18.5764
405447 7.55479e+006 18.5764
405447 7.55479e+006 18.5871
405448 7.55479e+006 18.5871
405448 7.55479e+006 18.5764
405448 7.55479e+006 18.5656
405447 7.55479e+006 18.5656
405447 7.55479e+006 18.5656
405447 7.55479e+006 18.5764
405448 7.55479e+006 18.5764
405448 7.55479e+006 25.3119
405448 7.55479e+006 25.3119
405448 7.55479e+006 25.2095
405448 7.55479e+006 25.2095
405448 7.55479e+006 25.2095
405448 7.55479e+006 25.3119
405447 7.55479e+006 25.3119
405447 7.55479e+006 25.3119
405447 7.55479e+006 25.2095
405447 7.55479e+006 25.2095
405447 7.55479e+006 25.2095
405447 7.55479e+006 25.3119
405448 7.55479e+006 25.2095
405448 7.55479e+006 25.3119
405448 7.55479e+006 17.3392
405448 7.55479e+006 17.3392
405448 7.55479e+006 17.3392
405448 7.55479e+006 25.2095
405447 7.55479e+006 25.3119
405447 7.55479e+006 25.2095
405447 7.55479e+006 17.3392
405447 7.55479e+006 17.3392
405447 7.55479e+006 17.3392
405447 7.55479e+006 25.3119
405448 7.55479e+006 25.3119
405448 7.55479e+006 25.3119
405448 7.55479e+006 25.3119
405448 7.55479e+006 25.3119
405448 7.55479e+006 25.3119
405448 7.55479e+006 25.3119
405447 7.55479e+006 25.3119
405447 7.55479e+006 25.3119
405447 7.55479e+006 25.3119
405447 7.55479e+006 25.3119
405447 7.55479e+006 25.3119
405447 7.55479e+006 25.3119
405448 7.55479e+006 17.3392
405448 7.55479e+006 17.3392
405448 7.55479e+006 17.3392
405448 7.55479e+006 17.3392
405448 7.55479e+006 17.3392
405448 7.55479e+006 17.3392
405447 7.55479e+006 17.3392
405447 7.55479e+006 17.3392
405447 7.55479e+006 17.3392
405447 7.55479e+006 17.3392
405447 7.55479e+006 17.3392
405447 7.55479e+006 17.3392
405447 7.55479e+006 25.2095
405447 7.55479e+006 25.3119
405447 7.55479e+006 25.3119
405447 7.55479e+006 25.3119
405447 7.55479e+006 25.2095
405447 7.55479e+006 25.2095
405448 7.55479e+006 25.3119
405448 7.55479e+006 25.2095
405448 7.55479e+006 25.2095
405448 7.55479e+006 25.2095
405448 7.55479e+006 25.3119
405448 7.55479e+006 25.3119
405448 7.55479e+006 25.2095
405448 7.55479e+006 25.2095
405448 7.55479e+006 25.2095
405448 7.55479e+006 25.2095
405448 7.55479e+006 25.2095
405448 7.55479e+006 25.2095
405447 7.55479e+006 25.2095
405447 7.55479e+006 25.2095
405447 7.55479e+006 25.2095
405447 7.55479e+006 25.2095
405447 7.55479e+006 25.2095
405447 7.55479e+006 25.2095
405448 7.55479e+006 25.2095
405448 7.55479e+006 17.3392
405448 7.55479e+006 17.3392
405448 7.55479e+006 17.3392
405448 7.55479e+006 25.2095
405448 7.55479e+006 25.2095
405447 7.55479e+006 17.3392
405447 7.55479e+006 25.2095
405447 7.55479e+006 25.2095
405447 7.55479e+006 25.2095
405447 7.55479e+006 17.3392
405447 7.55479e+006 17.3392
405447 7.55479e+006 25.3119
405447 7.55479e+006 17.3392
405447 7.55479e+006 17.3392
405447 7.55479e+006 17.3392
405447 7.55479e+006 25.3119
405447 7.55479e+006 25.3119
405448 7.55479e+006 17.3392
405448 7.55479e+006 25.3119
405448 7.55479e+006 25.3119
405448 7.55479e+006 25.3119
405448 7.55479e+006 17.3392
405448 7.55479e+006 17.3392
405448 7.55479e+006 25.2095
405448 7.55479e+006 25.2095
405448 7.55479e+006 25.3119
405448 7.55479e+006 25.3119
405448 7.55479e+006 25.3119
405448 7.55479e+006 25.2095
405447 7.55479e+006 25.3119
405447 7.55479e+006 25.2095
405447 7.55479e+006 25.2095
405447 7.55479e+006 25.2095
405447 7.55479e+006 25.3119
405447 7.55479e+006 25.3119
405448 7.55479e+006 25.2095
405448 7.55479e+006 17.3392
405448 7.55479e+006 17.3392
405448 7.55479e+006 17.3392
405448 7.55479e+006 25.3119
405448 7.55479e+006 25.2095
405447 7.55479e+006 25.3119
405447 7.55479e+006 17.3392
405447 7.55479e+006 17.3392
405447 7.55479e+006 17.3392
405447 7.55479e+006 25.2095
405447 7.55479e+006 25.3119
405448 7.55479e+006 26.0986
405448 7.55479e+006 26.0999
405448 7.55479e+006 26.0999
405448 7.55479e+006 26.0999
405448 7.55479e+006 26.0999
405448 7.55479e+006 26.0986
405448 7.55479e+006 26.0999
405448 7.55479e+006 26.0999
405448 7.55479e+006 26.0518
405448 7.55479e+006 26.0518
405448 7.55479e+006 26.0514
405448 7.55479e+006 26.0999
405448 7.55479e+006 26.0514
405448 7.55479e+006 26.0518
405448 7.55479e+006 26.051
405448 7.55479e+006 26.051
405448 7.55479e+006 26.0514
405448 7.55479e+006 26.0514
405448 7.55479e+006 26.051
405448 7.55479e+006 26.0986
405448 7.55479e+006 26.0999
405448 7.55479e+006 26.0999
405448 7.55479e+006 26.0514
405448 7.55479e+006 26.051
405447 7.55479e+006 26.0999
405447 7.55479e+006 26.0999
405447 7.55479e+006 26.0999
405447 7.55479e+006 26.0999
405447 7.55479e+006 26.0999
405447 7.55479e+006 26.0999
405447 7.55479e+006 26.0514
405447 7.55479e+006 26.0514
405447 7.55479e+006 26.0999
405447 7.55479e+006 26.0999
405447 7.55479e+006 26.0999
405447 7.55479e+006 26.0514
405447 7.55479e+006 26.0514
405447 7.55479e+006 26.0514
405447 7.55479e+006 26.0514
405447 7.55479e+006 26.0514
405447 7.55479e+006 26.0514
405447 7.55479e+006 26.0514
405447 7.55479e+006 26.0999
405447 7.55479e+006 26.0999
405447 7.55479e+006 26.0514
405447 7.55479e+006 26.0514
405447 7.55479e+006 26.0514
405447 7.55479e+006 26.0999
405447 7.55479e+006 26.0999
405447 7.55479e+006 26.0999
405447 7.55479e+006 26.0999
405447 7.55479e+006 26.0999
405447 7.55479e+006 26.0999
405447 7.55479e+006 26.0999
405447 7.55479e+006 26.0514
405447 7.55479e+006 26.0514
405447 7.55479e+006 26.0999
405447 7.55479e+006 26.0999
405447 7.55479e+006 26.0999
405447 7.55479e+006 26.0514
405447 7.55479e+006 26.0514
405447 7.55479e+006 26.0514
405447 7.55479e+006 26.0514
405447 7.55479e+006 26.0514
405447 7.55479e+006 26.0514
405447 7.55479e+006 26.0514
405447 7.55479e+006 26.0999
405447 7.55479e+006 26.0999
405447 7.55479e+006 26.0514
405447 7.55479e+006 26.0514
405447 7.55479e+006 26.0514
405447 7.55479e+006 26.0999
405447 7.55479e+006 26.0999
405447 7.55479e+006 26.0999
405447 7.55479e+006 26.0999
405447 7.55479e+006 26.0999
405447 7.55479e+006 26.0999
405447 7.55479e+006 26.0999
405447 7.55479e+006 26.0514
405447 7.55479e+006 26.0514
405447 7.55479e+006 26.0999
405447 7.55479e+006 26.0999
405447 7.55479e+006 26.0999
405447 7.55479e+006 26.0514
405447 7.55479e+006 26.0514
405447 7.55479e+006 26.0514
405447 7.55479e+006 26.0514
405447 7.55479e+006 26.0514
405447 7.55479e+006 26.0514
405447 7.55479e+006 26.0514
405447 7.55479e+006 26.0999
405447 7.55479e+006 26.0999
405447 7.55479e+006 26.0514
405447 7.55479e+006 26.0514
405447 7.55479e+006 26.0514
405447 7.55479e+006 26.0999
405447 7.55479e+006 26.0999
405447 7.55479e+006 26.0999
405447 7.55479e+006 26.0999
405447 7.55479e+006 26.0999
405447 7.55479e+006 26.0999
405447 7.55479e+006 26.0999
405447 7.55479e+006 26.0514
405447 7.55479e+006 26.0514
405447 7.55479e+006 26.0999
405447 7.55479e+006 26.0999
405447 7.55479e+006 26.0999
405447 7.55479e+006 26.0514
405447 7.55479e+006 26.0514
405447 7.55479e+006 26.0514
405447 7.55479e+006 26.0514
405447 7.55479e+006 26.0514
405447 7.55479e+006 26.0514
405447 7.55479e+006 26.0514
405447 7.55479e+006 26.0999
405447 7.55479e+006 26.0999
405447 7.55479e+006 26.0514
405447 7.55479e+006 26.0514
405447 7.55479e+006 26.0514
405447 7.55479e+006 26.0999
405447 7.55479e+006 26.0999
405447 7.55479e+006 26.0999
405447 7.55479e+006 26.0999
405447 7.55479e+006 26.0999
405447 7.55479e+006 26.0999
405447 7.55479e+006 26.0999
405447 7.55479e+006 26.0514
405447 7.55479e+006 26.0514
405447 7.55479e+006 26.0999
405447 7.55479e+006 26.0999
405447 7.55479e+006 26.0999
405447 7.55479e+006 26.0514
405447 7.55479e+006 26.0514
405447 7.55479e+006 26.0514
405447 7.55479e+006 26.0514
405447 7.55479e+006 26.0514
405447 7.55479e+006 26.0514
405447 7.55479e+006 26.0514
405447 7.55479e+006 26.0999
405447 7.55479e+006 26.0999
405447 7.55479e+006 26.0514
405447 7.55479e+006 26.0514
405447 7.55479e+006 26.0514
405447 7.55479e+006 26.0999
405447 7.55479e+006 26.0999
405447 7.55479e+006 26.0999
405447 7.55479e+006 26.0999
405447 7.55479e+006 26.0999
405447 7.55479e+006 26.0999
405447 7.55479e+006 26.0999
405447 7.55479e+006 26.0514
405447 7.55479e+006 26.0514
405447 7.55479e+006 26.0999
405447 7.55479e+006 26.0999
405447 7.55479e+006 26.0999
405447 7.55479e+006 26.0514
405447 7.55479e+006 26.0514
405447 7.55479e+006 26.0514
405447 7.55479e+006 26.0514
405447 7.55479e+006 26.0514
405447 7.55479e+006 26.0514
405447 7.55479e+006 26.0514
405447 7.55479e+006 26.0999
405447 7.55479e+006 26.0999
405447 7.55479e+006 26.0514
405447 7.55479e+006 26.0514
405447 7.55479e+006 26.0514
405447 7.55479e+006 26.0999
405447 7.55479e+006 26.0999
405447 7.55479e+006 26.0999
405447 7.55479e+006 26.0999
405447 7.55479e+006 26.0999
405447 7.55479e+006 26.0999
405447 7.55479e+006 26.0999
405447 7.55479e+006 26.0514
405447 7.55479e+006 26.0514
405447 7.55479e+006 26.0999
405447 7.55479e+006 26.0999
405447 7.55479e+006 26.0999
405447 7.55479e+006 26.0514
405447 7.55479e+006 26.0514
405447 7.55479e+006 26.0514
405447 7.55479e+006 26.0514
405447 7.55479e+006 26.0514
405447 7.55479e+006 26.0514
405447 7.55479e+006 26.0514
405447 7.55479e+006 26.0999
405447 7.55479e+006 26.0999
405447 7.55479e+006 26.0514
405447 7.55479e+006 26.0514
405447 7.55479e+006 26.0514
405447 7.55479e+006 26.0999
405448 7.55479e+006 26.0999
405447 7.55479e+006 26.0999
405447 7.55479e+006 26.0999
405447 7.55479e+006 26.0999
405448 7.55479e+006 26.0999
405448 7.55479e+006 26.0999
405448 7.55479e+006 26.0514
405447 7.55479e+006 26.0514
405447 7.55479e+006 26.0999
405447 7.55479e+006 26.0999
405448 7.55479e+006 26.0999
405448 7.55479e+006 26.0514
405448 7.55479e+006 26.0514
405447 7.55479e+006 26.0514
405447 7.55479e+006 26.0514
405447 7.55479e+006 26.0514
405448 7.55479e+006 26.0514
405448 7.55479e+006 26.0514
405448 7.55479e+006 26.0999
405447 7.55479e+006 26.0999
405447 7.55479e+006 26.0514
405447 7.55479e+006 26.0514
405448 7.55479e+006 26.0514
405448 7.55479e+006 26.0999
405448 7.55479e+006 26.0999
405448 7.55479e+006 26.0999
405448 7.55479e+006 26.0999
405448 7.55479e+006 26.0999
405448 7.55479e+006 26.0999
405448 7.55479e+006 26.0999
405448 7.55479e+006 26.0514
405448 7.55479e+006 26.0514
405448 7.55479e+006 26.0999
405448 7.55479e+006 26.0999
405448 7.55479e+006 26.0999
405448 7.55479e+006 26.0514
405448 7.55479e+006 26.0514
405448 7.55479e+006 26.0514
405448 7.55479e+006 26.0514
405448 7.55479e+006 26.0514
405448 7.55479e+006 26.0514
405448 7.55479e+006 26.0514
405448 7.55479e+006 26.0999
405448 7.55479e+006 26.0999
405448 7.55479e+006 26.0514
405448 7.55479e+006 26.0514
405448 7.55479e+006 26.0514
405448 7.55479e+006 26.0999
405448 7.55479e+006 26.0999
405448 7.55479e+006 26.0999
405448 7.55479e+006 26.0999
405448 7.55479e+006 26.0999
405448 7.55479e+006 26.0999
405448 7.55479e+006 26.0999
405448 7.55479e+006 26.0514
405448 7.55479e+006 26.0514
405448 7.55479e+006 26.0999
405448 7.55479e+006 26.0999
405448 7.55479e+006 26.0999
405448 7.55479e+006 26.0514
405448 7.55479e+006 26.0514
405448 7.55479e+006 26.0514
405448 7.55479e+006 26.0514
405448 7.55479e+006 26.0514
405448 7.55479e+006 26.0514
405448 7.55479e+006 26.0514
405448 7.55479e+006 26.0999
405448 7.55479e+006 26.0999
405448 7.55479e+006 26.0514
405448 7.55479e+006 26.0514
405448 7.55479e+006 26.0514
405448 7.55479e+006 26.0999
405448 7.55479e+006 26.0999
405448 7.55479e+006 26.0501
405448 7.55479e+006 26.0518
405448 7.55479e+006 26.0518
405448 7.55479e+006 26.0999
405448 7.55479e+006 26.0999
405448 7.55479e+006 26.051
405448 7.55479e+006 26.0501
405448 7.55479e+006 26.0972
405448 7.55479e+006 26.0972
405448 7.55479e+006 26.0986
405448 7.55479e+006 26.051
405447 7.55479e+006 26.0986
405447 7.55479e+006 26.0999
405447 7.55479e+006 26.0999
405447 7.55479e+006 26.0999
405447 7.55479e+006 26.0999
405447 7.55479e+006 26.0986
405447 7.55479e+006 26.0999
405447 7.55479e+006 26.0514
405447 7.55479e+006 26.0526
405447 7.55479e+006 26.0526
405447 7.55479e+006 26.0999
405447 7.55479e+006 26.0999
405447 7.55479e+006 26.0514
405447 7.55479e+006 26.0514
405447 7.55479e+006 26.0512
405447 7.55479e+006 26.0512
405447 7.55479e+006 26.0526
405447 7.55479e+006 26.0514
405447 7.55479e+006 26.0512
405447 7.55479e+006 26.0514
405447 7.55479e+006 26.0999
405447 7.55479e+006 26.0999
405447 7.55479e+006 26.0986
405447 7.55479e+006 26.0512
405448 7.55479e+006 26.0501
405448 7.55479e+006 26.0999
405448 7.55479e+006 26.0972
405448 7.55479e+006 26.0972
405448 7.55479e+006 26.0501
405448 7.55479e+006 26.0501
405447 7.55479e+006 26.0972
405447 7.55479e+006 26.0999
405447 7.55479e+006 26.0509
405447 7.55479e+006 26.0509
405447 7.55479e+006 26.0509
405447 7.55479e+006 26.0972
405447 7.55479e+006 26.0999
405447 7.55479e+006 26.0999
405447 7.55479e+006 26.0526
405447 7.55479e+006 26.0526
405447 7.55479e+006 26.0509
405447 7.55479e+006 26.0999
405447 7.55479e+006 26.0972
405447 7.55479e+006 26.0509
405447 7.55479e+006 26.0512
405447 7.55479e+006 26.0512
405447 7.55479e+006 26.0986
405447 7.55479e+006 26.0972
405447 7.55479e+006 26.0526
405447 7.55479e+006 26.0512
405447 7.55479e+006 21.5595
405447 7.55479e+006 21.5595
405447 7.55479e+006 21.5608
405447 7.55479e+006 26.0526
405447 7.55479e+006 26.0512
405447 7.55479e+006 26.0509
405447 7.55479e+006 21.5581
405447 7.55479e+006 21.5581
405447 7.55479e+006 21.5595
405447 7.55479e+006 26.0512
405447 7.55479e+006 26.0509
405447 7.55479e+006 26.0509
405447 7.55479e+006 21.5608
405447 7.55479e+006 21.5608
405447 7.55479e+006 21.5581
405447 7.55479e+006 26.0509
405447 7.55479e+006 26.0509
405447 7.55479e+006 26.0526
405447 7.55479e+006 21.5608
405447 7.55479e+006 21.5608
405447 7.55479e+006 21.5608
405447 7.55479e+006 26.0509
405448 7.55479e+006 26.0501
405448 7.55479e+006 26.0501
405448 7.55479e+006 21.5581
405448 7.55479e+006 21.5581
405448 7.55479e+006 21.5608
405448 7.55479e+006 26.0501
405448 7.55479e+006 26.0501
405448 7.55479e+006 26.051
405448 7.55479e+006 21.5595
405448 7.55479e+006 21.5595
405448 7.55479e+006 21.5581
405448 7.55479e+006 26.0501
405448 7.55479e+006 26.051
405448 7.55479e+006 26.0518
405448 7.55479e+006 21.5608
405448 7.55479e+006 21.5608
405448 7.55479e+006 21.5595
405448 7.55479e+006 26.051
405448 7.55479e+006 26.0518
405448 7.55479e+006 26.0501
405448 7.55479e+006 21.5608
405448 7.55479e+006 21.5608
405448 7.55479e+006 21.5608
405448 7.55479e+006 26.0518
405448 7.55479e+006 26.0999
405448 7.55479e+006 26.0986
405448 7.55479e+006 26.0972
405448 7.55479e+006 26.0972
405448 7.55479e+006 26.0999
405448 7.55479e+006 26.0999
405447 7.55479e+006 26.0986
405447 7.55479e+006 26.0999
405447 7.55479e+006 26.0999
405447 7.55479e+006 26.0999
405447 7.55479e+006 26.0972
405447 7.55479e+006 26.0986
405447 7.55479e+006 21.5581
405447 7.55479e+006 21.5608
405447 7.55479e+006 21.5118
405447 7.55479e+006 21.5118
405447 7.55479e+006 21.5118
405447 7.55479e+006 21.5581
405447 7.55479e+006 21.6897
405447 7.55479e+006 26.0948
405447 7.55479e+006 26.0948
405447 7.55479e+006 26.0948
405447 7.55479e+006 21.6897
405447 7.55479e+006 21.6897
405447 7.55479e+006 21.6897
405447 7.55479e+006 21.6897
405447 7.55479e+006 26.0948
405447 7.55479e+006 26.0948
405447 7.55479e+006 26.0948
405447 7.55479e+006 21.6897
405447 7.55479e+006 21.6897
405447 7.55479e+006 26.0948
405447 7.55479e+006 26.0948
405447 7.55479e+006 26.0948
405447 7.55479e+006 21.6897
405447 7.55479e+006 21.6897
405447 7.55479e+006 21.6897
405447 7.55479e+006 21.6897
405447 7.55479e+006 26.0948
405447 7.55479e+006 26.0948
405447 7.55479e+006 26.0948
405447 7.55479e+006 21.6897
405447 7.55479e+006 26.0948
405447 7.55479e+006 26.0948
405447 7.55479e+006 21.6897
405447 7.55479e+006 21.6897
405447 7.55479e+006 21.6897
405447 7.55479e+006 26.0948
405448 7.55479e+006 21.6897
405448 7.55479e+006 21.6897
405448 7.55479e+006 26.0948
405448 7.55479e+006 26.0948
405448 7.55479e+006 26.0948
405448 7.55479e+006 21.6897
405448 7.55479e+006 26.0948
405448 7.55479e+006 26.0948
405448 7.55479e+006 21.6897
405448 7.55479e+006 21.6897
405448 7.55479e+006 21.6897
405448 7.55479e+006 26.0948
405447 7.55479e+006 21.6897
405447 7.55479e+006 21.6897
405447 7.55479e+006 21.6897
405447 7.55479e+006 21.6897
405447 7.55479e+006 21.6897
405447 7.55479e+006 21.6897
405447 7.55479e+006 21.6897
405447 7.55479e+006 26.0948
405447 7.55479e+006 26.0948
405447 7.55479e+006 26.0948
405447 7.55479e+006 21.6897
405447 7.55479e+006 21.6897
405447 7.55479e+006 26.0948
405447 7.55479e+006 26.0948
405447 7.55479e+006 26.0948
405447 7.55479e+006 26.0948
405447 7.55479e+006 26.0948
405447 7.55479e+006 26.0948
405447 7.55479e+006 26.0948
405447 7.55479e+006 21.6897
405447 7.55479e+006 21.6897
405447 7.55479e+006 21.6897
405447 7.55479e+006 26.0948
405447 7.55479e+006 26.0948
405447 7.55479e+006 21.6897
405447 7.55479e+006 21.6897
405447 7.55479e+006 21.6897
405447 7.55479e+006 21.6897
405447 7.55479e+006 21.6897
405447 7.55479e+006 21.6897
405447 7.55479e+006 21.6897
405447 7.55479e+006 26.0948
405447 7.55479e+006 26.0948
405447 7.55479e+006 26.0948
405447 7.55479e+006 21.6897
405447 7.55479e+006 21.6897
405447 7.55479e+006 26.0948
405447 7.55479e+006 26.0948
405447 7.55479e+006 26.0948
405447 7.55479e+006 26.0948
405447 7.55479e+006 26.0948
405447 7.55479e+006 26.0948
405447 7.55479e+006 26.0948
405447 7.55479e+006 21.6897
405447 7.55479e+006 21.6897
405447 7.55479e+006 21.6897
405447 7.55479e+006 26.0948
405447 7.55479e+006 26.0948
405447 7.55479e+006 21.6897
405447 7.55479e+006 21.6897
405447 7.55479e+006 21.6897
405447 7.55479e+006 21.6897
405447 7.55479e+006 21.6897
405447 7.55479e+006 21.6897
405447 7.55479e+006 21.6897
405447 7.55479e+006 26.0948
405447 7.55479e+006 26.0948
405447 7.55479e+006 26.0948
405447 7.55479e+006 21.6897
405447 7.55479e+006 21.6897
405447 7.55479e+006 26.0948
405447 7.55479e+006 26.0948
405447 7.55479e+006 26.0948
405447 7.55479e+006 26.0948
405447 7.55479e+006 26.0948
405447 7.55479e+006 26.0948
405447 7.55479e+006 26.0948
405447 7.55479e+006 21.6897
405447 7.55479e+006 21.6897
405447 7.55479e+006 21.6897
405447 7.55479e+006 26.0948
405447 7.55479e+006 26.0948
405447 7.55479e+006 26.0948
405447 7.55479e+006 21.6897
405447 7.55479e+006 21.6897
405447 7.55479e+006 21.6897
405447 7.55479e+006 26.0948
405447 7.55479e+006 26.0948
405447 7.55479e+006 21.6897
405447 7.55479e+006 21.6897
405447 7.55479e+006 21.6897
405447 7.55479e+006 21.6897
405447 7.55479e+006 21.6897
405447 7.55479e+006 21.6897
405447 7.55479e+006 21.6897
405447 7.55479e+006 26.0948
405447 7.55479e+006 26.0948
405447 7.55479e+006 26.0948
405447 7.55479e+006 21.6897
405447 7.55479e+006 21.6897
405447 7.55479e+006 26.0948
405447 7.55479e+006 26.0948
405447 7.55479e+006 26.0948
405447 7.55479e+006 26.0948
405447 7.55479e+006 26.0948
405447 7.55479e+006 26.0948
405447 7.55479e+006 21.6897
405447 7.55479e+006 26.0948
405447 7.55479e+006 26.0948
405447 7.55479e+006 26.0948
405447 7.55479e+006 21.6897
405447 7.55479e+006 21.6897
405447 7.55479e+006 26.0948
405447 7.55479e+006 26.0948
405447 7.55479e+006 26.0948
405447 7.55479e+006 26.0948
405447 7.55479e+006 26.0948
405447 7.55479e+006 26.0948
405447 7.55479e+006 26.0948
405447 7.55479e+006 21.6897
405447 7.55479e+006 21.6897
405447 7.55479e+006 21.6897
405447 7.55479e+006 26.0948
405447 7.55479e+006 26.0948
405447 7.55479e+006 21.6897
405447 7.55479e+006 21.6897
405447 7.55479e+006 21.6897
405447 7.55479e+006 21.6897
405447 7.55479e+006 21.6897
405447 7.55479e+006 21.6897
405448 7.55479e+006 26.0948
405448 7.55479e+006 21.6897
405448 7.55479e+006 21.6897
405448 7.55479e+006 21.6897
405448 7.55479e+006 26.0948
405448 7.55479e+006 26.0948
405448 7.55479e+006 21.6897
405448 7.55479e+006 21.6897
405448 7.55479e+006 21.6897
405448 7.55479e+006 21.6897
405448 7.55479e+006 21.6897
405448 7.55479e+006 21.6897
405448 7.55479e+006 21.6897
405448 7.55479e+006 26.0948
405448 7.55479e+006 26.0948
405448 7.55479e+006 26.0948
405448 7.55479e+006 21.6897
405448 7.55479e+006 21.6897
405448 7.55479e+006 26.0948
405448 7.55479e+006 26.0948
405448 7.55479e+006 26.0948
405448 7.55479e+006 26.0948
405448 7.55479e+006 26.0948
405448 7.55479e+006 26.0948
405448 7.55479e+006 21.6897
405448 7.55479e+006 26.0948
405448 7.55479e+006 26.0948
405448 7.55479e+006 26.0948
405448 7.55479e+006 21.6897
405448 7.55479e+006 21.6897
405448 7.55479e+006 26.0948
405448 7.55479e+006 26.0948
405448 7.55479e+006 26.0948
405448 7.55479e+006 26.0948
405448 7.55479e+006 26.0948
405448 7.55479e+006 26.0948
405448 7.55479e+006 26.0948
405448 7.55479e+006 21.6897
405448 7.55479e+006 21.6897
405448 7.55479e+006 21.6897
405448 7.55479e+006 26.0948
405448 7.55479e+006 26.0948
405448 7.55479e+006 21.6897
405448 7.55479e+006 21.6897
405448 7.55479e+006 21.6897
405448 7.55479e+006 21.6897
405448 7.55479e+006 21.6897
405448 7.55479e+006 21.6897
405447 7.55479e+006 26.0948
405447 7.55479e+006 26.0948
405447 7.55479e+006 21.6897
405447 7.55479e+006 21.6897
405447 7.55479e+006 21.6897
405447 7.55479e+006 26.0948
405447 7.55479e+006 26.0948
405447 7.55479e+006 26.0948
405447 7.55479e+006 21.6897
405447 7.55479e+006 21.6897
405447 7.55479e+006 21.6897
405447 7.55479e+006 26.0948
405447 7.55479e+006 26.0948
405447 7.55479e+006 26.0948
405447 7.55479e+006 21.6897
405447 7.55479e+006 21.6897
405447 7.55479e+006 21.6897
405447 7.55479e+006 26.0948
405447 7.55479e+006 26.0948
405447 7.55479e+006 21.6897
405447 7.55479e+006 21.6897
405447 7.55479e+006 21.6897
405447 7.55479e+006 26.0948
405447 7.55479e+006 26.0948
405447 7.55479e+006 21.6897
405447 7.55479e+006 26.0948
405447 7.55479e+006 26.0948
405447 7.55479e+006 26.0948
405447 7.55479e+006 21.6897
405447 7.55479e+006 21.6897
405448 7.55479e+006 26.0948
405448 7.55479e+006 21.6897
405448 7.55479e+006 21.6897
405448 7.55479e+006 21.6897
405448 7.55479e+006 26.0948
405448 7.55479e+006 26.0948
405448 7.55479e+006 21.6897
405448 7.55479e+006 26.0948
405448 7.55479e+006 26.0948
405448 7.55479e+006 26.0948
405448 7.55479e+006 21.6897
405448 7.55479e+006 21.6897
405448 7.55479e+006 25.0129
405448 7.55479e+006 25.0143
405448 7.55479e+006 25.0143
405448 7.55479e+006 25.0143
405448 7.55479e+006 25.0143
405448 7.55479e+006 25.0129
405448 7.55479e+006 25.0143
405448 7.55479e+006 25.0143
405448 7.55479e+006 24.9661
405448 7.55479e+006 24.9661
405448 7.55479e+006 24.9657
405448 7.55479e+006 25.0143
405448 7.55479e+006 24.9657
405448 7.55479e+006 24.9661
405448 7.55479e+006 24.9653
405448 7.55479e+006 24.9653
405448 7.55479e+006 24.9657
405448 7.55479e+006 24.9657
405448 7.55479e+006 24.9653
405448 7.55479e+006 25.0129
405448 7.55479e+006 25.0143
405448 7.55479e+006 25.0143
405448 7.55479e+006 24.9657
405448 7.55479e+006 24.9653
405447 7.55479e+006 25.0143
405447 7.55479e+006 25.0143
405447 7.55479e+006 25.0143
405447 7.55479e+006 25.0143
405447 7.55479e+006 25.0143
405447 7.55479e+006 25.0143
405447 7.55479e+006 24.9657
405447 7.55479e+006 24.9657
405447 7.55479e+006 25.0143
405447 7.55479e+006 25.0143
405447 7.55479e+006 25.0143
405447 7.55479e+006 24.9657
405447 7.55479e+006 24.9657
405447 7.55479e+006 24.9657
405447 7.55479e+006 24.9657
405447 7.55479e+006 24.9657
405447 7.55479e+006 24.9657
405447 7.55479e+006 24.9657
405447 7.55479e+006 25.0143
405447 7.55479e+006 25.0143
405447 7.55479e+006 24.9657
405447 7.55479e+006 24.9657
405447 7.55479e+006 24.9657
405447 7.55479e+006 25.0143
405447 7.55479e+006 25.0143
405447 7.55479e+006 25.0143
405447 7.55479e+006 25.0143
405447 7.55479e+006 25.0143
405447 7.55479e+006 25.0143
405447 7.55479e+006 25.0143
405447 7.55479e+006 24.9657
405447 7.55479e+006 24.9657
405447 7.55479e+006 25.0143
405447 7.55479e+006 25.0143
405447 7.55479e+006 25.0143
405447 7.55479e+006 24.9657
405447 7.55479e+006 24.9657
405447 7.55479e+006 24.9657
405447 7.55479e+006 24.9657
405447 7.55479e+006 24.9657
405447 7.55479e+006 24.9657
405447 7.55479e+006 24.9657
405447 7.55479e+006 25.0143
405447 7.55479e+006 25.0143
405447 7.55479e+006 24.9657
405447 7.55479e+006 24.9657
405447 7.55479e+006 24.9657
405447 7.55479e+006 25.0143
405447 7.55479e+006 25.0143
405447 7.55479e+006 25.0143
405447 7.55479e+006 25.0143
405447 7.55479e+006 25.0143
405447 7.55479e+006 25.0143
405447 7.55479e+006 25.0143
405447 7.55479e+006 24.9657
405447 7.55479e+006 24.9657
405447 7.55479e+006 25.0143
405447 7.55479e+006 25.0143
405447 7.55479e+006 25.0143
405447 7.55479e+006 24.9657
405447 7.55479e+006 24.9657
405447 7.55479e+006 24.9657
405447 7.55479e+006 24.9657
405447 7.55479e+006 24.9657
405447 7.55479e+006 24.9657
405447 7.55479e+006 24.9657
405447 7.55479e+006 25.0143
405447 7.55479e+006 25.0143
405447 7.55479e+006 24.9657
405447 7.55479e+006 24.9657
405447 7.55479e+006 24.9657
405447 7.55479e+006 25.0143
405447 7.55479e+006 25.0143
405447 7.55479e+006 25.0143
405447 7.55479e+006 25.0143
405447 7.55479e+006 25.0143
405447 7.55479e+006 25.0143
405447 7.55479e+006 25.0143
405447 7.55479e+006 24.9657
405447 7.55479e+006 24.9657
405447 7.55479e+006 25.0143
405447 7.55479e+006 25.0143
405447 7.55479e+006 25.0143
405447 7.55479e+006 24.9657
405447 7.55479e+006 24.9657
405447 7.55479e+006 24.9657
405447 7.55479e+006 24.9657
405447 7.55479e+006 24.9657
405447 7.55479e+006 24.9657
405447 7.55479e+006 24.9657
405447 7.55479e+006 25.0143
405447 7.55479e+006 25.0143
405447 7.55479e+006 24.9657
405447 7.55479e+006 24.9657
405447 7.55479e+006 24.9657
405447 7.55479e+006 25.0143
405447 7.55479e+006 25.0143
405447 7.55479e+006 25.0143
405447 7.55479e+006 25.0143
405447 7.55479e+006 25.0143
405447 7.55479e+006 25.0143
405447 7.55479e+006 25.0143
405447 7.55479e+006 24.9657
405447 7.55479e+006 24.9657
405447 7.55479e+006 25.0143
405447 7.55479e+006 25.0143
405447 7.55479e+006 25.0143
405447 7.55479e+006 24.9657
405447 7.55479e+006 24.9657
405447 7.55479e+006 24.9657
405447 7.55479e+006 24.9657
405447 7.55479e+006 24.9657
405447 7.55479e+006 24.9657
405447 7.55479e+006 24.9657
405447 7.55479e+006 25.0143
405447 7.55479e+006 25.0143
405447 7.55479e+006 24.9657
405447 7.55479e+006 24.9657
405447 7.55479e+006 24.9657
405447 7.55479e+006 25.0143
405447 7.55479e+006 25.0143
405447 7.55479e+006 25.0143
405447 7.55479e+006 25.0143
405447 7.55479e+006 25.0143
405447 7.55479e+006 25.0143
405447 7.55479e+006 25.0143
405447 7.55479e+006 24.9657
405447 7.55479e+006 24.9657
405447 7.55479e+006 25.0143
405447 7.55479e+006 25.0143
405447 7.55479e+006 25.0143
405447 7.55479e+006 24.9657
405447 7.55479e+006 24.9657
405447 7.55479e+006 24.9657
405447 7.55479e+006 24.9657
405447 7.55479e+006 24.9657
405447 7.55479e+006 24.9657
405447 7.55479e+006 24.9657
405447 7.55479e+006 25.0143
405447 7.55479e+006 25.0143
405447 7.55479e+006 24.9657
405447 7.55479e+006 24.9657
405447 7.55479e+006 24.9657
405447 7.55479e+006 25.0143
405447 7.55479e+006 25.0143
405447 7.55479e+006 25.0143
405447 7.55479e+006 25.0143
405447 7.55479e+006 25.0143
405447 7.55479e+006 25.0143
405447 7.55479e+006 25.0143
405447 7.55479e+006 24.9657
405447 7.55479e+006 24.9657
405447 7.55479e+006 25.0143
405447 7.55479e+006 25.0143
405447 7.55479e+006 25.0143
405447 7.55479e+006 24.9657
405447 7.55479e+006 24.9657
405447 7.55479e+006 24.9657
405447 7.55479e+006 24.9657
405447 7.55479e+006 24.9657
405447 7.55479e+006 24.9657
405447 7.55479e+006 24.9657
405447 7.55479e+006 25.0143
405447 7.55479e+006 25.0143
405447 7.55479e+006 24.9657
405447 7.55479e+006 24.9657
405447 7.55479e+006 24.9657
405447 7.55479e+006 25.0143
405448 7.55479e+006 25.0143
405447 7.55479e+006 25.0143
405447 7.55479e+006 25.0143
405447 7.55479e+006 25.0143
405448 7.55479e+006 25.0143
405448 7.55479e+006 25.0143
405448 7.55479e+006 24.9657
405447 7.55479e+006 24.9657
405447 7.55479e+006 25.0143
405447 7.55479e+006 25.0143
405448 7.55479e+006 25.0143
405448 7.55479e+006 24.9657
405448 7.55479e+006 24.9657
405447 7.55479e+006 24.9657
405447 7.55479e+006 24.9657
405447 7.55479e+006 24.9657
405448 7.55479e+006 24.9657
405448 7.55479e+006 24.9657
405448 7.55479e+006 25.0143
405447 7.55479e+006 25.0143
405447 7.55479e+006 24.9657
405447 7.55479e+006 24.9657
405448 7.55479e+006 24.9657
405448 7.55479e+006 25.0143
405448 7.55479e+006 25.0143
405448 7.55479e+006 25.0143
405448 7.55479e+006 25.0143
405448 7.55479e+006 25.0143
405448 7.55479e+006 25.0143
405448 7.55479e+006 25.0143
405448 7.55479e+006 24.9657
405448 7.55479e+006 24.9657
405448 7.55479e+006 25.0143
405448 7.55479e+006 25.0143
405448 7.55479e+006 25.0143
405448 7.55479e+006 24.9657
405448 7.55479e+006 24.9657
405448 7.55479e+006 24.9657
405448 7.55479e+006 24.9657
405448 7.55479e+006 24.9657
405448 7.55479e+006 24.9657
405448 7.55479e+006 24.9657
405448 7.55479e+006 25.0143
405448 7.55479e+006 25.0143
405448 7.55479e+006 24.9657
405448 7.55479e+006 24.9657
405448 7.55479e+006 24.9657
405448 7.55479e+006 25.0143
405448 7.55479e+006 25.0143
405448 7.55479e+006 25.0143
405448 7.55479e+006 25.0143
405448 7.55479e+006 25.0143
405448 7.55479e+006 25.0143
405448 7.55479e+006 25.0143
405448 7.55479e+006 24.9657
405448 7.55479e+006 24.9657
405448 7.55479e+006 25.0143
405448 7.55479e+006 25.0143
405448 7.55479e+006 25.0143
405448 7.55479e+006 24.9657
405448 7.55479e+006 24.9657
405448 7.55479e+006 24.9657
405448 7.55479e+006 24.9657
405448 7.55479e+006 24.9657
405448 7.55479e+006 24.9657
405448 7.55479e+006 24.9657
405448 7.55479e+006 25.0143
405448 7.55479e+006 25.0143
405448 7.55479e+006 24.9657
405448 7.55479e+006 24.9657
405448 7.55479e+006 24.9657
405448 7.55479e+006 25.0143
405448 7.55479e+006 25.0143
405448 7.55479e+006 24.9645
405448 7.55479e+006 24.9661
405448 7.55479e+006 24.9661
405448 7.55479e+006 25.0143
405448 7.55479e+006 25.0143
405448 7.55479e+006 24.9653
405448 7.55479e+006 24.9645
405448 7.55479e+006 25.0115
405448 7.55479e+006 25.0115
405448 7.55479e+006 25.0129
405448 7.55479e+006 24.9653
405447 7.55479e+006 25.0129
405447 7.55479e+006 25.0143
405447 7.55479e+006 25.0143
405447 7.55479e+006 25.0143
405447 7.55479e+006 25.0143
405447 7.55479e+006 25.0129
405447 7.55479e+006 25.0143
405447 7.55479e+006 24.9657
405447 7.55479e+006 24.9669
405447 7.55479e+006 24.9669
405447 7.55479e+006 25.0143
405447 7.55479e+006 25.0143
405447 7.55479e+006 24.9657
405447 7.55479e+006 24.9657
405447 7.55479e+006 24.9656
405447 7.55479e+006 24.9656
405447 7.55479e+006 24.9669
405447 7.55479e+006 24.9657
405447 7.55479e+006 24.9656
405447 7.55479e+006 24.9657
405447 7.55479e+006 25.0143
405447 7.55479e+006 25.0143
405447 7.55479e+006 25.0129
405447 7.55479e+006 24.9656
405448 7.55479e+006 24.9645
405448 7.55479e+006 25.0143
405448 7.55479e+006 25.0115
405448 7.55479e+006 25.0115
405448 7.55479e+006 24.9645
405448 7.55479e+006 24.9645
405447 7.55479e+006 25.0116
405447 7.55479e+006 25.0143
405447 7.55479e+006 24.9653
405447 7.55479e+006 24.9653
405447 7.55479e+006 24.9653
405447 7.55479e+006 25.0116
405447 7.55479e+006 25.0143
405447 7.55479e+006 25.0143
405447 7.55479e+006 24.9669
405447 7.55479e+006 24.9669
405447 7.55479e+006 24.9653
405447 7.55479e+006 25.0143
405447 7.55479e+006 25.0116
405447 7.55479e+006 24.9653
405447 7.55479e+006 24.9656
405447 7.55479e+006 24.9656
405447 7.55479e+006 25.0129
405447 7.55479e+006 25.0116
405448 7.55479e+006 25.0143
405448 7.55479e+006 25.0129
405448 7.55479e+006 25.0115
405448 7.55479e+006 25.0115
405448 7.55479e+006 25.0143
405448 7.55479e+006 25.0143
405447 7.55479e+006 25.0129
405447 7.55479e+006 25.0143
405447 7.55479e+006 25.0143
405447 7.55479e+006 25.0143
405447 7.55479e+006 25.0116
405447 7.55479e+006 25.0129
405448 7.55479e+006 24.9661
405448 7.55479e+006 24.9645
405448 7.55479e+006 24.9645
405448 7.55479e+006 24.9645
405448 7.55479e+006 24.9653
405448 7.55479e+006 24.9661
405447 7.55479e+006 24.9653
405447 7.55479e+006 24.9653
405447 7.55479e+006 24.9669
405447 7.55479e+006 24.9669
405447 7.55479e+006 24.9656
405447 7.55479e+006 24.9653
405448 7.55479e+006 23.9202
405448 7.55479e+006 23.9216
405448 7.55479e+006 23.9216
405448 7.55479e+006 23.9216
405448 7.55479e+006 23.9216
405448 7.55479e+006 23.9202
405448 7.55479e+006 23.9216
405448 7.55479e+006 23.9216
405448 7.55479e+006 23.8734
405448 7.55479e+006 23.8734
405448 7.55479e+006 23.873
405448 7.55479e+006 23.9216
405448 7.55479e+006 23.873
405448 7.55479e+006 23.8734
405448 7.55479e+006 23.8726
405448 7.55479e+006 23.8726
405448 7.55479e+006 23.873
405448 7.55479e+006 23.873
405448 7.55479e+006 23.8726
405448 7.55479e+006 23.9202
405448 7.55479e+006 23.9216
405448 7.55479e+006 23.9216
405448 7.55479e+006 23.873
405448 7.55479e+006 23.8726
405447 7.55479e+006 23.9216
405447 7.55479e+006 23.9216
405447 7.55479e+006 23.9216
405447 7.55479e+006 23.9216
405447 7.55479e+006 23.9216
405447 7.55479e+006 23.9216
405447 7.55479e+006 23.873
405447 7.55479e+006 23.873
405447 7.55479e+006 23.9216
405447 7.55479e+006 23.9216
405447 7.55479e+006 23.9216
405447 7.55479e+006 23.873
405447 7.55479e+006 23.873
405447 7.55479e+006 23.873
405447 7.55479e+006 23.873
405447 7.55479e+006 23.873
405447 7.55479e+006 23.873
405447 7.55479e+006 23.873
405447 7.55479e+006 23.9216
405447 7.55479e+006 23.9216
405447 7.55479e+006 23.873
405447 7.55479e+006 23.873
405447 7.55479e+006 23.873
405447 7.55479e+006 23.9216
405447 7.55479e+006 23.9216
405447 7.55479e+006 23.9216
405447 7.55479e+006 23.9216
405447 7.55479e+006 23.9216
405447 7.55479e+006 23.9216
405447 7.55479e+006 23.9216
405447 7.55479e+006 23.873
405447 7.55479e+006 23.873
405447 7.55479e+006 23.9216
405447 7.55479e+006 23.9216
405447 7.55479e+006 23.9216
405447 7.55479e+006 23.873
405447 7.55479e+006 23.873
405447 7.55479e+006 23.873
405447 7.55479e+006 23.873
405447 7.55479e+006 23.873
405447 7.55479e+006 23.873
405447 7.55479e+006 23.873
405447 7.55479e+006 23.9216
405447 7.55479e+006 23.9216
405447 7.55479e+006 23.873
405447 7.55479e+006 23.873
405447 7.55479e+006 23.873
405447 7.55479e+006 23.9216
405447 7.55479e+006 23.9216
405447 7.55479e+006 23.9216
405447 7.55479e+006 23.9216
405447 7.55479e+006 23.9216
405447 7.55479e+006 23.9216
405447 7.55479e+006 23.9216
405447 7.55479e+006 23.873
405447 7.55479e+006 23.873
405447 7.55479e+006 23.9216
405447 7.55479e+006 23.9216
405447 7.55479e+006 23.9216
405447 7.55479e+006 23.873
405447 7.55479e+006 23.873
405447 7.55479e+006 23.873
405447 7.55479e+006 23.873
405447 7.55479e+006 23.873
405447 7.55479e+006 23.873
405447 7.55479e+006 23.873
405447 7.55479e+006 23.9216
405447 7.55479e+006 23.9216
405447 7.55479e+006 23.873
405447 7.55479e+006 23.873
405447 7.55479e+006 23.873
405447 7.55479e+006 23.9216
405447 7.55479e+006 23.9216
405447 7.55479e+006 23.9216
405447 7.55479e+006 23.9216
405447 7.55479e+006 23.9216
405447 7.55479e+006 23.9216
405447 7.55479e+006 23.9216
405447 7.55479e+006 23.873
405447 7.55479e+006 23.873
405447 7.55479e+006 23.9216
405447 7.55479e+006 23.9216
405447 7.55479e+006 23.9216
405447 7.55479e+006 23.873
405447 7.55479e+006 23.873
405447 7.55479e+006 23.873
405447 7.55479e+006 23.873
405447 7.55479e+006 23.873
405447 7.55479e+006 23.873
405447 7.55479e+006 23.873
405447 7.55479e+006 23.9216
405447 7.55479e+006 23.9216
405447 7.55479e+006 23.873
405447 7.55479e+006 23.873
405447 7.55479e+006 23.873
405447 7.55479e+006 23.9216
405447 7.55479e+006 23.9216
405447 7.55479e+006 23.9216
405447 7.55479e+006 23.9216
405447 7.55479e+006 23.9216
405447 7.55479e+006 23.9216
405447 7.55479e+006 23.9216
405447 7.55479e+006 23.873
405447 7.55479e+006 23.873
405447 7.55479e+006 23.9216
405447 7.55479e+006 23.9216
405447 7.55479e+006 23.9216
405447 7.55479e+006 23.873
405447 7.55479e+006 23.873
405447 7.55479e+006 23.873
405447 7.55479e+006 23.873
405447 7.55479e+006 23.873
405447 7.55479e+006 23.873
405447 7.55479e+006 23.873
405447 7.55479e+006 23.9216
405447 7.55479e+006 23.9216
405447 7.55479e+006 23.873
405447 7.55479e+006 23.873
405447 7.55479e+006 23.873
405447 7.55479e+006 23.9216
405447 7.55479e+006 23.9216
405447 7.55479e+006 23.9216
405447 7.55479e+006 23.9216
405447 7.55479e+006 23.9216
405447 7.55479e+006 23.9216
405447 7.55479e+006 23.9216
405447 7.55479e+006 23.873
405447 7.55479e+006 23.873
405447 7.55479e+006 23.9216
405447 7.55479e+006 23.9216
405447 7.55479e+006 23.9216
405447 7.55479e+006 23.873
405447 7.55479e+006 23.873
405447 7.55479e+006 23.873
405447 7.55479e+006 23.873
405447 7.55479e+006 23.873
405447 7.55479e+006 23.873
405447 7.55479e+006 23.873
405447 7.55479e+006 23.9216
405447 7.55479e+006 23.9216
405447 7.55479e+006 23.873
405447 7.55479e+006 23.873
405447 7.55479e+006 23.873
405447 7.55479e+006 23.9216
405447 7.55479e+006 23.9216
405447 7.55479e+006 23.9216
405447 7.55479e+006 23.9216
405447 7.55479e+006 23.9216
405447 7.55479e+006 23.9216
405447 7.55479e+006 23.9216
405447 7.55479e+006 23.873
405447 7.55479e+006 23.873
405447 7.55479e+006 23.9216
405447 7.55479e+006 23.9216
405447 7.55479e+006 23.9216
405447 7.55479e+006 23.873
405447 7.55479e+006 23.873
405447 7.55479e+006 23.873
405447 7.55479e+006 23.873
405447 7.55479e+006 23.873
405447 7.55479e+006 23.873
405447 7.55479e+006 23.873
405447 7.55479e+006 23.9216
405447 7.55479e+006 23.9216
405447 7.55479e+006 23.873
405447 7.55479e+006 23.873
405447 7.55479e+006 23.873
405447 7.55479e+006 23.9216
405448 7.55479e+006 23.9216
405447 7.55479e+006 23.9216
405447 7.55479e+006 23.9216
405447 7.55479e+006 23.9216
405448 7.55479e+006 23.9216
405448 7.55479e+006 23.9216
405448 7.55479e+006 23.873
405447 7.55479e+006 23.873
405447 7.55479e+006 23.9216
405447 7.55479e+006 23.9216
405448 7.55479e+006 23.9216
405448 7.55479e+006 23.873
405448 7.55479e+006 23.873
405447 7.55479e+006 23.873
405447 7.55479e+006 23.873
405447 7.55479e+006 23.873
405448 7.55479e+006 23.873
405448 7.55479e+006 23.873
405448 7.55479e+006 23.9216
405447 7.55479e+006 23.9216
405447 7.55479e+006 23.873
405447 7.55479e+006 23.873
405448 7.55479e+006 23.873
405448 7.55479e+006 23.9216
405448 7.55479e+006 23.9216
405448 7.55479e+006 23.9216
405448 7.55479e+006 23.9216
405448 7.55479e+006 23.9216
405448 7.55479e+006 23.9216
405448 7.55479e+006 23.9216
405448 7.55479e+006 23.873
405448 7.55479e+006 23.873
405448 7.55479e+006 23.9216
405448 7.55479e+006 23.9216
405448 7.55479e+006 23.9216
405448 7.55479e+006 23.873
405448 7.55479e+006 23.873
405448 7.55479e+006 23.873
405448 7.55479e+006 23.873
405448 7.55479e+006 23.873
405448 7.55479e+006 23.873
405448 7.55479e+006 23.873
405448 7.55479e+006 23.9216
405448 7.55479e+006 23.9216
405448 7.55479e+006 23.873
405448 7.55479e+006 23.873
405448 7.55479e+006 23.873
405448 7.55479e+006 23.9216
405448 7.55479e+006 23.9216
405448 7.55479e+006 23.9216
405448 7.55479e+006 23.9216
405448 7.55479e+006 23.9216
405448 7.55479e+006 23.9216
405448 7.55479e+006 23.9216
405448 7.55479e+006 23.873
405448 7.55479e+006 23.873
405448 7.55479e+006 23.9216
405448 7.55479e+006 23.9216
405448 7.55479e+006 23.9216
405448 7.55479e+006 23.873
405448 7.55479e+006 23.873
405448 7.55479e+006 23.873
405448 7.55479e+006 23.873
405448 7.55479e+006 23.873
405448 7.55479e+006 23.873
405448 7.55479e+006 23.873
405448 7.55479e+006 23.9216
405448 7.55479e+006 23.9216
405448 7.55479e+006 23.873
405448 7.55479e+006 23.873
405448 7.55479e+006 23.873
405448 7.55479e+006 23.9216
405448 7.55479e+006 23.9215
405448 7.55479e+006 23.8717
405448 7.55479e+006 23.8734
405448 7.55479e+006 23.8734
405448 7.55479e+006 23.9216
405448 7.55479e+006 23.9215
405448 7.55479e+006 23.8726
405448 7.55479e+006 23.8717
405448 7.55479e+006 23.9188
405448 7.55479e+006 23.9188
405448 7.55479e+006 23.9202
405448 7.55479e+006 23.8726
405447 7.55479e+006 23.9202
405447 7.55479e+006 23.9216
405447 7.55479e+006 23.9216
405447 7.55479e+006 23.9216
405447 7.55479e+006 23.9215
405447 7.55479e+006 23.9202
405447 7.55479e+006 23.9216
405447 7.55479e+006 23.873
405447 7.55479e+006 23.8742
405447 7.55479e+006 23.8742
405447 7.55479e+006 23.9215
405447 7.55479e+006 23.9216
405447 7.55479e+006 23.873
405447 7.55479e+006 23.873
405447 7.55479e+006 23.8729
405447 7.55479e+006 23.8729
405447 7.55479e+006 23.8742
405447 7.55479e+006 23.873
405447 7.55479e+006 23.8729
405447 7.55479e+006 23.873
405447 7.55479e+006 23.9216
405447 7.55479e+006 23.9216
405447 7.55479e+006 23.9202
405447 7.55479e+006 23.8729
405448 7.55479e+006 23.8717
405448 7.55479e+006 23.9215
405448 7.55479e+006 23.9188
405448 7.55479e+006 23.9188
405448 7.55479e+006 23.8717
405448 7.55479e+006 23.8717
405447 7.55479e+006 23.9188
405447 7.55479e+006 23.9215
405447 7.55479e+006 23.8725
405447 7.55479e+006 23.8725
405447 7.55479e+006 23.8725
405447 7.55479e+006 23.9188
405447 7.55479e+006 23.9215
405447 7.55479e+006 23.9215
405447 7.55479e+006 23.8742
405447 7.55479e+006 23.8742
405447 7.55479e+006 23.8725
405447 7.55479e+006 23.9215
405447 7.55479e+006 23.9188
405447 7.55479e+006 23.8725
405447 7.55479e+006 23.8729
405447 7.55479e+006 23.8729
405447 7.55479e+006 23.9202
405447 7.55479e+006 23.9188
405448 7.55479e+006 23.9216
405448 7.55479e+006 23.9202
405448 7.55479e+006 23.9188
405448 7.55479e+006 23.9188
405448 7.55479e+006 23.9215
405448 7.55479e+006 23.9216
405447 7.55479e+006 23.9202
405447 7.55479e+006 23.9215
405447 7.55479e+006 23.9215
405447 7.55479e+006 23.9215
405447 7.55479e+006 23.9188
405447 7.55479e+006 23.9202
405448 7.55479e+006 23.8734
405448 7.55479e+006 23.8717
405448 7.55479e+006 23.8717
405448 7.55479e+006 23.8717
405448 7.55479e+006 23.8726
405448 7.55479e+006 23.8734
405447 7.55479e+006 23.8725
405447 7.55479e+006 23.8725
405447 7.55479e+006 23.8742
405447 7.55479e+006 23.8742
405447 7.55479e+006 23.8729
405447 7.55479e+006 23.8725
405448 7.55479e+006 22.8294
405448 7.55479e+006 22.8308
405448 7.55479e+006 22.8308
405448 7.55479e+006 22.8308
405448 7.55479e+006 22.8308
405448 7.55479e+006 22.8294
405448 7.55479e+006 22.8308
405448 7.55479e+006 22.8308
405448 7.55479e+006 22.7826
405448 7.55479e+006 22.7826
405448 7.55479e+006 22.7822
405448 7.55479e+006 22.8308
405448 7.55479e+006 22.7822
405448 7.55479e+006 22.7826
405448 7.55479e+006 22.7818
405448 7.55479e+006 22.7818
405448 7.55479e+006 22.7822
405448 7.55479e+006 22.7822
405448 7.55479e+006 22.7818
405448 7.55479e+006 22.8294
405448 7.55479e+006 22.8308
405448 7.55479e+006 22.8308
405448 7.55479e+006 22.7822
405448 7.55479e+006 22.7818
405447 7.55479e+006 22.8308
405447 7.55479e+006 22.8308
405447 7.55479e+006 22.8308
405447 7.55479e+006 22.8308
405447 7.55479e+006 22.8308
405447 7.55479e+006 22.8308
405447 7.55479e+006 22.7822
405447 7.55479e+006 22.7822
405447 7.55479e+006 22.8308
405447 7.55479e+006 22.8308
405447 7.55479e+006 22.8308
405447 7.55479e+006 22.7822
405447 7.55479e+006 22.7822
405447 7.55479e+006 22.7822
405447 7.55479e+006 22.7822
405447 7.55479e+006 22.7822
405447 7.55479e+006 22.7822
405447 7.55479e+006 22.7822
405447 7.55479e+006 22.8308
405447 7.55479e+006 22.8308
405447 7.55479e+006 22.7822
405447 7.55479e+006 22.7822
405447 7.55479e+006 22.7822
405447 7.55479e+006 22.8308
405447 7.55479e+006 22.8308
405447 7.55479e+006 22.8308
405447 7.55479e+006 22.8308
405447 7.55479e+006 22.8308
405447 7.55479e+006 22.8308
405447 7.55479e+006 22.8308
405447 7.55479e+006 22.7822
405447 7.55479e+006 22.7822
405447 7.55479e+006 22.8308
405447 7.55479e+006 22.8308
405447 7.55479e+006 22.8308
405447 7.55479e+006 22.7822
405447 7.55479e+006 22.7822
405447 7.55479e+006 22.7822
405447 7.55479e+006 22.7822
405447 7.55479e+006 22.7822
405447 7.55479e+006 22.7822
405447 7.55479e+006 22.7822
405447 7.55479e+006 22.8308
405447 7.55479e+006 22.8308
405447 7.55479e+006 22.7822
405447 7.55479e+006 22.7822
405447 7.55479e+006 22.7822
405447 7.55479e+006 22.8308
405447 7.55479e+006 22.8308
405447 7.55479e+006 22.8308
405447 7.55479e+006 22.8308
405447 7.55479e+006 22.8308
405447 7.55479e+006 22.8308
405447 7.55479e+006 22.8308
405447 7.55479e+006 22.7822
405447 7.55479e+006 22.7822
405447 7.55479e+006 22.8308
405447 7.55479e+006 22.8308
405447 7.55479e+006 22.8308
405447 7.55479e+006 22.7822
405447 7.55479e+006 22.7822
405447 7.55479e+006 22.7822
405447 7.55479e+006 22.7822
405447 7.55479e+006 22.7822
405447 7.55479e+006 22.7822
405447 7.55479e+006 22.7822
405447 7.55479e+006 22.8308
405447 7.55479e+006 22.8308
405447 7.55479e+006 22.7822
405447 7.55479e+006 22.7822
405447 7.55479e+006 22.7822
405447 7.55479e+006 22.8308
405447 7.55479e+006 22.8308
405447 7.55479e+006 22.8308
405447 7.55479e+006 22.8308
405447 7.55479e+006 22.8308
405447 7.55479e+006 22.8308
405447 7.55479e+006 22.8308
405447 7.55479e+006 22.7822
405447 7.55479e+006 22.7822
405447 7.55479e+006 22.8308
405447 7.55479e+006 22.8308
405447 7.55479e+006 22.8308
405447 7.55479e+006 22.7822
405447 7.55479e+006 22.7822
405447 7.55479e+006 22.7822
405447 7.55479e+006 22.7822
405447 7.55479e+006 22.7822
405447 7.55479e+006 22.7822
405447 7.55479e+006 22.7822
405447 7.55479e+006 22.8308
405447 7.55479e+006 22.8308
405447 7.55479e+006 22.7822
405447 7.55479e+006 22.7822
405447 7.55479e+006 22.7822
405447 7.55479e+006 22.8308
405447 7.55479e+006 22.8308
405447 7.55479e+006 22.8308
405447 7.55479e+006 22.8308
405447 7.55479e+006 22.8308
405447 7.55479e+006 22.8308
405447 7.55479e+006 22.8308
405447 7.55479e+006 22.7822
405447 7.55479e+006 22.7822
405447 7.55479e+006 22.8308
405447 7.55479e+006 22.8308
405447 7.55479e+006 22.8308
405447 7.55479e+006 22.7822
405447 7.55479e+006 22.7822
405447 7.55479e+006 22.7822
405447 7.55479e+006 22.7822
405447 7.55479e+006 22.7822
405447 7.55479e+006 22.7822
405447 7.55479e+006 22.7822
405447 7.55479e+006 22.8308
405447 7.55479e+006 22.8308
405447 7.55479e+006 22.7822
405447 7.55479e+006 22.7822
405447 7.55479e+006 22.7822
405447 7.55479e+006 22.8308
405447 7.55479e+006 22.8308
405447 7.55479e+006 22.8308
405447 7.55479e+006 22.8308
405447 7.55479e+006 22.8308
405447 7.55479e+006 22.8308
405447 7.55479e+006 22.8308
405447 7.55479e+006 22.7822
405447 7.55479e+006 22.7822
405447 7.55479e+006 22.8308
405447 7.55479e+006 22.8308
405447 7.55479e+006 22.8308
405447 7.55479e+006 22.7822
405447 7.55479e+006 22.7822
405447 7.55479e+006 22.7822
405447 7.55479e+006 22.7822
405447 7.55479e+006 22.7822
405447 7.55479e+006 22.7822
405447 7.55479e+006 22.7822
405447 7.55479e+006 22.8308
405447 7.55479e+006 22.8308
405447 7.55479e+006 22.7822
405447 7.55479e+006 22.7822
405447 7.55479e+006 22.7822
405447 7.55479e+006 22.8308
405447 7.55479e+006 22.8308
405447 7.55479e+006 22.8308
405447 7.55479e+006 22.8308
405447 7.55479e+006 22.8308
405447 7.55479e+006 22.8308
405447 7.55479e+006 22.8308
405447 7.55479e+006 22.7822
405447 7.55479e+006 22.7822
405447 7.55479e+006 22.8308
405447 7.55479e+006 22.8308
405447 7.55479e+006 22.8308
405447 7.55479e+006 22.7822
405447 7.55479e+006 22.7822
405447 7.55479e+006 22.7822
405447 7.55479e+006 22.7822
405447 7.55479e+006 22.7822
405447 7.55479e+006 22.7822
405447 7.55479e+006 22.7822
405447 7.55479e+006 22.8308
405447 7.55479e+006 22.8308
405447 7.55479e+006 22.7822
405447 7.55479e+006 22.7822
405447 7.55479e+006 22.7822
405447 7.55479e+006 22.8308
405448 7.55479e+006 22.8308
405447 7.55479e+006 22.8308
405447 7.55479e+006 22.8308
405447 7.55479e+006 22.8308
405448 7.55479e+006 22.8308
405448 7.55479e+006 22.8308
405448 7.55479e+006 22.7822
405447 7.55479e+006 22.7822
405447 7.55479e+006 22.8308
405447 7.55479e+006 22.8308
405448 7.55479e+006 22.8308
405448 7.55479e+006 22.7822
405448 7.55479e+006 22.7822
405447 7.55479e+006 22.7822
405447 7.55479e+006 22.7822
405447 7.55479e+006 22.7822
405448 7.55479e+006 22.7822
405448 7.55479e+006 22.7822
405448 7.55479e+006 22.8308
405447 7.55479e+006 22.8308
405447 7.55479e+006 22.7822
405447 7.55479e+006 22.7822
405448 7.55479e+006 22.7822
405448 7.55479e+006 22.8308
405448 7.55479e+006 22.8308
405448 7.55479e+006 22.8308
405448 7.55479e+006 22.8308
405448 7.55479e+006 22.8308
405448 7.55479e+006 22.8308
405448 7.55479e+006 22.8308
405448 7.55479e+006 22.7822
405448 7.55479e+006 22.7822
405448 7.55479e+006 22.8308
405448 7.55479e+006 22.8308
405448 7.55479e+006 22.8308
405448 7.55479e+006 22.7822
405448 7.55479e+006 22.7822
405448 7.55479e+006 22.7822
405448 7.55479e+006 22.7822
405448 7.55479e+006 22.7822
405448 7.55479e+006 22.7822
405448 7.55479e+006 22.7822
405448 7.55479e+006 22.8308
405448 7.55479e+006 22.8308
405448 7.55479e+006 22.7822
405448 7.55479e+006 22.7822
405448 7.55479e+006 22.7822
405448 7.55479e+006 22.8308
405448 7.55479e+006 22.8308
405448 7.55479e+006 22.8308
405448 7.55479e+006 22.8308
405448 7.55479e+006 22.8308
405448 7.55479e+006 22.8308
405448 7.55479e+006 22.8308
405448 7.55479e+006 22.7822
405448 7.55479e+006 22.7822
405448 7.55479e+006 22.8308
405448 7.55479e+006 22.8308
405448 7.55479e+006 22.8308
405448 7.55479e+006 22.7822
405448 7.55479e+006 22.7822
405448 7.55479e+006 22.7822
405448 7.55479e+006 22.7822
405448 7.55479e+006 22.7822
405448 7.55479e+006 22.7822
405448 7.55479e+006 22.7822
405448 7.55479e+006 22.8308
405448 7.55479e+006 22.8308
405448 7.55479e+006 22.7822
405448 7.55479e+006 22.7822
405448 7.55479e+006 22.7822
405448 7.55479e+006 22.8308
405448 7.55479e+006 22.8308
405448 7.55479e+006 22.781
405448 7.55479e+006 22.7826
405448 7.55479e+006 22.7826
405448 7.55479e+006 22.8308
405448 7.55479e+006 22.8308
405448 7.55479e+006 22.7818
405448 7.55479e+006 22.781
405448 7.55479e+006 22.828
405448 7.55479e+006 22.828
405448 7.55479e+006 22.8294
405448 7.55479e+006 22.7818
405447 7.55479e+006 22.8294
405447 7.55479e+006 22.8308
405447 7.55479e+006 22.8308
405447 7.55479e+006 22.8308
405447 7.55479e+006 22.8308
405447 7.55479e+006 22.8294
405447 7.55479e+006 22.8308
405447 7.55479e+006 22.7822
405447 7.55479e+006 22.7834
405447 7.55479e+006 22.7834
405447 7.55479e+006 22.8308
405447 7.55479e+006 22.8308
405447 7.55479e+006 22.7822
405447 7.55479e+006 22.7822
405447 7.55479e+006 22.7821
405447 7.55479e+006 22.7821
405447 7.55479e+006 22.7834
405447 7.55479e+006 22.7822
405447 7.55479e+006 22.7821
405447 7.55479e+006 22.7822
405447 7.55479e+006 22.8308
405447 7.55479e+006 22.8308
405447 7.55479e+006 22.8294
405447 7.55479e+006 22.7821
405448 7.55479e+006 22.781
405448 7.55479e+006 22.8308
405448 7.55479e+006 22.828
405448 7.55479e+006 22.828
405448 7.55479e+006 22.781
405448 7.55479e+006 22.781
405447 7.55479e+006 22.8281
405447 7.55479e+006 22.8308
405447 7.55479e+006 22.7818
405447 7.55479e+006 22.7818
405447 7.55479e+006 22.7818
405447 7.55479e+006 22.8281
405447 7.55479e+006 22.8308
405447 7.55479e+006 22.8308
405447 7.55479e+006 22.7834
405447 7.55479e+006 22.7834
405447 7.55479e+006 22.7818
405447 7.55479e+006 22.8308
405447 7.55479e+006 22.8281
405447 7.55479e+006 22.7818
405447 7.55479e+006 22.7821
405447 7.55479e+006 22.7821
405447 7.55479e+006 22.8294
405447 7.55479e+006 22.8281
405448 7.55479e+006 22.8308
405448 7.55479e+006 22.8294
405448 7.55479e+006 22.828
405448 7.55479e+006 22.828
405448 7.55479e+006 22.8308
405448 7.55479e+006 22.8308
405447 7.55479e+006 22.8294
405447 7.55479e+006 22.8308
405447 7.55479e+006 22.8308
405447 7.55479e+006 22.8308
405447 7.55479e+006 22.8281
405447 7.55479e+006 22.8294
405448 7.55479e+006 22.7826
405448 7.55479e+006 22.781
405448 7.55479e+006 22.781
405448 7.55479e+006 22.781
405448 7.55479e+006 22.7818
405448 7.55479e+006 22.7826
405447 7.55479e+006 22.7818
405447 7.55479e+006 22.7818
405447 7.55479e+006 22.7834
405447 7.55479e+006 22.7834
405447 7.55479e+006 22.7821
405447 7.55479e+006 22.7818
405448 7.55479e+006 21.7386
405448 7.55479e+006 21.74
405448 7.55479e+006 21.74
405448 7.55479e+006 21.74
405448 7.55479e+006 21.74
405448 7.55479e+006 21.7386
405448 7.55479e+006 21.74
405448 7.55479e+006 21.74
405448 7.55479e+006 21.6918
405448 7.55479e+006 21.6918
405448 7.55479e+006 21.6914
405448 7.55479e+006 21.74
405448 7.55479e+006 21.6914
405448 7.55479e+006 21.6918
405448 7.55479e+006 21.691
405448 7.55479e+006 21.691
405448 7.55479e+006 21.6914
405448 7.55479e+006 21.6914
405448 7.55479e+006 21.691
405448 7.55479e+006 21.7386
405448 7.55479e+006 21.74
405448 7.55479e+006 21.74
405448 7.55479e+006 21.6914
405448 7.55479e+006 21.691
405447 7.55479e+006 21.74
405447 7.55479e+006 21.74
405447 7.55479e+006 21.74
405447 7.55479e+006 21.74
405447 7.55479e+006 21.74
405447 7.55479e+006 21.74
405447 7.55479e+006 21.6914
405447 7.55479e+006 21.6914
405447 7.55479e+006 21.74
405447 7.55479e+006 21.74
405447 7.55479e+006 21.74
405447 7.55479e+006 21.6914
405447 7.55479e+006 21.6914
405447 7.55479e+006 21.6914
405447 7.55479e+006 21.6914
405447 7.55479e+006 21.6914
405447 7.55479e+006 21.6914
405447 7.55479e+006 21.6914
405447 7.55479e+006 21.74
405447 7.55479e+006 21.74
405447 7.55479e+006 21.6914
405447 7.55479e+006 21.6914
405447 7.55479e+006 21.6914
405447 7.55479e+006 21.74
405447 7.55479e+006 21.74
405447 7.55479e+006 21.74
405447 7.55479e+006 21.74
405447 7.55479e+006 21.74
405447 7.55479e+006 21.74
405447 7.55479e+006 21.74
405447 7.55479e+006 21.6914
405447 7.55479e+006 21.6914
405447 7.55479e+006 21.74
405447 7.55479e+006 21.74
405447 7.55479e+006 21.74
405447 7.55479e+006 21.6914
405447 7.55479e+006 21.6914
405447 7.55479e+006 21.6914
405447 7.55479e+006 21.6914
405447 7.55479e+006 21.6914
405447 7.55479e+006 21.6914
405447 7.55479e+006 21.6914
405447 7.55479e+006 21.74
405447 7.55479e+006 21.74
405447 7.55479e+006 21.6914
405447 7.55479e+006 21.6914
405447 7.55479e+006 21.6914
405447 7.55479e+006 21.74
405447 7.55479e+006 21.74
405447 7.55479e+006 21.74
405447 7.55479e+006 21.74
405447 7.55479e+006 21.74
405447 7.55479e+006 21.74
405447 7.55479e+006 21.74
405447 7.55479e+006 21.6914
405447 7.55479e+006 21.6914
405447 7.55479e+006 21.74
405447 7.55479e+006 21.74
405447 7.55479e+006 21.74
405447 7.55479e+006 21.6914
405447 7.55479e+006 21.6914
405447 7.55479e+006 21.6914
405447 7.55479e+006 21.6914
405447 7.55479e+006 21.6914
405447 7.55479e+006 21.6914
405447 7.55479e+006 21.6914
405447 7.55479e+006 21.74
405447 7.55479e+006 21.74
405447 7.55479e+006 21.6914
405447 7.55479e+006 21.6914
405447 7.55479e+006 21.6914
405447 7.55479e+006 21.74
405447 7.55479e+006 21.74
405447 7.55479e+006 21.74
405447 7.55479e+006 21.74
405447 7.55479e+006 21.74
405447 7.55479e+006 21.74
405447 7.55479e+006 21.74
405447 7.55479e+006 21.6914
405447 7.55479e+006 21.6914
405447 7.55479e+006 21.74
405447 7.55479e+006 21.74
405447 7.55479e+006 21.74
405447 7.55479e+006 21.6914
405447 7.55479e+006 21.6914
405447 7.55479e+006 21.6914
405447 7.55479e+006 21.6914
405447 7.55479e+006 21.6914
405447 7.55479e+006 21.6914
405447 7.55479e+006 21.6914
405447 7.55479e+006 21.74
405447 7.55479e+006 21.74
405447 7.55479e+006 21.6914
405447 7.55479e+006 21.6914
405447 7.55479e+006 21.6914
405447 7.55479e+006 21.74
405447 7.55479e+006 21.74
405447 7.55479e+006 21.74
405447 7.55479e+006 21.74
405447 7.55479e+006 21.74
405447 7.55479e+006 21.74
405447 7.55479e+006 21.74
405447 7.55479e+006 21.6914
405447 7.55479e+006 21.6914
405447 7.55479e+006 21.74
405447 7.55479e+006 21.74
405447 7.55479e+006 21.74
405447 7.55479e+006 21.6914
405447 7.55479e+006 21.6914
405447 7.55479e+006 21.6914
405447 7.55479e+006 21.6914
405447 7.55479e+006 21.6914
405447 7.55479e+006 21.6914
405447 7.55479e+006 21.6914
405447 7.55479e+006 21.74
405447 7.55479e+006 21.74
405447 7.55479e+006 21.6914
405447 7.55479e+006 21.6914
405447 7.55479e+006 21.6914
405447 7.55479e+006 21.74
405447 7.55479e+006 21.74
405447 7.55479e+006 21.74
405447 7.55479e+006 21.74
405447 7.55479e+006 21.74
405447 7.55479e+006 21.74
405447 7.55479e+006 21.74
405447 7.55479e+006 21.6914
405447 7.55479e+006 21.6914
405447 7.55479e+006 21.74
405447 7.55479e+006 21.74
405447 7.55479e+006 21.74
405447 7.55479e+006 21.6914
405447 7.55479e+006 21.6914
405447 7.55479e+006 21.6914
405447 7.55479e+006 21.6914
405447 7.55479e+006 21.6914
405447 7.55479e+006 21.6914
405447 7.55479e+006 21.6914
405447 7.55479e+006 21.74
405447 7.55479e+006 21.74
405447 7.55479e+006 21.6914
405447 7.55479e+006 21.6914
405447 7.55479e+006 21.6914
405447 7.55479e+006 21.74
405447 7.55479e+006 21.74
405447 7.55479e+006 21.74
405447 7.55479e+006 21.74
405447 7.55479e+006 21.74
405447 7.55479e+006 21.74
405447 7.55479e+006 21.74
405447 7.55479e+006 21.6914
405447 7.55479e+006 21.6914
405447 7.55479e+006 21.74
405447 7.55479e+006 21.74
405447 7.55479e+006 21.74
405447 7.55479e+006 21.6914
405447 7.55479e+006 21.6914
405447 7.55479e+006 21.6914
405447 7.55479e+006 21.6914
405447 7.55479e+006 21.6914
405447 7.55479e+006 21.6914
405447 7.55479e+006 21.6914
405447 7.55479e+006 21.74
405447 7.55479e+006 21.74
405447 7.55479e+006 21.6914
405447 7.55479e+006 21.6914
405447 7.55479e+006 21.6914
405447 7.55479e+006 21.74
405448 7.55479e+006 21.74
405447 7.55479e+006 21.74
405447 7.55479e+006 21.74
405447 7.55479e+006 21.74
405448 7.55479e+006 21.74
405448 7.55479e+006 21.74
405448 7.55479e+006 21.6914
405447 7.55479e+006 21.6914
405447 7.55479e+006 21.74
405447 7.55479e+006 21.74
405448 7.55479e+006 21.74
405448 7.55479e+006 21.6914
405448 7.55479e+006 21.6914
405447 7.55479e+006 21.6914
405447 7.55479e+006 21.6914
405447 7.55479e+006 21.6914
405448 7.55479e+006 21.6914
405448 7.55479e+006 21.6914
405448 7.55479e+006 21.74
405447 7.55479e+006 21.74
405447 7.55479e+006 21.6914
405447 7.55479e+006 21.6914
405448 7.55479e+006 21.6914
405448 7.55479e+006 21.74
405448 7.55479e+006 21.74
405448 7.55479e+006 21.74
405448 7.55479e+006 21.74
405448 7.55479e+006 21.74
405448 7.55479e+006 21.74
405448 7.55479e+006 21.74
405448 7.55479e+006 21.6914
405448 7.55479e+006 21.6914
405448 7.55479e+006 21.74
405448 7.55479e+006 21.74
405448 7.55479e+006 21.74
405448 7.55479e+006 21.6914
405448 7.55479e+006 21.6914
405448 7.55479e+006 21.6914
405448 7.55479e+006 21.6914
405448 7.55479e+006 21.6914
405448 7.55479e+006 21.6914
405448 7.55479e+006 21.6914
405448 7.55479e+006 21.74
405448 7.55479e+006 21.74
405448 7.55479e+006 21.6914
405448 7.55479e+006 21.6914
405448 7.55479e+006 21.6914
405448 7.55479e+006 21.74
405448 7.55479e+006 21.74
405448 7.55479e+006 21.74
405448 7.55479e+006 21.74
405448 7.55479e+006 21.74
405448 7.55479e+006 21.74
405448 7.55479e+006 21.74
405448 7.55479e+006 21.6914
405448 7.55479e+006 21.6914
405448 7.55479e+006 21.74
405448 7.55479e+006 21.74
405448 7.55479e+006 21.74
405448 7.55479e+006 21.6914
405448 7.55479e+006 21.6914
405448 7.55479e+006 21.6914
405448 7.55479e+006 21.6914
405448 7.55479e+006 21.6914
405448 7.55479e+006 21.6914
405448 7.55479e+006 21.6914
405448 7.55479e+006 21.74
405448 7.55479e+006 21.74
405448 7.55479e+006 21.6914
405448 7.55479e+006 21.6914
405448 7.55479e+006 21.6914
405448 7.55479e+006 21.74
405448 7.55479e+006 21.74
405448 7.55479e+006 21.6902
405448 7.55479e+006 21.6918
405448 7.55479e+006 21.6918
405448 7.55479e+006 21.74
405448 7.55479e+006 21.74
405448 7.55479e+006 21.691
405448 7.55479e+006 21.6902
405448 7.55479e+006 21.7373
405448 7.55479e+006 21.7373
405448 7.55479e+006 21.7386
405448 7.55479e+006 21.691
405447 7.55479e+006 21.7386
405447 7.55479e+006 21.74
405447 7.55479e+006 21.74
405447 7.55479e+006 21.74
405447 7.55479e+006 21.74
405447 7.55479e+006 21.7386
405447 7.55479e+006 21.74
405447 7.55479e+006 21.6914
405447 7.55479e+006 21.6927
405447 7.55479e+006 21.6927
405447 7.55479e+006 21.74
405447 7.55479e+006 21.74
405447 7.55479e+006 21.6914
405447 7.55479e+006 21.6914
405447 7.55479e+006 21.6913
405447 7.55479e+006 21.6913
405447 7.55479e+006 21.6927
405447 7.55479e+006 21.6914
405447 7.55479e+006 21.6913
405447 7.55479e+006 21.6914
405447 7.55479e+006 21.74
405447 7.55479e+006 21.74
405447 7.55479e+006 21.7386
405447 7.55479e+006 21.6913
405448 7.55479e+006 21.6902
405448 7.55479e+006 21.74
405448 7.55479e+006 21.7373
405448 7.55479e+006 21.7373
405448 7.55479e+006 21.6902
405448 7.55479e+006 21.6902
405447 7.55479e+006 21.7373
405447 7.55479e+006 21.74
405447 7.55479e+006 21.691
405447 7.55479e+006 21.691
405447 7.55479e+006 21.691
405447 7.55479e+006 21.7373
405447 7.55479e+006 21.74
405447 7.55479e+006 21.74
405447 7.55479e+006 21.6927
405447 7.55479e+006 21.6927
405447 7.55479e+006 21.691
405447 7.55479e+006 21.74
405447 7.55479e+006 21.7373
405447 7.55479e+006 21.691
405447 7.55479e+006 21.6913
405447 7.55479e+006 21.6913
405447 7.55479e+006 21.7386
405447 7.55479e+006 21.7373
405448 7.55479e+006 21.74
405448 7.55479e+006 21.7386
405448 7.55479e+006 21.7373
405448 7.55479e+006 21.7373
405448 7.55479e+006 21.74
405448 7.55479e+006 21.74
405447 7.55479e+006 21.7386
405447 7.55479e+006 21.74
405447 7.55479e+006 21.74
405447 7.55479e+006 21.74
405447 7.55479e+006 21.7373
405447 7.55479e+006 21.7386
405448 7.55479e+006 21.6918
405448 7.55479e+006 21.6902
405448 7.55479e+006 21.6902
405448 7.55479e+006 21.6902
405448 7.55479e+006 21.691
405448 7.55479e+006 21.6918
405447 7.55479e+006 21.691
405447 7.55479e+006 21.691
405447 7.55479e+006 21.6927
405447 7.55479e+006 21.6927
405447 7.55479e+006 21.6913
405447 7.55479e+006 21.691
