405401 7.5548e+006 25.1127
405401 7.5548e+006 25.0127
405401 7.5548e+006 25.0126
405401 7.5548e+006 25.0126
405401 7.5548e+006 25.1126
405401 7.5548e+006 25.1127
405401 7.5548e+006 25.1127
405403 7.5548e+006 25.115
405403 7.5548e+006 25.015
405403 7.5548e+006 25.015
405401 7.5548e+006 25.0127
405401 7.5548e+006 25.1127
405401 7.5548e+006 25.1126
405403 7.5548e+006 25.1149
405403 7.5548e+006 25.115
405403 7.5548e+006 25.115
405401 7.5548e+006 25.1127
405401 7.5548e+006 25.1126
405403 7.5548e+006 25.0149
405404 7.5548e+006 25.0163
405404 7.5548e+006 25.1163
405404 7.5548e+006 25.1163
405403 7.5548e+006 25.1149
405403 7.5548e+006 25.0149
405403 7.5548e+006 25.115
405403 7.5548e+006 25.1149
405404 7.5548e+006 25.1163
405404 7.5548e+006 25.1163
405405 7.5548e+006 25.1165
405403 7.5548e+006 25.115
405403 7.5548e+006 25.015
405405 7.5548e+006 25.0165
405404 7.5548e+006 25.0163
405404 7.5548e+006 25.0163
405403 7.5548e+006 25.0149
405403 7.5548e+006 25.015
405405 7.5548e+006 25.1165
405405 7.5548e+006 25.0165
405403 7.5548e+006 25.015
405403 7.5548e+006 25.015
405403 7.5548e+006 25.115
405405 7.5548e+006 25.1165
405404 7.5548e+006 25.1163
405404 7.5548e+006 25.0163
405405 7.5548e+006 25.0165
405405 7.5548e+006 25.0165
405405 7.5548e+006 25.1165
405404 7.5548e+006 25.1163
405401 7.5548e+006 25.1126
405401 7.5548e+006 25.0126
405403 7.5548e+006 25.0149
405403 7.5548e+006 25.0149
405403 7.5548e+006 25.1149
405401 7.5548e+006 25.1126
405401 7.5548e+006 25.0126
405401 7.5548e+006 25.0127
405403 7.5548e+006 25.015
405403 7.5548e+006 25.015
405403 7.5548e+006 25.0149
405401 7.5548e+006 25.0126
