405452 7.55484e+006 10.146
405451 7.55484e+006 10.146
405452 7.55484e+006 10.258
405452 7.55484e+006 10.258
405452 7.55484e+006 10.258
405452 7.55484e+006 10.146
405452 7.55484e+006 10.258
405452 7.55484e+006 10.258
405452 7.55484e+006 10.3311
405452 7.55484e+006 10.3311
405452 7.55484e+006 10.3311
405452 7.55484e+006 10.258
405452 7.55484e+006 10.3311
405452 7.55484e+006 10.3311
405452 7.55484e+006 10.3373
405452 7.55484e+006 10.3373
405452 7.55484e+006 10.3373
405452 7.55484e+006 10.3311
405452 7.55484e+006 10.3373
405452 7.55484e+006 10.3373
405452 7.55484e+006 10.2743
405452 7.55484e+006 10.2743
405452 7.55484e+006 10.2743
405452 7.55484e+006 10.3373
405452 7.55484e+006 10.2743
405452 7.55484e+006 10.2743
405452 7.55484e+006 10.1661
405452 7.55484e+006 10.1661
405452 7.55484e+006 10.1661
405452 7.55484e+006 10.2743
405452 7.55484e+006 10.1661
405452 7.55484e+006 10.1661
405452 7.55484e+006 10.054
405452 7.55484e+006 10.054
405452 7.55484e+006 10.054
405452 7.55484e+006 10.1661
405452 7.55484e+006 10.054
405452 7.55484e+006 10.054
405452 7.55484e+006 9.98096
405452 7.55484e+006 9.98096
405452 7.55484e+006 9.98096
405452 7.55484e+006 10.054
405452 7.55484e+006 9.98096
405452 7.55484e+006 9.98096
405452 7.55484e+006 9.97475
405452 7.55484e+006 9.97475
405452 7.55484e+006 9.97475
405452 7.55484e+006 9.98096
405452 7.55484e+006 9.97475
405452 7.55484e+006 9.97475
405452 7.55484e+006 10.0378
405452 7.55484e+006 10.0378
405452 7.55484e+006 10.0378
405452 7.55484e+006 9.97475
405452 7.55484e+006 10.0378
405452 7.55484e+006 10.0378
405451 7.55484e+006 10.146
405451 7.55484e+006 10.146
405452 7.55484e+006 10.146
405452 7.55484e+006 10.0378
405452 7.55484e+006 10.146
405452 7.55484e+006 10.258
405452 7.55484e+006 10.3311
405452 7.55484e+006 10.3311
405452 7.55484e+006 10.3373
405452 7.55484e+006 10.2743
405452 7.55484e+006 10.146
405452 7.55484e+006 10.3311
405452 7.55484e+006 10.2743
405452 7.55484e+006 10.2743
405452 7.55484e+006 10.1661
405452 7.55484e+006 10.054
405452 7.55484e+006 10.146
405452 7.55484e+006 10.2743
405452 7.55484e+006 10.054
405452 7.55484e+006 10.054
405452 7.55484e+006 9.98096
405452 7.55484e+006 9.97475
405452 7.55484e+006 10.146
405452 7.55484e+006 10.054
405452 7.55484e+006 9.97475
405452 7.55484e+006 10.0378
405452 7.55484e+006 10.146
405452 7.55484e+006 9.97475
405452 7.55484e+006 10.0378
405452 7.55484e+006 9.97475
405452 7.55484e+006 9.98096
405452 7.55484e+006 9.98096
405452 7.55484e+006 10.054
405452 7.55484e+006 10.1661
405452 7.55484e+006 10.0378
405452 7.55484e+006 9.98096
405452 7.55484e+006 10.1661
405452 7.55484e+006 10.1661
405452 7.55484e+006 10.2743
405452 7.55484e+006 10.3373
405452 7.55484e+006 10.0378
405452 7.55484e+006 10.1661
405452 7.55484e+006 10.3373
405452 7.55484e+006 10.3373
405452 7.55484e+006 10.3311
405452 7.55484e+006 10.258
405452 7.55484e+006 10.0378
405452 7.55484e+006 10.3373
405452 7.55484e+006 10.258
405451 7.55484e+006 10.146
405452 7.55484e+006 10.0378
405452 7.55484e+006 10.258
405452 7.55484e+006 8.4035
405452 7.55484e+006 8.21223
405452 7.55484e+006 8.19513
405452 7.55484e+006 8.19513
405452 7.55484e+006 8.38639
405452 7.55484e+006 8.4035
405452 7.55484e+006 8.38639
405452 7.55484e+006 8.19513
405452 7.55484e+006 8.18456
405452 7.55484e+006 8.18456
405452 7.55484e+006 8.37583
405452 7.55484e+006 8.38639
405452 7.55484e+006 8.37583
405452 7.55484e+006 8.18456
405453 7.55484e+006 8.18456
405453 7.55484e+006 8.18456
405453 7.55484e+006 8.37583
405452 7.55484e+006 8.37583
405453 7.55484e+006 8.37583
405453 7.55484e+006 8.18456
405453 7.55484e+006 8.19513
405453 7.55484e+006 8.19513
405453 7.55484e+006 8.38639
405453 7.55484e+006 8.37583
405453 7.55484e+006 8.38639
405453 7.55484e+006 8.19513
405453 7.55484e+006 8.21223
405453 7.55484e+006 8.21223
405453 7.55484e+006 8.4035
405453 7.55484e+006 8.38639
405453 7.55484e+006 8.4035
405453 7.55484e+006 8.21223
405453 7.55484e+006 8.22933
405453 7.55484e+006 8.22933
405453 7.55484e+006 8.4206
405453 7.55484e+006 8.4035
405453 7.55484e+006 8.4206
405453 7.55484e+006 8.22933
405453 7.55484e+006 8.2399
405453 7.55484e+006 8.2399
405453 7.55484e+006 8.43116
405453 7.55484e+006 8.4206
405453 7.55484e+006 8.43116
405453 7.55484e+006 8.2399
405453 7.55484e+006 8.2399
405453 7.55484e+006 8.2399
405453 7.55484e+006 8.43116
405453 7.55484e+006 8.43116
405453 7.55484e+006 8.43116
405453 7.55484e+006 8.2399
405452 7.55484e+006 8.22933
405452 7.55484e+006 8.22933
405452 7.55484e+006 8.4206
405453 7.55484e+006 8.43116
405452 7.55484e+006 8.4206
405452 7.55484e+006 8.22933
405452 7.55484e+006 8.21223
405452 7.55484e+006 8.21223
405452 7.55484e+006 8.4035
405452 7.55484e+006 8.4206
405452 7.55484e+006 8.4035
405452 7.55484e+006 8.38639
405452 7.55484e+006 8.37583
405452 7.55484e+006 8.37583
405453 7.55484e+006 8.37583
405453 7.55484e+006 8.38639
405452 7.55484e+006 8.4035
405452 7.55484e+006 8.37583
405453 7.55484e+006 8.38639
405453 7.55484e+006 8.38639
405453 7.55484e+006 8.4035
405453 7.55484e+006 8.4206
405452 7.55484e+006 8.4035
405453 7.55484e+006 8.38639
405453 7.55484e+006 8.4206
405453 7.55484e+006 8.4206
405453 7.55484e+006 8.43116
405453 7.55484e+006 8.43116
405452 7.55484e+006 8.4035
405453 7.55484e+006 8.4206
405453 7.55484e+006 8.43116
405452 7.55484e+006 8.4206
405452 7.55484e+006 8.4035
405453 7.55484e+006 8.43116
405452 7.55484e+006 8.22933
405453 7.55484e+006 8.2399
405453 7.55484e+006 8.2399
405453 7.55484e+006 8.2399
405453 7.55484e+006 8.22933
405453 7.55484e+006 8.21223
405452 7.55484e+006 8.22933
405453 7.55484e+006 8.2399
405453 7.55484e+006 8.21223
405453 7.55484e+006 8.21223
405453 7.55484e+006 8.19513
405453 7.55484e+006 8.18456
405452 7.55484e+006 8.22933
405453 7.55484e+006 8.21223
405453 7.55484e+006 8.18456
405453 7.55484e+006 8.18456
405452 7.55484e+006 8.18456
405452 7.55484e+006 8.19513
405452 7.55484e+006 8.22933
405453 7.55484e+006 8.18456
405452 7.55484e+006 8.19513
405452 7.55484e+006 8.21223
405452 7.55484e+006 8.22933
405452 7.55484e+006 8.19513
405450 7.55484e+006 10.1607
405450 7.55484e+006 10.1607
405450 7.55484e+006 10.2727
405450 7.55484e+006 10.2727
405450 7.55484e+006 10.2727
405450 7.55484e+006 10.1607
405450 7.55484e+006 10.2727
405450 7.55484e+006 10.2727
405450 7.55484e+006 10.3458
405450 7.55484e+006 10.3458
405450 7.55484e+006 10.3458
405450 7.55484e+006 10.2727
405450 7.55484e+006 10.3458
405450 7.55484e+006 10.3458
405450 7.55484e+006 10.352
405450 7.55484e+006 10.352
405450 7.55484e+006 10.352
405450 7.55484e+006 10.3458
405450 7.55484e+006 10.352
405450 7.55484e+006 10.352
405451 7.55484e+006 10.2889
405451 7.55484e+006 10.2889
405451 7.55484e+006 10.2889
405450 7.55484e+006 10.352
405451 7.55484e+006 10.2889
405451 7.55484e+006 10.2889
405451 7.55484e+006 10.1807
405451 7.55484e+006 10.1807
405451 7.55484e+006 10.1807
405451 7.55484e+006 10.2889
405451 7.55484e+006 10.1807
405451 7.55484e+006 10.1807
405451 7.55484e+006 10.0687
405451 7.55484e+006 10.0687
405451 7.55484e+006 10.0687
405451 7.55484e+006 10.1807
405451 7.55484e+006 10.0687
405451 7.55484e+006 10.0687
405450 7.55484e+006 9.99564
405450 7.55484e+006 9.99564
405451 7.55484e+006 9.99564
405451 7.55484e+006 10.0687
405451 7.55484e+006 9.99564
405450 7.55484e+006 9.99564
405450 7.55484e+006 9.98943
405450 7.55484e+006 9.98943
405450 7.55484e+006 9.98943
405451 7.55484e+006 9.99564
405450 7.55484e+006 9.98943
405450 7.55484e+006 9.98943
405450 7.55484e+006 10.0525
405450 7.55484e+006 10.0525
405450 7.55484e+006 10.0525
405450 7.55484e+006 9.98943
405450 7.55484e+006 10.0525
405450 7.55484e+006 10.0525
405450 7.55484e+006 10.1607
405450 7.55484e+006 10.1607
405450 7.55484e+006 10.1607
405450 7.55484e+006 10.0525
405450 7.55484e+006 10.1607
405450 7.55484e+006 10.2727
405450 7.55484e+006 10.3458
405450 7.55484e+006 10.3458
405450 7.55484e+006 10.352
405451 7.55484e+006 10.2889
405450 7.55484e+006 10.1607
405450 7.55484e+006 10.3458
405451 7.55484e+006 10.2889
405451 7.55484e+006 10.2889
405451 7.55484e+006 10.1807
405451 7.55484e+006 10.0687
405450 7.55484e+006 10.1607
405451 7.55484e+006 10.2889
405451 7.55484e+006 10.0687
405451 7.55484e+006 10.0687
405451 7.55484e+006 9.99564
405450 7.55484e+006 9.98943
405450 7.55484e+006 10.1607
405451 7.55484e+006 10.0687
405450 7.55484e+006 9.98943
405450 7.55484e+006 10.0525
405450 7.55484e+006 10.1607
405450 7.55484e+006 9.98943
405450 7.55484e+006 10.0525
405450 7.55484e+006 9.98943
405450 7.55484e+006 9.99564
405450 7.55484e+006 9.99564
405451 7.55484e+006 10.0687
405451 7.55484e+006 10.1807
405450 7.55484e+006 10.0525
405450 7.55484e+006 9.99564
405451 7.55484e+006 10.1807
405451 7.55484e+006 10.1807
405451 7.55484e+006 10.2889
405450 7.55484e+006 10.352
405450 7.55484e+006 10.0525
405451 7.55484e+006 10.1807
405450 7.55484e+006 10.352
405450 7.55484e+006 10.352
405450 7.55484e+006 10.3458
405450 7.55484e+006 10.2727
405450 7.55484e+006 10.0525
405450 7.55484e+006 10.352
405450 7.55484e+006 10.2727
405450 7.55484e+006 10.1607
405450 7.55484e+006 10.0525
405450 7.55484e+006 10.2727
405451 7.55484e+006 8.39002
405451 7.55484e+006 8.20515
405451 7.55484e+006 8.1834
405451 7.55484e+006 8.1834
405451 7.55484e+006 8.36826
405451 7.55484e+006 8.39002
405451 7.55484e+006 8.36826
405451 7.55484e+006 8.1834
405451 7.55484e+006 8.16994
405451 7.55484e+006 8.16994
405451 7.55484e+006 8.35482
405451 7.55484e+006 8.36826
405451 7.55484e+006 8.35482
405451 7.55484e+006 8.16994
405451 7.55484e+006 8.16994
405451 7.55484e+006 8.16994
405451 7.55484e+006 8.35482
405451 7.55484e+006 8.35482
405451 7.55484e+006 8.35482
405451 7.55484e+006 8.16994
405451 7.55484e+006 8.18339
405451 7.55484e+006 8.18339
405451 7.55484e+006 8.36826
405451 7.55484e+006 8.35482
405451 7.55484e+006 8.36826
405451 7.55484e+006 8.18339
405452 7.55484e+006 8.20515
405452 7.55484e+006 8.20515
405452 7.55484e+006 8.39002
405451 7.55484e+006 8.36826
405452 7.55484e+006 8.39002
405452 7.55484e+006 8.20515
405452 7.55484e+006 8.2269
405452 7.55484e+006 8.2269
405452 7.55484e+006 8.41177
405452 7.55484e+006 8.39002
405452 7.55484e+006 8.41177
405452 7.55484e+006 8.2269
405451 7.55484e+006 8.24035
405451 7.55484e+006 8.24035
405451 7.55484e+006 8.42522
405452 7.55484e+006 8.41177
405451 7.55484e+006 8.42522
405451 7.55484e+006 8.24035
405451 7.55484e+006 8.24035
405451 7.55484e+006 8.24035
405451 7.55484e+006 8.42522
405451 7.55484e+006 8.42522
405451 7.55484e+006 8.42522
405451 7.55484e+006 8.24035
405451 7.55484e+006 8.2269
405451 7.55484e+006 8.2269
405451 7.55484e+006 8.41178
405451 7.55484e+006 8.42522
405451 7.55484e+006 8.41178
405451 7.55484e+006 8.2269
405451 7.55484e+006 8.20515
405451 7.55484e+006 8.20515
405451 7.55484e+006 8.39002
405451 7.55484e+006 8.41178
405451 7.55484e+006 8.39002
405451 7.55484e+006 8.36826
405451 7.55484e+006 8.35482
405451 7.55484e+006 8.35482
405451 7.55484e+006 8.35482
405451 7.55484e+006 8.36826
405451 7.55484e+006 8.39002
405451 7.55484e+006 8.35482
405451 7.55484e+006 8.36826
405451 7.55484e+006 8.36826
405452 7.55484e+006 8.39002
405452 7.55484e+006 8.41177
405451 7.55484e+006 8.39002
405451 7.55484e+006 8.36826
405452 7.55484e+006 8.41177
405452 7.55484e+006 8.41177
405451 7.55484e+006 8.42522
405451 7.55484e+006 8.42522
405451 7.55484e+006 8.39002
405452 7.55484e+006 8.41177
405451 7.55484e+006 8.42522
405451 7.55484e+006 8.41178
405451 7.55484e+006 8.39002
405451 7.55484e+006 8.42522
405451 7.55484e+006 8.2269
405451 7.55484e+006 8.24035
405451 7.55484e+006 8.24035
405451 7.55484e+006 8.24035
405452 7.55484e+006 8.2269
405452 7.55484e+006 8.20515
405451 7.55484e+006 8.2269
405451 7.55484e+006 8.24035
405452 7.55484e+006 8.20515
405452 7.55484e+006 8.20515
405451 7.55484e+006 8.18339
405451 7.55484e+006 8.16994
405451 7.55484e+006 8.2269
405452 7.55484e+006 8.20515
405451 7.55484e+006 8.16994
405451 7.55484e+006 8.16994
405451 7.55484e+006 8.16994
405451 7.55484e+006 8.1834
405451 7.55484e+006 8.2269
405451 7.55484e+006 8.16994
405451 7.55484e+006 8.1834
405451 7.55484e+006 8.20515
405451 7.55484e+006 8.2269
405451 7.55484e+006 8.1834
405449 7.55484e+006 10.146
405449 7.55484e+006 10.146
405449 7.55484e+006 10.258
405449 7.55484e+006 10.258
405449 7.55484e+006 10.258
405449 7.55484e+006 10.146
405449 7.55484e+006 10.258
405449 7.55484e+006 10.258
405449 7.55484e+006 10.3311
405449 7.55484e+006 10.3311
405449 7.55484e+006 10.3311
405449 7.55484e+006 10.258
405449 7.55484e+006 10.3311
405449 7.55484e+006 10.3311
405449 7.55484e+006 10.3373
405449 7.55484e+006 10.3373
405450 7.55484e+006 10.3373
405449 7.55484e+006 10.3311
405450 7.55484e+006 10.3373
405449 7.55484e+006 10.3373
405450 7.55484e+006 10.2743
405450 7.55484e+006 10.2743
405450 7.55484e+006 10.2743
405450 7.55484e+006 10.3373
405450 7.55484e+006 10.2743
405450 7.55484e+006 10.2743
405450 7.55484e+006 10.1661
405450 7.55484e+006 10.1661
405450 7.55484e+006 10.1661
405450 7.55484e+006 10.2743
405450 7.55484e+006 10.1661
405450 7.55484e+006 10.1661
405450 7.55484e+006 10.054
405450 7.55484e+006 10.054
405450 7.55484e+006 10.054
405450 7.55484e+006 10.1661
405450 7.55484e+006 10.054
405450 7.55484e+006 10.054
405449 7.55484e+006 9.98096
405449 7.55484e+006 9.98096
405450 7.55484e+006 9.98096
405450 7.55484e+006 10.054
405450 7.55484e+006 9.98096
405449 7.55484e+006 9.98096
405449 7.55484e+006 9.97475
405449 7.55484e+006 9.97475
405449 7.55484e+006 9.97475
405450 7.55484e+006 9.98096
405449 7.55484e+006 9.97475
405449 7.55484e+006 9.97475
405449 7.55484e+006 10.0378
405449 7.55484e+006 10.0378
405449 7.55484e+006 10.0378
405449 7.55484e+006 9.97475
405449 7.55484e+006 10.0378
405449 7.55484e+006 10.0378
405449 7.55484e+006 10.146
405449 7.55484e+006 10.146
405449 7.55484e+006 10.146
405449 7.55484e+006 10.0378
405449 7.55484e+006 10.146
405449 7.55484e+006 10.258
405449 7.55484e+006 10.3311
405449 7.55484e+006 10.3311
405450 7.55484e+006 10.3373
405450 7.55484e+006 10.2743
405449 7.55484e+006 10.146
405449 7.55484e+006 10.3311
405450 7.55484e+006 10.2743
405450 7.55484e+006 10.2743
405450 7.55484e+006 10.1661
405450 7.55484e+006 10.054
405449 7.55484e+006 10.146
405450 7.55484e+006 10.2743
405450 7.55484e+006 10.054
405450 7.55484e+006 10.054
405450 7.55484e+006 9.98096
405449 7.55484e+006 9.97475
405449 7.55484e+006 10.146
405450 7.55484e+006 10.054
405449 7.55484e+006 9.97475
405449 7.55484e+006 10.0378
405449 7.55484e+006 10.146
405449 7.55484e+006 9.97475
405449 7.55484e+006 10.0378
405449 7.55484e+006 9.97475
405449 7.55484e+006 9.98096
405449 7.55484e+006 9.98096
405450 7.55484e+006 10.054
405450 7.55484e+006 10.1661
405449 7.55484e+006 10.0378
405449 7.55484e+006 9.98096
405450 7.55484e+006 10.1661
405450 7.55484e+006 10.1661
405450 7.55484e+006 10.2743
405449 7.55484e+006 10.3373
405449 7.55484e+006 10.0378
405450 7.55484e+006 10.1661
405449 7.55484e+006 10.3373
405449 7.55484e+006 10.3373
405449 7.55484e+006 10.3311
405449 7.55484e+006 10.258
405449 7.55484e+006 10.0378
405449 7.55484e+006 10.3373
405449 7.55484e+006 10.258
405449 7.55484e+006 10.146
405449 7.55484e+006 10.0378
405449 7.55484e+006 10.258
405450 7.55484e+006 8.40041
405450 7.55484e+006 8.21006
405450 7.55484e+006 8.18766
405450 7.55484e+006 8.18766
405450 7.55484e+006 8.378
405450 7.55484e+006 8.40041
405450 7.55484e+006 8.378
405450 7.55484e+006 8.18766
405450 7.55484e+006 8.17381
405450 7.55484e+006 8.17381
405450 7.55484e+006 8.36416
405450 7.55484e+006 8.378
405450 7.55484e+006 8.36416
405450 7.55484e+006 8.17381
405450 7.55484e+006 8.17381
405450 7.55484e+006 8.17381
405450 7.55484e+006 8.36416
405450 7.55484e+006 8.36416
405450 7.55484e+006 8.36416
405450 7.55484e+006 8.17381
405451 7.55484e+006 8.18766
405451 7.55484e+006 8.18766
405450 7.55484e+006 8.378
405450 7.55484e+006 8.36416
405450 7.55484e+006 8.378
405451 7.55484e+006 8.18766
405451 7.55484e+006 8.21006
405451 7.55484e+006 8.21006
405451 7.55484e+006 8.4004
405450 7.55484e+006 8.378
405451 7.55484e+006 8.4004
405451 7.55484e+006 8.21006
405451 7.55484e+006 8.23246
405451 7.55484e+006 8.23246
405451 7.55484e+006 8.4228
405451 7.55484e+006 8.4004
405451 7.55484e+006 8.4228
405451 7.55484e+006 8.23246
405451 7.55484e+006 8.2463
405451 7.55484e+006 8.2463
405451 7.55484e+006 8.43665
405451 7.55484e+006 8.4228
405451 7.55484e+006 8.43665
405451 7.55484e+006 8.2463
405450 7.55484e+006 8.2463
405450 7.55484e+006 8.2463
405450 7.55484e+006 8.43665
405451 7.55484e+006 8.43665
405450 7.55484e+006 8.43665
405450 7.55484e+006 8.2463
405450 7.55484e+006 8.23246
405450 7.55484e+006 8.23246
405450 7.55484e+006 8.4228
405450 7.55484e+006 8.43665
405450 7.55484e+006 8.4228
405450 7.55484e+006 8.23246
405450 7.55484e+006 8.21006
405450 7.55484e+006 8.21006
405450 7.55484e+006 8.40041
405450 7.55484e+006 8.4228
405450 7.55484e+006 8.40041
405450 7.55484e+006 8.378
405450 7.55484e+006 8.36416
405450 7.55484e+006 8.36416
405450 7.55484e+006 8.36416
405450 7.55484e+006 8.378
405450 7.55484e+006 8.40041
405450 7.55484e+006 8.36416
405450 7.55484e+006 8.378
405450 7.55484e+006 8.378
405451 7.55484e+006 8.4004
405451 7.55484e+006 8.4228
405450 7.55484e+006 8.40041
405450 7.55484e+006 8.378
405451 7.55484e+006 8.4228
405451 7.55484e+006 8.4228
405451 7.55484e+006 8.43665
405450 7.55484e+006 8.43665
405450 7.55484e+006 8.40041
405451 7.55484e+006 8.4228
405450 7.55484e+006 8.43665
405450 7.55484e+006 8.4228
405450 7.55484e+006 8.40041
405450 7.55484e+006 8.43665
405450 7.55484e+006 8.23246
405450 7.55484e+006 8.2463
405451 7.55484e+006 8.2463
405451 7.55484e+006 8.2463
405451 7.55484e+006 8.23246
405451 7.55484e+006 8.21006
405450 7.55484e+006 8.23246
405451 7.55484e+006 8.2463
405451 7.55484e+006 8.21006
405451 7.55484e+006 8.21006
405451 7.55484e+006 8.18766
405450 7.55484e+006 8.17381
405450 7.55484e+006 8.23246
405451 7.55484e+006 8.21006
405450 7.55484e+006 8.17381
405450 7.55484e+006 8.17381
405450 7.55484e+006 8.17381
405450 7.55484e+006 8.18766
405450 7.55484e+006 8.23246
405450 7.55484e+006 8.17381
405450 7.55484e+006 8.18766
405450 7.55484e+006 8.21006
405450 7.55484e+006 8.23246
405450 7.55484e+006 8.18766
405449 7.55484e+006 10.146
405448 7.55484e+006 10.146
405448 7.55484e+006 10.258
405448 7.55484e+006 10.258
405449 7.55484e+006 10.258
405449 7.55484e+006 10.146
405449 7.55484e+006 10.258
405448 7.55484e+006 10.258
405449 7.55484e+006 10.3311
405449 7.55484e+006 10.3311
405449 7.55484e+006 10.3311
405449 7.55484e+006 10.258
405449 7.55484e+006 10.3311
405449 7.55484e+006 10.3311
405449 7.55484e+006 10.3373
405449 7.55484e+006 10.3373
405449 7.55484e+006 10.3373
405449 7.55484e+006 10.3311
405449 7.55484e+006 10.3373
405449 7.55484e+006 10.3373
405449 7.55484e+006 10.2743
405449 7.55484e+006 10.2743
405449 7.55484e+006 10.2743
405449 7.55484e+006 10.3373
405449 7.55484e+006 10.2743
405449 7.55484e+006 10.2743
405449 7.55484e+006 10.1661
405449 7.55484e+006 10.1661
405449 7.55484e+006 10.1661
405449 7.55484e+006 10.2743
405449 7.55484e+006 10.1661
405449 7.55484e+006 10.1661
405449 7.55484e+006 10.054
405449 7.55484e+006 10.054
405449 7.55484e+006 10.054
405449 7.55484e+006 10.1661
405449 7.55484e+006 10.054
405449 7.55484e+006 10.054
405449 7.55484e+006 9.98096
405449 7.55484e+006 9.98096
405449 7.55484e+006 9.98096
405449 7.55484e+006 10.054
405449 7.55484e+006 9.98096
405449 7.55484e+006 9.98096
405449 7.55484e+006 9.97475
405449 7.55484e+006 9.97475
405449 7.55484e+006 9.97475
405449 7.55484e+006 9.98096
405449 7.55484e+006 9.97475
405449 7.55484e+006 9.97475
405448 7.55484e+006 10.0378
405448 7.55484e+006 10.0378
405449 7.55484e+006 10.0378
405449 7.55484e+006 9.97475
405449 7.55484e+006 10.0378
405448 7.55484e+006 10.0378
405448 7.55484e+006 10.146
405448 7.55484e+006 10.146
405449 7.55484e+006 10.146
405449 7.55484e+006 10.0378
405449 7.55484e+006 10.146
405449 7.55484e+006 10.258
405449 7.55484e+006 10.3311
405449 7.55484e+006 10.3311
405449 7.55484e+006 10.3373
405449 7.55484e+006 10.2743
405449 7.55484e+006 10.146
405449 7.55484e+006 10.3311
405449 7.55484e+006 10.2743
405449 7.55484e+006 10.2743
405449 7.55484e+006 10.1661
405449 7.55484e+006 10.054
405449 7.55484e+006 10.146
405449 7.55484e+006 10.2743
405449 7.55484e+006 10.054
405449 7.55484e+006 10.054
405449 7.55484e+006 9.98096
405449 7.55484e+006 9.97475
405449 7.55484e+006 10.146
405449 7.55484e+006 10.054
405449 7.55484e+006 9.97475
405449 7.55484e+006 10.0378
405449 7.55484e+006 10.146
405449 7.55484e+006 9.97475
405448 7.55484e+006 10.0378
405449 7.55484e+006 9.97475
405449 7.55484e+006 9.98096
405449 7.55484e+006 9.98096
405449 7.55484e+006 10.054
405449 7.55484e+006 10.1661
405448 7.55484e+006 10.0378
405449 7.55484e+006 9.98096
405449 7.55484e+006 10.1661
405449 7.55484e+006 10.1661
405449 7.55484e+006 10.2743
405449 7.55484e+006 10.3373
405448 7.55484e+006 10.0378
405449 7.55484e+006 10.1661
405449 7.55484e+006 10.3373
405449 7.55484e+006 10.3373
405449 7.55484e+006 10.3311
405448 7.55484e+006 10.258
405448 7.55484e+006 10.0378
405449 7.55484e+006 10.3373
405448 7.55484e+006 10.258
405448 7.55484e+006 10.146
405448 7.55484e+006 10.0378
405448 7.55484e+006 10.258
405449 7.55484e+006 8.40041
405449 7.55484e+006 8.21006
405449 7.55484e+006 8.18766
405449 7.55484e+006 8.18766
405449 7.55484e+006 8.378
405449 7.55484e+006 8.40041
405449 7.55484e+006 8.378
405449 7.55484e+006 8.18766
405449 7.55484e+006 8.17381
405449 7.55484e+006 8.17381
405449 7.55484e+006 8.36416
405449 7.55484e+006 8.378
405449 7.55484e+006 8.36416
405449 7.55484e+006 8.17381
405450 7.55484e+006 8.17381
405450 7.55484e+006 8.17381
405449 7.55484e+006 8.36416
405449 7.55484e+006 8.36416
405449 7.55484e+006 8.36416
405450 7.55484e+006 8.17381
405450 7.55484e+006 8.18766
405450 7.55484e+006 8.18766
405450 7.55484e+006 8.378
405449 7.55484e+006 8.36416
405450 7.55484e+006 8.378
405450 7.55484e+006 8.18766
405450 7.55484e+006 8.21006
405450 7.55484e+006 8.21006
405450 7.55484e+006 8.4004
405450 7.55484e+006 8.378
405450 7.55484e+006 8.4004
405450 7.55484e+006 8.21006
405450 7.55484e+006 8.23246
405450 7.55484e+006 8.23246
405450 7.55484e+006 8.4228
405450 7.55484e+006 8.4004
405450 7.55484e+006 8.4228
405450 7.55484e+006 8.23246
405450 7.55484e+006 8.2463
405450 7.55484e+006 8.2463
405450 7.55484e+006 8.43665
405450 7.55484e+006 8.4228
405450 7.55484e+006 8.43665
405450 7.55484e+006 8.2463
405450 7.55484e+006 8.2463
405450 7.55484e+006 8.2463
405450 7.55484e+006 8.43665
405450 7.55484e+006 8.43665
405450 7.55484e+006 8.43665
405450 7.55484e+006 8.2463
405449 7.55484e+006 8.23246
405449 7.55484e+006 8.23246
405449 7.55484e+006 8.4228
405450 7.55484e+006 8.43665
405449 7.55484e+006 8.4228
405449 7.55484e+006 8.23246
405449 7.55484e+006 8.21006
405449 7.55484e+006 8.21006
405449 7.55484e+006 8.40041
405449 7.55484e+006 8.4228
405449 7.55484e+006 8.40041
405449 7.55484e+006 8.378
405449 7.55484e+006 8.36416
405449 7.55484e+006 8.36416
405449 7.55484e+006 8.36416
405450 7.55484e+006 8.378
405449 7.55484e+006 8.40041
405449 7.55484e+006 8.36416
405450 7.55484e+006 8.378
405450 7.55484e+006 8.378
405450 7.55484e+006 8.4004
405450 7.55484e+006 8.4228
405449 7.55484e+006 8.40041
405450 7.55484e+006 8.378
405450 7.55484e+006 8.4228
405450 7.55484e+006 8.4228
405450 7.55484e+006 8.43665
405450 7.55484e+006 8.43665
405449 7.55484e+006 8.40041
405450 7.55484e+006 8.4228
405450 7.55484e+006 8.43665
405449 7.55484e+006 8.4228
405449 7.55484e+006 8.40041
405450 7.55484e+006 8.43665
405449 7.55484e+006 8.23246
405450 7.55484e+006 8.2463
405450 7.55484e+006 8.2463
405450 7.55484e+006 8.2463
405450 7.55484e+006 8.23246
405450 7.55484e+006 8.21006
405449 7.55484e+006 8.23246
405450 7.55484e+006 8.2463
405450 7.55484e+006 8.21006
405450 7.55484e+006 8.21006
405450 7.55484e+006 8.18766
405450 7.55484e+006 8.17381
405449 7.55484e+006 8.23246
405450 7.55484e+006 8.21006
405450 7.55484e+006 8.17381
405450 7.55484e+006 8.17381
405449 7.55484e+006 8.17381
405449 7.55484e+006 8.18766
405449 7.55484e+006 8.23246
405450 7.55484e+006 8.17381
405449 7.55484e+006 8.18766
405449 7.55484e+006 8.21006
405449 7.55484e+006 8.23246
405449 7.55484e+006 8.18766
405448 7.55484e+006 10.146
405448 7.55484e+006 10.146
405448 7.55484e+006 10.258
405448 7.55484e+006 10.258
405448 7.55484e+006 10.258
405448 7.55484e+006 10.146
405448 7.55484e+006 10.258
405448 7.55484e+006 10.258
405448 7.55484e+006 10.3311
405448 7.55484e+006 10.3311
405448 7.55484e+006 10.3311
405448 7.55484e+006 10.258
405448 7.55484e+006 10.3311
405448 7.55484e+006 10.3311
405448 7.55484e+006 10.3373
405448 7.55484e+006 10.3373
405448 7.55484e+006 10.3373
405448 7.55484e+006 10.3311
405448 7.55484e+006 10.3373
405448 7.55484e+006 10.3373
405448 7.55484e+006 10.2743
405448 7.55484e+006 10.2743
405448 7.55484e+006 10.2743
405448 7.55484e+006 10.3373
405448 7.55484e+006 10.2743
405448 7.55484e+006 10.2743
405448 7.55484e+006 10.1661
405448 7.55484e+006 10.1661
405448 7.55484e+006 10.1661
405448 7.55484e+006 10.2743
405448 7.55484e+006 10.1661
405448 7.55484e+006 10.1661
405448 7.55484e+006 10.054
405448 7.55484e+006 10.054
405448 7.55484e+006 10.054
405448 7.55484e+006 10.1661
405448 7.55484e+006 10.054
405448 7.55484e+006 10.054
405448 7.55484e+006 9.98096
405448 7.55484e+006 9.98096
405448 7.55484e+006 9.98096
405448 7.55484e+006 10.054
405448 7.55484e+006 9.98096
405448 7.55484e+006 9.98096
405448 7.55484e+006 9.97475
405448 7.55484e+006 9.97475
405448 7.55484e+006 9.97475
405448 7.55484e+006 9.98096
405448 7.55484e+006 9.97475
405448 7.55484e+006 9.97475
405448 7.55484e+006 10.0378
405448 7.55484e+006 10.0378
405448 7.55484e+006 10.0378
405448 7.55484e+006 9.97475
405448 7.55484e+006 10.0378
405448 7.55484e+006 10.0378
405448 7.55484e+006 10.146
405448 7.55484e+006 10.146
405448 7.55484e+006 10.146
405448 7.55484e+006 10.0378
405448 7.55484e+006 10.146
405448 7.55484e+006 10.258
405448 7.55484e+006 10.3311
405448 7.55484e+006 10.3311
405448 7.55484e+006 10.3373
405448 7.55484e+006 10.2743
405448 7.55484e+006 10.146
405448 7.55484e+006 10.3311
405448 7.55484e+006 10.2743
405448 7.55484e+006 10.2743
405448 7.55484e+006 10.1661
405448 7.55484e+006 10.054
405448 7.55484e+006 10.146
405448 7.55484e+006 10.2743
405448 7.55484e+006 10.054
405448 7.55484e+006 10.054
405448 7.55484e+006 9.98096
405448 7.55484e+006 9.97475
405448 7.55484e+006 10.146
405448 7.55484e+006 10.054
405448 7.55484e+006 9.97475
405448 7.55484e+006 10.0378
405448 7.55484e+006 10.146
405448 7.55484e+006 9.97475
405448 7.55484e+006 10.0378
405448 7.55484e+006 9.97475
405448 7.55484e+006 9.98096
405448 7.55484e+006 9.98096
405448 7.55484e+006 10.054
405448 7.55484e+006 10.1661
405448 7.55484e+006 10.0378
405448 7.55484e+006 9.98096
405448 7.55484e+006 10.1661
405448 7.55484e+006 10.1661
405448 7.55484e+006 10.2743
405448 7.55484e+006 10.3373
405448 7.55484e+006 10.0378
405448 7.55484e+006 10.1661
405448 7.55484e+006 10.3373
405448 7.55484e+006 10.3373
405448 7.55484e+006 10.3311
405448 7.55484e+006 10.258
405448 7.55484e+006 10.0378
405448 7.55484e+006 10.3373
405448 7.55484e+006 10.258
405448 7.55484e+006 10.146
405448 7.55484e+006 10.0378
405448 7.55484e+006 10.258
405449 7.55484e+006 8.40041
405449 7.55484e+006 8.21006
405449 7.55484e+006 8.18766
405449 7.55484e+006 8.18766
405448 7.55484e+006 8.378
405449 7.55484e+006 8.40041
405448 7.55484e+006 8.378
405449 7.55484e+006 8.18766
405449 7.55484e+006 8.17381
405449 7.55484e+006 8.17381
405449 7.55484e+006 8.36416
405448 7.55484e+006 8.378
405449 7.55484e+006 8.36416
405449 7.55484e+006 8.17381
405449 7.55484e+006 8.17381
405449 7.55484e+006 8.17381
405449 7.55484e+006 8.36416
405449 7.55484e+006 8.36416
405449 7.55484e+006 8.36416
405449 7.55484e+006 8.17381
405449 7.55484e+006 8.18766
405449 7.55484e+006 8.18766
405449 7.55484e+006 8.378
405449 7.55484e+006 8.36416
405449 7.55484e+006 8.378
405449 7.55484e+006 8.18766
405449 7.55484e+006 8.21006
405449 7.55484e+006 8.21006
405449 7.55484e+006 8.4004
405449 7.55484e+006 8.378
405449 7.55484e+006 8.4004
405449 7.55484e+006 8.21006
405449 7.55484e+006 8.23246
405449 7.55484e+006 8.23246
405449 7.55484e+006 8.4228
405449 7.55484e+006 8.4004
405449 7.55484e+006 8.4228
405449 7.55484e+006 8.23246
405449 7.55484e+006 8.2463
405449 7.55484e+006 8.2463
405449 7.55484e+006 8.43665
405449 7.55484e+006 8.4228
405449 7.55484e+006 8.43665
405449 7.55484e+006 8.2463
405449 7.55484e+006 8.2463
405449 7.55484e+006 8.2463
405449 7.55484e+006 8.43665
405449 7.55484e+006 8.43665
405449 7.55484e+006 8.43665
405449 7.55484e+006 8.2463
405449 7.55484e+006 8.23246
405449 7.55484e+006 8.23246
405449 7.55484e+006 8.4228
405449 7.55484e+006 8.43665
405449 7.55484e+006 8.4228
405449 7.55484e+006 8.23246
405449 7.55484e+006 8.21006
405449 7.55484e+006 8.21006
405449 7.55484e+006 8.40041
405449 7.55484e+006 8.4228
405449 7.55484e+006 8.40041
405448 7.55484e+006 8.378
405449 7.55484e+006 8.36416
405449 7.55484e+006 8.36416
405449 7.55484e+006 8.36416
405449 7.55484e+006 8.378
405449 7.55484e+006 8.40041
405449 7.55484e+006 8.36416
405449 7.55484e+006 8.378
405449 7.55484e+006 8.378
405449 7.55484e+006 8.4004
405449 7.55484e+006 8.4228
405449 7.55484e+006 8.40041
405449 7.55484e+006 8.378
405449 7.55484e+006 8.4228
405449 7.55484e+006 8.4228
405449 7.55484e+006 8.43665
405449 7.55484e+006 8.43665
405449 7.55484e+006 8.40041
405449 7.55484e+006 8.4228
405449 7.55484e+006 8.43665
405449 7.55484e+006 8.4228
405449 7.55484e+006 8.40041
405449 7.55484e+006 8.43665
405449 7.55484e+006 8.23246
405449 7.55484e+006 8.2463
405449 7.55484e+006 8.2463
405449 7.55484e+006 8.2463
405449 7.55484e+006 8.23246
405449 7.55484e+006 8.21006
405449 7.55484e+006 8.23246
405449 7.55484e+006 8.2463
405449 7.55484e+006 8.21006
405449 7.55484e+006 8.21006
405449 7.55484e+006 8.18766
405449 7.55484e+006 8.17381
405449 7.55484e+006 8.23246
405449 7.55484e+006 8.21006
405449 7.55484e+006 8.17381
405449 7.55484e+006 8.17381
405449 7.55484e+006 8.17381
405449 7.55484e+006 8.18766
405449 7.55484e+006 8.23246
405449 7.55484e+006 8.17381
405449 7.55484e+006 8.18766
405449 7.55484e+006 8.21006
405449 7.55484e+006 8.23246
405449 7.55484e+006 8.18766
405443 7.55484e+006 10.146
405443 7.55484e+006 10.146
405443 7.55484e+006 10.258
405443 7.55484e+006 10.258
405443 7.55484e+006 10.258
405443 7.55484e+006 10.146
405443 7.55484e+006 10.258
405443 7.55484e+006 10.258
405443 7.55484e+006 10.3311
405443 7.55484e+006 10.3311
405443 7.55484e+006 10.3311
405443 7.55484e+006 10.258
405443 7.55484e+006 10.3311
405443 7.55484e+006 10.3311
405443 7.55484e+006 10.3373
405443 7.55484e+006 10.3373
405443 7.55484e+006 10.3373
405443 7.55484e+006 10.3311
405443 7.55484e+006 10.3373
405443 7.55484e+006 10.3373
405443 7.55484e+006 10.2743
405443 7.55484e+006 10.2743
405444 7.55484e+006 10.2743
405443 7.55484e+006 10.3373
405444 7.55484e+006 10.2743
405443 7.55484e+006 10.2743
405443 7.55484e+006 10.1661
405443 7.55484e+006 10.1661
405444 7.55484e+006 10.1661
405444 7.55484e+006 10.2743
405444 7.55484e+006 10.1661
405443 7.55484e+006 10.1661
405443 7.55484e+006 10.054
405443 7.55484e+006 10.054
405444 7.55484e+006 10.054
405444 7.55484e+006 10.1661
405444 7.55484e+006 10.054
405443 7.55484e+006 10.054
405443 7.55484e+006 9.98096
405443 7.55484e+006 9.98096
405443 7.55484e+006 9.98096
405444 7.55484e+006 10.054
405443 7.55484e+006 9.98096
405443 7.55484e+006 9.98096
405443 7.55484e+006 9.97475
405443 7.55484e+006 9.97475
405443 7.55484e+006 9.97475
405443 7.55484e+006 9.98096
405443 7.55484e+006 9.97475
405443 7.55484e+006 9.97475
405443 7.55484e+006 10.0378
405443 7.55484e+006 10.0378
405443 7.55484e+006 10.0378
405443 7.55484e+006 9.97475
405443 7.55484e+006 10.0378
405443 7.55484e+006 10.0378
405443 7.55484e+006 10.146
405443 7.55484e+006 10.146
405443 7.55484e+006 10.146
405443 7.55484e+006 10.0378
405443 7.55484e+006 10.146
405443 7.55484e+006 10.258
405443 7.55484e+006 10.3311
405443 7.55484e+006 10.3311
405443 7.55484e+006 10.3373
405444 7.55484e+006 10.2743
405443 7.55484e+006 10.146
405443 7.55484e+006 10.3311
405444 7.55484e+006 10.2743
405444 7.55484e+006 10.2743
405444 7.55484e+006 10.1661
405444 7.55484e+006 10.054
405443 7.55484e+006 10.146
405444 7.55484e+006 10.2743
405444 7.55484e+006 10.054
405444 7.55484e+006 10.054
405443 7.55484e+006 9.98096
405443 7.55484e+006 9.97475
405443 7.55484e+006 10.146
405444 7.55484e+006 10.054
405443 7.55484e+006 9.97475
405443 7.55484e+006 10.0378
405443 7.55484e+006 10.146
405443 7.55484e+006 9.97475
405443 7.55484e+006 10.0378
405443 7.55484e+006 9.97475
405443 7.55484e+006 9.98096
405443 7.55484e+006 9.98096
405443 7.55484e+006 10.054
405443 7.55484e+006 10.1661
405443 7.55484e+006 10.0378
405443 7.55484e+006 9.98096
405443 7.55484e+006 10.1661
405443 7.55484e+006 10.1661
405443 7.55484e+006 10.2743
405443 7.55484e+006 10.3373
405443 7.55484e+006 10.0378
405443 7.55484e+006 10.1661
405443 7.55484e+006 10.3373
405443 7.55484e+006 10.3373
405443 7.55484e+006 10.3311
405443 7.55484e+006 10.258
405443 7.55484e+006 10.0378
405443 7.55484e+006 10.3373
405443 7.55484e+006 10.258
405443 7.55484e+006 10.146
405443 7.55484e+006 10.0378
405443 7.55484e+006 10.258
405444 7.55484e+006 8.39529
405444 7.55484e+006 8.20494
405444 7.55484e+006 8.18254
405444 7.55484e+006 8.18254
405444 7.55484e+006 8.37289
405444 7.55484e+006 8.39529
405444 7.55484e+006 8.37289
405444 7.55484e+006 8.18254
405444 7.55484e+006 8.16869
405444 7.55484e+006 8.16869
405444 7.55484e+006 8.35904
405444 7.55484e+006 8.37289
405444 7.55484e+006 8.35904
405444 7.55484e+006 8.16869
405444 7.55484e+006 8.16869
405444 7.55484e+006 8.16869
405444 7.55484e+006 8.35904
405444 7.55484e+006 8.35904
405444 7.55484e+006 8.35904
405444 7.55484e+006 8.16869
405444 7.55484e+006 8.18254
405444 7.55484e+006 8.18254
405444 7.55484e+006 8.37289
405444 7.55484e+006 8.35904
405444 7.55484e+006 8.37289
405444 7.55484e+006 8.18254
405444 7.55484e+006 8.20494
405444 7.55484e+006 8.20494
405444 7.55484e+006 8.39529
405444 7.55484e+006 8.37289
405444 7.55484e+006 8.39529
405444 7.55484e+006 8.20494
405444 7.55484e+006 8.22734
405444 7.55484e+006 8.22734
405444 7.55484e+006 8.41769
405444 7.55484e+006 8.39529
405444 7.55484e+006 8.41769
405444 7.55484e+006 8.22734
405444 7.55484e+006 8.24119
405444 7.55484e+006 8.24119
405444 7.55484e+006 8.43153
405444 7.55484e+006 8.41769
405444 7.55484e+006 8.43153
405444 7.55484e+006 8.24119
405444 7.55484e+006 8.24118
405444 7.55484e+006 8.24118
405444 7.55484e+006 8.43153
405444 7.55484e+006 8.43153
405444 7.55484e+006 8.43153
405444 7.55484e+006 8.24118
405444 7.55484e+006 8.22734
405444 7.55484e+006 8.22734
405444 7.55484e+006 8.41769
405444 7.55484e+006 8.43153
405444 7.55484e+006 8.41769
405444 7.55484e+006 8.22734
405444 7.55484e+006 8.20494
405444 7.55484e+006 8.20494
405444 7.55484e+006 8.39529
405444 7.55484e+006 8.41769
405444 7.55484e+006 8.39529
405444 7.55484e+006 8.37289
405444 7.55484e+006 8.35904
405444 7.55484e+006 8.35904
405444 7.55484e+006 8.35904
405444 7.55484e+006 8.37289
405444 7.55484e+006 8.39529
405444 7.55484e+006 8.35904
405444 7.55484e+006 8.37289
405444 7.55484e+006 8.37289
405444 7.55484e+006 8.39529
405444 7.55484e+006 8.41769
405444 7.55484e+006 8.39529
405444 7.55484e+006 8.37289
405444 7.55484e+006 8.41769
405444 7.55484e+006 8.41769
405444 7.55484e+006 8.43153
405444 7.55484e+006 8.43153
405444 7.55484e+006 8.39529
405444 7.55484e+006 8.41769
405444 7.55484e+006 8.43153
405444 7.55484e+006 8.41769
405444 7.55484e+006 8.39529
405444 7.55484e+006 8.43153
405444 7.55484e+006 8.22734
405444 7.55484e+006 8.24118
405444 7.55484e+006 8.24119
405444 7.55484e+006 8.24119
405444 7.55484e+006 8.22734
405444 7.55484e+006 8.20494
405444 7.55484e+006 8.22734
405444 7.55484e+006 8.24119
405444 7.55484e+006 8.20494
405444 7.55484e+006 8.20494
405444 7.55484e+006 8.18254
405444 7.55484e+006 8.16869
405444 7.55484e+006 8.22734
405444 7.55484e+006 8.20494
405444 7.55484e+006 8.16869
405444 7.55484e+006 8.16869
405444 7.55484e+006 8.16869
405444 7.55484e+006 8.18254
405444 7.55484e+006 8.22734
405444 7.55484e+006 8.16869
405444 7.55484e+006 8.18254
405444 7.55484e+006 8.20494
405444 7.55484e+006 8.22734
405444 7.55484e+006 8.18254
405442 7.55484e+006 10.146
405442 7.55484e+006 10.146
405442 7.55484e+006 10.258
405442 7.55484e+006 10.258
405442 7.55484e+006 10.258
405442 7.55484e+006 10.146
405442 7.55484e+006 10.258
405442 7.55484e+006 10.258
405442 7.55484e+006 10.3311
405442 7.55484e+006 10.3311
405442 7.55484e+006 10.3311
405442 7.55484e+006 10.258
405442 7.55484e+006 10.3311
405442 7.55484e+006 10.3311
405442 7.55484e+006 10.3373
405442 7.55484e+006 10.3373
405442 7.55484e+006 10.3373
405442 7.55484e+006 10.3311
405442 7.55484e+006 10.3373
405442 7.55484e+006 10.3373
405442 7.55484e+006 10.2743
405442 7.55484e+006 10.2743
405442 7.55484e+006 10.2743
405442 7.55484e+006 10.3373
405442 7.55484e+006 10.2743
405442 7.55484e+006 10.2743
405442 7.55484e+006 10.1661
405442 7.55484e+006 10.1661
405443 7.55484e+006 10.1661
405442 7.55484e+006 10.2743
405443 7.55484e+006 10.1661
405442 7.55484e+006 10.1661
405442 7.55484e+006 10.054
405442 7.55484e+006 10.054
405442 7.55484e+006 10.054
405443 7.55484e+006 10.1661
405442 7.55484e+006 10.054
405442 7.55484e+006 10.054
405442 7.55484e+006 9.98096
405442 7.55484e+006 9.98096
405442 7.55484e+006 9.98096
405442 7.55484e+006 10.054
405442 7.55484e+006 9.98096
405442 7.55484e+006 9.98096
405442 7.55484e+006 9.97475
405442 7.55484e+006 9.97475
405442 7.55484e+006 9.97475
405442 7.55484e+006 9.98096
405442 7.55484e+006 9.97475
405442 7.55484e+006 9.97475
405442 7.55484e+006 10.0378
405442 7.55484e+006 10.0378
405442 7.55484e+006 10.0378
405442 7.55484e+006 9.97475
405442 7.55484e+006 10.0378
405442 7.55484e+006 10.0378
405442 7.55484e+006 10.146
405442 7.55484e+006 10.146
405442 7.55484e+006 10.146
405442 7.55484e+006 10.0378
405442 7.55484e+006 10.146
405442 7.55484e+006 10.258
405442 7.55484e+006 10.3311
405442 7.55484e+006 10.3311
405442 7.55484e+006 10.3373
405442 7.55484e+006 10.2743
405442 7.55484e+006 10.146
405442 7.55484e+006 10.3311
405442 7.55484e+006 10.2743
405442 7.55484e+006 10.2743
405443 7.55484e+006 10.1661
405442 7.55484e+006 10.054
405442 7.55484e+006 10.146
405442 7.55484e+006 10.2743
405442 7.55484e+006 10.054
405442 7.55484e+006 10.054
405442 7.55484e+006 9.98096
405442 7.55484e+006 9.97475
405442 7.55484e+006 10.146
405442 7.55484e+006 10.054
405442 7.55484e+006 9.97475
405442 7.55484e+006 10.0378
405442 7.55484e+006 10.146
405442 7.55484e+006 9.97475
405442 7.55484e+006 10.0378
405442 7.55484e+006 9.97475
405442 7.55484e+006 9.98096
405442 7.55484e+006 9.98096
405442 7.55484e+006 10.054
405442 7.55484e+006 10.1661
405442 7.55484e+006 10.0378
405442 7.55484e+006 9.98096
405442 7.55484e+006 10.1661
405442 7.55484e+006 10.1661
405442 7.55484e+006 10.2743
405442 7.55484e+006 10.3373
405442 7.55484e+006 10.0378
405442 7.55484e+006 10.1661
405442 7.55484e+006 10.3373
405442 7.55484e+006 10.3373
405442 7.55484e+006 10.3311
405442 7.55484e+006 10.258
405442 7.55484e+006 10.0378
405442 7.55484e+006 10.3373
405442 7.55484e+006 10.258
405442 7.55484e+006 10.146
405442 7.55484e+006 10.0378
405442 7.55484e+006 10.258
405443 7.55484e+006 8.40232
405443 7.55484e+006 8.21139
405443 7.55484e+006 8.19221
405443 7.55484e+006 8.19221
405443 7.55484e+006 8.38314
405443 7.55484e+006 8.40232
405443 7.55484e+006 8.38314
405443 7.55484e+006 8.19221
405443 7.55484e+006 8.18035
405443 7.55484e+006 8.18035
405443 7.55484e+006 8.37129
405443 7.55484e+006 8.38314
405443 7.55484e+006 8.37129
405443 7.55484e+006 8.18035
405443 7.55484e+006 8.18035
405443 7.55484e+006 8.18035
405443 7.55484e+006 8.37129
405443 7.55484e+006 8.37129
405443 7.55484e+006 8.37129
405443 7.55484e+006 8.18035
405444 7.55484e+006 8.19221
405444 7.55484e+006 8.19221
405444 7.55484e+006 8.38314
405443 7.55484e+006 8.37129
405444 7.55484e+006 8.38314
405444 7.55484e+006 8.19221
405444 7.55484e+006 8.21139
405444 7.55484e+006 8.21139
405444 7.55484e+006 8.40232
405444 7.55484e+006 8.38314
405444 7.55484e+006 8.40232
405444 7.55484e+006 8.21139
405444 7.55484e+006 8.23057
405444 7.55484e+006 8.23057
405444 7.55484e+006 8.42151
405444 7.55484e+006 8.40232
405444 7.55484e+006 8.42151
405444 7.55484e+006 8.23057
405444 7.55484e+006 8.24242
405444 7.55484e+006 8.24242
405444 7.55484e+006 8.43336
405444 7.55484e+006 8.42151
405444 7.55484e+006 8.43336
405444 7.55484e+006 8.24242
405443 7.55484e+006 8.24242
405443 7.55484e+006 8.24242
405443 7.55484e+006 8.43336
405444 7.55484e+006 8.43336
405443 7.55484e+006 8.43336
405443 7.55484e+006 8.24242
405443 7.55484e+006 8.23057
405443 7.55484e+006 8.23057
405443 7.55484e+006 8.42151
405443 7.55484e+006 8.43336
405443 7.55484e+006 8.42151
405443 7.55484e+006 8.23057
405443 7.55484e+006 8.21139
405443 7.55484e+006 8.21139
405443 7.55484e+006 8.40232
405443 7.55484e+006 8.42151
405443 7.55484e+006 8.40232
405443 7.55484e+006 8.38314
405443 7.55484e+006 8.37129
405443 7.55484e+006 8.37129
405443 7.55484e+006 8.37129
405444 7.55484e+006 8.38314
405443 7.55484e+006 8.40232
405443 7.55484e+006 8.37129
405444 7.55484e+006 8.38314
405444 7.55484e+006 8.38314
405444 7.55484e+006 8.40232
405444 7.55484e+006 8.42151
405443 7.55484e+006 8.40232
405444 7.55484e+006 8.38314
405444 7.55484e+006 8.42151
405444 7.55484e+006 8.42151
405444 7.55484e+006 8.43336
405443 7.55484e+006 8.43336
405443 7.55484e+006 8.40232
405444 7.55484e+006 8.42151
405443 7.55484e+006 8.43336
405443 7.55484e+006 8.42151
405443 7.55484e+006 8.40232
405443 7.55484e+006 8.43336
405443 7.55484e+006 8.23057
405443 7.55484e+006 8.24242
405444 7.55484e+006 8.24242
405444 7.55484e+006 8.24242
405444 7.55484e+006 8.23057
405444 7.55484e+006 8.21139
405443 7.55484e+006 8.23057
405444 7.55484e+006 8.24242
405444 7.55484e+006 8.21139
405444 7.55484e+006 8.21139
405444 7.55484e+006 8.19221
405443 7.55484e+006 8.18035
405443 7.55484e+006 8.23057
405444 7.55484e+006 8.21139
405443 7.55484e+006 8.18035
405443 7.55484e+006 8.18035
405443 7.55484e+006 8.18035
405443 7.55484e+006 8.19221
405443 7.55484e+006 8.23057
405443 7.55484e+006 8.18035
405443 7.55484e+006 8.19221
405443 7.55484e+006 8.21139
405443 7.55484e+006 8.23057
405443 7.55484e+006 8.19221
405441 7.55484e+006 10.146
405441 7.55484e+006 10.146
405441 7.55484e+006 10.258
405441 7.55484e+006 10.258
405441 7.55484e+006 10.258
405441 7.55484e+006 10.146
405441 7.55484e+006 10.258
405441 7.55484e+006 10.258
405441 7.55484e+006 10.3311
405441 7.55484e+006 10.3311
405441 7.55484e+006 10.3311
405441 7.55484e+006 10.258
405441 7.55484e+006 10.3311
405441 7.55484e+006 10.3311
405442 7.55484e+006 10.3373
405442 7.55484e+006 10.3373
405442 7.55484e+006 10.3373
405441 7.55484e+006 10.3311
405442 7.55484e+006 10.3373
405442 7.55484e+006 10.3373
405442 7.55484e+006 10.2743
405442 7.55484e+006 10.2743
405442 7.55484e+006 10.2743
405442 7.55484e+006 10.3373
405442 7.55484e+006 10.2743
405442 7.55484e+006 10.2743
405442 7.55484e+006 10.1661
405442 7.55484e+006 10.1661
405442 7.55484e+006 10.1661
405442 7.55484e+006 10.2743
405442 7.55484e+006 10.1661
405442 7.55484e+006 10.1661
405442 7.55484e+006 10.054
405442 7.55484e+006 10.054
405442 7.55484e+006 10.054
405442 7.55484e+006 10.1661
405442 7.55484e+006 10.054
405442 7.55484e+006 10.054
405442 7.55484e+006 9.98096
405442 7.55484e+006 9.98096
405442 7.55484e+006 9.98096
405442 7.55484e+006 10.054
405442 7.55484e+006 9.98096
405442 7.55484e+006 9.98096
405441 7.55484e+006 9.97475
405441 7.55484e+006 9.97475
405442 7.55484e+006 9.97475
405442 7.55484e+006 9.98096
405442 7.55484e+006 9.97475
405441 7.55484e+006 9.97475
405441 7.55484e+006 10.0378
405441 7.55484e+006 10.0378
405441 7.55484e+006 10.0378
405442 7.55484e+006 9.97475
405441 7.55484e+006 10.0378
405441 7.55484e+006 10.0378
405441 7.55484e+006 10.146
405441 7.55484e+006 10.146
405441 7.55484e+006 10.146
405441 7.55484e+006 10.0378
405441 7.55484e+006 10.146
405441 7.55484e+006 10.258
405441 7.55484e+006 10.3311
405441 7.55484e+006 10.3311
405442 7.55484e+006 10.3373
405442 7.55484e+006 10.2743
405441 7.55484e+006 10.146
405441 7.55484e+006 10.3311
405442 7.55484e+006 10.2743
405442 7.55484e+006 10.2743
405442 7.55484e+006 10.1661
405442 7.55484e+006 10.054
405441 7.55484e+006 10.146
405442 7.55484e+006 10.2743
405442 7.55484e+006 10.054
405442 7.55484e+006 10.054
405442 7.55484e+006 9.98096
405442 7.55484e+006 9.97475
405441 7.55484e+006 10.146
405442 7.55484e+006 10.054
405442 7.55484e+006 9.97475
405441 7.55484e+006 10.0378
405441 7.55484e+006 10.146
405442 7.55484e+006 9.97475
405441 7.55484e+006 10.0378
405441 7.55484e+006 9.97475
405442 7.55484e+006 9.98096
405442 7.55484e+006 9.98096
405442 7.55484e+006 10.054
405442 7.55484e+006 10.1661
405441 7.55484e+006 10.0378
405442 7.55484e+006 9.98096
405442 7.55484e+006 10.1661
405442 7.55484e+006 10.1661
405442 7.55484e+006 10.2743
405442 7.55484e+006 10.3373
405441 7.55484e+006 10.0378
405442 7.55484e+006 10.1661
405442 7.55484e+006 10.3373
405442 7.55484e+006 10.3373
405441 7.55484e+006 10.3311
405441 7.55484e+006 10.258
405441 7.55484e+006 10.0378
405442 7.55484e+006 10.3373
405441 7.55484e+006 10.258
405441 7.55484e+006 10.146
405441 7.55484e+006 10.0378
405441 7.55484e+006 10.258
405442 7.55484e+006 8.38064
405442 7.55484e+006 8.19029
405442 7.55484e+006 8.16789
405442 7.55484e+006 8.16789
405442 7.55484e+006 8.35824
405442 7.55484e+006 8.38064
405442 7.55484e+006 8.35824
405442 7.55484e+006 8.16789
405442 7.55484e+006 8.15405
405442 7.55484e+006 8.15405
405442 7.55484e+006 8.34439
405442 7.55484e+006 8.35824
405442 7.55484e+006 8.34439
405442 7.55484e+006 8.15405
405443 7.55484e+006 8.15405
405443 7.55484e+006 8.15405
405443 7.55484e+006 8.34439
405442 7.55484e+006 8.34439
405443 7.55484e+006 8.34439
405443 7.55484e+006 8.15405
405443 7.55484e+006 8.16789
405443 7.55484e+006 8.16789
405443 7.55484e+006 8.35824
405443 7.55484e+006 8.34439
405443 7.55484e+006 8.35824
405443 7.55484e+006 8.16789
405443 7.55484e+006 8.19029
405443 7.55484e+006 8.19029
405443 7.55484e+006 8.38064
405443 7.55484e+006 8.35824
405443 7.55484e+006 8.38064
405443 7.55484e+006 8.19029
405443 7.55484e+006 8.21269
405443 7.55484e+006 8.21269
405443 7.55484e+006 8.40304
405443 7.55484e+006 8.38064
405443 7.55484e+006 8.40304
405443 7.55484e+006 8.21269
405443 7.55484e+006 8.22654
405443 7.55484e+006 8.22654
405443 7.55484e+006 8.41689
405443 7.55484e+006 8.40304
405443 7.55484e+006 8.41689
405443 7.55484e+006 8.22654
405443 7.55484e+006 8.22654
405443 7.55484e+006 8.22654
405443 7.55484e+006 8.41688
405443 7.55484e+006 8.41689
405443 7.55484e+006 8.41688
405443 7.55484e+006 8.22654
405442 7.55484e+006 8.21269
405442 7.55484e+006 8.21269
405442 7.55484e+006 8.40304
405443 7.55484e+006 8.41688
405442 7.55484e+006 8.40304
405442 7.55484e+006 8.21269
405442 7.55484e+006 8.19029
405442 7.55484e+006 8.19029
405442 7.55484e+006 8.38064
405442 7.55484e+006 8.40304
405442 7.55484e+006 8.38064
405442 7.55484e+006 8.35824
405442 7.55484e+006 8.34439
405442 7.55484e+006 8.34439
405443 7.55484e+006 8.34439
405443 7.55484e+006 8.35824
405442 7.55484e+006 8.38064
405442 7.55484e+006 8.34439
405443 7.55484e+006 8.35824
405443 7.55484e+006 8.35824
405443 7.55484e+006 8.38064
405443 7.55484e+006 8.40304
405442 7.55484e+006 8.38064
405443 7.55484e+006 8.35824
405443 7.55484e+006 8.40304
405443 7.55484e+006 8.40304
405443 7.55484e+006 8.41689
405443 7.55484e+006 8.41688
405442 7.55484e+006 8.38064
405443 7.55484e+006 8.40304
405443 7.55484e+006 8.41688
405442 7.55484e+006 8.40304
405442 7.55484e+006 8.38064
405443 7.55484e+006 8.41688
405442 7.55484e+006 8.21269
405443 7.55484e+006 8.22654
405443 7.55484e+006 8.22654
405443 7.55484e+006 8.22654
405443 7.55484e+006 8.21269
405443 7.55484e+006 8.19029
405442 7.55484e+006 8.21269
405443 7.55484e+006 8.22654
405443 7.55484e+006 8.19029
405443 7.55484e+006 8.19029
405443 7.55484e+006 8.16789
405443 7.55484e+006 8.15405
405442 7.55484e+006 8.21269
405443 7.55484e+006 8.19029
405443 7.55484e+006 8.15405
405443 7.55484e+006 8.15405
405442 7.55484e+006 8.15405
405442 7.55484e+006 8.16789
405442 7.55484e+006 8.21269
405443 7.55484e+006 8.15405
405442 7.55484e+006 8.16789
405442 7.55484e+006 8.19029
405442 7.55484e+006 8.21269
405442 7.55484e+006 8.16789
405441 7.55484e+006 10.146
405441 7.55484e+006 10.146
405441 7.55484e+006 10.258
405441 7.55484e+006 10.258
405441 7.55484e+006 10.258
405441 7.55484e+006 10.146
405441 7.55484e+006 10.258
405441 7.55484e+006 10.258
405441 7.55484e+006 10.3311
405441 7.55484e+006 10.3311
405441 7.55484e+006 10.3311
405441 7.55484e+006 10.258
405441 7.55484e+006 10.3311
405441 7.55484e+006 10.3311
405441 7.55484e+006 10.3373
405441 7.55484e+006 10.3373
405441 7.55484e+006 10.3373
405441 7.55484e+006 10.3311
405441 7.55484e+006 10.3373
405441 7.55484e+006 10.3373
405441 7.55484e+006 10.2743
405441 7.55484e+006 10.2743
405441 7.55484e+006 10.2743
405441 7.55484e+006 10.3373
405441 7.55484e+006 10.2743
405441 7.55484e+006 10.2743
405441 7.55484e+006 10.1661
405441 7.55484e+006 10.1661
405441 7.55484e+006 10.1661
405441 7.55484e+006 10.2743
405441 7.55484e+006 10.1661
405441 7.55484e+006 10.1661
405441 7.55484e+006 10.054
405441 7.55484e+006 10.054
405441 7.55484e+006 10.054
405441 7.55484e+006 10.1661
405441 7.55484e+006 10.054
405441 7.55484e+006 10.054
405441 7.55484e+006 9.98096
405441 7.55484e+006 9.98096
405441 7.55484e+006 9.98096
405441 7.55484e+006 10.054
405441 7.55484e+006 9.98096
405441 7.55484e+006 9.98096
405441 7.55484e+006 9.97475
405441 7.55484e+006 9.97475
405441 7.55484e+006 9.97475
405441 7.55484e+006 9.98096
405441 7.55484e+006 9.97475
405441 7.55484e+006 9.97475
405441 7.55484e+006 10.0378
405441 7.55484e+006 10.0378
405441 7.55484e+006 10.0378
405441 7.55484e+006 9.97475
405441 7.55484e+006 10.0378
405441 7.55484e+006 10.0378
405441 7.55484e+006 10.146
405441 7.55484e+006 10.146
405441 7.55484e+006 10.146
405441 7.55484e+006 10.0378
405441 7.55484e+006 10.146
405441 7.55484e+006 10.258
405441 7.55484e+006 10.3311
405441 7.55484e+006 10.3311
405441 7.55484e+006 10.3373
405441 7.55484e+006 10.2743
405441 7.55484e+006 10.146
405441 7.55484e+006 10.3311
405441 7.55484e+006 10.2743
405441 7.55484e+006 10.2743
405441 7.55484e+006 10.1661
405441 7.55484e+006 10.054
405441 7.55484e+006 10.146
405441 7.55484e+006 10.2743
405441 7.55484e+006 10.054
405441 7.55484e+006 10.054
405441 7.55484e+006 9.98096
405441 7.55484e+006 9.97475
405441 7.55484e+006 10.146
405441 7.55484e+006 10.054
405441 7.55484e+006 9.97475
405441 7.55484e+006 10.0378
405441 7.55484e+006 10.146
405441 7.55484e+006 9.97475
405441 7.55484e+006 10.0378
405441 7.55484e+006 9.97475
405441 7.55484e+006 9.98096
405441 7.55484e+006 9.98096
405441 7.55484e+006 10.054
405441 7.55484e+006 10.1661
405441 7.55484e+006 10.0378
405441 7.55484e+006 9.98096
405441 7.55484e+006 10.1661
405441 7.55484e+006 10.1661
405441 7.55484e+006 10.2743
405441 7.55484e+006 10.3373
405441 7.55484e+006 10.0378
405441 7.55484e+006 10.1661
405441 7.55484e+006 10.3373
405441 7.55484e+006 10.3373
405441 7.55484e+006 10.3311
405441 7.55484e+006 10.258
405441 7.55484e+006 10.0378
405441 7.55484e+006 10.3373
405441 7.55484e+006 10.258
405441 7.55484e+006 10.146
405441 7.55484e+006 10.0378
405441 7.55484e+006 10.258
405442 7.55484e+006 8.39919
405442 7.55484e+006 8.20885
405442 7.55484e+006 8.18644
405442 7.55484e+006 8.18644
405442 7.55484e+006 8.37679
405442 7.55484e+006 8.39919
405442 7.55484e+006 8.37679
405442 7.55484e+006 8.18644
405442 7.55484e+006 8.1726
405442 7.55484e+006 8.1726
405442 7.55484e+006 8.36295
405442 7.55484e+006 8.37679
405442 7.55484e+006 8.36295
405442 7.55484e+006 8.1726
405442 7.55484e+006 8.1726
405442 7.55484e+006 8.1726
405442 7.55484e+006 8.36295
405442 7.55484e+006 8.36295
405442 7.55484e+006 8.36295
405442 7.55484e+006 8.1726
405442 7.55484e+006 8.18644
405442 7.55484e+006 8.18644
405442 7.55484e+006 8.37679
405442 7.55484e+006 8.36295
405442 7.55484e+006 8.37679
405442 7.55484e+006 8.18644
405442 7.55484e+006 8.20885
405442 7.55484e+006 8.20885
405442 7.55484e+006 8.39919
405442 7.55484e+006 8.37679
405442 7.55484e+006 8.39919
405442 7.55484e+006 8.20885
405442 7.55484e+006 8.23125
405442 7.55484e+006 8.23125
405442 7.55484e+006 8.4216
405442 7.55484e+006 8.39919
405442 7.55484e+006 8.4216
405442 7.55484e+006 8.23125
405442 7.55484e+006 8.24509
405442 7.55484e+006 8.24509
405442 7.55484e+006 8.43544
405442 7.55484e+006 8.4216
405442 7.55484e+006 8.43544
405442 7.55484e+006 8.24509
405442 7.55484e+006 8.24509
405442 7.55484e+006 8.24509
405442 7.55484e+006 8.43544
405442 7.55484e+006 8.43544
405442 7.55484e+006 8.43544
405442 7.55484e+006 8.24509
405442 7.55484e+006 8.23125
405442 7.55484e+006 8.23125
405442 7.55484e+006 8.42159
405442 7.55484e+006 8.43544
405442 7.55484e+006 8.42159
405442 7.55484e+006 8.23125
405442 7.55484e+006 8.20885
405442 7.55484e+006 8.20885
405442 7.55484e+006 8.39919
405442 7.55484e+006 8.42159
405442 7.55484e+006 8.39919
405442 7.55484e+006 8.37679
405442 7.55484e+006 8.36295
405442 7.55484e+006 8.36295
405442 7.55484e+006 8.36295
405442 7.55484e+006 8.37679
405442 7.55484e+006 8.39919
405442 7.55484e+006 8.36295
405442 7.55484e+006 8.37679
405442 7.55484e+006 8.37679
405442 7.55484e+006 8.39919
405442 7.55484e+006 8.4216
405442 7.55484e+006 8.39919
405442 7.55484e+006 8.37679
405442 7.55484e+006 8.4216
405442 7.55484e+006 8.4216
405442 7.55484e+006 8.43544
405442 7.55484e+006 8.43544
405442 7.55484e+006 8.39919
405442 7.55484e+006 8.4216
405442 7.55484e+006 8.43544
405442 7.55484e+006 8.42159
405442 7.55484e+006 8.39919
405442 7.55484e+006 8.43544
405442 7.55484e+006 8.23125
405442 7.55484e+006 8.24509
405442 7.55484e+006 8.24509
405442 7.55484e+006 8.24509
405442 7.55484e+006 8.23125
405442 7.55484e+006 8.20885
405442 7.55484e+006 8.23125
405442 7.55484e+006 8.24509
405442 7.55484e+006 8.20885
405442 7.55484e+006 8.20885
405442 7.55484e+006 8.18644
405442 7.55484e+006 8.1726
405442 7.55484e+006 8.23125
405442 7.55484e+006 8.20885
405442 7.55484e+006 8.1726
405442 7.55484e+006 8.1726
405442 7.55484e+006 8.1726
405442 7.55484e+006 8.18644
405442 7.55484e+006 8.23125
405442 7.55484e+006 8.1726
405442 7.55484e+006 8.18644
405442 7.55484e+006 8.20885
405442 7.55484e+006 8.23125
405442 7.55484e+006 8.18644
405439 7.55484e+006 10.146
405439 7.55484e+006 10.146
405439 7.55484e+006 10.258
405439 7.55484e+006 10.258
405439 7.55484e+006 10.258
405439 7.55484e+006 10.146
405439 7.55484e+006 10.258
405439 7.55484e+006 10.258
405439 7.55484e+006 10.3311
405439 7.55484e+006 10.3311
405440 7.55484e+006 10.3311
405439 7.55484e+006 10.258
405440 7.55484e+006 10.3311
405439 7.55484e+006 10.3311
405440 7.55484e+006 10.3373
405440 7.55484e+006 10.3373
405440 7.55484e+006 10.3373
405440 7.55484e+006 10.3311
405440 7.55484e+006 10.3373
405440 7.55484e+006 10.3373
405440 7.55484e+006 10.2743
405440 7.55484e+006 10.2743
405440 7.55484e+006 10.2743
405440 7.55484e+006 10.3373
405440 7.55484e+006 10.2743
405440 7.55484e+006 10.2743
405440 7.55484e+006 10.1661
405440 7.55484e+006 10.1661
405440 7.55484e+006 10.1661
405440 7.55484e+006 10.2743
405440 7.55484e+006 10.1661
405440 7.55484e+006 10.1661
405440 7.55484e+006 10.054
405440 7.55484e+006 10.054
405440 7.55484e+006 10.054
405440 7.55484e+006 10.1661
405440 7.55484e+006 10.054
405440 7.55484e+006 10.054
405440 7.55484e+006 9.98096
405440 7.55484e+006 9.98096
405440 7.55484e+006 9.98096
405440 7.55484e+006 10.054
405440 7.55484e+006 9.98096
405440 7.55484e+006 9.98096
405440 7.55484e+006 9.97475
405440 7.55484e+006 9.97475
405440 7.55484e+006 9.97475
405440 7.55484e+006 9.98096
405440 7.55484e+006 9.97475
405440 7.55484e+006 9.97475
405439 7.55484e+006 10.0378
405439 7.55484e+006 10.0378
405439 7.55484e+006 10.0378
405440 7.55484e+006 9.97475
405439 7.55484e+006 10.0378
405439 7.55484e+006 10.0378
405439 7.55484e+006 10.146
405439 7.55484e+006 10.146
405439 7.55484e+006 10.146
405439 7.55484e+006 10.0378
405439 7.55484e+006 10.146
405439 7.55484e+006 10.258
405440 7.55484e+006 10.3311
405440 7.55484e+006 10.3311
405440 7.55484e+006 10.3373
405440 7.55484e+006 10.2743
405439 7.55484e+006 10.146
405440 7.55484e+006 10.3311
405440 7.55484e+006 10.2743
405440 7.55484e+006 10.2743
405440 7.55484e+006 10.1661
405440 7.55484e+006 10.054
405439 7.55484e+006 10.146
405440 7.55484e+006 10.2743
405440 7.55484e+006 10.054
405440 7.55484e+006 10.054
405440 7.55484e+006 9.98096
405440 7.55484e+006 9.97475
405439 7.55484e+006 10.146
405440 7.55484e+006 10.054
405440 7.55484e+006 9.97475
405439 7.55484e+006 10.0378
405439 7.55484e+006 10.146
405440 7.55484e+006 9.97475
405439 7.55484e+006 10.0378
405440 7.55484e+006 9.97475
405440 7.55484e+006 9.98096
405440 7.55484e+006 9.98096
405440 7.55484e+006 10.054
405440 7.55484e+006 10.1661
405439 7.55484e+006 10.0378
405440 7.55484e+006 9.98096
405440 7.55484e+006 10.1661
405440 7.55484e+006 10.1661
405440 7.55484e+006 10.2743
405440 7.55484e+006 10.3373
405439 7.55484e+006 10.0378
405440 7.55484e+006 10.1661
405440 7.55484e+006 10.3373
405440 7.55484e+006 10.3373
405439 7.55484e+006 10.3311
405439 7.55484e+006 10.258
405439 7.55484e+006 10.0378
405440 7.55484e+006 10.3373
405439 7.55484e+006 10.258
405439 7.55484e+006 10.146
405439 7.55484e+006 10.0378
405439 7.55484e+006 10.258
405440 7.55484e+006 8.4053
405440 7.55484e+006 8.21495
405440 7.55484e+006 8.19255
405440 7.55484e+006 8.19255
405440 7.55484e+006 8.3829
405440 7.55484e+006 8.4053
405440 7.55484e+006 8.3829
405440 7.55484e+006 8.19255
405440 7.55484e+006 8.17871
405440 7.55484e+006 8.17871
405440 7.55484e+006 8.36906
405440 7.55484e+006 8.3829
405440 7.55484e+006 8.36906
405440 7.55484e+006 8.17871
405440 7.55484e+006 8.17871
405440 7.55484e+006 8.17871
405440 7.55484e+006 8.36906
405440 7.55484e+006 8.36906
405440 7.55484e+006 8.36906
405440 7.55484e+006 8.17871
405441 7.55484e+006 8.19255
405441 7.55484e+006 8.19255
405441 7.55484e+006 8.3829
405440 7.55484e+006 8.36906
405441 7.55484e+006 8.3829
405441 7.55484e+006 8.19255
405441 7.55484e+006 8.21495
405441 7.55484e+006 8.21495
405441 7.55484e+006 8.4053
405441 7.55484e+006 8.3829
405441 7.55484e+006 8.4053
405441 7.55484e+006 8.21495
405441 7.55484e+006 8.23735
405441 7.55484e+006 8.23735
405441 7.55484e+006 8.42771
405441 7.55484e+006 8.4053
405441 7.55484e+006 8.42771
405441 7.55484e+006 8.23735
405441 7.55484e+006 8.2512
405441 7.55484e+006 8.2512
405441 7.55484e+006 8.44155
405441 7.55484e+006 8.42771
405441 7.55484e+006 8.44155
405441 7.55484e+006 8.2512
405441 7.55484e+006 8.2512
405441 7.55484e+006 8.2512
405440 7.55484e+006 8.44155
405441 7.55484e+006 8.44155
405440 7.55484e+006 8.44155
405441 7.55484e+006 8.2512
405440 7.55484e+006 8.23735
405440 7.55484e+006 8.23735
405440 7.55484e+006 8.4277
405440 7.55484e+006 8.44155
405440 7.55484e+006 8.4277
405440 7.55484e+006 8.23735
405440 7.55484e+006 8.21495
405440 7.55484e+006 8.21495
405440 7.55484e+006 8.4053
405440 7.55484e+006 8.4277
405440 7.55484e+006 8.4053
405440 7.55484e+006 8.3829
405440 7.55484e+006 8.36906
405440 7.55484e+006 8.36906
405440 7.55484e+006 8.36906
405441 7.55484e+006 8.3829
405440 7.55484e+006 8.4053
405440 7.55484e+006 8.36906
405441 7.55484e+006 8.3829
405441 7.55484e+006 8.3829
405441 7.55484e+006 8.4053
405441 7.55484e+006 8.42771
405440 7.55484e+006 8.4053
405441 7.55484e+006 8.3829
405441 7.55484e+006 8.42771
405441 7.55484e+006 8.42771
405441 7.55484e+006 8.44155
405440 7.55484e+006 8.44155
405440 7.55484e+006 8.4053
405441 7.55484e+006 8.42771
405440 7.55484e+006 8.44155
405440 7.55484e+006 8.4277
405440 7.55484e+006 8.4053
405440 7.55484e+006 8.44155
405440 7.55484e+006 8.23735
405441 7.55484e+006 8.2512
405441 7.55484e+006 8.2512
405441 7.55484e+006 8.2512
405441 7.55484e+006 8.23735
405441 7.55484e+006 8.21495
405440 7.55484e+006 8.23735
405441 7.55484e+006 8.2512
405441 7.55484e+006 8.21495
405441 7.55484e+006 8.21495
405441 7.55484e+006 8.19255
405440 7.55484e+006 8.17871
405440 7.55484e+006 8.23735
405441 7.55484e+006 8.21495
405440 7.55484e+006 8.17871
405440 7.55484e+006 8.17871
405440 7.55484e+006 8.17871
405440 7.55484e+006 8.19255
405440 7.55484e+006 8.23735
405440 7.55484e+006 8.17871
405440 7.55484e+006 8.19255
405440 7.55484e+006 8.21495
405440 7.55484e+006 8.23735
405440 7.55484e+006 8.19255
405439 7.55484e+006 10.146
405439 7.55484e+006 10.146
405439 7.55484e+006 10.258
405439 7.55484e+006 10.258
405439 7.55484e+006 10.258
405439 7.55484e+006 10.146
405439 7.55484e+006 10.258
405439 7.55484e+006 10.258
405439 7.55484e+006 10.3311
405439 7.55484e+006 10.3311
405439 7.55484e+006 10.3311
405439 7.55484e+006 10.258
405439 7.55484e+006 10.3311
405439 7.55484e+006 10.3311
405439 7.55484e+006 10.3373
405439 7.55484e+006 10.3373
405439 7.55484e+006 10.3373
405439 7.55484e+006 10.3311
405439 7.55484e+006 10.3373
405439 7.55484e+006 10.3373
405439 7.55484e+006 10.2743
405439 7.55484e+006 10.2743
405439 7.55484e+006 10.2743
405439 7.55484e+006 10.3373
405439 7.55484e+006 10.2743
405439 7.55484e+006 10.2743
405439 7.55484e+006 10.1661
405439 7.55484e+006 10.1661
405439 7.55484e+006 10.1661
405439 7.55484e+006 10.2743
405439 7.55484e+006 10.1661
405439 7.55484e+006 10.1661
405439 7.55484e+006 10.054
405439 7.55484e+006 10.054
405439 7.55484e+006 10.054
405439 7.55484e+006 10.1661
405439 7.55484e+006 10.054
405439 7.55484e+006 10.054
405439 7.55484e+006 9.98096
405439 7.55484e+006 9.98096
405439 7.55484e+006 9.98096
405439 7.55484e+006 10.054
405439 7.55484e+006 9.98096
405439 7.55484e+006 9.98096
405439 7.55484e+006 9.97475
405439 7.55484e+006 9.97475
405439 7.55484e+006 9.97475
405439 7.55484e+006 9.98096
405439 7.55484e+006 9.97475
405439 7.55484e+006 9.97475
405439 7.55484e+006 10.0378
405439 7.55484e+006 10.0378
405439 7.55484e+006 10.0378
405439 7.55484e+006 9.97475
405439 7.55484e+006 10.0378
405439 7.55484e+006 10.0378
405439 7.55484e+006 10.146
405439 7.55484e+006 10.146
405439 7.55484e+006 10.146
405439 7.55484e+006 10.0378
405439 7.55484e+006 10.146
405439 7.55484e+006 10.258
405439 7.55484e+006 10.3311
405439 7.55484e+006 10.3311
405439 7.55484e+006 10.3373
405439 7.55484e+006 10.2743
405439 7.55484e+006 10.146
405439 7.55484e+006 10.3311
405439 7.55484e+006 10.2743
405439 7.55484e+006 10.2743
405439 7.55484e+006 10.1661
405439 7.55484e+006 10.054
405439 7.55484e+006 10.146
405439 7.55484e+006 10.2743
405439 7.55484e+006 10.054
405439 7.55484e+006 10.054
405439 7.55484e+006 9.98096
405439 7.55484e+006 9.97475
405439 7.55484e+006 10.146
405439 7.55484e+006 10.054
405439 7.55484e+006 9.97475
405439 7.55484e+006 10.0378
405439 7.55484e+006 10.146
405439 7.55484e+006 9.97475
405439 7.55484e+006 10.0378
405439 7.55484e+006 9.97475
405439 7.55484e+006 9.98096
405439 7.55484e+006 9.98096
405439 7.55484e+006 10.054
405439 7.55484e+006 10.1661
405439 7.55484e+006 10.0378
405439 7.55484e+006 9.98096
405439 7.55484e+006 10.1661
405439 7.55484e+006 10.1661
405439 7.55484e+006 10.2743
405439 7.55484e+006 10.3373
405439 7.55484e+006 10.0378
405439 7.55484e+006 10.1661
405439 7.55484e+006 10.3373
405439 7.55484e+006 10.3373
405439 7.55484e+006 10.3311
405439 7.55484e+006 10.258
405439 7.55484e+006 10.0378
405439 7.55484e+006 10.3373
405439 7.55484e+006 10.258
405439 7.55484e+006 10.146
405439 7.55484e+006 10.0378
405439 7.55484e+006 10.258
405439 7.55484e+006 8.44682
405439 7.55484e+006 8.21706
405439 7.55484e+006 8.19466
405439 7.55484e+006 8.19466
405439 7.55484e+006 8.42442
405439 7.55484e+006 8.44682
405439 7.55484e+006 8.42442
405439 7.55484e+006 8.19466
405439 7.55484e+006 8.18082
405439 7.55484e+006 8.18082
405439 7.55484e+006 8.41058
405439 7.55484e+006 8.42442
405439 7.55484e+006 8.41058
405439 7.55484e+006 8.18082
405440 7.55484e+006 8.18082
405440 7.55484e+006 8.18082
405440 7.55484e+006 8.41058
405439 7.55484e+006 8.41058
405440 7.55484e+006 8.41058
405440 7.55484e+006 8.18082
405440 7.55484e+006 8.19466
405440 7.55484e+006 8.19466
405440 7.55484e+006 8.42442
405440 7.55484e+006 8.41058
405440 7.55484e+006 8.42442
405440 7.55484e+006 8.19466
405440 7.55484e+006 8.21706
405440 7.55484e+006 8.21706
405440 7.55484e+006 8.44682
405440 7.55484e+006 8.42442
405440 7.55484e+006 8.44682
405440 7.55484e+006 8.21706
405440 7.55484e+006 8.23946
405440 7.55484e+006 8.23946
405440 7.55484e+006 8.46922
405440 7.55484e+006 8.44682
405440 7.55484e+006 8.46922
405440 7.55484e+006 8.23946
405440 7.55484e+006 8.2533
405440 7.55484e+006 8.2533
405440 7.55484e+006 8.48307
405440 7.55484e+006 8.46922
405440 7.55484e+006 8.48307
405440 7.55484e+006 8.2533
405440 7.55484e+006 8.2533
405440 7.55484e+006 8.2533
405440 7.55484e+006 8.48307
405440 7.55484e+006 8.48307
405440 7.55484e+006 8.48307
405440 7.55484e+006 8.2533
405440 7.55484e+006 8.23946
405440 7.55484e+006 8.23946
405440 7.55484e+006 8.46922
405440 7.55484e+006 8.48307
405440 7.55484e+006 8.46922
405440 7.55484e+006 8.23946
405439 7.55484e+006 8.21706
405439 7.55484e+006 8.21706
405439 7.55484e+006 8.44682
405440 7.55484e+006 8.46922
405439 7.55484e+006 8.44682
405439 7.55484e+006 8.42442
405439 7.55484e+006 8.41058
405439 7.55484e+006 8.41058
405440 7.55484e+006 8.41058
405440 7.55484e+006 8.42442
405439 7.55484e+006 8.44682
405439 7.55484e+006 8.41058
405440 7.55484e+006 8.42442
405440 7.55484e+006 8.42442
405440 7.55484e+006 8.44682
405440 7.55484e+006 8.46922
405439 7.55484e+006 8.44682
405440 7.55484e+006 8.42442
405440 7.55484e+006 8.46922
405440 7.55484e+006 8.46922
405440 7.55484e+006 8.48307
405440 7.55484e+006 8.48307
405439 7.55484e+006 8.44682
405440 7.55484e+006 8.46922
405440 7.55484e+006 8.48307
405440 7.55484e+006 8.46922
405439 7.55484e+006 8.44682
405440 7.55484e+006 8.48307
405440 7.55484e+006 8.23946
405440 7.55484e+006 8.2533
405440 7.55484e+006 8.2533
405440 7.55484e+006 8.2533
405440 7.55484e+006 8.23946
405440 7.55484e+006 8.21706
405440 7.55484e+006 8.23946
405440 7.55484e+006 8.2533
405440 7.55484e+006 8.21706
405440 7.55484e+006 8.21706
405440 7.55484e+006 8.19466
405440 7.55484e+006 8.18082
405440 7.55484e+006 8.23946
405440 7.55484e+006 8.21706
405440 7.55484e+006 8.18082
405440 7.55484e+006 8.18082
405439 7.55484e+006 8.18082
405439 7.55484e+006 8.19466
405440 7.55484e+006 8.23946
405440 7.55484e+006 8.18082
405439 7.55484e+006 8.19466
405439 7.55484e+006 8.21706
405440 7.55484e+006 8.23946
405439 7.55484e+006 8.19466
405438 7.55484e+006 10.146
405438 7.55484e+006 10.146
405438 7.55484e+006 10.258
405438 7.55484e+006 10.258
405438 7.55484e+006 10.258
405438 7.55484e+006 10.146
405438 7.55484e+006 10.258
405438 7.55484e+006 10.258
405438 7.55484e+006 10.3311
405438 7.55484e+006 10.3311
405438 7.55484e+006 10.3311
405438 7.55484e+006 10.258
405438 7.55484e+006 10.3311
405438 7.55484e+006 10.3311
405438 7.55484e+006 10.3373
405438 7.55484e+006 10.3373
405438 7.55484e+006 10.3373
405438 7.55484e+006 10.3311
405438 7.55484e+006 10.3373
405438 7.55484e+006 10.3373
405438 7.55484e+006 10.2743
405438 7.55484e+006 10.2743
405438 7.55484e+006 10.2743
405438 7.55484e+006 10.3373
405438 7.55484e+006 10.2743
405438 7.55484e+006 10.2743
405438 7.55484e+006 10.1661
405438 7.55484e+006 10.1661
405438 7.55484e+006 10.1661
405438 7.55484e+006 10.2743
405438 7.55484e+006 10.1661
405438 7.55484e+006 10.1661
405438 7.55484e+006 10.054
405438 7.55484e+006 10.054
405438 7.55484e+006 10.054
405438 7.55484e+006 10.1661
405438 7.55484e+006 10.054
405438 7.55484e+006 10.054
405438 7.55484e+006 9.98096
405438 7.55484e+006 9.98096
405438 7.55484e+006 9.98096
405438 7.55484e+006 10.054
405438 7.55484e+006 9.98096
405438 7.55484e+006 9.98096
405438 7.55484e+006 9.97475
405438 7.55484e+006 9.97475
405438 7.55484e+006 9.97475
405438 7.55484e+006 9.98096
405438 7.55484e+006 9.97475
405438 7.55484e+006 9.97475
405438 7.55484e+006 10.0378
405438 7.55484e+006 10.0378
405438 7.55484e+006 10.0378
405438 7.55484e+006 9.97475
405438 7.55484e+006 10.0378
405438 7.55484e+006 10.0378
405438 7.55484e+006 10.146
405438 7.55484e+006 10.146
405438 7.55484e+006 10.146
405438 7.55484e+006 10.0378
405438 7.55484e+006 10.146
405438 7.55484e+006 10.258
405438 7.55484e+006 10.3311
405438 7.55484e+006 10.3311
405438 7.55484e+006 10.3373
405438 7.55484e+006 10.2743
405438 7.55484e+006 10.146
405438 7.55484e+006 10.3311
405438 7.55484e+006 10.2743
405438 7.55484e+006 10.2743
405438 7.55484e+006 10.1661
405438 7.55484e+006 10.054
405438 7.55484e+006 10.146
405438 7.55484e+006 10.2743
405438 7.55484e+006 10.054
405438 7.55484e+006 10.054
405438 7.55484e+006 9.98096
405438 7.55484e+006 9.97475
405438 7.55484e+006 10.146
405438 7.55484e+006 10.054
405438 7.55484e+006 9.97475
405438 7.55484e+006 10.0378
405438 7.55484e+006 10.146
405438 7.55484e+006 9.97475
405438 7.55484e+006 10.0378
405438 7.55484e+006 9.97475
405438 7.55484e+006 9.98096
405438 7.55484e+006 9.98096
405438 7.55484e+006 10.054
405438 7.55484e+006 10.1661
405438 7.55484e+006 10.0378
405438 7.55484e+006 9.98096
405438 7.55484e+006 10.1661
405438 7.55484e+006 10.1661
405438 7.55484e+006 10.2743
405438 7.55484e+006 10.3373
405438 7.55484e+006 10.0378
405438 7.55484e+006 10.1661
405438 7.55484e+006 10.3373
405438 7.55484e+006 10.3373
405438 7.55484e+006 10.3311
405438 7.55484e+006 10.258
405438 7.55484e+006 10.0378
405438 7.55484e+006 10.3373
405438 7.55484e+006 10.258
405438 7.55484e+006 10.146
405438 7.55484e+006 10.0378
405438 7.55484e+006 10.258
405439 7.55484e+006 8.41358
405439 7.55484e+006 8.22323
405439 7.55484e+006 8.20083
405439 7.55484e+006 8.20083
405439 7.55484e+006 8.39117
405439 7.55484e+006 8.41358
405439 7.55484e+006 8.39117
405439 7.55484e+006 8.20083
405439 7.55484e+006 8.18699
405439 7.55484e+006 8.18699
405439 7.55484e+006 8.37733
405439 7.55484e+006 8.39117
405439 7.55484e+006 8.37733
405439 7.55484e+006 8.18699
405439 7.55484e+006 8.18699
405439 7.55484e+006 8.18699
405439 7.55484e+006 8.37733
405439 7.55484e+006 8.37733
405439 7.55484e+006 8.37733
405439 7.55484e+006 8.18699
405439 7.55484e+006 8.20083
405439 7.55484e+006 8.20083
405439 7.55484e+006 8.39117
405439 7.55484e+006 8.37733
405439 7.55484e+006 8.39117
405439 7.55484e+006 8.20083
405439 7.55484e+006 8.22323
405439 7.55484e+006 8.22323
405439 7.55484e+006 8.41357
405439 7.55484e+006 8.39117
405439 7.55484e+006 8.41357
405439 7.55484e+006 8.22323
405439 7.55484e+006 8.24563
405439 7.55484e+006 8.24563
405439 7.55484e+006 8.43597
405439 7.55484e+006 8.41357
405439 7.55484e+006 8.43597
405439 7.55484e+006 8.24563
405439 7.55485e+006 8.25948
405439 7.55485e+006 8.25948
405439 7.55485e+006 8.44982
405439 7.55484e+006 8.43597
405439 7.55485e+006 8.44982
405439 7.55485e+006 8.25948
405439 7.55485e+006 8.25947
405439 7.55485e+006 8.25947
405439 7.55485e+006 8.44982
405439 7.55485e+006 8.44982
405439 7.55485e+006 8.44982
405439 7.55485e+006 8.25947
405439 7.55485e+006 8.24563
405439 7.55485e+006 8.24563
405439 7.55485e+006 8.43597
405439 7.55485e+006 8.44982
405439 7.55485e+006 8.43597
405439 7.55485e+006 8.24563
405439 7.55484e+006 8.22323
405439 7.55484e+006 8.22323
405439 7.55484e+006 8.41358
405439 7.55485e+006 8.43597
405439 7.55484e+006 8.41358
405439 7.55484e+006 8.39117
405439 7.55484e+006 8.37733
405439 7.55484e+006 8.37733
405439 7.55484e+006 8.37733
405439 7.55484e+006 8.39117
405439 7.55484e+006 8.41358
405439 7.55484e+006 8.37733
405439 7.55484e+006 8.39117
405439 7.55484e+006 8.39117
405439 7.55484e+006 8.41357
405439 7.55484e+006 8.43597
405439 7.55484e+006 8.41358
405439 7.55484e+006 8.39117
405439 7.55484e+006 8.43597
405439 7.55484e+006 8.43597
405439 7.55485e+006 8.44982
405439 7.55485e+006 8.44982
405439 7.55484e+006 8.41358
405439 7.55484e+006 8.43597
405439 7.55485e+006 8.44982
405439 7.55485e+006 8.43597
405439 7.55484e+006 8.41358
405439 7.55485e+006 8.44982
405439 7.55485e+006 8.24563
405439 7.55485e+006 8.25947
405439 7.55485e+006 8.25948
405439 7.55485e+006 8.25948
405439 7.55484e+006 8.24563
405439 7.55484e+006 8.22323
405439 7.55485e+006 8.24563
405439 7.55485e+006 8.25948
405439 7.55484e+006 8.22323
405439 7.55484e+006 8.22323
405439 7.55484e+006 8.20083
405439 7.55484e+006 8.18699
405439 7.55485e+006 8.24563
405439 7.55484e+006 8.22323
405439 7.55484e+006 8.18699
405439 7.55484e+006 8.18699
405439 7.55484e+006 8.18699
405439 7.55484e+006 8.20083
405439 7.55485e+006 8.24563
405439 7.55484e+006 8.18699
405439 7.55484e+006 8.20083
405439 7.55484e+006 8.22323
405439 7.55485e+006 8.24563
405439 7.55484e+006 8.20083
405437 7.55484e+006 10.1607
405437 7.55484e+006 10.1607
405437 7.55484e+006 10.2727
405437 7.55484e+006 10.2727
405437 7.55484e+006 10.2727
405437 7.55484e+006 10.1607
405437 7.55484e+006 10.2727
405437 7.55484e+006 10.2727
405437 7.55484e+006 10.3458
405437 7.55484e+006 10.3458
405437 7.55484e+006 10.3458
405437 7.55484e+006 10.2727
405437 7.55484e+006 10.3458
405437 7.55484e+006 10.3458
405437 7.55484e+006 10.352
405437 7.55484e+006 10.352
405437 7.55484e+006 10.352
405437 7.55484e+006 10.3458
405437 7.55484e+006 10.352
405437 7.55484e+006 10.352
405437 7.55484e+006 10.2889
405437 7.55484e+006 10.2889
405437 7.55484e+006 10.2889
405437 7.55484e+006 10.352
405437 7.55484e+006 10.2889
405437 7.55484e+006 10.2889
405437 7.55484e+006 10.1807
405437 7.55484e+006 10.1807
405437 7.55484e+006 10.1807
405437 7.55484e+006 10.2889
405437 7.55484e+006 10.1807
405437 7.55484e+006 10.1807
405437 7.55484e+006 10.0687
405437 7.55484e+006 10.0687
405437 7.55484e+006 10.0687
405437 7.55484e+006 10.1807
405437 7.55484e+006 10.0687
405437 7.55484e+006 10.0687
405437 7.55484e+006 9.99564
405437 7.55484e+006 9.99564
405437 7.55484e+006 9.99564
405437 7.55484e+006 10.0687
405437 7.55484e+006 9.99564
405437 7.55484e+006 9.99564
405437 7.55484e+006 9.98943
405437 7.55484e+006 9.98943
405437 7.55484e+006 9.98943
405437 7.55484e+006 9.99564
405437 7.55484e+006 9.98943
405437 7.55484e+006 9.98943
405437 7.55484e+006 10.0525
405437 7.55484e+006 10.0525
405437 7.55484e+006 10.0525
405437 7.55484e+006 9.98943
405437 7.55484e+006 10.0525
405437 7.55484e+006 10.0525
405437 7.55484e+006 10.1607
405437 7.55484e+006 10.1607
405437 7.55484e+006 10.1607
405437 7.55484e+006 10.0525
405437 7.55484e+006 10.1607
405437 7.55484e+006 10.2727
405437 7.55484e+006 10.3458
405437 7.55484e+006 10.3458
405437 7.55484e+006 10.352
405437 7.55484e+006 10.2889
405437 7.55484e+006 10.1607
405437 7.55484e+006 10.3458
405437 7.55484e+006 10.2889
405437 7.55484e+006 10.2889
405437 7.55484e+006 10.1807
405437 7.55484e+006 10.0687
405437 7.55484e+006 10.1607
405437 7.55484e+006 10.2889
405437 7.55484e+006 10.0687
405437 7.55484e+006 10.0687
405437 7.55484e+006 9.99564
405437 7.55484e+006 9.98943
405437 7.55484e+006 10.1607
405437 7.55484e+006 10.0687
405437 7.55484e+006 9.98943
405437 7.55484e+006 10.0525
405437 7.55484e+006 10.1607
405437 7.55484e+006 9.98943
405437 7.55484e+006 10.0525
405437 7.55484e+006 9.98943
405437 7.55484e+006 9.99564
405437 7.55484e+006 9.99564
405437 7.55484e+006 10.0687
405437 7.55484e+006 10.1807
405437 7.55484e+006 10.0525
405437 7.55484e+006 9.99564
405437 7.55484e+006 10.1807
405437 7.55484e+006 10.1807
405437 7.55484e+006 10.2889
405437 7.55484e+006 10.352
405437 7.55484e+006 10.0525
405437 7.55484e+006 10.1807
405437 7.55484e+006 10.352
405437 7.55484e+006 10.352
405437 7.55484e+006 10.3458
405437 7.55484e+006 10.2727
405437 7.55484e+006 10.0525
405437 7.55484e+006 10.352
405437 7.55484e+006 10.2727
405437 7.55484e+006 10.1607
405437 7.55484e+006 10.0525
405437 7.55484e+006 10.2727
405438 7.55485e+006 8.39209
405438 7.55485e+006 8.22459
405438 7.55485e+006 8.20488
405438 7.55485e+006 8.20488
405438 7.55485e+006 8.37238
405438 7.55485e+006 8.39209
405438 7.55485e+006 8.37238
405438 7.55485e+006 8.20488
405438 7.55485e+006 8.1927
405438 7.55485e+006 8.1927
405438 7.55485e+006 8.36019
405438 7.55485e+006 8.37238
405438 7.55485e+006 8.36019
405438 7.55485e+006 8.1927
405438 7.55484e+006 8.1927
405438 7.55484e+006 8.1927
405438 7.55484e+006 8.36019
405438 7.55485e+006 8.36019
405438 7.55484e+006 8.36019
405438 7.55484e+006 8.1927
405438 7.55485e+006 8.20488
405438 7.55485e+006 8.20488
405438 7.55484e+006 8.37238
405438 7.55484e+006 8.36019
405438 7.55484e+006 8.37238
405438 7.55485e+006 8.20488
405438 7.55485e+006 8.22459
405438 7.55485e+006 8.22459
405438 7.55485e+006 8.39209
405438 7.55484e+006 8.37238
405438 7.55485e+006 8.39209
405438 7.55485e+006 8.22459
405438 7.55485e+006 8.2443
405438 7.55485e+006 8.2443
405438 7.55485e+006 8.4118
405438 7.55485e+006 8.39209
405438 7.55485e+006 8.4118
405438 7.55485e+006 8.2443
405438 7.55485e+006 8.25648
405438 7.55485e+006 8.25648
405438 7.55485e+006 8.42399
405438 7.55485e+006 8.4118
405438 7.55485e+006 8.42399
405438 7.55485e+006 8.25648
405438 7.55485e+006 8.25648
405438 7.55485e+006 8.25648
405438 7.55485e+006 8.42398
405438 7.55485e+006 8.42399
405438 7.55485e+006 8.42398
405438 7.55485e+006 8.25648
405438 7.55485e+006 8.2443
405438 7.55485e+006 8.2443
405438 7.55485e+006 8.4118
405438 7.55485e+006 8.42398
405438 7.55485e+006 8.4118
405438 7.55485e+006 8.2443
405438 7.55485e+006 8.22459
405438 7.55485e+006 8.22459
405438 7.55485e+006 8.39209
405438 7.55485e+006 8.4118
405438 7.55485e+006 8.39209
405438 7.55485e+006 8.37238
405438 7.55485e+006 8.36019
405438 7.55485e+006 8.36019
405438 7.55484e+006 8.36019
405438 7.55484e+006 8.37238
405438 7.55485e+006 8.39209
405438 7.55485e+006 8.36019
405438 7.55484e+006 8.37238
405438 7.55484e+006 8.37238
405438 7.55485e+006 8.39209
405438 7.55485e+006 8.4118
405438 7.55485e+006 8.39209
405438 7.55484e+006 8.37238
405438 7.55485e+006 8.4118
405438 7.55485e+006 8.4118
405438 7.55485e+006 8.42399
405438 7.55485e+006 8.42398
405438 7.55485e+006 8.39209
405438 7.55485e+006 8.4118
405438 7.55485e+006 8.42398
405438 7.55485e+006 8.4118
405438 7.55485e+006 8.39209
405438 7.55485e+006 8.42398
405438 7.55485e+006 8.2443
405438 7.55485e+006 8.25648
405438 7.55485e+006 8.25648
405438 7.55485e+006 8.25648
405438 7.55485e+006 8.2443
405438 7.55485e+006 8.22459
405438 7.55485e+006 8.2443
405438 7.55485e+006 8.25648
405438 7.55485e+006 8.22459
405438 7.55485e+006 8.22459
405438 7.55485e+006 8.20488
405438 7.55484e+006 8.1927
405438 7.55485e+006 8.2443
405438 7.55485e+006 8.22459
405438 7.55484e+006 8.1927
405438 7.55484e+006 8.1927
405438 7.55485e+006 8.1927
405438 7.55485e+006 8.20488
405438 7.55485e+006 8.2443
405438 7.55484e+006 8.1927
405438 7.55485e+006 8.20488
405438 7.55485e+006 8.22459
405438 7.55485e+006 8.2443
405438 7.55485e+006 8.20488
