405426 7.55479e+006 24.3527
405426 7.55479e+006 24.3527
405426 7.55479e+006 24.1527
405426 7.55479e+006 24.1527
405426 7.55479e+006 24.2027
405426 7.55479e+006 24.3527
405426 7.55479e+006 24.2027
405426 7.55479e+006 24.1527
405426 7.55479e+006 24.0063
405426 7.55479e+006 24.0063
405426 7.55479e+006 24.0929
405426 7.55479e+006 24.2027
405426 7.55479e+006 23.9197
405426 7.55479e+006 24.0063
405426 7.55479e+006 24.1527
405426 7.55479e+006 24.1527
405426 7.55479e+006 24.1027
405426 7.55479e+006 23.9197
405426 7.55479e+006 24.1027
405426 7.55479e+006 24.1527
405426 7.55479e+006 24.3527
405426 7.55479e+006 24.3527
405426 7.55479e+006 24.3527
405426 7.55479e+006 24.1027
405426 7.55479e+006 24.3527
405426 7.55479e+006 24.3527
405426 7.55479e+006 24.2393
405426 7.55479e+006 24.2393
405426 7.55479e+006 24.2527
405426 7.55479e+006 24.3527
405426 7.55479e+006 24.2527
405426 7.55479e+006 24.2393
405426 7.55479e+006 24.1563
405426 7.55479e+006 24.1563
405426 7.55479e+006 24.1795
405426 7.55479e+006 24.2527
405426 7.55479e+006 24.0929
405426 7.55479e+006 24.1563
405426 7.55479e+006 24.2393
405426 7.55479e+006 24.2393
405426 7.55479e+006 24.2027
405426 7.55479e+006 24.0929
405426 7.55479e+006 24.2027
405426 7.55479e+006 24.2393
405426 7.55479e+006 24.3527
405426 7.55479e+006 24.3527
405426 7.55479e+006 24.3527
405426 7.55479e+006 24.2027
405426 7.55479e+006 24.3527
405426 7.55479e+006 24.3527
405426 7.55479e+006 24.2393
405426 7.55479e+006 24.2393
405426 7.55479e+006 24.2027
405426 7.55479e+006 24.3527
405426 7.55479e+006 24.2027
405426 7.55479e+006 24.2393
405426 7.55479e+006 24.1563
405426 7.55479e+006 24.1563
405426 7.55479e+006 24.0929
405426 7.55479e+006 24.2027
405426 7.55479e+006 24.1795
405426 7.55479e+006 24.1563
405426 7.55479e+006 24.2393
405426 7.55479e+006 24.2393
405426 7.55479e+006 24.2527
405426 7.55479e+006 24.1795
405426 7.55479e+006 24.2527
405426 7.55479e+006 24.2393
405426 7.55479e+006 24.3527
405426 7.55479e+006 24.3527
405426 7.55479e+006 24.3527
405426 7.55479e+006 24.2527
405426 7.55479e+006 24.3527
405426 7.55479e+006 24.3527
405426 7.55479e+006 24.1527
405426 7.55479e+006 24.1527
405426 7.55479e+006 24.1027
405426 7.55479e+006 24.3527
405426 7.55479e+006 24.1027
405426 7.55479e+006 24.1527
405426 7.55479e+006 24.0063
405426 7.55479e+006 24.0063
405426 7.55479e+006 23.9197
405426 7.55479e+006 24.1027
405426 7.55479e+006 24.0929
405426 7.55479e+006 24.0063
405426 7.55479e+006 24.1527
405426 7.55479e+006 24.1527
405426 7.55479e+006 24.2027
405426 7.55479e+006 24.0929
405426 7.55479e+006 24.2027
405426 7.55479e+006 24.1527
405426 7.55479e+006 24.3527
405426 7.55479e+006 24.3527
405426 7.55479e+006 24.3527
405426 7.55479e+006 24.2027
405426 7.55479e+006 24.3527
405426 7.55479e+006 24.3527
405426 7.55479e+006 24.0661
405426 7.55479e+006 24.0661
405426 7.55479e+006 24.0527
405426 7.55479e+006 24.3527
405426 7.55479e+006 24.0527
405426 7.55479e+006 24.0661
405426 7.55479e+006 23.8563
405426 7.55479e+006 23.8563
405426 7.55479e+006 23.8331
405426 7.55479e+006 24.0527
405426 7.55479e+006 23.9197
405426 7.55479e+006 23.8563
405426 7.55479e+006 24.0661
405426 7.55479e+006 24.0661
405426 7.55479e+006 24.1027
405426 7.55479e+006 23.9197
405426 7.55479e+006 24.1027
405426 7.55479e+006 24.0661
405426 7.55479e+006 24.3527
405426 7.55479e+006 24.3527
405426 7.55479e+006 24.3527
405426 7.55479e+006 24.1027
405426 7.55479e+006 24.3527
405426 7.55479e+006 24.3527
405426 7.55479e+006 24.0661
405426 7.55479e+006 24.0661
405426 7.55479e+006 24.1027
405426 7.55479e+006 24.3527
405426 7.55479e+006 24.1027
405426 7.55479e+006 24.0661
405426 7.55479e+006 23.8563
405426 7.55479e+006 23.8563
405426 7.55479e+006 23.9197
405426 7.55479e+006 24.1027
405426 7.55479e+006 23.8331
405426 7.55479e+006 23.8563
405426 7.55479e+006 24.0661
405426 7.55479e+006 24.0661
405426 7.55479e+006 24.0527
405426 7.55479e+006 23.8331
405426 7.55479e+006 24.0527
405426 7.55479e+006 24.0661
405426 7.55479e+006 24.3527
405426 7.55479e+006 24.3527
405426 7.55479e+006 24.3527
405426 7.55479e+006 24.0527
405426 7.55479e+006 23.8527
405426 7.55479e+006 23.9527
405426 7.55479e+006 24.0063
405426 7.55479e+006 24.0063
405426 7.55479e+006 23.9197
405426 7.55479e+006 23.8527
405426 7.55479e+006 23.7527
405426 7.55479e+006 23.7795
405426 7.55479e+006 23.8563
405426 7.55479e+006 23.8563
405426 7.55479e+006 23.8331
405426 7.55479e+006 23.7527
405426 7.55479e+006 23.8527
405426 7.55479e+006 23.7795
405426 7.55479e+006 23.8563
405426 7.55479e+006 23.8563
405426 7.55479e+006 23.9197
405426 7.55479e+006 23.8527
405426 7.55479e+006 24.0527
405426 7.55479e+006 23.9527
405426 7.55479e+006 24.0063
405426 7.55479e+006 24.0063
405426 7.55479e+006 24.0929
405426 7.55479e+006 24.0527
405426 7.55479e+006 24.1527
405426 7.55479e+006 24.1259
405426 7.55479e+006 24.1563
405426 7.55479e+006 24.1563
405426 7.55479e+006 24.1795
405426 7.55479e+006 24.1527
405426 7.55479e+006 24.0527
405426 7.55479e+006 24.1259
405426 7.55479e+006 24.1563
405426 7.55479e+006 24.1563
405426 7.55479e+006 24.0929
405426 7.55479e+006 24.0527
405426 7.55479e+006 24.1795
405426 7.55479e+006 24.1563
405426 7.55479e+006 24.1259
405426 7.55479e+006 24.1259
405426 7.55479e+006 24.1527
405426 7.55479e+006 24.1795
405426 7.55479e+006 24.0929
405426 7.55479e+006 24.0063
405426 7.55479e+006 23.9527
405426 7.55479e+006 23.9527
405426 7.55479e+006 24.0527
405426 7.55479e+006 24.0929
405426 7.55479e+006 23.9197
405426 7.55479e+006 23.8563
405426 7.55479e+006 23.7795
405426 7.55479e+006 23.7795
405426 7.55479e+006 23.8527
405426 7.55479e+006 23.9197
405426 7.55479e+006 23.8331
405426 7.55479e+006 23.8563
405426 7.55479e+006 23.7795
405426 7.55479e+006 23.7795
405426 7.55479e+006 23.7527
405426 7.55479e+006 23.8331
405426 7.55479e+006 23.9197
405426 7.55479e+006 24.0063
405426 7.55479e+006 23.9527
405426 7.55479e+006 23.9527
405426 7.55479e+006 23.8527
405426 7.55479e+006 23.9197
405426 7.55479e+006 24.0929
405426 7.55479e+006 24.1563
405426 7.55479e+006 24.1259
405426 7.55479e+006 24.1259
405426 7.55479e+006 24.0527
405426 7.55479e+006 24.0929
405426 7.55479e+006 24.3527
405426 7.55479e+006 30.2023
405426 7.55479e+006 30.2024
405426 7.55479e+006 30.2024
405426 7.55479e+006 24.3527
405426 7.55479e+006 24.3527
405426 7.55479e+006 30.2023
405426 7.55479e+006 24.3527
405426 7.55479e+006 24.3527
405426 7.55479e+006 24.3527
405426 7.55479e+006 30.2023
405426 7.55479e+006 30.2023
405426 7.55479e+006 24.3527
405426 7.55479e+006 30.2023
405426 7.55479e+006 30.2023
405426 7.55479e+006 30.2023
405426 7.55479e+006 24.3527
405426 7.55479e+006 24.3527
405426 7.55479e+006 30.2023
405426 7.55479e+006 24.3527
405426 7.55479e+006 24.3527
405426 7.55479e+006 24.3527
405426 7.55479e+006 30.2023
405426 7.55479e+006 30.2023
405426 7.55479e+006 24.3527
405426 7.55479e+006 30.2023
405426 7.55479e+006 30.2023
405426 7.55479e+006 30.2023
405426 7.55479e+006 24.3527
405426 7.55479e+006 24.3527
405426 7.55479e+006 30.2023
405426 7.55479e+006 24.3527
405426 7.55479e+006 24.3527
405426 7.55479e+006 24.3527
405426 7.55479e+006 30.2027
405426 7.55479e+006 30.2023
405426 7.55479e+006 24.3527
405426 7.55479e+006 30.2024
405426 7.55479e+006 30.2027
405426 7.55479e+006 30.2027
405426 7.55479e+006 24.3527
405426 7.55479e+006 24.3527
405426 7.55479e+006 30.2024
405426 7.55479e+006 24.3527
405426 7.55479e+006 24.3527
405426 7.55479e+006 24.3527
405426 7.55479e+006 30.2024
405426 7.55479e+006 30.2024
405426 7.55479e+006 24.3527
405426 7.55479e+006 30.2024
405426 7.55479e+006 30.2024
405426 7.55479e+006 30.2024
405426 7.55479e+006 24.3527
405426 7.55479e+006 24.3527
405426 7.55479e+006 30.2024
405426 7.55479e+006 24.3527
405426 7.55479e+006 24.3527
405426 7.55479e+006 24.3527
405426 7.55479e+006 30.2024
405426 7.55479e+006 30.2024
405426 7.55479e+006 24.3527
405426 7.55479e+006 30.2024
405426 7.55479e+006 30.2024
405426 7.55479e+006 30.2024
405426 7.55479e+006 24.3527
405426 7.55479e+006 24.3527
405426 7.55479e+006 30.2024
405426 7.55479e+006 24.3527
405426 7.55479e+006 24.3527
405426 7.55479e+006 24.3527
405426 7.55479e+006 30.2024
405426 7.55479e+006 30.2024
405426 7.55479e+006 30.2024
405426 7.55479e+006 30.2024
405426 7.55479e+006 30.402
405426 7.55479e+006 30.402
405426 7.55479e+006 30.352
405426 7.55479e+006 30.2024
405426 7.55479e+006 30.352
405426 7.55479e+006 30.402
405426 7.55479e+006 30.5485
405426 7.55479e+006 30.5485
405426 7.55479e+006 30.4619
405426 7.55479e+006 30.352
405426 7.55479e+006 30.6351
405426 7.55479e+006 30.5485
405426 7.55479e+006 30.402
405426 7.55479e+006 30.402
405426 7.55479e+006 30.452
405426 7.55479e+006 30.6351
405426 7.55479e+006 30.452
405426 7.55479e+006 30.402
405426 7.55479e+006 30.2024
405426 7.55479e+006 30.2024
405426 7.55479e+006 30.2024
405426 7.55479e+006 30.452
405426 7.55479e+006 30.302
405426 7.55479e+006 30.3154
405426 7.55479e+006 30.3984
405426 7.55479e+006 30.3984
405426 7.55479e+006 30.3752
405426 7.55479e+006 30.302
405426 7.55479e+006 30.4619
405426 7.55479e+006 30.3984
405426 7.55479e+006 30.3154
405426 7.55479e+006 30.3154
405426 7.55479e+006 30.352
405426 7.55479e+006 30.4619
405426 7.55479e+006 30.352
405426 7.55479e+006 30.3154
405426 7.55479e+006 30.2024
405426 7.55479e+006 30.2024
405426 7.55479e+006 30.2024
405426 7.55479e+006 30.352
405426 7.55479e+006 30.2023
405426 7.55479e+006 30.2023
405426 7.55479e+006 30.3154
405426 7.55479e+006 30.3154
405426 7.55479e+006 30.352
405426 7.55479e+006 30.2023
405426 7.55479e+006 30.352
405426 7.55479e+006 30.3154
405426 7.55479e+006 30.3984
405426 7.55479e+006 30.3984
405426 7.55479e+006 30.4618
405426 7.55479e+006 30.352
405426 7.55479e+006 30.3752
405426 7.55479e+006 30.3984
405426 7.55479e+006 30.3154
405426 7.55479e+006 30.3154
405426 7.55479e+006 30.302
405426 7.55479e+006 30.3752
405426 7.55479e+006 30.2023
405426 7.55479e+006 30.2023
405426 7.55479e+006 30.402
405426 7.55479e+006 30.402
405426 7.55479e+006 30.452
405426 7.55479e+006 30.2023
405426 7.55479e+006 30.452
405426 7.55479e+006 30.402
405426 7.55479e+006 30.5484
405426 7.55479e+006 30.5484
405426 7.55479e+006 30.635
405426 7.55479e+006 30.452
405426 7.55479e+006 30.4618
405426 7.55479e+006 30.5484
405426 7.55479e+006 30.402
405426 7.55479e+006 30.402
405426 7.55479e+006 30.352
405426 7.55479e+006 30.4618
405426 7.55479e+006 30.352
405426 7.55479e+006 30.402
405426 7.55479e+006 30.2023
405426 7.55479e+006 30.2023
405426 7.55479e+006 30.2023
405426 7.55479e+006 30.352
405426 7.55479e+006 30.2024
405426 7.55479e+006 30.2023
405426 7.55479e+006 30.4886
405426 7.55479e+006 30.4886
405426 7.55479e+006 30.502
405426 7.55479e+006 30.2024
405426 7.55479e+006 30.502
405426 7.55479e+006 30.4886
405426 7.55479e+006 30.6984
405426 7.55479e+006 30.6984
405426 7.55479e+006 30.7217
405426 7.55479e+006 30.502
405426 7.55479e+006 30.635
405426 7.55479e+006 30.6984
405426 7.55479e+006 30.4886
405426 7.55479e+006 30.4886
405426 7.55479e+006 30.452
405426 7.55479e+006 30.635
405426 7.55479e+006 30.452
405426 7.55479e+006 30.4886
405426 7.55479e+006 30.2023
405426 7.55479e+006 30.2023
405426 7.55479e+006 30.2023
405426 7.55479e+006 30.452
405426 7.55479e+006 30.2024
405426 7.55479e+006 30.2024
405426 7.55479e+006 30.4886
405426 7.55479e+006 30.4886
405426 7.55479e+006 30.452
405426 7.55479e+006 30.2024
405426 7.55479e+006 30.452
405426 7.55479e+006 30.4886
405426 7.55479e+006 30.6985
405426 7.55479e+006 30.6985
405426 7.55479e+006 30.6351
405426 7.55479e+006 30.452
405426 7.55479e+006 30.7217
405426 7.55479e+006 30.6985
405426 7.55479e+006 30.4886
405426 7.55479e+006 30.4886
405426 7.55479e+006 30.502
405426 7.55479e+006 30.7217
405426 7.55479e+006 30.502
405426 7.55479e+006 30.4886
405426 7.55479e+006 30.2024
405426 7.55479e+006 30.2024
405426 7.55479e+006 30.2024
405426 7.55479e+006 30.502
405427 7.55479e+006 30.702
405427 7.55479e+006 30.602
405426 7.55479e+006 30.5485
405426 7.55479e+006 30.5485
405426 7.55479e+006 30.6351
405427 7.55479e+006 30.702
405426 7.55479e+006 30.802
405427 7.55479e+006 30.7752
405426 7.55479e+006 30.6985
405426 7.55479e+006 30.6985
405426 7.55479e+006 30.7217
405426 7.55479e+006 30.802
405426 7.55479e+006 30.702
405426 7.55479e+006 30.7752
405426 7.55479e+006 30.6984
405426 7.55479e+006 30.6984
405426 7.55479e+006 30.635
405426 7.55479e+006 30.702
405426 7.55479e+006 30.502
405426 7.55479e+006 30.602
405426 7.55479e+006 30.5484
405426 7.55479e+006 30.5484
405426 7.55479e+006 30.4618
405426 7.55479e+006 30.502
405426 7.55479e+006 30.402
405426 7.55479e+006 30.4288
405426 7.55479e+006 30.3984
405426 7.55479e+006 30.3984
405426 7.55479e+006 30.3752
405426 7.55479e+006 30.402
405427 7.55479e+006 30.502
405427 7.55479e+006 30.4288
405426 7.55479e+006 30.3984
405426 7.55479e+006 30.3984
405426 7.55479e+006 30.4619
405427 7.55479e+006 30.502
405426 7.55479e+006 30.3752
405426 7.55479e+006 30.3984
405427 7.55479e+006 30.4288
405427 7.55479e+006 30.4288
405426 7.55479e+006 30.402
405426 7.55479e+006 30.3752
405426 7.55479e+006 30.4619
405426 7.55479e+006 30.5485
405427 7.55479e+006 30.602
405427 7.55479e+006 30.602
405427 7.55479e+006 30.502
405426 7.55479e+006 30.4619
405426 7.55479e+006 30.6351
405426 7.55479e+006 30.6985
405427 7.55479e+006 30.7752
405427 7.55479e+006 30.7752
405427 7.55479e+006 30.702
405426 7.55479e+006 30.6351
405426 7.55479e+006 30.7217
405426 7.55479e+006 30.6984
405426 7.55479e+006 30.7752
405426 7.55479e+006 30.7752
405426 7.55479e+006 30.802
405426 7.55479e+006 30.7217
405426 7.55479e+006 30.635
405426 7.55479e+006 30.5484
405426 7.55479e+006 30.602
405426 7.55479e+006 30.602
405426 7.55479e+006 30.702
405426 7.55479e+006 30.635
405426 7.55479e+006 30.4618
405426 7.55479e+006 30.3984
405426 7.55479e+006 30.4288
405426 7.55479e+006 30.4288
405426 7.55479e+006 30.502
405426 7.55479e+006 30.4618
405426 7.55479e+006 30.3154
405426 7.55479e+006 30.302
405426 7.55479e+006 30.2027
405426 7.55479e+006 30.2027
405426 7.55479e+006 30.2024
405426 7.55479e+006 30.3154
405426 7.55479e+006 30.302
405426 7.55479e+006 30.3154
405426 7.55479e+006 30.2023
405426 7.55479e+006 30.2023
405426 7.55479e+006 30.2027
405426 7.55479e+006 30.302
