405400 7.55482e+006 41.0044
405387 7.55481e+006 43.7762
405387 7.55481e+006 43.753
405387 7.55481e+006 43.753
405400 7.55482e+006 40.9812
405400 7.55482e+006 41.0044
405399 7.55482e+006 41.0044
405400 7.55482e+006 41.0044
405400 7.55482e+006 40.9812
405400 7.55482e+006 40.9812
405399 7.55482e+006 40.9812
405399 7.55482e+006 41.0044
405387 7.55481e+006 43.7762
405399 7.55482e+006 41.0044
405399 7.55482e+006 40.9812
405399 7.55482e+006 40.9812
405387 7.55481e+006 43.753
405387 7.55481e+006 43.7762
405369 7.55481e+006 49.6629
405369 7.55481e+006 49.6396
405387 7.55481e+006 43.753
405387 7.55481e+006 43.753
405387 7.55481e+006 43.7762
405369 7.55481e+006 49.6629
405368 7.55481e+006 49.6396
405368 7.55481e+006 49.6629
405387 7.55481e+006 43.7762
405387 7.55481e+006 43.7762
405387 7.55481e+006 43.753
405368 7.55481e+006 49.6396
405363 7.55481e+006 51.2028
405363 7.55481e+006 51.1796
405369 7.55481e+006 49.6396
405369 7.55481e+006 49.6396
405369 7.55481e+006 49.6629
405363 7.55481e+006 51.2028
405363 7.55481e+006 51.1796
405363 7.55481e+006 51.2028
405368 7.55481e+006 49.6629
405368 7.55481e+006 49.6629
405368 7.55481e+006 49.6396
405363 7.55481e+006 51.1796
405360 7.55481e+006 52.3167
405360 7.55481e+006 52.2935
405363 7.55481e+006 51.1796
405363 7.55481e+006 51.1796
405363 7.55481e+006 51.2028
405360 7.55481e+006 52.3167
405360 7.55481e+006 52.2935
405360 7.55481e+006 52.3167
405363 7.55481e+006 51.2028
405363 7.55481e+006 51.2028
405363 7.55481e+006 51.1796
405360 7.55481e+006 52.2935
405358 7.5548e+006 52.9981
405358 7.5548e+006 52.9749
405360 7.55481e+006 52.2935
405360 7.55481e+006 52.2935
405360 7.55481e+006 52.3167
405358 7.5548e+006 52.9981
405357 7.5548e+006 52.9749
405357 7.5548e+006 52.9981
405360 7.55481e+006 52.3167
405360 7.55481e+006 52.3167
405360 7.55481e+006 52.2935
405357 7.5548e+006 52.9749
405357 7.5548e+006 53.2888
405357 7.5548e+006 53.2656
405358 7.5548e+006 52.9749
405358 7.5548e+006 52.9749
405358 7.5548e+006 52.9981
405357 7.5548e+006 53.2888
405356 7.55481e+006 53.2888
405356 7.55481e+006 53.2656
405357 7.5548e+006 53.2656
405357 7.5548e+006 53.2656
405357 7.5548e+006 53.2888
405356 7.55481e+006 53.2888
405357 7.55481e+006 52.9749
405357 7.55481e+006 52.9981
405357 7.5548e+006 52.9981
405357 7.5548e+006 52.9981
405357 7.5548e+006 52.9749
405357 7.55481e+006 52.9749
405357 7.55481e+006 52.9749
405356 7.55481e+006 53.2656
405356 7.55481e+006 53.2888
405356 7.55481e+006 53.2888
405357 7.55481e+006 52.9981
405357 7.55481e+006 52.9749
