405431 7.55479e+006 24.4527
405430 7.55478e+006 24.4526
405430 7.55478e+006 24.7026
405430 7.55478e+006 24.7026
405431 7.55479e+006 24.7027
405431 7.55479e+006 24.4527
405432 7.55478e+006 24.7027
405431 7.55478e+006 24.7026
405431 7.55478e+006 24.4526
405431 7.55478e+006 24.4526
405432 7.55478e+006 24.4527
405432 7.55478e+006 24.7027
405431 7.55479e+006 24.4527
405431 7.55479e+006 24.7027
405432 7.55478e+006 24.7027
405432 7.55478e+006 24.7027
405432 7.55478e+006 24.4527
405431 7.55479e+006 24.4527
405430 7.55478e+006 24.7026
405430 7.55478e+006 24.4526
405431 7.55478e+006 24.4526
405431 7.55478e+006 24.4526
405431 7.55478e+006 24.7026
405430 7.55478e+006 24.7026
