400523 7.55246e+006 21.214
400523 7.55246e+006 21.214
400529 7.55246e+006 21.214
400529 7.55246e+006 21.214
400529 7.55246e+006 21.214
400523 7.55246e+006 21.214
400523 7.55246e+006 23.6469
400529 7.55246e+006 23.6469
400529 7.55246e+006 23.6469
400529 7.55246e+006 23.6469
400523 7.55246e+006 23.6469
400523 7.55246e+006 23.6469
400523 7.55246e+006 23.6469
400529 7.55246e+006 23.6469
400529 7.55246e+006 21.214
400529 7.55246e+006 21.214
400523 7.55246e+006 21.214
400523 7.55246e+006 23.6469
400523 7.55246e+006 23.6469
400523 7.55246e+006 23.6469
400523 7.55246e+006 21.214
400523 7.55246e+006 21.214
400523 7.55246e+006 21.214
400523 7.55246e+006 23.6469
400529 7.55246e+006 23.6469
400523 7.55246e+006 23.6469
400523 7.55246e+006 21.214
400523 7.55246e+006 21.214
400529 7.55246e+006 21.214
400529 7.55246e+006 23.6469
400529 7.55246e+006 23.6469
400529 7.55246e+006 23.6469
400529 7.55246e+006 21.214
400529 7.55246e+006 21.214
400529 7.55246e+006 21.214
400529 7.55246e+006 23.6469
