405415 7.55479e+006 24.1792
405415 7.55479e+006 21.8484
405415 7.55479e+006 21.8485
405415 7.55479e+006 21.8485
405415 7.55479e+006 24.1792
405415 7.55479e+006 24.1792
405412 7.55479e+006 21.8456
405412 7.55479e+006 24.1764
405413 7.55479e+006 24.1765
405413 7.55479e+006 24.1765
405413 7.55479e+006 21.8457
405412 7.55479e+006 21.8456
405415 7.55479e+006 24.1792
405412 7.55479e+006 24.1764
405412 7.55479e+006 21.8456
405412 7.55479e+006 21.8456
405415 7.55479e+006 21.8484
405415 7.55479e+006 24.1792
405415 7.55479e+006 24.1792
405413 7.55479e+006 24.1765
405412 7.55479e+006 24.1764
405412 7.55479e+006 24.1764
405415 7.55479e+006 24.1792
405415 7.55479e+006 24.1792
405415 7.55479e+006 21.8485
405413 7.55479e+006 21.8457
405413 7.55479e+006 24.1765
405413 7.55479e+006 24.1765
405415 7.55479e+006 24.1792
405415 7.55479e+006 21.8485
