405449 7.55481e+006 19.9129
405451 7.5548e+006 19.9129
405448 7.5548e+006 19.9129
405448 7.5548e+006 19.9129
405446 7.5548e+006 19.9129
405449 7.55481e+006 19.9129
405449 7.55481e+006 22.3458
405446 7.5548e+006 22.3458
405448 7.5548e+006 22.3458
405448 7.5548e+006 22.3458
405451 7.5548e+006 22.3458
405449 7.55481e+006 22.3458
405449 7.55481e+006 19.9129
405446 7.5548e+006 19.9129
405446 7.5548e+006 22.3458
405446 7.5548e+006 22.3458
405449 7.55481e+006 22.3458
405449 7.55481e+006 19.9129
405446 7.5548e+006 19.9129
405448 7.5548e+006 19.9129
405448 7.5548e+006 22.3458
405448 7.5548e+006 22.3458
405446 7.5548e+006 22.3458
405446 7.5548e+006 19.9129
405448 7.5548e+006 19.9129
405451 7.5548e+006 19.9129
405451 7.5548e+006 22.3458
405451 7.5548e+006 22.3458
405448 7.5548e+006 22.3458
405448 7.5548e+006 19.9129
405451 7.5548e+006 19.9129
405449 7.55481e+006 19.9129
405449 7.55481e+006 22.3458
405449 7.55481e+006 22.3458
405451 7.5548e+006 22.3458
405451 7.5548e+006 19.9129
