405414 7.5548e+006 20.8116
405408 7.5548e+006 20.8054
405407 7.5548e+006 20.8053
405407 7.5548e+006 20.8053
405414 7.5548e+006 20.8115
405414 7.5548e+006 20.8116
405407 7.5548e+006 20.8044
405406 7.5548e+006 20.8043
405407 7.5548e+006 20.8053
405407 7.5548e+006 20.8053
405408 7.5548e+006 20.8054
405407 7.5548e+006 20.8044
405407 7.5548e+006 20.8044
405407 7.5548e+006 20.8044
405408 7.5548e+006 20.8054
405408 7.5548e+006 20.8054
405408 7.5548e+006 20.8054
405407 7.5548e+006 20.8044
405407 7.55481e+006 19.9215
405407 7.55481e+006 19.9213
405406 7.5548e+006 19.9213
405406 7.5548e+006 19.9213
405406 7.5548e+006 19.9214
405407 7.55481e+006 19.9215
405407 7.55481e+006 20.0817
405407 7.55481e+006 20.0815
405406 7.5548e+006 20.0814
405406 7.5548e+006 20.0814
405407 7.5548e+006 20.0816
405407 7.55481e+006 20.0817
405407 7.55481e+006 20.2419
405407 7.55481e+006 20.2417
405407 7.5548e+006 20.2416
405407 7.5548e+006 20.2416
405407 7.5548e+006 20.2418
405407 7.55481e+006 20.2419
405407 7.5548e+006 20.4021
405407 7.55481e+006 20.4019
405407 7.5548e+006 20.4018
405407 7.5548e+006 20.4018
405407 7.5548e+006 20.402
405407 7.5548e+006 20.4021
405408 7.5548e+006 20.5622
405407 7.5548e+006 20.5621
405407 7.5548e+006 20.562
405407 7.5548e+006 20.562
405407 7.5548e+006 20.5622
405408 7.5548e+006 20.5622
405415 7.5548e+006 21.5202
405415 7.5548e+006 21.52
405414 7.5548e+006 21.5199
405414 7.5548e+006 21.5199
405415 7.5548e+006 21.5201
405415 7.5548e+006 21.5202
405415 7.5548e+006 21.3686
405414 7.5548e+006 21.3685
405414 7.5548e+006 21.3684
405414 7.5548e+006 21.3684
405414 7.5548e+006 21.3686
405415 7.5548e+006 21.3686
405415 7.5548e+006 21.2171
405414 7.5548e+006 21.2169
405414 7.5548e+006 21.2169
405414 7.5548e+006 21.2169
405414 7.5548e+006 21.217
405415 7.5548e+006 21.2171
405414 7.5548e+006 21.0643
405414 7.5548e+006 21.0641
405414 7.5548e+006 21.064
405414 7.5548e+006 21.064
405414 7.5548e+006 21.0642
405414 7.5548e+006 21.0643
405414 7.5548e+006 20.9127
405414 7.5548e+006 20.9125
405414 7.5548e+006 20.9125
405414 7.5548e+006 20.9125
405414 7.5548e+006 20.9127
405414 7.5548e+006 20.9127
405411 7.55479e+006 20.8112
405405 7.5548e+006 20.8049
405405 7.5548e+006 20.8048
405405 7.5548e+006 20.8048
405411 7.55479e+006 20.8111
405411 7.55479e+006 20.8112
405404 7.5548e+006 20.8039
405404 7.5548e+006 20.8038
405405 7.5548e+006 20.8048
405405 7.5548e+006 20.8048
405405 7.5548e+006 20.8049
405404 7.5548e+006 20.8039
405405 7.5548e+006 20.804
405404 7.5548e+006 20.8039
405405 7.5548e+006 20.8049
405405 7.5548e+006 20.8049
405406 7.5548e+006 20.805
405405 7.5548e+006 20.804
405404 7.5548e+006 19.9211
405404 7.5548e+006 19.9209
405403 7.5548e+006 19.9208
405403 7.5548e+006 19.9208
405404 7.5548e+006 19.921
405404 7.5548e+006 19.9211
405404 7.5548e+006 20.0812
405404 7.5548e+006 20.0811
405404 7.5548e+006 20.081
405404 7.5548e+006 20.081
405404 7.5548e+006 20.0812
405404 7.5548e+006 20.0812
405404 7.5548e+006 20.2414
405404 7.5548e+006 20.2412
405404 7.5548e+006 20.2412
405404 7.5548e+006 20.2412
405404 7.5548e+006 20.2414
405404 7.5548e+006 20.2414
405404 7.5548e+006 20.4016
405404 7.5548e+006 20.4014
405404 7.5548e+006 20.4014
405404 7.5548e+006 20.4014
405404 7.5548e+006 20.4016
405404 7.5548e+006 20.4016
405405 7.5548e+006 20.5618
405404 7.5548e+006 20.5616
405404 7.5548e+006 20.5616
405404 7.5548e+006 20.5616
405404 7.5548e+006 20.5617
405405 7.5548e+006 20.5618
405412 7.55479e+006 21.5197
405412 7.55479e+006 21.5196
405411 7.55479e+006 21.5195
405411 7.55479e+006 21.5195
405412 7.55479e+006 21.5197
405412 7.55479e+006 21.5197
405412 7.55479e+006 21.3682
405412 7.55479e+006 21.368
405411 7.55479e+006 21.368
405411 7.55479e+006 21.368
405411 7.55479e+006 21.3681
405412 7.55479e+006 21.3682
405412 7.55479e+006 21.2166
405411 7.55479e+006 21.2165
405411 7.55479e+006 21.2164
405411 7.55479e+006 21.2164
405411 7.55479e+006 21.2166
405412 7.55479e+006 21.2166
405411 7.55479e+006 21.0638
405411 7.55479e+006 21.0636
405411 7.55479e+006 21.0636
405411 7.55479e+006 21.0636
405411 7.55479e+006 21.0638
405411 7.55479e+006 21.0638
405411 7.55479e+006 20.9123
405411 7.55479e+006 20.9121
405411 7.55479e+006 20.912
405411 7.55479e+006 20.912
405411 7.55479e+006 20.9122
405411 7.55479e+006 20.9123
405419 7.5548e+006 21.7349
405419 7.5548e+006 21.7349
405415 7.5548e+006 21.7302
405415 7.5548e+006 21.7302
405415 7.5548e+006 21.7302
405419 7.5548e+006 21.7349
405416 7.55479e+006 21.7344
405417 7.55479e+006 21.7345
405412 7.55479e+006 21.7298
405412 7.55479e+006 21.7298
405412 7.55479e+006 21.7297
405416 7.55479e+006 21.7344
405425 7.55478e+006 20.827
405432 7.55478e+006 20.8333
405432 7.55478e+006 20.8334
405432 7.55478e+006 20.8334
405426 7.55478e+006 20.8271
405425 7.55478e+006 20.827
405433 7.55478e+006 20.8343
405433 7.55478e+006 20.8344
405432 7.55478e+006 20.8334
405432 7.55478e+006 20.8334
405432 7.55478e+006 20.8333
405433 7.55478e+006 20.8343
405432 7.55478e+006 20.8342
405433 7.55478e+006 20.8343
405432 7.55478e+006 20.8333
405432 7.55478e+006 20.8333
405431 7.55478e+006 20.8332
405432 7.55478e+006 20.8342
405433 7.55478e+006 19.9526
405433 7.55478e+006 19.9528
405433 7.55478e+006 19.9528
405433 7.55478e+006 19.9528
405433 7.55478e+006 19.9527
405433 7.55478e+006 19.9526
405433 7.55478e+006 20.1124
405433 7.55478e+006 20.1126
405433 7.55478e+006 20.1127
405433 7.55478e+006 20.1127
405433 7.55478e+006 20.1125
405433 7.55478e+006 20.1124
405433 7.55478e+006 20.2722
405433 7.55478e+006 20.2724
405433 7.55478e+006 20.2725
405433 7.55478e+006 20.2725
405433 7.55478e+006 20.2723
405433 7.55478e+006 20.2722
405432 7.55478e+006 20.4321
405433 7.55478e+006 20.4322
405433 7.55478e+006 20.4323
405433 7.55478e+006 20.4323
405433 7.55478e+006 20.4321
405432 7.55478e+006 20.4321
405432 7.55478e+006 20.5919
405432 7.55478e+006 20.5921
405433 7.55478e+006 20.5921
405433 7.55478e+006 20.5921
405432 7.55478e+006 20.5919
405432 7.55478e+006 20.5919
405425 7.55478e+006 21.5338
405425 7.55478e+006 21.534
405425 7.55479e+006 21.5341
405425 7.55479e+006 21.5341
405425 7.55479e+006 21.5339
405425 7.55478e+006 21.5338
405425 7.55478e+006 21.3826
405425 7.55478e+006 21.3828
405426 7.55479e+006 21.3828
405426 7.55479e+006 21.3828
405425 7.55479e+006 21.3827
405425 7.55478e+006 21.3826
405425 7.55478e+006 21.2314
405425 7.55478e+006 21.2316
405426 7.55478e+006 21.2316
405426 7.55478e+006 21.2316
405426 7.55479e+006 21.2315
405425 7.55478e+006 21.2314
405425 7.55478e+006 21.0789
405426 7.55478e+006 21.0791
405426 7.55478e+006 21.0791
405426 7.55478e+006 21.0791
405426 7.55478e+006 21.0789
405425 7.55478e+006 21.0789
405426 7.55478e+006 20.9277
405426 7.55478e+006 20.9279
405426 7.55478e+006 20.9279
405426 7.55478e+006 20.9279
405426 7.55478e+006 20.9277
405426 7.55478e+006 20.9277
405421 7.55479e+006 21.7392
405420 7.55479e+006 21.7392
405425 7.55478e+006 21.7439
405425 7.55478e+006 21.7439
405425 7.55479e+006 21.7439
405421 7.55479e+006 21.7392
