405437 7.55476e+006 23.5626
405438 7.55476e+006 23.5626
405438 7.55476e+006 23.5626
405438 7.55476e+006 23.5626
405437 7.55476e+006 23.5626
405437 7.55476e+006 23.5626
405437 7.55476e+006 23.5755
405437 7.55476e+006 23.5755
405438 7.55476e+006 23.5755
405438 7.55476e+006 23.5755
405438 7.55476e+006 23.5755
405437 7.55476e+006 23.5755
405437 7.55476e+006 23.5626
405437 7.55476e+006 23.5626
405437 7.55476e+006 23.5755
405437 7.55476e+006 23.5755
405437 7.55476e+006 23.5755
405437 7.55476e+006 23.5626
405437 7.55476e+006 23.5626
405438 7.55476e+006 23.5626
405438 7.55476e+006 23.5755
405438 7.55476e+006 23.5755
405437 7.55476e+006 23.5755
405437 7.55476e+006 23.5626
405438 7.55476e+006 23.5626
405438 7.55476e+006 23.5626
405438 7.55476e+006 23.5755
405438 7.55476e+006 23.5755
405438 7.55476e+006 23.5755
405438 7.55476e+006 23.5626
405438 7.55476e+006 23.5626
405437 7.55476e+006 23.5626
405437 7.55476e+006 23.5755
405437 7.55476e+006 23.5755
405438 7.55476e+006 23.5755
405438 7.55476e+006 23.5626
405437 7.55476e+006 23.3846
405438 7.55476e+006 23.3846
405438 7.55476e+006 23.3846
405438 7.55476e+006 23.3846
405437 7.55476e+006 23.3846
405437 7.55476e+006 23.3846
405437 7.55476e+006 23.3975
405437 7.55476e+006 23.3975
405438 7.55476e+006 23.3975
405438 7.55476e+006 23.3975
405438 7.55476e+006 23.3975
405437 7.55476e+006 23.3975
405437 7.55476e+006 23.3846
405437 7.55476e+006 23.3846
405437 7.55476e+006 23.3975
405437 7.55476e+006 23.3975
405437 7.55476e+006 23.3975
405437 7.55476e+006 23.3846
405437 7.55476e+006 23.3846
405438 7.55476e+006 23.3846
405438 7.55476e+006 23.3975
405438 7.55476e+006 23.3975
405437 7.55476e+006 23.3975
405437 7.55476e+006 23.3846
405438 7.55476e+006 23.3846
405438 7.55476e+006 23.3846
405438 7.55476e+006 23.3975
405438 7.55476e+006 23.3975
405438 7.55476e+006 23.3975
405438 7.55476e+006 23.3846
405438 7.55476e+006 23.3846
405437 7.55476e+006 23.3846
405437 7.55476e+006 23.3975
405437 7.55476e+006 23.3975
405438 7.55476e+006 23.3975
405438 7.55476e+006 23.3846
405437 7.55476e+006 23.2282
405438 7.55476e+006 23.2282
405438 7.55476e+006 23.2282
405438 7.55476e+006 23.2282
405437 7.55476e+006 23.2282
405437 7.55476e+006 23.2282
405437 7.55476e+006 23.2411
405437 7.55476e+006 23.2411
405438 7.55476e+006 23.2411
405438 7.55476e+006 23.2411
405438 7.55476e+006 23.2411
405437 7.55476e+006 23.2411
405437 7.55476e+006 23.2282
405437 7.55476e+006 23.2282
405437 7.55476e+006 23.2411
405437 7.55476e+006 23.2411
405437 7.55476e+006 23.2411
405437 7.55476e+006 23.2282
405437 7.55476e+006 23.2282
405438 7.55476e+006 23.2282
405438 7.55476e+006 23.2411
405438 7.55476e+006 23.2411
405437 7.55476e+006 23.2411
405437 7.55476e+006 23.2282
405438 7.55476e+006 23.2282
405438 7.55476e+006 23.2282
405438 7.55476e+006 23.2411
405438 7.55476e+006 23.2411
405438 7.55476e+006 23.2411
405438 7.55476e+006 23.2282
405438 7.55476e+006 23.2282
405437 7.55476e+006 23.2282
405437 7.55476e+006 23.2411
405437 7.55476e+006 23.2411
405438 7.55476e+006 23.2411
405438 7.55476e+006 23.2282
405438 7.55477e+006 23.0696
405438 7.55476e+006 23.0696
405438 7.55476e+006 23.0696
405438 7.55476e+006 23.0696
405437 7.55476e+006 23.0696
405438 7.55477e+006 23.0696
405438 7.55477e+006 23.0826
405437 7.55476e+006 23.0826
405438 7.55476e+006 23.0826
405438 7.55476e+006 23.0826
405438 7.55476e+006 23.0826
405438 7.55477e+006 23.0826
405438 7.55477e+006 23.0696
405437 7.55476e+006 23.0696
405437 7.55476e+006 23.0826
405437 7.55476e+006 23.0826
405438 7.55477e+006 23.0826
405438 7.55477e+006 23.0696
405437 7.55476e+006 23.0696
405438 7.55476e+006 23.0696
405438 7.55476e+006 23.0826
405438 7.55476e+006 23.0826
405437 7.55476e+006 23.0826
405437 7.55476e+006 23.0696
405438 7.55476e+006 23.0696
405438 7.55476e+006 23.0696
405438 7.55476e+006 23.0826
405438 7.55476e+006 23.0826
405438 7.55476e+006 23.0826
405438 7.55476e+006 23.0696
405438 7.55476e+006 23.0696
405438 7.55477e+006 23.0696
405438 7.55477e+006 23.0826
405438 7.55477e+006 23.0826
405438 7.55476e+006 23.0826
405438 7.55476e+006 23.0696
405438 7.55477e+006 22.9135
405438 7.55476e+006 22.9135
405438 7.55476e+006 22.9135
405438 7.55476e+006 22.9135
405438 7.55476e+006 22.9135
405438 7.55477e+006 22.9135
405438 7.55477e+006 22.9264
405438 7.55476e+006 22.9264
405438 7.55476e+006 22.9264
405438 7.55476e+006 22.9264
405438 7.55476e+006 22.9264
405438 7.55477e+006 22.9264
405438 7.55477e+006 22.9135
405438 7.55476e+006 22.9135
405438 7.55476e+006 22.9264
405438 7.55476e+006 22.9264
405438 7.55477e+006 22.9264
405438 7.55477e+006 22.9135
405438 7.55476e+006 22.9135
405438 7.55476e+006 22.9135
405438 7.55476e+006 22.9264
405438 7.55476e+006 22.9264
405438 7.55476e+006 22.9264
405438 7.55476e+006 22.9135
405438 7.55476e+006 22.9135
405438 7.55476e+006 22.9135
405438 7.55476e+006 22.9264
405438 7.55476e+006 22.9264
405438 7.55476e+006 22.9264
405438 7.55476e+006 22.9135
405438 7.55476e+006 22.9135
405438 7.55477e+006 22.9135
405438 7.55477e+006 22.9264
405438 7.55477e+006 22.9264
405438 7.55476e+006 22.9264
405438 7.55476e+006 22.9135
405438 7.55477e+006 22.7541
405438 7.55476e+006 22.7541
405438 7.55476e+006 22.7541
405438 7.55476e+006 22.7541
405438 7.55477e+006 22.7541
405438 7.55477e+006 22.7541
405438 7.55477e+006 22.767
405438 7.55477e+006 22.767
405438 7.55476e+006 22.767
405438 7.55476e+006 22.767
405438 7.55476e+006 22.767
405438 7.55477e+006 22.767
405438 7.55477e+006 22.7541
405438 7.55477e+006 22.7541
405438 7.55477e+006 22.767
405438 7.55477e+006 22.767
405438 7.55477e+006 22.767
405438 7.55477e+006 22.7541
405438 7.55477e+006 22.7541
405438 7.55476e+006 22.7541
405438 7.55476e+006 22.767
405438 7.55476e+006 22.767
405438 7.55477e+006 22.767
405438 7.55477e+006 22.7541
405438 7.55476e+006 22.7541
405438 7.55476e+006 22.7541
405438 7.55476e+006 22.767
405438 7.55476e+006 22.767
405438 7.55476e+006 22.767
405438 7.55476e+006 22.7541
405438 7.55476e+006 22.7541
405438 7.55477e+006 22.7541
405438 7.55477e+006 22.767
405438 7.55477e+006 22.767
405438 7.55476e+006 22.767
405438 7.55476e+006 22.7541
405438 7.55477e+006 22.5964
405438 7.55476e+006 22.5964
405438 7.55476e+006 22.5964
405438 7.55476e+006 22.5964
405438 7.55477e+006 22.5964
405438 7.55477e+006 22.5964
405438 7.55477e+006 22.6093
405438 7.55477e+006 22.6093
405438 7.55476e+006 22.6093
405438 7.55476e+006 22.6093
405438 7.55476e+006 22.6093
405438 7.55477e+006 22.6093
405438 7.55477e+006 22.5964
405438 7.55477e+006 22.5964
405438 7.55477e+006 22.6093
405438 7.55477e+006 22.6093
405438 7.55477e+006 22.6093
405438 7.55477e+006 22.5964
405438 7.55477e+006 22.5964
405438 7.55476e+006 22.5964
405438 7.55476e+006 22.6093
405438 7.55476e+006 22.6093
405438 7.55477e+006 22.6093
405438 7.55477e+006 22.5964
405438 7.55476e+006 22.5964
405438 7.55476e+006 22.5964
405438 7.55476e+006 22.6093
405438 7.55476e+006 22.6093
405438 7.55476e+006 22.6093
405438 7.55476e+006 22.5964
405438 7.55476e+006 22.5964
405438 7.55477e+006 22.5964
405438 7.55477e+006 22.6093
405438 7.55477e+006 22.6093
405438 7.55476e+006 22.6093
405438 7.55476e+006 22.5964
405438 7.55477e+006 22.4406
405439 7.55477e+006 22.4406
405438 7.55476e+006 22.4406
405438 7.55476e+006 22.4406
405438 7.55477e+006 22.4406
405438 7.55477e+006 22.4406
405438 7.55477e+006 22.4535
405438 7.55477e+006 22.4535
405438 7.55476e+006 22.4535
405438 7.55476e+006 22.4535
405439 7.55477e+006 22.4535
405438 7.55477e+006 22.4535
405438 7.55477e+006 22.4406
405438 7.55477e+006 22.4406
405438 7.55477e+006 22.4535
405438 7.55477e+006 22.4535
405438 7.55477e+006 22.4535
405438 7.55477e+006 22.4406
405438 7.55477e+006 22.4406
405438 7.55476e+006 22.4406
405438 7.55476e+006 22.4535
405438 7.55476e+006 22.4535
405438 7.55477e+006 22.4535
405438 7.55477e+006 22.4406
405438 7.55476e+006 22.4406
405439 7.55477e+006 22.4406
405439 7.55477e+006 22.4535
405439 7.55477e+006 22.4535
405438 7.55476e+006 22.4535
405438 7.55476e+006 22.4406
405439 7.55477e+006 22.4406
405438 7.55477e+006 22.4406
405438 7.55477e+006 22.4535
405438 7.55477e+006 22.4535
405439 7.55477e+006 22.4535
405439 7.55477e+006 22.4406
405438 7.55477e+006 22.282
405439 7.55477e+006 22.282
405439 7.55477e+006 22.282
405439 7.55477e+006 22.282
405438 7.55477e+006 22.282
405438 7.55477e+006 22.282
405438 7.55477e+006 22.2949
405438 7.55477e+006 22.2949
405439 7.55477e+006 22.2949
405439 7.55477e+006 22.2949
405439 7.55477e+006 22.2949
405438 7.55477e+006 22.2949
405438 7.55477e+006 22.282
405438 7.55477e+006 22.282
405438 7.55477e+006 22.2949
405438 7.55477e+006 22.2949
405438 7.55477e+006 22.2949
405438 7.55477e+006 22.282
405438 7.55477e+006 22.282
405439 7.55477e+006 22.282
405439 7.55477e+006 22.2949
405439 7.55477e+006 22.2949
405438 7.55477e+006 22.2949
405438 7.55477e+006 22.282
405439 7.55477e+006 22.282
405439 7.55477e+006 22.282
405439 7.55477e+006 22.2949
405439 7.55477e+006 22.2949
405439 7.55477e+006 22.2949
405439 7.55477e+006 22.282
405439 7.55477e+006 22.282
405438 7.55477e+006 22.282
405438 7.55477e+006 22.2949
405438 7.55477e+006 22.2949
405439 7.55477e+006 22.2949
405439 7.55477e+006 22.282
405438 7.55477e+006 22.1247
405439 7.55477e+006 22.1247
405439 7.55477e+006 22.1247
405439 7.55477e+006 22.1247
405438 7.55477e+006 22.1247
405438 7.55477e+006 22.1247
405438 7.55477e+006 22.1376
405438 7.55477e+006 22.1376
405439 7.55477e+006 22.1376
405439 7.55477e+006 22.1376
405439 7.55477e+006 22.1376
405438 7.55477e+006 22.1376
405438 7.55477e+006 22.1247
405438 7.55477e+006 22.1247
405438 7.55477e+006 22.1376
405438 7.55477e+006 22.1376
405438 7.55477e+006 22.1376
405438 7.55477e+006 22.1247
405438 7.55477e+006 22.1247
405439 7.55477e+006 22.1247
405439 7.55477e+006 22.1376
405439 7.55477e+006 22.1376
405438 7.55477e+006 22.1376
405438 7.55477e+006 22.1247
405439 7.55477e+006 22.1247
405439 7.55477e+006 22.1247
405439 7.55477e+006 22.1376
405439 7.55477e+006 22.1376
405439 7.55477e+006 22.1376
405439 7.55477e+006 22.1247
405439 7.55477e+006 22.1247
405438 7.55477e+006 22.1247
405438 7.55477e+006 22.1376
405438 7.55477e+006 22.1376
405439 7.55477e+006 22.1376
405439 7.55477e+006 22.1247
405438 7.55477e+006 21.9675
405439 7.55477e+006 21.9675
405439 7.55477e+006 21.9675
405439 7.55477e+006 21.9675
405438 7.55477e+006 21.9675
405438 7.55477e+006 21.9675
405438 7.55477e+006 21.9804
405438 7.55477e+006 21.9804
405439 7.55477e+006 21.9804
405439 7.55477e+006 21.9804
405439 7.55477e+006 21.9804
405438 7.55477e+006 21.9804
405438 7.55477e+006 21.9675
405438 7.55477e+006 21.9675
405438 7.55477e+006 21.9804
405438 7.55477e+006 21.9804
405438 7.55477e+006 21.9804
405438 7.55477e+006 21.9675
405438 7.55477e+006 21.9675
405439 7.55477e+006 21.9675
405439 7.55477e+006 21.9804
405439 7.55477e+006 21.9804
405438 7.55477e+006 21.9804
405438 7.55477e+006 21.9675
405439 7.55477e+006 21.9675
405439 7.55477e+006 21.9675
405439 7.55477e+006 21.9804
405439 7.55477e+006 21.9804
405439 7.55477e+006 21.9804
405439 7.55477e+006 21.9675
405439 7.55477e+006 21.9675
405438 7.55477e+006 21.9675
405438 7.55477e+006 21.9804
405438 7.55477e+006 21.9804
405439 7.55477e+006 21.9804
405439 7.55477e+006 21.9675
405438 7.55477e+006 21.8116
405439 7.55477e+006 21.8116
405439 7.55477e+006 21.8116
405439 7.55477e+006 21.8116
405438 7.55477e+006 21.8116
405438 7.55477e+006 21.8116
405438 7.55477e+006 21.8245
405438 7.55477e+006 21.8245
405439 7.55477e+006 21.8245
405439 7.55477e+006 21.8245
405439 7.55477e+006 21.8245
405438 7.55477e+006 21.8245
405438 7.55477e+006 21.8116
405438 7.55477e+006 21.8116
405438 7.55477e+006 21.8245
405438 7.55477e+006 21.8245
405438 7.55477e+006 21.8245
405438 7.55477e+006 21.8116
405438 7.55477e+006 21.8116
405439 7.55477e+006 21.8116
405439 7.55477e+006 21.8245
405439 7.55477e+006 21.8245
405438 7.55477e+006 21.8245
405438 7.55477e+006 21.8116
405439 7.55477e+006 21.8116
405439 7.55477e+006 21.8116
405439 7.55477e+006 21.8245
405439 7.55477e+006 21.8245
405439 7.55477e+006 21.8245
405439 7.55477e+006 21.8116
405439 7.55477e+006 21.8116
405438 7.55477e+006 21.8116
405438 7.55477e+006 21.8245
405438 7.55477e+006 21.8245
405439 7.55477e+006 21.8245
405439 7.55477e+006 21.8116
405438 7.55477e+006 21.6532
405439 7.55477e+006 21.6532
405439 7.55477e+006 21.6532
405439 7.55477e+006 21.6532
405438 7.55477e+006 21.6532
405438 7.55477e+006 21.6532
405438 7.55477e+006 21.6661
405438 7.55477e+006 21.6661
405439 7.55477e+006 21.6661
405439 7.55477e+006 21.6661
405439 7.55477e+006 21.6661
405438 7.55477e+006 21.6661
405438 7.55477e+006 21.6532
405438 7.55477e+006 21.6532
405438 7.55477e+006 21.6661
405438 7.55477e+006 21.6661
405438 7.55477e+006 21.6661
405438 7.55477e+006 21.6532
405438 7.55477e+006 21.6532
405439 7.55477e+006 21.6532
405439 7.55477e+006 21.6661
405439 7.55477e+006 21.6661
405438 7.55477e+006 21.6661
405438 7.55477e+006 21.6532
405439 7.55477e+006 21.6532
405439 7.55477e+006 21.6532
405439 7.55477e+006 21.6661
405439 7.55477e+006 21.6661
405439 7.55477e+006 21.6661
405439 7.55477e+006 21.6532
405439 7.55477e+006 21.6532
405438 7.55477e+006 21.6532
405438 7.55477e+006 21.6661
405438 7.55477e+006 21.6661
405439 7.55477e+006 21.6661
405439 7.55477e+006 21.6532
405438 7.55477e+006 21.4962
405439 7.55477e+006 21.4962
405439 7.55477e+006 21.4962
405439 7.55477e+006 21.4962
405438 7.55477e+006 21.4962
405438 7.55477e+006 21.4962
405438 7.55477e+006 21.5091
405438 7.55477e+006 21.5091
405439 7.55477e+006 21.5091
405439 7.55477e+006 21.5091
405439 7.55477e+006 21.5091
405438 7.55477e+006 21.5091
405438 7.55477e+006 21.4962
405438 7.55477e+006 21.4962
405438 7.55477e+006 21.5091
405438 7.55477e+006 21.5091
405438 7.55477e+006 21.5091
405438 7.55477e+006 21.4962
405438 7.55477e+006 21.4962
405439 7.55477e+006 21.4962
405439 7.55477e+006 21.5091
405439 7.55477e+006 21.5091
405438 7.55477e+006 21.5091
405438 7.55477e+006 21.4962
405439 7.55477e+006 21.4962
405439 7.55477e+006 21.4962
405439 7.55477e+006 21.5091
405439 7.55477e+006 21.5091
405439 7.55477e+006 21.5091
405439 7.55477e+006 21.4962
405439 7.55477e+006 21.4962
405438 7.55477e+006 21.4962
405438 7.55477e+006 21.5091
405438 7.55477e+006 21.5091
405439 7.55477e+006 21.5091
405439 7.55477e+006 21.4962
405438 7.55477e+006 21.3371
405439 7.55477e+006 21.3371
405439 7.55477e+006 21.3371
405439 7.55477e+006 21.3371
405438 7.55477e+006 21.3371
405438 7.55477e+006 21.3371
405438 7.55477e+006 21.35
405438 7.55477e+006 21.35
405439 7.55477e+006 21.35
405439 7.55477e+006 21.35
405439 7.55477e+006 21.35
405438 7.55477e+006 21.35
405438 7.55477e+006 21.3371
405438 7.55477e+006 21.3371
405438 7.55477e+006 21.35
405438 7.55477e+006 21.35
405438 7.55477e+006 21.35
405438 7.55477e+006 21.3371
405438 7.55477e+006 21.3371
405439 7.55477e+006 21.3371
405439 7.55477e+006 21.35
405439 7.55477e+006 21.35
405438 7.55477e+006 21.35
405438 7.55477e+006 21.3371
405439 7.55477e+006 21.3371
405439 7.55477e+006 21.3371
405439 7.55477e+006 21.35
405439 7.55477e+006 21.35
405439 7.55477e+006 21.35
405439 7.55477e+006 21.3371
405439 7.55477e+006 21.3371
405438 7.55477e+006 21.3371
405438 7.55477e+006 21.35
405438 7.55477e+006 21.35
405439 7.55477e+006 21.35
405439 7.55477e+006 21.3371
405438 7.55477e+006 21.1929
405438 7.55477e+006 21.1929
405439 7.55477e+006 21.1929
405439 7.55477e+006 21.1929
405439 7.55477e+006 21.1929
405438 7.55477e+006 21.1929
405438 7.55477e+006 21.18
405438 7.55477e+006 21.18
405438 7.55477e+006 21.1929
405438 7.55477e+006 21.1929
405438 7.55477e+006 21.1929
405438 7.55477e+006 21.18
405438 7.55477e+006 21.18
405439 7.55477e+006 21.18
405439 7.55477e+006 21.1929
405439 7.55477e+006 21.1929
405438 7.55477e+006 21.1929
405438 7.55477e+006 21.18
405439 7.55477e+006 21.18
405439 7.55477e+006 21.18
405439 7.55477e+006 21.1929
405439 7.55477e+006 21.1929
405439 7.55477e+006 21.1929
405439 7.55477e+006 21.18
405439 7.55477e+006 21.18
405438 7.55477e+006 21.18
405438 7.55477e+006 21.1929
405438 7.55477e+006 21.1929
405439 7.55477e+006 21.1929
405439 7.55477e+006 21.18
405405 7.55478e+006 26.7408
405405 7.55478e+006 26.7408
405404 7.55478e+006 26.7408
405404 7.55478e+006 26.7408
405404 7.55478e+006 26.7408
405405 7.55478e+006 26.7408
405405 7.55478e+006 26.7537
405404 7.55478e+006 26.7537
405404 7.55478e+006 26.7537
405404 7.55478e+006 26.7537
405405 7.55478e+006 26.7537
405405 7.55478e+006 26.7537
405405 7.55478e+006 26.7408
405405 7.55478e+006 26.7537
405405 7.55478e+006 26.7537
405405 7.55478e+006 26.7537
405405 7.55478e+006 26.7408
405405 7.55478e+006 26.7408
405405 7.55478e+006 26.7408
405405 7.55478e+006 26.7537
405404 7.55478e+006 26.7537
405404 7.55478e+006 26.7537
405404 7.55478e+006 26.7408
405405 7.55478e+006 26.7408
405404 7.55478e+006 26.7408
405404 7.55478e+006 26.7537
405404 7.55478e+006 26.7537
405404 7.55478e+006 26.7537
405404 7.55478e+006 26.7408
405404 7.55478e+006 26.7408
405404 7.55478e+006 26.7408
405404 7.55478e+006 26.7537
405405 7.55478e+006 26.7537
405405 7.55478e+006 26.7537
405405 7.55478e+006 26.7408
405404 7.55478e+006 26.7408
405405 7.55478e+006 26.5935
405405 7.55478e+006 26.5935
405404 7.55478e+006 26.5935
405404 7.55478e+006 26.5935
405404 7.55478e+006 26.5935
405405 7.55478e+006 26.5935
405405 7.55478e+006 26.6064
405404 7.55478e+006 26.6064
405404 7.55478e+006 26.6064
405404 7.55478e+006 26.6064
405405 7.55478e+006 26.6064
405405 7.55478e+006 26.6064
405405 7.55478e+006 26.5935
405405 7.55478e+006 26.6064
405405 7.55478e+006 26.6064
405405 7.55478e+006 26.6064
405405 7.55478e+006 26.5935
405405 7.55478e+006 26.5935
405405 7.55478e+006 26.5935
405405 7.55478e+006 26.6064
405404 7.55478e+006 26.6064
405404 7.55478e+006 26.6064
405404 7.55478e+006 26.5935
405405 7.55478e+006 26.5935
405404 7.55478e+006 26.5935
405404 7.55478e+006 26.6064
405404 7.55478e+006 26.6064
405404 7.55478e+006 26.6064
405404 7.55478e+006 26.5935
405404 7.55478e+006 26.5935
405404 7.55478e+006 26.5935
405404 7.55478e+006 26.6064
405405 7.55478e+006 26.6064
405405 7.55478e+006 26.6064
405405 7.55478e+006 26.5935
405404 7.55478e+006 26.5935
405405 7.55478e+006 26.4642
405405 7.55478e+006 26.4642
405404 7.55478e+006 26.4642
405404 7.55478e+006 26.4642
405404 7.55478e+006 26.4642
405405 7.55478e+006 26.4642
405405 7.55478e+006 26.4771
405404 7.55478e+006 26.4771
405404 7.55478e+006 26.4771
405404 7.55478e+006 26.4771
405405 7.55478e+006 26.4771
405405 7.55478e+006 26.4771
405405 7.55478e+006 26.4642
405405 7.55478e+006 26.4771
405405 7.55478e+006 26.4771
405405 7.55478e+006 26.4771
405405 7.55478e+006 26.4642
405405 7.55478e+006 26.4642
405405 7.55478e+006 26.4642
405405 7.55478e+006 26.4771
405404 7.55478e+006 26.4771
405404 7.55478e+006 26.4771
405404 7.55478e+006 26.4642
405405 7.55478e+006 26.4642
405404 7.55478e+006 26.4642
405404 7.55478e+006 26.4771
405404 7.55478e+006 26.4771
405404 7.55478e+006 26.4771
405404 7.55478e+006 26.4642
405404 7.55478e+006 26.4642
405404 7.55478e+006 26.4642
405404 7.55478e+006 26.4771
405405 7.55478e+006 26.4771
405405 7.55478e+006 26.4771
405405 7.55478e+006 26.4642
405404 7.55478e+006 26.4642
405405 7.55478e+006 26.3352
405405 7.55478e+006 26.3352
405404 7.55478e+006 26.3352
405404 7.55478e+006 26.3352
405405 7.55478e+006 26.3352
405405 7.55478e+006 26.3352
405405 7.55478e+006 26.3481
405405 7.55478e+006 26.3481
405404 7.55478e+006 26.3481
405404 7.55478e+006 26.3481
405405 7.55478e+006 26.3481
405405 7.55478e+006 26.3481
405405 7.55478e+006 26.3352
405405 7.55478e+006 26.3481
405405 7.55478e+006 26.3481
405405 7.55478e+006 26.3481
405405 7.55478e+006 26.3352
405405 7.55478e+006 26.3352
405405 7.55478e+006 26.3352
405405 7.55478e+006 26.3481
405404 7.55478e+006 26.3481
405404 7.55478e+006 26.3481
405404 7.55478e+006 26.3352
405405 7.55478e+006 26.3352
405404 7.55478e+006 26.3352
405404 7.55478e+006 26.3481
405405 7.55478e+006 26.3481
405405 7.55478e+006 26.3481
405405 7.55478e+006 26.3352
405404 7.55478e+006 26.3352
405405 7.55478e+006 26.3352
405405 7.55478e+006 26.3481
405405 7.55478e+006 26.3481
405405 7.55478e+006 26.3481
405405 7.55478e+006 26.3352
405405 7.55478e+006 26.3352
405405 7.55478e+006 26.2071
405405 7.55478e+006 26.2071
405405 7.55478e+006 26.2071
405405 7.55478e+006 26.2071
405405 7.55478e+006 26.2071
405405 7.55478e+006 26.2071
405405 7.55478e+006 26.22
405405 7.55478e+006 26.22
405405 7.55478e+006 26.22
405405 7.55478e+006 26.22
405405 7.55478e+006 26.22
405405 7.55478e+006 26.22
405405 7.55478e+006 26.2071
405405 7.55478e+006 26.22
405405 7.55478e+006 26.22
405405 7.55478e+006 26.22
405405 7.55478e+006 26.2071
405405 7.55478e+006 26.2071
405405 7.55478e+006 26.2071
405405 7.55478e+006 26.22
405405 7.55478e+006 26.22
405405 7.55478e+006 26.22
405405 7.55478e+006 26.2071
405405 7.55478e+006 26.2071
405405 7.55478e+006 26.2071
405405 7.55478e+006 26.22
405405 7.55478e+006 26.22
405405 7.55478e+006 26.22
405405 7.55478e+006 26.2071
405405 7.55478e+006 26.2071
405405 7.55478e+006 26.2071
405405 7.55478e+006 26.22
405405 7.55478e+006 26.22
405405 7.55478e+006 26.22
405405 7.55478e+006 26.2071
405405 7.55478e+006 26.2071
405405 7.55478e+006 26.0782
405405 7.55478e+006 26.0782
405405 7.55478e+006 26.0782
405405 7.55478e+006 26.0782
405405 7.55478e+006 26.0782
405405 7.55478e+006 26.0782
405405 7.55478e+006 26.0911
405405 7.55478e+006 26.0911
405405 7.55478e+006 26.0911
405405 7.55478e+006 26.0911
405405 7.55478e+006 26.0911
405405 7.55478e+006 26.0911
405405 7.55478e+006 26.0782
405405 7.55478e+006 26.0911
405405 7.55478e+006 26.0911
405405 7.55478e+006 26.0911
405405 7.55478e+006 26.0782
405405 7.55478e+006 26.0782
405405 7.55478e+006 26.0782
405405 7.55478e+006 26.0911
405405 7.55478e+006 26.0911
405405 7.55478e+006 26.0911
405405 7.55478e+006 26.0782
405405 7.55478e+006 26.0782
405405 7.55478e+006 26.0782
405405 7.55478e+006 26.0911
405405 7.55478e+006 26.0911
405405 7.55478e+006 26.0911
405405 7.55478e+006 26.0782
405405 7.55478e+006 26.0782
405405 7.55478e+006 26.0782
405405 7.55478e+006 26.0911
405405 7.55478e+006 26.0911
405405 7.55478e+006 26.0911
405405 7.55478e+006 26.0782
405405 7.55478e+006 26.0782
405405 7.55478e+006 25.9431
405405 7.55478e+006 25.9431
405405 7.55478e+006 25.9431
405405 7.55478e+006 25.9431
405405 7.55478e+006 25.9431
405405 7.55478e+006 25.9431
405405 7.55478e+006 25.956
405405 7.55478e+006 25.956
405405 7.55478e+006 25.956
405405 7.55478e+006 25.956
405405 7.55478e+006 25.956
405405 7.55478e+006 25.956
405405 7.55478e+006 25.9431
405405 7.55478e+006 25.956
405405 7.55478e+006 25.956
405405 7.55478e+006 25.956
405405 7.55478e+006 25.9431
405405 7.55478e+006 25.9431
405405 7.55478e+006 25.9431
405405 7.55478e+006 25.956
405405 7.55478e+006 25.956
405405 7.55478e+006 25.956
405405 7.55478e+006 25.9431
405405 7.55478e+006 25.9431
405405 7.55478e+006 25.9431
405405 7.55478e+006 25.956
405405 7.55478e+006 25.956
405405 7.55478e+006 25.956
405405 7.55478e+006 25.9431
405405 7.55478e+006 25.9431
405405 7.55478e+006 25.9431
405405 7.55478e+006 25.956
405405 7.55478e+006 25.956
405405 7.55478e+006 25.956
405405 7.55478e+006 25.9431
405405 7.55478e+006 25.9431
405406 7.55478e+006 25.8138
405405 7.55478e+006 25.8138
405405 7.55478e+006 25.8138
405405 7.55478e+006 25.8138
405405 7.55478e+006 25.8138
405406 7.55478e+006 25.8138
405406 7.55478e+006 25.8267
405405 7.55478e+006 25.8267
405405 7.55478e+006 25.8267
405405 7.55478e+006 25.8267
405405 7.55478e+006 25.8267
405406 7.55478e+006 25.8267
405406 7.55478e+006 25.8138
405406 7.55478e+006 25.8267
405405 7.55478e+006 25.8267
405405 7.55478e+006 25.8267
405405 7.55478e+006 25.8138
405406 7.55478e+006 25.8138
405405 7.55478e+006 25.8138
405405 7.55478e+006 25.8267
405405 7.55478e+006 25.8267
405405 7.55478e+006 25.8267
405405 7.55478e+006 25.8138
405405 7.55478e+006 25.8138
405405 7.55478e+006 25.8138
405405 7.55478e+006 25.8267
405405 7.55478e+006 25.8267
405405 7.55478e+006 25.8267
405405 7.55478e+006 25.8138
405405 7.55478e+006 25.8138
405405 7.55478e+006 25.8138
405405 7.55478e+006 25.8267
405406 7.55478e+006 25.8267
405406 7.55478e+006 25.8267
405406 7.55478e+006 25.8138
405405 7.55478e+006 25.8138
405406 7.55478e+006 25.6837
405406 7.55478e+006 25.6837
405405 7.55478e+006 25.6837
405405 7.55478e+006 25.6837
405405 7.55478e+006 25.6837
405406 7.55478e+006 25.6837
405406 7.55478e+006 25.6966
405405 7.55478e+006 25.6966
405405 7.55478e+006 25.6966
405405 7.55478e+006 25.6966
405406 7.55478e+006 25.6966
405406 7.55478e+006 25.6966
405406 7.55478e+006 25.6837
405406 7.55478e+006 25.6966
405406 7.55478e+006 25.6966
405406 7.55478e+006 25.6966
405406 7.55478e+006 25.6837
405406 7.55478e+006 25.6837
405406 7.55478e+006 25.6837
405406 7.55478e+006 25.6966
405405 7.55478e+006 25.6966
405405 7.55478e+006 25.6966
405405 7.55478e+006 25.6837
405406 7.55478e+006 25.6837
405405 7.55478e+006 25.6837
405405 7.55478e+006 25.6966
405405 7.55478e+006 25.6966
405405 7.55478e+006 25.6966
405405 7.55478e+006 25.6837
405405 7.55478e+006 25.6837
405405 7.55478e+006 25.6837
405405 7.55478e+006 25.6966
405406 7.55478e+006 25.6966
405406 7.55478e+006 25.6966
405406 7.55478e+006 25.6837
405405 7.55478e+006 25.6837
405406 7.55478e+006 25.5547
405406 7.55478e+006 25.5547
405405 7.55478e+006 25.5547
405405 7.55478e+006 25.5547
405405 7.55478e+006 25.5547
405406 7.55478e+006 25.5547
405406 7.55478e+006 25.5676
405405 7.55478e+006 25.5676
405405 7.55478e+006 25.5676
405405 7.55478e+006 25.5676
405406 7.55478e+006 25.5676
405406 7.55478e+006 25.5676
405406 7.55478e+006 25.5547
405406 7.55478e+006 25.5676
405406 7.55478e+006 25.5676
405406 7.55478e+006 25.5676
405406 7.55478e+006 25.5547
405406 7.55478e+006 25.5547
405406 7.55478e+006 25.5547
405406 7.55478e+006 25.5676
405405 7.55478e+006 25.5676
405405 7.55478e+006 25.5676
405405 7.55478e+006 25.5547
405406 7.55478e+006 25.5547
405405 7.55478e+006 25.5547
405405 7.55478e+006 25.5676
405405 7.55478e+006 25.5676
405405 7.55478e+006 25.5676
405405 7.55478e+006 25.5547
405405 7.55478e+006 25.5547
405405 7.55478e+006 25.5547
405405 7.55478e+006 25.5676
405406 7.55478e+006 25.5676
405406 7.55478e+006 25.5676
405406 7.55478e+006 25.5547
405405 7.55478e+006 25.5547
405406 7.55478e+006 25.4193
405406 7.55478e+006 25.4193
405405 7.55478e+006 25.4193
405405 7.55478e+006 25.4193
405405 7.55478e+006 25.4193
405406 7.55478e+006 25.4193
405406 7.55478e+006 25.4322
405405 7.55478e+006 25.4322
405405 7.55478e+006 25.4322
405405 7.55478e+006 25.4322
405406 7.55478e+006 25.4322
405406 7.55478e+006 25.4322
405406 7.55478e+006 25.4193
405406 7.55478e+006 25.4322
405406 7.55478e+006 25.4322
405406 7.55478e+006 25.4322
405406 7.55478e+006 25.4193
405406 7.55478e+006 25.4193
405406 7.55478e+006 25.4193
405406 7.55478e+006 25.4322
405405 7.55478e+006 25.4322
405405 7.55478e+006 25.4322
405405 7.55478e+006 25.4193
405406 7.55478e+006 25.4193
405405 7.55478e+006 25.4193
405405 7.55478e+006 25.4322
405405 7.55478e+006 25.4322
405405 7.55478e+006 25.4322
405405 7.55478e+006 25.4193
405405 7.55478e+006 25.4193
405405 7.55478e+006 25.4193
405405 7.55478e+006 25.4322
405406 7.55478e+006 25.4322
405406 7.55478e+006 25.4322
405406 7.55478e+006 25.4193
405405 7.55478e+006 25.4193
405406 7.55478e+006 25.2931
405406 7.55478e+006 25.2931
405405 7.55478e+006 25.2931
405405 7.55478e+006 25.2931
405405 7.55478e+006 25.2931
405406 7.55478e+006 25.2931
405406 7.55478e+006 25.306
405405 7.55478e+006 25.306
405405 7.55478e+006 25.306
405405 7.55478e+006 25.306
405406 7.55478e+006 25.306
405406 7.55478e+006 25.306
405406 7.55478e+006 25.2931
405406 7.55478e+006 25.306
405406 7.55478e+006 25.306
405406 7.55478e+006 25.306
405406 7.55478e+006 25.2931
405406 7.55478e+006 25.2931
405406 7.55478e+006 25.2931
405406 7.55478e+006 25.306
405405 7.55478e+006 25.306
405405 7.55478e+006 25.306
405405 7.55478e+006 25.2931
405406 7.55478e+006 25.2931
405405 7.55478e+006 25.2931
405405 7.55478e+006 25.306
405405 7.55478e+006 25.306
405405 7.55478e+006 25.306
405405 7.55478e+006 25.2931
405405 7.55478e+006 25.2931
405405 7.55478e+006 25.2931
405405 7.55478e+006 25.306
405406 7.55478e+006 25.306
405406 7.55478e+006 25.306
405406 7.55478e+006 25.2931
405405 7.55478e+006 25.2931
405406 7.55478e+006 25.1596
405406 7.55478e+006 25.1596
405405 7.55478e+006 25.1596
405405 7.55478e+006 25.1596
405405 7.55478e+006 25.1596
405406 7.55478e+006 25.1596
405406 7.55478e+006 25.1725
405405 7.55478e+006 25.1725
405405 7.55478e+006 25.1725
405405 7.55478e+006 25.1725
405406 7.55478e+006 25.1725
405406 7.55478e+006 25.1725
405406 7.55478e+006 25.1596
405406 7.55478e+006 25.1725
405406 7.55478e+006 25.1725
405406 7.55478e+006 25.1725
405406 7.55478e+006 25.1596
405406 7.55478e+006 25.1596
405406 7.55478e+006 25.1596
405406 7.55478e+006 25.1725
405405 7.55478e+006 25.1725
405405 7.55478e+006 25.1725
405405 7.55478e+006 25.1596
405406 7.55478e+006 25.1596
405405 7.55478e+006 25.1596
405405 7.55478e+006 25.1725
405405 7.55478e+006 25.1725
405405 7.55478e+006 25.1725
405405 7.55478e+006 25.1596
405405 7.55478e+006 25.1596
405405 7.55478e+006 25.1596
405405 7.55478e+006 25.1725
405406 7.55478e+006 25.1725
405406 7.55478e+006 25.1725
405406 7.55478e+006 25.1596
405405 7.55478e+006 25.1596
405406 7.55478e+006 25.0292
405406 7.55478e+006 25.0292
405405 7.55478e+006 25.0292
405405 7.55478e+006 25.0292
405405 7.55478e+006 25.0292
405406 7.55478e+006 25.0292
405406 7.55478e+006 25.0421
405405 7.55478e+006 25.0421
405405 7.55478e+006 25.0421
405405 7.55478e+006 25.0421
405406 7.55478e+006 25.0421
405406 7.55478e+006 25.0421
405406 7.55478e+006 25.0292
405406 7.55478e+006 25.0421
405406 7.55478e+006 25.0421
405406 7.55478e+006 25.0421
405406 7.55478e+006 25.0292
405406 7.55478e+006 25.0292
405406 7.55478e+006 25.0292
405406 7.55478e+006 25.0421
405405 7.55478e+006 25.0421
405405 7.55478e+006 25.0421
405405 7.55478e+006 25.0292
405406 7.55478e+006 25.0292
405405 7.55478e+006 25.0292
405405 7.55478e+006 25.0421
405405 7.55478e+006 25.0421
405405 7.55478e+006 25.0421
405405 7.55478e+006 25.0292
405405 7.55478e+006 25.0292
405405 7.55478e+006 25.0292
405405 7.55478e+006 25.0421
405406 7.55478e+006 25.0421
405406 7.55478e+006 25.0421
405406 7.55478e+006 25.0292
405405 7.55478e+006 25.0292
405406 7.55478e+006 24.9035
405406 7.55478e+006 24.9035
405405 7.55478e+006 24.9035
405405 7.55478e+006 24.9035
405405 7.55478e+006 24.9035
405406 7.55478e+006 24.9035
405406 7.55478e+006 24.9164
405405 7.55478e+006 24.9164
405405 7.55478e+006 24.9164
405405 7.55478e+006 24.9164
405406 7.55478e+006 24.9164
405406 7.55478e+006 24.9164
405406 7.55478e+006 24.9035
405406 7.55478e+006 24.9164
405406 7.55478e+006 24.9164
405406 7.55478e+006 24.9164
405406 7.55478e+006 24.9035
405406 7.55478e+006 24.9035
405406 7.55478e+006 24.9035
405406 7.55478e+006 24.9164
405405 7.55478e+006 24.9164
405405 7.55478e+006 24.9164
405405 7.55478e+006 24.9035
405406 7.55478e+006 24.9035
405405 7.55478e+006 24.9035
405405 7.55478e+006 24.9164
405405 7.55478e+006 24.9164
405405 7.55478e+006 24.9164
405405 7.55478e+006 24.9035
405405 7.55478e+006 24.9035
405405 7.55478e+006 24.9035
405405 7.55478e+006 24.9164
405406 7.55478e+006 24.9164
405406 7.55478e+006 24.9164
405406 7.55478e+006 24.9035
405405 7.55478e+006 24.9035
405406 7.55478e+006 24.7656
405406 7.55478e+006 24.7656
405405 7.55478e+006 24.7656
405405 7.55478e+006 24.7656
405405 7.55478e+006 24.7656
405406 7.55478e+006 24.7656
405406 7.55478e+006 24.7785
405405 7.55478e+006 24.7785
405405 7.55478e+006 24.7785
405405 7.55478e+006 24.7785
405406 7.55478e+006 24.7785
405406 7.55478e+006 24.7785
405406 7.55478e+006 24.7656
405406 7.55478e+006 24.7785
405406 7.55478e+006 24.7785
405406 7.55478e+006 24.7785
405406 7.55478e+006 24.7656
405406 7.55478e+006 24.7656
405406 7.55478e+006 24.7656
405406 7.55478e+006 24.7785
405405 7.55478e+006 24.7785
405405 7.55478e+006 24.7785
405405 7.55478e+006 24.7656
405406 7.55478e+006 24.7656
405405 7.55478e+006 24.7656
405405 7.55478e+006 24.7785
405405 7.55478e+006 24.7785
405405 7.55478e+006 24.7785
405405 7.55478e+006 24.7656
405405 7.55478e+006 24.7656
405405 7.55478e+006 24.7656
405405 7.55478e+006 24.7785
405406 7.55478e+006 24.7785
405406 7.55478e+006 24.7785
405406 7.55478e+006 24.7656
405405 7.55478e+006 24.7656
405406 7.55478e+006 24.6389
405406 7.55478e+006 24.6389
405405 7.55478e+006 24.6389
405405 7.55478e+006 24.6389
405405 7.55478e+006 24.6389
405406 7.55478e+006 24.6389
405406 7.55478e+006 24.6518
405405 7.55478e+006 24.6518
405405 7.55478e+006 24.6518
405405 7.55478e+006 24.6518
405406 7.55478e+006 24.6518
405406 7.55478e+006 24.6518
405406 7.55478e+006 24.6389
405406 7.55478e+006 24.6518
405406 7.55478e+006 24.6518
405406 7.55478e+006 24.6518
405406 7.55478e+006 24.6389
405406 7.55478e+006 24.6389
405406 7.55478e+006 24.6389
405406 7.55478e+006 24.6518
405405 7.55478e+006 24.6518
405405 7.55478e+006 24.6518
405405 7.55478e+006 24.6389
405406 7.55478e+006 24.6389
405405 7.55478e+006 24.6389
405405 7.55478e+006 24.6518
405405 7.55478e+006 24.6518
405405 7.55478e+006 24.6518
405405 7.55478e+006 24.6389
405405 7.55478e+006 24.6389
405405 7.55478e+006 24.6389
405405 7.55478e+006 24.6518
405406 7.55478e+006 24.6518
405406 7.55478e+006 24.6518
405406 7.55478e+006 24.6389
405405 7.55478e+006 24.6389
405406 7.55478e+006 24.5125
405406 7.55478e+006 24.5125
405405 7.55478e+006 24.5125
405405 7.55478e+006 24.5125
405405 7.55479e+006 24.5125
405406 7.55478e+006 24.5125
405406 7.55478e+006 24.5254
405405 7.55479e+006 24.5254
405405 7.55478e+006 24.5254
405405 7.55478e+006 24.5254
405406 7.55478e+006 24.5254
405406 7.55478e+006 24.5254
405406 7.55478e+006 24.5125
405406 7.55478e+006 24.5254
405406 7.55478e+006 24.5254
405406 7.55478e+006 24.5254
405406 7.55478e+006 24.5125
405406 7.55478e+006 24.5125
405406 7.55478e+006 24.5125
405406 7.55478e+006 24.5254
405405 7.55478e+006 24.5254
405405 7.55478e+006 24.5254
405405 7.55478e+006 24.5125
405406 7.55478e+006 24.5125
405405 7.55478e+006 24.5125
405405 7.55478e+006 24.5254
405405 7.55479e+006 24.5254
405405 7.55479e+006 24.5254
405405 7.55479e+006 24.5125
405405 7.55478e+006 24.5125
405405 7.55479e+006 24.5125
405405 7.55479e+006 24.5254
405406 7.55478e+006 24.5254
405406 7.55478e+006 24.5254
405406 7.55478e+006 24.5125
405405 7.55479e+006 24.5125
405406 7.55478e+006 24.3782
405406 7.55478e+006 24.3782
405405 7.55479e+006 24.3782
405405 7.55479e+006 24.3782
405405 7.55479e+006 24.3782
405406 7.55478e+006 24.3782
405406 7.55478e+006 24.3911
405405 7.55479e+006 24.3911
405405 7.55479e+006 24.3911
405405 7.55479e+006 24.3911
405406 7.55478e+006 24.3911
405406 7.55478e+006 24.3911
405406 7.55478e+006 24.3782
405406 7.55478e+006 24.3911
405406 7.55478e+006 24.3911
405406 7.55478e+006 24.3911
405406 7.55478e+006 24.3782
405406 7.55478e+006 24.3782
405406 7.55478e+006 24.3782
405406 7.55478e+006 24.3911
405405 7.55479e+006 24.3911
405405 7.55479e+006 24.3911
405405 7.55479e+006 24.3782
405406 7.55478e+006 24.3782
405405 7.55479e+006 24.3782
405405 7.55479e+006 24.3911
405405 7.55479e+006 24.3911
405405 7.55479e+006 24.3911
405405 7.55479e+006 24.3782
405405 7.55479e+006 24.3782
405405 7.55479e+006 24.3782
405405 7.55479e+006 24.3911
405406 7.55478e+006 24.3911
405406 7.55478e+006 24.3911
405406 7.55478e+006 24.3782
405405 7.55479e+006 24.3782
405406 7.55478e+006 24.2495
405406 7.55478e+006 24.2495
405405 7.55479e+006 24.2495
405405 7.55479e+006 24.2495
405405 7.55479e+006 24.2495
405406 7.55478e+006 24.2495
405406 7.55478e+006 24.2624
405405 7.55479e+006 24.2624
405405 7.55479e+006 24.2624
405405 7.55479e+006 24.2624
405406 7.55478e+006 24.2624
405406 7.55478e+006 24.2624
405406 7.55478e+006 24.2495
405406 7.55478e+006 24.2624
405406 7.55478e+006 24.2624
405406 7.55478e+006 24.2624
405406 7.55478e+006 24.2495
405406 7.55478e+006 24.2495
405406 7.55478e+006 24.2495
405406 7.55478e+006 24.2624
405405 7.55479e+006 24.2624
405405 7.55479e+006 24.2624
405405 7.55479e+006 24.2495
405406 7.55478e+006 24.2495
405405 7.55479e+006 24.2495
405405 7.55479e+006 24.2624
405405 7.55479e+006 24.2624
405405 7.55479e+006 24.2624
405405 7.55479e+006 24.2495
405405 7.55479e+006 24.2495
405405 7.55479e+006 24.2495
405405 7.55479e+006 24.2624
405406 7.55478e+006 24.2624
405406 7.55478e+006 24.2624
405406 7.55478e+006 24.2495
405405 7.55479e+006 24.2495
405406 7.55479e+006 24.1179
405406 7.55478e+006 24.1179
405405 7.55479e+006 24.1179
405405 7.55479e+006 24.1179
405405 7.55479e+006 24.1179
405406 7.55479e+006 24.1179
405406 7.55479e+006 24.1308
405405 7.55479e+006 24.1308
405405 7.55479e+006 24.1308
405405 7.55479e+006 24.1308
405406 7.55478e+006 24.1308
405406 7.55479e+006 24.1308
405406 7.55479e+006 24.1179
405406 7.55479e+006 24.1308
405406 7.55478e+006 24.1308
405406 7.55478e+006 24.1308
405406 7.55478e+006 24.1179
405406 7.55479e+006 24.1179
405406 7.55478e+006 24.1179
405406 7.55478e+006 24.1308
405405 7.55479e+006 24.1308
405405 7.55479e+006 24.1308
405405 7.55479e+006 24.1179
405406 7.55478e+006 24.1179
405405 7.55479e+006 24.1179
405405 7.55479e+006 24.1308
405405 7.55479e+006 24.1308
405405 7.55479e+006 24.1308
405405 7.55479e+006 24.1179
405405 7.55479e+006 24.1179
405405 7.55479e+006 24.1179
405405 7.55479e+006 24.1308
405406 7.55479e+006 24.1308
405406 7.55479e+006 24.1308
405406 7.55479e+006 24.1179
405405 7.55479e+006 24.1179
405406 7.55479e+006 23.9852
405406 7.55479e+006 23.9852
405405 7.55479e+006 23.9852
405405 7.55479e+006 23.9852
405406 7.55479e+006 23.9852
405406 7.55479e+006 23.9852
405406 7.55479e+006 23.9981
405406 7.55479e+006 23.9981
405405 7.55479e+006 23.9981
405405 7.55479e+006 23.9981
405406 7.55479e+006 23.9981
405406 7.55479e+006 23.9981
405406 7.55479e+006 23.9852
405406 7.55479e+006 23.9981
405406 7.55479e+006 23.9981
405406 7.55479e+006 23.9981
405406 7.55479e+006 23.9852
405406 7.55479e+006 23.9852
405406 7.55479e+006 23.9852
405406 7.55479e+006 23.9981
405405 7.55479e+006 23.9981
405405 7.55479e+006 23.9981
405405 7.55479e+006 23.9852
405406 7.55479e+006 23.9852
405405 7.55479e+006 23.9852
405405 7.55479e+006 23.9981
405406 7.55479e+006 23.9981
405406 7.55479e+006 23.9981
405406 7.55479e+006 23.9852
405405 7.55479e+006 23.9852
405406 7.55479e+006 23.9852
405406 7.55479e+006 23.9981
405406 7.55479e+006 23.9981
405406 7.55479e+006 23.9981
405406 7.55479e+006 23.9852
405406 7.55479e+006 23.9852
405406 7.55479e+006 23.8586
405406 7.55479e+006 23.8586
405406 7.55479e+006 23.8586
405406 7.55479e+006 23.8586
405406 7.55479e+006 23.8586
405406 7.55479e+006 23.8586
405406 7.55479e+006 23.8715
405406 7.55479e+006 23.8715
405406 7.55479e+006 23.8715
405406 7.55479e+006 23.8715
405406 7.55479e+006 23.8715
405406 7.55479e+006 23.8715
405406 7.55479e+006 23.8586
405406 7.55479e+006 23.8715
405406 7.55479e+006 23.8715
405406 7.55479e+006 23.8715
405406 7.55479e+006 23.8586
405406 7.55479e+006 23.8586
405406 7.55479e+006 23.8586
405406 7.55479e+006 23.8715
405406 7.55479e+006 23.8715
405406 7.55479e+006 23.8715
405406 7.55479e+006 23.8586
405406 7.55479e+006 23.8586
405406 7.55479e+006 23.8586
405406 7.55479e+006 23.8715
405406 7.55479e+006 23.8715
405406 7.55479e+006 23.8715
405406 7.55479e+006 23.8586
405406 7.55479e+006 23.8586
405438 7.55477e+006 21.18
405439 7.55477e+006 21.18
405439 7.55477e+006 21.18
405439 7.55477e+006 21.18
405438 7.55477e+006 21.18
405438 7.55477e+006 21.18
405438 7.55477e+006 21.0235
405439 7.55477e+006 21.0235
405439 7.55477e+006 21.0235
405439 7.55477e+006 21.0235
405438 7.55477e+006 21.0235
405438 7.55477e+006 21.0235
405438 7.55477e+006 21.0364
405438 7.55477e+006 21.0364
405439 7.55477e+006 21.0364
405439 7.55477e+006 21.0364
405439 7.55477e+006 21.0364
405438 7.55477e+006 21.0364
405438 7.55477e+006 21.0235
405438 7.55477e+006 21.0235
405438 7.55477e+006 21.0364
405438 7.55477e+006 21.0364
405438 7.55477e+006 21.0364
405438 7.55477e+006 21.0235
405438 7.55477e+006 21.0235
405439 7.55477e+006 21.0235
405439 7.55477e+006 21.0364
405439 7.55477e+006 21.0364
405438 7.55477e+006 21.0364
405438 7.55477e+006 21.0235
405439 7.55477e+006 21.0235
405439 7.55477e+006 21.0235
405439 7.55477e+006 21.0364
405439 7.55477e+006 21.0364
405439 7.55477e+006 21.0364
405439 7.55477e+006 21.0235
405439 7.55477e+006 21.0235
405438 7.55477e+006 21.0235
405438 7.55477e+006 21.0364
405438 7.55477e+006 21.0364
405439 7.55477e+006 21.0364
405439 7.55477e+006 21.0235
405438 7.55477e+006 20.8671
405439 7.55477e+006 20.8671
405439 7.55477e+006 20.8671
405439 7.55477e+006 20.8671
405438 7.55477e+006 20.867
405438 7.55477e+006 20.8671
405438 7.55477e+006 20.88
405438 7.55477e+006 20.88
405439 7.55477e+006 20.88
405439 7.55477e+006 20.88
405439 7.55477e+006 20.88
405438 7.55477e+006 20.88
405438 7.55477e+006 20.8671
405438 7.55477e+006 20.867
405438 7.55477e+006 20.88
405438 7.55477e+006 20.88
405438 7.55477e+006 20.88
405438 7.55477e+006 20.8671
405438 7.55477e+006 20.867
405439 7.55477e+006 20.8671
405439 7.55477e+006 20.88
405439 7.55477e+006 20.88
405438 7.55477e+006 20.88
405438 7.55477e+006 20.867
405439 7.55477e+006 20.8671
405439 7.55477e+006 20.8671
405439 7.55477e+006 20.88
405439 7.55477e+006 20.88
405439 7.55477e+006 20.88
405439 7.55477e+006 20.8671
405439 7.55477e+006 20.8671
405438 7.55477e+006 20.8671
405438 7.55477e+006 20.88
405438 7.55477e+006 20.88
405439 7.55477e+006 20.88
405439 7.55477e+006 20.8671
405438 7.55477e+006 20.7092
405439 7.55477e+006 20.7092
405439 7.55477e+006 20.7092
405439 7.55477e+006 20.7092
405438 7.55477e+006 20.7092
405438 7.55477e+006 20.7092
405438 7.55477e+006 20.7221
405438 7.55477e+006 20.7221
405439 7.55477e+006 20.7221
405439 7.55477e+006 20.7221
405439 7.55477e+006 20.7221
405438 7.55477e+006 20.7221
405438 7.55477e+006 20.7092
405438 7.55477e+006 20.7092
405438 7.55477e+006 20.7221
405438 7.55477e+006 20.7221
405438 7.55477e+006 20.7221
405438 7.55477e+006 20.7092
405438 7.55477e+006 20.7092
405439 7.55477e+006 20.7092
405439 7.55477e+006 20.7221
405439 7.55477e+006 20.7221
405438 7.55477e+006 20.7221
405438 7.55477e+006 20.7092
405439 7.55477e+006 20.7092
405439 7.55477e+006 20.7092
405439 7.55477e+006 20.7221
405439 7.55477e+006 20.7221
405439 7.55477e+006 20.7221
405439 7.55477e+006 20.7092
405439 7.55477e+006 20.7092
405438 7.55477e+006 20.7092
405438 7.55477e+006 20.7221
405438 7.55477e+006 20.7221
405439 7.55477e+006 20.7221
405439 7.55477e+006 20.7092
405438 7.55477e+006 20.5529
405439 7.55477e+006 20.5529
405439 7.55477e+006 20.5529
405439 7.55477e+006 20.5529
405438 7.55477e+006 20.5529
405438 7.55477e+006 20.5529
405438 7.55477e+006 20.5658
405438 7.55477e+006 20.5658
405439 7.55477e+006 20.5658
405439 7.55477e+006 20.5658
405439 7.55477e+006 20.5658
405438 7.55477e+006 20.5658
405438 7.55477e+006 20.5529
405438 7.55477e+006 20.5529
405438 7.55477e+006 20.5658
405438 7.55477e+006 20.5658
405438 7.55477e+006 20.5658
405438 7.55477e+006 20.5529
405438 7.55477e+006 20.5529
405439 7.55477e+006 20.5529
405439 7.55477e+006 20.5658
405439 7.55477e+006 20.5658
405438 7.55477e+006 20.5658
405438 7.55477e+006 20.5529
405439 7.55477e+006 20.5529
405439 7.55477e+006 20.5529
405439 7.55477e+006 20.5658
405439 7.55477e+006 20.5658
405439 7.55477e+006 20.5658
405439 7.55477e+006 20.5529
405439 7.55477e+006 20.5529
405438 7.55477e+006 20.5529
405438 7.55477e+006 20.5658
405438 7.55477e+006 20.5658
405439 7.55477e+006 20.5658
405439 7.55477e+006 20.5529
405438 7.55477e+006 20.3963
405439 7.55477e+006 20.3963
405439 7.55477e+006 20.3963
405439 7.55477e+006 20.3963
405438 7.55477e+006 20.3963
405438 7.55477e+006 20.3963
405438 7.55477e+006 20.4093
405438 7.55477e+006 20.4093
405439 7.55477e+006 20.4093
405439 7.55477e+006 20.4093
405439 7.55477e+006 20.4093
405438 7.55477e+006 20.4093
405438 7.55477e+006 20.3963
405438 7.55477e+006 20.3963
405438 7.55477e+006 20.4093
405438 7.55477e+006 20.4093
405438 7.55477e+006 20.4093
405438 7.55477e+006 20.3963
405438 7.55477e+006 20.3963
405439 7.55477e+006 20.3963
405439 7.55477e+006 20.4093
405439 7.55477e+006 20.4093
405438 7.55477e+006 20.4093
405438 7.55477e+006 20.3963
405439 7.55477e+006 20.3963
405439 7.55477e+006 20.3963
405439 7.55477e+006 20.4093
405439 7.55477e+006 20.4093
405439 7.55477e+006 20.4093
405439 7.55477e+006 20.3963
405439 7.55477e+006 20.3963
405438 7.55477e+006 20.3963
405438 7.55477e+006 20.4093
405438 7.55477e+006 20.4093
405439 7.55477e+006 20.4093
405439 7.55477e+006 20.3963
405439 7.55477e+006 20.2364
405439 7.55477e+006 20.2364
405439 7.55477e+006 20.2364
405439 7.55477e+006 20.2364
405438 7.55477e+006 20.2364
405439 7.55477e+006 20.2364
405439 7.55477e+006 20.2493
405438 7.55477e+006 20.2493
405439 7.55477e+006 20.2493
405439 7.55477e+006 20.2493
405439 7.55477e+006 20.2493
405439 7.55477e+006 20.2493
405439 7.55477e+006 20.2364
405438 7.55477e+006 20.2364
405438 7.55477e+006 20.2493
405438 7.55477e+006 20.2493
405439 7.55477e+006 20.2493
405439 7.55477e+006 20.2364
405438 7.55477e+006 20.2364
405439 7.55477e+006 20.2364
405439 7.55477e+006 20.2493
405439 7.55477e+006 20.2493
405438 7.55477e+006 20.2493
405438 7.55477e+006 20.2364
405439 7.55477e+006 20.2364
405439 7.55477e+006 20.2364
405439 7.55477e+006 20.2493
405439 7.55477e+006 20.2493
405439 7.55477e+006 20.2493
405439 7.55477e+006 20.2364
405439 7.55477e+006 20.2364
405439 7.55477e+006 20.2364
405439 7.55477e+006 20.2493
405439 7.55477e+006 20.2493
405439 7.55477e+006 20.2493
405439 7.55477e+006 20.2364
405439 7.55477e+006 20.0814
405439 7.55477e+006 20.0814
405439 7.55477e+006 20.0814
405439 7.55477e+006 20.0814
405439 7.55477e+006 20.0814
405439 7.55477e+006 20.0814
405439 7.55477e+006 20.0943
405439 7.55477e+006 20.0943
405439 7.55477e+006 20.0943
405439 7.55477e+006 20.0943
405439 7.55477e+006 20.0943
405439 7.55477e+006 20.0943
405439 7.55477e+006 20.0814
405439 7.55477e+006 20.0814
405439 7.55477e+006 20.0943
405439 7.55477e+006 20.0943
405439 7.55477e+006 20.0943
405439 7.55477e+006 20.0814
405439 7.55477e+006 20.0814
405439 7.55477e+006 20.0814
405439 7.55477e+006 20.0943
405439 7.55477e+006 20.0943
405439 7.55477e+006 20.0943
405439 7.55477e+006 20.0814
405439 7.55477e+006 20.0814
405439 7.55477e+006 20.0814
405439 7.55477e+006 20.0943
405439 7.55477e+006 20.0943
405439 7.55477e+006 20.0943
405439 7.55477e+006 20.0814
