400450 7.55244e+006 29.7983
400450 7.55244e+006 29.5068
400450 7.55244e+006 29.5069
400450 7.55244e+006 29.5069
400450 7.55244e+006 29.8085
400450 7.55244e+006 29.7983
400450 7.55244e+006 29.7981
400450 7.55244e+006 29.5066
400450 7.55244e+006 29.5068
400450 7.55244e+006 29.5068
400450 7.55244e+006 29.7983
400450 7.55244e+006 29.7981
400450 7.55244e+006 29.8082
400450 7.55244e+006 29.5066
400450 7.55244e+006 29.5066
400450 7.55244e+006 29.5066
400450 7.55244e+006 29.7981
400450 7.55244e+006 29.8082
400450 7.55244e+006 29.8185
400450 7.55244e+006 29.5066
400450 7.55244e+006 29.5066
400450 7.55244e+006 29.5066
400450 7.55244e+006 29.8082
400450 7.55244e+006 29.8185
400450 7.55244e+006 29.8187
400450 7.55244e+006 29.5068
400450 7.55244e+006 29.5066
400450 7.55244e+006 29.5066
400450 7.55244e+006 29.8185
400450 7.55244e+006 29.8187
400450 7.55244e+006 29.8085
400450 7.55244e+006 29.5069
400450 7.55244e+006 29.5068
400450 7.55244e+006 29.5068
400450 7.55244e+006 29.8187
400450 7.55244e+006 29.8085
400450 7.55244e+006 29.8124
400450 7.55244e+006 29.7983
400450 7.55244e+006 29.8085
400450 7.55244e+006 29.8085
400450 7.55244e+006 29.8371
400450 7.55244e+006 29.8124
400450 7.55244e+006 29.8122
400450 7.55244e+006 29.7981
400450 7.55244e+006 29.7983
400450 7.55244e+006 29.7983
400450 7.55244e+006 29.8124
400450 7.55244e+006 29.8122
400450 7.55244e+006 29.8367
400450 7.55244e+006 29.8082
400450 7.55244e+006 29.7981
400450 7.55244e+006 29.7981
400450 7.55244e+006 29.8122
400450 7.55244e+006 29.8367
400450 7.55244e+006 29.8615
400450 7.55244e+006 29.8185
400450 7.55244e+006 29.8082
400450 7.55244e+006 29.8082
400450 7.55244e+006 29.8367
400450 7.55244e+006 29.8615
400450 7.55244e+006 29.8616
400450 7.55244e+006 29.8187
400450 7.55244e+006 29.8185
400450 7.55244e+006 29.8185
400450 7.55244e+006 29.8615
400450 7.55244e+006 29.8616
400450 7.55244e+006 29.8371
400450 7.55244e+006 29.8085
400450 7.55244e+006 29.8187
400450 7.55244e+006 29.8187
400450 7.55244e+006 29.8616
400450 7.55244e+006 29.8371
400450 7.55244e+006 29.8138
400450 7.55244e+006 29.8124
400450 7.55244e+006 29.8371
400450 7.55244e+006 29.8371
400450 7.55244e+006 29.8385
400450 7.55244e+006 29.8138
400450 7.55244e+006 29.8136
400450 7.55244e+006 29.8122
400450 7.55244e+006 29.8124
400450 7.55244e+006 29.8124
400450 7.55244e+006 29.8138
400450 7.55244e+006 29.8136
400450 7.55244e+006 29.8382
400450 7.55244e+006 29.8367
400450 7.55244e+006 29.8122
400450 7.55244e+006 29.8122
400450 7.55244e+006 29.8136
400450 7.55244e+006 29.8382
400450 7.55244e+006 29.8629
400450 7.55244e+006 29.8615
400450 7.55244e+006 29.8367
400450 7.55244e+006 29.8367
400450 7.55244e+006 29.8382
400450 7.55244e+006 29.8629
400450 7.55244e+006 29.863
400450 7.55244e+006 29.8616
400450 7.55244e+006 29.8615
400450 7.55244e+006 29.8615
400450 7.55244e+006 29.8629
400450 7.55244e+006 29.863
400450 7.55244e+006 29.8385
400450 7.55244e+006 29.8371
400450 7.55244e+006 29.8616
400450 7.55244e+006 29.8616
400450 7.55244e+006 29.863
400450 7.55244e+006 29.8385
400450 7.55244e+006 29.8567
400450 7.55244e+006 29.8138
400450 7.55244e+006 29.8385
400450 7.55244e+006 29.8385
400450 7.55244e+006 29.867
400450 7.55244e+006 29.8567
400450 7.55244e+006 29.8566
400450 7.55244e+006 29.8136
400450 7.55244e+006 29.8138
400450 7.55244e+006 29.8138
400450 7.55244e+006 29.8567
400450 7.55244e+006 29.8566
400450 7.55244e+006 29.8667
400450 7.55244e+006 29.8382
400450 7.55244e+006 29.8136
400450 7.55244e+006 29.8136
400450 7.55244e+006 29.8566
400450 7.55244e+006 29.8667
400450 7.55244e+006 29.877
400450 7.55244e+006 29.8629
400450 7.55244e+006 29.8382
400450 7.55244e+006 29.8382
400450 7.55244e+006 29.8667
400450 7.55244e+006 29.877
400450 7.55244e+006 29.8771
400450 7.55244e+006 29.863
400450 7.55244e+006 29.8629
400450 7.55244e+006 29.8629
400450 7.55244e+006 29.877
400450 7.55244e+006 29.8771
400450 7.55244e+006 29.867
400450 7.55244e+006 29.8385
400450 7.55244e+006 29.863
400450 7.55244e+006 29.863
400450 7.55244e+006 29.8771
400450 7.55244e+006 29.867
400450 7.55244e+006 32.0471
400450 7.55244e+006 29.8567
400450 7.55244e+006 29.867
400450 7.55244e+006 29.867
400450 7.55244e+006 32.0538
400450 7.55244e+006 32.0471
400450 7.55244e+006 32.0351
400450 7.55244e+006 29.8566
400450 7.55244e+006 29.8567
400450 7.55244e+006 29.8567
400450 7.55244e+006 32.0471
400450 7.55244e+006 32.0351
400450 7.55244e+006 32.03
400450 7.55244e+006 29.8667
400450 7.55244e+006 29.8566
400450 7.55244e+006 29.8566
400450 7.55244e+006 32.0351
400450 7.55244e+006 32.03
400450 7.55244e+006 32.0368
400450 7.55244e+006 29.877
400450 7.55244e+006 29.8667
400450 7.55244e+006 29.8667
400450 7.55244e+006 32.03
400450 7.55244e+006 32.0368
400450 7.55244e+006 32.0487
400450 7.55244e+006 29.8771
400450 7.55244e+006 29.877
400450 7.55244e+006 29.877
400450 7.55244e+006 32.0368
400450 7.55244e+006 32.0487
400450 7.55244e+006 32.0538
400450 7.55244e+006 29.867
400450 7.55244e+006 29.8771
400450 7.55244e+006 29.8771
400450 7.55244e+006 32.0487
400450 7.55244e+006 32.0538
400450 7.55244e+006 32.0825
400450 7.55244e+006 32.0471
400450 7.55244e+006 32.0538
400450 7.55244e+006 32.0538
400450 7.55244e+006 32.0987
400450 7.55244e+006 32.0825
400450 7.55244e+006 32.0541
400450 7.55244e+006 32.0351
400450 7.55244e+006 32.0471
400450 7.55244e+006 32.0471
400450 7.55244e+006 32.0825
400450 7.55244e+006 32.0541
400450 7.55244e+006 32.0418
400450 7.55244e+006 32.03
400450 7.55244e+006 32.0351
400450 7.55244e+006 32.0351
400450 7.55244e+006 32.0541
400450 7.55244e+006 32.0418
400450 7.55244e+006 32.058
400450 7.55244e+006 32.0368
400450 7.55244e+006 32.03
400450 7.55244e+006 32.03
400450 7.55244e+006 32.0418
400450 7.55244e+006 32.058
400450 7.55244e+006 32.0864
400450 7.55244e+006 32.0487
400450 7.55244e+006 32.0368
400450 7.55244e+006 32.0368
400450 7.55244e+006 32.058
400450 7.55244e+006 32.0864
400450 7.55244e+006 32.0987
400450 7.55244e+006 32.0538
400450 7.55244e+006 32.0487
400450 7.55244e+006 32.0487
400450 7.55244e+006 32.0864
400450 7.55244e+006 32.0987
400449 7.55244e+006 32.0734
400450 7.55244e+006 32.0825
400450 7.55244e+006 32.0987
400450 7.55244e+006 32.0987
400449 7.55244e+006 32.0895
400449 7.55244e+006 32.0734
400449 7.55244e+006 32.0451
400450 7.55244e+006 32.0541
400450 7.55244e+006 32.0825
400450 7.55244e+006 32.0825
400449 7.55244e+006 32.0734
400449 7.55244e+006 32.0451
400449 7.55244e+006 32.0329
400450 7.55244e+006 32.0418
400450 7.55244e+006 32.0541
400450 7.55244e+006 32.0541
400449 7.55244e+006 32.0451
400449 7.55244e+006 32.0329
400449 7.55244e+006 32.049
400450 7.55244e+006 32.058
400450 7.55244e+006 32.0418
400450 7.55244e+006 32.0418
400449 7.55244e+006 32.0329
400449 7.55244e+006 32.049
400449 7.55244e+006 32.0773
400450 7.55244e+006 32.0864
400450 7.55244e+006 32.058
400450 7.55244e+006 32.058
400449 7.55244e+006 32.049
400449 7.55244e+006 32.0773
400449 7.55244e+006 32.0895
400450 7.55244e+006 32.0987
400450 7.55244e+006 32.0864
400450 7.55244e+006 32.0864
400449 7.55244e+006 32.0773
400449 7.55244e+006 32.0895
400449 7.55244e+006 32.0375
400449 7.55244e+006 32.0734
400449 7.55244e+006 32.0895
400449 7.55244e+006 32.0895
400449 7.55244e+006 32.0441
400449 7.55244e+006 32.0375
400449 7.55244e+006 32.0259
400449 7.55244e+006 32.0451
400449 7.55244e+006 32.0734
400449 7.55244e+006 32.0734
400449 7.55244e+006 32.0375
400449 7.55244e+006 32.0259
400449 7.55244e+006 32.021
400449 7.55244e+006 32.0329
400449 7.55244e+006 32.0451
400449 7.55244e+006 32.0451
400449 7.55244e+006 32.0259
400449 7.55244e+006 32.021
400449 7.55244e+006 32.0275
400449 7.55244e+006 32.049
400449 7.55244e+006 32.0329
400449 7.55244e+006 32.0329
400449 7.55244e+006 32.021
400449 7.55244e+006 32.0275
400449 7.55244e+006 32.0391
400449 7.55244e+006 32.0773
400449 7.55244e+006 32.049
400449 7.55244e+006 32.049
400449 7.55244e+006 32.0275
400449 7.55244e+006 32.0391
400449 7.55244e+006 32.0441
400449 7.55244e+006 32.0895
400449 7.55244e+006 32.0773
400449 7.55244e+006 32.0773
400449 7.55244e+006 32.0391
400449 7.55244e+006 32.0441
400449 7.55244e+006 18.9921
400449 7.55244e+006 32.0375
400449 7.55244e+006 32.0441
400449 7.55244e+006 32.0441
400449 7.55244e+006 18.992
400449 7.55244e+006 18.9921
400449 7.55244e+006 18.9922
400449 7.55244e+006 32.0259
400449 7.55244e+006 32.0375
400449 7.55244e+006 32.0375
400449 7.55244e+006 18.9921
400449 7.55244e+006 18.9922
400449 7.55244e+006 18.9923
400449 7.55244e+006 32.021
400449 7.55244e+006 32.0259
400449 7.55244e+006 32.0259
400449 7.55244e+006 18.9922
400449 7.55244e+006 18.9923
400449 7.55244e+006 18.9922
400449 7.55244e+006 32.0275
400449 7.55244e+006 32.021
400449 7.55244e+006 32.021
400449 7.55244e+006 18.9923
400449 7.55244e+006 18.9922
400449 7.55244e+006 18.992
400449 7.55244e+006 32.0391
400449 7.55244e+006 32.0275
400449 7.55244e+006 32.0275
400449 7.55244e+006 18.9922
400449 7.55244e+006 18.992
400449 7.55244e+006 18.992
400449 7.55244e+006 32.0441
400449 7.55244e+006 32.0391
400449 7.55244e+006 32.0391
400449 7.55244e+006 18.992
400449 7.55244e+006 18.992
400450 7.55244e+006 29.5066
400450 7.55244e+006 29.5068
400450 7.55244e+006 29.5069
400450 7.55244e+006 29.5066
400450 7.55244e+006 29.5066
400450 7.55244e+006 29.5069
400450 7.55244e+006 29.5066
400450 7.55244e+006 29.5066
400450 7.55244e+006 29.5069
400450 7.55244e+006 29.5068
400450 7.55244e+006 29.5066
400450 7.55244e+006 29.5069
400449 7.55244e+006 18.9922
400449 7.55244e+006 18.9921
400449 7.55244e+006 18.992
400449 7.55244e+006 18.992
400449 7.55244e+006 18.9922
400449 7.55244e+006 18.9923
400449 7.55244e+006 18.9923
400449 7.55244e+006 18.9922
400449 7.55244e+006 18.992
400449 7.55244e+006 18.992
400449 7.55244e+006 18.9922
400449 7.55244e+006 18.992
400450 7.55244e+006 29.7997
400450 7.55244e+006 29.81
400450 7.55244e+006 29.5083
400450 7.55244e+006 29.5083
400450 7.55244e+006 29.5082
400450 7.55244e+006 29.7997
400450 7.55244e+006 29.7995
400450 7.55244e+006 29.7997
400450 7.55244e+006 29.5082
400450 7.55244e+006 29.5082
400450 7.55244e+006 29.5081
400450 7.55244e+006 29.7995
400450 7.55244e+006 29.8097
400450 7.55244e+006 29.7995
400450 7.55244e+006 29.5081
400450 7.55244e+006 29.5081
400450 7.55244e+006 29.508
400450 7.55244e+006 29.8097
400450 7.55244e+006 29.8199
400450 7.55244e+006 29.8097
400450 7.55244e+006 29.508
400450 7.55244e+006 29.508
400450 7.55244e+006 29.5081
400450 7.55244e+006 29.8199
400450 7.55244e+006 29.8201
400450 7.55244e+006 29.8199
400450 7.55244e+006 29.5081
400450 7.55244e+006 29.5081
400450 7.55244e+006 29.5083
400450 7.55244e+006 29.8201
400450 7.55244e+006 29.81
400450 7.55244e+006 29.8201
400450 7.55244e+006 29.5083
400450 7.55244e+006 29.5083
400450 7.55244e+006 29.5083
400450 7.55244e+006 29.81
400450 7.55244e+006 29.8138
400450 7.55244e+006 29.8385
400450 7.55244e+006 29.81
400450 7.55244e+006 29.81
400450 7.55244e+006 29.7997
400450 7.55244e+006 29.8138
400450 7.55244e+006 29.8136
400450 7.55244e+006 29.8138
400450 7.55244e+006 29.7997
400450 7.55244e+006 29.7997
400450 7.55244e+006 29.7995
400450 7.55244e+006 29.8136
400450 7.55244e+006 29.8382
400450 7.55244e+006 29.8136
400450 7.55244e+006 29.7995
400450 7.55244e+006 29.7995
400450 7.55244e+006 29.8097
400450 7.55244e+006 29.8382
400450 7.55244e+006 29.8629
400450 7.55244e+006 29.8382
400450 7.55244e+006 29.8097
400450 7.55244e+006 29.8097
400450 7.55244e+006 29.8199
400450 7.55244e+006 29.8629
400450 7.55244e+006 29.8631
400450 7.55244e+006 29.8629
400450 7.55244e+006 29.8199
400450 7.55244e+006 29.8199
400450 7.55244e+006 29.8201
400450 7.55244e+006 29.8631
400450 7.55244e+006 29.8385
400450 7.55244e+006 29.8631
400450 7.55244e+006 29.8201
400450 7.55244e+006 29.8201
400450 7.55244e+006 29.81
400450 7.55244e+006 29.8385
400450 7.55244e+006 29.8152
400450 7.55244e+006 29.8399
400450 7.55244e+006 29.8385
400450 7.55244e+006 29.8385
400450 7.55244e+006 29.8138
400450 7.55244e+006 29.8152
400450 7.55244e+006 29.815
400450 7.55244e+006 29.8152
400450 7.55244e+006 29.8138
400450 7.55244e+006 29.8138
400450 7.55244e+006 29.8136
400450 7.55244e+006 29.815
400450 7.55244e+006 29.8396
400450 7.55244e+006 29.815
400450 7.55244e+006 29.8136
400450 7.55244e+006 29.8136
400450 7.55244e+006 29.8382
400450 7.55244e+006 29.8396
400450 7.55244e+006 29.8643
400450 7.55244e+006 29.8396
400450 7.55244e+006 29.8382
400450 7.55244e+006 29.8382
400450 7.55244e+006 29.8629
400450 7.55244e+006 29.8643
400450 7.55244e+006 29.8645
400450 7.55244e+006 29.8643
400450 7.55244e+006 29.8629
400450 7.55244e+006 29.8629
400450 7.55244e+006 29.8631
400450 7.55244e+006 29.8645
400450 7.55244e+006 29.8399
400450 7.55244e+006 29.8645
400450 7.55244e+006 29.8631
400450 7.55244e+006 29.8631
400450 7.55244e+006 29.8385
400450 7.55244e+006 29.8399
400450 7.55244e+006 29.8582
400450 7.55244e+006 29.8685
400450 7.55244e+006 29.8399
400450 7.55244e+006 29.8399
400450 7.55244e+006 29.8152
400450 7.55244e+006 29.8582
400450 7.55244e+006 29.858
400450 7.55244e+006 29.8582
400450 7.55244e+006 29.8152
400450 7.55244e+006 29.8152
400450 7.55244e+006 29.815
400450 7.55244e+006 29.858
400450 7.55244e+006 29.8681
400450 7.55244e+006 29.858
400450 7.55244e+006 29.815
400450 7.55244e+006 29.815
400450 7.55244e+006 29.8396
400450 7.55244e+006 29.8681
400450 7.55244e+006 29.8784
400450 7.55244e+006 29.8681
400450 7.55244e+006 29.8396
400450 7.55244e+006 29.8396
400450 7.55244e+006 29.8643
400450 7.55244e+006 29.8784
400450 7.55244e+006 29.8786
400450 7.55244e+006 29.8784
400450 7.55244e+006 29.8643
400450 7.55244e+006 29.8643
400450 7.55244e+006 29.8645
400450 7.55244e+006 29.8786
400450 7.55244e+006 29.8685
400450 7.55244e+006 29.8786
400450 7.55244e+006 29.8645
400450 7.55244e+006 29.8645
400450 7.55244e+006 29.8399
400450 7.55244e+006 29.8685
400450 7.55244e+006 32.1037
400450 7.55244e+006 32.1105
400450 7.55244e+006 29.8685
400450 7.55244e+006 29.8685
400450 7.55244e+006 29.8582
400450 7.55244e+006 32.1037
400450 7.55244e+006 32.0918
400450 7.55244e+006 32.1037
400450 7.55244e+006 29.8582
400450 7.55244e+006 29.8582
400450 7.55244e+006 29.858
400450 7.55244e+006 32.0918
400450 7.55244e+006 32.0866
400450 7.55244e+006 32.0918
400450 7.55244e+006 29.858
400450 7.55244e+006 29.858
400450 7.55244e+006 29.8681
400450 7.55244e+006 32.0866
400450 7.55244e+006 32.0934
400450 7.55244e+006 32.0866
400450 7.55244e+006 29.8681
400450 7.55244e+006 29.8681
400450 7.55244e+006 29.8784
400450 7.55244e+006 32.0934
400450 7.55244e+006 32.1053
400450 7.55244e+006 32.0934
400450 7.55244e+006 29.8784
400450 7.55244e+006 29.8784
400450 7.55244e+006 29.8786
400450 7.55244e+006 32.1053
400450 7.55244e+006 32.1105
400450 7.55244e+006 32.1053
400450 7.55244e+006 29.8786
400450 7.55244e+006 29.8786
400450 7.55244e+006 29.8685
400450 7.55244e+006 32.1105
400450 7.55244e+006 32.1391
400450 7.55244e+006 32.1553
400450 7.55244e+006 32.1105
400450 7.55244e+006 32.1105
400450 7.55244e+006 32.1037
400450 7.55244e+006 32.1391
400450 7.55244e+006 32.1107
400450 7.55244e+006 32.1391
400450 7.55244e+006 32.1037
400450 7.55244e+006 32.1037
400450 7.55244e+006 32.0918
400450 7.55244e+006 32.1107
400450 7.55244e+006 32.0984
400450 7.55244e+006 32.1107
400450 7.55244e+006 32.0918
400450 7.55244e+006 32.0918
400450 7.55244e+006 32.0866
400450 7.55244e+006 32.0984
400450 7.55244e+006 32.1146
400450 7.55244e+006 32.0984
400450 7.55244e+006 32.0866
400450 7.55244e+006 32.0866
400450 7.55244e+006 32.0934
400450 7.55244e+006 32.1146
400450 7.55244e+006 32.143
400450 7.55244e+006 32.1146
400450 7.55244e+006 32.0934
400450 7.55244e+006 32.0934
400450 7.55244e+006 32.1053
400450 7.55244e+006 32.143
400450 7.55244e+006 32.1553
400450 7.55244e+006 32.143
400450 7.55244e+006 32.1053
400450 7.55244e+006 32.1053
400450 7.55244e+006 32.1105
400450 7.55244e+006 32.1553
400449 7.55244e+006 32.1325
400449 7.55244e+006 32.1486
400450 7.55244e+006 32.1553
400450 7.55244e+006 32.1553
400450 7.55244e+006 32.1391
400449 7.55244e+006 32.1325
400449 7.55244e+006 32.1042
400449 7.55244e+006 32.1325
400450 7.55244e+006 32.1391
400450 7.55244e+006 32.1391
400450 7.55244e+006 32.1107
400449 7.55244e+006 32.1042
400449 7.55244e+006 32.092
400449 7.55244e+006 32.1042
400450 7.55244e+006 32.1107
400450 7.55244e+006 32.1107
400450 7.55244e+006 32.0984
400449 7.55244e+006 32.092
400449 7.55244e+006 32.1081
400449 7.55244e+006 32.092
400450 7.55244e+006 32.0984
400450 7.55244e+006 32.0984
400450 7.55244e+006 32.1146
400449 7.55244e+006 32.1081
400449 7.55244e+006 32.1364
400449 7.55244e+006 32.1081
400450 7.55244e+006 32.1146
400450 7.55244e+006 32.1146
400450 7.55244e+006 32.143
400449 7.55244e+006 32.1364
400449 7.55244e+006 32.1486
400449 7.55244e+006 32.1364
400450 7.55244e+006 32.143
400450 7.55244e+006 32.143
400450 7.55244e+006 32.1553
400449 7.55244e+006 32.1486
400449 7.55244e+006 32.0967
400449 7.55244e+006 32.1033
400449 7.55244e+006 32.1486
400449 7.55244e+006 32.1486
400449 7.55244e+006 32.1325
400449 7.55244e+006 32.0967
400449 7.55244e+006 32.0851
400449 7.55244e+006 32.0967
400449 7.55244e+006 32.1325
400449 7.55244e+006 32.1325
400449 7.55244e+006 32.1042
400449 7.55244e+006 32.0851
400449 7.55244e+006 32.0801
400449 7.55244e+006 32.0851
400449 7.55244e+006 32.1042
400449 7.55244e+006 32.1042
400449 7.55244e+006 32.092
400449 7.55244e+006 32.0801
400449 7.55244e+006 32.0867
400449 7.55244e+006 32.0801
400449 7.55244e+006 32.092
400449 7.55244e+006 32.092
400449 7.55244e+006 32.1081
400449 7.55244e+006 32.0867
400449 7.55244e+006 32.0983
400449 7.55244e+006 32.0867
400449 7.55244e+006 32.1081
400449 7.55244e+006 32.1081
400449 7.55244e+006 32.1364
400449 7.55244e+006 32.0983
400449 7.55244e+006 32.1033
400449 7.55244e+006 32.0983
400449 7.55244e+006 32.1364
400449 7.55244e+006 32.1364
400449 7.55244e+006 32.1486
400449 7.55244e+006 32.1033
400449 7.55244e+006 29.8475
400449 7.55244e+006 29.85
400449 7.55244e+006 32.1033
400449 7.55244e+006 32.1033
400449 7.55244e+006 32.0967
400449 7.55244e+006 29.8475
400449 7.55244e+006 29.8562
400449 7.55244e+006 29.8475
400449 7.55244e+006 32.0967
400449 7.55244e+006 32.0967
400449 7.55244e+006 32.0851
400449 7.55244e+006 29.8562
400449 7.55244e+006 29.8674
400449 7.55244e+006 29.8562
400449 7.55244e+006 32.0851
400449 7.55244e+006 32.0851
400449 7.55244e+006 32.0801
400449 7.55244e+006 29.8674
400449 7.55244e+006 29.87
400449 7.55244e+006 29.8674
400449 7.55244e+006 32.0801
400449 7.55244e+006 32.0801
400449 7.55244e+006 32.0867
400449 7.55244e+006 29.87
400449 7.55244e+006 29.8613
400449 7.55244e+006 29.87
400449 7.55244e+006 32.0867
400449 7.55244e+006 32.0867
400449 7.55244e+006 32.0983
400449 7.55244e+006 29.8613
400449 7.55244e+006 29.85
400449 7.55244e+006 29.8613
400449 7.55244e+006 32.0983
400449 7.55244e+006 32.0983
400449 7.55244e+006 32.1033
400449 7.55244e+006 29.85
400449 7.55244e+006 29.8028
400449 7.55244e+006 29.8091
400449 7.55244e+006 29.85
400449 7.55244e+006 29.85
400449 7.55244e+006 29.8475
400449 7.55244e+006 29.8028
400449 7.55244e+006 29.8237
400449 7.55244e+006 29.8028
400449 7.55244e+006 29.8475
400449 7.55244e+006 29.8475
400449 7.55244e+006 29.8562
400449 7.55244e+006 29.8237
400449 7.55244e+006 29.8509
400449 7.55244e+006 29.8237
400449 7.55244e+006 29.8562
400449 7.55244e+006 29.8562
400449 7.55244e+006 29.8674
400449 7.55244e+006 29.8509
400449 7.55244e+006 29.8573
400449 7.55244e+006 29.8509
400449 7.55244e+006 29.8674
400449 7.55244e+006 29.8674
400449 7.55244e+006 29.87
400449 7.55244e+006 29.8573
400449 7.55244e+006 29.8364
400449 7.55244e+006 29.8573
400449 7.55244e+006 29.87
400449 7.55244e+006 29.87
400449 7.55244e+006 29.8613
400449 7.55244e+006 29.8364
400449 7.55244e+006 29.8091
400449 7.55244e+006 29.8364
400449 7.55244e+006 29.8613
400449 7.55244e+006 29.8613
400449 7.55244e+006 29.85
400449 7.55244e+006 29.8091
400449 7.55244e+006 29.8031
400449 7.55244e+006 29.8116
400449 7.55244e+006 29.8091
400449 7.55244e+006 29.8091
400449 7.55244e+006 29.8028
400449 7.55244e+006 29.8031
400449 7.55244e+006 29.8224
400449 7.55244e+006 29.8031
400449 7.55244e+006 29.8028
400449 7.55244e+006 29.8028
400449 7.55244e+006 29.8237
400449 7.55244e+006 29.8224
400449 7.55244e+006 29.8502
400449 7.55244e+006 29.8224
400449 7.55244e+006 29.8237
400449 7.55244e+006 29.8237
400449 7.55244e+006 29.8509
400449 7.55244e+006 29.8502
400449 7.55244e+006 29.8587
400449 7.55244e+006 29.8502
400449 7.55244e+006 29.8509
400449 7.55244e+006 29.8509
400449 7.55244e+006 29.8573
400449 7.55244e+006 29.8587
400449 7.55244e+006 29.8394
400449 7.55244e+006 29.8587
400449 7.55244e+006 29.8573
400449 7.55244e+006 29.8573
400449 7.55244e+006 29.8364
400449 7.55244e+006 29.8394
400449 7.55244e+006 29.8116
400449 7.55244e+006 29.8394
400449 7.55244e+006 29.8364
400449 7.55244e+006 29.8364
400449 7.55244e+006 29.8091
400449 7.55244e+006 29.8116
400449 7.55244e+006 29.8003
400449 7.55244e+006 29.8109
400449 7.55244e+006 29.8116
400449 7.55244e+006 29.8116
400449 7.55244e+006 29.8031
400449 7.55244e+006 29.8003
400449 7.55244e+006 29.8178
400449 7.55244e+006 29.8003
400449 7.55244e+006 29.8031
400449 7.55244e+006 29.8031
400449 7.55244e+006 29.8224
400449 7.55244e+006 29.8178
400449 7.55244e+006 29.8459
400449 7.55244e+006 29.8178
400449 7.55244e+006 29.8224
400449 7.55244e+006 29.8224
400449 7.55244e+006 29.8502
400449 7.55244e+006 29.8459
400449 7.55244e+006 29.8566
400449 7.55244e+006 29.8459
400449 7.55244e+006 29.8502
400449 7.55244e+006 29.8502
400449 7.55244e+006 29.8587
400449 7.55244e+006 29.8566
400449 7.55244e+006 29.8391
400449 7.55244e+006 29.8566
400449 7.55244e+006 29.8587
400449 7.55244e+006 29.8587
400449 7.55244e+006 29.8394
400449 7.55244e+006 29.8391
400449 7.55244e+006 29.8109
400449 7.55244e+006 29.8391
400449 7.55244e+006 29.8394
400449 7.55244e+006 29.8394
400449 7.55244e+006 29.8116
400449 7.55244e+006 29.8109
400449 7.55244e+006 29.7883
400449 7.55244e+006 29.7926
400449 7.55244e+006 29.8109
400449 7.55244e+006 29.8109
400449 7.55244e+006 29.8003
400449 7.55244e+006 29.7883
400449 7.55244e+006 29.7956
400449 7.55244e+006 29.7883
400449 7.55244e+006 29.8003
400449 7.55244e+006 29.8003
400449 7.55244e+006 29.8178
400449 7.55244e+006 29.7956
400449 7.55244e+006 29.8072
400449 7.55244e+006 29.7956
400449 7.55244e+006 29.8178
400449 7.55244e+006 29.8178
400449 7.55244e+006 29.8459
400449 7.55244e+006 29.8072
400449 7.55244e+006 29.8116
400449 7.55244e+006 29.8072
400449 7.55244e+006 29.8459
400449 7.55244e+006 29.8459
400449 7.55244e+006 29.8566
400449 7.55244e+006 29.8116
400449 7.55244e+006 29.8042
400449 7.55244e+006 29.8116
400449 7.55244e+006 29.8566
400449 7.55244e+006 29.8566
400449 7.55244e+006 29.8391
400449 7.55244e+006 29.8042
400449 7.55244e+006 29.7926
400449 7.55244e+006 29.8042
400449 7.55244e+006 29.8391
400449 7.55244e+006 29.8391
400449 7.55244e+006 29.8109
400449 7.55244e+006 29.7926
400449 7.55244e+006 18.9973
400449 7.55244e+006 18.9971
400449 7.55244e+006 29.7926
400449 7.55244e+006 29.7926
400449 7.55244e+006 29.7883
400449 7.55244e+006 18.9973
400449 7.55244e+006 18.9974
400449 7.55244e+006 18.9973
400449 7.55244e+006 29.7883
400449 7.55244e+006 29.7883
400449 7.55244e+006 29.7956
400449 7.55244e+006 18.9974
400449 7.55244e+006 18.9974
400449 7.55244e+006 18.9974
400449 7.55244e+006 29.7956
400449 7.55244e+006 29.7956
400449 7.55244e+006 29.8072
400449 7.55244e+006 18.9974
400449 7.55244e+006 18.9972
400449 7.55244e+006 18.9974
400449 7.55244e+006 29.8072
400449 7.55244e+006 29.8072
400449 7.55244e+006 29.8116
400449 7.55244e+006 18.9972
400449 7.55244e+006 18.9971
400449 7.55244e+006 18.9972
400449 7.55244e+006 29.8116
400449 7.55244e+006 29.8116
400449 7.55244e+006 29.8042
400449 7.55244e+006 18.9971
400449 7.55244e+006 18.9971
400449 7.55244e+006 18.9971
400449 7.55244e+006 29.8042
400449 7.55244e+006 29.8042
400449 7.55244e+006 29.7926
400449 7.55244e+006 18.9971
400450 7.55244e+006 29.5083
400450 7.55244e+006 29.5083
400450 7.55244e+006 29.5081
400450 7.55244e+006 29.5083
400450 7.55244e+006 29.5081
400450 7.55244e+006 29.508
400450 7.55244e+006 29.5083
400450 7.55244e+006 29.508
400450 7.55244e+006 29.5081
400450 7.55244e+006 29.5082
400450 7.55244e+006 29.5083
400450 7.55244e+006 29.5081
400449 7.55244e+006 18.9974
400449 7.55244e+006 18.9971
400449 7.55244e+006 18.9973
400449 7.55244e+006 18.9971
400449 7.55244e+006 18.9974
400449 7.55244e+006 18.9974
400449 7.55244e+006 18.9974
400449 7.55244e+006 18.9972
400449 7.55244e+006 18.9971
400449 7.55244e+006 18.9971
400449 7.55244e+006 18.9971
400449 7.55244e+006 18.9972
400449 7.55244e+006 31.2692
400449 7.55244e+006 33.3893
400449 7.55244e+006 33.3894
400449 7.55244e+006 33.3894
400449 7.55244e+006 31.2694
400449 7.55244e+006 31.2692
400449 7.55244e+006 31.2692
400449 7.55244e+006 33.3893
400449 7.55244e+006 33.3893
400449 7.55244e+006 33.3893
400449 7.55244e+006 31.2692
400449 7.55244e+006 31.2692
400449 7.55244e+006 31.2693
400449 7.55244e+006 33.3894
400449 7.55244e+006 33.3893
400449 7.55244e+006 33.3893
400449 7.55244e+006 31.2692
400449 7.55244e+006 31.2693
400449 7.55244e+006 31.2695
400449 7.55244e+006 33.3896
400449 7.55244e+006 33.3894
400449 7.55244e+006 33.3894
400449 7.55244e+006 31.2693
400449 7.55244e+006 31.2695
400449 7.55244e+006 31.2695
400449 7.55244e+006 33.3896
400449 7.55244e+006 33.3896
400449 7.55244e+006 33.3896
400449 7.55244e+006 31.2695
400449 7.55244e+006 31.2695
400449 7.55244e+006 31.2694
400449 7.55244e+006 33.3894
400449 7.55244e+006 33.3896
400449 7.55244e+006 33.3896
400449 7.55244e+006 31.2695
400449 7.55244e+006 31.2694
400449 7.55244e+006 31.2243
400449 7.55244e+006 31.2692
400449 7.55244e+006 31.2694
400449 7.55244e+006 31.2694
400449 7.55244e+006 31.2295
400449 7.55244e+006 31.2243
400449 7.55244e+006 31.2142
400449 7.55244e+006 31.2692
400449 7.55244e+006 31.2692
400449 7.55244e+006 31.2692
400449 7.55244e+006 31.2243
400449 7.55244e+006 31.2142
400449 7.55244e+006 31.2092
400449 7.55244e+006 31.2693
400449 7.55244e+006 31.2692
400449 7.55244e+006 31.2692
400449 7.55244e+006 31.2142
400449 7.55244e+006 31.2092
400449 7.55244e+006 31.2144
400449 7.55244e+006 31.2695
400449 7.55244e+006 31.2693
400449 7.55244e+006 31.2693
400449 7.55244e+006 31.2092
400449 7.55244e+006 31.2144
400449 7.55244e+006 31.2246
400449 7.55244e+006 31.2695
400449 7.55244e+006 31.2695
400449 7.55244e+006 31.2695
400449 7.55244e+006 31.2144
400449 7.55244e+006 31.2246
400449 7.55244e+006 31.2295
400449 7.55244e+006 31.2694
400449 7.55244e+006 31.2695
400449 7.55244e+006 31.2695
400449 7.55244e+006 31.2246
400449 7.55244e+006 31.2295
400449 7.55244e+006 30.9604
400449 7.55244e+006 31.2243
400449 7.55244e+006 31.2295
400449 7.55244e+006 31.2295
400449 7.55244e+006 30.9674
400449 7.55244e+006 30.9604
400449 7.55244e+006 30.9466
400449 7.55244e+006 31.2142
400449 7.55244e+006 31.2243
400449 7.55244e+006 31.2243
400449 7.55244e+006 30.9604
400449 7.55244e+006 30.9466
400449 7.55244e+006 30.9398
400449 7.55244e+006 31.2092
400449 7.55244e+006 31.2142
400449 7.55244e+006 31.2142
400449 7.55244e+006 30.9466
400449 7.55244e+006 30.9398
400449 7.55244e+006 30.9469
400449 7.55244e+006 31.2144
400449 7.55244e+006 31.2092
400449 7.55244e+006 31.2092
400449 7.55244e+006 30.9398
400449 7.55244e+006 30.9469
400449 7.55244e+006 30.9607
400449 7.55244e+006 31.2246
400449 7.55244e+006 31.2144
400449 7.55244e+006 31.2144
400449 7.55244e+006 30.9469
400449 7.55244e+006 30.9607
400449 7.55244e+006 30.9674
400449 7.55244e+006 31.2295
400449 7.55244e+006 31.2246
400449 7.55244e+006 31.2246
400449 7.55244e+006 30.9607
400449 7.55244e+006 30.9674
400449 7.55244e+006 30.9059
400449 7.55244e+006 30.9604
400449 7.55244e+006 30.9674
400449 7.55244e+006 30.9674
400449 7.55244e+006 30.9083
400449 7.55244e+006 30.9059
400449 7.55244e+006 30.9012
400449 7.55244e+006 30.9466
400449 7.55244e+006 30.9604
400449 7.55244e+006 30.9604
400449 7.55244e+006 30.9059
400449 7.55244e+006 30.9012
400449 7.55244e+006 30.899
400449 7.55244e+006 30.9398
400449 7.55244e+006 30.9466
400449 7.55244e+006 30.9466
400449 7.55244e+006 30.9012
400449 7.55244e+006 30.899
400449 7.55244e+006 30.9015
400449 7.55244e+006 30.9469
400449 7.55244e+006 30.9398
400449 7.55244e+006 30.9398
400449 7.55244e+006 30.899
400449 7.55244e+006 30.9015
400449 7.55244e+006 30.9061
400449 7.55244e+006 30.9607
400449 7.55244e+006 30.9469
400449 7.55244e+006 30.9469
400449 7.55244e+006 30.9015
400449 7.55244e+006 30.9061
400449 7.55244e+006 30.9083
400449 7.55244e+006 30.9674
400449 7.55244e+006 30.9607
400449 7.55244e+006 30.9607
400449 7.55244e+006 30.9061
400449 7.55244e+006 30.9083
400449 7.55244e+006 29.8539
400449 7.55244e+006 30.9059
400449 7.55244e+006 30.9083
400449 7.55244e+006 30.9083
400449 7.55244e+006 29.8488
400449 7.55244e+006 29.8539
400449 7.55244e+006 29.8646
400449 7.55244e+006 30.9012
400449 7.55244e+006 30.9059
400449 7.55244e+006 30.9059
400449 7.55244e+006 29.8539
400449 7.55244e+006 29.8646
400449 7.55244e+006 29.87
400449 7.55244e+006 30.899
400449 7.55244e+006 30.9012
400449 7.55244e+006 30.9012
400449 7.55244e+006 29.8646
400449 7.55244e+006 29.87
400449 7.55244e+006 29.8648
400449 7.55244e+006 30.9015
400449 7.55244e+006 30.899
400449 7.55244e+006 30.899
400449 7.55244e+006 29.87
400449 7.55244e+006 29.8648
400449 7.55244e+006 29.8542
400449 7.55244e+006 30.9061
400449 7.55244e+006 30.9015
400449 7.55244e+006 30.9015
400449 7.55244e+006 29.8648
400449 7.55244e+006 29.8542
400449 7.55244e+006 29.8488
400449 7.55244e+006 30.9083
400449 7.55244e+006 30.9061
400449 7.55244e+006 30.9061
400449 7.55244e+006 29.8542
400449 7.55244e+006 29.8488
400449 7.55244e+006 29.818
400449 7.55244e+006 29.8539
400449 7.55244e+006 29.8488
400449 7.55244e+006 29.8488
400449 7.55244e+006 29.8053
400449 7.55244e+006 29.818
400449 7.55244e+006 29.8436
400449 7.55244e+006 29.8646
400449 7.55244e+006 29.8539
400449 7.55244e+006 29.8539
400449 7.55244e+006 29.818
400449 7.55244e+006 29.8436
400449 7.55244e+006 29.8565
400449 7.55244e+006 29.87
400449 7.55244e+006 29.8646
400449 7.55244e+006 29.8646
400449 7.55244e+006 29.8436
400449 7.55244e+006 29.8565
400449 7.55244e+006 29.8438
400449 7.55244e+006 29.8648
400449 7.55244e+006 29.87
400449 7.55244e+006 29.87
400449 7.55244e+006 29.8565
400449 7.55244e+006 29.8438
400449 7.55244e+006 29.8182
400449 7.55244e+006 29.8542
400449 7.55244e+006 29.8648
400449 7.55244e+006 29.8648
400449 7.55244e+006 29.8438
400449 7.55244e+006 29.8182
400449 7.55244e+006 29.8053
400449 7.55244e+006 29.8488
400449 7.55244e+006 29.8542
400449 7.55244e+006 29.8542
400449 7.55244e+006 29.8182
400449 7.55244e+006 29.8053
400449 7.55244e+006 29.818
400449 7.55244e+006 29.818
400449 7.55244e+006 29.8053
400449 7.55244e+006 29.8053
400449 7.55244e+006 29.8053
400449 7.55244e+006 29.818
400449 7.55244e+006 29.8436
400449 7.55244e+006 29.8436
400449 7.55244e+006 29.818
400449 7.55244e+006 29.818
400449 7.55244e+006 29.818
400449 7.55244e+006 29.8436
400449 7.55244e+006 29.8565
400449 7.55244e+006 29.8565
400449 7.55244e+006 29.8436
400449 7.55244e+006 29.8436
400449 7.55244e+006 29.8436
400449 7.55244e+006 29.8565
400449 7.55244e+006 29.8438
400449 7.55244e+006 29.8438
400449 7.55244e+006 29.8565
400449 7.55244e+006 29.8565
400449 7.55244e+006 29.8565
400449 7.55244e+006 29.8438
400449 7.55244e+006 29.8182
400449 7.55244e+006 29.8182
400449 7.55244e+006 29.8438
400449 7.55244e+006 29.8438
400449 7.55244e+006 29.8438
400449 7.55244e+006 29.8182
400449 7.55244e+006 29.8053
400449 7.55244e+006 29.8053
400449 7.55244e+006 29.8182
400449 7.55244e+006 29.8182
400449 7.55244e+006 29.8182
400449 7.55244e+006 29.8053
400449 7.55244e+006 29.797
400449 7.55244e+006 29.818
400449 7.55244e+006 29.8053
400449 7.55244e+006 29.8053
400449 7.55244e+006 29.7918
400449 7.55244e+006 29.797
400449 7.55244e+006 29.8076
400449 7.55244e+006 29.8436
400449 7.55244e+006 29.818
400449 7.55244e+006 29.818
400449 7.55244e+006 29.797
400449 7.55244e+006 29.8076
400449 7.55244e+006 29.813
400449 7.55244e+006 29.8565
400449 7.55244e+006 29.8436
400449 7.55244e+006 29.8436
400449 7.55244e+006 29.8076
400449 7.55244e+006 29.813
400449 7.55244e+006 29.8079
400449 7.55244e+006 29.8438
400449 7.55244e+006 29.8565
400449 7.55244e+006 29.8565
400449 7.55244e+006 29.813
400449 7.55244e+006 29.8079
400449 7.55244e+006 29.7973
400449 7.55244e+006 29.8182
400449 7.55244e+006 29.8438
400449 7.55244e+006 29.8438
400449 7.55244e+006 29.8079
400449 7.55244e+006 29.7973
400449 7.55244e+006 29.7918
400449 7.55244e+006 29.8053
400449 7.55244e+006 29.8182
400449 7.55244e+006 29.8182
400449 7.55244e+006 29.7973
400449 7.55244e+006 29.7918
400449 7.55244e+006 19.8489
400449 7.55244e+006 29.797
400449 7.55244e+006 29.7918
400449 7.55244e+006 29.7918
400449 7.55244e+006 19.8542
400449 7.55244e+006 19.8489
400449 7.55244e+006 19.8386
400449 7.55244e+006 29.8076
400449 7.55244e+006 29.797
400449 7.55244e+006 29.797
400449 7.55244e+006 19.8489
400449 7.55244e+006 19.8386
400449 7.55244e+006 19.8335
400449 7.55244e+006 29.813
400449 7.55244e+006 29.8076
400449 7.55244e+006 29.8076
400449 7.55244e+006 19.8386
400449 7.55244e+006 19.8335
400449 7.55244e+006 19.8388
400449 7.55244e+006 29.8079
400449 7.55244e+006 29.813
400449 7.55244e+006 29.813
400449 7.55244e+006 19.8335
400449 7.55244e+006 19.8388
400449 7.55244e+006 19.8492
400449 7.55244e+006 29.7973
400449 7.55244e+006 29.8079
400449 7.55244e+006 29.8079
400449 7.55244e+006 19.8388
400449 7.55244e+006 19.8492
400449 7.55244e+006 19.8542
400449 7.55244e+006 29.7918
400449 7.55244e+006 29.7973
400449 7.55244e+006 29.7973
400449 7.55244e+006 19.8492
400449 7.55244e+006 19.8542
400449 7.55244e+006 19.8269
400449 7.55244e+006 19.8489
400449 7.55244e+006 19.8542
400449 7.55244e+006 19.8542
400449 7.55244e+006 19.8399
400449 7.55244e+006 19.8269
400449 7.55244e+006 19.8013
400449 7.55244e+006 19.8386
400449 7.55244e+006 19.8489
400449 7.55244e+006 19.8489
400449 7.55244e+006 19.8269
400449 7.55244e+006 19.8013
400449 7.55244e+006 19.7886
400449 7.55244e+006 19.8335
400449 7.55244e+006 19.8386
400449 7.55244e+006 19.8386
400449 7.55244e+006 19.8013
400449 7.55244e+006 19.7886
400449 7.55244e+006 19.8015
400449 7.55244e+006 19.8388
400449 7.55244e+006 19.8335
400449 7.55244e+006 19.8335
400449 7.55244e+006 19.7886
400449 7.55244e+006 19.8015
400449 7.55244e+006 19.8272
400449 7.55244e+006 19.8492
400449 7.55244e+006 19.8388
400449 7.55244e+006 19.8388
400449 7.55244e+006 19.8015
400449 7.55244e+006 19.8272
400449 7.55244e+006 19.8399
400449 7.55244e+006 19.8542
400449 7.55244e+006 19.8492
400449 7.55244e+006 19.8492
400449 7.55244e+006 19.8272
400449 7.55244e+006 19.8399
400449 7.55244e+006 19.827
400449 7.55244e+006 19.8269
400449 7.55244e+006 19.8399
400449 7.55244e+006 19.8399
400449 7.55244e+006 19.8399
400449 7.55244e+006 19.827
400449 7.55244e+006 19.8013
400449 7.55244e+006 19.8013
400449 7.55244e+006 19.8269
400449 7.55244e+006 19.8269
400449 7.55244e+006 19.827
400449 7.55244e+006 19.8013
400449 7.55244e+006 19.7887
400449 7.55244e+006 19.7886
400449 7.55244e+006 19.8013
400449 7.55244e+006 19.8013
400449 7.55244e+006 19.8013
400449 7.55244e+006 19.7887
400449 7.55244e+006 19.8016
400449 7.55244e+006 19.8015
400449 7.55244e+006 19.7886
400449 7.55244e+006 19.7886
400449 7.55244e+006 19.7887
400449 7.55244e+006 19.8016
400449 7.55244e+006 19.8272
400449 7.55244e+006 19.8272
400449 7.55244e+006 19.8015
400449 7.55244e+006 19.8015
400449 7.55244e+006 19.8016
400449 7.55244e+006 19.8272
400449 7.55244e+006 19.8399
400449 7.55244e+006 19.8399
400449 7.55244e+006 19.8272
400449 7.55244e+006 19.8272
400449 7.55244e+006 19.8272
400449 7.55244e+006 19.8399
400449 7.55244e+006 19.7831
400449 7.55244e+006 19.827
400449 7.55244e+006 19.8399
400449 7.55244e+006 19.8399
400449 7.55244e+006 19.7878
400449 7.55244e+006 19.7831
400449 7.55244e+006 19.7741
400449 7.55244e+006 19.8013
400449 7.55244e+006 19.827
400449 7.55244e+006 19.827
400449 7.55244e+006 19.7831
400449 7.55244e+006 19.7741
400449 7.55244e+006 19.7697
400449 7.55244e+006 19.7887
400449 7.55244e+006 19.8013
400449 7.55244e+006 19.8013
400449 7.55244e+006 19.7741
400449 7.55244e+006 19.7697
400449 7.55244e+006 19.7744
400449 7.55244e+006 19.8016
400449 7.55244e+006 19.7887
400449 7.55244e+006 19.7887
400449 7.55244e+006 19.7697
400449 7.55244e+006 19.7744
400449 7.55244e+006 19.7834
400449 7.55244e+006 19.8272
400449 7.55244e+006 19.8016
400449 7.55244e+006 19.8016
400449 7.55244e+006 19.7744
400449 7.55244e+006 19.7834
400449 7.55244e+006 19.7878
400449 7.55244e+006 19.8399
400449 7.55244e+006 19.8272
400449 7.55244e+006 19.8272
400449 7.55244e+006 19.7834
400449 7.55244e+006 19.7878
400449 7.55244e+006 19.0974
400449 7.55244e+006 19.7831
400449 7.55244e+006 19.7878
400449 7.55244e+006 19.7878
400449 7.55244e+006 19.1025
400449 7.55244e+006 19.0974
400449 7.55244e+006 19.0873
400449 7.55244e+006 19.7741
400449 7.55244e+006 19.7831
400449 7.55244e+006 19.7831
400449 7.55244e+006 19.0974
400449 7.55244e+006 19.0873
400449 7.55244e+006 19.0824
400449 7.55244e+006 19.7697
400449 7.55244e+006 19.7741
400449 7.55244e+006 19.7741
400449 7.55244e+006 19.0873
400449 7.55244e+006 19.0824
400449 7.55244e+006 19.0876
400449 7.55244e+006 19.7744
400449 7.55244e+006 19.7697
400449 7.55244e+006 19.7697
400449 7.55244e+006 19.0824
400449 7.55244e+006 19.0876
400449 7.55244e+006 19.0976
400449 7.55244e+006 19.7834
400449 7.55244e+006 19.7744
400449 7.55244e+006 19.7744
400449 7.55244e+006 19.0876
400449 7.55244e+006 19.0976
400449 7.55244e+006 19.1025
400449 7.55244e+006 19.7878
400449 7.55244e+006 19.7834
400449 7.55244e+006 19.7834
400449 7.55244e+006 19.0976
400449 7.55244e+006 19.1025
400449 7.55244e+006 19.0434
400449 7.55244e+006 19.0974
400449 7.55244e+006 19.1025
400449 7.55244e+006 19.1025
400449 7.55244e+006 19.0563
400449 7.55244e+006 19.0434
400449 7.55244e+006 19.0179
400449 7.55244e+006 19.0873
400449 7.55244e+006 19.0974
400449 7.55244e+006 19.0974
400449 7.55244e+006 19.0434
400449 7.55244e+006 19.0179
400449 7.55244e+006 19.0052
400449 7.55244e+006 19.0824
400449 7.55244e+006 19.0873
400449 7.55244e+006 19.0873
400449 7.55244e+006 19.0179
400449 7.55244e+006 19.0052
400449 7.55244e+006 19.0181
400449 7.55244e+006 19.0876
400449 7.55244e+006 19.0824
400449 7.55244e+006 19.0824
400449 7.55244e+006 19.0052
400449 7.55244e+006 19.0181
400449 7.55244e+006 19.0437
400449 7.55244e+006 19.0976
400449 7.55244e+006 19.0876
400449 7.55244e+006 19.0876
400449 7.55244e+006 19.0181
400449 7.55244e+006 19.0437
400449 7.55244e+006 19.0563
400449 7.55244e+006 19.1025
400449 7.55244e+006 19.0976
400449 7.55244e+006 19.0976
400449 7.55244e+006 19.0437
400449 7.55244e+006 19.0563
400449 7.55244e+006 19.0429
400449 7.55244e+006 19.0434
400449 7.55244e+006 19.0563
400449 7.55244e+006 19.0563
400449 7.55244e+006 19.0558
400449 7.55244e+006 19.0429
400449 7.55244e+006 19.0172
400449 7.55244e+006 19.0179
400449 7.55244e+006 19.0434
400449 7.55244e+006 19.0434
400449 7.55244e+006 19.0429
400449 7.55244e+006 19.0172
400449 7.55244e+006 19.0046
400449 7.55244e+006 19.0052
400449 7.55244e+006 19.0179
400449 7.55244e+006 19.0179
400449 7.55244e+006 19.0172
400449 7.55244e+006 19.0046
400449 7.55244e+006 19.0175
400449 7.55244e+006 19.0181
400449 7.55244e+006 19.0052
400449 7.55244e+006 19.0052
400449 7.55244e+006 19.0046
400449 7.55244e+006 19.0175
400449 7.55244e+006 19.0431
400449 7.55244e+006 19.0437
400449 7.55244e+006 19.0181
400449 7.55244e+006 19.0181
400449 7.55244e+006 19.0175
400449 7.55244e+006 19.0431
400449 7.55244e+006 19.0558
400449 7.55244e+006 19.0563
400449 7.55244e+006 19.0437
400449 7.55244e+006 19.0437
400449 7.55244e+006 19.0431
400449 7.55244e+006 19.0558
400449 7.55244e+006 33.3896
400449 7.55244e+006 33.3896
400449 7.55244e+006 33.3894
400449 7.55244e+006 33.3894
400449 7.55244e+006 33.3896
400449 7.55244e+006 33.3894
400449 7.55244e+006 33.3893
400449 7.55244e+006 33.3894
400449 7.55244e+006 33.3894
400449 7.55244e+006 33.3893
400449 7.55244e+006 33.3893
400449 7.55244e+006 33.3894
400449 7.55244e+006 19.0172
400449 7.55244e+006 19.0429
400449 7.55244e+006 19.0558
400449 7.55244e+006 19.0558
400449 7.55244e+006 19.0175
400449 7.55244e+006 19.0046
400449 7.55244e+006 19.0046
400449 7.55244e+006 19.0172
400449 7.55244e+006 19.0558
400449 7.55244e+006 19.0431
400449 7.55244e+006 19.0175
400449 7.55244e+006 19.0558
400450 7.55244e+006 30.8923
400449 7.55244e+006 30.883
400449 7.55244e+006 30.8574
400449 7.55244e+006 30.8574
400450 7.55244e+006 30.8666
400450 7.55244e+006 30.8923
400450 7.55244e+006 30.9051
400449 7.55244e+006 30.8959
400449 7.55244e+006 30.883
400449 7.55244e+006 30.883
400450 7.55244e+006 30.8923
400450 7.55244e+006 30.9051
400450 7.55244e+006 30.8923
400449 7.55244e+006 30.883
400449 7.55244e+006 30.8959
400449 7.55244e+006 30.8959
400450 7.55244e+006 30.9051
400450 7.55244e+006 30.8923
400450 7.55244e+006 30.8666
400449 7.55244e+006 30.8574
400449 7.55244e+006 30.883
400449 7.55244e+006 30.883
400450 7.55244e+006 30.8923
400450 7.55244e+006 30.8666
400450 7.55244e+006 30.8538
400449 7.55244e+006 30.8446
400449 7.55244e+006 30.8574
400449 7.55244e+006 30.8574
400450 7.55244e+006 30.8666
400450 7.55244e+006 30.8538
400450 7.55244e+006 30.8666
400449 7.55244e+006 30.8574
400449 7.55244e+006 30.8446
400449 7.55244e+006 30.8446
400450 7.55244e+006 30.8538
400450 7.55244e+006 30.8666
400449 7.55244e+006 30.8574
400449 7.55244e+006 30.8446
400449 7.55244e+006 30.8574
400449 7.55244e+006 30.883
400449 7.55244e+006 30.8574
400449 7.55244e+006 30.8574
400449 7.55244e+006 30.8959
400449 7.55244e+006 30.883
400449 7.55244e+006 30.8574
400449 7.55244e+006 30.883
400449 7.55244e+006 30.8959
400449 7.55244e+006 30.8574
400450 7.55244e+006 30.9051
400450 7.55244e+006 30.8923
400450 7.55244e+006 30.8666
400450 7.55244e+006 30.8666
400450 7.55244e+006 30.8666
400450 7.55244e+006 30.8923
400450 7.55244e+006 30.8923
400450 7.55244e+006 30.9051
400450 7.55244e+006 30.8666
400450 7.55244e+006 30.8538
400450 7.55244e+006 30.8666
400450 7.55244e+006 30.8666
