405461 7.55483e+006 0.779818
405446 7.55483e+006 7.73021
405446 7.55483e+006 7.73021
405446 7.55483e+006 7.73021
405461 7.55483e+006 0.968225
405461 7.55483e+006 0.779818
405461 7.55483e+006 0.324893
405445 7.55484e+006 7.73021
405446 7.55483e+006 7.73021
405446 7.55483e+006 7.73021
405461 7.55483e+006 0.779818
405461 7.55483e+006 0.324893
405461 7.55483e+006 -0.13006
405443 7.55484e+006 7.73021
405445 7.55484e+006 7.73021
405445 7.55484e+006 7.73021
405461 7.55483e+006 0.324893
405461 7.55483e+006 -0.13006
405460 7.55483e+006 -0.318537
405443 7.55484e+006 7.73021
405443 7.55484e+006 7.73021
405443 7.55484e+006 7.73021
405461 7.55483e+006 -0.13006
405460 7.55483e+006 -0.318537
405460 7.55483e+006 -0.318537
405460 7.55483e+006 -0.130131
405443 7.55483e+006 7.73021
405443 7.55483e+006 7.73021
405443 7.55484e+006 7.73021
405460 7.55483e+006 -0.318537
405460 7.55483e+006 -0.130131
405460 7.55483e+006 0.324793
405444 7.55483e+006 7.73021
405444 7.55483e+006 7.73021
405443 7.55483e+006 7.73021
405460 7.55483e+006 -0.130131
405460 7.55483e+006 0.324793
405461 7.55483e+006 0.779747
405446 7.55483e+006 7.73021
405446 7.55483e+006 7.73021
405444 7.55483e+006 7.73021
405460 7.55483e+006 0.324793
405461 7.55483e+006 0.779747
405461 7.55483e+006 0.968225
405446 7.55483e+006 7.73021
405446 7.55483e+006 7.73021
405446 7.55483e+006 7.73021
405461 7.55483e+006 0.779747
405460 7.55483e+006 0.324793
405460 7.55483e+006 -0.130131
405460 7.55483e+006 -0.318537
405460 7.55483e+006 -0.318537
405461 7.55483e+006 -0.13006
405461 7.55483e+006 0.324893
405461 7.55483e+006 0.324893
405461 7.55483e+006 0.779818
405461 7.55483e+006 0.968225
405460 7.55483e+006 -0.318537
405461 7.55483e+006 0.324893
405461 7.55483e+006 0.968225
405460 7.55483e+006 0.324793
405460 7.55483e+006 -0.318537
405461 7.55483e+006 0.968225
405461 7.55483e+006 0.779747
405460 7.55483e+006 0.324793
405461 7.55483e+006 0.968225
405437 7.55484e+006 7.73021
405437 7.55484e+006 7.73021
405422 7.55485e+006 0.784423
405422 7.55485e+006 0.784423
405422 7.55485e+006 0.972655
405437 7.55484e+006 7.73021
405437 7.55484e+006 7.73021
405439 7.55484e+006 7.73021
405422 7.55485e+006 0.32992
405422 7.55485e+006 0.32992
405422 7.55485e+006 0.784423
405437 7.55484e+006 7.73021
405439 7.55484e+006 7.73021
405440 7.55484e+006 7.73021
405423 7.55485e+006 -0.124614
405423 7.55485e+006 -0.124614
405422 7.55485e+006 0.32992
405439 7.55484e+006 7.73021
405440 7.55484e+006 7.73021
405440 7.55484e+006 7.73021
405422 7.55484e+006 -0.312917
405422 7.55484e+006 -0.312917
405423 7.55485e+006 -0.124614
405440 7.55484e+006 7.73021
405422 7.55484e+006 -0.312917
405440 7.55484e+006 7.73021
405440 7.55484e+006 7.73021
405440 7.55484e+006 7.73021
405422 7.55484e+006 -0.124684
405422 7.55484e+006 -0.312917
405422 7.55484e+006 -0.124684
405440 7.55484e+006 7.73021
405438 7.55484e+006 7.73021
405438 7.55484e+006 7.73021
405422 7.55484e+006 0.32982
405422 7.55484e+006 -0.124684
405422 7.55484e+006 0.32982
405438 7.55484e+006 7.73021
405437 7.55484e+006 7.73021
405437 7.55484e+006 7.73021
405422 7.55484e+006 0.784352
405422 7.55484e+006 0.32982
405422 7.55484e+006 0.784352
405437 7.55484e+006 7.73021
405437 7.55484e+006 7.73021
405437 7.55484e+006 7.73021
405422 7.55485e+006 0.972655
405422 7.55484e+006 0.784352
405422 7.55485e+006 0.972655
405422 7.55485e+006 0.784423
405422 7.55485e+006 0.32992
405422 7.55485e+006 0.32992
405423 7.55485e+006 -0.124614
405422 7.55484e+006 -0.312917
405422 7.55485e+006 0.972655
405422 7.55485e+006 0.32992
405422 7.55484e+006 -0.312917
405422 7.55484e+006 -0.312917
405422 7.55484e+006 -0.124684
405422 7.55484e+006 0.32982
405422 7.55485e+006 0.972655
405422 7.55484e+006 -0.312917
405422 7.55484e+006 0.32982
405422 7.55484e+006 0.784352
405422 7.55485e+006 0.972655
405422 7.55484e+006 0.32982
