405428 7.55479e+006 27.0027
405429 7.55479e+006 27.0028
405429 7.55479e+006 33.1028
405429 7.55479e+006 33.1028
405428 7.55479e+006 33.1053
405428 7.55479e+006 27.0027
405426 7.55479e+006 33.1027
405427 7.55479e+006 33.1028
405427 7.55479e+006 27.0028
405427 7.55479e+006 27.0028
405426 7.55479e+006 27.0027
405426 7.55479e+006 33.1027
405428 7.55478e+006 27.0026
405428 7.55478e+006 33.1078
405427 7.55478e+006 33.1052
405427 7.55478e+006 33.1052
405427 7.55478e+006 27.0026
405428 7.55478e+006 27.0026
405429 7.55479e+006 33.1028
405429 7.55479e+006 27.0028
405428 7.55479e+006 27.0028
405428 7.55479e+006 27.0028
405428 7.55479e+006 33.1028
405429 7.55479e+006 33.1028
405426 7.55478e+006 27.0026
405427 7.55478e+006 27.0026
405427 7.55478e+006 33.1052
405427 7.55478e+006 33.1052
405426 7.55478e+006 33.1026
405426 7.55478e+006 27.0026
405427 7.55479e+006 33.1028
405428 7.55479e+006 33.1028
405428 7.55479e+006 27.0028
405428 7.55479e+006 27.0028
405427 7.55479e+006 27.0028
405427 7.55479e+006 33.1028
405428 7.55478e+006 27.0026
405428 7.55479e+006 27.0027
405428 7.55479e+006 33.1053
405428 7.55479e+006 33.1053
405428 7.55478e+006 33.1078
405428 7.55478e+006 27.0026
405426 7.55478e+006 33.1026
405426 7.55479e+006 33.1027
405426 7.55479e+006 27.0027
405426 7.55479e+006 27.0027
405426 7.55478e+006 27.0026
405426 7.55478e+006 33.1026
405429 7.55479e+006 33.1028
405428 7.55479e+006 33.1028
405428 7.55479e+006 34.5027
405428 7.55479e+006 34.5027
405428 7.55479e+006 34.5027
405429 7.55479e+006 33.1028
405427 7.55479e+006 33.1028
405426 7.55479e+006 33.1027
405427 7.55479e+006 34.5027
405426 7.55478e+006 33.1026
405427 7.55478e+006 33.1052
405427 7.55478e+006 34.5026
405428 7.55478e+006 33.1078
405428 7.55479e+006 33.1053
405428 7.55479e+006 34.5027
405426 7.55479e+006 34.5027
405426 7.55478e+006 33.1026
405427 7.55479e+006 34.5026
405426 7.55478e+006 33.1026
405426 7.55479e+006 34.5027
405427 7.55479e+006 34.5027
405427 7.55479e+006 33.1028
405427 7.55479e+006 34.5027
405427 7.55479e+006 34.5027
405427 7.55479e+006 33.1028
405427 7.55479e+006 34.5027
405427 7.55479e+006 34.5027
405428 7.55478e+006 33.1078
405428 7.55479e+006 34.5027
405428 7.55478e+006 34.5027
405428 7.55479e+006 34.5027
405429 7.55479e+006 33.1028
405428 7.55479e+006 34.5027
405426 7.55478e+006 33.1026
405427 7.55478e+006 34.5026
405427 7.55479e+006 34.5026
405428 7.55478e+006 34.5026
405428 7.55478e+006 33.1078
405428 7.55478e+006 34.5027
405427 7.55478e+006 34.5026
405428 7.55478e+006 33.1078
405428 7.55478e+006 34.5026
405428 7.55479e+006 34.5027
405428 7.55479e+006 33.1028
405428 7.55479e+006 34.5027
405427 7.55478e+006 34.5026
405427 7.55478e+006 33.1052
405428 7.55478e+006 33.1078
405427 7.55479e+006 34.5027
405426 7.55479e+006 33.1027
405426 7.55478e+006 33.1026
405428 7.55479e+006 34.5027
405428 7.55479e+006 33.1053
405429 7.55479e+006 33.1028
405428 7.55479e+006 34.5027
405428 7.55479e+006 33.1028
405427 7.55479e+006 33.1028
405427 7.55479e+006 33.1028
405427 7.55479e+006 34.5027
405428 7.55479e+006 34.5027
405427 7.55478e+006 34.5026
405427 7.55478e+006 33.1052
405427 7.55478e+006 34.5026
405428 7.55479e+006 34.5027
405429 7.55479e+006 33.1028
405428 7.55479e+006 34.5027
405427 7.55479e+006 24.9528
405427 7.55478e+006 24.9526
405427 7.55478e+006 25.2026
405427 7.55478e+006 25.2026
405427 7.55479e+006 25.2028
405427 7.55479e+006 24.9528
405428 7.55479e+006 25.2028
405427 7.55478e+006 25.2026
405427 7.55478e+006 24.9526
405427 7.55478e+006 24.9526
405428 7.55479e+006 24.9528
405428 7.55479e+006 25.2028
405427 7.55479e+006 24.9528
405427 7.55479e+006 25.2028
405428 7.55479e+006 25.2028
405428 7.55479e+006 25.2028
405428 7.55479e+006 24.9528
405427 7.55479e+006 24.9528
405427 7.55478e+006 25.2026
405427 7.55478e+006 24.9526
405427 7.55478e+006 24.9526
405427 7.55478e+006 24.9526
405427 7.55478e+006 25.2026
405427 7.55478e+006 25.2026
405428 7.55479e+006 25.2028
405427 7.55479e+006 25.2028
405427 7.55479e+006 27.0028
405427 7.55479e+006 27.0028
405429 7.55479e+006 27.0028
405428 7.55479e+006 25.2028
405427 7.55478e+006 25.2026
405428 7.55479e+006 25.2028
405429 7.55479e+006 27.0028
405429 7.55479e+006 27.0028
405428 7.55478e+006 27.0026
405427 7.55478e+006 25.2026
405427 7.55478e+006 25.2026
405427 7.55478e+006 25.2026
405428 7.55478e+006 27.0026
405428 7.55478e+006 27.0026
405426 7.55478e+006 27.0026
405427 7.55478e+006 25.2026
405427 7.55479e+006 25.2028
405427 7.55478e+006 25.2026
405426 7.55478e+006 27.0026
405426 7.55478e+006 27.0026
405427 7.55479e+006 27.0028
405427 7.55479e+006 25.2028
