405407 7.55483e+006 13.982
405409 7.55483e+006 13.982
405406 7.55482e+006 13.982
405406 7.55482e+006 13.982
405404 7.55482e+006 13.982
405407 7.55483e+006 13.982
405407 7.55483e+006 16.4148
405404 7.55482e+006 16.4148
405406 7.55482e+006 16.4148
405406 7.55482e+006 16.4148
405409 7.55483e+006 16.4148
405407 7.55483e+006 16.4148
405407 7.55483e+006 13.982
405404 7.55482e+006 13.982
405404 7.55482e+006 16.4148
405404 7.55482e+006 16.4148
405407 7.55483e+006 16.4148
405407 7.55483e+006 13.982
405404 7.55482e+006 13.982
405406 7.55482e+006 13.982
405406 7.55482e+006 16.4148
405406 7.55482e+006 16.4148
405404 7.55482e+006 16.4148
405404 7.55482e+006 13.982
405406 7.55482e+006 13.982
405409 7.55483e+006 13.982
405409 7.55483e+006 16.4148
405409 7.55483e+006 16.4148
405406 7.55482e+006 16.4148
405406 7.55482e+006 13.982
405409 7.55483e+006 13.982
405407 7.55483e+006 13.982
405407 7.55483e+006 16.4148
405407 7.55483e+006 16.4148
405409 7.55483e+006 16.4148
405409 7.55483e+006 13.982
