405420 7.55479e+006 20.7737
405422 7.55479e+006 20.7739
405422 7.55479e+006 19.7528
405422 7.55479e+006 19.7528
405420 7.55479e+006 19.7526
405420 7.55479e+006 20.7737
405433 7.55478e+006 19.7526
405434 7.55478e+006 19.7528
405434 7.55478e+006 20.7739
405434 7.55478e+006 20.7739
405433 7.55478e+006 20.7737
405433 7.55478e+006 19.7526
405420 7.55479e+006 20.7737
405420 7.55479e+006 19.7526
405433 7.55478e+006 19.7526
405433 7.55478e+006 19.7526
405433 7.55478e+006 20.7737
405420 7.55479e+006 20.7737
405422 7.55479e+006 20.7739
405420 7.55479e+006 20.7737
405433 7.55478e+006 20.7737
405433 7.55478e+006 20.7737
405434 7.55478e+006 20.7739
405422 7.55479e+006 20.7739
405422 7.55479e+006 19.7528
405422 7.55479e+006 20.7739
405434 7.55478e+006 20.7739
405434 7.55478e+006 20.7739
405434 7.55478e+006 19.7528
405422 7.55479e+006 19.7528
