405401 7.55479e+006 29.5724
405401 7.55479e+006 29.5832
405401 7.55479e+006 29.5832
405401 7.55479e+006 29.5832
405401 7.55479e+006 29.5725
405401 7.55479e+006 29.5724
405401 7.55479e+006 29.5832
405401 7.55479e+006 29.594
405401 7.55479e+006 29.594
405401 7.55479e+006 29.594
405401 7.55479e+006 29.5832
405401 7.55479e+006 29.5832
405401 7.55479e+006 29.594
405401 7.55479e+006 29.5832
405401 7.55479e+006 29.5832
405401 7.55479e+006 29.5832
405401 7.55479e+006 29.594
405401 7.55479e+006 29.594
405401 7.55479e+006 29.5832
405401 7.55479e+006 29.5724
405401 7.55479e+006 29.5725
405401 7.55479e+006 29.5725
405401 7.55479e+006 29.5832
405401 7.55479e+006 29.5832
405401 7.55479e+006 29.2985
405401 7.55479e+006 29.3093
405401 7.55479e+006 29.3093
405401 7.55479e+006 29.3093
405401 7.55479e+006 29.2985
405401 7.55479e+006 29.2985
405401 7.55479e+006 29.3093
405401 7.55479e+006 29.3201
405401 7.55479e+006 29.3201
405401 7.55479e+006 29.3201
405401 7.55479e+006 29.3093
405401 7.55479e+006 29.3093
405401 7.55479e+006 29.3201
405401 7.55479e+006 29.3093
405401 7.55479e+006 29.3093
405401 7.55479e+006 29.3093
405401 7.55479e+006 29.3201
405401 7.55479e+006 29.3201
405401 7.55479e+006 29.3093
405401 7.55479e+006 29.2985
405401 7.55479e+006 29.2985
405401 7.55479e+006 29.2985
405401 7.55479e+006 29.3093
405401 7.55479e+006 29.3093
405401 7.55479e+006 29.0246
405401 7.55479e+006 29.0354
405401 7.55479e+006 29.0354
405401 7.55479e+006 29.0354
405401 7.55479e+006 29.0246
405401 7.55479e+006 29.0246
405401 7.55479e+006 29.0354
405401 7.55479e+006 29.0461
405401 7.55479e+006 29.0461
405401 7.55479e+006 29.0461
405401 7.55479e+006 29.0354
405401 7.55479e+006 29.0354
405401 7.55479e+006 29.0461
405401 7.55479e+006 29.0354
405401 7.55479e+006 29.0354
405401 7.55479e+006 29.0354
405401 7.55479e+006 29.0461
405401 7.55479e+006 29.0461
405401 7.55479e+006 29.0354
405401 7.55479e+006 29.0246
405401 7.55479e+006 29.0246
405401 7.55479e+006 29.0246
405401 7.55479e+006 29.0354
405401 7.55479e+006 29.0354
405401 7.55479e+006 28.7506
405401 7.55479e+006 28.7614
405401 7.55479e+006 28.7614
405401 7.55479e+006 28.7614
405401 7.55479e+006 28.7506
405401 7.55479e+006 28.7506
405401 7.55479e+006 28.7614
405401 7.55479e+006 28.7722
405401 7.55479e+006 28.7722
405401 7.55479e+006 28.7722
405401 7.55479e+006 28.7614
405401 7.55479e+006 28.7614
405401 7.55479e+006 28.7722
405401 7.55479e+006 28.7614
405401 7.55479e+006 28.7614
405401 7.55479e+006 28.7614
405401 7.55479e+006 28.7722
405401 7.55479e+006 28.7722
405401 7.55479e+006 28.7614
405401 7.55479e+006 28.7506
405401 7.55479e+006 28.7506
405401 7.55479e+006 28.7506
405401 7.55479e+006 28.7614
405401 7.55479e+006 28.7614
405401 7.55479e+006 28.4767
405401 7.55479e+006 28.4875
405401 7.55479e+006 28.4875
405401 7.55479e+006 28.4875
405401 7.55479e+006 28.4767
405401 7.55479e+006 28.4767
405401 7.55479e+006 28.4875
405401 7.55479e+006 28.4983
405401 7.55479e+006 28.4983
405401 7.55479e+006 28.4983
405401 7.55479e+006 28.4875
405401 7.55479e+006 28.4875
405401 7.55479e+006 28.4983
405401 7.55479e+006 28.4875
405401 7.55479e+006 28.4875
405401 7.55479e+006 28.4875
405401 7.55479e+006 28.4983
405401 7.55479e+006 28.4983
405401 7.55479e+006 28.4875
405401 7.55479e+006 28.4767
405401 7.55479e+006 28.4767
405401 7.55479e+006 28.4767
405401 7.55479e+006 28.4875
405401 7.55479e+006 28.4875
405401 7.55479e+006 28.2028
405401 7.55479e+006 28.2135
405401 7.55479e+006 28.2135
405401 7.55479e+006 28.2135
405401 7.55479e+006 28.2028
405401 7.55479e+006 28.2028
405401 7.55479e+006 28.2135
405401 7.55479e+006 28.2243
405401 7.55479e+006 28.2243
405401 7.55479e+006 28.2243
405401 7.55479e+006 28.2135
405401 7.55479e+006 28.2135
405401 7.55479e+006 28.2243
405401 7.55479e+006 28.2135
405401 7.55479e+006 28.2135
405401 7.55479e+006 28.2135
405401 7.55479e+006 28.2243
405401 7.55479e+006 28.2243
405401 7.55479e+006 28.2135
405401 7.55479e+006 28.2028
405401 7.55479e+006 28.2028
405401 7.55479e+006 28.2028
405401 7.55479e+006 28.2135
405401 7.55479e+006 28.2135
405401 7.55479e+006 27.9288
405401 7.55479e+006 27.9396
405401 7.55479e+006 27.9396
405401 7.55479e+006 27.9396
405401 7.55479e+006 27.9288
405401 7.55479e+006 27.9288
405401 7.55479e+006 27.9396
405401 7.55479e+006 27.9504
405401 7.55479e+006 27.9504
405401 7.55479e+006 27.9504
405401 7.55479e+006 27.9396
405401 7.55479e+006 27.9396
405401 7.55479e+006 27.9504
405401 7.55479e+006 27.9396
405401 7.55479e+006 27.9396
405401 7.55479e+006 27.9396
405401 7.55479e+006 27.9504
405401 7.55479e+006 27.9504
405401 7.55479e+006 27.9396
405401 7.55479e+006 27.9288
405401 7.55479e+006 27.9288
405401 7.55479e+006 27.9288
405401 7.55479e+006 27.9396
405401 7.55479e+006 27.9396
405401 7.55479e+006 27.6549
405401 7.55479e+006 27.6657
405401 7.55479e+006 27.6657
405401 7.55479e+006 27.6657
405401 7.55479e+006 27.6549
405401 7.55479e+006 27.6549
405401 7.55479e+006 27.6657
405401 7.55479e+006 27.6764
405401 7.55479e+006 27.6764
405401 7.55479e+006 27.6764
405401 7.55479e+006 27.6657
405401 7.55479e+006 27.6657
405401 7.55479e+006 27.6764
405401 7.55479e+006 27.6657
405401 7.55479e+006 27.6657
405401 7.55479e+006 27.6657
405401 7.55479e+006 27.6764
405401 7.55479e+006 27.6764
405401 7.55479e+006 27.6657
405401 7.55479e+006 27.6549
405401 7.55479e+006 27.6549
405401 7.55479e+006 27.6549
405401 7.55479e+006 27.6657
405401 7.55479e+006 27.6657
405401 7.55479e+006 27.381
405401 7.55479e+006 27.3917
405401 7.55479e+006 27.3917
405401 7.55479e+006 27.3917
405401 7.55479e+006 27.381
405401 7.55479e+006 27.381
405401 7.55479e+006 27.3917
405401 7.55479e+006 27.4025
405401 7.55479e+006 27.4025
405401 7.55479e+006 27.4025
405401 7.55479e+006 27.3917
405401 7.55479e+006 27.3917
405401 7.55479e+006 27.4025
405401 7.55479e+006 27.3917
405401 7.55479e+006 27.3917
405401 7.55479e+006 27.3917
405401 7.55479e+006 27.4025
405401 7.55479e+006 27.4025
405401 7.55479e+006 27.3917
405401 7.55479e+006 27.381
405401 7.55479e+006 27.381
405401 7.55479e+006 27.381
405401 7.55479e+006 27.3917
405401 7.55479e+006 27.3917
405401 7.55479e+006 27.107
405401 7.55479e+006 27.1178
405401 7.55479e+006 27.1178
405401 7.55479e+006 27.1178
405401 7.55479e+006 27.107
405401 7.55479e+006 27.107
405401 7.55479e+006 27.1178
405401 7.55479e+006 27.1286
405401 7.55479e+006 27.1286
405401 7.55479e+006 27.1286
405401 7.55479e+006 27.1178
405401 7.55479e+006 27.1178
405401 7.55479e+006 27.1286
405401 7.55479e+006 27.1178
405401 7.55479e+006 27.1178
405401 7.55479e+006 27.1178
405401 7.55479e+006 27.1286
405401 7.55479e+006 27.1286
405401 7.55479e+006 27.1178
405401 7.55479e+006 27.107
405401 7.55479e+006 27.107
405401 7.55479e+006 27.107
405401 7.55479e+006 27.1178
405401 7.55479e+006 27.1178
405401 7.55479e+006 26.8331
405401 7.55479e+006 26.8439
405401 7.55479e+006 26.8439
405401 7.55479e+006 26.8439
405401 7.55479e+006 26.8331
405401 7.55479e+006 26.8331
405401 7.55479e+006 26.8439
405401 7.55479e+006 26.8546
405401 7.55479e+006 26.8546
405401 7.55479e+006 26.8546
405401 7.55479e+006 26.8439
405401 7.55479e+006 26.8439
405401 7.55479e+006 26.8546
405401 7.55479e+006 26.8439
405401 7.55479e+006 26.8439
405401 7.55479e+006 26.8439
405401 7.55479e+006 26.8546
405401 7.55479e+006 26.8546
405401 7.55479e+006 26.8439
405401 7.55479e+006 26.8331
405401 7.55479e+006 26.8331
405401 7.55479e+006 26.8331
405401 7.55479e+006 26.8439
405401 7.55479e+006 26.8439
405401 7.55479e+006 26.5591
405401 7.55479e+006 26.5699
405401 7.55479e+006 26.5699
405401 7.55479e+006 26.5699
405401 7.55479e+006 26.5591
405401 7.55479e+006 26.5591
405401 7.55479e+006 26.5699
405401 7.55479e+006 26.5807
405401 7.55479e+006 26.5807
405401 7.55479e+006 26.5807
405401 7.55479e+006 26.5699
405401 7.55479e+006 26.5699
405401 7.55479e+006 26.5807
405401 7.55479e+006 26.5699
405401 7.55479e+006 26.5699
405401 7.55479e+006 26.5699
405401 7.55479e+006 26.5807
405401 7.55479e+006 26.5807
405401 7.55479e+006 26.5699
405401 7.55479e+006 26.5591
405401 7.55479e+006 26.5591
405401 7.55479e+006 26.5591
405401 7.55479e+006 26.5699
405401 7.55479e+006 26.5699
405401 7.55479e+006 26.2852
405401 7.55479e+006 26.296
405401 7.55479e+006 26.296
405401 7.55479e+006 26.296
405401 7.55479e+006 26.2852
405401 7.55479e+006 26.2852
405401 7.55479e+006 26.296
405401 7.55479e+006 26.3068
405401 7.55479e+006 26.3068
405401 7.55479e+006 26.3068
405401 7.55479e+006 26.296
405401 7.55479e+006 26.296
405401 7.55479e+006 26.3068
405401 7.55479e+006 26.296
405401 7.55479e+006 26.296
405401 7.55479e+006 26.296
405401 7.55479e+006 26.3068
405401 7.55479e+006 26.3068
405401 7.55479e+006 26.296
405401 7.55479e+006 26.2852
405401 7.55479e+006 26.2852
405401 7.55479e+006 26.2852
405401 7.55479e+006 26.296
405401 7.55479e+006 26.296
405401 7.55479e+006 26.0113
405401 7.55479e+006 26.0221
405401 7.55479e+006 26.0221
405401 7.55479e+006 26.0221
405401 7.55479e+006 26.0113
405401 7.55479e+006 26.0113
405401 7.55479e+006 26.0221
405401 7.55479e+006 26.0328
405401 7.55479e+006 26.0328
405401 7.55479e+006 26.0328
405401 7.55479e+006 26.0221
405401 7.55479e+006 26.0221
405401 7.55479e+006 26.0328
405401 7.55479e+006 26.0221
405401 7.55479e+006 26.0221
405401 7.55479e+006 26.0221
405401 7.55479e+006 26.0328
405401 7.55479e+006 26.0328
405401 7.55479e+006 26.0221
405401 7.55479e+006 26.0113
405401 7.55479e+006 26.0113
405401 7.55479e+006 26.0113
405401 7.55479e+006 26.0221
405401 7.55479e+006 26.0221
405401 7.55479e+006 25.7373
405401 7.55479e+006 25.7481
405401 7.55479e+006 25.7481
405401 7.55479e+006 25.7481
405401 7.55479e+006 25.7373
405401 7.55479e+006 25.7373
405401 7.55479e+006 25.7481
405401 7.55479e+006 25.7589
405401 7.55479e+006 25.7589
405401 7.55479e+006 25.7589
405401 7.55479e+006 25.7481
405401 7.55479e+006 25.7481
405401 7.55479e+006 25.7589
405401 7.55479e+006 25.7481
405401 7.55479e+006 25.7481
405401 7.55479e+006 25.7481
405401 7.55479e+006 25.7589
405401 7.55479e+006 25.7589
405401 7.55479e+006 25.7481
405401 7.55479e+006 25.7373
405401 7.55479e+006 25.7373
405401 7.55479e+006 25.7373
405401 7.55479e+006 25.7481
405401 7.55479e+006 25.7481
405401 7.55479e+006 25.4634
405401 7.55479e+006 25.4742
405401 7.55479e+006 25.4742
405401 7.55479e+006 25.4742
405401 7.55479e+006 25.4634
405401 7.55479e+006 25.4634
405401 7.55479e+006 25.4742
405401 7.55479e+006 25.485
405401 7.55479e+006 25.485
405401 7.55479e+006 25.485
405401 7.55479e+006 25.4742
405401 7.55479e+006 25.4742
405401 7.55479e+006 25.485
405401 7.55479e+006 25.4742
405401 7.55479e+006 25.4742
405401 7.55479e+006 25.4742
405401 7.55479e+006 25.485
405401 7.55479e+006 25.485
405401 7.55479e+006 25.4742
405401 7.55479e+006 25.4634
405401 7.55479e+006 25.4634
405401 7.55479e+006 25.4634
405401 7.55479e+006 25.4742
405401 7.55479e+006 25.4742
405401 7.55479e+006 25.1895
405401 7.55479e+006 25.2002
405401 7.55479e+006 25.2002
405401 7.55479e+006 25.2002
405401 7.55479e+006 25.1895
405401 7.55479e+006 25.1895
405401 7.55479e+006 25.2002
405401 7.55479e+006 25.211
405401 7.55479e+006 25.211
405401 7.55479e+006 25.211
405401 7.55479e+006 25.2002
405401 7.55479e+006 25.2002
405401 7.55479e+006 25.211
405401 7.55479e+006 25.2002
405401 7.55479e+006 25.2002
405401 7.55479e+006 25.2002
405401 7.55479e+006 25.211
405401 7.55479e+006 25.211
405401 7.55479e+006 25.2002
405401 7.55479e+006 25.1895
405401 7.55479e+006 25.1895
405401 7.55479e+006 25.1895
405401 7.55479e+006 25.2002
405401 7.55479e+006 25.2002
405401 7.55479e+006 29.7133
405401 7.55479e+006 29.7133
405401 7.55479e+006 29.6109
405401 7.55479e+006 29.6109
405401 7.55479e+006 29.6109
405401 7.55479e+006 29.7133
405401 7.55479e+006 29.7133
405401 7.55479e+006 29.7133
405401 7.55479e+006 29.6109
405401 7.55479e+006 29.6109
405401 7.55479e+006 29.6109
405401 7.55479e+006 29.7133
405401 7.55479e+006 29.6109
405401 7.55479e+006 29.7133
405401 7.55479e+006 25.088
405401 7.55479e+006 25.088
405401 7.55479e+006 25.088
405401 7.55479e+006 29.6109
405401 7.55479e+006 29.7133
405401 7.55479e+006 29.6109
405401 7.55479e+006 25.088
405401 7.55479e+006 25.088
405401 7.55479e+006 25.088
405401 7.55479e+006 29.7133
405401 7.55479e+006 29.7133
405401 7.55479e+006 29.7133
405401 7.55479e+006 29.7133
405401 7.55479e+006 29.7133
405401 7.55479e+006 29.7133
405401 7.55479e+006 29.7133
405401 7.55479e+006 29.7133
405401 7.55479e+006 29.7133
405401 7.55479e+006 29.7133
405401 7.55479e+006 29.7133
405401 7.55479e+006 29.7133
405401 7.55479e+006 29.7133
405401 7.55479e+006 25.088
405401 7.55479e+006 25.088
405401 7.55479e+006 25.088
405401 7.55479e+006 25.088
405401 7.55479e+006 25.088
405401 7.55479e+006 25.088
405401 7.55479e+006 25.088
405401 7.55479e+006 25.088
405401 7.55479e+006 25.088
405401 7.55479e+006 25.088
405401 7.55479e+006 25.088
405401 7.55479e+006 25.088
405401 7.55479e+006 29.6109
405401 7.55479e+006 29.7133
405401 7.55479e+006 29.7133
405401 7.55479e+006 29.7133
405401 7.55479e+006 29.6109
405401 7.55479e+006 29.6109
405401 7.55479e+006 29.7133
405401 7.55479e+006 29.6109
405401 7.55479e+006 29.6109
405401 7.55479e+006 29.6109
405401 7.55479e+006 29.7133
405401 7.55479e+006 29.7133
405401 7.55479e+006 29.6109
405401 7.55479e+006 29.6109
405401 7.55479e+006 29.6109
405401 7.55479e+006 29.6109
405401 7.55479e+006 29.6109
405401 7.55479e+006 29.6109
405401 7.55479e+006 29.6109
405401 7.55479e+006 29.6109
405401 7.55479e+006 29.6109
405401 7.55479e+006 29.6109
405401 7.55479e+006 29.6109
405401 7.55479e+006 29.6109
405401 7.55479e+006 29.6109
405401 7.55479e+006 25.088
405401 7.55479e+006 25.088
405401 7.55479e+006 25.088
405401 7.55479e+006 29.6109
405401 7.55479e+006 29.6109
405401 7.55479e+006 25.088
405401 7.55479e+006 29.6109
405401 7.55479e+006 29.6109
405401 7.55479e+006 29.6109
405401 7.55479e+006 25.088
405401 7.55479e+006 25.088
405401 7.55479e+006 29.7133
405401 7.55479e+006 25.088
405401 7.55479e+006 25.088
405401 7.55479e+006 25.088
405401 7.55479e+006 29.7133
405401 7.55479e+006 29.7133
405401 7.55479e+006 25.088
405401 7.55479e+006 29.7133
405401 7.55479e+006 29.7133
405401 7.55479e+006 29.7133
405401 7.55479e+006 25.088
405401 7.55479e+006 25.088
405401 7.55479e+006 29.6109
405401 7.55479e+006 29.6109
405401 7.55479e+006 29.7133
405401 7.55479e+006 29.7133
405401 7.55479e+006 29.7133
405401 7.55479e+006 29.6109
405401 7.55479e+006 29.7133
405401 7.55479e+006 29.6109
405401 7.55479e+006 29.6109
405401 7.55479e+006 29.6109
405401 7.55479e+006 29.7133
405401 7.55479e+006 29.7133
405401 7.55479e+006 29.6109
405401 7.55479e+006 25.088
405401 7.55479e+006 25.088
405401 7.55479e+006 25.088
405401 7.55479e+006 29.7133
405401 7.55479e+006 29.6109
405401 7.55479e+006 29.7133
405401 7.55479e+006 25.088
405401 7.55479e+006 25.088
405401 7.55479e+006 25.088
405401 7.55479e+006 29.6109
405401 7.55479e+006 29.7133
405401 7.55479e+006 30.5
405401 7.55479e+006 30.5013
405401 7.55479e+006 30.5013
405401 7.55479e+006 30.5013
405401 7.55479e+006 30.5013
405401 7.55479e+006 30.5
405401 7.55479e+006 30.5013
405401 7.55479e+006 30.5013
405401 7.55479e+006 30.4532
405401 7.55479e+006 30.4532
405401 7.55479e+006 30.4528
405401 7.55479e+006 30.5013
405401 7.55479e+006 30.4528
405401 7.55479e+006 30.4532
405401 7.55479e+006 30.4524
405401 7.55479e+006 30.4524
405401 7.55479e+006 30.4528
405401 7.55479e+006 30.4528
405401 7.55479e+006 30.4524
405401 7.55479e+006 30.5
405401 7.55479e+006 30.5013
405401 7.55479e+006 30.5013
405401 7.55479e+006 30.4528
405401 7.55479e+006 30.4524
405400 7.55479e+006 30.5013
405400 7.55479e+006 30.5013
405400 7.55479e+006 30.5013
405400 7.55479e+006 30.5013
405400 7.55479e+006 30.5013
405400 7.55479e+006 30.5013
405400 7.55479e+006 30.4528
405400 7.55479e+006 30.4528
405400 7.55479e+006 30.5013
405400 7.55479e+006 30.5013
405400 7.55479e+006 30.5013
405400 7.55479e+006 30.4528
405400 7.55479e+006 30.4528
405400 7.55479e+006 30.4528
405400 7.55479e+006 30.4528
405400 7.55479e+006 30.4528
405400 7.55479e+006 30.4528
405400 7.55479e+006 30.4528
405400 7.55479e+006 30.5013
405400 7.55479e+006 30.5013
405400 7.55479e+006 30.4528
405400 7.55479e+006 30.4528
405400 7.55479e+006 30.4528
405400 7.55479e+006 30.5013
405400 7.55479e+006 30.5013
405400 7.55479e+006 30.5013
405400 7.55479e+006 30.5013
405400 7.55479e+006 30.5013
405400 7.55479e+006 30.5013
405400 7.55479e+006 30.5013
405400 7.55479e+006 30.4528
405400 7.55479e+006 30.4528
405400 7.55479e+006 30.5013
405400 7.55479e+006 30.5013
405400 7.55479e+006 30.5013
405400 7.55479e+006 30.4528
405400 7.55479e+006 30.4528
405400 7.55479e+006 30.4528
405400 7.55479e+006 30.4528
405400 7.55479e+006 30.4528
405400 7.55479e+006 30.4528
405400 7.55479e+006 30.4528
405400 7.55479e+006 30.5013
405400 7.55479e+006 30.5013
405400 7.55479e+006 30.4528
405400 7.55479e+006 30.4528
405400 7.55479e+006 30.4528
405400 7.55479e+006 30.5013
405400 7.55479e+006 30.5013
405400 7.55479e+006 30.5013
405400 7.55479e+006 30.5013
405400 7.55479e+006 30.5013
405400 7.55479e+006 30.5013
405400 7.55479e+006 30.5013
405400 7.55479e+006 30.4528
405400 7.55479e+006 30.4528
405400 7.55479e+006 30.5013
405400 7.55479e+006 30.5013
405400 7.55479e+006 30.5013
405400 7.55479e+006 30.4528
405400 7.55479e+006 30.4528
405400 7.55479e+006 30.4528
405400 7.55479e+006 30.4528
405400 7.55479e+006 30.4528
405400 7.55479e+006 30.4528
405400 7.55479e+006 30.4528
405400 7.55479e+006 30.5013
405400 7.55479e+006 30.5013
405400 7.55479e+006 30.4528
405400 7.55479e+006 30.4528
405400 7.55479e+006 30.4528
405400 7.55479e+006 30.5013
405400 7.55479e+006 30.5013
405400 7.55479e+006 30.5013
405400 7.55479e+006 30.5013
405400 7.55479e+006 30.5013
405400 7.55479e+006 30.5013
405400 7.55479e+006 30.5013
405400 7.55479e+006 30.4528
405400 7.55479e+006 30.4528
405400 7.55479e+006 30.5013
405400 7.55479e+006 30.5013
405400 7.55479e+006 30.5013
405400 7.55479e+006 30.4528
405400 7.55479e+006 30.4528
405400 7.55479e+006 30.4528
405400 7.55479e+006 30.4528
405400 7.55479e+006 30.4528
405400 7.55479e+006 30.4528
405400 7.55479e+006 30.4528
405400 7.55479e+006 30.5013
405400 7.55479e+006 30.5013
405400 7.55479e+006 30.4528
405400 7.55479e+006 30.4528
405400 7.55479e+006 30.4528
405400 7.55479e+006 30.5013
405400 7.55479e+006 30.5013
405400 7.55479e+006 30.5013
405400 7.55479e+006 30.5013
405400 7.55479e+006 30.5013
405400 7.55479e+006 30.5013
405400 7.55479e+006 30.5013
405400 7.55479e+006 30.4528
405400 7.55479e+006 30.4528
405400 7.55479e+006 30.5013
405400 7.55479e+006 30.5013
405400 7.55479e+006 30.5013
405400 7.55479e+006 30.4528
405400 7.55479e+006 30.4528
405400 7.55479e+006 30.4528
405400 7.55479e+006 30.4528
405400 7.55479e+006 30.4528
405400 7.55479e+006 30.4528
405400 7.55479e+006 30.4528
405400 7.55479e+006 30.5013
405400 7.55479e+006 30.5013
405400 7.55479e+006 30.4528
405400 7.55479e+006 30.4528
405400 7.55479e+006 30.4528
405400 7.55479e+006 30.5013
405401 7.55479e+006 30.5013
405400 7.55479e+006 30.5013
405400 7.55479e+006 30.5013
405400 7.55479e+006 30.5013
405401 7.55479e+006 30.5013
405401 7.55479e+006 30.5013
405401 7.55479e+006 30.4528
405400 7.55479e+006 30.4528
405400 7.55479e+006 30.5013
405400 7.55479e+006 30.5013
405401 7.55479e+006 30.5013
405401 7.55479e+006 30.4528
405401 7.55479e+006 30.4528
405400 7.55479e+006 30.4528
405400 7.55479e+006 30.4528
405400 7.55479e+006 30.4528
405401 7.55479e+006 30.4528
405401 7.55479e+006 30.4528
405401 7.55479e+006 30.5013
405400 7.55479e+006 30.5013
405400 7.55479e+006 30.4528
405400 7.55479e+006 30.4528
405401 7.55479e+006 30.4528
405401 7.55479e+006 30.5013
405401 7.55479e+006 30.5013
405401 7.55479e+006 30.5013
405401 7.55479e+006 30.5013
405401 7.55479e+006 30.5013
405401 7.55479e+006 30.5013
405401 7.55479e+006 30.5013
405401 7.55479e+006 30.4528
405401 7.55479e+006 30.4528
405401 7.55479e+006 30.5013
405401 7.55479e+006 30.5013
405401 7.55479e+006 30.5013
405401 7.55479e+006 30.4528
405401 7.55479e+006 30.4528
405401 7.55479e+006 30.4528
405401 7.55479e+006 30.4528
405401 7.55479e+006 30.4528
405401 7.55479e+006 30.4528
405401 7.55479e+006 30.4528
405401 7.55479e+006 30.5013
405401 7.55479e+006 30.5013
405401 7.55479e+006 30.4528
405401 7.55479e+006 30.4528
405401 7.55479e+006 30.4528
405401 7.55479e+006 30.5013
405401 7.55479e+006 30.5013
405401 7.55479e+006 30.5013
405401 7.55479e+006 30.5013
405401 7.55479e+006 30.5013
405401 7.55479e+006 30.5013
405401 7.55479e+006 30.5013
405401 7.55479e+006 30.4528
405401 7.55479e+006 30.4528
405401 7.55479e+006 30.5013
405401 7.55479e+006 30.5013
405401 7.55479e+006 30.5013
405401 7.55479e+006 30.4528
405401 7.55479e+006 30.4528
405401 7.55479e+006 30.4528
405401 7.55479e+006 30.4528
405401 7.55479e+006 30.4528
405401 7.55479e+006 30.4528
405401 7.55479e+006 30.4528
405401 7.55479e+006 30.5013
405401 7.55479e+006 30.5013
405401 7.55479e+006 30.4528
405401 7.55479e+006 30.4528
405401 7.55479e+006 30.4528
405401 7.55479e+006 30.5013
405401 7.55479e+006 30.5013
405401 7.55479e+006 30.5013
405401 7.55479e+006 30.5013
405401 7.55479e+006 30.5013
405401 7.55479e+006 30.5013
405401 7.55479e+006 30.5013
405401 7.55479e+006 30.4528
405401 7.55479e+006 30.4528
405401 7.55479e+006 30.5013
405401 7.55479e+006 30.5013
405401 7.55479e+006 30.5013
405401 7.55479e+006 30.4528
405401 7.55479e+006 30.4528
405401 7.55479e+006 30.4528
405401 7.55479e+006 30.4528
405401 7.55479e+006 30.4528
405401 7.55479e+006 30.4528
405401 7.55479e+006 30.4528
405401 7.55479e+006 30.5013
405401 7.55479e+006 30.5013
405401 7.55479e+006 30.4528
405401 7.55479e+006 30.4528
405401 7.55479e+006 30.4528
405401 7.55479e+006 30.5013
405401 7.55479e+006 30.5013
405401 7.55479e+006 30.5013
405401 7.55479e+006 30.5013
405401 7.55479e+006 30.5013
405401 7.55479e+006 30.5013
405401 7.55479e+006 30.5013
405401 7.55479e+006 30.4528
405401 7.55479e+006 30.4528
405401 7.55479e+006 30.5013
405401 7.55479e+006 30.5013
405401 7.55479e+006 30.5013
405401 7.55479e+006 30.4528
405401 7.55479e+006 30.4528
405401 7.55479e+006 30.4528
405401 7.55479e+006 30.4528
405401 7.55479e+006 30.4528
405401 7.55479e+006 30.4528
405401 7.55479e+006 30.4528
405401 7.55479e+006 30.5013
405401 7.55479e+006 30.5013
405401 7.55479e+006 30.4528
405401 7.55479e+006 30.4528
405401 7.55479e+006 30.4528
405401 7.55479e+006 30.5013
405401 7.55479e+006 30.5013
405401 7.55479e+006 30.4515
405401 7.55479e+006 30.4532
405401 7.55479e+006 30.4532
405401 7.55479e+006 30.5013
405401 7.55479e+006 30.5013
405401 7.55479e+006 30.4524
405401 7.55479e+006 30.4515
405401 7.55479e+006 30.4986
405401 7.55479e+006 30.4986
405401 7.55479e+006 30.5
405401 7.55479e+006 30.4524
405400 7.55479e+006 30.5
405400 7.55479e+006 30.5013
405400 7.55479e+006 30.5013
405400 7.55479e+006 30.5013
405400 7.55479e+006 30.5013
405400 7.55479e+006 30.5
405400 7.55479e+006 30.5013
405400 7.55479e+006 30.4528
405400 7.55479e+006 30.454
405400 7.55479e+006 30.454
405400 7.55479e+006 30.5013
405400 7.55479e+006 30.5013
405400 7.55479e+006 30.4528
405400 7.55479e+006 30.4528
405400 7.55479e+006 30.4526
405400 7.55479e+006 30.4526
405400 7.55479e+006 30.454
405400 7.55479e+006 30.4528
405400 7.55479e+006 30.4526
405400 7.55479e+006 30.4528
405400 7.55479e+006 30.5013
405400 7.55479e+006 30.5013
405400 7.55479e+006 30.5
405400 7.55479e+006 30.4526
405401 7.55479e+006 30.4515
405401 7.55479e+006 30.5013
405401 7.55479e+006 30.4986
405401 7.55479e+006 30.4986
405401 7.55479e+006 30.4515
405401 7.55479e+006 30.4515
405401 7.55479e+006 30.4986
405401 7.55479e+006 30.5013
405401 7.55479e+006 30.4523
405401 7.55479e+006 30.4523
405401 7.55479e+006 30.4523
405401 7.55479e+006 30.4986
405401 7.55479e+006 30.5013
405400 7.55479e+006 30.5013
405400 7.55479e+006 30.454
405400 7.55479e+006 30.454
405401 7.55479e+006 30.4523
405401 7.55479e+006 30.5013
405401 7.55479e+006 30.4986
405401 7.55479e+006 30.4523
405400 7.55479e+006 30.4526
405400 7.55479e+006 30.4526
405400 7.55479e+006 30.5
405401 7.55479e+006 30.4986
405400 7.55479e+006 30.454
405400 7.55479e+006 30.4526
405400 7.55479e+006 27.1769
405400 7.55479e+006 27.1769
405400 7.55479e+006 27.1782
405400 7.55479e+006 30.454
405400 7.55479e+006 30.4526
405401 7.55479e+006 30.4523
405401 7.55479e+006 27.1755
405401 7.55479e+006 27.1755
405400 7.55479e+006 27.1769
405400 7.55479e+006 30.4526
405401 7.55479e+006 30.4523
405401 7.55479e+006 30.4523
405401 7.55479e+006 27.1782
405401 7.55479e+006 27.1782
405401 7.55479e+006 27.1755
405401 7.55479e+006 30.4523
405401 7.55479e+006 30.4523
405400 7.55479e+006 30.454
405400 7.55479e+006 27.1782
405400 7.55479e+006 27.1782
405401 7.55479e+006 27.1782
405401 7.55479e+006 30.4523
405401 7.55479e+006 30.4515
405401 7.55479e+006 30.4515
405401 7.55479e+006 27.1755
405401 7.55479e+006 27.1755
405401 7.55479e+006 27.1782
405401 7.55479e+006 30.4515
405401 7.55479e+006 30.4515
405401 7.55479e+006 30.4524
405401 7.55479e+006 27.1769
405401 7.55479e+006 27.1769
405401 7.55479e+006 27.1755
405401 7.55479e+006 30.4515
405401 7.55479e+006 30.4524
405401 7.55479e+006 30.4532
405401 7.55479e+006 27.1782
405401 7.55479e+006 27.1782
405401 7.55479e+006 27.1769
405401 7.55479e+006 30.4524
405401 7.55479e+006 30.4532
405401 7.55479e+006 30.4515
405401 7.55479e+006 27.1782
405401 7.55479e+006 27.1782
405401 7.55479e+006 27.1782
405401 7.55479e+006 30.4532
405401 7.55479e+006 30.5013
405401 7.55479e+006 30.5
405401 7.55479e+006 30.4986
405401 7.55479e+006 30.4986
405401 7.55479e+006 30.5013
405401 7.55479e+006 30.5013
405400 7.55479e+006 30.5
405400 7.55479e+006 30.5013
405401 7.55479e+006 30.5013
405401 7.55479e+006 30.5013
405401 7.55479e+006 30.4986
405400 7.55479e+006 30.5
405400 7.55479e+006 27.185
405400 7.55479e+006 30.4962
405400 7.55479e+006 30.4962
405400 7.55479e+006 30.4962
405400 7.55479e+006 27.185
405400 7.55479e+006 27.185
405401 7.55479e+006 27.185
405401 7.55479e+006 27.185
405401 7.55479e+006 30.4962
405401 7.55479e+006 30.4962
405401 7.55479e+006 30.4962
405401 7.55479e+006 27.185
405400 7.55479e+006 27.185
405400 7.55479e+006 30.4962
405400 7.55479e+006 30.4962
405400 7.55479e+006 30.4962
405400 7.55479e+006 27.185
405400 7.55479e+006 27.185
405400 7.55479e+006 27.185
405400 7.55479e+006 27.185
405400 7.55479e+006 30.4962
405400 7.55479e+006 30.4962
405400 7.55479e+006 30.4962
405400 7.55479e+006 27.185
405400 7.55479e+006 30.4962
405400 7.55479e+006 30.4962
405400 7.55479e+006 27.185
405400 7.55479e+006 27.185
405400 7.55479e+006 27.185
405400 7.55479e+006 30.4962
405401 7.55479e+006 27.185
405401 7.55479e+006 27.185
405401 7.55479e+006 30.4962
405401 7.55479e+006 30.4962
405401 7.55479e+006 30.4962
405401 7.55479e+006 27.185
405401 7.55479e+006 30.4962
405401 7.55479e+006 30.4962
405401 7.55479e+006 27.185
405401 7.55479e+006 27.185
405401 7.55479e+006 27.185
405401 7.55479e+006 30.4962
405400 7.55479e+006 27.185
405400 7.55479e+006 27.185
405400 7.55479e+006 27.185
405400 7.55479e+006 27.185
405400 7.55479e+006 27.185
405400 7.55479e+006 27.185
405400 7.55479e+006 27.185
405400 7.55479e+006 30.4962
405400 7.55479e+006 30.4962
405400 7.55479e+006 30.4962
405400 7.55479e+006 27.185
405400 7.55479e+006 27.185
405400 7.55479e+006 30.4962
405400 7.55479e+006 30.4962
405400 7.55479e+006 30.4962
405400 7.55479e+006 30.4962
405400 7.55479e+006 30.4962
405400 7.55479e+006 30.4962
405400 7.55479e+006 30.4962
405400 7.55479e+006 27.185
405400 7.55479e+006 27.185
405400 7.55479e+006 27.185
405400 7.55479e+006 30.4962
405400 7.55479e+006 30.4962
405401 7.55479e+006 27.185
405401 7.55479e+006 27.185
405401 7.55479e+006 27.185
405401 7.55479e+006 27.185
405401 7.55479e+006 27.185
405401 7.55479e+006 27.185
405401 7.55479e+006 27.185
405401 7.55479e+006 30.4962
405401 7.55479e+006 30.4962
405401 7.55479e+006 30.4962
405401 7.55479e+006 27.185
405401 7.55479e+006 27.185
405401 7.55479e+006 30.4962
405401 7.55479e+006 30.4962
405401 7.55479e+006 30.4962
405401 7.55479e+006 30.4962
405401 7.55479e+006 30.4962
405401 7.55479e+006 30.4962
405401 7.55479e+006 30.4962
405401 7.55479e+006 27.185
405401 7.55479e+006 27.185
405401 7.55479e+006 27.185
405401 7.55479e+006 30.4962
405401 7.55479e+006 30.4962
405400 7.55479e+006 27.185
405400 7.55479e+006 27.185
405400 7.55479e+006 27.185
405400 7.55479e+006 27.185
405400 7.55479e+006 27.185
405400 7.55479e+006 27.185
405400 7.55479e+006 27.185
405400 7.55479e+006 30.4962
405400 7.55479e+006 30.4962
405400 7.55479e+006 30.4962
405400 7.55479e+006 27.185
405400 7.55479e+006 27.185
405400 7.55479e+006 30.4962
405400 7.55479e+006 30.4962
405400 7.55479e+006 30.4962
405400 7.55479e+006 30.4962
405400 7.55479e+006 30.4962
405400 7.55479e+006 30.4962
405400 7.55479e+006 30.4962
405400 7.55479e+006 27.185
405400 7.55479e+006 27.185
405400 7.55479e+006 27.185
405400 7.55479e+006 30.4962
405400 7.55479e+006 30.4962
405400 7.55479e+006 30.4962
405400 7.55479e+006 27.185
405400 7.55479e+006 27.185
405400 7.55479e+006 27.185
405400 7.55479e+006 30.4962
405400 7.55479e+006 30.4962
405400 7.55479e+006 27.185
405400 7.55479e+006 27.185
405400 7.55479e+006 27.185
405400 7.55479e+006 27.185
405400 7.55479e+006 27.185
405400 7.55479e+006 27.185
405400 7.55479e+006 27.185
405400 7.55479e+006 30.4962
405400 7.55479e+006 30.4962
405400 7.55479e+006 30.4962
405400 7.55479e+006 27.185
405400 7.55479e+006 27.185
405400 7.55479e+006 30.4962
405400 7.55479e+006 30.4962
405400 7.55479e+006 30.4962
405400 7.55479e+006 30.4962
405400 7.55479e+006 30.4962
405400 7.55479e+006 30.4962
405400 7.55479e+006 27.185
405400 7.55479e+006 30.4962
405400 7.55479e+006 30.4962
405400 7.55479e+006 30.4962
405400 7.55479e+006 27.185
405400 7.55479e+006 27.185
405400 7.55479e+006 30.4962
405400 7.55479e+006 30.4962
405400 7.55479e+006 30.4962
405400 7.55479e+006 30.4962
405400 7.55479e+006 30.4962
405400 7.55479e+006 30.4962
405400 7.55479e+006 30.4962
405400 7.55479e+006 27.185
405400 7.55479e+006 27.185
405400 7.55479e+006 27.185
405400 7.55479e+006 30.4962
405400 7.55479e+006 30.4962
405400 7.55479e+006 27.185
405400 7.55479e+006 27.185
405400 7.55479e+006 27.185
405400 7.55479e+006 27.185
405400 7.55479e+006 27.185
405400 7.55479e+006 27.185
405401 7.55479e+006 30.4962
405401 7.55479e+006 27.185
405401 7.55479e+006 27.185
405401 7.55479e+006 27.185
405401 7.55479e+006 30.4962
405401 7.55479e+006 30.4962
405401 7.55479e+006 27.185
405401 7.55479e+006 27.185
405401 7.55479e+006 27.185
405401 7.55479e+006 27.185
405401 7.55479e+006 27.185
405401 7.55479e+006 27.185
405401 7.55479e+006 27.185
405401 7.55479e+006 30.4962
405401 7.55479e+006 30.4962
405401 7.55479e+006 30.4962
405401 7.55479e+006 27.185
405401 7.55479e+006 27.185
405401 7.55479e+006 30.4962
405401 7.55479e+006 30.4962
405401 7.55479e+006 30.4962
405401 7.55479e+006 30.4962
405401 7.55479e+006 30.4962
405401 7.55479e+006 30.4962
405401 7.55479e+006 27.185
405401 7.55479e+006 30.4962
405401 7.55479e+006 30.4962
405401 7.55479e+006 30.4962
405401 7.55479e+006 27.185
405401 7.55479e+006 27.185
405401 7.55479e+006 30.4962
405401 7.55479e+006 30.4962
405401 7.55479e+006 30.4962
405401 7.55479e+006 30.4962
405401 7.55479e+006 30.4962
405401 7.55479e+006 30.4962
405401 7.55479e+006 30.4962
405401 7.55479e+006 27.185
405401 7.55479e+006 27.185
405401 7.55479e+006 27.185
405401 7.55479e+006 30.4962
405401 7.55479e+006 30.4962
405401 7.55479e+006 27.185
405401 7.55479e+006 27.185
405401 7.55479e+006 27.185
405401 7.55479e+006 27.185
405401 7.55479e+006 27.185
405401 7.55479e+006 27.185
405400 7.55479e+006 30.4962
405400 7.55479e+006 30.4962
405400 7.55479e+006 27.185
405400 7.55479e+006 27.185
405400 7.55479e+006 27.185
405400 7.55479e+006 30.4962
405400 7.55479e+006 30.4962
405400 7.55479e+006 30.4962
405400 7.55479e+006 27.185
405400 7.55479e+006 27.185
405400 7.55479e+006 27.185
405400 7.55479e+006 30.4962
405401 7.55479e+006 30.4962
405401 7.55479e+006 30.4962
405401 7.55479e+006 27.185
405401 7.55479e+006 27.185
405401 7.55479e+006 27.185
405401 7.55479e+006 30.4962
405400 7.55479e+006 30.4962
405400 7.55479e+006 27.185
405400 7.55479e+006 27.185
405400 7.55479e+006 27.185
405400 7.55479e+006 30.4962
405400 7.55479e+006 30.4962
405400 7.55479e+006 27.185
405400 7.55479e+006 30.4962
405400 7.55479e+006 30.4962
405400 7.55479e+006 30.4962
405400 7.55479e+006 27.185
405400 7.55479e+006 27.185
405401 7.55479e+006 30.4962
405401 7.55479e+006 27.185
405401 7.55479e+006 27.185
405401 7.55479e+006 27.185
405401 7.55479e+006 30.4962
405401 7.55479e+006 30.4962
405401 7.55479e+006 27.185
405401 7.55479e+006 30.4962
405401 7.55479e+006 30.4962
405401 7.55479e+006 30.4962
405401 7.55479e+006 27.185
405401 7.55479e+006 27.185
405401 7.55479e+006 29.4143
405401 7.55479e+006 29.4157
405401 7.55479e+006 29.4157
405401 7.55479e+006 29.4157
405401 7.55479e+006 29.4157
405401 7.55479e+006 29.4143
405401 7.55479e+006 29.4157
405401 7.55479e+006 29.4157
405401 7.55479e+006 29.3675
405401 7.55479e+006 29.3675
405401 7.55479e+006 29.3671
405401 7.55479e+006 29.4157
405401 7.55479e+006 29.3671
405401 7.55479e+006 29.3675
405401 7.55479e+006 29.3667
405401 7.55479e+006 29.3667
405401 7.55479e+006 29.3671
405401 7.55479e+006 29.3671
405401 7.55479e+006 29.3667
405401 7.55479e+006 29.4143
405401 7.55479e+006 29.4157
405401 7.55479e+006 29.4157
405401 7.55479e+006 29.3671
405401 7.55479e+006 29.3667
405400 7.55479e+006 29.4157
405400 7.55479e+006 29.4157
405400 7.55479e+006 29.4157
405400 7.55479e+006 29.4157
405400 7.55479e+006 29.4157
405400 7.55479e+006 29.4157
405400 7.55479e+006 29.3671
405400 7.55479e+006 29.3671
405400 7.55479e+006 29.4157
405400 7.55479e+006 29.4157
405400 7.55479e+006 29.4157
405400 7.55479e+006 29.3671
405400 7.55479e+006 29.3671
405400 7.55479e+006 29.3671
405400 7.55479e+006 29.3671
405400 7.55479e+006 29.3671
405400 7.55479e+006 29.3671
405400 7.55479e+006 29.3671
405400 7.55479e+006 29.4157
405400 7.55479e+006 29.4157
405400 7.55479e+006 29.3671
405400 7.55479e+006 29.3671
405400 7.55479e+006 29.3671
405400 7.55479e+006 29.4157
405400 7.55479e+006 29.4157
405400 7.55479e+006 29.4157
405400 7.55479e+006 29.4157
405400 7.55479e+006 29.4157
405400 7.55479e+006 29.4157
405400 7.55479e+006 29.4157
405400 7.55479e+006 29.3671
405400 7.55479e+006 29.3671
405400 7.55479e+006 29.4157
405400 7.55479e+006 29.4157
405400 7.55479e+006 29.4157
405400 7.55479e+006 29.3671
405400 7.55479e+006 29.3671
405400 7.55479e+006 29.3671
405400 7.55479e+006 29.3671
405400 7.55479e+006 29.3671
405400 7.55479e+006 29.3671
405400 7.55479e+006 29.3671
405400 7.55479e+006 29.4157
405400 7.55479e+006 29.4157
405400 7.55479e+006 29.3671
405400 7.55479e+006 29.3671
405400 7.55479e+006 29.3671
405400 7.55479e+006 29.4157
405400 7.55479e+006 29.4157
405400 7.55479e+006 29.4157
405400 7.55479e+006 29.4157
405400 7.55479e+006 29.4157
405400 7.55479e+006 29.4157
405400 7.55479e+006 29.4157
405400 7.55479e+006 29.3671
405400 7.55479e+006 29.3671
405400 7.55479e+006 29.4157
405400 7.55479e+006 29.4157
405400 7.55479e+006 29.4157
405400 7.55479e+006 29.3671
405400 7.55479e+006 29.3671
405400 7.55479e+006 29.3671
405400 7.55479e+006 29.3671
405400 7.55479e+006 29.3671
405400 7.55479e+006 29.3671
405400 7.55479e+006 29.3671
405400 7.55479e+006 29.4157
405400 7.55479e+006 29.4157
405400 7.55479e+006 29.3671
405400 7.55479e+006 29.3671
405400 7.55479e+006 29.3671
405400 7.55479e+006 29.4157
405400 7.55479e+006 29.4157
405400 7.55479e+006 29.4157
405400 7.55479e+006 29.4157
405400 7.55479e+006 29.4157
405400 7.55479e+006 29.4157
405400 7.55479e+006 29.4157
405400 7.55479e+006 29.3671
405400 7.55479e+006 29.3671
405400 7.55479e+006 29.4157
405400 7.55479e+006 29.4157
405400 7.55479e+006 29.4157
405400 7.55479e+006 29.3671
405400 7.55479e+006 29.3671
405400 7.55479e+006 29.3671
405400 7.55479e+006 29.3671
405400 7.55479e+006 29.3671
405400 7.55479e+006 29.3671
405400 7.55479e+006 29.3671
405400 7.55479e+006 29.4157
405400 7.55479e+006 29.4157
405400 7.55479e+006 29.3671
405400 7.55479e+006 29.3671
405400 7.55479e+006 29.3671
405400 7.55479e+006 29.4157
405400 7.55479e+006 29.4157
405400 7.55479e+006 29.4157
405400 7.55479e+006 29.4157
405400 7.55479e+006 29.4157
405400 7.55479e+006 29.4157
405400 7.55479e+006 29.4157
405400 7.55479e+006 29.3671
405400 7.55479e+006 29.3671
405400 7.55479e+006 29.4157
405400 7.55479e+006 29.4157
405400 7.55479e+006 29.4157
405400 7.55479e+006 29.3671
405400 7.55479e+006 29.3671
405400 7.55479e+006 29.3671
405400 7.55479e+006 29.3671
405400 7.55479e+006 29.3671
405400 7.55479e+006 29.3671
405400 7.55479e+006 29.3671
405400 7.55479e+006 29.4157
405400 7.55479e+006 29.4157
405400 7.55479e+006 29.3671
405400 7.55479e+006 29.3671
405400 7.55479e+006 29.3671
405400 7.55479e+006 29.4157
405401 7.55479e+006 29.4157
405400 7.55479e+006 29.4157
405400 7.55479e+006 29.4157
405400 7.55479e+006 29.4157
405401 7.55479e+006 29.4157
405401 7.55479e+006 29.4157
405401 7.55479e+006 29.3671
405400 7.55479e+006 29.3671
405400 7.55479e+006 29.4157
405400 7.55479e+006 29.4157
405401 7.55479e+006 29.4157
405401 7.55479e+006 29.3671
405401 7.55479e+006 29.3671
405400 7.55479e+006 29.3671
405400 7.55479e+006 29.3671
405400 7.55479e+006 29.3671
405401 7.55479e+006 29.3671
405401 7.55479e+006 29.3671
405401 7.55479e+006 29.4157
405400 7.55479e+006 29.4157
405400 7.55479e+006 29.3671
405400 7.55479e+006 29.3671
405401 7.55479e+006 29.3671
405401 7.55479e+006 29.4157
405401 7.55479e+006 29.4157
405401 7.55479e+006 29.4157
405401 7.55479e+006 29.4157
405401 7.55479e+006 29.4157
405401 7.55479e+006 29.4157
405401 7.55479e+006 29.4157
405401 7.55479e+006 29.3671
405401 7.55479e+006 29.3671
405401 7.55479e+006 29.4157
405401 7.55479e+006 29.4157
405401 7.55479e+006 29.4157
405401 7.55479e+006 29.3671
405401 7.55479e+006 29.3671
405401 7.55479e+006 29.3671
405401 7.55479e+006 29.3671
405401 7.55479e+006 29.3671
405401 7.55479e+006 29.3671
405401 7.55479e+006 29.3671
405401 7.55479e+006 29.4157
405401 7.55479e+006 29.4157
405401 7.55479e+006 29.3671
405401 7.55479e+006 29.3671
405401 7.55479e+006 29.3671
405401 7.55479e+006 29.4157
405401 7.55479e+006 29.4157
405401 7.55479e+006 29.4157
405401 7.55479e+006 29.4157
405401 7.55479e+006 29.4157
405401 7.55479e+006 29.4157
405401 7.55479e+006 29.4157
405401 7.55479e+006 29.3671
405401 7.55479e+006 29.3671
405401 7.55479e+006 29.4157
405401 7.55479e+006 29.4157
405401 7.55479e+006 29.4157
405401 7.55479e+006 29.3671
405401 7.55479e+006 29.3671
405401 7.55479e+006 29.3671
405401 7.55479e+006 29.3671
405401 7.55479e+006 29.3671
405401 7.55479e+006 29.3671
405401 7.55479e+006 29.3671
405401 7.55479e+006 29.4157
405401 7.55479e+006 29.4157
405401 7.55479e+006 29.3671
405401 7.55479e+006 29.3671
405401 7.55479e+006 29.3671
405401 7.55479e+006 29.4157
405401 7.55479e+006 29.4157
405401 7.55479e+006 29.4157
405401 7.55479e+006 29.4157
405401 7.55479e+006 29.4157
405401 7.55479e+006 29.4157
405401 7.55479e+006 29.4157
405401 7.55479e+006 29.3671
405401 7.55479e+006 29.3671
405401 7.55479e+006 29.4157
405401 7.55479e+006 29.4157
405401 7.55479e+006 29.4157
405401 7.55479e+006 29.3671
405401 7.55479e+006 29.3671
405401 7.55479e+006 29.3671
405401 7.55479e+006 29.3671
405401 7.55479e+006 29.3671
405401 7.55479e+006 29.3671
405401 7.55479e+006 29.3671
405401 7.55479e+006 29.4157
405401 7.55479e+006 29.4157
405401 7.55479e+006 29.3671
405401 7.55479e+006 29.3671
405401 7.55479e+006 29.3671
405401 7.55479e+006 29.4157
405401 7.55479e+006 29.4157
405401 7.55479e+006 29.4157
405401 7.55479e+006 29.4157
405401 7.55479e+006 29.4157
405401 7.55479e+006 29.4157
405401 7.55479e+006 29.4157
405401 7.55479e+006 29.3671
405401 7.55479e+006 29.3671
405401 7.55479e+006 29.4157
405401 7.55479e+006 29.4157
405401 7.55479e+006 29.4157
405401 7.55479e+006 29.3671
405401 7.55479e+006 29.3671
405401 7.55479e+006 29.3671
405401 7.55479e+006 29.3671
405401 7.55479e+006 29.3671
405401 7.55479e+006 29.3671
405401 7.55479e+006 29.3671
405401 7.55479e+006 29.4157
405401 7.55479e+006 29.4157
405401 7.55479e+006 29.3671
405401 7.55479e+006 29.3671
405401 7.55479e+006 29.3671
405401 7.55479e+006 29.4157
405401 7.55479e+006 29.4157
405401 7.55479e+006 29.3659
405401 7.55479e+006 29.3675
405401 7.55479e+006 29.3675
405401 7.55479e+006 29.4157
405401 7.55479e+006 29.4157
405401 7.55479e+006 29.3667
405401 7.55479e+006 29.3659
405401 7.55479e+006 29.4129
405401 7.55479e+006 29.4129
405401 7.55479e+006 29.4143
405401 7.55479e+006 29.3667
405400 7.55479e+006 29.4143
405400 7.55479e+006 29.4157
405400 7.55479e+006 29.4157
405400 7.55479e+006 29.4157
405400 7.55479e+006 29.4157
405400 7.55479e+006 29.4143
405400 7.55479e+006 29.4157
405400 7.55479e+006 29.3671
405400 7.55479e+006 29.3683
405400 7.55479e+006 29.3683
405400 7.55479e+006 29.4157
405400 7.55479e+006 29.4157
405400 7.55479e+006 29.3671
405400 7.55479e+006 29.3671
405400 7.55479e+006 29.367
405400 7.55479e+006 29.367
405400 7.55479e+006 29.3683
405400 7.55479e+006 29.3671
405400 7.55479e+006 29.367
405400 7.55479e+006 29.3671
405400 7.55479e+006 29.4157
405400 7.55479e+006 29.4157
405400 7.55479e+006 29.4143
405400 7.55479e+006 29.367
405401 7.55479e+006 29.3659
405401 7.55479e+006 29.4157
405401 7.55479e+006 29.4129
405401 7.55479e+006 29.4129
405401 7.55479e+006 29.3659
405401 7.55479e+006 29.3659
405401 7.55479e+006 29.413
405401 7.55479e+006 29.4157
405401 7.55479e+006 29.3667
405401 7.55479e+006 29.3667
405401 7.55479e+006 29.3667
405401 7.55479e+006 29.413
405401 7.55479e+006 29.4157
405400 7.55479e+006 29.4157
405400 7.55479e+006 29.3683
405400 7.55479e+006 29.3683
405401 7.55479e+006 29.3667
405401 7.55479e+006 29.4157
405401 7.55479e+006 29.413
405401 7.55479e+006 29.3667
405400 7.55479e+006 29.367
405400 7.55479e+006 29.367
405400 7.55479e+006 29.4143
405401 7.55479e+006 29.413
405401 7.55479e+006 29.4157
405401 7.55479e+006 29.4143
405401 7.55479e+006 29.4129
405401 7.55479e+006 29.4129
405401 7.55479e+006 29.4157
405401 7.55479e+006 29.4157
405400 7.55479e+006 29.4143
405400 7.55479e+006 29.4157
405401 7.55479e+006 29.4157
405401 7.55479e+006 29.4157
405401 7.55479e+006 29.413
405400 7.55479e+006 29.4143
405401 7.55479e+006 29.3675
405401 7.55479e+006 29.3659
405401 7.55479e+006 29.3659
405401 7.55479e+006 29.3659
405401 7.55479e+006 29.3667
405401 7.55479e+006 29.3675
405401 7.55479e+006 29.3667
405401 7.55479e+006 29.3667
405400 7.55479e+006 29.3683
405400 7.55479e+006 29.3683
405400 7.55479e+006 29.367
405401 7.55479e+006 29.3667
405401 7.55479e+006 28.3216
405401 7.55479e+006 28.323
405401 7.55479e+006 28.323
405401 7.55479e+006 28.323
405401 7.55479e+006 28.323
405401 7.55479e+006 28.3216
405401 7.55479e+006 28.323
405401 7.55479e+006 28.323
405401 7.55479e+006 28.2748
405401 7.55479e+006 28.2748
405401 7.55479e+006 28.2744
405401 7.55479e+006 28.323
405401 7.55479e+006 28.2744
405401 7.55479e+006 28.2748
405401 7.55479e+006 28.274
405401 7.55479e+006 28.274
405401 7.55479e+006 28.2744
405401 7.55479e+006 28.2744
405401 7.55479e+006 28.274
405401 7.55479e+006 28.3216
405401 7.55479e+006 28.323
405401 7.55479e+006 28.323
405401 7.55479e+006 28.2744
405401 7.55479e+006 28.274
405400 7.55479e+006 28.323
405400 7.55479e+006 28.323
405400 7.55479e+006 28.323
405400 7.55479e+006 28.323
405400 7.55479e+006 28.323
405400 7.55479e+006 28.323
405400 7.55479e+006 28.2744
405400 7.55479e+006 28.2744
405400 7.55479e+006 28.323
405400 7.55479e+006 28.323
405400 7.55479e+006 28.323
405400 7.55479e+006 28.2744
405400 7.55479e+006 28.2744
405400 7.55479e+006 28.2744
405400 7.55479e+006 28.2744
405400 7.55479e+006 28.2744
405400 7.55479e+006 28.2744
405400 7.55479e+006 28.2744
405400 7.55479e+006 28.323
405400 7.55479e+006 28.323
405400 7.55479e+006 28.2744
405400 7.55479e+006 28.2744
405400 7.55479e+006 28.2744
405400 7.55479e+006 28.323
405400 7.55479e+006 28.323
405400 7.55479e+006 28.323
405400 7.55479e+006 28.323
405400 7.55479e+006 28.323
405400 7.55479e+006 28.323
405400 7.55479e+006 28.323
405400 7.55479e+006 28.2744
405400 7.55479e+006 28.2744
405400 7.55479e+006 28.323
405400 7.55479e+006 28.323
405400 7.55479e+006 28.323
405400 7.55479e+006 28.2744
405400 7.55479e+006 28.2744
405400 7.55479e+006 28.2744
405400 7.55479e+006 28.2744
405400 7.55479e+006 28.2744
405400 7.55479e+006 28.2744
405400 7.55479e+006 28.2744
405400 7.55479e+006 28.323
405400 7.55479e+006 28.323
405400 7.55479e+006 28.2744
405400 7.55479e+006 28.2744
405400 7.55479e+006 28.2744
405400 7.55479e+006 28.323
405400 7.55479e+006 28.323
405400 7.55479e+006 28.323
405400 7.55479e+006 28.323
405400 7.55479e+006 28.323
405400 7.55479e+006 28.323
405400 7.55479e+006 28.323
405400 7.55479e+006 28.2744
405400 7.55479e+006 28.2744
405400 7.55479e+006 28.323
405400 7.55479e+006 28.323
405400 7.55479e+006 28.323
405400 7.55479e+006 28.2744
405400 7.55479e+006 28.2744
405400 7.55479e+006 28.2744
405400 7.55479e+006 28.2744
405400 7.55479e+006 28.2744
405400 7.55479e+006 28.2744
405400 7.55479e+006 28.2744
405400 7.55479e+006 28.323
405400 7.55479e+006 28.323
405400 7.55479e+006 28.2744
405400 7.55479e+006 28.2744
405400 7.55479e+006 28.2744
405400 7.55479e+006 28.323
405400 7.55479e+006 28.323
405400 7.55479e+006 28.323
405400 7.55479e+006 28.323
405400 7.55479e+006 28.323
405400 7.55479e+006 28.323
405400 7.55479e+006 28.323
405400 7.55479e+006 28.2744
405400 7.55479e+006 28.2744
405400 7.55479e+006 28.323
405400 7.55479e+006 28.323
405400 7.55479e+006 28.323
405400 7.55479e+006 28.2744
405400 7.55479e+006 28.2744
405400 7.55479e+006 28.2744
405400 7.55479e+006 28.2744
405400 7.55479e+006 28.2744
405400 7.55479e+006 28.2744
405400 7.55479e+006 28.2744
405400 7.55479e+006 28.323
405400 7.55479e+006 28.323
405400 7.55479e+006 28.2744
405400 7.55479e+006 28.2744
405400 7.55479e+006 28.2744
405400 7.55479e+006 28.323
405400 7.55479e+006 28.323
405400 7.55479e+006 28.323
405400 7.55479e+006 28.323
405400 7.55479e+006 28.323
405400 7.55479e+006 28.323
405400 7.55479e+006 28.323
405400 7.55479e+006 28.2744
405400 7.55479e+006 28.2744
405400 7.55479e+006 28.323
405400 7.55479e+006 28.323
405400 7.55479e+006 28.323
405400 7.55479e+006 28.2744
405400 7.55479e+006 28.2744
405400 7.55479e+006 28.2744
405400 7.55479e+006 28.2744
405400 7.55479e+006 28.2744
405400 7.55479e+006 28.2744
405400 7.55479e+006 28.2744
405400 7.55479e+006 28.323
405400 7.55479e+006 28.323
405400 7.55479e+006 28.2744
405400 7.55479e+006 28.2744
405400 7.55479e+006 28.2744
405400 7.55479e+006 28.323
405401 7.55479e+006 28.323
405400 7.55479e+006 28.323
405400 7.55479e+006 28.323
405400 7.55479e+006 28.323
405401 7.55479e+006 28.323
405401 7.55479e+006 28.323
405401 7.55479e+006 28.2744
405400 7.55479e+006 28.2744
405400 7.55479e+006 28.323
405400 7.55479e+006 28.323
405401 7.55479e+006 28.323
405401 7.55479e+006 28.2744
405401 7.55479e+006 28.2744
405400 7.55479e+006 28.2744
405400 7.55479e+006 28.2744
405400 7.55479e+006 28.2744
405401 7.55479e+006 28.2744
405401 7.55479e+006 28.2744
405401 7.55479e+006 28.323
405400 7.55479e+006 28.323
405400 7.55479e+006 28.2744
405400 7.55479e+006 28.2744
405401 7.55479e+006 28.2744
405401 7.55479e+006 28.323
405401 7.55479e+006 28.323
405401 7.55479e+006 28.323
405401 7.55479e+006 28.323
405401 7.55479e+006 28.323
405401 7.55479e+006 28.323
405401 7.55479e+006 28.323
405401 7.55479e+006 28.2744
405401 7.55479e+006 28.2744
405401 7.55479e+006 28.323
405401 7.55479e+006 28.323
405401 7.55479e+006 28.323
405401 7.55479e+006 28.2744
405401 7.55479e+006 28.2744
405401 7.55479e+006 28.2744
405401 7.55479e+006 28.2744
405401 7.55479e+006 28.2744
405401 7.55479e+006 28.2744
405401 7.55479e+006 28.2744
405401 7.55479e+006 28.323
405401 7.55479e+006 28.323
405401 7.55479e+006 28.2744
405401 7.55479e+006 28.2744
405401 7.55479e+006 28.2744
405401 7.55479e+006 28.323
405401 7.55479e+006 28.323
405401 7.55479e+006 28.323
405401 7.55479e+006 28.323
405401 7.55479e+006 28.323
405401 7.55479e+006 28.323
405401 7.55479e+006 28.323
405401 7.55479e+006 28.2744
405401 7.55479e+006 28.2744
405401 7.55479e+006 28.323
405401 7.55479e+006 28.323
405401 7.55479e+006 28.323
405401 7.55479e+006 28.2744
405401 7.55479e+006 28.2744
405401 7.55479e+006 28.2744
405401 7.55479e+006 28.2744
405401 7.55479e+006 28.2744
405401 7.55479e+006 28.2744
405401 7.55479e+006 28.2744
405401 7.55479e+006 28.323
405401 7.55479e+006 28.323
405401 7.55479e+006 28.2744
405401 7.55479e+006 28.2744
405401 7.55479e+006 28.2744
405401 7.55479e+006 28.323
405401 7.55479e+006 28.323
405401 7.55479e+006 28.323
405401 7.55479e+006 28.323
405401 7.55479e+006 28.323
405401 7.55479e+006 28.323
405401 7.55479e+006 28.323
405401 7.55479e+006 28.2744
405401 7.55479e+006 28.2744
405401 7.55479e+006 28.323
405401 7.55479e+006 28.323
405401 7.55479e+006 28.323
405401 7.55479e+006 28.2744
405401 7.55479e+006 28.2744
405401 7.55479e+006 28.2744
405401 7.55479e+006 28.2744
405401 7.55479e+006 28.2744
405401 7.55479e+006 28.2744
405401 7.55479e+006 28.2744
405401 7.55479e+006 28.323
405401 7.55479e+006 28.323
405401 7.55479e+006 28.2744
405401 7.55479e+006 28.2744
405401 7.55479e+006 28.2744
405401 7.55479e+006 28.323
405401 7.55479e+006 28.323
405401 7.55479e+006 28.323
405401 7.55479e+006 28.323
405401 7.55479e+006 28.323
405401 7.55479e+006 28.323
405401 7.55479e+006 28.323
405401 7.55479e+006 28.2744
405401 7.55479e+006 28.2744
405401 7.55479e+006 28.323
405401 7.55479e+006 28.323
405401 7.55479e+006 28.323
405401 7.55479e+006 28.2744
405401 7.55479e+006 28.2744
405401 7.55479e+006 28.2744
405401 7.55479e+006 28.2744
405401 7.55479e+006 28.2744
405401 7.55479e+006 28.2744
405401 7.55479e+006 28.2744
405401 7.55479e+006 28.323
405401 7.55479e+006 28.323
405401 7.55479e+006 28.2744
405401 7.55479e+006 28.2744
405401 7.55479e+006 28.2744
405401 7.55479e+006 28.323
405401 7.55479e+006 28.3229
405401 7.55479e+006 28.2731
405401 7.55479e+006 28.2748
405401 7.55479e+006 28.2748
405401 7.55479e+006 28.323
405401 7.55479e+006 28.3229
405401 7.55479e+006 28.274
405401 7.55479e+006 28.2731
405401 7.55479e+006 28.3202
405401 7.55479e+006 28.3202
405401 7.55479e+006 28.3216
405401 7.55479e+006 28.274
405400 7.55479e+006 28.3216
405400 7.55479e+006 28.323
405400 7.55479e+006 28.323
405400 7.55479e+006 28.323
405400 7.55479e+006 28.3229
405400 7.55479e+006 28.3216
405400 7.55479e+006 28.323
405400 7.55479e+006 28.2744
405400 7.55479e+006 28.2756
405400 7.55479e+006 28.2756
405400 7.55479e+006 28.3229
405400 7.55479e+006 28.323
405400 7.55479e+006 28.2744
405400 7.55479e+006 28.2744
405400 7.55479e+006 28.2743
405400 7.55479e+006 28.2743
405400 7.55479e+006 28.2756
405400 7.55479e+006 28.2744
405400 7.55479e+006 28.2743
405400 7.55479e+006 28.2744
405400 7.55479e+006 28.323
405400 7.55479e+006 28.323
405400 7.55479e+006 28.3216
405400 7.55479e+006 28.2743
405401 7.55479e+006 28.2731
405401 7.55479e+006 28.3229
405401 7.55479e+006 28.3202
405401 7.55479e+006 28.3202
405401 7.55479e+006 28.2731
405401 7.55479e+006 28.2731
405401 7.55479e+006 28.3202
405401 7.55479e+006 28.3229
405401 7.55479e+006 28.2739
405401 7.55479e+006 28.2739
405401 7.55479e+006 28.2739
405401 7.55479e+006 28.3202
405401 7.55479e+006 28.3229
405400 7.55479e+006 28.3229
405400 7.55479e+006 28.2756
405400 7.55479e+006 28.2756
405401 7.55479e+006 28.2739
405401 7.55479e+006 28.3229
405401 7.55479e+006 28.3202
405401 7.55479e+006 28.2739
405400 7.55479e+006 28.2743
405400 7.55479e+006 28.2743
405400 7.55479e+006 28.3216
405401 7.55479e+006 28.3202
405401 7.55479e+006 28.323
405401 7.55479e+006 28.3216
405401 7.55479e+006 28.3202
405401 7.55479e+006 28.3202
405401 7.55479e+006 28.3229
405401 7.55479e+006 28.323
405400 7.55479e+006 28.3216
405400 7.55479e+006 28.3229
405401 7.55479e+006 28.3229
405401 7.55479e+006 28.3229
405401 7.55479e+006 28.3202
405400 7.55479e+006 28.3216
405401 7.55479e+006 28.2748
405401 7.55479e+006 28.2731
405401 7.55479e+006 28.2731
405401 7.55479e+006 28.2731
405401 7.55479e+006 28.274
405401 7.55479e+006 28.2748
405401 7.55479e+006 28.2739
405401 7.55479e+006 28.2739
405400 7.55479e+006 28.2756
405400 7.55479e+006 28.2756
405400 7.55479e+006 28.2743
405401 7.55479e+006 28.2739
405401 7.55479e+006 27.2308
405401 7.55479e+006 27.2322
405401 7.55479e+006 27.2322
405401 7.55479e+006 27.2322
405401 7.55479e+006 27.2322
405401 7.55479e+006 27.2308
405401 7.55479e+006 27.2322
405401 7.55479e+006 27.2322
405401 7.55479e+006 27.184
405401 7.55479e+006 27.184
405401 7.55479e+006 27.1836
405401 7.55479e+006 27.2322
405401 7.55479e+006 27.1836
405401 7.55479e+006 27.184
405401 7.55479e+006 27.1832
405401 7.55479e+006 27.1832
405401 7.55479e+006 27.1836
405401 7.55479e+006 27.1836
405401 7.55479e+006 27.1832
405401 7.55479e+006 27.2308
405401 7.55479e+006 27.2322
405401 7.55479e+006 27.2322
405401 7.55479e+006 27.1836
405401 7.55479e+006 27.1832
405400 7.55479e+006 27.2322
405400 7.55479e+006 27.2322
405400 7.55479e+006 27.2322
405400 7.55479e+006 27.2322
405400 7.55479e+006 27.2322
405400 7.55479e+006 27.2322
405400 7.55479e+006 27.1836
405400 7.55479e+006 27.1836
405400 7.55479e+006 27.2322
405400 7.55479e+006 27.2322
405400 7.55479e+006 27.2322
405400 7.55479e+006 27.1836
405400 7.55479e+006 27.1836
405400 7.55479e+006 27.1836
405400 7.55479e+006 27.1836
405400 7.55479e+006 27.1836
405400 7.55479e+006 27.1836
405400 7.55479e+006 27.1836
405400 7.55479e+006 27.2322
405400 7.55479e+006 27.2322
405400 7.55479e+006 27.1836
405400 7.55479e+006 27.1836
405400 7.55479e+006 27.1836
405400 7.55479e+006 27.2322
405400 7.55479e+006 27.2322
405400 7.55479e+006 27.2322
405400 7.55479e+006 27.2322
405400 7.55479e+006 27.2322
405400 7.55479e+006 27.2322
405400 7.55479e+006 27.2322
405400 7.55479e+006 27.1836
405400 7.55479e+006 27.1836
405400 7.55479e+006 27.2322
405400 7.55479e+006 27.2322
405400 7.55479e+006 27.2322
405400 7.55479e+006 27.1836
405400 7.55479e+006 27.1836
405400 7.55479e+006 27.1836
405400 7.55479e+006 27.1836
405400 7.55479e+006 27.1836
405400 7.55479e+006 27.1836
405400 7.55479e+006 27.1836
405400 7.55479e+006 27.2322
405400 7.55479e+006 27.2322
405400 7.55479e+006 27.1836
405400 7.55479e+006 27.1836
405400 7.55479e+006 27.1836
405400 7.55479e+006 27.2322
405400 7.55479e+006 27.2322
405400 7.55479e+006 27.2322
405400 7.55479e+006 27.2322
405400 7.55479e+006 27.2322
405400 7.55479e+006 27.2322
405400 7.55479e+006 27.2322
405400 7.55479e+006 27.1836
405400 7.55479e+006 27.1836
405400 7.55479e+006 27.2322
405400 7.55479e+006 27.2322
405400 7.55479e+006 27.2322
405400 7.55479e+006 27.1836
405400 7.55479e+006 27.1836
405400 7.55479e+006 27.1836
405400 7.55479e+006 27.1836
405400 7.55479e+006 27.1836
405400 7.55479e+006 27.1836
405400 7.55479e+006 27.1836
405400 7.55479e+006 27.2322
405400 7.55479e+006 27.2322
405400 7.55479e+006 27.1836
405400 7.55479e+006 27.1836
405400 7.55479e+006 27.1836
405400 7.55479e+006 27.2322
405400 7.55479e+006 27.2322
405400 7.55479e+006 27.2322
405400 7.55479e+006 27.2322
405400 7.55479e+006 27.2322
405400 7.55479e+006 27.2322
405400 7.55479e+006 27.2322
405400 7.55479e+006 27.1836
405400 7.55479e+006 27.1836
405400 7.55479e+006 27.2322
405400 7.55479e+006 27.2322
405400 7.55479e+006 27.2322
405400 7.55479e+006 27.1836
405400 7.55479e+006 27.1836
405400 7.55479e+006 27.1836
405400 7.55479e+006 27.1836
405400 7.55479e+006 27.1836
405400 7.55479e+006 27.1836
405400 7.55479e+006 27.1836
405400 7.55479e+006 27.2322
405400 7.55479e+006 27.2322
405400 7.55479e+006 27.1836
405400 7.55479e+006 27.1836
405400 7.55479e+006 27.1836
405400 7.55479e+006 27.2322
405400 7.55479e+006 27.2322
405400 7.55479e+006 27.2322
405400 7.55479e+006 27.2322
405400 7.55479e+006 27.2322
405400 7.55479e+006 27.2322
405400 7.55479e+006 27.2322
405400 7.55479e+006 27.1836
405400 7.55479e+006 27.1836
405400 7.55479e+006 27.2322
405400 7.55479e+006 27.2322
405400 7.55479e+006 27.2322
405400 7.55479e+006 27.1836
405400 7.55479e+006 27.1836
405400 7.55479e+006 27.1836
405400 7.55479e+006 27.1836
405400 7.55479e+006 27.1836
405400 7.55479e+006 27.1836
405400 7.55479e+006 27.1836
405400 7.55479e+006 27.2322
405400 7.55479e+006 27.2322
405400 7.55479e+006 27.1836
405400 7.55479e+006 27.1836
405400 7.55479e+006 27.1836
405400 7.55479e+006 27.2322
405401 7.55479e+006 27.2322
405400 7.55479e+006 27.2322
405400 7.55479e+006 27.2322
405400 7.55479e+006 27.2322
405401 7.55479e+006 27.2322
405401 7.55479e+006 27.2322
405401 7.55479e+006 27.1836
405400 7.55479e+006 27.1836
405400 7.55479e+006 27.2322
405400 7.55479e+006 27.2322
405401 7.55479e+006 27.2322
405401 7.55479e+006 27.1836
405401 7.55479e+006 27.1836
405400 7.55479e+006 27.1836
405400 7.55479e+006 27.1836
405400 7.55479e+006 27.1836
405401 7.55479e+006 27.1836
405401 7.55479e+006 27.1836
405401 7.55479e+006 27.2322
405400 7.55479e+006 27.2322
405400 7.55479e+006 27.1836
405400 7.55479e+006 27.1836
405401 7.55479e+006 27.1836
405401 7.55479e+006 27.2322
405401 7.55479e+006 27.2322
405401 7.55479e+006 27.2322
405401 7.55479e+006 27.2322
405401 7.55479e+006 27.2322
405401 7.55479e+006 27.2322
405401 7.55479e+006 27.2322
405401 7.55479e+006 27.1836
405401 7.55479e+006 27.1836
405401 7.55479e+006 27.2322
405401 7.55479e+006 27.2322
405401 7.55479e+006 27.2322
405401 7.55479e+006 27.1836
405401 7.55479e+006 27.1836
405401 7.55479e+006 27.1836
405401 7.55479e+006 27.1836
405401 7.55479e+006 27.1836
405401 7.55479e+006 27.1836
405401 7.55479e+006 27.1836
405401 7.55479e+006 27.2322
405401 7.55479e+006 27.2322
405401 7.55479e+006 27.1836
405401 7.55479e+006 27.1836
405401 7.55479e+006 27.1836
405401 7.55479e+006 27.2322
405401 7.55479e+006 27.2322
405401 7.55479e+006 27.2322
405401 7.55479e+006 27.2322
405401 7.55479e+006 27.2322
405401 7.55479e+006 27.2322
405401 7.55479e+006 27.2322
405401 7.55479e+006 27.1836
405401 7.55479e+006 27.1836
405401 7.55479e+006 27.2322
405401 7.55479e+006 27.2322
405401 7.55479e+006 27.2322
405401 7.55479e+006 27.1836
405401 7.55479e+006 27.1836
405401 7.55479e+006 27.1836
405401 7.55479e+006 27.1836
405401 7.55479e+006 27.1836
405401 7.55479e+006 27.1836
405401 7.55479e+006 27.1836
405401 7.55479e+006 27.2322
405401 7.55479e+006 27.2322
405401 7.55479e+006 27.1836
405401 7.55479e+006 27.1836
405401 7.55479e+006 27.1836
405401 7.55479e+006 27.2322
405401 7.55479e+006 27.2322
405401 7.55479e+006 27.2322
405401 7.55479e+006 27.2322
405401 7.55479e+006 27.2322
405401 7.55479e+006 27.2322
405401 7.55479e+006 27.2322
405401 7.55479e+006 27.1836
405401 7.55479e+006 27.1836
405401 7.55479e+006 27.2322
405401 7.55479e+006 27.2322
405401 7.55479e+006 27.2322
405401 7.55479e+006 27.1836
405401 7.55479e+006 27.1836
405401 7.55479e+006 27.1836
405401 7.55479e+006 27.1836
405401 7.55479e+006 27.1836
405401 7.55479e+006 27.1836
405401 7.55479e+006 27.1836
405401 7.55479e+006 27.2322
405401 7.55479e+006 27.2322
405401 7.55479e+006 27.1836
405401 7.55479e+006 27.1836
405401 7.55479e+006 27.1836
405401 7.55479e+006 27.2322
405401 7.55479e+006 27.2322
405401 7.55479e+006 27.2322
405401 7.55479e+006 27.2322
405401 7.55479e+006 27.2322
405401 7.55479e+006 27.2322
405401 7.55479e+006 27.2322
405401 7.55479e+006 27.1836
405401 7.55479e+006 27.1836
405401 7.55479e+006 27.2322
405401 7.55479e+006 27.2322
405401 7.55479e+006 27.2322
405401 7.55479e+006 27.1836
405401 7.55479e+006 27.1836
405401 7.55479e+006 27.1836
405401 7.55479e+006 27.1836
405401 7.55479e+006 27.1836
405401 7.55479e+006 27.1836
405401 7.55479e+006 27.1836
405401 7.55479e+006 27.2322
405401 7.55479e+006 27.2322
405401 7.55479e+006 27.1836
405401 7.55479e+006 27.1836
405401 7.55479e+006 27.1836
405401 7.55479e+006 27.2322
405401 7.55479e+006 27.2322
405401 7.55479e+006 27.1824
405401 7.55479e+006 27.184
405401 7.55479e+006 27.184
405401 7.55479e+006 27.2322
405401 7.55479e+006 27.2322
405401 7.55479e+006 27.1832
405401 7.55479e+006 27.1824
405401 7.55479e+006 27.2294
405401 7.55479e+006 27.2294
405401 7.55479e+006 27.2308
405401 7.55479e+006 27.1832
405400 7.55479e+006 27.2308
405400 7.55479e+006 27.2322
405400 7.55479e+006 27.2322
405400 7.55479e+006 27.2322
405400 7.55479e+006 27.2322
405400 7.55479e+006 27.2308
405400 7.55479e+006 27.2322
405400 7.55479e+006 27.1836
405400 7.55479e+006 27.1848
405400 7.55479e+006 27.1848
405400 7.55479e+006 27.2322
405400 7.55479e+006 27.2322
405400 7.55479e+006 27.1836
405400 7.55479e+006 27.1836
405400 7.55479e+006 27.1835
405400 7.55479e+006 27.1835
405400 7.55479e+006 27.1848
405400 7.55479e+006 27.1836
405400 7.55479e+006 27.1835
405400 7.55479e+006 27.1836
405400 7.55479e+006 27.2322
405400 7.55479e+006 27.2322
405400 7.55479e+006 27.2308
405400 7.55479e+006 27.1835
405401 7.55479e+006 27.1824
405401 7.55479e+006 27.2322
405401 7.55479e+006 27.2294
405401 7.55479e+006 27.2294
405401 7.55479e+006 27.1824
405401 7.55479e+006 27.1824
405401 7.55479e+006 27.2295
405401 7.55479e+006 27.2322
405401 7.55479e+006 27.1832
405401 7.55479e+006 27.1832
405401 7.55479e+006 27.1832
405401 7.55479e+006 27.2295
405401 7.55479e+006 27.2322
405400 7.55479e+006 27.2322
405400 7.55479e+006 27.1848
405400 7.55479e+006 27.1848
405401 7.55479e+006 27.1832
405401 7.55479e+006 27.2322
405401 7.55479e+006 27.2295
405401 7.55479e+006 27.1832
405400 7.55479e+006 27.1835
405400 7.55479e+006 27.1835
405400 7.55479e+006 27.2308
405401 7.55479e+006 27.2295
405401 7.55479e+006 27.2322
405401 7.55479e+006 27.2308
405401 7.55479e+006 27.2294
405401 7.55479e+006 27.2294
405401 7.55479e+006 27.2322
405401 7.55479e+006 27.2322
405400 7.55479e+006 27.2308
405400 7.55479e+006 27.2322
405401 7.55479e+006 27.2322
405401 7.55479e+006 27.2322
405401 7.55479e+006 27.2295
405400 7.55479e+006 27.2308
405401 7.55479e+006 27.184
405401 7.55479e+006 27.1824
405401 7.55479e+006 27.1824
405401 7.55479e+006 27.1824
405401 7.55479e+006 27.1832
405401 7.55479e+006 27.184
405401 7.55479e+006 27.1832
405401 7.55479e+006 27.1832
405400 7.55479e+006 27.1848
405400 7.55479e+006 27.1848
405400 7.55479e+006 27.1835
405401 7.55479e+006 27.1832
405401 7.55479e+006 27.1755
405401 7.55479e+006 27.1769
405401 7.55479e+006 27.1782
405401 7.55479e+006 27.1782
405401 7.55479e+006 27.1782
405401 7.55479e+006 27.1755
405401 7.55479e+006 27.1755
405401 7.55479e+006 27.1782
405400 7.55479e+006 27.1782
405400 7.55479e+006 27.1782
405400 7.55479e+006 27.1769
405401 7.55479e+006 27.1755
