405430 7.55478e+006 26.8026
405431 7.55479e+006 26.8027
405431 7.55479e+006 25.1527
405431 7.55479e+006 25.1527
405430 7.55478e+006 25.1526
405430 7.55478e+006 26.8026
405430 7.55478e+006 25.1526
405431 7.55479e+006 25.1527
405434 7.55478e+006 25.1527
405434 7.55478e+006 25.1527
405434 7.55478e+006 25.1526
405430 7.55478e+006 25.1526
405430 7.55478e+006 26.8026
405430 7.55478e+006 25.1526
405434 7.55478e+006 25.1526
405434 7.55478e+006 25.1526
405434 7.55478e+006 26.8026
405430 7.55478e+006 26.8026
405431 7.55479e+006 26.8027
405430 7.55478e+006 26.8026
405434 7.55478e+006 26.8026
405434 7.55478e+006 26.8026
405434 7.55478e+006 26.8027
405431 7.55479e+006 26.8027
405431 7.55479e+006 25.1527
405431 7.55479e+006 26.8027
405434 7.55478e+006 26.8027
405434 7.55478e+006 26.8027
405434 7.55478e+006 25.1527
405431 7.55479e+006 25.1527
