398021 7.55154e+006 -281.485
398021 7.55154e+006 -281.485
398021 7.55154e+006 -281.485
398021 7.55154e+006 -281.485
398021 7.55154e+006 -281.485
398021 7.55154e+006 -281.485
398021 7.55154e+006 -281.298
398021 7.55154e+006 -281.298
398021 7.55154e+006 -281.298
398021 7.55154e+006 -281.298
398021 7.55154e+006 -281.298
398021 7.55154e+006 -281.298
398021 7.55154e+006 -281.485
398021 7.55154e+006 -281.485
398021 7.55154e+006 -281.298
398021 7.55154e+006 -281.298
398021 7.55154e+006 -281.298
398021 7.55154e+006 -281.485
398021 7.55154e+006 -281.485
398021 7.55154e+006 -281.485
398021 7.55154e+006 -281.298
398021 7.55154e+006 -281.298
398021 7.55154e+006 -281.298
398021 7.55154e+006 -281.485
398021 7.55154e+006 -281.485
398021 7.55154e+006 -281.485
398021 7.55154e+006 -281.298
398021 7.55154e+006 -281.298
398021 7.55154e+006 -281.298
398021 7.55154e+006 -281.485
398021 7.55154e+006 -281.485
398021 7.55154e+006 -281.485
398021 7.55154e+006 -281.298
398021 7.55154e+006 -281.298
398021 7.55154e+006 -281.298
398021 7.55154e+006 -281.485
398021 7.55154e+006 -281.362
398021 7.55154e+006 -281.362
398021 7.55154e+006 -281.067
398021 7.55154e+006 -281.067
398021 7.55154e+006 -281.067
398021 7.55154e+006 -281.362
398021 7.55154e+006 -281.362
398021 7.55154e+006 -281.362
398021 7.55154e+006 -281.067
398021 7.55154e+006 -281.067
398021 7.55154e+006 -281.067
398021 7.55154e+006 -281.362
398021 7.55154e+006 -281.362
398021 7.55154e+006 -281.362
398021 7.55154e+006 -281.067
398021 7.55154e+006 -281.067
398021 7.55154e+006 -281.067
398021 7.55154e+006 -281.362
398021 7.55154e+006 -281.362
398021 7.55154e+006 -281.362
398021 7.55154e+006 -281.067
398021 7.55154e+006 -281.067
398021 7.55154e+006 -281.067
398021 7.55154e+006 -281.362
398021 7.55154e+006 -281.362
398021 7.55154e+006 -281.362
398021 7.55154e+006 -281.067
398021 7.55154e+006 -281.067
398021 7.55154e+006 -281.067
398021 7.55154e+006 -281.362
398021 7.55154e+006 -281.362
398021 7.55154e+006 -281.362
398021 7.55154e+006 -281.067
398021 7.55154e+006 -281.067
398021 7.55154e+006 -281.067
398021 7.55154e+006 -281.362
398021 7.55154e+006 -281.362
398021 7.55154e+006 -281.362
398021 7.55154e+006 -281.067
398021 7.55154e+006 -281.067
398021 7.55154e+006 -281.067
398021 7.55154e+006 -281.362
398021 7.55154e+006 -281.362
398021 7.55154e+006 -281.362
398021 7.55154e+006 -281.067
398021 7.55154e+006 -281.067
398021 7.55154e+006 -281.067
398021 7.55154e+006 -281.362
398021 7.55154e+006 -281.362
398021 7.55154e+006 -281.362
398021 7.55154e+006 -281.067
398021 7.55154e+006 -281.067
398021 7.55154e+006 -281.067
398021 7.55154e+006 -281.362
398021 7.55154e+006 -281.362
398021 7.55154e+006 -281.362
398021 7.55154e+006 -281.067
398021 7.55154e+006 -281.067
398021 7.55154e+006 -281.067
398021 7.55154e+006 -281.362
398021 7.55154e+006 -281.362
398021 7.55154e+006 -281.362
398021 7.55154e+006 -281.067
398021 7.55154e+006 -281.067
398021 7.55154e+006 -281.067
398021 7.55154e+006 -281.362
398021 7.55154e+006 -281.362
398021 7.55154e+006 -281.362
398021 7.55154e+006 -281.067
398021 7.55154e+006 -281.067
398021 7.55154e+006 -281.067
398021 7.55154e+006 -281.362
398021 7.55154e+006 -281.067
398021 7.55154e+006 -281.067
398021 7.55154e+006 -280.968
398021 7.55154e+006 -280.968
398021 7.55154e+006 -280.968
398021 7.55154e+006 -281.067
398021 7.55154e+006 -281.067
398021 7.55154e+006 -281.067
398021 7.55154e+006 -280.968
398021 7.55154e+006 -280.968
398021 7.55154e+006 -280.968
398021 7.55154e+006 -281.067
398021 7.55154e+006 -281.067
398021 7.55154e+006 -281.067
398021 7.55154e+006 -280.968
398021 7.55154e+006 -280.968
398021 7.55154e+006 -280.968
398021 7.55154e+006 -281.067
398021 7.55154e+006 -281.067
398021 7.55154e+006 -281.067
398021 7.55154e+006 -280.968
398021 7.55154e+006 -280.968
398021 7.55154e+006 -280.968
398021 7.55154e+006 -281.067
398021 7.55154e+006 -281.067
398021 7.55154e+006 -281.067
398021 7.55154e+006 -280.968
398021 7.55154e+006 -280.968
398021 7.55154e+006 -280.968
398021 7.55154e+006 -281.067
398021 7.55154e+006 -281.067
398021 7.55154e+006 -281.067
398021 7.55154e+006 -280.968
398021 7.55154e+006 -280.968
398021 7.55154e+006 -280.968
398021 7.55154e+006 -281.067
398021 7.55154e+006 -281.067
398021 7.55154e+006 -281.067
398021 7.55154e+006 -280.968
398021 7.55154e+006 -280.968
398021 7.55154e+006 -280.968
398021 7.55154e+006 -281.067
398021 7.55154e+006 -281.067
398021 7.55154e+006 -281.067
398021 7.55154e+006 -280.968
398021 7.55154e+006 -280.968
398021 7.55154e+006 -280.968
398021 7.55154e+006 -281.067
398021 7.55154e+006 -281.067
398021 7.55154e+006 -281.067
398021 7.55154e+006 -280.968
398021 7.55154e+006 -280.968
398021 7.55154e+006 -280.968
398021 7.55154e+006 -281.067
398021 7.55154e+006 -281.067
398021 7.55154e+006 -281.067
398021 7.55154e+006 -280.968
398021 7.55154e+006 -280.968
398021 7.55154e+006 -280.968
398021 7.55154e+006 -281.067
398021 7.55154e+006 -281.067
398021 7.55154e+006 -281.067
398021 7.55154e+006 -280.968
398021 7.55154e+006 -280.968
398021 7.55154e+006 -280.968
398021 7.55154e+006 -281.067
398021 7.55154e+006 -281.067
398021 7.55154e+006 -281.067
398021 7.55154e+006 -280.968
398021 7.55154e+006 -280.968
398021 7.55154e+006 -280.968
398021 7.55154e+006 -281.067
398021 7.55154e+006 -281.067
398021 7.55154e+006 -281.067
398021 7.55154e+006 -281.067
398021 7.55154e+006 -281.067
398021 7.55154e+006 -281.067
398021 7.55154e+006 -281.067
398021 7.55154e+006 -281.067
398021 7.55154e+006 -281.067
398021 7.55154e+006 -281.067
398021 7.55154e+006 -281.067
398021 7.55154e+006 -281.067
398021 7.55154e+006 -281.067
398021 7.55154e+006 -281.067
398021 7.55154e+006 -281.067
398021 7.55154e+006 -281.067
398021 7.55154e+006 -281.067
398021 7.55154e+006 -281.067
398021 7.55154e+006 -281.067
398021 7.55154e+006 -281.067
398021 7.55154e+006 -281.067
398021 7.55154e+006 -281.067
398021 7.55154e+006 -281.067
398021 7.55154e+006 -281.067
398021 7.55154e+006 -281.067
398021 7.55154e+006 -281.067
398021 7.55154e+006 -281.067
398021 7.55154e+006 -281.067
398021 7.55154e+006 -281.067
398021 7.55154e+006 -281.067
398021 7.55154e+006 -281.067
398021 7.55154e+006 -280.962
398021 7.55154e+006 -280.962
398021 7.55154e+006 -280.962
398021 7.55154e+006 -280.962
398021 7.55154e+006 -280.962
398021 7.55154e+006 -280.962
398021 7.55154e+006 -280.962
398021 7.55154e+006 -280.962
398021 7.55154e+006 -280.962
398021 7.55154e+006 -280.962
398021 7.55154e+006 -280.962
398021 7.55154e+006 -280.962
398021 7.55154e+006 -280.962
398021 7.55154e+006 -280.962
398021 7.55154e+006 -280.962
398021 7.55154e+006 -280.962
398021 7.55154e+006 -280.962
398021 7.55154e+006 -280.962
398021 7.55154e+006 -280.962
398021 7.55154e+006 -280.962
398021 7.55154e+006 -280.962
398021 7.55154e+006 -280.962
398021 7.55154e+006 -280.962
398021 7.55154e+006 -280.962
398021 7.55154e+006 -280.962
398021 7.55154e+006 -280.962
398021 7.55154e+006 -280.962
398021 7.55154e+006 -280.962
398021 7.55154e+006 -280.962
398021 7.55154e+006 -280.962
398021 7.55154e+006 -280.968
398021 7.55154e+006 -280.962
398021 7.55154e+006 -280.962
398021 7.55154e+006 -280.962
398021 7.55154e+006 -280.968
398021 7.55154e+006 -280.968
398021 7.55154e+006 -280.968
398021 7.55154e+006 -280.962
398021 7.55154e+006 -280.962
398021 7.55154e+006 -280.962
398021 7.55154e+006 -280.968
398021 7.55154e+006 -280.968
398021 7.55154e+006 -280.968
398021 7.55154e+006 -280.962
398021 7.55154e+006 -280.962
398021 7.55154e+006 -280.962
398021 7.55154e+006 -280.968
398021 7.55154e+006 -280.968
398021 7.55154e+006 -280.968
398021 7.55154e+006 -280.962
398021 7.55154e+006 -280.962
398021 7.55154e+006 -280.962
398021 7.55154e+006 -280.968
398021 7.55154e+006 -280.968
398021 7.55154e+006 -280.968
398021 7.55154e+006 -280.962
398021 7.55154e+006 -280.962
398021 7.55154e+006 -280.962
398021 7.55154e+006 -280.968
398021 7.55154e+006 -280.968
398021 7.55154e+006 -280.968
398021 7.55154e+006 -280.962
398021 7.55154e+006 -280.962
398021 7.55154e+006 -280.962
398021 7.55154e+006 -280.968
398021 7.55154e+006 -280.968
398021 7.55154e+006 -280.968
398021 7.55154e+006 -280.962
398021 7.55154e+006 -280.962
398021 7.55154e+006 -280.962
398021 7.55154e+006 -280.968
398021 7.55154e+006 -280.968
398021 7.55154e+006 -280.968
398021 7.55154e+006 -280.962
398021 7.55154e+006 -280.962
398021 7.55154e+006 -280.962
398021 7.55154e+006 -280.968
398021 7.55154e+006 -280.968
398021 7.55154e+006 -280.968
398021 7.55154e+006 -280.962
398021 7.55154e+006 -280.962
398021 7.55154e+006 -280.962
398021 7.55154e+006 -280.968
398021 7.55154e+006 -280.968
398021 7.55154e+006 -280.968
398021 7.55154e+006 -280.962
398021 7.55154e+006 -280.962
398021 7.55154e+006 -280.962
398021 7.55154e+006 -280.968
398021 7.55154e+006 -280.968
398021 7.55154e+006 -280.968
398021 7.55154e+006 -280.962
398021 7.55154e+006 -280.962
398021 7.55154e+006 -280.962
398021 7.55154e+006 -280.968
398021 7.55154e+006 -280.968
398021 7.55154e+006 -280.968
398021 7.55154e+006 -280.962
398021 7.55154e+006 -280.962
398021 7.55154e+006 -280.962
398021 7.55154e+006 -280.968
398021 7.55154e+006 -280.968
