400412 7.55245e+006 37.1496
400412 7.55245e+006 37.1496
400412 7.55245e+006 37.1496
400412 7.55245e+006 37.1496
400412 7.55245e+006 37.1496
400412 7.55245e+006 37.1496
400412 7.55245e+006 32.5283
400412 7.55245e+006 32.5283
400412 7.55245e+006 37.1496
400412 7.55245e+006 37.1496
400412 7.55245e+006 37.1496
400412 7.55245e+006 32.5283
400412 7.55245e+006 32.5283
400412 7.55245e+006 32.5283
400412 7.55245e+006 37.1496
400412 7.55245e+006 37.1496
400412 7.55245e+006 37.1496
400412 7.55245e+006 32.5283
400412 7.55245e+006 32.5283
400412 7.55245e+006 32.5283
400412 7.55245e+006 37.1496
400412 7.55245e+006 37.1496
400412 7.55245e+006 37.1496
400412 7.55245e+006 32.5283
400412 7.55245e+006 32.5283
400412 7.55245e+006 32.5283
400412 7.55245e+006 37.1496
400412 7.55245e+006 37.1496
400412 7.55245e+006 37.1496
400412 7.55245e+006 32.5283
400412 7.55245e+006 32.5283
400412 7.55245e+006 32.5283
400412 7.55245e+006 32.5283
400412 7.55245e+006 32.5283
400412 7.55245e+006 32.5283
400412 7.55245e+006 32.5283
400412 7.55245e+006 32.5283
400412 7.55245e+006 32.5283
400412 7.55245e+006 31.3232
400412 7.55245e+006 31.3232
400412 7.55245e+006 31.3232
400412 7.55245e+006 32.5283
400412 7.55245e+006 32.5283
400412 7.55245e+006 32.5283
400412 7.55245e+006 31.3232
400412 7.55245e+006 31.3232
400412 7.55245e+006 31.3232
400412 7.55245e+006 32.5283
400412 7.55245e+006 32.5283
400412 7.55245e+006 32.5283
400412 7.55245e+006 31.3232
400412 7.55245e+006 31.3232
400412 7.55245e+006 31.3232
400412 7.55245e+006 32.5283
400412 7.55245e+006 32.5283
400412 7.55245e+006 32.5283
400412 7.55245e+006 31.3232
400412 7.55245e+006 31.3232
400412 7.55245e+006 31.3232
400412 7.55245e+006 32.5283
400412 7.55245e+006 32.5283
400412 7.55245e+006 32.5283
400412 7.55245e+006 31.3232
400412 7.55245e+006 31.3232
400412 7.55245e+006 31.3232
400412 7.55245e+006 32.5283
400412 7.55245e+006 32.5283
400412 7.55245e+006 32.5283
400412 7.55245e+006 31.3232
400412 7.55245e+006 31.3232
400412 7.55245e+006 31.3232
400412 7.55245e+006 32.5283
400412 7.55245e+006 32.5283
400412 7.55245e+006 32.5283
400412 7.55245e+006 31.3232
400412 7.55245e+006 31.3232
400412 7.55245e+006 31.3232
400412 7.55245e+006 32.5283
400412 7.55245e+006 32.5283
400412 7.55245e+006 32.5283
400412 7.55245e+006 31.3232
400412 7.55245e+006 31.3232
400412 7.55245e+006 31.3232
400412 7.55245e+006 32.5283
400401 7.55245e+006 37.1496
400401 7.55245e+006 37.1496
400401 7.55245e+006 37.1496
400401 7.55245e+006 37.1496
400401 7.55245e+006 37.1496
400401 7.55245e+006 37.1496
400401 7.55245e+006 32.5283
400401 7.55245e+006 32.5283
400401 7.55245e+006 37.1496
400401 7.55245e+006 37.1496
400401 7.55245e+006 37.1496
400401 7.55245e+006 32.5283
400401 7.55245e+006 32.5283
400401 7.55245e+006 32.5283
400401 7.55245e+006 37.1496
400401 7.55245e+006 37.1496
400401 7.55245e+006 37.1496
400401 7.55245e+006 32.5283
400401 7.55245e+006 32.5283
400401 7.55245e+006 32.5283
400401 7.55245e+006 37.1496
400401 7.55245e+006 37.1496
400401 7.55245e+006 37.1496
400401 7.55245e+006 32.5283
400401 7.55245e+006 32.5283
400401 7.55245e+006 32.5283
400401 7.55245e+006 37.1496
400401 7.55245e+006 37.1496
400401 7.55245e+006 37.1496
400401 7.55245e+006 32.5283
400401 7.55245e+006 32.5283
400401 7.55245e+006 32.5283
400401 7.55245e+006 32.5283
400401 7.55245e+006 32.5283
400401 7.55245e+006 32.5283
400401 7.55245e+006 32.5283
400401 7.55245e+006 32.5283
400401 7.55245e+006 32.5283
400401 7.55245e+006 31.3232
400401 7.55245e+006 31.3232
400401 7.55245e+006 31.3232
400401 7.55245e+006 32.5283
400401 7.55245e+006 32.5283
400401 7.55245e+006 32.5283
400401 7.55245e+006 31.3232
400401 7.55245e+006 31.3232
400401 7.55245e+006 31.3232
400401 7.55245e+006 32.5283
400401 7.55245e+006 32.5283
400401 7.55245e+006 32.5283
400401 7.55245e+006 31.3232
400401 7.55245e+006 31.3232
400401 7.55245e+006 31.3232
400401 7.55245e+006 32.5283
400401 7.55245e+006 32.5283
400401 7.55245e+006 32.5283
400401 7.55245e+006 31.3232
400401 7.55245e+006 31.3232
400401 7.55245e+006 31.3232
400401 7.55245e+006 32.5283
400401 7.55245e+006 32.5283
400401 7.55245e+006 32.5283
400401 7.55245e+006 31.3232
400401 7.55245e+006 31.3232
400401 7.55245e+006 31.3232
400401 7.55245e+006 32.5283
400401 7.55245e+006 32.5283
400401 7.55245e+006 32.5283
400401 7.55245e+006 31.3232
400401 7.55245e+006 31.3232
400401 7.55245e+006 31.3232
400401 7.55245e+006 32.5283
400401 7.55245e+006 32.5283
400401 7.55245e+006 32.5283
400401 7.55245e+006 31.3232
400401 7.55245e+006 31.3232
400401 7.55245e+006 31.3232
400401 7.55245e+006 32.5283
400401 7.55245e+006 32.5283
400401 7.55245e+006 32.5283
400401 7.55245e+006 31.3232
400401 7.55245e+006 31.3232
400401 7.55245e+006 31.3232
400401 7.55245e+006 32.5283
400405 7.55245e+006 37.1496
400405 7.55245e+006 37.1496
400405 7.55245e+006 37.1496
400405 7.55245e+006 37.1496
400405 7.55245e+006 37.1496
400405 7.55245e+006 37.1496
400405 7.55245e+006 32.5283
400405 7.55245e+006 32.5283
400405 7.55245e+006 37.1496
400405 7.55245e+006 37.1496
400405 7.55245e+006 37.1496
400405 7.55245e+006 32.5283
400405 7.55245e+006 32.5283
400405 7.55245e+006 32.5283
400405 7.55245e+006 37.1496
400405 7.55245e+006 37.1496
400405 7.55245e+006 37.1496
400405 7.55245e+006 32.5283
400405 7.55245e+006 32.5283
400405 7.55245e+006 32.5283
400405 7.55245e+006 37.1496
400405 7.55245e+006 37.1496
400405 7.55245e+006 37.1496
400405 7.55245e+006 32.5283
400405 7.55245e+006 32.5283
400405 7.55245e+006 32.5283
400405 7.55245e+006 37.1496
400405 7.55245e+006 37.1496
400405 7.55245e+006 37.1496
400405 7.55245e+006 32.5283
400405 7.55245e+006 32.5283
400405 7.55245e+006 32.5283
400405 7.55245e+006 32.5283
400405 7.55245e+006 32.5283
400405 7.55245e+006 32.5283
400405 7.55245e+006 32.5283
400405 7.55245e+006 32.5283
400405 7.55245e+006 32.5283
400405 7.55245e+006 31.3232
400405 7.55245e+006 31.3232
400405 7.55245e+006 31.3232
400405 7.55245e+006 32.5283
400405 7.55245e+006 32.5283
400405 7.55245e+006 32.5283
400405 7.55245e+006 31.3232
400405 7.55245e+006 31.3232
400405 7.55245e+006 31.3232
400405 7.55245e+006 32.5283
400405 7.55245e+006 32.5283
400405 7.55245e+006 32.5283
400405 7.55245e+006 31.3232
400405 7.55245e+006 31.3232
400405 7.55245e+006 31.3232
400405 7.55245e+006 32.5283
400405 7.55245e+006 32.5283
400405 7.55245e+006 32.5283
400405 7.55245e+006 31.3232
400405 7.55245e+006 31.3232
400405 7.55245e+006 31.3232
400405 7.55245e+006 32.5283
400405 7.55245e+006 32.5283
400405 7.55245e+006 32.5283
400405 7.55245e+006 31.3232
400405 7.55245e+006 31.3232
400405 7.55245e+006 31.3232
400405 7.55245e+006 32.5283
400405 7.55245e+006 32.5283
400405 7.55245e+006 32.5283
400405 7.55245e+006 31.3232
400405 7.55245e+006 31.3232
400405 7.55245e+006 31.3232
400405 7.55245e+006 32.5283
400405 7.55245e+006 32.5283
400405 7.55245e+006 32.5283
400405 7.55245e+006 31.3232
400405 7.55245e+006 31.3232
400405 7.55245e+006 31.3232
400405 7.55245e+006 32.5283
400405 7.55245e+006 32.5283
400405 7.55245e+006 32.5283
400405 7.55245e+006 31.3232
400405 7.55245e+006 31.3232
400405 7.55245e+006 31.3232
400405 7.55245e+006 32.5283
400409 7.55245e+006 37.1496
400409 7.55245e+006 37.1496
400409 7.55245e+006 37.1496
400409 7.55245e+006 37.1496
400409 7.55245e+006 37.1496
400409 7.55245e+006 37.1496
400409 7.55245e+006 32.5283
400409 7.55245e+006 32.5283
400409 7.55245e+006 37.1496
400409 7.55245e+006 37.1496
400409 7.55245e+006 37.1496
400409 7.55245e+006 32.5283
400409 7.55245e+006 32.5283
400409 7.55245e+006 32.5283
400409 7.55245e+006 37.1496
400409 7.55245e+006 37.1496
400409 7.55245e+006 37.1496
400409 7.55245e+006 32.5283
400409 7.55245e+006 32.5283
400409 7.55245e+006 32.5283
400409 7.55245e+006 37.1496
400409 7.55245e+006 37.1496
400409 7.55245e+006 37.1496
400409 7.55245e+006 32.5283
400409 7.55245e+006 32.5283
400409 7.55245e+006 32.5283
400409 7.55245e+006 37.1496
400409 7.55245e+006 37.1496
400409 7.55245e+006 37.1496
400409 7.55245e+006 32.5283
400409 7.55245e+006 32.5283
400409 7.55245e+006 32.5283
400409 7.55245e+006 32.5283
400409 7.55245e+006 32.5283
400409 7.55245e+006 32.5283
400409 7.55245e+006 32.5283
400409 7.55245e+006 32.5283
400409 7.55245e+006 32.5283
400409 7.55245e+006 31.3232
400409 7.55245e+006 31.3232
400409 7.55245e+006 31.3232
400409 7.55245e+006 32.5283
400409 7.55245e+006 32.5283
400409 7.55245e+006 32.5283
400409 7.55245e+006 31.3232
400409 7.55245e+006 31.3232
400409 7.55245e+006 31.3232
400409 7.55245e+006 32.5283
400409 7.55245e+006 32.5283
400409 7.55245e+006 32.5283
400409 7.55245e+006 31.3232
400409 7.55245e+006 31.3232
400409 7.55245e+006 31.3232
400409 7.55245e+006 32.5283
400409 7.55245e+006 32.5283
400409 7.55245e+006 32.5283
400409 7.55245e+006 31.3232
400409 7.55245e+006 31.3232
400409 7.55245e+006 31.3232
400409 7.55245e+006 32.5283
400409 7.55245e+006 32.5283
400409 7.55245e+006 32.5283
400409 7.55245e+006 31.3232
400409 7.55245e+006 31.3232
400409 7.55245e+006 31.3232
400409 7.55245e+006 32.5283
400409 7.55245e+006 32.5283
400409 7.55245e+006 32.5283
400409 7.55245e+006 31.3232
400409 7.55245e+006 31.3232
400409 7.55245e+006 31.3232
400409 7.55245e+006 32.5283
400409 7.55245e+006 32.5283
400409 7.55245e+006 32.5283
400409 7.55245e+006 31.3232
400409 7.55245e+006 31.3232
400409 7.55245e+006 31.3232
400409 7.55245e+006 32.5283
400409 7.55245e+006 32.5283
400409 7.55245e+006 32.5283
400409 7.55245e+006 31.3232
400409 7.55245e+006 31.3232
400409 7.55245e+006 31.3232
400409 7.55245e+006 32.5283
