400412 7.55243e+006 34.14
400412 7.55243e+006 34.14
400412 7.55244e+006 34.14
400412 7.55244e+006 34.14
400412 7.55244e+006 34.14
400412 7.55243e+006 34.14
400412 7.55243e+006 32.8031
400412 7.55243e+006 32.8031
400412 7.55243e+006 34.14
400412 7.55243e+006 34.14
400412 7.55243e+006 34.14
400412 7.55243e+006 32.8031
400412 7.55243e+006 32.8031
400412 7.55244e+006 32.8031
400412 7.55244e+006 34.14
400412 7.55244e+006 34.14
400412 7.55243e+006 34.14
400412 7.55243e+006 32.8031
400412 7.55244e+006 32.8031
400412 7.55244e+006 32.8031
400412 7.55244e+006 34.14
400412 7.55244e+006 34.14
400412 7.55244e+006 34.14
400412 7.55244e+006 32.8031
400412 7.55244e+006 32.8031
400412 7.55243e+006 32.8031
400412 7.55243e+006 34.14
400412 7.55243e+006 34.14
400412 7.55244e+006 34.14
400412 7.55244e+006 32.8031
400412 7.55244e+006 32.8006
400412 7.55244e+006 32.8006
400412 7.55244e+006 31.3245
400412 7.55244e+006 31.3245
400412 7.55244e+006 31.3245
400412 7.55244e+006 32.8006
400412 7.55244e+006 32.8006
400412 7.55243e+006 32.8006
400412 7.55243e+006 31.3245
400412 7.55243e+006 31.3245
400412 7.55244e+006 31.3245
400412 7.55244e+006 32.8006
400412 7.55243e+006 32.8006
400412 7.55243e+006 32.8006
400412 7.55243e+006 31.3245
400412 7.55243e+006 31.3245
400412 7.55243e+006 31.3245
400412 7.55243e+006 32.8006
400412 7.55243e+006 32.8006
400412 7.55244e+006 32.8006
400412 7.55244e+006 31.3245
400412 7.55244e+006 31.3245
400412 7.55243e+006 31.3245
400412 7.55243e+006 32.8006
400412 7.55243e+006 32.8006
400412 7.55243e+006 32.8006
400412 7.55243e+006 31.3245
400412 7.55243e+006 31.3245
400412 7.55243e+006 31.3245
400412 7.55243e+006 32.8006
400412 7.55243e+006 32.8006
400412 7.55243e+006 32.8006
400412 7.55243e+006 31.3245
400412 7.55243e+006 31.3245
400412 7.55243e+006 31.3245
400412 7.55243e+006 32.8006
400412 7.55243e+006 32.8006
400412 7.55243e+006 32.8006
400412 7.55243e+006 31.3245
400412 7.55243e+006 31.3245
400412 7.55243e+006 31.3245
400412 7.55243e+006 32.8006
400412 7.55243e+006 32.8006
400412 7.55243e+006 32.8006
400412 7.55243e+006 31.3245
400412 7.55243e+006 31.3245
400412 7.55243e+006 31.3245
400412 7.55243e+006 32.8006
400409 7.55243e+006 34.14
400409 7.55243e+006 34.14
400409 7.55244e+006 34.14
400409 7.55244e+006 34.14
400409 7.55244e+006 34.14
400409 7.55243e+006 34.14
400409 7.55243e+006 32.8031
400409 7.55243e+006 32.8031
400409 7.55243e+006 34.14
400409 7.55243e+006 34.14
400409 7.55243e+006 34.14
400409 7.55243e+006 32.8031
400409 7.55243e+006 32.8031
400409 7.55244e+006 32.8031
400409 7.55244e+006 34.14
400409 7.55244e+006 34.14
400409 7.55243e+006 34.14
400409 7.55243e+006 32.8031
400409 7.55244e+006 32.8031
400409 7.55244e+006 32.8031
400409 7.55244e+006 34.14
400409 7.55244e+006 34.14
400409 7.55244e+006 34.14
400409 7.55244e+006 32.8031
400409 7.55244e+006 32.8031
400409 7.55243e+006 32.8031
400409 7.55243e+006 34.14
400409 7.55243e+006 34.14
400409 7.55244e+006 34.14
400409 7.55244e+006 32.8031
400409 7.55244e+006 32.8031
400409 7.55244e+006 32.8031
400409 7.55244e+006 31.3245
400409 7.55244e+006 31.3245
400409 7.55244e+006 31.3245
400409 7.55244e+006 32.8031
400409 7.55244e+006 32.8031
400409 7.55243e+006 32.8031
400409 7.55243e+006 31.3245
400409 7.55243e+006 31.3245
400409 7.55244e+006 31.3245
400409 7.55244e+006 32.8031
400409 7.55243e+006 32.8031
400409 7.55243e+006 32.8031
400409 7.55243e+006 31.3245
400409 7.55243e+006 31.3245
400409 7.55243e+006 31.3245
400409 7.55243e+006 32.8031
400409 7.55243e+006 32.8031
400409 7.55244e+006 32.8031
400409 7.55244e+006 31.3245
400409 7.55244e+006 31.3245
400409 7.55243e+006 31.3245
400409 7.55243e+006 32.8031
400409 7.55243e+006 32.8031
400409 7.55243e+006 32.8031
400409 7.55243e+006 31.3245
400409 7.55243e+006 31.3245
400409 7.55243e+006 31.3245
400409 7.55243e+006 32.8031
400409 7.55243e+006 32.8031
400409 7.55243e+006 32.8031
400409 7.55243e+006 31.3245
400409 7.55243e+006 31.3245
400409 7.55243e+006 31.3245
400409 7.55243e+006 32.8031
400409 7.55243e+006 32.8031
400409 7.55243e+006 32.8031
400409 7.55243e+006 31.3245
400409 7.55243e+006 31.3245
400409 7.55243e+006 31.3245
400409 7.55243e+006 32.8031
400409 7.55243e+006 32.8031
400409 7.55243e+006 32.8031
400409 7.55243e+006 31.3245
400409 7.55243e+006 31.3245
400409 7.55243e+006 31.3245
400409 7.55243e+006 32.8031
400405 7.55243e+006 34.14
400405 7.55243e+006 34.14
400405 7.55244e+006 34.14
400405 7.55244e+006 34.14
400405 7.55244e+006 34.14
400405 7.55243e+006 34.14
400405 7.55243e+006 32.8031
400405 7.55243e+006 32.8031
400405 7.55243e+006 34.14
400405 7.55243e+006 34.14
400405 7.55243e+006 34.14
400405 7.55243e+006 32.8031
400405 7.55243e+006 32.8031
400405 7.55244e+006 32.8031
400405 7.55244e+006 34.14
400405 7.55244e+006 34.14
400405 7.55243e+006 34.14
400405 7.55243e+006 32.8031
400405 7.55244e+006 32.8031
400405 7.55244e+006 32.8031
400405 7.55244e+006 34.14
400405 7.55244e+006 34.14
400405 7.55244e+006 34.14
400405 7.55244e+006 32.8031
400405 7.55244e+006 32.8031
400405 7.55243e+006 32.8031
400405 7.55243e+006 34.14
400405 7.55243e+006 34.14
400405 7.55244e+006 34.14
400405 7.55244e+006 32.8031
400405 7.55244e+006 32.8037
400405 7.55244e+006 32.8037
400405 7.55244e+006 31.3245
400405 7.55244e+006 31.3245
400405 7.55244e+006 31.3245
400405 7.55244e+006 32.8037
400405 7.55244e+006 32.8037
400405 7.55243e+006 32.8037
400405 7.55243e+006 31.3245
400405 7.55243e+006 31.3245
400405 7.55244e+006 31.3245
400405 7.55244e+006 32.8037
400405 7.55243e+006 32.8037
400405 7.55243e+006 32.8037
400405 7.55243e+006 31.3245
400405 7.55243e+006 31.3245
400405 7.55243e+006 31.3245
400405 7.55243e+006 32.8037
400405 7.55243e+006 32.8037
400405 7.55244e+006 32.8037
400405 7.55244e+006 31.3245
400405 7.55244e+006 31.3245
400405 7.55243e+006 31.3245
400405 7.55243e+006 32.8037
400405 7.55243e+006 32.8037
400405 7.55243e+006 32.8037
400405 7.55243e+006 31.3245
400405 7.55243e+006 31.3245
400405 7.55243e+006 31.3245
400405 7.55243e+006 32.8037
400405 7.55243e+006 32.8037
400405 7.55243e+006 32.8037
400405 7.55243e+006 31.3245
400405 7.55243e+006 31.3245
400405 7.55243e+006 31.3245
400405 7.55243e+006 32.8037
400405 7.55243e+006 32.8037
400405 7.55243e+006 32.8037
400405 7.55243e+006 31.3245
400405 7.55243e+006 31.3245
400405 7.55243e+006 31.3245
400405 7.55243e+006 32.8037
400405 7.55243e+006 32.8037
400405 7.55243e+006 32.8037
400405 7.55243e+006 31.3245
400405 7.55243e+006 31.3245
400405 7.55243e+006 31.3245
400405 7.55243e+006 32.8037
400401 7.55243e+006 34.14
400401 7.55243e+006 34.14
400401 7.55244e+006 34.14
400401 7.55244e+006 34.14
400401 7.55244e+006 34.14
400401 7.55243e+006 34.14
400401 7.55243e+006 32.8031
400401 7.55243e+006 32.8031
400401 7.55243e+006 34.14
400401 7.55243e+006 34.14
400401 7.55243e+006 34.14
400401 7.55243e+006 32.8031
400401 7.55243e+006 32.8031
400401 7.55244e+006 32.8031
400401 7.55244e+006 34.14
400401 7.55244e+006 34.14
400401 7.55243e+006 34.14
400401 7.55243e+006 32.8031
400401 7.55244e+006 32.8031
400401 7.55244e+006 32.8031
400401 7.55244e+006 34.14
400401 7.55244e+006 34.14
400401 7.55244e+006 34.14
400401 7.55244e+006 32.8031
400401 7.55244e+006 32.8031
400401 7.55243e+006 32.8031
400401 7.55243e+006 34.14
400401 7.55243e+006 34.14
400401 7.55244e+006 34.14
400401 7.55244e+006 32.8031
400401 7.55244e+006 32.8038
400401 7.55244e+006 32.8038
400401 7.55244e+006 31.3245
400401 7.55244e+006 31.3245
400401 7.55244e+006 31.3245
400401 7.55244e+006 32.8038
400401 7.55244e+006 32.8038
400401 7.55243e+006 32.8038
400401 7.55243e+006 31.3245
400401 7.55243e+006 31.3245
400401 7.55244e+006 31.3245
400401 7.55244e+006 32.8038
400401 7.55243e+006 32.8038
400401 7.55243e+006 32.8038
400401 7.55243e+006 31.3245
400401 7.55243e+006 31.3245
400401 7.55243e+006 31.3245
400401 7.55243e+006 32.8038
400401 7.55243e+006 32.8038
400401 7.55244e+006 32.8038
400401 7.55244e+006 31.3245
400401 7.55244e+006 31.3245
400401 7.55243e+006 31.3245
400401 7.55243e+006 32.8038
400401 7.55243e+006 32.8038
400401 7.55243e+006 32.8038
400401 7.55243e+006 31.3245
400401 7.55243e+006 31.3245
400401 7.55243e+006 31.3245
400401 7.55243e+006 32.8038
400401 7.55243e+006 32.8038
400401 7.55243e+006 32.8038
400401 7.55243e+006 31.3245
400401 7.55243e+006 31.3245
400401 7.55243e+006 31.3245
400401 7.55243e+006 32.8038
400401 7.55243e+006 32.8038
400401 7.55243e+006 32.8038
400401 7.55243e+006 31.3245
400401 7.55243e+006 31.3245
400401 7.55243e+006 31.3245
400401 7.55243e+006 32.8038
400401 7.55243e+006 32.8038
400401 7.55243e+006 32.8038
400401 7.55243e+006 31.3245
400401 7.55243e+006 31.3245
400401 7.55243e+006 31.3245
400401 7.55243e+006 32.8038
400405 7.55244e+006 32.8031
400405 7.55244e+006 32.8031
400405 7.55243e+006 32.8031
400405 7.55243e+006 32.8031
400405 7.55243e+006 32.8031
400405 7.55244e+006 32.8031
400405 7.55244e+006 32.8037
400405 7.55244e+006 32.8037
400405 7.55243e+006 32.8037
400405 7.55243e+006 32.8037
400405 7.55243e+006 32.8037
400405 7.55244e+006 32.8037
400405 7.55243e+006 32.8037
400405 7.55243e+006 32.8037
400405 7.55243e+006 32.8037
400405 7.55243e+006 32.8037
400405 7.55243e+006 32.8037
400405 7.55243e+006 32.8037
400409 7.55244e+006 32.8031
400409 7.55244e+006 32.8031
400409 7.55243e+006 32.8031
400409 7.55243e+006 32.8031
400409 7.55243e+006 32.8031
400409 7.55244e+006 32.8031
400409 7.55244e+006 32.8031
400409 7.55244e+006 32.8031
400409 7.55243e+006 32.8031
400409 7.55243e+006 32.8031
400409 7.55243e+006 32.8031
400409 7.55244e+006 32.8031
400409 7.55243e+006 32.8031
400409 7.55243e+006 32.8031
400409 7.55243e+006 32.8031
400409 7.55243e+006 32.8031
400409 7.55243e+006 32.8031
400409 7.55243e+006 32.8031
400412 7.55244e+006 32.8031
400412 7.55243e+006 32.8031
400412 7.55243e+006 32.8031
400412 7.55243e+006 32.8031
400412 7.55244e+006 32.8031
400412 7.55244e+006 32.8031
400412 7.55243e+006 32.8006
400412 7.55243e+006 32.8006
400412 7.55243e+006 32.8006
400412 7.55243e+006 32.8006
400412 7.55243e+006 32.8006
400412 7.55243e+006 32.8006
400412 7.55243e+006 32.8006
400412 7.55243e+006 32.8006
400412 7.55244e+006 32.8006
400412 7.55244e+006 32.8006
400412 7.55244e+006 32.8006
400412 7.55243e+006 32.8006
400401 7.55244e+006 32.8038
400401 7.55244e+006 32.8038
400401 7.55243e+006 32.8038
400401 7.55243e+006 32.8038
400401 7.55243e+006 32.8038
400401 7.55244e+006 32.8038
400401 7.55243e+006 32.8038
400401 7.55243e+006 32.8038
400401 7.55243e+006 32.8038
400401 7.55243e+006 32.8038
400401 7.55243e+006 32.8038
400401 7.55243e+006 32.8038
400401 7.55244e+006 32.8031
400401 7.55244e+006 32.8031
400401 7.55243e+006 32.8031
400401 7.55243e+006 32.8031
400401 7.55243e+006 32.8031
400401 7.55244e+006 32.8031
400412 7.55243e+006 31.3245
400412 7.55243e+006 31.3245
400412 7.55244e+006 31.3245
400412 7.55244e+006 31.3245
400412 7.55244e+006 31.3245
400412 7.55243e+006 31.3245
400412 7.55243e+006 31.3245
400412 7.55243e+006 31.3245
400412 7.55243e+006 31.3245
400412 7.55243e+006 31.3245
400412 7.55243e+006 31.3245
400412 7.55243e+006 31.3245
400409 7.55243e+006 31.3245
400409 7.55243e+006 31.3245
400409 7.55244e+006 31.3245
400409 7.55244e+006 31.3245
400409 7.55244e+006 31.3245
400409 7.55243e+006 31.3245
400409 7.55243e+006 31.3245
400409 7.55243e+006 31.3245
400409 7.55243e+006 31.3245
400409 7.55243e+006 31.3245
400409 7.55243e+006 31.3245
400409 7.55243e+006 31.3245
400405 7.55243e+006 31.3245
400405 7.55243e+006 31.3245
400405 7.55244e+006 31.3245
400405 7.55244e+006 31.3245
400405 7.55244e+006 31.3245
400405 7.55243e+006 31.3245
400405 7.55243e+006 31.3245
400405 7.55243e+006 31.3245
400405 7.55243e+006 31.3245
400405 7.55243e+006 31.3245
400405 7.55243e+006 31.3245
400405 7.55243e+006 31.3245
400401 7.55243e+006 31.3245
400401 7.55243e+006 31.3245
400401 7.55244e+006 31.3245
400401 7.55244e+006 31.3245
400401 7.55244e+006 31.3245
400401 7.55243e+006 31.3245
400401 7.55243e+006 31.3245
400401 7.55243e+006 31.3245
400401 7.55243e+006 31.3245
400401 7.55243e+006 31.3245
400401 7.55243e+006 31.3245
400401 7.55243e+006 31.3245
