400314 7.55243e+006 48.0952
400310 7.55243e+006 48.0952
400310 7.55243e+006 48.0444
400310 7.55243e+006 48.0444
400314 7.55243e+006 48.0444
400314 7.55243e+006 48.0952
400310 7.55243e+006 48.0512
400310 7.55244e+006 48.0512
400314 7.55244e+006 48.0512
400314 7.55244e+006 48.0512
400314 7.55243e+006 48.0512
400310 7.55243e+006 48.0512
400310 7.55247e+006 48.0512
400310 7.55247e+006 48.102
400314 7.55247e+006 48.102
400314 7.55247e+006 48.102
400314 7.55247e+006 48.0512
400310 7.55247e+006 48.0512
400310 7.55247e+006 48.102
400310 7.55244e+006 48.102
400314 7.55244e+006 48.102
400314 7.55244e+006 48.102
400314 7.55247e+006 48.102
400310 7.55247e+006 48.102
400306 7.55243e+006 41.774
400306 7.55243e+006 41.774
400306 7.55243e+006 48.0444
400306 7.55243e+006 48.0444
400306 7.55243e+006 48.0952
400306 7.55243e+006 41.774
400306 7.55243e+006 41.774
400306 7.55244e+006 41.774
400306 7.55244e+006 48.0512
400306 7.55244e+006 48.0512
400306 7.55243e+006 48.0512
400306 7.55243e+006 41.774
400306 7.55247e+006 48.0512
400306 7.55247e+006 41.7677
400306 7.55247e+006 41.7931
400306 7.55247e+006 41.7931
400306 7.55247e+006 48.102
400306 7.55247e+006 48.0512
400306 7.55247e+006 41.7931
400306 7.55244e+006 41.774
400306 7.55244e+006 48.102
400306 7.55244e+006 48.102
400306 7.55247e+006 48.102
400306 7.55247e+006 41.7931
400314 7.55244e+006 48.0512
400314 7.55244e+006 48.102
400314 7.55243e+006 48.102
400314 7.55243e+006 48.102
400314 7.55243e+006 48.0512
400314 7.55244e+006 48.0512
400306 7.55247e+006 35.3082
400306 7.55244e+006 35.3083
400306 7.55244e+006 35.3083
400306 7.55247e+006 35.3082
400306 7.55244e+006 35.3083
400306 7.55244e+006 35.3083
400306 7.55244e+006 35.3083
400306 7.55247e+006 35.3082
400306 7.55247e+006 35.3082
400306 7.55247e+006 35.3082
400306 7.55247e+006 35.3082
400306 7.55247e+006 41.7931
400306 7.55247e+006 41.7931
400306 7.55247e+006 41.7677
400306 7.55247e+006 35.3082
400306 7.55247e+006 35.3082
400306 7.55244e+006 35.3083
400306 7.55244e+006 41.774
400306 7.55244e+006 41.774
400306 7.55247e+006 41.7931
400306 7.55247e+006 35.3082
400306 7.55247e+006 48.0512
400310 7.55247e+006 48.0512
400310 7.55244e+006 48.0512
400310 7.55244e+006 48.0512
400306 7.55244e+006 48.0512
400306 7.55247e+006 48.0512
400306 7.55243e+006 48.102
400310 7.55243e+006 48.102
400310 7.55244e+006 48.102
400310 7.55244e+006 48.102
400306 7.55244e+006 48.102
400306 7.55243e+006 48.102
400306 7.55247e+006 41.7677
400306 7.55247e+006 48.0512
400306 7.55244e+006 48.0512
400306 7.55244e+006 48.0512
400306 7.55244e+006 41.774
400306 7.55247e+006 41.7677
400306 7.55243e+006 41.774
400306 7.55243e+006 48.102
400306 7.55244e+006 48.102
400306 7.55244e+006 48.102
400306 7.55244e+006 41.774
400306 7.55243e+006 41.774
400314 7.55247e+006 48.0512
400314 7.55247e+006 48.102
400314 7.55244e+006 48.102
400314 7.55244e+006 48.102
400314 7.55244e+006 48.0512
400314 7.55247e+006 48.0512
400306 7.55247e+006 35.3082
400306 7.55247e+006 41.7677
400306 7.55244e+006 41.774
400306 7.55244e+006 41.774
400306 7.55244e+006 35.3083
400306 7.55247e+006 35.3082
400306 7.55243e+006 41.774
400306 7.55244e+006 41.774
400306 7.55244e+006 41.774
400306 7.55244e+006 41.774
400306 7.55243e+006 41.774
400306 7.55243e+006 41.774
400306 7.55244e+006 41.774
400306 7.55244e+006 35.3083
400306 7.55244e+006 35.3083
400306 7.55244e+006 35.3083
400306 7.55244e+006 35.3083
400306 7.55244e+006 41.774
400306 7.55244e+006 41.774
400306 7.55244e+006 35.3083
400306 7.55244e+006 41.774
400310 7.55243e+006 48.0952
400306 7.55243e+006 48.0952
400306 7.55243e+006 48.0444
400306 7.55243e+006 48.0444
400310 7.55243e+006 48.0444
400310 7.55243e+006 48.0952
400306 7.55243e+006 48.0512
400306 7.55244e+006 48.0512
400310 7.55244e+006 48.0512
400310 7.55244e+006 48.0512
400310 7.55243e+006 48.0512
400306 7.55243e+006 48.0512
400306 7.55247e+006 48.0512
400306 7.55247e+006 48.102
400310 7.55247e+006 48.102
400310 7.55247e+006 48.102
400310 7.55247e+006 48.0512
400306 7.55247e+006 48.0512
400306 7.55247e+006 48.102
400306 7.55244e+006 48.102
400310 7.55244e+006 48.102
400310 7.55244e+006 48.102
400310 7.55247e+006 48.102
400306 7.55247e+006 48.102
400314 7.55247e+006 48.0512
400314 7.55244e+006 48.0512
400310 7.55244e+006 48.0512
400310 7.55244e+006 48.0512
400310 7.55247e+006 48.0512
400314 7.55247e+006 48.0512
400314 7.55243e+006 48.102
400314 7.55244e+006 48.102
400310 7.55244e+006 48.102
400310 7.55244e+006 48.102
400310 7.55243e+006 48.102
400314 7.55243e+006 48.102
400314 7.55243e+006 48.102
400310 7.55243e+006 48.102
400310 7.55243e+006 48.0952
400310 7.55243e+006 48.0952
400314 7.55243e+006 48.0952
400314 7.55243e+006 48.102
400310 7.55243e+006 48.102
400306 7.55243e+006 48.102
400306 7.55243e+006 48.0952
400306 7.55243e+006 48.0952
400310 7.55243e+006 48.0952
400310 7.55243e+006 48.102
400306 7.55243e+006 48.102
400306 7.55243e+006 41.774
400306 7.55243e+006 41.774
400306 7.55243e+006 41.774
400306 7.55243e+006 48.0952
400306 7.55243e+006 48.102
400306 7.55243e+006 41.774
400306 7.55243e+006 41.774
400306 7.55243e+006 41.774
400306 7.55243e+006 41.774
400306 7.55243e+006 41.774
400306 7.55243e+006 41.774
400306 7.55243e+006 41.774
400310 7.55243e+006 41.774
400310 7.55243e+006 41.774
400310 7.55243e+006 41.774
400306 7.55243e+006 41.774
400306 7.55243e+006 41.774
400310 7.55243e+006 48.0512
400314 7.55243e+006 48.0512
400314 7.55243e+006 48.0444
400314 7.55243e+006 48.0444
400310 7.55243e+006 48.0444
400310 7.55243e+006 48.0512
400314 7.55243e+006 48.0512
400314 7.55243e+006 48.102
400314 7.55243e+006 48.0952
400314 7.55243e+006 48.0952
400314 7.55243e+006 48.0444
400314 7.55243e+006 48.0512
400306 7.55247e+006 35.3082
400306 7.55247e+006 41.7677
400306 7.55247e+006 41.7677
400306 7.55247e+006 41.7677
400306 7.55247e+006 35.3082
400306 7.55247e+006 35.3082
400306 7.55247e+006 41.7677
400306 7.55244e+006 41.774
400306 7.55244e+006 41.774
400306 7.55244e+006 41.774
400306 7.55247e+006 41.7677
400306 7.55247e+006 41.7677
400306 7.55244e+006 41.774
400306 7.55244e+006 35.3083
400306 7.55244e+006 35.3083
400306 7.55244e+006 35.3083
400306 7.55244e+006 41.774
400306 7.55244e+006 41.774
400306 7.55244e+006 35.3083
400306 7.55247e+006 35.3082
400306 7.55247e+006 35.3082
400306 7.55247e+006 35.3082
400306 7.55244e+006 35.3083
400306 7.55244e+006 35.3083
400306 7.55243e+006 48.0512
400310 7.55243e+006 48.0512
400310 7.55243e+006 41.774
400310 7.55243e+006 41.774
400306 7.55243e+006 41.774
400306 7.55243e+006 48.0512
400310 7.55243e+006 48.0512
400310 7.55243e+006 48.0444
400310 7.55243e+006 41.774
400310 7.55243e+006 41.774
400310 7.55243e+006 41.774
400310 7.55243e+006 48.0512
400310 7.55243e+006 48.0444
400306 7.55243e+006 48.0444
400306 7.55243e+006 41.774
400306 7.55243e+006 41.774
400310 7.55243e+006 41.774
400310 7.55243e+006 48.0444
