405439 7.55479e+006 21.657
405439 7.55479e+006 21.6459
405439 7.55479e+006 21.5853
405439 7.55479e+006 21.5853
405439 7.55479e+006 21.5936
405439 7.55479e+006 21.657
405439 7.55479e+006 21.6459
405439 7.55479e+006 21.6349
405439 7.55479e+006 21.577
405439 7.55479e+006 21.577
405439 7.55479e+006 21.5853
405439 7.55479e+006 21.6459
405439 7.55479e+006 21.6349
405439 7.55479e+006 21.6459
405439 7.55479e+006 21.5853
405439 7.55479e+006 21.5853
405439 7.55479e+006 21.577
405439 7.55479e+006 21.6349
405439 7.55479e+006 21.6459
405439 7.55479e+006 21.657
405439 7.55479e+006 21.5936
405439 7.55479e+006 21.5936
405439 7.55479e+006 21.5853
405439 7.55479e+006 21.6459
405439 7.55479e+006 21.5936
405439 7.55479e+006 21.5853
405439 7.55479e+006 21.5123
405439 7.55479e+006 21.5123
405439 7.55479e+006 21.5173
405439 7.55479e+006 21.5936
405439 7.55479e+006 21.5853
405439 7.55479e+006 21.577
405439 7.55479e+006 21.5074
405439 7.55479e+006 21.5074
405439 7.55479e+006 21.5123
405439 7.55479e+006 21.5853
405439 7.55479e+006 21.577
405439 7.55479e+006 21.5853
405439 7.55479e+006 21.5123
405439 7.55479e+006 21.5123
405439 7.55479e+006 21.5074
405439 7.55479e+006 21.577
405439 7.55479e+006 21.5853
405439 7.55479e+006 21.5936
405439 7.55479e+006 21.5173
405439 7.55479e+006 21.5173
405439 7.55479e+006 21.5123
405439 7.55479e+006 21.5853
405439 7.55479e+006 21.5173
405439 7.55479e+006 21.5123
405439 7.55479e+006 21.432
405439 7.55479e+006 21.432
405439 7.55479e+006 21.4333
405439 7.55479e+006 21.5173
405439 7.55479e+006 21.5123
405439 7.55479e+006 21.5074
405439 7.55479e+006 21.4308
405439 7.55479e+006 21.4308
405439 7.55479e+006 21.432
405439 7.55479e+006 21.5123
405439 7.55479e+006 21.5074
405439 7.55479e+006 21.5123
405439 7.55479e+006 21.432
405439 7.55479e+006 21.432
405439 7.55479e+006 21.4308
405439 7.55479e+006 21.5074
405439 7.55479e+006 21.5123
405439 7.55479e+006 21.5173
405439 7.55479e+006 21.4333
405439 7.55479e+006 21.4333
405439 7.55479e+006 21.432
405439 7.55479e+006 21.5123
405439 7.55479e+006 21.4333
405439 7.55479e+006 21.432
405439 7.55479e+006 21.3498
405439 7.55479e+006 21.3498
405439 7.55479e+006 21.3473
405439 7.55479e+006 21.4333
405439 7.55479e+006 21.432
405439 7.55479e+006 21.4308
405439 7.55479e+006 21.3523
405439 7.55479e+006 21.3523
405439 7.55479e+006 21.3498
405439 7.55479e+006 21.432
405439 7.55479e+006 21.4308
405439 7.55479e+006 21.432
405439 7.55479e+006 21.3498
405439 7.55479e+006 21.3498
405439 7.55479e+006 21.3523
405439 7.55479e+006 21.4308
405439 7.55479e+006 21.432
405439 7.55479e+006 21.4333
405439 7.55479e+006 21.3473
405439 7.55479e+006 21.3473
405439 7.55479e+006 21.3498
405439 7.55479e+006 21.432
405439 7.55479e+006 21.3473
405439 7.55479e+006 21.3498
405439 7.55479e+006 21.2714
405439 7.55479e+006 21.2714
405439 7.55479e+006 21.2653
405439 7.55479e+006 21.3473
405439 7.55479e+006 21.3498
405439 7.55479e+006 21.3523
405439 7.55479e+006 21.2775
405439 7.55479e+006 21.2775
405439 7.55479e+006 21.2714
405439 7.55479e+006 21.3498
405439 7.55479e+006 21.3523
405439 7.55479e+006 21.3498
405439 7.55479e+006 21.2714
405439 7.55479e+006 21.2714
405439 7.55479e+006 21.2775
405439 7.55479e+006 21.3523
405439 7.55479e+006 21.3498
405439 7.55479e+006 21.3473
405439 7.55479e+006 21.2653
405439 7.55479e+006 21.2653
405439 7.55479e+006 21.2714
405439 7.55479e+006 21.3498
405439 7.55479e+006 21.2653
405439 7.55479e+006 21.2714
405439 7.55479e+006 21.202
405439 7.55479e+006 21.202
405439 7.55479e+006 21.1927
405439 7.55479e+006 21.2653
405439 7.55479e+006 21.2714
405439 7.55479e+006 21.2775
405439 7.55479e+006 21.2113
405439 7.55479e+006 21.2113
405439 7.55479e+006 21.202
405439 7.55479e+006 21.2714
405439 7.55479e+006 21.2775
405439 7.55479e+006 21.2714
405439 7.55479e+006 21.202
405439 7.55479e+006 21.202
405439 7.55479e+006 21.2113
405439 7.55479e+006 21.2775
405439 7.55479e+006 21.2714
405439 7.55479e+006 21.2653
405439 7.55479e+006 21.1927
405439 7.55479e+006 21.1927
405439 7.55479e+006 21.202
405439 7.55479e+006 21.2714
405439 7.55479e+006 21.1927
405439 7.55479e+006 21.202
405439 7.55479e+006 21.1464
405439 7.55479e+006 21.1464
405439 7.55479e+006 21.1346
405439 7.55479e+006 21.1927
405439 7.55479e+006 21.202
405439 7.55479e+006 21.2113
405439 7.55479e+006 21.1582
405439 7.55479e+006 21.1582
405439 7.55479e+006 21.1464
405439 7.55479e+006 21.202
405439 7.55479e+006 21.2113
405439 7.55479e+006 21.202
405439 7.55479e+006 21.1464
405439 7.55479e+006 21.1464
405439 7.55479e+006 21.1582
405439 7.55479e+006 21.2113
405439 7.55479e+006 21.202
405439 7.55479e+006 21.1927
405439 7.55479e+006 21.1346
405439 7.55479e+006 21.1346
405439 7.55479e+006 21.1464
405439 7.55479e+006 21.202
405439 7.55479e+006 21.1346
405439 7.55479e+006 21.1464
405439 7.55479e+006 21.1084
405439 7.55479e+006 21.1084
405439 7.55479e+006 21.0949
405439 7.55479e+006 21.1346
405439 7.55479e+006 21.1464
405439 7.55479e+006 21.1582
405439 7.55479e+006 21.122
405439 7.55479e+006 21.122
405439 7.55479e+006 21.1084
405439 7.55479e+006 21.1464
405439 7.55479e+006 21.1582
405439 7.55479e+006 21.1464
405439 7.55479e+006 21.1084
405439 7.55479e+006 21.1084
405439 7.55479e+006 21.122
405439 7.55479e+006 21.1582
405439 7.55479e+006 21.1464
405439 7.55479e+006 21.1346
405439 7.55479e+006 21.0949
405439 7.55479e+006 21.0949
405439 7.55479e+006 21.1084
405439 7.55479e+006 21.1464
405439 7.55479e+006 21.0949
405439 7.55479e+006 21.1084
405439 7.55479e+006 21.0906
405439 7.55479e+006 21.0906
405439 7.55479e+006 21.0762
405439 7.55479e+006 21.0949
405439 7.55479e+006 21.1084
405439 7.55479e+006 21.122
405439 7.55479e+006 21.105
405439 7.55479e+006 21.105
405439 7.55479e+006 21.0906
405439 7.55479e+006 21.1084
405439 7.55479e+006 21.122
405439 7.55479e+006 21.1084
405439 7.55479e+006 21.0906
405439 7.55479e+006 21.0906
405439 7.55479e+006 21.105
405439 7.55479e+006 21.122
405439 7.55479e+006 21.1084
405439 7.55479e+006 21.0949
405439 7.55479e+006 21.0762
405439 7.55479e+006 21.0762
405439 7.55479e+006 21.0906
405439 7.55479e+006 21.1084
405439 7.55479e+006 21.0762
405439 7.55479e+006 21.0906
405439 7.55479e+006 21.0942
405439 7.55479e+006 21.0942
405439 7.55479e+006 21.08
405439 7.55479e+006 21.0762
405439 7.55479e+006 21.0906
405439 7.55479e+006 21.105
405439 7.55479e+006 21.1084
405439 7.55479e+006 21.1084
405439 7.55479e+006 21.0942
405439 7.55479e+006 21.0906
405439 7.55479e+006 21.105
405439 7.55479e+006 21.0906
405439 7.55479e+006 21.0942
405439 7.55479e+006 21.0942
405439 7.55479e+006 21.1084
405439 7.55479e+006 21.105
405439 7.55479e+006 21.0906
405439 7.55479e+006 21.0762
405439 7.55479e+006 21.08
405439 7.55479e+006 21.08
405439 7.55479e+006 21.0942
405439 7.55479e+006 21.0906
405439 7.55479e+006 21.08
405439 7.55479e+006 21.0942
405439 7.55479e+006 21.1189
405439 7.55479e+006 21.1189
405439 7.55479e+006 21.1059
405439 7.55479e+006 21.08
405439 7.55479e+006 21.0942
405439 7.55479e+006 21.1084
405439 7.55479e+006 21.132
405439 7.55479e+006 21.132
405439 7.55479e+006 21.1189
405439 7.55479e+006 21.0942
405439 7.55479e+006 21.1084
405439 7.55479e+006 21.0942
405439 7.55479e+006 21.1189
405439 7.55479e+006 21.1189
405439 7.55479e+006 21.132
405439 7.55479e+006 21.1084
405439 7.55479e+006 21.0942
405439 7.55479e+006 21.08
405439 7.55479e+006 21.1059
405439 7.55479e+006 21.1059
405439 7.55479e+006 21.1189
405439 7.55479e+006 21.0942
405439 7.55479e+006 21.1059
405439 7.55479e+006 21.1189
405439 7.55479e+006 21.1631
405439 7.55479e+006 21.1631
405439 7.55479e+006 21.1521
405439 7.55479e+006 21.1059
405439 7.55479e+006 21.1189
405439 7.55479e+006 21.132
405439 7.55479e+006 21.1742
405439 7.55479e+006 21.1742
405439 7.55479e+006 21.1631
405439 7.55479e+006 21.1189
405439 7.55479e+006 21.132
405439 7.55479e+006 21.1189
405439 7.55479e+006 21.1631
405439 7.55479e+006 21.1631
405439 7.55479e+006 21.1742
405439 7.55479e+006 21.132
405439 7.55479e+006 21.1189
405439 7.55479e+006 21.1059
405439 7.55479e+006 21.1521
405439 7.55479e+006 21.1521
405439 7.55479e+006 21.1631
405439 7.55479e+006 21.1189
405439 7.55479e+006 21.1521
405439 7.55479e+006 21.1631
405439 7.55479e+006 21.2238
405439 7.55479e+006 21.2238
405439 7.55479e+006 21.2155
405439 7.55479e+006 21.1521
405439 7.55479e+006 21.1631
405439 7.55479e+006 21.1742
405439 7.55479e+006 21.2321
405439 7.55479e+006 21.2321
405439 7.55479e+006 21.2238
405439 7.55479e+006 21.1631
405439 7.55479e+006 21.1742
405439 7.55479e+006 21.1631
405439 7.55479e+006 21.2238
405439 7.55479e+006 21.2238
405439 7.55479e+006 21.2321
405439 7.55479e+006 21.1742
405439 7.55479e+006 21.1631
405439 7.55479e+006 21.1521
405439 7.55479e+006 21.2155
405439 7.55479e+006 21.2155
405439 7.55479e+006 21.2238
405439 7.55479e+006 21.1631
405439 7.55479e+006 21.2155
405439 7.55479e+006 21.2238
405439 7.55479e+006 21.2968
405439 7.55479e+006 21.2968
405439 7.55479e+006 21.2918
405439 7.55479e+006 21.2155
405439 7.55479e+006 21.2238
405439 7.55479e+006 21.2321
405439 7.55479e+006 21.3017
405439 7.55479e+006 21.3017
405439 7.55479e+006 21.2968
405439 7.55479e+006 21.2238
405439 7.55479e+006 21.2321
405439 7.55479e+006 21.2238
405439 7.55479e+006 21.2968
405439 7.55479e+006 21.2968
405439 7.55479e+006 21.3017
405439 7.55479e+006 21.2321
405439 7.55479e+006 21.2238
405439 7.55479e+006 21.2155
405439 7.55479e+006 21.2918
405439 7.55479e+006 21.2918
405439 7.55479e+006 21.2968
405439 7.55479e+006 21.2238
405439 7.55479e+006 21.2918
405439 7.55479e+006 21.2968
405438 7.55479e+006 21.3771
405438 7.55479e+006 21.3771
405438 7.55479e+006 21.3758
405439 7.55479e+006 21.2918
405439 7.55479e+006 21.2968
405439 7.55479e+006 21.3017
405439 7.55479e+006 21.3783
405439 7.55479e+006 21.3783
405438 7.55479e+006 21.3771
405439 7.55479e+006 21.2968
405439 7.55479e+006 21.3017
405439 7.55479e+006 21.2968
405439 7.55479e+006 21.3771
405439 7.55479e+006 21.3771
405439 7.55479e+006 21.3783
405439 7.55479e+006 21.3017
405439 7.55479e+006 21.2968
405439 7.55479e+006 21.2918
405438 7.55479e+006 21.3758
405438 7.55479e+006 21.3758
405439 7.55479e+006 21.3771
405439 7.55479e+006 21.2968
405438 7.55479e+006 21.3758
405438 7.55479e+006 21.3771
405438 7.55479e+006 21.4593
405438 7.55479e+006 21.4593
405438 7.55479e+006 21.4618
405438 7.55479e+006 21.3758
405438 7.55479e+006 21.3771
405439 7.55479e+006 21.3783
405439 7.55479e+006 21.4568
405439 7.55479e+006 21.4568
405438 7.55479e+006 21.4593
405438 7.55479e+006 21.3771
405439 7.55479e+006 21.3783
405439 7.55479e+006 21.3771
405439 7.55479e+006 21.4593
405439 7.55479e+006 21.4593
405439 7.55479e+006 21.4568
405439 7.55479e+006 21.3783
405439 7.55479e+006 21.3771
405438 7.55479e+006 21.3758
405438 7.55479e+006 21.4618
405438 7.55479e+006 21.4618
405439 7.55479e+006 21.4593
405439 7.55479e+006 21.3771
405438 7.55479e+006 21.4618
405438 7.55479e+006 21.4593
405439 7.55479e+006 21.5377
405439 7.55479e+006 21.5377
405439 7.55479e+006 21.5438
405438 7.55479e+006 21.4618
405438 7.55479e+006 21.4593
405439 7.55479e+006 21.4568
405439 7.55479e+006 21.5316
405439 7.55479e+006 21.5316
405439 7.55479e+006 21.5377
405438 7.55479e+006 21.4593
405439 7.55479e+006 21.4568
405439 7.55479e+006 21.4593
405439 7.55479e+006 21.5377
405439 7.55479e+006 21.5377
405439 7.55479e+006 21.5316
405439 7.55479e+006 21.4568
405439 7.55479e+006 21.4593
405438 7.55479e+006 21.4618
405439 7.55479e+006 21.5438
405439 7.55479e+006 21.5438
405439 7.55479e+006 21.5377
405439 7.55479e+006 21.4593
405439 7.55479e+006 21.5438
405439 7.55479e+006 21.5377
405439 7.55479e+006 21.6071
405439 7.55479e+006 21.6071
405439 7.55479e+006 21.6164
405439 7.55479e+006 21.5438
405439 7.55479e+006 21.5377
405439 7.55479e+006 21.5316
405439 7.55479e+006 21.5978
405439 7.55479e+006 21.5978
405439 7.55479e+006 21.6071
405439 7.55479e+006 21.5377
405439 7.55479e+006 21.5316
405439 7.55479e+006 21.5377
405439 7.55479e+006 21.6071
405439 7.55479e+006 21.6071
405439 7.55479e+006 21.5978
405439 7.55479e+006 21.5316
405439 7.55479e+006 21.5377
405439 7.55479e+006 21.5438
405439 7.55479e+006 21.6164
405439 7.55479e+006 21.6164
405439 7.55479e+006 21.6071
405439 7.55479e+006 21.5377
405439 7.55479e+006 21.6164
405439 7.55479e+006 21.6071
405439 7.55479e+006 21.6627
405439 7.55479e+006 21.6627
405439 7.55479e+006 21.6745
405439 7.55479e+006 21.6164
405439 7.55479e+006 21.6071
405439 7.55479e+006 21.5978
405439 7.55479e+006 21.6509
405439 7.55479e+006 21.6509
405439 7.55479e+006 21.6627
405439 7.55479e+006 21.6071
405439 7.55479e+006 21.5978
405439 7.55479e+006 21.6071
405439 7.55479e+006 21.6627
405439 7.55479e+006 21.6627
405439 7.55479e+006 21.6509
405439 7.55479e+006 21.5978
405439 7.55479e+006 21.6071
405439 7.55479e+006 21.6164
405439 7.55479e+006 21.6745
405439 7.55479e+006 21.6745
405439 7.55479e+006 21.6627
405439 7.55479e+006 21.6071
405439 7.55479e+006 21.6745
405439 7.55479e+006 21.6627
405439 7.55479e+006 21.7007
405439 7.55479e+006 21.7007
405439 7.55479e+006 21.7142
405439 7.55479e+006 21.6745
405439 7.55479e+006 21.6627
405439 7.55479e+006 21.6509
405439 7.55479e+006 21.6871
405439 7.55479e+006 21.6871
405439 7.55479e+006 21.7007
405439 7.55479e+006 21.6627
405439 7.55479e+006 21.6509
405439 7.55479e+006 21.6627
405439 7.55479e+006 21.7007
405439 7.55479e+006 21.7007
405439 7.55479e+006 21.6871
405439 7.55479e+006 21.6509
405439 7.55479e+006 21.6627
405439 7.55479e+006 21.6745
405439 7.55479e+006 21.7142
405439 7.55479e+006 21.7142
405439 7.55479e+006 21.7007
405439 7.55479e+006 21.6627
405439 7.55479e+006 21.7142
405439 7.55479e+006 21.7007
405439 7.55479e+006 21.7185
405439 7.55479e+006 21.7185
405439 7.55479e+006 21.7329
405439 7.55479e+006 21.7142
405439 7.55479e+006 21.7007
405439 7.55479e+006 21.6871
405439 7.55479e+006 21.7041
405439 7.55479e+006 21.7041
405439 7.55479e+006 21.7185
405439 7.55479e+006 21.7007
405439 7.55479e+006 21.6871
405439 7.55479e+006 21.7007
405439 7.55479e+006 21.7185
405439 7.55479e+006 21.7185
405439 7.55479e+006 21.7041
405439 7.55479e+006 21.6871
405439 7.55479e+006 21.7007
405439 7.55479e+006 21.7142
405439 7.55479e+006 21.7329
405439 7.55479e+006 21.7329
405439 7.55479e+006 21.7185
405439 7.55479e+006 21.7007
405439 7.55479e+006 21.7329
405439 7.55479e+006 21.7185
405439 7.55479e+006 21.7149
405439 7.55479e+006 21.7149
405439 7.55479e+006 21.7291
405439 7.55479e+006 21.7329
405439 7.55479e+006 21.7185
405439 7.55479e+006 21.7041
405439 7.55479e+006 21.7007
405439 7.55479e+006 21.7007
405439 7.55479e+006 21.7149
405439 7.55479e+006 21.7185
405439 7.55479e+006 21.7041
405439 7.55479e+006 21.7185
405439 7.55479e+006 21.7149
405439 7.55479e+006 21.7149
405439 7.55479e+006 21.7007
405439 7.55479e+006 21.7041
405439 7.55479e+006 21.7185
405439 7.55479e+006 21.7329
405439 7.55479e+006 21.7291
405439 7.55479e+006 21.7291
405439 7.55479e+006 21.7149
405439 7.55479e+006 21.7185
405439 7.55479e+006 21.7291
405439 7.55479e+006 21.7149
405439 7.55479e+006 21.6902
405439 7.55479e+006 21.6902
405439 7.55479e+006 21.7032
405439 7.55479e+006 21.7291
405439 7.55479e+006 21.7149
405439 7.55479e+006 21.7007
405439 7.55479e+006 21.6771
405439 7.55479e+006 21.6771
405439 7.55479e+006 21.6902
405439 7.55479e+006 21.7149
405439 7.55479e+006 21.7007
405439 7.55479e+006 21.7149
405439 7.55479e+006 21.6902
405439 7.55479e+006 21.6902
405439 7.55479e+006 21.6771
405439 7.55479e+006 21.7007
405439 7.55479e+006 21.7149
405439 7.55479e+006 21.7291
405439 7.55479e+006 21.7032
405439 7.55479e+006 21.7032
405439 7.55479e+006 21.6902
405439 7.55479e+006 21.7149
405439 7.55479e+006 21.7032
405439 7.55479e+006 21.6902
405439 7.55479e+006 21.6459
405439 7.55479e+006 21.6459
405439 7.55479e+006 21.657
405439 7.55479e+006 21.7032
405439 7.55479e+006 21.6902
405439 7.55479e+006 21.6771
405439 7.55479e+006 21.6349
405439 7.55479e+006 21.6349
405439 7.55479e+006 21.6459
405439 7.55479e+006 21.6902
405439 7.55479e+006 21.6771
405439 7.55479e+006 21.6902
405439 7.55479e+006 21.6459
405439 7.55479e+006 21.6459
405439 7.55479e+006 21.6349
405439 7.55479e+006 21.6771
405439 7.55479e+006 21.6902
405439 7.55479e+006 21.7032
405439 7.55479e+006 21.657
405439 7.55479e+006 21.657
405439 7.55479e+006 21.6459
405439 7.55479e+006 21.6902
405439 7.55479e+006 21.2096
405439 7.55479e+006 21.387
405439 7.55479e+006 21.3787
405439 7.55479e+006 21.3787
405439 7.55479e+006 21.2014
405439 7.55479e+006 21.2096
405439 7.55479e+006 21.2096
405439 7.55479e+006 21.2094
405439 7.55479e+006 21.3868
405439 7.55479e+006 21.3868
405439 7.55479e+006 21.387
405439 7.55479e+006 21.2096
405439 7.55479e+006 21.2094
405439 7.55479e+006 21.201
405439 7.55479e+006 21.3784
405439 7.55479e+006 21.3784
405439 7.55479e+006 21.3868
405439 7.55479e+006 21.2094
405439 7.55479e+006 21.201
405439 7.55479e+006 21.196
405439 7.55479e+006 21.3734
405439 7.55479e+006 21.3734
405439 7.55479e+006 21.3784
405439 7.55479e+006 21.201
405439 7.55479e+006 21.196
405439 7.55479e+006 21.2014
405439 7.55479e+006 21.3787
405439 7.55479e+006 21.3787
405439 7.55479e+006 21.3734
405439 7.55479e+006 21.196
405439 7.55479e+006 21.1672
405439 7.55479e+006 21.3782
405439 7.55479e+006 21.3852
405439 7.55479e+006 21.3852
405439 7.55479e+006 21.1741
405439 7.55479e+006 21.1672
405439 7.55479e+006 21.1617
405439 7.55479e+006 21.3728
405439 7.55479e+006 21.3782
405439 7.55479e+006 21.3782
405439 7.55479e+006 21.1672
405439 7.55479e+006 21.1617
405439 7.55479e+006 21.1653
405439 7.55479e+006 21.3763
405439 7.55479e+006 21.3728
405439 7.55479e+006 21.3728
405439 7.55479e+006 21.1617
405439 7.55479e+006 21.1653
405439 7.55479e+006 21.173
405439 7.55479e+006 21.384
405439 7.55479e+006 21.3763
405439 7.55479e+006 21.3763
405439 7.55479e+006 21.1653
405439 7.55479e+006 21.173
405439 7.55479e+006 21.1741
405439 7.55479e+006 21.3852
405439 7.55479e+006 21.384
405439 7.55479e+006 21.384
405439 7.55479e+006 21.173
405439 7.55479e+006 21.1741
405439 7.55479e+006 21.6003
405439 7.55479e+006 21.4238
405439 7.55479e+006 21.4322
405439 7.55479e+006 21.4322
405439 7.55479e+006 21.6087
405439 7.55479e+006 21.6003
405439 7.55479e+006 21.6087
405439 7.55479e+006 21.4322
405439 7.55479e+006 21.4324
405439 7.55479e+006 21.4324
405439 7.55479e+006 21.6089
405439 7.55479e+006 21.6087
405439 7.55479e+006 21.6089
405439 7.55479e+006 21.4324
405439 7.55479e+006 21.4241
405439 7.55479e+006 21.4241
405439 7.55479e+006 21.6007
405439 7.55479e+006 21.6089
405439 7.55479e+006 21.6007
405439 7.55479e+006 21.4241
405439 7.55479e+006 21.4188
405439 7.55479e+006 21.4188
405439 7.55479e+006 21.5953
405439 7.55479e+006 21.6007
405439 7.55479e+006 21.5953
405439 7.55479e+006 21.4188
405439 7.55479e+006 21.4238
405439 7.55479e+006 21.4238
405439 7.55479e+006 21.6003
405439 7.55479e+006 21.5953
405439 7.55479e+006 21.4238
405439 7.55479e+006 21.4188
405439 7.55479e+006 21.4241
405439 7.55479e+006 21.4238
405439 7.55479e+006 21.4241
405439 7.55479e+006 21.4324
405439 7.55479e+006 21.4238
405439 7.55479e+006 21.4324
405439 7.55479e+006 21.4322
405439 7.55479e+006 21.438
405439 7.55479e+006 21.4341
405439 7.55479e+006 21.4214
405439 7.55479e+006 21.4214
405439 7.55479e+006 21.4237
405439 7.55479e+006 21.438
405439 7.55479e+006 21.4341
405439 7.55479e+006 21.4278
405439 7.55479e+006 21.4178
405439 7.55479e+006 21.4178
405439 7.55479e+006 21.4214
405439 7.55479e+006 21.4341
405439 7.55479e+006 21.4278
405439 7.55479e+006 21.4278
405439 7.55479e+006 21.4178
405439 7.55479e+006 21.4178
405439 7.55479e+006 21.4178
405439 7.55479e+006 21.4278
405439 7.55479e+006 21.4278
405439 7.55479e+006 21.4341
405439 7.55479e+006 21.4214
405439 7.55479e+006 21.4214
405439 7.55479e+006 21.4178
405439 7.55479e+006 21.4278
405439 7.55479e+006 21.4341
405439 7.55479e+006 21.438
405439 7.55479e+006 21.4237
405439 7.55479e+006 21.4237
405439 7.55479e+006 21.4214
405439 7.55479e+006 21.4341
405439 7.55479e+006 21.4237
405439 7.55479e+006 21.4214
405439 7.55479e+006 21.4059
405439 7.55479e+006 21.4059
405439 7.55479e+006 21.4061
405439 7.55479e+006 21.4237
405439 7.55479e+006 21.4214
405439 7.55479e+006 21.4178
405439 7.55479e+006 21.4056
405439 7.55479e+006 21.4056
405439 7.55479e+006 21.4059
405439 7.55479e+006 21.4214
405439 7.55479e+006 21.4178
405439 7.55479e+006 21.4178
405439 7.55479e+006 21.4056
405439 7.55479e+006 21.4056
405439 7.55479e+006 21.4056
405439 7.55479e+006 21.4178
405439 7.55479e+006 21.4178
405439 7.55479e+006 21.4214
405439 7.55479e+006 21.4059
405439 7.55479e+006 21.4059
405439 7.55479e+006 21.4056
405439 7.55479e+006 21.4178
405439 7.55479e+006 21.4214
405439 7.55479e+006 21.4237
405439 7.55479e+006 21.4061
405439 7.55479e+006 21.4061
405439 7.55479e+006 21.4059
405439 7.55479e+006 21.4214
405439 7.55479e+006 21.4061
405439 7.55479e+006 21.4059
405439 7.55479e+006 21.3901
405439 7.55479e+006 21.3901
405439 7.55479e+006 21.3882
405439 7.55479e+006 21.4061
405439 7.55479e+006 21.4059
405439 7.55479e+006 21.4056
405439 7.55479e+006 21.3932
405439 7.55479e+006 21.3932
405439 7.55479e+006 21.3901
405439 7.55479e+006 21.4059
405439 7.55479e+006 21.4056
405439 7.55479e+006 21.4056
405439 7.55479e+006 21.3932
405439 7.55479e+006 21.3932
405439 7.55479e+006 21.3932
405439 7.55479e+006 21.4056
405439 7.55479e+006 21.4056
405439 7.55479e+006 21.4059
405439 7.55479e+006 21.3901
405439 7.55479e+006 21.3901
405439 7.55479e+006 21.3932
405439 7.55479e+006 21.4056
405439 7.55479e+006 21.4059
405439 7.55479e+006 21.4061
405439 7.55479e+006 21.3882
405439 7.55479e+006 21.3882
405439 7.55479e+006 21.3901
405439 7.55479e+006 21.4059
405439 7.55479e+006 21.3882
405439 7.55479e+006 21.3901
405439 7.55479e+006 21.3768
405439 7.55479e+006 21.3768
405439 7.55479e+006 21.3731
405439 7.55479e+006 21.3882
405439 7.55479e+006 21.3901
405439 7.55479e+006 21.3932
405439 7.55479e+006 21.3827
405439 7.55479e+006 21.3827
405439 7.55479e+006 21.3768
405439 7.55479e+006 21.3901
405439 7.55479e+006 21.3932
405439 7.55479e+006 21.3932
405439 7.55479e+006 21.3827
405439 7.55479e+006 21.3827
405439 7.55479e+006 21.3827
405439 7.55479e+006 21.3932
405439 7.55479e+006 21.3932
405439 7.55479e+006 21.3901
405439 7.55479e+006 21.3768
405439 7.55479e+006 21.3768
405439 7.55479e+006 21.3827
405439 7.55479e+006 21.3932
405439 7.55479e+006 21.3901
405439 7.55479e+006 21.3882
405439 7.55479e+006 21.3731
405439 7.55479e+006 21.3731
405439 7.55479e+006 21.3768
405439 7.55479e+006 21.3901
405439 7.55479e+006 21.3731
405439 7.55479e+006 21.3768
405439 7.55479e+006 21.3683
405439 7.55479e+006 21.3683
405439 7.55479e+006 21.3635
405439 7.55479e+006 21.3731
405439 7.55479e+006 21.3768
405439 7.55479e+006 21.3827
405439 7.55479e+006 21.3761
405439 7.55479e+006 21.3761
405439 7.55479e+006 21.3683
405439 7.55479e+006 21.3768
405439 7.55479e+006 21.3827
405439 7.55479e+006 21.3827
405439 7.55479e+006 21.3761
405439 7.55479e+006 21.3761
405439 7.55479e+006 21.3761
405439 7.55479e+006 21.3827
405439 7.55479e+006 21.3827
405439 7.55479e+006 21.3768
405439 7.55479e+006 21.3683
405439 7.55479e+006 21.3683
405439 7.55479e+006 21.3761
405439 7.55479e+006 21.3827
405439 7.55479e+006 21.3768
405439 7.55479e+006 21.3731
405439 7.55479e+006 21.3635
405439 7.55479e+006 21.3635
405439 7.55479e+006 21.3683
405439 7.55479e+006 21.3768
405439 7.55479e+006 21.3635
405439 7.55479e+006 21.3683
405439 7.55479e+006 21.3661
405439 7.55479e+006 21.3661
405439 7.55479e+006 21.361
405439 7.55479e+006 21.3635
405439 7.55479e+006 21.3683
405439 7.55479e+006 21.3761
405439 7.55479e+006 21.3743
405439 7.55479e+006 21.3743
405439 7.55479e+006 21.3661
405439 7.55479e+006 21.3683
405439 7.55479e+006 21.3761
405439 7.55479e+006 21.3761
405439 7.55479e+006 21.3743
405439 7.55479e+006 21.3743
405439 7.55479e+006 21.3743
405439 7.55479e+006 21.3761
405439 7.55479e+006 21.3761
405439 7.55479e+006 21.3683
405439 7.55479e+006 21.3661
405439 7.55479e+006 21.3661
405439 7.55479e+006 21.3743
405439 7.55479e+006 21.3761
405439 7.55479e+006 21.3683
405439 7.55479e+006 21.3635
405439 7.55479e+006 21.361
405439 7.55479e+006 21.361
405439 7.55479e+006 21.3661
405439 7.55479e+006 21.3683
405439 7.55479e+006 21.361
405439 7.55479e+006 21.3661
405439 7.55479e+006 21.3705
405439 7.55479e+006 21.3705
405439 7.55479e+006 21.366
405439 7.55479e+006 21.361
405439 7.55479e+006 21.3661
405439 7.55479e+006 21.3743
405439 7.55479e+006 21.3778
405439 7.55479e+006 21.3778
405439 7.55479e+006 21.3705
405439 7.55479e+006 21.3661
405439 7.55479e+006 21.3743
405439 7.55479e+006 21.3743
405439 7.55479e+006 21.3778
405439 7.55479e+006 21.3778
405439 7.55479e+006 21.3778
405439 7.55479e+006 21.3743
405439 7.55479e+006 21.3743
405439 7.55479e+006 21.3661
405439 7.55479e+006 21.3705
405439 7.55479e+006 21.3705
405439 7.55479e+006 21.3778
405439 7.55479e+006 21.3743
405439 7.55479e+006 21.3661
405439 7.55479e+006 21.361
405439 7.55479e+006 21.366
405439 7.55479e+006 21.366
405439 7.55479e+006 21.3705
405439 7.55479e+006 21.3661
405439 7.55479e+006 21.366
405439 7.55479e+006 21.3705
405439 7.55479e+006 21.3808
405439 7.55479e+006 21.3808
405439 7.55479e+006 21.3777
405439 7.55479e+006 21.366
405439 7.55479e+006 21.3705
405439 7.55479e+006 21.3778
405439 7.55479e+006 21.3859
405439 7.55479e+006 21.3859
405439 7.55479e+006 21.3808
405439 7.55479e+006 21.3705
405439 7.55479e+006 21.3778
405439 7.55479e+006 21.3778
405439 7.55479e+006 21.3859
405439 7.55479e+006 21.3859
405439 7.55479e+006 21.3859
405439 7.55479e+006 21.3778
405439 7.55479e+006 21.3778
405439 7.55479e+006 21.3705
405439 7.55479e+006 21.3808
405439 7.55479e+006 21.3808
405439 7.55479e+006 21.3859
405439 7.55479e+006 21.3778
405439 7.55479e+006 21.3705
405439 7.55479e+006 21.366
405439 7.55479e+006 21.3777
405439 7.55479e+006 21.3777
405439 7.55479e+006 21.3808
405439 7.55479e+006 21.3705
405439 7.55479e+006 21.3777
405439 7.55479e+006 21.3808
405439 7.55479e+006 21.3952
405439 7.55479e+006 21.3952
405439 7.55479e+006 21.394
405439 7.55479e+006 21.3777
405439 7.55479e+006 21.3808
405439 7.55479e+006 21.3859
405439 7.55479e+006 21.3972
405439 7.55479e+006 21.3972
405439 7.55479e+006 21.3952
405439 7.55479e+006 21.3808
405439 7.55479e+006 21.3859
405439 7.55479e+006 21.3859
405439 7.55479e+006 21.3972
405439 7.55479e+006 21.3972
405439 7.55479e+006 21.3972
405439 7.55479e+006 21.3859
405439 7.55479e+006 21.3859
405439 7.55479e+006 21.3808
405439 7.55479e+006 21.3952
405439 7.55479e+006 21.3952
405439 7.55479e+006 21.3972
405439 7.55479e+006 21.3859
405439 7.55479e+006 21.3808
405439 7.55479e+006 21.3777
405439 7.55479e+006 21.394
405439 7.55479e+006 21.394
405439 7.55479e+006 21.3952
405439 7.55479e+006 21.3808
405439 7.55479e+006 21.394
405439 7.55479e+006 21.3952
405439 7.55479e+006 21.4112
405439 7.55479e+006 21.4112
405439 7.55479e+006 21.4121
405439 7.55479e+006 21.394
405439 7.55479e+006 21.3952
405439 7.55479e+006 21.3972
405439 7.55479e+006 21.4098
405439 7.55479e+006 21.4098
405439 7.55479e+006 21.4112
405439 7.55479e+006 21.3952
405439 7.55479e+006 21.3972
405439 7.55479e+006 21.3972
405439 7.55479e+006 21.4098
405439 7.55479e+006 21.4098
405439 7.55479e+006 21.4098
405439 7.55479e+006 21.3972
405439 7.55479e+006 21.3972
405439 7.55479e+006 21.3952
405439 7.55479e+006 21.4112
405439 7.55479e+006 21.4112
405439 7.55479e+006 21.4098
405439 7.55479e+006 21.3972
405439 7.55479e+006 21.3952
405439 7.55479e+006 21.394
405439 7.55479e+006 21.4121
405439 7.55479e+006 21.4121
405439 7.55479e+006 21.4112
405439 7.55479e+006 21.3952
405439 7.55479e+006 21.4121
405439 7.55479e+006 21.4112
405439 7.55479e+006 21.4261
405439 7.55479e+006 21.4261
405439 7.55479e+006 21.429
405439 7.55479e+006 21.4121
405439 7.55479e+006 21.4112
405439 7.55479e+006 21.4098
405439 7.55479e+006 21.4215
405439 7.55479e+006 21.4215
405439 7.55479e+006 21.4261
405439 7.55479e+006 21.4112
405439 7.55479e+006 21.4098
405439 7.55479e+006 21.4098
405439 7.55479e+006 21.4215
405439 7.55479e+006 21.4215
405439 7.55479e+006 21.4215
405439 7.55479e+006 21.4098
405439 7.55479e+006 21.4098
405439 7.55479e+006 21.4112
405439 7.55479e+006 21.4261
405439 7.55479e+006 21.4261
405439 7.55479e+006 21.4215
405439 7.55479e+006 21.4098
405439 7.55479e+006 21.4112
405439 7.55479e+006 21.4121
405439 7.55479e+006 21.429
405439 7.55479e+006 21.429
405439 7.55479e+006 21.4261
405439 7.55479e+006 21.4112
405439 7.55479e+006 21.429
405439 7.55479e+006 21.4261
405439 7.55479e+006 21.4372
405439 7.55479e+006 21.4372
405439 7.55479e+006 21.4416
405439 7.55479e+006 21.429
405439 7.55479e+006 21.4261
405439 7.55479e+006 21.4215
405439 7.55479e+006 21.4302
405439 7.55479e+006 21.4302
405439 7.55479e+006 21.4372
405439 7.55479e+006 21.4261
405439 7.55479e+006 21.4215
405439 7.55479e+006 21.4215
405439 7.55479e+006 21.4302
405439 7.55479e+006 21.4302
405439 7.55479e+006 21.4302
405439 7.55479e+006 21.4215
405439 7.55479e+006 21.4215
405439 7.55479e+006 21.4261
405439 7.55479e+006 21.4372
405439 7.55479e+006 21.4372
405439 7.55479e+006 21.4302
405439 7.55479e+006 21.4215
405439 7.55479e+006 21.4261
405439 7.55479e+006 21.429
405439 7.55479e+006 21.4416
405439 7.55479e+006 21.4416
405439 7.55479e+006 21.4372
405439 7.55479e+006 21.4261
405439 7.55479e+006 21.4416
405439 7.55479e+006 21.4372
405439 7.55479e+006 21.4427
405439 7.55479e+006 21.4427
405439 7.55479e+006 21.4478
405439 7.55479e+006 21.4416
405439 7.55479e+006 21.4372
405439 7.55479e+006 21.4302
405439 7.55479e+006 21.4346
405439 7.55479e+006 21.4346
405439 7.55479e+006 21.4427
405439 7.55479e+006 21.4372
405439 7.55479e+006 21.4302
405439 7.55479e+006 21.4302
405439 7.55479e+006 21.4346
405439 7.55479e+006 21.4346
405439 7.55479e+006 21.4346
405439 7.55479e+006 21.4302
405439 7.55479e+006 21.4302
405439 7.55479e+006 21.4372
405439 7.55479e+006 21.4427
405439 7.55479e+006 21.4427
405439 7.55479e+006 21.4346
405439 7.55479e+006 21.4302
405439 7.55479e+006 21.4372
405439 7.55479e+006 21.4416
405439 7.55479e+006 21.4478
405439 7.55479e+006 21.4478
405439 7.55479e+006 21.4427
405439 7.55479e+006 21.4372
405439 7.55479e+006 21.4478
405439 7.55479e+006 21.4427
405439 7.55479e+006 21.4416
405439 7.55479e+006 21.4416
405439 7.55479e+006 21.4465
405439 7.55479e+006 21.4478
405439 7.55479e+006 21.4427
405439 7.55479e+006 21.4346
405439 7.55479e+006 21.4337
405439 7.55479e+006 21.4337
405439 7.55479e+006 21.4416
405439 7.55479e+006 21.4427
405439 7.55479e+006 21.4346
405439 7.55479e+006 21.4346
405439 7.55479e+006 21.4337
405439 7.55479e+006 21.4337
405439 7.55479e+006 21.4337
405439 7.55479e+006 21.4346
405439 7.55479e+006 21.4346
405439 7.55479e+006 21.4427
405439 7.55479e+006 21.4416
405439 7.55479e+006 21.4416
405439 7.55479e+006 21.4337
405439 7.55479e+006 21.4346
405439 7.55479e+006 21.4427
405439 7.55479e+006 21.4478
405439 7.55479e+006 21.4465
405439 7.55479e+006 21.4465
405439 7.55479e+006 21.4416
405439 7.55479e+006 21.4427
405439 7.55479e+006 21.4465
405439 7.55479e+006 21.4416
405439 7.55479e+006 21.4341
405439 7.55479e+006 21.4341
405439 7.55479e+006 21.438
405439 7.55479e+006 21.4465
405439 7.55479e+006 21.4416
405439 7.55479e+006 21.4337
405439 7.55479e+006 21.4278
405439 7.55479e+006 21.4278
405439 7.55479e+006 21.4341
405439 7.55479e+006 21.4416
405439 7.55479e+006 21.4337
405439 7.55479e+006 21.4337
405439 7.55479e+006 21.4278
405439 7.55479e+006 21.4278
405439 7.55479e+006 21.4278
405439 7.55479e+006 21.4337
405439 7.55479e+006 21.4337
405439 7.55479e+006 21.4416
405439 7.55479e+006 21.4341
405439 7.55479e+006 21.4341
405439 7.55479e+006 21.4278
405439 7.55479e+006 21.4337
405439 7.55479e+006 21.4416
405439 7.55479e+006 21.4465
405439 7.55479e+006 21.438
405439 7.55479e+006 21.438
405439 7.55479e+006 21.4341
405439 7.55479e+006 21.4416
405439 7.55479e+006 21.6407
405439 7.55479e+006 21.4293
405439 7.55479e+006 21.4257
405439 7.55479e+006 21.4257
405439 7.55479e+006 21.6372
405439 7.55479e+006 21.6407
405439 7.55479e+006 21.6372
405439 7.55479e+006 21.4257
405439 7.55479e+006 21.4312
405439 7.55479e+006 21.4312
405439 7.55479e+006 21.6426
405439 7.55479e+006 21.6372
405439 7.55479e+006 21.6426
405439 7.55479e+006 21.4312
405439 7.55479e+006 21.4381
405439 7.55479e+006 21.4381
405439 7.55479e+006 21.6496
405439 7.55479e+006 21.6426
405439 7.55479e+006 21.6496
405439 7.55479e+006 21.4381
405439 7.55479e+006 21.4369
405439 7.55479e+006 21.4369
405439 7.55479e+006 21.6484
405439 7.55479e+006 21.6496
405439 7.55479e+006 21.6484
405439 7.55479e+006 21.4369
405439 7.55479e+006 21.4293
405439 7.55479e+006 21.4293
405439 7.55479e+006 21.6407
405439 7.55479e+006 21.6484
