405436 7.5548e+006 27.1439
405436 7.5548e+006 27.1347
405436 7.5548e+006 27.1902
405436 7.5548e+006 27.1902
405436 7.5548e+006 27.2021
405436 7.5548e+006 27.1439
405436 7.5548e+006 27.1347
405436 7.5548e+006 27.1254
405436 7.5548e+006 27.1784
405436 7.5548e+006 27.1784
405436 7.5548e+006 27.1902
405436 7.5548e+006 27.1347
405436 7.5548e+006 27.1254
405436 7.5548e+006 27.1347
405436 7.5548e+006 27.1902
405436 7.5548e+006 27.1902
405436 7.5548e+006 27.1784
405436 7.5548e+006 27.1254
405436 7.5548e+006 27.1347
405436 7.5548e+006 27.1439
405436 7.5548e+006 27.2021
405436 7.5548e+006 27.2021
405436 7.5548e+006 27.1902
405436 7.5548e+006 27.1347
405436 7.5548e+006 27.2021
405436 7.5548e+006 27.1902
405436 7.5548e+006 27.2282
405436 7.5548e+006 27.2282
405436 7.5548e+006 27.2418
405436 7.5548e+006 27.2021
405436 7.5548e+006 27.1902
405436 7.5548e+006 27.1784
405436 7.5548e+006 27.2147
405436 7.5548e+006 27.2147
405436 7.5548e+006 27.2282
405436 7.5548e+006 27.1902
405436 7.5548e+006 27.1784
405436 7.5548e+006 27.1902
405436 7.5548e+006 27.2282
405436 7.5548e+006 27.2282
405436 7.5548e+006 27.2147
405436 7.5548e+006 27.1784
405436 7.5548e+006 27.1902
405436 7.5548e+006 27.2021
405436 7.5548e+006 27.2418
405436 7.5548e+006 27.2418
405436 7.5548e+006 27.2282
405436 7.5548e+006 27.1902
405436 7.5548e+006 27.2418
405436 7.5548e+006 27.2282
405436 7.5548e+006 27.246
405436 7.5548e+006 27.246
405436 7.5548e+006 27.2604
405436 7.5548e+006 27.2418
405436 7.5548e+006 27.2282
405436 7.5548e+006 27.2147
405436 7.5548e+006 27.2317
405436 7.5548e+006 27.2317
405436 7.5548e+006 27.246
405436 7.5548e+006 27.2282
405436 7.5548e+006 27.2147
405436 7.5548e+006 27.2282
405436 7.5548e+006 27.246
405436 7.5548e+006 27.246
405436 7.5548e+006 27.2317
405436 7.5548e+006 27.2147
405436 7.5548e+006 27.2282
405436 7.5548e+006 27.2418
405436 7.5548e+006 27.2604
405436 7.5548e+006 27.2604
405436 7.5548e+006 27.246
405436 7.5548e+006 27.2282
405436 7.5548e+006 27.2604
405436 7.5548e+006 27.246
405436 7.5548e+006 27.2424
405436 7.5548e+006 27.2424
405436 7.5548e+006 27.2566
405436 7.5548e+006 27.2604
405436 7.5548e+006 27.246
405436 7.5548e+006 27.2317
405436 7.5548e+006 27.2282
405436 7.5548e+006 27.2282
405436 7.5548e+006 27.2424
405436 7.5548e+006 27.246
405436 7.5548e+006 27.2317
405436 7.5548e+006 27.246
405436 7.5548e+006 27.2424
405436 7.5548e+006 27.2424
405436 7.5548e+006 27.2282
405436 7.5548e+006 27.2317
405436 7.5548e+006 27.246
405436 7.5548e+006 27.2604
405436 7.5548e+006 27.2566
405436 7.5548e+006 27.2566
405436 7.5548e+006 27.2424
405436 7.5548e+006 27.246
405436 7.5548e+006 27.2566
405436 7.5548e+006 27.2424
405436 7.5548e+006 27.2177
405436 7.5548e+006 27.2177
405436 7.5548e+006 27.2308
405436 7.5548e+006 27.2566
405436 7.5548e+006 27.2424
405436 7.5548e+006 27.2282
405436 7.5548e+006 27.2046
405436 7.5548e+006 27.2046
405436 7.5548e+006 27.2177
405436 7.5548e+006 27.2424
405436 7.5548e+006 27.2282
405436 7.5548e+006 27.2424
405436 7.5548e+006 27.2177
405436 7.5548e+006 27.2177
405436 7.5548e+006 27.2046
405436 7.5548e+006 27.2282
405436 7.5548e+006 27.2424
405436 7.5548e+006 27.2566
405436 7.5548e+006 27.2308
405436 7.5548e+006 27.2308
405436 7.5548e+006 27.2177
405436 7.5548e+006 27.2424
405436 7.5548e+006 27.2308
405436 7.5548e+006 27.2177
405436 7.5548e+006 27.1735
405436 7.5548e+006 27.1735
405436 7.5548e+006 27.1846
405436 7.5548e+006 27.2308
405436 7.5548e+006 27.2177
405436 7.5548e+006 27.2046
405436 7.5548e+006 27.1624
405436 7.5548e+006 27.1624
405436 7.5548e+006 27.1735
405436 7.5548e+006 27.2177
405436 7.5548e+006 27.2046
405436 7.5548e+006 27.2177
405436 7.5548e+006 27.1735
405436 7.5548e+006 27.1735
405436 7.5548e+006 27.1624
405436 7.5548e+006 27.2046
405436 7.5548e+006 27.2177
405436 7.5548e+006 27.2308
405436 7.5548e+006 27.1846
405436 7.5548e+006 27.1846
405436 7.5548e+006 27.1735
405436 7.5548e+006 27.2177
405436 7.5548e+006 27.1846
405436 7.5548e+006 27.1735
405436 7.5548e+006 27.1128
405436 7.5548e+006 27.1128
405436 7.5548e+006 27.1211
405436 7.5548e+006 27.1846
405436 7.5548e+006 27.1735
405436 7.5548e+006 27.1624
405436 7.5548e+006 27.1046
405436 7.5548e+006 27.1046
405436 7.5548e+006 27.1128
405436 7.5548e+006 27.1735
405436 7.5548e+006 27.1624
405436 7.5548e+006 27.1735
405436 7.5548e+006 27.1128
405436 7.5548e+006 27.1128
405436 7.5548e+006 27.1046
405436 7.5548e+006 27.1624
405436 7.5548e+006 27.1735
405436 7.5548e+006 27.1846
405436 7.5548e+006 27.1211
405436 7.5548e+006 27.1211
405436 7.5548e+006 27.1128
405436 7.5548e+006 27.1735
405436 7.5548e+006 27.1211
405436 7.5548e+006 27.1128
405436 7.5548e+006 27.0399
405436 7.5548e+006 27.0399
405436 7.5548e+006 27.0448
405436 7.5548e+006 27.1211
405436 7.5548e+006 27.1128
405436 7.5548e+006 27.1046
405436 7.5548e+006 27.0349
405436 7.5548e+006 27.0349
405436 7.5548e+006 27.0399
405436 7.5548e+006 27.1128
405436 7.5548e+006 27.1046
405436 7.5548e+006 27.1128
405436 7.5548e+006 27.0399
405436 7.5548e+006 27.0399
405436 7.5548e+006 27.0349
405436 7.5548e+006 27.1046
405436 7.5548e+006 27.1128
405436 7.5548e+006 27.1211
405436 7.5548e+006 27.0448
405436 7.5548e+006 27.0448
405436 7.5548e+006 27.0399
405436 7.5548e+006 27.1128
405436 7.5548e+006 27.0448
405436 7.5548e+006 27.0399
405436 7.5548e+006 26.9596
405436 7.5548e+006 26.9596
405436 7.5548e+006 26.9608
405436 7.5548e+006 27.0448
405436 7.5548e+006 27.0399
405436 7.5548e+006 27.0349
405436 7.5548e+006 26.9583
405436 7.5548e+006 26.9583
405436 7.5548e+006 26.9596
405436 7.5548e+006 27.0399
405436 7.5548e+006 27.0349
405436 7.5548e+006 27.0399
405436 7.5548e+006 26.9596
405436 7.5548e+006 26.9596
405436 7.5548e+006 26.9583
405436 7.5548e+006 27.0349
405436 7.5548e+006 27.0399
405436 7.5548e+006 27.0448
405436 7.5548e+006 26.9608
405436 7.5548e+006 26.9608
405436 7.5548e+006 26.9596
405436 7.5548e+006 27.0399
405436 7.5548e+006 26.9608
405436 7.5548e+006 26.9596
405436 7.5548e+006 26.8774
405436 7.5548e+006 26.8774
405436 7.5548e+006 26.8749
405436 7.5548e+006 26.9608
405436 7.5548e+006 26.9596
405436 7.5548e+006 26.9583
405436 7.5548e+006 26.8799
405436 7.5548e+006 26.8799
405436 7.5548e+006 26.8774
405436 7.5548e+006 26.9596
405436 7.5548e+006 26.9583
405436 7.5548e+006 26.9596
405436 7.5548e+006 26.8774
405436 7.5548e+006 26.8774
405436 7.5548e+006 26.8799
405436 7.5548e+006 26.9583
405436 7.5548e+006 26.9596
405436 7.5548e+006 26.9608
405436 7.5548e+006 26.8749
405436 7.5548e+006 26.8749
405436 7.5548e+006 26.8774
405436 7.5548e+006 26.9596
405436 7.5548e+006 26.8749
405436 7.5548e+006 26.8774
405436 7.5548e+006 26.7989
405436 7.5548e+006 26.7989
405436 7.5548e+006 26.7928
405436 7.5548e+006 26.8749
405436 7.5548e+006 26.8774
405436 7.5548e+006 26.8799
405436 7.5548e+006 26.805
405436 7.5548e+006 26.805
405436 7.5548e+006 26.7989
405436 7.5548e+006 26.8774
405436 7.5548e+006 26.8799
405436 7.5548e+006 26.8774
405436 7.5548e+006 26.7989
405436 7.5548e+006 26.7989
405436 7.5548e+006 26.805
405436 7.5548e+006 26.8799
405436 7.5548e+006 26.8774
405436 7.5548e+006 26.8749
405436 7.5548e+006 26.7928
405436 7.5548e+006 26.7928
405436 7.5548e+006 26.7989
405436 7.5548e+006 26.8774
405436 7.5548e+006 26.7928
405436 7.5548e+006 26.7989
405436 7.5548e+006 26.7295
405436 7.5548e+006 26.7295
405436 7.5548e+006 26.7203
405436 7.5548e+006 26.7928
405436 7.5548e+006 26.7989
405436 7.5548e+006 26.805
405436 7.5548e+006 26.7388
405436 7.5548e+006 26.7388
405436 7.5548e+006 26.7295
405436 7.5548e+006 26.7989
405436 7.5548e+006 26.805
405436 7.5548e+006 26.7989
405436 7.5548e+006 26.7295
405436 7.5548e+006 26.7295
405436 7.5548e+006 26.7388
405436 7.5548e+006 26.805
405436 7.5548e+006 26.7989
405436 7.5548e+006 26.7928
405436 7.5548e+006 26.7203
405436 7.5548e+006 26.7203
405436 7.5548e+006 26.7295
405436 7.5548e+006 26.7989
405436 7.5548e+006 26.7203
405436 7.5548e+006 26.7295
405436 7.5548e+006 26.674
405436 7.5548e+006 26.674
405436 7.5548e+006 26.6621
405436 7.5548e+006 26.7203
405436 7.5548e+006 26.7295
405436 7.5548e+006 26.7388
405436 7.5548e+006 26.6858
405436 7.5548e+006 26.6858
405436 7.5548e+006 26.674
405436 7.5548e+006 26.7295
405436 7.5548e+006 26.7388
405436 7.5548e+006 26.7295
405436 7.5548e+006 26.674
405436 7.5548e+006 26.674
405436 7.5548e+006 26.6858
405436 7.5548e+006 26.7388
405436 7.5548e+006 26.7295
405436 7.5548e+006 26.7203
405436 7.5548e+006 26.6621
405436 7.5548e+006 26.6621
405436 7.5548e+006 26.674
405436 7.5548e+006 26.7295
405436 7.5548e+006 26.6621
405436 7.5548e+006 26.674
405436 7.5548e+006 26.636
405436 7.5548e+006 26.636
405436 7.5548e+006 26.6224
405436 7.5548e+006 26.6621
405436 7.5548e+006 26.674
405436 7.5548e+006 26.6858
405436 7.5548e+006 26.6495
405436 7.5548e+006 26.6495
405436 7.5548e+006 26.636
405436 7.5548e+006 26.674
405436 7.5548e+006 26.6858
405436 7.5548e+006 26.674
405436 7.5548e+006 26.636
405436 7.5548e+006 26.636
405436 7.5548e+006 26.6495
405436 7.5548e+006 26.6858
405436 7.5548e+006 26.674
405436 7.5548e+006 26.6621
405436 7.5548e+006 26.6224
405436 7.5548e+006 26.6224
405436 7.5548e+006 26.636
405436 7.5548e+006 26.674
405436 7.5548e+006 26.6224
405436 7.5548e+006 26.636
405436 7.5548e+006 26.6182
405436 7.5548e+006 26.6182
405436 7.5548e+006 26.6038
405436 7.5548e+006 26.6224
405436 7.5548e+006 26.636
405436 7.5548e+006 26.6495
405436 7.5548e+006 26.6325
405436 7.5548e+006 26.6325
405436 7.5548e+006 26.6182
405436 7.5548e+006 26.636
405436 7.5548e+006 26.6495
405436 7.5548e+006 26.636
405436 7.5548e+006 26.6182
405436 7.5548e+006 26.6182
405436 7.5548e+006 26.6325
405436 7.5548e+006 26.6495
405436 7.5548e+006 26.636
405436 7.5548e+006 26.6224
405436 7.5548e+006 26.6038
405436 7.5548e+006 26.6038
405436 7.5548e+006 26.6182
405436 7.5548e+006 26.636
405436 7.5548e+006 26.6038
405436 7.5548e+006 26.6182
405436 7.5548e+006 26.6218
405436 7.5548e+006 26.6218
405436 7.5548e+006 26.6075
405436 7.5548e+006 26.6038
405436 7.5548e+006 26.6182
405436 7.5548e+006 26.6325
405436 7.5548e+006 26.636
405436 7.5548e+006 26.636
405436 7.5548e+006 26.6218
405436 7.5548e+006 26.6182
405436 7.5548e+006 26.6325
405436 7.5548e+006 26.6182
405436 7.5548e+006 26.6218
405436 7.5548e+006 26.6218
405436 7.5548e+006 26.636
405436 7.5548e+006 26.6325
405436 7.5548e+006 26.6182
405436 7.5548e+006 26.6038
405436 7.5548e+006 26.6075
405436 7.5548e+006 26.6075
405436 7.5548e+006 26.6218
405436 7.5548e+006 26.6182
405436 7.5548e+006 26.6075
405436 7.5548e+006 26.6218
405436 7.5548e+006 26.6465
405436 7.5548e+006 26.6465
405436 7.5548e+006 26.6334
405436 7.5548e+006 26.6075
405436 7.5548e+006 26.6218
405436 7.5548e+006 26.636
405436 7.5548e+006 26.6596
405436 7.5548e+006 26.6596
405436 7.5548e+006 26.6465
405436 7.5548e+006 26.6218
405436 7.5548e+006 26.636
405436 7.5548e+006 26.6218
405436 7.5548e+006 26.6465
405436 7.5548e+006 26.6465
405436 7.5548e+006 26.6596
405436 7.5548e+006 26.636
405436 7.5548e+006 26.6218
405436 7.5548e+006 26.6075
405436 7.5548e+006 26.6334
405436 7.5548e+006 26.6334
405436 7.5548e+006 26.6465
405436 7.5548e+006 26.6218
405436 7.5548e+006 26.6334
405436 7.5548e+006 26.6465
405436 7.5548e+006 26.6907
405436 7.5548e+006 26.6907
405436 7.5548e+006 26.6796
405436 7.5548e+006 26.6334
405436 7.5548e+006 26.6465
405436 7.5548e+006 26.6596
405436 7.5548e+006 26.7017
405436 7.5548e+006 26.7017
405436 7.5548e+006 26.6907
405436 7.5548e+006 26.6465
405436 7.5548e+006 26.6596
405436 7.5548e+006 26.6465
405436 7.5548e+006 26.6907
405436 7.5548e+006 26.6907
405436 7.5548e+006 26.7017
405436 7.5548e+006 26.6596
405436 7.5548e+006 26.6465
405436 7.5548e+006 26.6334
405436 7.5548e+006 26.6796
405436 7.5548e+006 26.6796
405436 7.5548e+006 26.6907
405436 7.5548e+006 26.6465
405436 7.5548e+006 26.6796
405436 7.5548e+006 26.6907
405436 7.5548e+006 26.7513
405436 7.5548e+006 26.7513
405436 7.5548e+006 26.7431
405436 7.5548e+006 26.6796
405436 7.5548e+006 26.6907
405436 7.5548e+006 26.7017
405436 7.5548e+006 26.7596
405436 7.5548e+006 26.7596
405436 7.5548e+006 26.7513
405436 7.5548e+006 26.6907
405436 7.5548e+006 26.7017
405436 7.5548e+006 26.6907
405436 7.5548e+006 26.7513
405436 7.5548e+006 26.7513
405436 7.5548e+006 26.7596
405436 7.5548e+006 26.7017
405436 7.5548e+006 26.6907
405436 7.5548e+006 26.6796
405436 7.5548e+006 26.7431
405436 7.5548e+006 26.7431
405436 7.5548e+006 26.7513
405436 7.5548e+006 26.6907
405436 7.5548e+006 26.7431
405436 7.5548e+006 26.7513
405436 7.5548e+006 26.8243
405436 7.5548e+006 26.8243
405436 7.5548e+006 26.8194
405436 7.5548e+006 26.7431
405436 7.5548e+006 26.7513
405436 7.5548e+006 26.7596
405436 7.5548e+006 26.8293
405436 7.5548e+006 26.8293
405436 7.5548e+006 26.8243
405436 7.5548e+006 26.7513
405436 7.5548e+006 26.7596
405436 7.5548e+006 26.7513
405436 7.5548e+006 26.8243
405436 7.5548e+006 26.8243
405436 7.5548e+006 26.8293
405436 7.5548e+006 26.7596
405436 7.5548e+006 26.7513
405436 7.5548e+006 26.7431
405436 7.5548e+006 26.8194
405436 7.5548e+006 26.8194
405436 7.5548e+006 26.8243
405436 7.5548e+006 26.7513
405436 7.5548e+006 26.8194
405436 7.5548e+006 26.8243
405436 7.5548e+006 26.9046
405436 7.5548e+006 26.9046
405436 7.5548e+006 26.9034
405436 7.5548e+006 26.8194
405436 7.5548e+006 26.8243
405436 7.5548e+006 26.8293
405436 7.5548e+006 26.9059
405436 7.5548e+006 26.9059
405436 7.5548e+006 26.9046
405436 7.5548e+006 26.8243
405436 7.5548e+006 26.8293
405436 7.5548e+006 26.8243
405436 7.5548e+006 26.9046
405436 7.5548e+006 26.9046
405436 7.5548e+006 26.9059
405436 7.5548e+006 26.8293
405436 7.5548e+006 26.8243
405436 7.5548e+006 26.8194
405436 7.5548e+006 26.9034
405436 7.5548e+006 26.9034
405436 7.5548e+006 26.9046
405436 7.5548e+006 26.8243
405436 7.5548e+006 26.9034
405436 7.5548e+006 26.9046
405436 7.5548e+006 26.9868
405436 7.5548e+006 26.9868
405436 7.5548e+006 26.9893
405436 7.5548e+006 26.9034
405436 7.5548e+006 26.9046
405436 7.5548e+006 26.9059
405436 7.5548e+006 26.9843
405436 7.5548e+006 26.9843
405436 7.5548e+006 26.9868
405436 7.5548e+006 26.9046
405436 7.5548e+006 26.9059
405436 7.5548e+006 26.9046
405436 7.5548e+006 26.9868
405436 7.5548e+006 26.9868
405436 7.5548e+006 26.9843
405436 7.5548e+006 26.9059
405436 7.5548e+006 26.9046
405436 7.5548e+006 26.9034
405436 7.5548e+006 26.9893
405436 7.5548e+006 26.9893
405436 7.5548e+006 26.9868
405436 7.5548e+006 26.9046
405436 7.5548e+006 26.9893
405436 7.5548e+006 26.9868
405436 7.5548e+006 27.0653
405436 7.5548e+006 27.0653
405436 7.5548e+006 27.0714
405436 7.5548e+006 26.9893
405436 7.5548e+006 26.9868
405436 7.5548e+006 26.9843
405436 7.5548e+006 27.0592
405436 7.5548e+006 27.0592
405436 7.5548e+006 27.0653
405436 7.5548e+006 26.9868
405436 7.5548e+006 26.9843
405436 7.5548e+006 26.9868
405436 7.5548e+006 27.0653
405436 7.5548e+006 27.0653
405436 7.5548e+006 27.0592
405436 7.5548e+006 26.9843
405436 7.5548e+006 26.9868
405436 7.5548e+006 26.9893
405436 7.5548e+006 27.0714
405436 7.5548e+006 27.0714
405436 7.5548e+006 27.0653
405436 7.5548e+006 26.9868
405436 7.5548e+006 27.0714
405436 7.5548e+006 27.0653
405436 7.5548e+006 27.1347
405436 7.5548e+006 27.1347
405436 7.5548e+006 27.1439
405436 7.5548e+006 27.0714
405436 7.5548e+006 27.0653
405436 7.5548e+006 27.0592
405436 7.5548e+006 27.1254
405436 7.5548e+006 27.1254
405436 7.5548e+006 27.1347
405436 7.5548e+006 27.0653
405436 7.5548e+006 27.0592
405436 7.5548e+006 27.0653
405436 7.5548e+006 27.1347
405436 7.5548e+006 27.1347
405436 7.5548e+006 27.1254
405436 7.5548e+006 27.0592
405436 7.5548e+006 27.0653
405436 7.5548e+006 27.0714
405436 7.5548e+006 27.1439
405436 7.5548e+006 27.1439
405436 7.5548e+006 27.1347
405436 7.5548e+006 27.0653
405436 7.5548e+006 27.1693
405436 7.5548e+006 26.9606
405436 7.5548e+006 26.9536
405436 7.5548e+006 26.9536
405436 7.5548e+006 27.1624
405436 7.5548e+006 27.1693
405436 7.5548e+006 27.1693
405436 7.5548e+006 27.1748
405436 7.5548e+006 26.966
405436 7.5548e+006 26.966
405436 7.5548e+006 26.9606
405436 7.5548e+006 27.1693
405436 7.5548e+006 27.1748
405436 7.5548e+006 27.1713
405436 7.5548e+006 26.9625
405436 7.5548e+006 26.9625
405436 7.5548e+006 26.966
405436 7.5548e+006 27.1748
405436 7.5548e+006 27.1713
405436 7.5548e+006 27.1636
405436 7.5548e+006 26.9548
405436 7.5548e+006 26.9548
405436 7.5548e+006 26.9625
405436 7.5548e+006 27.1713
405436 7.5548e+006 27.1636
405436 7.5548e+006 27.1624
405436 7.5548e+006 26.9536
405436 7.5548e+006 26.9536
405436 7.5548e+006 26.9548
405436 7.5548e+006 27.1636
405436 7.5548e+006 26.7377
405436 7.5548e+006 26.9148
405436 7.5548e+006 26.9065
405436 7.5548e+006 26.9065
405436 7.5548e+006 26.7294
405436 7.5548e+006 26.7377
405436 7.5548e+006 26.7375
405436 7.5548e+006 26.9146
405436 7.5548e+006 26.9148
405436 7.5548e+006 26.9148
405436 7.5548e+006 26.7377
405436 7.5548e+006 26.7375
405436 7.5548e+006 26.7291
405436 7.5548e+006 26.9061
405436 7.5548e+006 26.9146
405436 7.5548e+006 26.9146
405436 7.5548e+006 26.7375
405436 7.5548e+006 26.7291
405436 7.5548e+006 26.7241
405436 7.5548e+006 26.9012
405436 7.5548e+006 26.9061
405436 7.5548e+006 26.9061
405436 7.5548e+006 26.7291
405436 7.5548e+006 26.7241
405436 7.5548e+006 26.7294
405436 7.5548e+006 26.9065
405436 7.5548e+006 26.9012
405436 7.5548e+006 26.9012
405436 7.5548e+006 26.7241
405436 7.5548e+006 26.7294
405436 7.5548e+006 26.6954
405436 7.5548e+006 26.9058
405436 7.5548e+006 26.9093
405436 7.5548e+006 26.9093
405436 7.5548e+006 26.699
405436 7.5548e+006 26.6954
405436 7.5548e+006 26.699
405436 7.5548e+006 26.9093
405436 7.5548e+006 26.9039
405436 7.5548e+006 26.9039
405436 7.5548e+006 26.6935
405436 7.5548e+006 26.699
405436 7.5548e+006 26.6935
405436 7.5548e+006 26.9039
405436 7.5548e+006 26.8969
405436 7.5548e+006 26.8969
405436 7.5548e+006 26.6865
405436 7.5548e+006 26.6935
405436 7.5548e+006 26.6865
405436 7.5548e+006 26.8969
405436 7.5548e+006 26.8981
405436 7.5548e+006 26.8981
405436 7.5548e+006 26.6877
405436 7.5548e+006 26.6865
405436 7.5548e+006 26.6877
405436 7.5548e+006 26.8981
405436 7.5548e+006 26.9058
405436 7.5548e+006 26.9058
405436 7.5548e+006 26.6954
405436 7.5548e+006 26.6877
405436 7.5548e+006 26.9058
405436 7.5548e+006 26.8981
405436 7.5548e+006 26.8969
405436 7.5548e+006 26.9058
405436 7.5548e+006 26.8969
405436 7.5548e+006 26.9039
405436 7.5548e+006 26.9058
405436 7.5548e+006 26.9039
405436 7.5548e+006 26.9093
405436 7.5548e+006 26.9602
405436 7.5548e+006 26.9569
405436 7.5548e+006 26.9668
405436 7.5548e+006 26.9668
405436 7.5548e+006 26.9713
405436 7.5548e+006 26.9602
405436 7.5548e+006 26.9569
405436 7.5548e+006 26.9516
405436 7.5548e+006 26.9593
405436 7.5548e+006 26.9593
405436 7.5548e+006 26.9668
405436 7.5548e+006 26.9569
405436 7.5548e+006 26.9516
405436 7.5548e+006 26.9516
405436 7.5548e+006 26.9593
405436 7.5548e+006 26.9593
405436 7.5548e+006 26.9593
405436 7.5548e+006 26.9516
405436 7.5548e+006 26.9516
405436 7.5548e+006 26.9569
405436 7.5548e+006 26.9668
405436 7.5548e+006 26.9668
405436 7.5548e+006 26.9593
405436 7.5548e+006 26.9516
405436 7.5548e+006 26.9569
405436 7.5548e+006 26.9602
405436 7.5548e+006 26.9713
405436 7.5548e+006 26.9713
405436 7.5548e+006 26.9668
405436 7.5548e+006 26.9569
405436 7.5548e+006 26.9713
405436 7.5548e+006 26.9668
405436 7.5548e+006 26.9706
405436 7.5548e+006 26.9706
405436 7.5548e+006 26.9757
405436 7.5548e+006 26.9713
405436 7.5548e+006 26.9668
405436 7.5548e+006 26.9593
405436 7.5548e+006 26.9624
405436 7.5548e+006 26.9624
405436 7.5548e+006 26.9706
405436 7.5548e+006 26.9668
405436 7.5548e+006 26.9593
405436 7.5548e+006 26.9593
405436 7.5548e+006 26.9624
405436 7.5548e+006 26.9624
405436 7.5548e+006 26.9624
405436 7.5548e+006 26.9593
405436 7.5548e+006 26.9593
405436 7.5548e+006 26.9668
405436 7.5548e+006 26.9706
405436 7.5548e+006 26.9706
405436 7.5548e+006 26.9624
405436 7.5548e+006 26.9593
405436 7.5548e+006 26.9668
405436 7.5548e+006 26.9713
405436 7.5548e+006 26.9757
405436 7.5548e+006 26.9757
405436 7.5548e+006 26.9706
405436 7.5548e+006 26.9668
405436 7.5548e+006 26.9757
405436 7.5548e+006 26.9706
405436 7.5548e+006 26.9678
405436 7.5548e+006 26.9678
405436 7.5548e+006 26.9726
405436 7.5548e+006 26.9757
405436 7.5548e+006 26.9706
405436 7.5548e+006 26.9624
405436 7.5548e+006 26.9602
405436 7.5548e+006 26.9602
405436 7.5548e+006 26.9678
405436 7.5548e+006 26.9706
405436 7.5548e+006 26.9624
405436 7.5548e+006 26.9624
405436 7.5548e+006 26.9602
405436 7.5548e+006 26.9602
405436 7.5548e+006 26.9602
405436 7.5548e+006 26.9624
405436 7.5548e+006 26.9624
405436 7.5548e+006 26.9706
405436 7.5548e+006 26.9678
405436 7.5548e+006 26.9678
405436 7.5548e+006 26.9602
405436 7.5548e+006 26.9624
405436 7.5548e+006 26.9706
405436 7.5548e+006 26.9757
405436 7.5548e+006 26.9726
405436 7.5548e+006 26.9726
405436 7.5548e+006 26.9678
405436 7.5548e+006 26.9706
405436 7.5548e+006 26.9726
405436 7.5548e+006 26.9678
405436 7.5548e+006 26.9589
405436 7.5548e+006 26.9589
405436 7.5548e+006 26.9624
405436 7.5548e+006 26.9726
405436 7.5548e+006 26.9678
405436 7.5548e+006 26.9602
405436 7.5548e+006 26.9531
405436 7.5548e+006 26.9531
405436 7.5548e+006 26.9589
405436 7.5548e+006 26.9678
405436 7.5548e+006 26.9602
405436 7.5548e+006 26.9602
405436 7.5548e+006 26.9531
405436 7.5548e+006 26.9531
405436 7.5548e+006 26.9531
405436 7.5548e+006 26.9602
405436 7.5548e+006 26.9602
405436 7.5548e+006 26.9678
405436 7.5548e+006 26.9589
405436 7.5548e+006 26.9589
405436 7.5548e+006 26.9531
405436 7.5548e+006 26.9602
405436 7.5548e+006 26.9678
405436 7.5548e+006 26.9726
405436 7.5548e+006 26.9624
405436 7.5548e+006 26.9624
405436 7.5548e+006 26.9589
405436 7.5548e+006 26.9678
405436 7.5548e+006 26.9624
405436 7.5548e+006 26.9589
405436 7.5548e+006 26.9453
405436 7.5548e+006 26.9453
405436 7.5548e+006 26.947
405436 7.5548e+006 26.9624
405436 7.5548e+006 26.9589
405436 7.5548e+006 26.9531
405436 7.5548e+006 26.9425
405436 7.5548e+006 26.9425
405436 7.5548e+006 26.9453
405436 7.5548e+006 26.9589
405436 7.5548e+006 26.9531
405436 7.5548e+006 26.9531
405436 7.5548e+006 26.9425
405436 7.5548e+006 26.9425
405436 7.5548e+006 26.9425
405436 7.5548e+006 26.9531
405436 7.5548e+006 26.9531
405436 7.5548e+006 26.9589
405436 7.5548e+006 26.9453
405436 7.5548e+006 26.9453
405436 7.5548e+006 26.9425
405436 7.5548e+006 26.9531
405436 7.5548e+006 26.9589
405436 7.5548e+006 26.9624
405436 7.5548e+006 26.947
405436 7.5548e+006 26.947
405436 7.5548e+006 26.9453
405436 7.5548e+006 26.9589
405436 7.5548e+006 26.947
405436 7.5548e+006 26.9453
405436 7.5548e+006 26.9294
405436 7.5548e+006 26.9294
405436 7.5548e+006 26.9291
405436 7.5548e+006 26.947
405436 7.5548e+006 26.9453
405436 7.5548e+006 26.9425
405436 7.5548e+006 26.93
405436 7.5548e+006 26.93
405436 7.5548e+006 26.9294
405436 7.5548e+006 26.9453
405436 7.5548e+006 26.9425
405436 7.5548e+006 26.9425
405436 7.5548e+006 26.93
405436 7.5548e+006 26.93
405436 7.5548e+006 26.93
405436 7.5548e+006 26.9425
405436 7.5548e+006 26.9425
405436 7.5548e+006 26.9453
405436 7.5548e+006 26.9294
405436 7.5548e+006 26.9294
405436 7.5548e+006 26.93
405436 7.5548e+006 26.9425
405436 7.5548e+006 26.9453
405436 7.5548e+006 26.947
405436 7.5548e+006 26.9291
405436 7.5548e+006 26.9291
405436 7.5548e+006 26.9294
405436 7.5548e+006 26.9453
405436 7.5548e+006 26.9291
405436 7.5548e+006 26.9294
405436 7.5548e+006 26.914
405436 7.5548e+006 26.914
405436 7.5548e+006 26.9116
405436 7.5548e+006 26.9291
405436 7.5548e+006 26.9294
405436 7.5548e+006 26.93
405436 7.5548e+006 26.9179
405436 7.5548e+006 26.9179
405436 7.5548e+006 26.914
405436 7.5548e+006 26.9294
405436 7.5548e+006 26.93
405436 7.5548e+006 26.93
405436 7.5548e+006 26.9179
405436 7.5548e+006 26.9179
405436 7.5548e+006 26.9179
405436 7.5548e+006 26.93
405436 7.5548e+006 26.93
405436 7.5548e+006 26.9294
405436 7.5548e+006 26.914
405436 7.5548e+006 26.914
405436 7.5548e+006 26.9179
405436 7.5548e+006 26.93
405436 7.5548e+006 26.9294
405436 7.5548e+006 26.9291
405436 7.5548e+006 26.9116
405436 7.5548e+006 26.9116
405436 7.5548e+006 26.914
405436 7.5548e+006 26.9294
405436 7.5548e+006 26.9116
405436 7.5548e+006 26.914
405436 7.5548e+006 26.9017
405436 7.5548e+006 26.9017
405436 7.5548e+006 26.8977
405436 7.5548e+006 26.9116
405436 7.5548e+006 26.914
405436 7.5548e+006 26.9179
405436 7.5548e+006 26.9082
405436 7.5548e+006 26.9082
405436 7.5548e+006 26.9017
405436 7.5548e+006 26.914
405436 7.5548e+006 26.9179
405436 7.5548e+006 26.9179
405436 7.5548e+006 26.9082
405436 7.5548e+006 26.9082
405436 7.5548e+006 26.9082
405436 7.5548e+006 26.9179
405436 7.5548e+006 26.9179
405436 7.5548e+006 26.914
405436 7.5548e+006 26.9017
405436 7.5548e+006 26.9017
405436 7.5548e+006 26.9082
405436 7.5548e+006 26.9179
405436 7.5548e+006 26.914
405436 7.5548e+006 26.9116
405436 7.5548e+006 26.8977
405436 7.5548e+006 26.8977
405436 7.5548e+006 26.9017
405436 7.5548e+006 26.914
405436 7.5548e+006 26.8977
405436 7.5548e+006 26.9017
405436 7.5548e+006 26.8947
405436 7.5548e+006 26.8947
405436 7.5548e+006 26.8897
405436 7.5548e+006 26.8977
405436 7.5548e+006 26.9017
405436 7.5548e+006 26.9082
405436 7.5548e+006 26.9027
405436 7.5548e+006 26.9027
405436 7.5548e+006 26.8947
405436 7.5548e+006 26.9017
405436 7.5548e+006 26.9082
405436 7.5548e+006 26.9082
405436 7.5548e+006 26.9027
405436 7.5548e+006 26.9027
405436 7.5548e+006 26.9027
405436 7.5548e+006 26.9082
405436 7.5548e+006 26.9082
405436 7.5548e+006 26.9017
405436 7.5548e+006 26.8947
405436 7.5548e+006 26.8947
405436 7.5548e+006 26.9027
405436 7.5548e+006 26.9082
405436 7.5548e+006 26.9017
405436 7.5548e+006 26.8977
405436 7.5548e+006 26.8897
405436 7.5548e+006 26.8897
405436 7.5548e+006 26.8947
405436 7.5548e+006 26.9017
405436 7.5548e+006 26.8897
405436 7.5548e+006 26.8947
405436 7.5548e+006 26.8941
405436 7.5548e+006 26.8941
405436 7.5548e+006 26.8891
405436 7.5548e+006 26.8897
405436 7.5548e+006 26.8947
405436 7.5548e+006 26.9027
405436 7.5548e+006 26.9023
405436 7.5548e+006 26.9023
405436 7.5548e+006 26.8941
405436 7.5548e+006 26.8947
405436 7.5548e+006 26.9027
405436 7.5548e+006 26.9027
405436 7.5548e+006 26.9023
405436 7.5548e+006 26.9023
405436 7.5548e+006 26.9023
405436 7.5548e+006 26.9027
405436 7.5548e+006 26.9027
405436 7.5548e+006 26.8947
405436 7.5548e+006 26.8941
405436 7.5548e+006 26.8941
405436 7.5548e+006 26.9023
405436 7.5548e+006 26.9027
405436 7.5548e+006 26.8947
405436 7.5548e+006 26.8897
405436 7.5548e+006 26.8891
405436 7.5548e+006 26.8891
405436 7.5548e+006 26.8941
405436 7.5548e+006 26.8947
405436 7.5548e+006 26.8891
405436 7.5548e+006 26.8941
405436 7.5548e+006 26.9001
405436 7.5548e+006 26.9001
405436 7.5548e+006 26.8959
405436 7.5548e+006 26.8891
405436 7.5548e+006 26.8941
405436 7.5548e+006 26.9023
405436 7.5548e+006 26.907
405436 7.5548e+006 26.907
405436 7.5548e+006 26.9001
405436 7.5548e+006 26.8941
405436 7.5548e+006 26.9023
405436 7.5548e+006 26.9023
405436 7.5548e+006 26.907
405436 7.5548e+006 26.907
405436 7.5548e+006 26.907
405436 7.5548e+006 26.9023
405436 7.5548e+006 26.9023
405436 7.5548e+006 26.8941
405436 7.5548e+006 26.9001
405436 7.5548e+006 26.9001
405436 7.5548e+006 26.907
405436 7.5548e+006 26.9023
405436 7.5548e+006 26.8941
405436 7.5548e+006 26.8891
405436 7.5548e+006 26.8959
405436 7.5548e+006 26.8959
405436 7.5548e+006 26.9001
405436 7.5548e+006 26.8941
405436 7.5548e+006 26.8959
405436 7.5548e+006 26.9001
405436 7.5548e+006 26.9117
405436 7.5548e+006 26.9117
405436 7.5548e+006 26.909
405436 7.5548e+006 26.8959
405436 7.5548e+006 26.9001
405436 7.5548e+006 26.907
405436 7.5548e+006 26.916
405436 7.5548e+006 26.916
405436 7.5548e+006 26.9117
405436 7.5548e+006 26.9001
405436 7.5548e+006 26.907
405436 7.5548e+006 26.907
405436 7.5548e+006 26.916
405436 7.5548e+006 26.916
405436 7.5548e+006 26.916
405436 7.5548e+006 26.907
405436 7.5548e+006 26.907
405436 7.5548e+006 26.9001
405436 7.5548e+006 26.9117
405436 7.5548e+006 26.9117
405436 7.5548e+006 26.916
405436 7.5548e+006 26.907
405436 7.5548e+006 26.9001
405436 7.5548e+006 26.8959
405436 7.5548e+006 26.909
405436 7.5548e+006 26.909
405436 7.5548e+006 26.9117
405436 7.5548e+006 26.9001
405436 7.5548e+006 26.909
405436 7.5548e+006 26.9117
405436 7.5548e+006 26.9267
405436 7.5548e+006 26.9267
405436 7.5548e+006 26.926
405436 7.5548e+006 26.909
405436 7.5548e+006 26.9117
405436 7.5548e+006 26.916
405436 7.5548e+006 26.9279
405436 7.5548e+006 26.9279
405436 7.5548e+006 26.9267
405436 7.5548e+006 26.9117
405436 7.5548e+006 26.916
405436 7.5548e+006 26.916
405436 7.5548e+006 26.9279
405436 7.5548e+006 26.9279
405436 7.5548e+006 26.9279
405436 7.5548e+006 26.916
405436 7.5548e+006 26.916
405436 7.5548e+006 26.9117
405436 7.5548e+006 26.9267
405436 7.5548e+006 26.9267
405436 7.5548e+006 26.9279
405436 7.5548e+006 26.916
405436 7.5548e+006 26.9117
405436 7.5548e+006 26.909
405436 7.5548e+006 26.926
405436 7.5548e+006 26.926
405436 7.5548e+006 26.9267
405436 7.5548e+006 26.9117
405436 7.5548e+006 26.926
405436 7.5548e+006 26.9267
405436 7.5548e+006 26.9427
405436 7.5548e+006 26.9427
405436 7.5548e+006 26.9441
405436 7.5548e+006 26.926
405436 7.5548e+006 26.9267
405436 7.5548e+006 26.9279
405436 7.5548e+006 26.9404
405436 7.5548e+006 26.9404
405436 7.5548e+006 26.9427
405436 7.5548e+006 26.9267
405436 7.5548e+006 26.9279
405436 7.5548e+006 26.9279
405436 7.5548e+006 26.9404
405436 7.5548e+006 26.9404
405436 7.5548e+006 26.9404
405436 7.5548e+006 26.9279
405436 7.5548e+006 26.9279
405436 7.5548e+006 26.9267
405436 7.5548e+006 26.9427
405436 7.5548e+006 26.9427
405436 7.5548e+006 26.9404
405436 7.5548e+006 26.9279
405436 7.5548e+006 26.9267
405436 7.5548e+006 26.926
405436 7.5548e+006 26.9441
405436 7.5548e+006 26.9441
405436 7.5548e+006 26.9427
405436 7.5548e+006 26.9267
405436 7.5548e+006 26.9441
405436 7.5548e+006 26.9427
405436 7.5548e+006 26.9569
405436 7.5548e+006 26.9569
405436 7.5548e+006 26.9602
405436 7.5548e+006 26.9441
405436 7.5548e+006 26.9427
405436 7.5548e+006 26.9404
405436 7.5548e+006 26.9516
405436 7.5548e+006 26.9516
405436 7.5548e+006 26.9569
405436 7.5548e+006 26.9427
405436 7.5548e+006 26.9404
405436 7.5548e+006 26.9404
405436 7.5548e+006 26.9516
405436 7.5548e+006 26.9516
405436 7.5548e+006 26.9516
405436 7.5548e+006 26.9404
405436 7.5548e+006 26.9404
405436 7.5548e+006 26.9427
405436 7.5548e+006 26.9569
405436 7.5548e+006 26.9569
405436 7.5548e+006 26.9516
405436 7.5548e+006 26.9404
405436 7.5548e+006 26.9427
405436 7.5548e+006 26.9441
405436 7.5548e+006 26.9602
405436 7.5548e+006 26.9602
405436 7.5548e+006 26.9569
405436 7.5548e+006 26.9427
405436 7.5548e+006 27.128
405436 7.5548e+006 26.9506
405436 7.5548e+006 26.959
405436 7.5548e+006 26.959
405436 7.5548e+006 27.1364
405436 7.5548e+006 27.128
405436 7.5548e+006 27.1364
405436 7.5548e+006 26.959
405436 7.5548e+006 26.9592
405436 7.5548e+006 26.9592
405436 7.5548e+006 27.1366
405436 7.5548e+006 27.1364
405436 7.5548e+006 27.1366
405436 7.5548e+006 26.9592
405436 7.5548e+006 26.9509
405436 7.5548e+006 26.9509
405436 7.5548e+006 27.1284
405436 7.5548e+006 27.1366
405436 7.5548e+006 27.1284
405436 7.5548e+006 26.9509
405436 7.5548e+006 26.9456
405436 7.5548e+006 26.9456
405436 7.5548e+006 27.123
405436 7.5548e+006 27.1284
405436 7.5548e+006 27.123
405436 7.5548e+006 26.9456
405436 7.5548e+006 26.9506
405436 7.5548e+006 26.9506
405436 7.5548e+006 27.128
405436 7.5548e+006 27.123
