405440 7.55479e+006 26.2579
405440 7.55479e+006 26.2487
405440 7.55479e+006 26.3042
405440 7.55479e+006 26.3042
405440 7.55479e+006 26.3161
405440 7.55479e+006 26.2579
405440 7.55479e+006 26.2487
405440 7.55479e+006 26.2394
405440 7.55479e+006 26.2924
405440 7.55479e+006 26.2924
405440 7.55479e+006 26.3042
405440 7.55479e+006 26.2487
405440 7.55479e+006 26.2394
405440 7.55479e+006 26.2487
405440 7.55479e+006 26.3042
405440 7.55479e+006 26.3042
405440 7.55479e+006 26.2924
405440 7.55479e+006 26.2394
405440 7.55479e+006 26.2487
405440 7.55479e+006 26.2579
405440 7.55479e+006 26.3161
405440 7.55479e+006 26.3161
405440 7.55479e+006 26.3042
405440 7.55479e+006 26.2487
405440 7.55479e+006 26.3161
405440 7.55479e+006 26.3042
405440 7.55479e+006 26.3422
405440 7.55479e+006 26.3422
405440 7.55479e+006 26.3558
405440 7.55479e+006 26.3161
405440 7.55479e+006 26.3042
405440 7.55479e+006 26.2924
405440 7.55479e+006 26.3287
405440 7.55479e+006 26.3287
405440 7.55479e+006 26.3422
405440 7.55479e+006 26.3042
405440 7.55479e+006 26.2924
405440 7.55479e+006 26.3042
405440 7.55479e+006 26.3422
405440 7.55479e+006 26.3422
405440 7.55479e+006 26.3287
405440 7.55479e+006 26.2924
405440 7.55479e+006 26.3042
405440 7.55479e+006 26.3161
405440 7.55479e+006 26.3558
405440 7.55479e+006 26.3558
405440 7.55479e+006 26.3422
405440 7.55479e+006 26.3042
405440 7.55479e+006 26.3558
405440 7.55479e+006 26.3422
405440 7.55479e+006 26.36
405440 7.55479e+006 26.36
405440 7.55479e+006 26.3744
405440 7.55479e+006 26.3558
405440 7.55479e+006 26.3422
405440 7.55479e+006 26.3287
405440 7.55479e+006 26.3457
405440 7.55479e+006 26.3457
405440 7.55479e+006 26.36
405440 7.55479e+006 26.3422
405440 7.55479e+006 26.3287
405440 7.55479e+006 26.3422
405440 7.55479e+006 26.36
405440 7.55479e+006 26.36
405440 7.55479e+006 26.3457
405440 7.55479e+006 26.3287
405440 7.55479e+006 26.3422
405440 7.55479e+006 26.3558
405440 7.55479e+006 26.3744
405440 7.55479e+006 26.3744
405440 7.55479e+006 26.36
405440 7.55479e+006 26.3422
405440 7.55479e+006 26.3744
405440 7.55479e+006 26.36
405439 7.55479e+006 26.3564
405439 7.55479e+006 26.3564
405439 7.55479e+006 26.3707
405440 7.55479e+006 26.3744
405440 7.55479e+006 26.36
405440 7.55479e+006 26.3457
405439 7.55479e+006 26.3422
405439 7.55479e+006 26.3422
405439 7.55479e+006 26.3564
405440 7.55479e+006 26.36
405440 7.55479e+006 26.3457
405440 7.55479e+006 26.36
405439 7.55479e+006 26.3564
405439 7.55479e+006 26.3564
405439 7.55479e+006 26.3422
405440 7.55479e+006 26.3457
405440 7.55479e+006 26.36
405440 7.55479e+006 26.3744
405439 7.55479e+006 26.3707
405439 7.55479e+006 26.3707
405439 7.55479e+006 26.3564
405440 7.55479e+006 26.36
405439 7.55479e+006 26.3707
405439 7.55479e+006 26.3564
405439 7.55479e+006 26.3317
405439 7.55479e+006 26.3317
405439 7.55479e+006 26.3448
405439 7.55479e+006 26.3707
405439 7.55479e+006 26.3564
405439 7.55479e+006 26.3422
405439 7.55479e+006 26.3186
405439 7.55479e+006 26.3186
405439 7.55479e+006 26.3317
405439 7.55479e+006 26.3564
405439 7.55479e+006 26.3422
405439 7.55479e+006 26.3564
405439 7.55479e+006 26.3317
405439 7.55479e+006 26.3317
405439 7.55479e+006 26.3186
405439 7.55479e+006 26.3422
405439 7.55479e+006 26.3564
405439 7.55479e+006 26.3707
405439 7.55479e+006 26.3448
405439 7.55479e+006 26.3448
405439 7.55479e+006 26.3317
405439 7.55479e+006 26.3564
405439 7.55479e+006 26.3448
405439 7.55479e+006 26.3317
405439 7.55479e+006 26.2875
405439 7.55479e+006 26.2875
405439 7.55479e+006 26.2986
405439 7.55479e+006 26.3448
405439 7.55479e+006 26.3317
405439 7.55479e+006 26.3186
405439 7.55479e+006 26.2765
405439 7.55479e+006 26.2765
405439 7.55479e+006 26.2875
405439 7.55479e+006 26.3317
405439 7.55479e+006 26.3186
405439 7.55479e+006 26.3317
405439 7.55479e+006 26.2875
405439 7.55479e+006 26.2875
405439 7.55479e+006 26.2765
405439 7.55479e+006 26.3186
405439 7.55479e+006 26.3317
405439 7.55479e+006 26.3448
405439 7.55479e+006 26.2986
405439 7.55479e+006 26.2986
405439 7.55479e+006 26.2875
405439 7.55479e+006 26.3317
405439 7.55479e+006 26.2986
405439 7.55479e+006 26.2875
405439 7.55479e+006 26.2269
405439 7.55479e+006 26.2269
405439 7.55479e+006 26.2351
405439 7.55479e+006 26.2986
405439 7.55479e+006 26.2875
405439 7.55479e+006 26.2765
405439 7.55479e+006 26.2186
405439 7.55479e+006 26.2186
405439 7.55479e+006 26.2269
405439 7.55479e+006 26.2875
405439 7.55479e+006 26.2765
405439 7.55479e+006 26.2875
405439 7.55479e+006 26.2269
405439 7.55479e+006 26.2269
405439 7.55479e+006 26.2186
405439 7.55479e+006 26.2765
405439 7.55479e+006 26.2875
405439 7.55479e+006 26.2986
405439 7.55479e+006 26.2351
405439 7.55479e+006 26.2351
405439 7.55479e+006 26.2269
405439 7.55479e+006 26.2875
405439 7.55479e+006 26.2351
405439 7.55479e+006 26.2269
405439 7.55479e+006 26.1539
405439 7.55479e+006 26.1539
405439 7.55479e+006 26.1588
405439 7.55479e+006 26.2351
405439 7.55479e+006 26.2269
405439 7.55479e+006 26.2186
405439 7.55479e+006 26.1489
405439 7.55479e+006 26.1489
405439 7.55479e+006 26.1539
405439 7.55479e+006 26.2269
405439 7.55479e+006 26.2186
405439 7.55479e+006 26.2269
405439 7.55479e+006 26.1539
405439 7.55479e+006 26.1539
405439 7.55479e+006 26.1489
405439 7.55479e+006 26.2186
405439 7.55479e+006 26.2269
405439 7.55479e+006 26.2351
405439 7.55479e+006 26.1588
405439 7.55479e+006 26.1588
405439 7.55479e+006 26.1539
405439 7.55479e+006 26.2269
405439 7.55479e+006 26.1588
405439 7.55479e+006 26.1539
405439 7.55479e+006 26.0736
405439 7.55479e+006 26.0736
405439 7.55479e+006 26.0748
405439 7.55479e+006 26.1588
405439 7.55479e+006 26.1539
405439 7.55479e+006 26.1489
405439 7.55479e+006 26.0723
405439 7.55479e+006 26.0723
405439 7.55479e+006 26.0736
405439 7.55479e+006 26.1539
405439 7.55479e+006 26.1489
405439 7.55479e+006 26.1539
405439 7.55479e+006 26.0736
405439 7.55479e+006 26.0736
405439 7.55479e+006 26.0723
405439 7.55479e+006 26.1489
405439 7.55479e+006 26.1539
405439 7.55479e+006 26.1588
405439 7.55479e+006 26.0748
405439 7.55479e+006 26.0748
405439 7.55479e+006 26.0736
405439 7.55479e+006 26.1539
405439 7.55479e+006 26.0748
405439 7.55479e+006 26.0736
405439 7.55479e+006 25.9914
405439 7.55479e+006 25.9914
405439 7.55479e+006 25.9889
405439 7.55479e+006 26.0748
405439 7.55479e+006 26.0736
405439 7.55479e+006 26.0723
405439 7.55479e+006 25.9939
405439 7.55479e+006 25.9939
405439 7.55479e+006 25.9914
405439 7.55479e+006 26.0736
405439 7.55479e+006 26.0723
405439 7.55479e+006 26.0736
405439 7.55479e+006 25.9914
405439 7.55479e+006 25.9914
405439 7.55479e+006 25.9939
405439 7.55479e+006 26.0723
405439 7.55479e+006 26.0736
405439 7.55479e+006 26.0748
405439 7.55479e+006 25.9889
405439 7.55479e+006 25.9889
405439 7.55479e+006 25.9914
405439 7.55479e+006 26.0736
405439 7.55479e+006 25.9889
405439 7.55479e+006 25.9914
405439 7.55479e+006 25.9129
405439 7.55479e+006 25.9129
405439 7.55479e+006 25.9068
405439 7.55479e+006 25.9889
405439 7.55479e+006 25.9914
405439 7.55479e+006 25.9939
405439 7.55479e+006 25.919
405439 7.55479e+006 25.919
405439 7.55479e+006 25.9129
405439 7.55479e+006 25.9914
405439 7.55479e+006 25.9939
405439 7.55479e+006 25.9914
405439 7.55479e+006 25.9129
405439 7.55479e+006 25.9129
405439 7.55479e+006 25.919
405439 7.55479e+006 25.9939
405439 7.55479e+006 25.9914
405439 7.55479e+006 25.9889
405439 7.55479e+006 25.9068
405439 7.55479e+006 25.9068
405439 7.55479e+006 25.9129
405439 7.55479e+006 25.9914
405439 7.55479e+006 25.9068
405439 7.55479e+006 25.9129
405439 7.55479e+006 25.8435
405439 7.55479e+006 25.8435
405439 7.55479e+006 25.8343
405439 7.55479e+006 25.9068
405439 7.55479e+006 25.9129
405439 7.55479e+006 25.919
405439 7.55479e+006 25.8528
405439 7.55479e+006 25.8528
405439 7.55479e+006 25.8435
405439 7.55479e+006 25.9129
405439 7.55479e+006 25.919
405439 7.55479e+006 25.9129
405439 7.55479e+006 25.8435
405439 7.55479e+006 25.8435
405439 7.55479e+006 25.8528
405439 7.55479e+006 25.919
405439 7.55479e+006 25.9129
405439 7.55479e+006 25.9068
405439 7.55479e+006 25.8343
405439 7.55479e+006 25.8343
405439 7.55479e+006 25.8435
405439 7.55479e+006 25.9129
405439 7.55479e+006 25.8343
405439 7.55479e+006 25.8435
405439 7.55479e+006 25.788
405439 7.55479e+006 25.788
405439 7.55479e+006 25.7761
405439 7.55479e+006 25.8343
405439 7.55479e+006 25.8435
405439 7.55479e+006 25.8528
405439 7.55479e+006 25.7998
405439 7.55479e+006 25.7998
405439 7.55479e+006 25.788
405439 7.55479e+006 25.8435
405439 7.55479e+006 25.8528
405439 7.55479e+006 25.8435
405439 7.55479e+006 25.788
405439 7.55479e+006 25.788
405439 7.55479e+006 25.7998
405439 7.55479e+006 25.8528
405439 7.55479e+006 25.8435
405439 7.55479e+006 25.8343
405439 7.55479e+006 25.7761
405439 7.55479e+006 25.7761
405439 7.55479e+006 25.788
405439 7.55479e+006 25.8435
405439 7.55479e+006 25.7761
405439 7.55479e+006 25.788
405439 7.55479e+006 25.75
405439 7.55479e+006 25.75
405439 7.55479e+006 25.7364
405439 7.55479e+006 25.7761
405439 7.55479e+006 25.788
405439 7.55479e+006 25.7998
405439 7.55479e+006 25.7635
405439 7.55479e+006 25.7635
405439 7.55479e+006 25.75
405439 7.55479e+006 25.788
405439 7.55479e+006 25.7998
405439 7.55479e+006 25.788
405439 7.55479e+006 25.75
405439 7.55479e+006 25.75
405439 7.55479e+006 25.7635
405439 7.55479e+006 25.7998
405439 7.55479e+006 25.788
405439 7.55479e+006 25.7761
405439 7.55479e+006 25.7364
405439 7.55479e+006 25.7364
405439 7.55479e+006 25.75
405439 7.55479e+006 25.788
405439 7.55479e+006 25.7364
405439 7.55479e+006 25.75
405439 7.55479e+006 25.7322
405439 7.55479e+006 25.7322
405439 7.55479e+006 25.7178
405439 7.55479e+006 25.7364
405439 7.55479e+006 25.75
405439 7.55479e+006 25.7635
405439 7.55479e+006 25.7465
405439 7.55479e+006 25.7465
405439 7.55479e+006 25.7322
405439 7.55479e+006 25.75
405439 7.55479e+006 25.7635
405439 7.55479e+006 25.75
405439 7.55479e+006 25.7322
405439 7.55479e+006 25.7322
405439 7.55479e+006 25.7465
405439 7.55479e+006 25.7635
405439 7.55479e+006 25.75
405439 7.55479e+006 25.7364
405439 7.55479e+006 25.7178
405439 7.55479e+006 25.7178
405439 7.55479e+006 25.7322
405439 7.55479e+006 25.75
405439 7.55479e+006 25.7178
405439 7.55479e+006 25.7322
405440 7.55479e+006 25.7358
405440 7.55479e+006 25.7358
405440 7.55479e+006 25.7215
405439 7.55479e+006 25.7178
405439 7.55479e+006 25.7322
405439 7.55479e+006 25.7465
405440 7.55479e+006 25.75
405440 7.55479e+006 25.75
405440 7.55479e+006 25.7358
405439 7.55479e+006 25.7322
405439 7.55479e+006 25.7465
405439 7.55479e+006 25.7322
405440 7.55479e+006 25.7358
405440 7.55479e+006 25.7358
405440 7.55479e+006 25.75
405439 7.55479e+006 25.7465
405439 7.55479e+006 25.7322
405439 7.55479e+006 25.7178
405440 7.55479e+006 25.7215
405440 7.55479e+006 25.7215
405440 7.55479e+006 25.7358
405439 7.55479e+006 25.7322
405440 7.55479e+006 25.7215
405440 7.55479e+006 25.7358
405440 7.55479e+006 25.7605
405440 7.55479e+006 25.7605
405440 7.55479e+006 25.7474
405440 7.55479e+006 25.7215
405440 7.55479e+006 25.7358
405440 7.55479e+006 25.75
405440 7.55479e+006 25.7736
405440 7.55479e+006 25.7736
405440 7.55479e+006 25.7605
405440 7.55479e+006 25.7358
405440 7.55479e+006 25.75
405440 7.55479e+006 25.7358
405440 7.55479e+006 25.7605
405440 7.55479e+006 25.7605
405440 7.55479e+006 25.7736
405440 7.55479e+006 25.75
405440 7.55479e+006 25.7358
405440 7.55479e+006 25.7215
405440 7.55479e+006 25.7474
405440 7.55479e+006 25.7474
405440 7.55479e+006 25.7605
405440 7.55479e+006 25.7358
405440 7.55479e+006 25.7474
405440 7.55479e+006 25.7605
405440 7.55479e+006 25.8047
405440 7.55479e+006 25.8047
405440 7.55479e+006 25.7936
405440 7.55479e+006 25.7474
405440 7.55479e+006 25.7605
405440 7.55479e+006 25.7736
405440 7.55479e+006 25.8158
405440 7.55479e+006 25.8158
405440 7.55479e+006 25.8047
405440 7.55479e+006 25.7605
405440 7.55479e+006 25.7736
405440 7.55479e+006 25.7605
405440 7.55479e+006 25.8047
405440 7.55479e+006 25.8047
405440 7.55479e+006 25.8158
405440 7.55479e+006 25.7736
405440 7.55479e+006 25.7605
405440 7.55479e+006 25.7474
405440 7.55479e+006 25.7936
405440 7.55479e+006 25.7936
405440 7.55479e+006 25.8047
405440 7.55479e+006 25.7605
405440 7.55479e+006 25.7936
405440 7.55479e+006 25.8047
405440 7.55479e+006 25.8653
405440 7.55479e+006 25.8653
405440 7.55479e+006 25.8571
405440 7.55479e+006 25.7936
405440 7.55479e+006 25.8047
405440 7.55479e+006 25.8158
405440 7.55479e+006 25.8736
405440 7.55479e+006 25.8736
405440 7.55479e+006 25.8653
405440 7.55479e+006 25.8047
405440 7.55479e+006 25.8158
405440 7.55479e+006 25.8047
405440 7.55479e+006 25.8653
405440 7.55479e+006 25.8653
405440 7.55479e+006 25.8736
405440 7.55479e+006 25.8158
405440 7.55479e+006 25.8047
405440 7.55479e+006 25.7936
405440 7.55479e+006 25.8571
405440 7.55479e+006 25.8571
405440 7.55479e+006 25.8653
405440 7.55479e+006 25.8047
405440 7.55479e+006 25.8571
405440 7.55479e+006 25.8653
405440 7.55479e+006 25.9383
405440 7.55479e+006 25.9383
405440 7.55479e+006 25.9334
405440 7.55479e+006 25.8571
405440 7.55479e+006 25.8653
405440 7.55479e+006 25.8736
405440 7.55479e+006 25.9433
405440 7.55479e+006 25.9433
405440 7.55479e+006 25.9383
405440 7.55479e+006 25.8653
405440 7.55479e+006 25.8736
405440 7.55479e+006 25.8653
405440 7.55479e+006 25.9383
405440 7.55479e+006 25.9383
405440 7.55479e+006 25.9433
405440 7.55479e+006 25.8736
405440 7.55479e+006 25.8653
405440 7.55479e+006 25.8571
405440 7.55479e+006 25.9334
405440 7.55479e+006 25.9334
405440 7.55479e+006 25.9383
405440 7.55479e+006 25.8653
405440 7.55479e+006 25.9334
405440 7.55479e+006 25.9383
405440 7.55479e+006 26.0186
405440 7.55479e+006 26.0186
405440 7.55479e+006 26.0174
405440 7.55479e+006 25.9334
405440 7.55479e+006 25.9383
405440 7.55479e+006 25.9433
405440 7.55479e+006 26.0199
405440 7.55479e+006 26.0199
405440 7.55479e+006 26.0186
405440 7.55479e+006 25.9383
405440 7.55479e+006 25.9433
405440 7.55479e+006 25.9383
405440 7.55479e+006 26.0186
405440 7.55479e+006 26.0186
405440 7.55479e+006 26.0199
405440 7.55479e+006 25.9433
405440 7.55479e+006 25.9383
405440 7.55479e+006 25.9334
405440 7.55479e+006 26.0174
405440 7.55479e+006 26.0174
405440 7.55479e+006 26.0186
405440 7.55479e+006 25.9383
405440 7.55479e+006 26.0174
405440 7.55479e+006 26.0186
405440 7.55479e+006 26.1008
405440 7.55479e+006 26.1008
405440 7.55479e+006 26.1033
405440 7.55479e+006 26.0174
405440 7.55479e+006 26.0186
405440 7.55479e+006 26.0199
405440 7.55479e+006 26.0983
405440 7.55479e+006 26.0983
405440 7.55479e+006 26.1008
405440 7.55479e+006 26.0186
405440 7.55479e+006 26.0199
405440 7.55479e+006 26.0186
405440 7.55479e+006 26.1008
405440 7.55479e+006 26.1008
405440 7.55479e+006 26.0983
405440 7.55479e+006 26.0199
405440 7.55479e+006 26.0186
405440 7.55479e+006 26.0174
405440 7.55479e+006 26.1033
405440 7.55479e+006 26.1033
405440 7.55479e+006 26.1008
405440 7.55479e+006 26.0186
405440 7.55479e+006 26.1033
405440 7.55479e+006 26.1008
405440 7.55479e+006 26.1793
405440 7.55479e+006 26.1793
405440 7.55479e+006 26.1854
405440 7.55479e+006 26.1033
405440 7.55479e+006 26.1008
405440 7.55479e+006 26.0983
405440 7.55479e+006 26.1732
405440 7.55479e+006 26.1732
405440 7.55479e+006 26.1793
405440 7.55479e+006 26.1008
405440 7.55479e+006 26.0983
405440 7.55479e+006 26.1008
405440 7.55479e+006 26.1793
405440 7.55479e+006 26.1793
405440 7.55479e+006 26.1732
405440 7.55479e+006 26.0983
405440 7.55479e+006 26.1008
405440 7.55479e+006 26.1033
405440 7.55479e+006 26.1854
405440 7.55479e+006 26.1854
405440 7.55479e+006 26.1793
405440 7.55479e+006 26.1008
405440 7.55479e+006 26.1854
405440 7.55479e+006 26.1793
405440 7.55479e+006 26.2487
405440 7.55479e+006 26.2487
405440 7.55479e+006 26.2579
405440 7.55479e+006 26.1854
405440 7.55479e+006 26.1793
405440 7.55479e+006 26.1732
405440 7.55479e+006 26.2394
405440 7.55479e+006 26.2394
405440 7.55479e+006 26.2487
405440 7.55479e+006 26.1793
405440 7.55479e+006 26.1732
405440 7.55479e+006 26.1793
405440 7.55479e+006 26.2487
405440 7.55479e+006 26.2487
405440 7.55479e+006 26.2394
405440 7.55479e+006 26.1732
405440 7.55479e+006 26.1793
405440 7.55479e+006 26.1854
405440 7.55479e+006 26.2579
405440 7.55479e+006 26.2579
405440 7.55479e+006 26.2487
405440 7.55479e+006 26.1793
405439 7.55479e+006 26.2833
405439 7.55479e+006 26.0746
405439 7.55479e+006 26.0676
405439 7.55479e+006 26.0676
405439 7.55479e+006 26.2764
405439 7.55479e+006 26.2833
405439 7.55479e+006 26.2833
405439 7.55479e+006 26.2888
405439 7.55479e+006 26.08
405439 7.55479e+006 26.08
405439 7.55479e+006 26.0746
405439 7.55479e+006 26.2833
405439 7.55479e+006 26.2888
405439 7.55479e+006 26.2853
405439 7.55479e+006 26.0765
405439 7.55479e+006 26.0765
405439 7.55479e+006 26.08
405439 7.55479e+006 26.2888
405439 7.55479e+006 26.2853
405439 7.55479e+006 26.2776
405439 7.55479e+006 26.0688
405439 7.55479e+006 26.0688
405439 7.55479e+006 26.0765
405439 7.55479e+006 26.2853
405439 7.55479e+006 26.2776
405439 7.55479e+006 26.2764
405439 7.55479e+006 26.0676
405439 7.55479e+006 26.0676
405439 7.55479e+006 26.0688
405439 7.55479e+006 26.2776
405439 7.55479e+006 25.8517
405439 7.55479e+006 26.0288
405439 7.55479e+006 26.0205
405439 7.55479e+006 26.0205
405439 7.55479e+006 25.8434
405439 7.55479e+006 25.8517
405439 7.55479e+006 25.8515
405439 7.55479e+006 26.0286
405439 7.55479e+006 26.0288
405439 7.55479e+006 26.0288
405439 7.55479e+006 25.8517
405439 7.55479e+006 25.8515
405439 7.55479e+006 25.8431
405439 7.55479e+006 26.0201
405439 7.55479e+006 26.0286
405439 7.55479e+006 26.0286
405439 7.55479e+006 25.8515
405439 7.55479e+006 25.8431
405439 7.55479e+006 25.8381
405439 7.55479e+006 26.0152
405439 7.55479e+006 26.0201
405439 7.55479e+006 26.0201
405439 7.55479e+006 25.8431
405439 7.55479e+006 25.8381
405439 7.55479e+006 25.8434
405439 7.55479e+006 26.0205
405439 7.55479e+006 26.0152
405439 7.55479e+006 26.0152
405439 7.55479e+006 25.8381
405439 7.55479e+006 25.8434
405440 7.55479e+006 25.8094
405439 7.55479e+006 26.0198
405439 7.55479e+006 26.0233
405439 7.55479e+006 26.0233
405440 7.55479e+006 25.813
405440 7.55479e+006 25.8094
405440 7.55479e+006 25.813
405439 7.55479e+006 26.0233
405439 7.55479e+006 26.0179
405439 7.55479e+006 26.0179
405440 7.55479e+006 25.8075
405440 7.55479e+006 25.813
405440 7.55479e+006 25.8075
405439 7.55479e+006 26.0179
405439 7.55479e+006 26.0109
405439 7.55479e+006 26.0109
405440 7.55479e+006 25.8006
405440 7.55479e+006 25.8075
405440 7.55479e+006 25.8006
405439 7.55479e+006 26.0109
405439 7.55479e+006 26.0121
405439 7.55479e+006 26.0121
405440 7.55479e+006 25.8017
405440 7.55479e+006 25.8006
405440 7.55479e+006 25.8017
405439 7.55479e+006 26.0121
405439 7.55479e+006 26.0198
405439 7.55479e+006 26.0198
405440 7.55479e+006 25.8094
405440 7.55479e+006 25.8017
405439 7.55479e+006 26.0198
405439 7.55479e+006 26.0121
405439 7.55479e+006 26.0109
405439 7.55479e+006 26.0198
405439 7.55479e+006 26.0109
405439 7.55479e+006 26.0179
405439 7.55479e+006 26.0198
405439 7.55479e+006 26.0179
405439 7.55479e+006 26.0233
405439 7.55479e+006 26.0742
405439 7.55479e+006 26.0709
405439 7.55479e+006 26.0808
405439 7.55479e+006 26.0808
405439 7.55479e+006 26.0853
405439 7.55479e+006 26.0742
405439 7.55479e+006 26.0709
405439 7.55479e+006 26.0656
405439 7.55479e+006 26.0733
405439 7.55479e+006 26.0733
405439 7.55479e+006 26.0808
405439 7.55479e+006 26.0709
405439 7.55479e+006 26.0656
405439 7.55479e+006 26.0656
405439 7.55479e+006 26.0733
405439 7.55479e+006 26.0733
405439 7.55479e+006 26.0733
405439 7.55479e+006 26.0656
405439 7.55479e+006 26.0656
405439 7.55479e+006 26.0709
405439 7.55479e+006 26.0808
405439 7.55479e+006 26.0808
405439 7.55479e+006 26.0733
405439 7.55479e+006 26.0656
405439 7.55479e+006 26.0709
405439 7.55479e+006 26.0742
405439 7.55479e+006 26.0853
405439 7.55479e+006 26.0853
405439 7.55479e+006 26.0808
405439 7.55479e+006 26.0709
405439 7.55479e+006 26.0853
405439 7.55479e+006 26.0808
405439 7.55479e+006 26.0846
405439 7.55479e+006 26.0846
405439 7.55479e+006 26.0897
405439 7.55479e+006 26.0853
405439 7.55479e+006 26.0808
405439 7.55479e+006 26.0733
405439 7.55479e+006 26.0764
405439 7.55479e+006 26.0764
405439 7.55479e+006 26.0846
405439 7.55479e+006 26.0808
405439 7.55479e+006 26.0733
405439 7.55479e+006 26.0733
405439 7.55479e+006 26.0764
405439 7.55479e+006 26.0764
405439 7.55479e+006 26.0764
405439 7.55479e+006 26.0733
405439 7.55479e+006 26.0733
405439 7.55479e+006 26.0808
405439 7.55479e+006 26.0846
405439 7.55479e+006 26.0846
405439 7.55479e+006 26.0764
405439 7.55479e+006 26.0733
405439 7.55479e+006 26.0808
405439 7.55479e+006 26.0853
405439 7.55479e+006 26.0897
405439 7.55479e+006 26.0897
405439 7.55479e+006 26.0846
405439 7.55479e+006 26.0808
405439 7.55479e+006 26.0897
405439 7.55479e+006 26.0846
405439 7.55479e+006 26.0819
405439 7.55479e+006 26.0819
405439 7.55479e+006 26.0866
405439 7.55479e+006 26.0897
405439 7.55479e+006 26.0846
405439 7.55479e+006 26.0764
405439 7.55479e+006 26.0742
405439 7.55479e+006 26.0742
405439 7.55479e+006 26.0819
405439 7.55479e+006 26.0846
405439 7.55479e+006 26.0764
405439 7.55479e+006 26.0764
405439 7.55479e+006 26.0742
405439 7.55479e+006 26.0742
405439 7.55479e+006 26.0742
405439 7.55479e+006 26.0764
405439 7.55479e+006 26.0764
405439 7.55479e+006 26.0846
405439 7.55479e+006 26.0819
405439 7.55479e+006 26.0819
405439 7.55479e+006 26.0742
405439 7.55479e+006 26.0764
405439 7.55479e+006 26.0846
405439 7.55479e+006 26.0897
405439 7.55479e+006 26.0866
405439 7.55479e+006 26.0866
405439 7.55479e+006 26.0819
405439 7.55479e+006 26.0846
405439 7.55479e+006 26.0866
405439 7.55479e+006 26.0819
405439 7.55479e+006 26.0729
405439 7.55479e+006 26.0729
405439 7.55479e+006 26.0764
405439 7.55479e+006 26.0866
405439 7.55479e+006 26.0819
405439 7.55479e+006 26.0742
405439 7.55479e+006 26.0672
405439 7.55479e+006 26.0672
405439 7.55479e+006 26.0729
405439 7.55479e+006 26.0819
405439 7.55479e+006 26.0742
405439 7.55479e+006 26.0742
405439 7.55479e+006 26.0672
405439 7.55479e+006 26.0672
405439 7.55479e+006 26.0672
405439 7.55479e+006 26.0742
405439 7.55479e+006 26.0742
405439 7.55479e+006 26.0819
405439 7.55479e+006 26.0729
405439 7.55479e+006 26.0729
405439 7.55479e+006 26.0672
405439 7.55479e+006 26.0742
405439 7.55479e+006 26.0819
405439 7.55479e+006 26.0866
405439 7.55479e+006 26.0764
405439 7.55479e+006 26.0764
405439 7.55479e+006 26.0729
405439 7.55479e+006 26.0819
405439 7.55479e+006 26.0764
405439 7.55479e+006 26.0729
405439 7.55479e+006 26.0593
405439 7.55479e+006 26.0593
405439 7.55479e+006 26.061
405439 7.55479e+006 26.0764
405439 7.55479e+006 26.0729
405439 7.55479e+006 26.0672
405439 7.55479e+006 26.0565
405439 7.55479e+006 26.0565
405439 7.55479e+006 26.0593
405439 7.55479e+006 26.0729
405439 7.55479e+006 26.0672
405439 7.55479e+006 26.0672
405439 7.55479e+006 26.0565
405439 7.55479e+006 26.0565
405439 7.55479e+006 26.0565
405439 7.55479e+006 26.0672
405439 7.55479e+006 26.0672
405439 7.55479e+006 26.0729
405439 7.55479e+006 26.0593
405439 7.55479e+006 26.0593
405439 7.55479e+006 26.0565
405439 7.55479e+006 26.0672
405439 7.55479e+006 26.0729
405439 7.55479e+006 26.0764
405439 7.55479e+006 26.061
405439 7.55479e+006 26.061
405439 7.55479e+006 26.0593
405439 7.55479e+006 26.0729
405439 7.55479e+006 26.061
405439 7.55479e+006 26.0593
405439 7.55479e+006 26.0434
405439 7.55479e+006 26.0434
405439 7.55479e+006 26.0431
405439 7.55479e+006 26.061
405439 7.55479e+006 26.0593
405439 7.55479e+006 26.0565
405439 7.55479e+006 26.044
405439 7.55479e+006 26.044
405439 7.55479e+006 26.0434
405439 7.55479e+006 26.0593
405439 7.55479e+006 26.0565
405439 7.55479e+006 26.0565
405439 7.55479e+006 26.044
405439 7.55479e+006 26.044
405439 7.55479e+006 26.044
405439 7.55479e+006 26.0565
405439 7.55479e+006 26.0565
405439 7.55479e+006 26.0593
405439 7.55479e+006 26.0434
405439 7.55479e+006 26.0434
405439 7.55479e+006 26.044
405439 7.55479e+006 26.0565
405439 7.55479e+006 26.0593
405439 7.55479e+006 26.061
405439 7.55479e+006 26.0431
405439 7.55479e+006 26.0431
405439 7.55479e+006 26.0434
405439 7.55479e+006 26.0593
405439 7.55479e+006 26.0431
405439 7.55479e+006 26.0434
405439 7.55479e+006 26.028
405439 7.55479e+006 26.028
405439 7.55479e+006 26.0256
405439 7.55479e+006 26.0431
405439 7.55479e+006 26.0434
405439 7.55479e+006 26.044
405439 7.55479e+006 26.0319
405439 7.55479e+006 26.0319
405439 7.55479e+006 26.028
405439 7.55479e+006 26.0434
405439 7.55479e+006 26.044
405439 7.55479e+006 26.044
405439 7.55479e+006 26.0319
405439 7.55479e+006 26.0319
405439 7.55479e+006 26.0319
405439 7.55479e+006 26.044
405439 7.55479e+006 26.044
405439 7.55479e+006 26.0434
405439 7.55479e+006 26.028
405439 7.55479e+006 26.028
405439 7.55479e+006 26.0319
405439 7.55479e+006 26.044
405439 7.55479e+006 26.0434
405439 7.55479e+006 26.0431
405439 7.55479e+006 26.0256
405439 7.55479e+006 26.0256
405439 7.55479e+006 26.028
405439 7.55479e+006 26.0434
405439 7.55479e+006 26.0256
405439 7.55479e+006 26.028
405439 7.55479e+006 26.0157
405439 7.55479e+006 26.0157
405439 7.55479e+006 26.0117
405439 7.55479e+006 26.0256
405439 7.55479e+006 26.028
405439 7.55479e+006 26.0319
405439 7.55479e+006 26.0222
405439 7.55479e+006 26.0222
405439 7.55479e+006 26.0157
405439 7.55479e+006 26.028
405439 7.55479e+006 26.0319
405439 7.55479e+006 26.0319
405439 7.55479e+006 26.0222
405439 7.55479e+006 26.0222
405439 7.55479e+006 26.0222
405439 7.55479e+006 26.0319
405439 7.55479e+006 26.0319
405439 7.55479e+006 26.028
405439 7.55479e+006 26.0157
405439 7.55479e+006 26.0157
405439 7.55479e+006 26.0222
405439 7.55479e+006 26.0319
405439 7.55479e+006 26.028
405439 7.55479e+006 26.0256
405439 7.55479e+006 26.0117
405439 7.55479e+006 26.0117
405439 7.55479e+006 26.0157
405439 7.55479e+006 26.028
405439 7.55479e+006 26.0117
405439 7.55479e+006 26.0157
405439 7.55479e+006 26.0087
405439 7.55479e+006 26.0087
405439 7.55479e+006 26.0037
405439 7.55479e+006 26.0117
405439 7.55479e+006 26.0157
405439 7.55479e+006 26.0222
405439 7.55479e+006 26.0167
405439 7.55479e+006 26.0167
405439 7.55479e+006 26.0087
405439 7.55479e+006 26.0157
405439 7.55479e+006 26.0222
405439 7.55479e+006 26.0222
405439 7.55479e+006 26.0167
405439 7.55479e+006 26.0167
405439 7.55479e+006 26.0167
405439 7.55479e+006 26.0222
405439 7.55479e+006 26.0222
405439 7.55479e+006 26.0157
405439 7.55479e+006 26.0087
405439 7.55479e+006 26.0087
405439 7.55479e+006 26.0167
405439 7.55479e+006 26.0222
405439 7.55479e+006 26.0157
405439 7.55479e+006 26.0117
405439 7.55479e+006 26.0037
405439 7.55479e+006 26.0037
405439 7.55479e+006 26.0087
405439 7.55479e+006 26.0157
405439 7.55479e+006 26.0037
405439 7.55479e+006 26.0087
405439 7.55479e+006 26.0081
405439 7.55479e+006 26.0081
405439 7.55479e+006 26.0031
405439 7.55479e+006 26.0037
405439 7.55479e+006 26.0087
405439 7.55479e+006 26.0167
405439 7.55479e+006 26.0163
405439 7.55479e+006 26.0163
405439 7.55479e+006 26.0081
405439 7.55479e+006 26.0087
405439 7.55479e+006 26.0167
405439 7.55479e+006 26.0167
405439 7.55479e+006 26.0163
405439 7.55479e+006 26.0163
405439 7.55479e+006 26.0163
405439 7.55479e+006 26.0167
405439 7.55479e+006 26.0167
405439 7.55479e+006 26.0087
405439 7.55479e+006 26.0081
405439 7.55479e+006 26.0081
405439 7.55479e+006 26.0163
405439 7.55479e+006 26.0167
405439 7.55479e+006 26.0087
405439 7.55479e+006 26.0037
405439 7.55479e+006 26.0031
405439 7.55479e+006 26.0031
405439 7.55479e+006 26.0081
405439 7.55479e+006 26.0087
405439 7.55479e+006 26.0031
405439 7.55479e+006 26.0081
405439 7.55479e+006 26.0141
405439 7.55479e+006 26.0141
405439 7.55479e+006 26.0099
405439 7.55479e+006 26.0031
405439 7.55479e+006 26.0081
405439 7.55479e+006 26.0163
405439 7.55479e+006 26.021
405439 7.55479e+006 26.021
405439 7.55479e+006 26.0141
405439 7.55479e+006 26.0081
405439 7.55479e+006 26.0163
405439 7.55479e+006 26.0163
405439 7.55479e+006 26.021
405439 7.55479e+006 26.021
405439 7.55479e+006 26.021
405439 7.55479e+006 26.0163
405439 7.55479e+006 26.0163
405439 7.55479e+006 26.0081
405439 7.55479e+006 26.0141
405439 7.55479e+006 26.0141
405439 7.55479e+006 26.021
405439 7.55479e+006 26.0163
405439 7.55479e+006 26.0081
405439 7.55479e+006 26.0031
405439 7.55479e+006 26.0099
405439 7.55479e+006 26.0099
405439 7.55479e+006 26.0141
405439 7.55479e+006 26.0081
405439 7.55479e+006 26.0099
405439 7.55479e+006 26.0141
405439 7.55479e+006 26.0257
405439 7.55479e+006 26.0257
405439 7.55479e+006 26.023
405439 7.55479e+006 26.0099
405439 7.55479e+006 26.0141
405439 7.55479e+006 26.021
405439 7.55479e+006 26.03
405439 7.55479e+006 26.03
405439 7.55479e+006 26.0257
405439 7.55479e+006 26.0141
405439 7.55479e+006 26.021
405439 7.55479e+006 26.021
405439 7.55479e+006 26.03
405439 7.55479e+006 26.03
405439 7.55479e+006 26.03
405439 7.55479e+006 26.021
405439 7.55479e+006 26.021
405439 7.55479e+006 26.0141
405439 7.55479e+006 26.0257
405439 7.55479e+006 26.0257
405439 7.55479e+006 26.03
405439 7.55479e+006 26.021
405439 7.55479e+006 26.0141
405439 7.55479e+006 26.0099
405439 7.55479e+006 26.023
405439 7.55479e+006 26.023
405439 7.55479e+006 26.0257
405439 7.55479e+006 26.0141
405439 7.55479e+006 26.023
405439 7.55479e+006 26.0257
405439 7.55479e+006 26.0407
405439 7.55479e+006 26.0407
405439 7.55479e+006 26.04
405439 7.55479e+006 26.023
405439 7.55479e+006 26.0257
405439 7.55479e+006 26.03
405439 7.55479e+006 26.0419
405439 7.55479e+006 26.0419
405439 7.55479e+006 26.0407
405439 7.55479e+006 26.0257
405439 7.55479e+006 26.03
405439 7.55479e+006 26.03
405439 7.55479e+006 26.0419
405439 7.55479e+006 26.0419
405439 7.55479e+006 26.0419
405439 7.55479e+006 26.03
405439 7.55479e+006 26.03
405439 7.55479e+006 26.0257
405439 7.55479e+006 26.0407
405439 7.55479e+006 26.0407
405439 7.55479e+006 26.0419
405439 7.55479e+006 26.03
405439 7.55479e+006 26.0257
405439 7.55479e+006 26.023
405439 7.55479e+006 26.04
405439 7.55479e+006 26.04
405439 7.55479e+006 26.0407
405439 7.55479e+006 26.0257
405439 7.55479e+006 26.04
405439 7.55479e+006 26.0407
405439 7.55479e+006 26.0567
405439 7.55479e+006 26.0567
405439 7.55479e+006 26.0581
405439 7.55479e+006 26.04
405439 7.55479e+006 26.0407
405439 7.55479e+006 26.0419
405439 7.55479e+006 26.0545
405439 7.55479e+006 26.0545
405439 7.55479e+006 26.0567
405439 7.55479e+006 26.0407
405439 7.55479e+006 26.0419
405439 7.55479e+006 26.0419
405439 7.55479e+006 26.0545
405439 7.55479e+006 26.0545
405439 7.55479e+006 26.0545
405439 7.55479e+006 26.0419
405439 7.55479e+006 26.0419
405439 7.55479e+006 26.0407
405439 7.55479e+006 26.0567
405439 7.55479e+006 26.0567
405439 7.55479e+006 26.0545
405439 7.55479e+006 26.0419
405439 7.55479e+006 26.0407
405439 7.55479e+006 26.04
405439 7.55479e+006 26.0581
405439 7.55479e+006 26.0581
405439 7.55479e+006 26.0567
405439 7.55479e+006 26.0407
405439 7.55479e+006 26.0581
405439 7.55479e+006 26.0567
405439 7.55479e+006 26.0709
405439 7.55479e+006 26.0709
405439 7.55479e+006 26.0742
405439 7.55479e+006 26.0581
405439 7.55479e+006 26.0567
405439 7.55479e+006 26.0545
405439 7.55479e+006 26.0656
405439 7.55479e+006 26.0656
405439 7.55479e+006 26.0709
405439 7.55479e+006 26.0567
405439 7.55479e+006 26.0545
405439 7.55479e+006 26.0545
405439 7.55479e+006 26.0656
405439 7.55479e+006 26.0656
405439 7.55479e+006 26.0656
405439 7.55479e+006 26.0545
405439 7.55479e+006 26.0545
405439 7.55479e+006 26.0567
405439 7.55479e+006 26.0709
405439 7.55479e+006 26.0709
405439 7.55479e+006 26.0656
405439 7.55479e+006 26.0545
405439 7.55479e+006 26.0567
405439 7.55479e+006 26.0581
405439 7.55479e+006 26.0742
405439 7.55479e+006 26.0742
405439 7.55479e+006 26.0709
405439 7.55479e+006 26.0567
405440 7.55479e+006 26.242
405439 7.55479e+006 26.0646
405439 7.55479e+006 26.073
405439 7.55479e+006 26.073
405440 7.55479e+006 26.2504
405440 7.55479e+006 26.242
405440 7.55479e+006 26.2504
405439 7.55479e+006 26.073
405439 7.55479e+006 26.0732
405439 7.55479e+006 26.0732
405440 7.55479e+006 26.2507
405440 7.55479e+006 26.2504
405440 7.55479e+006 26.2507
405439 7.55479e+006 26.0732
405439 7.55479e+006 26.065
405439 7.55479e+006 26.065
405440 7.55479e+006 26.2424
405440 7.55479e+006 26.2507
405440 7.55479e+006 26.2424
405439 7.55479e+006 26.065
405439 7.55479e+006 26.0596
405439 7.55479e+006 26.0596
405440 7.55479e+006 26.237
405440 7.55479e+006 26.2424
405440 7.55479e+006 26.237
405439 7.55479e+006 26.0596
405439 7.55479e+006 26.0646
405439 7.55479e+006 26.0646
405440 7.55479e+006 26.242
405440 7.55479e+006 26.237
