405431 7.55479e+006 20.5432
405431 7.55479e+006 20.5509
405431 7.55479e+006 20.5509
405431 7.55479e+006 20.5509
405431 7.55479e+006 20.5432
405431 7.55479e+006 20.5432
405431 7.55479e+006 20.5509
405431 7.55479e+006 20.5432
405431 7.55479e+006 20.5432
405431 7.55479e+006 20.5432
405431 7.55479e+006 20.5509
405431 7.55479e+006 20.5509
405431 7.55479e+006 20.5432
405431 7.55479e+006 20.5354
405431 7.55479e+006 20.5354
405431 7.55479e+006 20.5354
405431 7.55479e+006 20.5432
405431 7.55479e+006 20.5432
405431 7.55479e+006 20.5354
405431 7.55479e+006 20.5432
405431 7.55479e+006 20.5432
405431 7.55479e+006 20.5432
405431 7.55479e+006 20.5354
405431 7.55479e+006 20.5354
405431 7.55479e+006 20.5432
405431 7.55479e+006 20.5509
405431 7.55479e+006 20.5509
405431 7.55479e+006 20.5509
405431 7.55479e+006 20.5432
405431 7.55479e+006 20.5432
405431 7.55479e+006 20.5509
405431 7.55479e+006 20.5432
405431 7.55479e+006 20.5432
405431 7.55479e+006 20.5432
405431 7.55479e+006 20.5509
405431 7.55479e+006 20.5509
405431 7.55479e+006 20.5432
405431 7.55479e+006 20.5354
405431 7.55479e+006 20.5354
405431 7.55479e+006 20.5354
405431 7.55479e+006 20.5432
405431 7.55479e+006 20.5432
405431 7.55479e+006 20.5354
405431 7.55479e+006 20.5432
405431 7.55479e+006 20.5432
405431 7.55479e+006 20.5432
405431 7.55479e+006 20.5354
405431 7.55479e+006 20.5354
405431 7.55479e+006 20.5432
405431 7.55479e+006 20.5509
405431 7.55479e+006 20.5509
405431 7.55479e+006 20.5509
405431 7.55479e+006 20.5432
405431 7.55479e+006 20.5432
405431 7.55479e+006 20.5509
405431 7.55479e+006 20.5432
405431 7.55479e+006 20.5432
405431 7.55479e+006 20.5432
405431 7.55479e+006 20.5509
405431 7.55479e+006 20.5509
405431 7.55479e+006 20.5432
405431 7.55479e+006 20.5354
405431 7.55479e+006 20.5354
405431 7.55479e+006 20.5354
405431 7.55479e+006 20.5432
405431 7.55479e+006 20.5432
405431 7.55479e+006 20.5354
405431 7.55479e+006 20.5432
405431 7.55479e+006 20.5432
405431 7.55479e+006 20.5432
405431 7.55479e+006 20.5354
405431 7.55479e+006 20.5354
405431 7.55479e+006 20.5432
405431 7.55479e+006 20.5509
405431 7.55479e+006 20.5509
405431 7.55479e+006 20.5509
405431 7.55479e+006 20.5432
405431 7.55479e+006 20.5432
405431 7.55479e+006 20.5509
405431 7.55479e+006 20.5432
405431 7.55479e+006 20.5432
405431 7.55479e+006 20.5432
405431 7.55479e+006 20.5509
405431 7.55479e+006 20.5509
405431 7.55479e+006 20.5432
405431 7.55479e+006 20.5354
405431 7.55479e+006 20.5354
405431 7.55479e+006 20.5354
405431 7.55479e+006 20.5432
405431 7.55479e+006 20.5432
405431 7.55479e+006 20.5354
405431 7.55479e+006 20.5432
405431 7.55479e+006 20.5432
405431 7.55479e+006 20.5432
405431 7.55479e+006 20.5354
405431 7.55479e+006 20.5354
405431 7.55479e+006 20.5432
405431 7.55479e+006 20.5509
405431 7.55479e+006 20.5509
405431 7.55479e+006 20.5509
405431 7.55479e+006 20.5432
405431 7.55479e+006 20.5432
405431 7.55479e+006 20.5509
405431 7.55479e+006 20.5432
405431 7.55479e+006 20.5432
405431 7.55479e+006 20.5432
405431 7.55479e+006 20.5509
405431 7.55479e+006 20.5509
405431 7.55479e+006 20.5432
405431 7.55479e+006 20.5354
405431 7.55479e+006 20.5354
405431 7.55479e+006 20.5354
405431 7.55479e+006 20.5432
405431 7.55479e+006 20.5432
405431 7.55479e+006 20.5354
405431 7.55479e+006 20.5432
405431 7.55479e+006 20.5432
405431 7.55479e+006 20.5432
405431 7.55479e+006 20.5354
405431 7.55479e+006 20.5354
405431 7.55479e+006 20.5432
405431 7.55479e+006 20.5509
405431 7.55479e+006 20.5509
405431 7.55479e+006 20.5509
405431 7.55479e+006 20.5432
405431 7.55479e+006 20.5432
405431 7.55479e+006 20.5509
405431 7.55479e+006 20.5432
405431 7.55479e+006 20.5432
405431 7.55479e+006 20.5432
405431 7.55479e+006 20.5509
405431 7.55479e+006 20.5509
405431 7.55479e+006 20.5432
405431 7.55479e+006 20.5354
405431 7.55479e+006 20.5354
405431 7.55479e+006 20.5354
405431 7.55479e+006 20.5432
405431 7.55479e+006 20.5432
405431 7.55479e+006 20.5354
405431 7.55479e+006 20.5432
405431 7.55479e+006 20.5432
405431 7.55479e+006 20.5432
405431 7.55479e+006 20.5354
405431 7.55479e+006 20.5354
405431 7.55479e+006 20.5432
405431 7.55479e+006 20.5509
405430 7.55479e+006 20.5509
405430 7.55479e+006 20.5509
405430 7.55479e+006 20.5432
405431 7.55479e+006 20.5432
405431 7.55479e+006 20.5509
405431 7.55479e+006 20.5432
405430 7.55479e+006 20.5432
405430 7.55479e+006 20.5432
405430 7.55479e+006 20.5509
405431 7.55479e+006 20.5509
405431 7.55479e+006 20.5432
405431 7.55479e+006 20.5354
405430 7.55479e+006 20.5354
405430 7.55479e+006 20.5354
405430 7.55479e+006 20.5432
405431 7.55479e+006 20.5432
405431 7.55479e+006 20.5354
405431 7.55479e+006 20.5432
405430 7.55479e+006 20.5432
405430 7.55479e+006 20.5432
405430 7.55479e+006 20.5354
405431 7.55479e+006 20.5354
405430 7.55479e+006 20.5432
405430 7.55479e+006 20.5509
405430 7.55479e+006 20.5509
405430 7.55479e+006 20.5509
405430 7.55479e+006 20.5432
405430 7.55479e+006 20.5432
405430 7.55479e+006 20.5509
405430 7.55479e+006 20.5432
405430 7.55479e+006 20.5432
405430 7.55479e+006 20.5432
405430 7.55479e+006 20.5509
405430 7.55479e+006 20.5509
405430 7.55479e+006 20.5432
405430 7.55479e+006 20.5354
405430 7.55479e+006 20.5354
405430 7.55479e+006 20.5354
405430 7.55479e+006 20.5432
405430 7.55479e+006 20.5432
405430 7.55479e+006 20.5354
405430 7.55479e+006 20.5432
405430 7.55479e+006 20.5432
405430 7.55479e+006 20.5432
405430 7.55479e+006 20.5354
405430 7.55479e+006 20.5354
405430 7.55479e+006 20.5432
405430 7.55479e+006 20.5509
405430 7.55479e+006 20.5509
405430 7.55479e+006 20.5509
405430 7.55479e+006 20.5432
405430 7.55479e+006 20.5432
405430 7.55479e+006 20.5509
405430 7.55479e+006 20.5432
405430 7.55479e+006 20.5432
405430 7.55479e+006 20.5432
405430 7.55479e+006 20.5509
405430 7.55479e+006 20.5509
405430 7.55479e+006 20.5432
405430 7.55479e+006 20.5354
405430 7.55479e+006 20.5354
405430 7.55479e+006 20.5354
405430 7.55479e+006 20.5432
405430 7.55479e+006 20.5432
405430 7.55479e+006 20.5354
405430 7.55479e+006 20.5432
405430 7.55479e+006 20.5432
405430 7.55479e+006 20.5432
405430 7.55479e+006 20.5354
405430 7.55479e+006 20.5354
405430 7.55479e+006 20.5432
405430 7.55479e+006 20.5509
405430 7.55479e+006 20.5509
405430 7.55479e+006 20.5509
405430 7.55479e+006 20.5432
405430 7.55479e+006 20.5432
405430 7.55479e+006 20.5509
405430 7.55479e+006 20.5432
405430 7.55479e+006 20.5432
405430 7.55479e+006 20.5432
405430 7.55479e+006 20.5509
405430 7.55479e+006 20.5509
405430 7.55479e+006 20.5432
405430 7.55479e+006 20.5354
405430 7.55479e+006 20.5354
405430 7.55479e+006 20.5354
405430 7.55479e+006 20.5432
405430 7.55479e+006 20.5432
405430 7.55479e+006 20.5354
405430 7.55479e+006 20.5432
405430 7.55479e+006 20.5432
405430 7.55479e+006 20.5432
405430 7.55479e+006 20.5354
405430 7.55479e+006 20.5354
405430 7.55479e+006 20.5432
405430 7.55479e+006 20.5509
405430 7.55479e+006 20.5509
405430 7.55479e+006 20.5509
405430 7.55479e+006 20.5432
405430 7.55479e+006 20.5432
405430 7.55479e+006 20.5509
405430 7.55479e+006 20.5432
405430 7.55479e+006 20.5432
405430 7.55479e+006 20.5432
405430 7.55479e+006 20.5509
405430 7.55479e+006 20.5509
405430 7.55479e+006 20.5432
405430 7.55479e+006 20.5354
405430 7.55479e+006 20.5354
405430 7.55479e+006 20.5354
405430 7.55479e+006 20.5432
405430 7.55479e+006 20.5432
405430 7.55479e+006 20.5354
405430 7.55479e+006 20.5432
405430 7.55479e+006 20.5432
405430 7.55479e+006 20.5432
405430 7.55479e+006 20.5354
405430 7.55479e+006 20.5354
405430 7.55479e+006 20.5432
405430 7.55479e+006 20.5509
405430 7.55479e+006 20.5509
405430 7.55479e+006 20.5509
405430 7.55479e+006 20.5432
405430 7.55479e+006 20.5432
405430 7.55479e+006 20.5509
405430 7.55479e+006 20.5432
405430 7.55479e+006 20.5432
405430 7.55479e+006 20.5432
405430 7.55479e+006 20.5509
405430 7.55479e+006 20.5509
405430 7.55479e+006 20.5432
405430 7.55479e+006 20.5354
405430 7.55479e+006 20.5354
405430 7.55479e+006 20.5354
405430 7.55479e+006 20.5432
405430 7.55479e+006 20.5432
405430 7.55479e+006 20.5354
405430 7.55479e+006 20.5432
405430 7.55479e+006 20.5432
405430 7.55479e+006 20.5432
405430 7.55479e+006 20.5354
405430 7.55479e+006 20.5354
405430 7.55479e+006 20.5432
405430 7.55479e+006 20.5509
405430 7.55479e+006 20.5509
405430 7.55479e+006 20.5509
405430 7.55479e+006 20.5432
405430 7.55479e+006 20.5432
405430 7.55479e+006 20.5509
405430 7.55479e+006 20.5432
405430 7.55479e+006 20.5432
405430 7.55479e+006 20.5432
405430 7.55479e+006 20.5509
405430 7.55479e+006 20.5509
405430 7.55479e+006 20.5432
405430 7.55479e+006 20.5354
405430 7.55479e+006 20.5354
405430 7.55479e+006 20.5354
405430 7.55479e+006 20.5432
405430 7.55479e+006 20.5432
405430 7.55479e+006 20.5354
405430 7.55479e+006 20.5432
405430 7.55479e+006 20.5432
405430 7.55479e+006 20.5432
405430 7.55479e+006 20.5354
405430 7.55479e+006 20.5354
405430 7.55479e+006 20.5432
405430 7.55479e+006 20.5509
405430 7.55479e+006 20.5509
405430 7.55479e+006 20.5509
405430 7.55479e+006 20.5432
405430 7.55479e+006 20.5432
405430 7.55479e+006 20.5509
405430 7.55479e+006 20.5432
405430 7.55479e+006 20.5432
405430 7.55479e+006 20.5432
405430 7.55479e+006 20.5509
405430 7.55479e+006 20.5509
405430 7.55479e+006 20.5432
405430 7.55479e+006 20.5354
405430 7.55479e+006 20.5354
405430 7.55479e+006 20.5354
405430 7.55479e+006 20.5432
405430 7.55479e+006 20.5432
405430 7.55479e+006 20.5354
405430 7.55479e+006 20.5432
405430 7.55479e+006 20.5432
405430 7.55479e+006 20.5432
405430 7.55479e+006 20.5354
405430 7.55479e+006 20.5354
405430 7.55479e+006 20.5432
405430 7.55479e+006 20.5509
405430 7.55479e+006 20.5509
405430 7.55479e+006 20.5509
405430 7.55479e+006 20.5432
405430 7.55479e+006 20.5432
405430 7.55479e+006 20.5509
405430 7.55479e+006 20.5432
405430 7.55479e+006 20.5432
405430 7.55479e+006 20.5432
405430 7.55479e+006 20.5509
405430 7.55479e+006 20.5509
405430 7.55479e+006 20.5432
405430 7.55479e+006 20.5354
405430 7.55479e+006 20.5354
405430 7.55479e+006 20.5354
405430 7.55479e+006 20.5432
405430 7.55479e+006 20.5432
405430 7.55479e+006 20.5354
405430 7.55479e+006 20.5432
405430 7.55479e+006 20.5432
405430 7.55479e+006 20.5432
405430 7.55479e+006 20.5354
405430 7.55479e+006 20.5354
405430 7.55479e+006 20.5432
405430 7.55479e+006 20.5509
405430 7.55479e+006 20.5509
405430 7.55479e+006 20.5509
405430 7.55479e+006 20.5432
405430 7.55479e+006 20.5432
405430 7.55479e+006 20.5509
405430 7.55479e+006 20.5432
405430 7.55479e+006 20.5432
405430 7.55479e+006 20.5432
405430 7.55479e+006 20.5509
405430 7.55479e+006 20.5509
405430 7.55479e+006 20.5432
405430 7.55479e+006 20.5354
405430 7.55479e+006 20.5354
405430 7.55479e+006 20.5354
405430 7.55479e+006 20.5432
405430 7.55479e+006 20.5432
405430 7.55479e+006 20.5354
405430 7.55479e+006 20.5432
405430 7.55479e+006 20.5432
405430 7.55479e+006 20.5432
405430 7.55479e+006 20.5354
405430 7.55479e+006 20.5354
405430 7.55479e+006 20.5432
405430 7.55479e+006 20.5509
405430 7.55479e+006 20.5509
405430 7.55479e+006 20.5509
405430 7.55479e+006 20.5432
405430 7.55479e+006 20.5432
405430 7.55479e+006 20.5509
405430 7.55479e+006 20.5432
405430 7.55479e+006 20.5432
405430 7.55479e+006 20.5432
405430 7.55479e+006 20.5509
405430 7.55479e+006 20.5509
405430 7.55479e+006 20.5432
405430 7.55479e+006 20.5354
405430 7.55479e+006 20.5354
405430 7.55479e+006 20.5354
405430 7.55479e+006 20.5432
405430 7.55479e+006 20.5432
405430 7.55479e+006 20.5354
405430 7.55479e+006 20.5432
405430 7.55479e+006 20.5432
405430 7.55479e+006 20.5432
405430 7.55479e+006 20.5354
405430 7.55479e+006 20.5354
405430 7.55479e+006 20.5432
405430 7.55479e+006 20.5509
405430 7.55479e+006 20.5509
405430 7.55479e+006 20.5509
405430 7.55479e+006 20.5432
405430 7.55479e+006 20.5432
405430 7.55479e+006 20.5509
405430 7.55479e+006 20.5432
405430 7.55479e+006 20.5432
405430 7.55479e+006 20.5432
405430 7.55479e+006 20.5509
405430 7.55479e+006 20.5509
405430 7.55479e+006 20.5432
405430 7.55479e+006 20.5354
405430 7.55479e+006 20.5354
405430 7.55479e+006 20.5354
405430 7.55479e+006 20.5432
405430 7.55479e+006 20.5432
405430 7.55479e+006 20.5354
405430 7.55479e+006 20.5432
405430 7.55479e+006 20.5432
405430 7.55479e+006 20.5432
405430 7.55479e+006 20.5354
405430 7.55479e+006 20.5354
405430 7.55479e+006 20.5432
405430 7.55479e+006 20.5509
405430 7.55479e+006 20.5509
405430 7.55479e+006 20.5509
405430 7.55479e+006 20.5432
405430 7.55479e+006 20.5432
405430 7.55479e+006 20.5509
405430 7.55479e+006 20.5432
405430 7.55479e+006 20.5432
405430 7.55479e+006 20.5432
405430 7.55479e+006 20.5509
405430 7.55479e+006 20.5509
405430 7.55479e+006 20.5432
405430 7.55479e+006 20.5354
405430 7.55479e+006 20.5354
405430 7.55479e+006 20.5354
405430 7.55479e+006 20.5432
405430 7.55479e+006 20.5432
405430 7.55479e+006 20.5354
405430 7.55479e+006 20.5432
405430 7.55479e+006 20.5432
405430 7.55479e+006 20.5432
405430 7.55479e+006 20.5354
405430 7.55479e+006 20.5354
405430 7.55479e+006 20.5432
405430 7.55479e+006 20.5509
405430 7.55479e+006 20.5509
405430 7.55479e+006 20.5509
405430 7.55479e+006 20.5432
405430 7.55479e+006 20.5432
405430 7.55479e+006 20.5509
405430 7.55479e+006 20.5432
405430 7.55479e+006 20.5432
405430 7.55479e+006 20.5432
405430 7.55479e+006 20.5509
405430 7.55479e+006 20.5509
405430 7.55479e+006 20.5432
405430 7.55479e+006 20.5354
405430 7.55479e+006 20.5354
405430 7.55479e+006 20.5354
405430 7.55479e+006 20.5432
405430 7.55479e+006 20.5432
405430 7.55479e+006 20.5354
405430 7.55479e+006 20.5432
405430 7.55479e+006 20.5432
405430 7.55479e+006 20.5432
405430 7.55479e+006 20.5354
405430 7.55479e+006 20.5354
405430 7.55479e+006 20.5432
405430 7.55479e+006 20.5509
405431 7.55479e+006 20.5509
405431 7.55479e+006 20.5509
405431 7.55479e+006 20.5432
405430 7.55479e+006 20.5432
405430 7.55479e+006 20.5509
405430 7.55479e+006 20.5432
405431 7.55479e+006 20.5432
405431 7.55479e+006 20.5432
405431 7.55479e+006 20.5509
405430 7.55479e+006 20.5509
405430 7.55479e+006 20.5432
405430 7.55479e+006 20.5354
405431 7.55479e+006 20.5354
405431 7.55479e+006 20.5354
405431 7.55479e+006 20.5432
405430 7.55479e+006 20.5432
405430 7.55479e+006 20.5354
405430 7.55479e+006 20.5432
405431 7.55479e+006 20.5432
405431 7.55479e+006 20.5432
405431 7.55479e+006 20.5354
405430 7.55479e+006 20.5354
405431 7.55479e+006 20.5432
405431 7.55479e+006 20.5509
405431 7.55479e+006 20.5509
405431 7.55479e+006 20.5509
405431 7.55479e+006 20.5432
405431 7.55479e+006 20.5432
405431 7.55479e+006 20.5509
405431 7.55479e+006 20.5432
405431 7.55479e+006 20.5432
405431 7.55479e+006 20.5432
405431 7.55479e+006 20.5509
405431 7.55479e+006 20.5509
405431 7.55479e+006 20.5432
405431 7.55479e+006 20.5354
405431 7.55479e+006 20.5354
405431 7.55479e+006 20.5354
405431 7.55479e+006 20.5432
405431 7.55479e+006 20.5432
405431 7.55479e+006 20.5354
405431 7.55479e+006 20.5432
405431 7.55479e+006 20.5432
405431 7.55479e+006 20.5432
405431 7.55479e+006 20.5354
405431 7.55479e+006 20.5354
405431 7.55479e+006 20.5432
405431 7.55479e+006 20.5509
405431 7.55479e+006 20.5509
405431 7.55479e+006 20.5509
405431 7.55479e+006 20.5432
405431 7.55479e+006 20.5432
405431 7.55479e+006 20.5509
405431 7.55479e+006 20.5432
405431 7.55479e+006 20.5432
405431 7.55479e+006 20.5432
405431 7.55479e+006 20.5509
405431 7.55479e+006 20.5509
405431 7.55479e+006 20.5432
405431 7.55479e+006 20.5354
405431 7.55479e+006 20.5354
405431 7.55479e+006 20.5354
405431 7.55479e+006 20.5432
405431 7.55479e+006 20.5432
405431 7.55479e+006 20.5354
405431 7.55479e+006 20.5432
405431 7.55479e+006 20.5432
405431 7.55479e+006 20.5432
405431 7.55479e+006 20.5354
405431 7.55479e+006 20.5354
405431 7.55479e+006 20.5432
405431 7.55479e+006 20.5509
405431 7.55479e+006 20.5509
405431 7.55479e+006 20.5509
405431 7.55479e+006 20.5432
405431 7.55479e+006 20.5432
405431 7.55479e+006 20.5509
405431 7.55479e+006 20.5432
405431 7.55479e+006 20.5432
405431 7.55479e+006 20.5432
405431 7.55479e+006 20.5509
405431 7.55479e+006 20.5509
405431 7.55479e+006 20.5432
405431 7.55479e+006 20.5354
405431 7.55479e+006 20.5354
405431 7.55479e+006 20.5354
405431 7.55479e+006 20.5432
405431 7.55479e+006 20.5432
405431 7.55479e+006 20.5354
405431 7.55479e+006 20.5432
405431 7.55479e+006 20.5432
405431 7.55479e+006 20.5432
405431 7.55479e+006 20.5354
405431 7.55479e+006 20.5354
405431 7.55479e+006 20.547
405430 7.55479e+006 20.5459
405430 7.55479e+006 20.5459
405430 7.55479e+006 20.5459
405431 7.55479e+006 20.547
405431 7.55479e+006 20.547
405431 7.55479e+006 20.547
405431 7.55479e+006 20.5425
405430 7.55479e+006 20.5414
405430 7.55479e+006 20.5414
405430 7.55479e+006 20.5459
405431 7.55479e+006 20.547
405431 7.55479e+006 20.5425
405431 7.55479e+006 20.5396
405430 7.55479e+006 20.5385
405430 7.55479e+006 20.5385
405430 7.55479e+006 20.5414
405431 7.55479e+006 20.5425
405431 7.55479e+006 20.5396
405431 7.55479e+006 20.5425
405430 7.55479e+006 20.5414
405430 7.55479e+006 20.5414
405430 7.55479e+006 20.5385
405431 7.55479e+006 20.5396
405431 7.55479e+006 20.5425
405431 7.55479e+006 20.547
405430 7.55479e+006 20.5459
405430 7.55479e+006 20.5459
405430 7.55479e+006 20.5414
405431 7.55479e+006 20.5425
405430 7.55479e+006 20.5466
405430 7.55479e+006 20.5447
405430 7.55479e+006 20.5447
405430 7.55479e+006 20.5447
405430 7.55479e+006 20.5466
405430 7.55479e+006 20.5466
405430 7.55479e+006 20.5421
405430 7.55479e+006 20.5402
405430 7.55479e+006 20.5447
405430 7.55479e+006 20.5447
405430 7.55479e+006 20.5466
405430 7.55479e+006 20.5421
405430 7.55479e+006 20.5393
405430 7.55479e+006 20.5374
405430 7.55479e+006 20.5402
405430 7.55479e+006 20.5402
405430 7.55479e+006 20.5421
405430 7.55479e+006 20.5393
405430 7.55479e+006 20.5421
405430 7.55479e+006 20.5402
405430 7.55479e+006 20.5374
405430 7.55479e+006 20.5374
405430 7.55479e+006 20.5393
405430 7.55479e+006 20.5421
405430 7.55479e+006 20.5466
405430 7.55479e+006 20.5447
405430 7.55479e+006 20.5402
405430 7.55479e+006 20.5402
405430 7.55479e+006 20.5421
405430 7.55479e+006 20.5466
405430 7.55479e+006 20.5461
405430 7.55479e+006 20.5452
405430 7.55479e+006 20.5424
405430 7.55479e+006 20.5424
405430 7.55479e+006 20.5433
405430 7.55479e+006 20.5461
405430 7.55479e+006 20.5433
405430 7.55479e+006 20.5424
405430 7.55479e+006 20.5378
405430 7.55479e+006 20.5378
405430 7.55479e+006 20.5387
405430 7.55479e+006 20.5433
405430 7.55479e+006 20.5387
405430 7.55479e+006 20.5378
405430 7.55479e+006 20.5378
405430 7.55479e+006 20.5378
405430 7.55479e+006 20.5387
405430 7.55479e+006 20.5387
405430 7.55479e+006 20.5387
405430 7.55479e+006 20.5378
405430 7.55479e+006 20.5424
405430 7.55479e+006 20.5424
405430 7.55479e+006 20.5433
405430 7.55479e+006 20.5387
405430 7.55479e+006 20.5433
405430 7.55479e+006 20.5424
405430 7.55479e+006 20.5452
405430 7.55479e+006 20.5452
405430 7.55479e+006 20.5461
405430 7.55479e+006 20.5433
405430 7.55479e+006 20.5452
405430 7.55479e+006 20.5424
405430 7.55479e+006 20.5378
405430 7.55479e+006 20.5452
405430 7.55479e+006 20.5378
405430 7.55479e+006 20.5378
405430 7.55479e+006 20.5452
405430 7.55479e+006 20.5378
405430 7.55479e+006 20.5424
405430 7.55479e+006 20.5409
405430 7.55479e+006 20.5466
405430 7.55479e+006 20.5466
405430 7.55479e+006 20.5466
405430 7.55479e+006 20.5409
405430 7.55479e+006 20.5409
405430 7.55479e+006 20.5466
405430 7.55479e+006 20.5444
405430 7.55479e+006 20.5444
405430 7.55479e+006 20.5444
405430 7.55479e+006 20.5466
405430 7.55479e+006 20.5466
405430 7.55479e+006 20.5444
405430 7.55479e+006 20.5374
405430 7.55479e+006 20.5374
405430 7.55479e+006 20.5374
405430 7.55479e+006 20.5444
405430 7.55479e+006 20.5444
405430 7.55479e+006 20.5374
405430 7.55479e+006 20.5353
405430 7.55479e+006 20.5353
405430 7.55479e+006 20.5353
405430 7.55479e+006 20.5374
405430 7.55479e+006 20.5374
405430 7.55479e+006 20.5353
405430 7.55479e+006 20.5409
405430 7.55479e+006 20.5409
405430 7.55479e+006 20.5409
405430 7.55479e+006 20.5353
405430 7.55479e+006 20.5353
405430 7.55479e+006 20.5409
405430 7.55479e+006 20.5466
405430 7.55479e+006 20.5466
405430 7.55479e+006 20.5466
405430 7.55479e+006 20.5409
405430 7.55479e+006 20.5409
405430 7.55479e+006 20.5466
405430 7.55479e+006 20.5444
405430 7.55479e+006 20.5444
405430 7.55479e+006 20.5444
405430 7.55479e+006 20.5466
405430 7.55479e+006 20.5466
405430 7.55479e+006 20.5444
405430 7.55479e+006 20.5374
405430 7.55479e+006 20.5374
405430 7.55479e+006 20.5374
405430 7.55479e+006 20.5444
405430 7.55479e+006 20.5444
405430 7.55479e+006 20.5374
405430 7.55479e+006 20.5353
405430 7.55479e+006 20.5353
405430 7.55479e+006 20.5353
405430 7.55479e+006 20.5374
405430 7.55479e+006 20.5374
405430 7.55479e+006 20.5353
405430 7.55479e+006 20.5409
405430 7.55479e+006 20.5409
405430 7.55479e+006 20.5409
405430 7.55479e+006 20.5353
405430 7.55479e+006 20.5353
405430 7.55479e+006 20.5409
405430 7.55479e+006 20.5466
405430 7.55479e+006 20.5466
405430 7.55479e+006 20.5466
405430 7.55479e+006 20.5409
405430 7.55479e+006 20.5409
405430 7.55479e+006 20.5466
405430 7.55479e+006 20.5444
405430 7.55479e+006 20.5444
405430 7.55479e+006 20.5444
405430 7.55479e+006 20.5466
405430 7.55479e+006 20.5466
405430 7.55479e+006 20.5444
405430 7.55479e+006 20.5374
405430 7.55479e+006 20.5374
405430 7.55479e+006 20.5374
405430 7.55479e+006 20.5444
405430 7.55479e+006 20.5444
405430 7.55479e+006 20.5374
405430 7.55479e+006 20.5353
405430 7.55479e+006 20.5353
405430 7.55479e+006 20.5353
405430 7.55479e+006 20.5374
405430 7.55479e+006 20.5374
405430 7.55479e+006 20.5353
405430 7.55479e+006 20.5409
405430 7.55479e+006 20.5409
405430 7.55479e+006 20.5409
405430 7.55479e+006 20.5353
405430 7.55479e+006 20.5353
405430 7.55479e+006 20.5409
405430 7.55479e+006 20.5466
405430 7.55479e+006 20.5466
405430 7.55479e+006 20.5466
405430 7.55479e+006 20.5409
405430 7.55479e+006 20.5409
405430 7.55479e+006 20.5466
405430 7.55479e+006 20.5444
405430 7.55479e+006 20.5444
405430 7.55479e+006 20.5444
405430 7.55479e+006 20.5466
405430 7.55479e+006 20.5466
405430 7.55479e+006 20.5444
405430 7.55479e+006 20.5374
405430 7.55479e+006 20.5374
405430 7.55479e+006 20.5374
405430 7.55479e+006 20.5444
405430 7.55479e+006 20.5444
405430 7.55479e+006 20.5374
405430 7.55479e+006 20.5353
405430 7.55479e+006 20.5353
405430 7.55479e+006 20.5353
405430 7.55479e+006 20.5374
405430 7.55479e+006 20.5374
405430 7.55479e+006 20.5353
405430 7.55479e+006 20.5409
405430 7.55479e+006 20.5409
405430 7.55479e+006 20.5409
405430 7.55479e+006 20.5353
405430 7.55479e+006 20.5353
405430 7.55479e+006 20.5409
405430 7.55479e+006 20.5466
405430 7.55479e+006 20.5466
405430 7.55479e+006 20.5466
405430 7.55479e+006 20.5409
405430 7.55479e+006 20.5409
405430 7.55479e+006 20.5466
405430 7.55479e+006 20.5444
405430 7.55479e+006 20.5444
405430 7.55479e+006 20.5444
405430 7.55479e+006 20.5466
405430 7.55479e+006 20.5466
405430 7.55479e+006 20.5444
405430 7.55479e+006 20.5374
405430 7.55479e+006 20.5374
405430 7.55479e+006 20.5374
405430 7.55479e+006 20.5444
405430 7.55479e+006 20.5444
405430 7.55479e+006 20.5374
405430 7.55479e+006 20.5353
405430 7.55479e+006 20.5353
405430 7.55479e+006 20.5353
405430 7.55479e+006 20.5374
405430 7.55479e+006 20.5374
405430 7.55479e+006 20.5353
405430 7.55479e+006 20.5409
405430 7.55479e+006 20.5409
405430 7.55479e+006 20.5409
405430 7.55479e+006 20.5353
405430 7.55479e+006 20.5353
405430 7.55479e+006 20.5409
405430 7.55479e+006 20.5466
405430 7.55479e+006 20.5466
405430 7.55479e+006 20.5466
405430 7.55479e+006 20.5409
405430 7.55479e+006 20.5409
405430 7.55479e+006 20.5466
405430 7.55479e+006 20.5444
405430 7.55479e+006 20.5444
405430 7.55479e+006 20.5444
405430 7.55479e+006 20.5466
405430 7.55479e+006 20.5466
405430 7.55479e+006 20.5444
405430 7.55479e+006 20.5374
405430 7.55479e+006 20.5374
405430 7.55479e+006 20.5374
405430 7.55479e+006 20.5444
405430 7.55479e+006 20.5444
405430 7.55479e+006 20.5374
405430 7.55479e+006 20.5353
405430 7.55479e+006 20.5353
405430 7.55479e+006 20.5353
405430 7.55479e+006 20.5374
405430 7.55479e+006 20.5374
405430 7.55479e+006 20.5353
405430 7.55479e+006 20.5409
405430 7.55479e+006 20.5409
405430 7.55479e+006 20.5409
405430 7.55479e+006 20.5353
405430 7.55479e+006 20.5353
405430 7.55479e+006 20.5409
405430 7.55479e+006 20.5466
405430 7.55479e+006 20.5466
405430 7.55479e+006 20.5466
405430 7.55479e+006 20.5409
405430 7.55479e+006 20.5409
405430 7.55479e+006 20.5466
405430 7.55479e+006 20.5444
405430 7.55479e+006 20.5444
405430 7.55479e+006 20.5444
405430 7.55479e+006 20.5466
405430 7.55479e+006 20.5466
405430 7.55479e+006 20.5444
405430 7.55479e+006 20.5374
405430 7.55479e+006 20.5374
405430 7.55479e+006 20.5374
405430 7.55479e+006 20.5444
405430 7.55479e+006 20.5444
405430 7.55479e+006 20.5374
405430 7.55479e+006 20.5353
405430 7.55479e+006 20.5353
405430 7.55479e+006 20.5353
405430 7.55479e+006 20.5374
405430 7.55479e+006 20.5374
405430 7.55479e+006 20.5353
405430 7.55479e+006 20.5409
405430 7.55479e+006 20.5409
405430 7.55479e+006 20.5409
405430 7.55479e+006 20.5353
405430 7.55479e+006 20.5353
405430 7.55479e+006 20.5409
405430 7.55479e+006 20.5466
405430 7.55479e+006 20.5466
405430 7.55479e+006 20.5466
405430 7.55479e+006 20.5409
405430 7.55479e+006 20.5409
405430 7.55479e+006 20.5466
405430 7.55479e+006 20.5444
405430 7.55479e+006 20.5444
405430 7.55479e+006 20.5444
405430 7.55479e+006 20.5466
405430 7.55479e+006 20.5466
405430 7.55479e+006 20.5444
405430 7.55479e+006 20.5374
405430 7.55479e+006 20.5374
405430 7.55479e+006 20.5374
405430 7.55479e+006 20.5444
405430 7.55479e+006 20.5444
405430 7.55479e+006 20.5374
405430 7.55479e+006 20.5353
405430 7.55479e+006 20.5353
405430 7.55479e+006 20.5353
405430 7.55479e+006 20.5374
405430 7.55479e+006 20.5374
405430 7.55479e+006 20.5353
405430 7.55479e+006 20.5409
405430 7.55479e+006 20.5409
405430 7.55479e+006 20.5409
405430 7.55479e+006 20.5353
405430 7.55479e+006 20.5353
405430 7.55479e+006 20.5409
405430 7.55479e+006 20.5466
405430 7.55479e+006 20.5466
405430 7.55479e+006 20.5466
405430 7.55479e+006 20.5409
405430 7.55479e+006 20.5409
405430 7.55479e+006 20.5466
405430 7.55479e+006 20.5444
405430 7.55479e+006 20.5444
405430 7.55479e+006 20.5444
405430 7.55479e+006 20.5466
405430 7.55479e+006 20.5466
405430 7.55479e+006 20.5444
405430 7.55479e+006 20.5374
405430 7.55479e+006 20.5374
405430 7.55479e+006 20.5374
405430 7.55479e+006 20.5444
405430 7.55479e+006 20.5444
405430 7.55479e+006 20.5374
405430 7.55479e+006 20.5353
405430 7.55479e+006 20.5353
405430 7.55479e+006 20.5353
405430 7.55479e+006 20.5374
405430 7.55479e+006 20.5374
405430 7.55479e+006 20.5353
405430 7.55479e+006 20.5409
405430 7.55479e+006 20.5409
405430 7.55479e+006 20.5409
405430 7.55479e+006 20.5353
405430 7.55479e+006 20.5353
405430 7.55479e+006 20.5409
405430 7.55479e+006 20.5466
405430 7.55479e+006 20.5466
405430 7.55479e+006 20.5466
405430 7.55479e+006 20.5409
405430 7.55479e+006 20.5409
405430 7.55479e+006 20.5466
405430 7.55479e+006 20.5444
405430 7.55479e+006 20.5444
405430 7.55479e+006 20.5444
405430 7.55479e+006 20.5466
405430 7.55479e+006 20.5466
405430 7.55479e+006 20.5444
405430 7.55479e+006 20.5374
405430 7.55479e+006 20.5374
405430 7.55479e+006 20.5374
405430 7.55479e+006 20.5444
405430 7.55479e+006 20.5444
405430 7.55479e+006 20.5374
405430 7.55479e+006 20.5353
405430 7.55479e+006 20.5353
405430 7.55479e+006 20.5353
405430 7.55479e+006 20.5374
405430 7.55479e+006 20.5374
405430 7.55479e+006 20.5353
405430 7.55479e+006 20.5409
405430 7.55479e+006 20.5409
405430 7.55479e+006 20.5409
405430 7.55479e+006 20.5353
405430 7.55479e+006 20.5353
405430 7.55479e+006 20.5409
405430 7.55479e+006 20.5466
405430 7.55479e+006 20.5466
405430 7.55479e+006 20.5466
405430 7.55479e+006 20.5409
405430 7.55479e+006 20.5409
405430 7.55479e+006 20.5466
405430 7.55479e+006 20.5444
405430 7.55479e+006 20.5444
405430 7.55479e+006 20.5444
405430 7.55479e+006 20.5466
405430 7.55479e+006 20.5466
405430 7.55479e+006 20.5444
405430 7.55479e+006 20.5374
405430 7.55479e+006 20.5374
405430 7.55479e+006 20.5374
405430 7.55479e+006 20.5444
405430 7.55479e+006 20.5444
405430 7.55479e+006 20.5374
405430 7.55479e+006 20.5353
405430 7.55479e+006 20.5353
405430 7.55479e+006 20.5353
405430 7.55479e+006 20.5374
405430 7.55479e+006 20.5374
405430 7.55479e+006 20.5353
405430 7.55479e+006 20.5409
405430 7.55479e+006 20.5409
405430 7.55479e+006 20.5409
405430 7.55479e+006 20.5353
405430 7.55479e+006 20.5353
405430 7.55479e+006 20.5409
405430 7.55479e+006 20.5466
405430 7.55479e+006 20.5466
405430 7.55479e+006 20.5466
405430 7.55479e+006 20.5409
405430 7.55479e+006 20.5409
405430 7.55479e+006 20.5466
405430 7.55479e+006 20.5444
405430 7.55479e+006 20.5444
405430 7.55479e+006 20.5444
405430 7.55479e+006 20.5466
405430 7.55479e+006 20.5466
405430 7.55479e+006 20.5444
405430 7.55479e+006 20.5374
405430 7.55479e+006 20.5374
405430 7.55479e+006 20.5374
405430 7.55479e+006 20.5444
405430 7.55479e+006 20.5444
405430 7.55479e+006 20.5374
405430 7.55479e+006 20.5353
405430 7.55479e+006 20.5353
405430 7.55479e+006 20.5353
405430 7.55479e+006 20.5374
405430 7.55479e+006 20.5374
405430 7.55479e+006 20.5353
405430 7.55479e+006 20.5409
405430 7.55479e+006 20.5409
405430 7.55479e+006 20.5409
405430 7.55479e+006 20.5353
405430 7.55479e+006 20.5353
405430 7.55479e+006 20.5409
405430 7.55479e+006 20.5466
405430 7.55479e+006 20.5466
405430 7.55479e+006 20.5466
405430 7.55479e+006 20.5409
405430 7.55479e+006 20.5409
405430 7.55479e+006 20.5466
405430 7.55479e+006 20.5444
405430 7.55479e+006 20.5444
405430 7.55479e+006 20.5444
405430 7.55479e+006 20.5466
405430 7.55479e+006 20.5466
405430 7.55479e+006 20.5444
405430 7.55479e+006 20.5374
405430 7.55479e+006 20.5374
405430 7.55479e+006 20.5374
405430 7.55479e+006 20.5444
405430 7.55479e+006 20.5444
405430 7.55479e+006 20.5374
405430 7.55479e+006 20.5353
405430 7.55479e+006 20.5353
405430 7.55479e+006 20.5353
405430 7.55479e+006 20.5374
405430 7.55479e+006 20.5374
405430 7.55479e+006 20.5353
405430 7.55479e+006 20.5409
405430 7.55479e+006 20.5409
405430 7.55479e+006 20.5409
405430 7.55479e+006 20.5353
405430 7.55479e+006 20.5353
405430 7.55479e+006 20.5409
405430 7.55479e+006 20.5466
405430 7.55479e+006 20.5466
405430 7.55479e+006 20.5466
405430 7.55479e+006 20.5409
405430 7.55479e+006 20.5409
405430 7.55479e+006 20.5466
405430 7.55479e+006 20.5444
405430 7.55479e+006 20.5444
405430 7.55479e+006 20.5444
405430 7.55479e+006 20.5466
405430 7.55479e+006 20.5466
405430 7.55479e+006 20.5444
405430 7.55479e+006 20.5374
405430 7.55479e+006 20.5374
405430 7.55479e+006 20.5374
405430 7.55479e+006 20.5444
405430 7.55479e+006 20.5444
405430 7.55479e+006 20.5374
405430 7.55479e+006 20.5353
405430 7.55479e+006 20.5353
405430 7.55479e+006 20.5353
405430 7.55479e+006 20.5374
405430 7.55479e+006 20.5374
405430 7.55479e+006 20.5353
405430 7.55479e+006 20.5409
405430 7.55479e+006 20.5409
405430 7.55479e+006 20.5409
405430 7.55479e+006 20.5353
405430 7.55479e+006 20.5353
405430 7.55479e+006 20.5409
405430 7.55479e+006 20.5466
405430 7.55479e+006 20.5466
405430 7.55479e+006 20.5466
405430 7.55479e+006 20.5409
405430 7.55479e+006 20.5409
405430 7.55479e+006 20.5466
405430 7.55479e+006 20.5444
405430 7.55479e+006 20.5444
405430 7.55479e+006 20.5444
405430 7.55479e+006 20.5466
405430 7.55479e+006 20.5466
405430 7.55479e+006 20.5444
405430 7.55479e+006 20.5374
405430 7.55479e+006 20.5374
405430 7.55479e+006 20.5374
405430 7.55479e+006 20.5444
405430 7.55479e+006 20.5444
405430 7.55479e+006 20.5374
405430 7.55479e+006 20.5353
405430 7.55479e+006 20.5353
405430 7.55479e+006 20.5353
405430 7.55479e+006 20.5374
405430 7.55479e+006 20.5374
405430 7.55479e+006 20.5353
405430 7.55479e+006 20.5409
405430 7.55479e+006 20.5409
405430 7.55479e+006 20.5409
405430 7.55479e+006 20.5353
405430 7.55479e+006 20.5353
405431 7.55479e+006 20.546
405430 7.55479e+006 20.5447
405430 7.55479e+006 20.5419
405430 7.55479e+006 20.5419
405431 7.55479e+006 20.5432
405431 7.55479e+006 20.546
405431 7.55479e+006 20.5432
405430 7.55479e+006 20.5419
405430 7.55479e+006 20.5374
405430 7.55479e+006 20.5374
405431 7.55479e+006 20.5387
405431 7.55479e+006 20.5432
405431 7.55479e+006 20.5387
405430 7.55479e+006 20.5374
405430 7.55479e+006 20.5374
405430 7.55479e+006 20.5374
405431 7.55479e+006 20.5387
405431 7.55479e+006 20.5387
405431 7.55479e+006 20.5387
405430 7.55479e+006 20.5374
405430 7.55479e+006 20.5419
405430 7.55479e+006 20.5419
405431 7.55479e+006 20.5432
405431 7.55479e+006 20.5387
405431 7.55479e+006 20.5432
405430 7.55479e+006 20.5419
405430 7.55479e+006 20.5447
405430 7.55479e+006 20.5447
405431 7.55479e+006 20.546
405431 7.55479e+006 20.5432
