405419 7.55477e+006 8.5839
405419 7.55477e+006 8.57323
405419 7.55477e+006 8.57323
405419 7.55477e+006 8.57323
405419 7.55477e+006 8.5839
405419 7.55477e+006 8.5839
405419 7.55477e+006 8.5839
405419 7.55477e+006 8.57323
405419 7.55477e+006 8.57323
405419 7.55477e+006 8.57323
405419 7.55477e+006 8.5839
405419 7.55477e+006 8.5839
405419 7.55477e+006 8.5839
405419 7.55477e+006 8.57323
405419 7.55477e+006 8.57323
405419 7.55477e+006 8.57323
405419 7.55477e+006 8.5839
405419 7.55477e+006 8.5839
405419 7.55477e+006 8.5839
405419 7.55477e+006 8.57323
405419 7.55477e+006 8.57323
405419 7.55477e+006 8.57323
405419 7.55477e+006 8.5839
405419 7.55477e+006 8.5839
405419 7.55477e+006 8.57323
405419 7.55477e+006 8.57323
405419 7.55477e+006 8.57323
405419 7.55477e+006 8.57323
405419 7.55477e+006 8.57323
405419 7.55477e+006 8.57323
405419 7.55477e+006 8.5839
405419 7.55477e+006 8.5839
405419 7.55477e+006 8.5839
405419 7.55477e+006 8.5839
405419 7.55477e+006 8.5839
405419 7.55477e+006 8.5839
