405449 7.55483e+006 7.25638
405449 7.55483e+006 7.24577
405449 7.55483e+006 7.24577
405449 7.55483e+006 7.24577
405449 7.55483e+006 7.25638
405449 7.55483e+006 7.25638
405449 7.55483e+006 7.25679
405449 7.55483e+006 7.24618
405449 7.55483e+006 7.24577
405449 7.55483e+006 7.24577
405449 7.55483e+006 7.25638
405449 7.55483e+006 7.25679
405449 7.55483e+006 7.25679
405449 7.55483e+006 7.24618
405449 7.55483e+006 7.24618
405449 7.55483e+006 7.24618
405449 7.55483e+006 7.25679
405449 7.55483e+006 7.25679
405449 7.55483e+006 7.25638
405449 7.55483e+006 7.24577
405449 7.55483e+006 7.24618
405449 7.55483e+006 7.24618
405449 7.55483e+006 7.25679
405449 7.55483e+006 7.25638
405449 7.55483e+006 7.24618
405449 7.55483e+006 7.24618
405449 7.55483e+006 7.24577
405449 7.55483e+006 7.24577
405449 7.55483e+006 7.24577
405449 7.55483e+006 7.24618
405449 7.55483e+006 7.25638
405449 7.55483e+006 7.25679
405449 7.55483e+006 7.25679
405449 7.55483e+006 7.25679
405449 7.55483e+006 7.25638
405449 7.55483e+006 7.25638
