405433 7.55485e+006 7.15445
405433 7.55485e+006 7.14384
405433 7.55485e+006 7.14384
405433 7.55485e+006 7.14384
405433 7.55485e+006 7.15445
405433 7.55485e+006 7.15445
405433 7.55485e+006 7.15487
405433 7.55485e+006 7.14426
405433 7.55485e+006 7.14384
405433 7.55485e+006 7.14384
405433 7.55485e+006 7.15445
405433 7.55485e+006 7.15487
405433 7.55485e+006 7.15487
405433 7.55485e+006 7.14426
405433 7.55485e+006 7.14426
405433 7.55485e+006 7.14426
405433 7.55485e+006 7.15487
405433 7.55485e+006 7.15487
405433 7.55485e+006 7.15445
405433 7.55485e+006 7.14384
405433 7.55485e+006 7.14426
405433 7.55485e+006 7.14426
405433 7.55485e+006 7.15487
405433 7.55485e+006 7.15445
405433 7.55485e+006 7.14426
405433 7.55485e+006 7.14426
405433 7.55485e+006 7.14384
405433 7.55485e+006 7.14384
405433 7.55485e+006 7.14384
405433 7.55485e+006 7.14426
405433 7.55485e+006 7.15445
405433 7.55485e+006 7.15487
405433 7.55485e+006 7.15487
405433 7.55485e+006 7.15487
405433 7.55485e+006 7.15445
405433 7.55485e+006 7.15445
