405422 7.55482e+006 7.25638
405422 7.55482e+006 7.24577
405422 7.55482e+006 7.24577
405422 7.55482e+006 7.24577
405422 7.55482e+006 7.25638
405422 7.55482e+006 7.25638
405422 7.55482e+006 7.25679
405422 7.55482e+006 7.24618
405422 7.55482e+006 7.24577
405422 7.55482e+006 7.24577
405422 7.55482e+006 7.25638
405422 7.55482e+006 7.25679
405422 7.55482e+006 7.25679
405422 7.55482e+006 7.24618
405422 7.55482e+006 7.24618
405422 7.55482e+006 7.24618
405422 7.55482e+006 7.25679
405422 7.55482e+006 7.25679
405422 7.55482e+006 7.25638
405422 7.55482e+006 7.24577
405422 7.55482e+006 7.24618
405422 7.55482e+006 7.24618
405422 7.55482e+006 7.25679
405422 7.55482e+006 7.25638
405422 7.55482e+006 7.24618
405422 7.55482e+006 7.24618
405422 7.55482e+006 7.24577
405422 7.55482e+006 7.24577
405422 7.55482e+006 7.24577
405422 7.55482e+006 7.24618
405422 7.55482e+006 7.25638
405422 7.55482e+006 7.25679
405422 7.55482e+006 7.25679
405422 7.55482e+006 7.25679
405422 7.55482e+006 7.25638
405422 7.55482e+006 7.25638
