405455 7.55484e+006 7.15445
405455 7.55484e+006 7.14384
405455 7.55484e+006 7.14384
405455 7.55484e+006 7.14384
405455 7.55484e+006 7.15445
405455 7.55484e+006 7.15445
405455 7.55484e+006 7.15487
405455 7.55484e+006 7.14426
405455 7.55484e+006 7.14384
405455 7.55484e+006 7.14384
405455 7.55484e+006 7.15445
405455 7.55484e+006 7.15487
405455 7.55484e+006 7.15487
405455 7.55484e+006 7.14426
405455 7.55484e+006 7.14426
405455 7.55484e+006 7.14426
405455 7.55484e+006 7.15487
405455 7.55484e+006 7.15487
405455 7.55484e+006 7.15445
405455 7.55484e+006 7.14384
405455 7.55484e+006 7.14426
405455 7.55484e+006 7.14426
405455 7.55484e+006 7.15487
405455 7.55484e+006 7.15445
405455 7.55484e+006 7.14426
405455 7.55484e+006 7.14426
405455 7.55484e+006 7.14384
405455 7.55484e+006 7.14384
405455 7.55484e+006 7.14384
405455 7.55484e+006 7.14426
405455 7.55484e+006 7.15445
405455 7.55484e+006 7.15487
405455 7.55484e+006 7.15487
405455 7.55484e+006 7.15487
405455 7.55484e+006 7.15445
405455 7.55484e+006 7.15445
