405424 7.55483e+006 7.25638
405424 7.55483e+006 7.24577
405424 7.55483e+006 7.24577
405424 7.55483e+006 7.24577
405424 7.55483e+006 7.25638
405424 7.55483e+006 7.25638
405424 7.55483e+006 7.25679
405424 7.55483e+006 7.24618
405424 7.55483e+006 7.24577
405424 7.55483e+006 7.24577
405424 7.55483e+006 7.25638
405424 7.55483e+006 7.25679
405424 7.55483e+006 7.25679
405424 7.55483e+006 7.24618
405424 7.55483e+006 7.24618
405424 7.55483e+006 7.24618
405424 7.55483e+006 7.25679
405424 7.55483e+006 7.25679
405424 7.55483e+006 7.25638
405424 7.55483e+006 7.24577
405424 7.55483e+006 7.24618
405424 7.55483e+006 7.24618
405424 7.55483e+006 7.25679
405424 7.55483e+006 7.25638
405424 7.55483e+006 7.24618
405424 7.55483e+006 7.24618
405424 7.55483e+006 7.24577
405424 7.55483e+006 7.24577
405424 7.55483e+006 7.24577
405424 7.55483e+006 7.24618
405424 7.55483e+006 7.25638
405424 7.55483e+006 7.25679
405424 7.55483e+006 7.25679
405424 7.55483e+006 7.25679
405424 7.55483e+006 7.25638
405424 7.55483e+006 7.25638
