402802 7.56122e+006 -466.707
402802 7.56122e+006 -466.715
402802 7.56122e+006 -466.715
402802 7.56122e+006 -466.715
402802 7.56122e+006 -466.707
402802 7.56122e+006 -466.707
402802 7.56122e+006 -466.707
402802 7.56122e+006 -466.715
402802 7.56122e+006 -466.715
402802 7.56122e+006 -466.715
402802 7.56122e+006 -466.707
402802 7.56122e+006 -466.707
402802 7.56122e+006 -466.707
402802 7.56122e+006 -466.715
402802 7.56122e+006 -466.715
402802 7.56122e+006 -466.715
402802 7.56122e+006 -466.707
402802 7.56122e+006 -466.707
402802 7.56122e+006 -466.707
402802 7.56122e+006 -466.715
402802 7.56122e+006 -466.715
402802 7.56122e+006 -466.715
402802 7.56122e+006 -466.707
402802 7.56122e+006 -466.707
402802 7.56122e+006 -466.715
402802 7.56122e+006 -466.715
402802 7.56122e+006 -466.715
402802 7.56122e+006 -466.715
402802 7.56122e+006 -466.715
402802 7.56122e+006 -466.715
402802 7.56122e+006 -466.707
402802 7.56122e+006 -466.707
402802 7.56122e+006 -466.707
402802 7.56122e+006 -466.707
402802 7.56122e+006 -466.707
402802 7.56122e+006 -466.707
