405407 7.55478e+006 8.5839
405407 7.55478e+006 8.57323
405407 7.55478e+006 8.57323
405407 7.55478e+006 8.57323
405407 7.55478e+006 8.5839
405407 7.55478e+006 8.5839
405407 7.55478e+006 8.5839
405407 7.55478e+006 8.57323
405407 7.55478e+006 8.57323
405407 7.55478e+006 8.57323
405407 7.55478e+006 8.5839
405407 7.55478e+006 8.5839
405407 7.55478e+006 8.5839
405407 7.55478e+006 8.57323
405407 7.55478e+006 8.57323
405407 7.55478e+006 8.57323
405407 7.55478e+006 8.5839
405407 7.55478e+006 8.5839
405407 7.55478e+006 8.5839
405407 7.55478e+006 8.57323
405407 7.55478e+006 8.57323
405407 7.55478e+006 8.57323
405407 7.55478e+006 8.5839
405407 7.55478e+006 8.5839
405407 7.55478e+006 8.57323
405407 7.55478e+006 8.57323
405407 7.55478e+006 8.57323
405407 7.55478e+006 8.57323
405407 7.55478e+006 8.57323
405407 7.55478e+006 8.57323
405407 7.55478e+006 8.5839
405407 7.55478e+006 8.5839
405407 7.55478e+006 8.5839
405407 7.55478e+006 8.5839
405407 7.55478e+006 8.5839
405407 7.55478e+006 8.5839
