402798 7.56122e+006 -466.717
402798 7.56122e+006 -466.725
402798 7.56122e+006 -466.725
402798 7.56122e+006 -466.725
402798 7.56122e+006 -466.717
402798 7.56122e+006 -466.717
402798 7.56122e+006 -466.717
402798 7.56122e+006 -466.725
402798 7.56122e+006 -466.725
402798 7.56122e+006 -466.725
402798 7.56122e+006 -466.717
402798 7.56122e+006 -466.717
402798 7.56122e+006 -466.717
402798 7.56122e+006 -466.725
402798 7.56122e+006 -466.725
402798 7.56122e+006 -466.725
402798 7.56122e+006 -466.717
402798 7.56122e+006 -466.717
402798 7.56122e+006 -466.717
402798 7.56122e+006 -466.725
402798 7.56122e+006 -466.725
402798 7.56122e+006 -466.725
402798 7.56122e+006 -466.717
402798 7.56122e+006 -466.717
402798 7.56122e+006 -466.725
402798 7.56122e+006 -466.725
402798 7.56122e+006 -466.725
402798 7.56122e+006 -466.725
402798 7.56122e+006 -466.725
402798 7.56122e+006 -466.725
402798 7.56122e+006 -466.717
402798 7.56122e+006 -466.717
402798 7.56122e+006 -466.717
402798 7.56122e+006 -466.717
402798 7.56122e+006 -466.717
402798 7.56122e+006 -466.717
