402803 7.56122e+006 -466.718
402803 7.56122e+006 -466.725
402803 7.56122e+006 -466.725
402803 7.56122e+006 -466.725
402803 7.56122e+006 -466.718
402803 7.56122e+006 -466.718
402803 7.56122e+006 -466.718
402803 7.56122e+006 -466.725
402803 7.56122e+006 -466.725
402803 7.56122e+006 -466.725
402803 7.56122e+006 -466.718
402803 7.56122e+006 -466.718
402803 7.56122e+006 -466.718
402803 7.56122e+006 -466.725
402803 7.56122e+006 -466.725
402803 7.56122e+006 -466.725
402803 7.56122e+006 -466.718
402803 7.56122e+006 -466.718
402803 7.56122e+006 -466.718
402803 7.56122e+006 -466.725
402803 7.56122e+006 -466.725
402803 7.56122e+006 -466.725
402803 7.56122e+006 -466.718
402803 7.56122e+006 -466.718
402803 7.56122e+006 -466.725
402803 7.56122e+006 -466.725
402803 7.56122e+006 -466.725
402803 7.56122e+006 -466.725
402803 7.56122e+006 -466.725
402803 7.56122e+006 -466.725
402803 7.56122e+006 -466.718
402803 7.56122e+006 -466.718
402803 7.56122e+006 -466.718
402803 7.56122e+006 -466.718
402803 7.56122e+006 -466.718
402803 7.56122e+006 -466.718
