405400 7.55478e+006 8.5839
405400 7.55478e+006 8.57323
405400 7.55478e+006 8.57323
405400 7.55478e+006 8.57323
405400 7.55478e+006 8.5839
405400 7.55478e+006 8.5839
405400 7.55478e+006 8.5839
405400 7.55478e+006 8.57323
405400 7.55478e+006 8.57323
405400 7.55478e+006 8.57323
405400 7.55478e+006 8.5839
405400 7.55478e+006 8.5839
405400 7.55478e+006 8.5839
405400 7.55478e+006 8.57323
405400 7.55478e+006 8.57323
405400 7.55478e+006 8.57323
405400 7.55478e+006 8.5839
405400 7.55478e+006 8.5839
405400 7.55478e+006 8.5839
405400 7.55478e+006 8.57323
405400 7.55478e+006 8.57323
405400 7.55478e+006 8.57323
405400 7.55478e+006 8.5839
405400 7.55478e+006 8.5839
405400 7.55478e+006 8.57323
405400 7.55478e+006 8.57323
405400 7.55478e+006 8.57323
405400 7.55478e+006 8.57323
405400 7.55478e+006 8.57323
405400 7.55478e+006 8.57323
405400 7.55478e+006 8.5839
405400 7.55478e+006 8.5839
405400 7.55478e+006 8.5839
405400 7.55478e+006 8.5839
405400 7.55478e+006 8.5839
405400 7.55478e+006 8.5839
