405417 7.55481e+006 7.25638
405417 7.55481e+006 7.24577
405417 7.55481e+006 7.24577
405417 7.55481e+006 7.24577
405417 7.55481e+006 7.25638
405417 7.55481e+006 7.25638
405417 7.55481e+006 7.25679
405417 7.55481e+006 7.24618
405417 7.55481e+006 7.24577
405417 7.55481e+006 7.24577
405417 7.55481e+006 7.25638
405417 7.55481e+006 7.25679
405417 7.55481e+006 7.25679
405417 7.55481e+006 7.24618
405417 7.55481e+006 7.24618
405417 7.55481e+006 7.24618
405417 7.55481e+006 7.25679
405417 7.55481e+006 7.25679
405417 7.55481e+006 7.25638
405417 7.55481e+006 7.24577
405417 7.55481e+006 7.24618
405417 7.55481e+006 7.24618
405417 7.55481e+006 7.25679
405417 7.55481e+006 7.25638
405417 7.55481e+006 7.24618
405417 7.55481e+006 7.24618
405417 7.55481e+006 7.24577
405417 7.55481e+006 7.24577
405417 7.55481e+006 7.24577
405417 7.55481e+006 7.24618
405417 7.55481e+006 7.25638
405417 7.55481e+006 7.25679
405417 7.55481e+006 7.25679
405417 7.55481e+006 7.25679
405417 7.55481e+006 7.25638
405417 7.55481e+006 7.25638
