403388 7.54948e+006 -466.702
403388 7.54948e+006 -466.702
403388 7.54948e+006 -466.702
403388 7.54948e+006 -466.702
403388 7.54948e+006 -466.702
403388 7.54948e+006 -466.702
403388 7.54948e+006 -466.705
403388 7.54948e+006 -466.705
403388 7.54948e+006 -466.702
403388 7.54948e+006 -466.702
403388 7.54948e+006 -466.702
403388 7.54948e+006 -466.705
403388 7.54948e+006 -466.705
403388 7.54948e+006 -466.705
403388 7.54948e+006 -466.705
403388 7.54948e+006 -466.705
403388 7.54948e+006 -466.705
403388 7.54948e+006 -466.705
403388 7.54948e+006 -466.702
403388 7.54948e+006 -466.702
403388 7.54948e+006 -466.705
403388 7.54948e+006 -466.705
403388 7.54948e+006 -466.705
403388 7.54948e+006 -466.702
403388 7.54948e+006 -466.705
403388 7.54948e+006 -466.705
403388 7.54948e+006 -466.702
403388 7.54948e+006 -466.702
403388 7.54948e+006 -466.702
403388 7.54948e+006 -466.705
403388 7.54948e+006 -466.702
403388 7.54948e+006 -466.705
403388 7.54948e+006 -466.705
403388 7.54948e+006 -466.705
403388 7.54948e+006 -466.702
403388 7.54948e+006 -466.702
