396682 7.55225e+006 -259.425
396682 7.55225e+006 -259.431
396682 7.55225e+006 -259.431
396682 7.55225e+006 -259.431
396682 7.55225e+006 -259.425
396682 7.55225e+006 -259.425
396682 7.55225e+006 -259.422
396682 7.55225e+006 -259.428
396682 7.55225e+006 -259.431
396682 7.55225e+006 -259.431
396682 7.55225e+006 -259.425
396682 7.55225e+006 -259.422
396682 7.55225e+006 -259.422
396682 7.55225e+006 -259.428
396682 7.55225e+006 -259.428
396682 7.55225e+006 -259.428
396682 7.55225e+006 -259.422
396682 7.55225e+006 -259.422
396682 7.55225e+006 -259.425
396682 7.55225e+006 -259.431
396682 7.55225e+006 -259.428
396682 7.55225e+006 -259.428
396682 7.55225e+006 -259.422
396682 7.55225e+006 -259.425
396682 7.55225e+006 -259.428
396682 7.55225e+006 -259.428
396682 7.55225e+006 -259.431
396682 7.55225e+006 -259.431
396682 7.55225e+006 -259.431
396682 7.55225e+006 -259.428
396682 7.55225e+006 -259.425
396682 7.55225e+006 -259.422
396682 7.55225e+006 -259.422
396682 7.55225e+006 -259.422
396682 7.55225e+006 -259.425
396682 7.55225e+006 -259.425
