405434 7.55485e+006 7.15445
405434 7.55485e+006 7.14384
405434 7.55485e+006 7.14384
405434 7.55485e+006 7.14384
405434 7.55485e+006 7.15445
405434 7.55485e+006 7.15445
405434 7.55485e+006 7.15487
405434 7.55485e+006 7.14426
405434 7.55485e+006 7.14384
405434 7.55485e+006 7.14384
405434 7.55485e+006 7.15445
405434 7.55485e+006 7.15487
405434 7.55485e+006 7.15487
405434 7.55485e+006 7.14426
405434 7.55485e+006 7.14426
405434 7.55485e+006 7.14426
405434 7.55485e+006 7.15487
405434 7.55485e+006 7.15487
405434 7.55485e+006 7.15445
405434 7.55485e+006 7.14384
405434 7.55485e+006 7.14426
405434 7.55485e+006 7.14426
405434 7.55485e+006 7.15487
405434 7.55485e+006 7.15445
405434 7.55485e+006 7.14426
405434 7.55485e+006 7.14426
405434 7.55485e+006 7.14384
405434 7.55485e+006 7.14384
405434 7.55485e+006 7.14384
405434 7.55485e+006 7.14426
405434 7.55485e+006 7.15445
405434 7.55485e+006 7.15487
405434 7.55485e+006 7.15487
405434 7.55485e+006 7.15487
405434 7.55485e+006 7.15445
405434 7.55485e+006 7.15445
