402796 7.56122e+006 -466.717
402796 7.56122e+006 -466.725
402796 7.56122e+006 -466.725
402796 7.56122e+006 -466.725
402796 7.56122e+006 -466.717
402796 7.56122e+006 -466.717
402796 7.56122e+006 -466.717
402796 7.56122e+006 -466.725
402796 7.56122e+006 -466.725
402796 7.56122e+006 -466.725
402796 7.56122e+006 -466.717
402796 7.56122e+006 -466.717
402796 7.56122e+006 -466.717
402796 7.56122e+006 -466.725
402796 7.56122e+006 -466.725
402796 7.56122e+006 -466.725
402796 7.56122e+006 -466.717
402796 7.56122e+006 -466.717
402796 7.56122e+006 -466.717
402796 7.56122e+006 -466.725
402796 7.56122e+006 -466.725
402796 7.56122e+006 -466.725
402796 7.56122e+006 -466.717
402796 7.56122e+006 -466.717
402796 7.56122e+006 -466.725
402796 7.56122e+006 -466.725
402796 7.56122e+006 -466.725
402796 7.56122e+006 -466.725
402796 7.56122e+006 -466.725
402796 7.56122e+006 -466.725
402796 7.56122e+006 -466.717
402796 7.56122e+006 -466.717
402796 7.56122e+006 -466.717
402796 7.56122e+006 -466.717
402796 7.56122e+006 -466.717
402796 7.56122e+006 -466.717
