398074 7.55179e+006 -278.729
398074 7.55179e+006 -278.735
398074 7.55179e+006 -278.735
398074 7.55179e+006 -278.735
398074 7.55179e+006 -278.729
398074 7.55179e+006 -278.729
398074 7.55179e+006 -278.732
398074 7.55179e+006 -278.739
398074 7.55179e+006 -278.735
398074 7.55179e+006 -278.735
398074 7.55179e+006 -278.729
398074 7.55179e+006 -278.732
398074 7.55179e+006 -278.732
398074 7.55179e+006 -278.738
398074 7.55179e+006 -278.739
398074 7.55179e+006 -278.739
398074 7.55179e+006 -278.732
398074 7.55179e+006 -278.732
398074 7.55179e+006 -278.729
398074 7.55179e+006 -278.735
398074 7.55179e+006 -278.738
398074 7.55179e+006 -278.738
398074 7.55179e+006 -278.732
398074 7.55179e+006 -278.729
398074 7.55179e+006 -278.739
398074 7.55179e+006 -278.738
398074 7.55179e+006 -278.735
398074 7.55179e+006 -278.735
398074 7.55179e+006 -278.735
398074 7.55179e+006 -278.739
398074 7.55179e+006 -278.729
398074 7.55179e+006 -278.732
398074 7.55179e+006 -278.732
398074 7.55179e+006 -278.732
398074 7.55179e+006 -278.729
398074 7.55179e+006 -278.729
