402796 7.56122e+006 -466.596
402796 7.56122e+006 -466.602
402796 7.56122e+006 -466.602
402796 7.56122e+006 -466.602
402796 7.56122e+006 -466.596
402796 7.56122e+006 -466.596
402796 7.56122e+006 -466.598
402796 7.56122e+006 -466.604
402796 7.56122e+006 -466.602
402796 7.56122e+006 -466.602
402796 7.56122e+006 -466.596
402796 7.56122e+006 -466.598
402796 7.56122e+006 -466.598
402796 7.56122e+006 -466.604
402796 7.56122e+006 -466.604
402796 7.56122e+006 -466.604
402796 7.56122e+006 -466.598
402796 7.56122e+006 -466.598
402796 7.56122e+006 -466.596
402796 7.56122e+006 -466.602
402796 7.56122e+006 -466.604
402796 7.56122e+006 -466.604
402796 7.56122e+006 -466.598
402796 7.56122e+006 -466.596
402796 7.56122e+006 -466.604
402796 7.56122e+006 -466.604
402796 7.56122e+006 -466.602
402796 7.56122e+006 -466.602
402796 7.56122e+006 -466.602
402796 7.56122e+006 -466.604
402796 7.56122e+006 -466.596
402796 7.56122e+006 -466.598
402796 7.56122e+006 -466.598
402796 7.56122e+006 -466.598
402796 7.56122e+006 -466.596
402796 7.56122e+006 -466.596
