405397 7.55478e+006 8.5839
405397 7.55478e+006 8.57323
405397 7.55478e+006 8.57323
405397 7.55478e+006 8.57323
405397 7.55478e+006 8.5839
405397 7.55478e+006 8.5839
405397 7.55478e+006 8.5839
405397 7.55478e+006 8.57323
405397 7.55478e+006 8.57323
405397 7.55478e+006 8.57323
405397 7.55478e+006 8.5839
405397 7.55478e+006 8.5839
405397 7.55478e+006 8.5839
405397 7.55478e+006 8.57323
405397 7.55478e+006 8.57323
405397 7.55478e+006 8.57323
405397 7.55478e+006 8.5839
405397 7.55478e+006 8.5839
405397 7.55478e+006 8.5839
405397 7.55478e+006 8.57323
405397 7.55478e+006 8.57323
405397 7.55478e+006 8.57323
405397 7.55478e+006 8.5839
405397 7.55478e+006 8.5839
405397 7.55478e+006 8.57323
405397 7.55478e+006 8.57323
405397 7.55478e+006 8.57323
405397 7.55478e+006 8.57323
405397 7.55478e+006 8.57323
405397 7.55478e+006 8.57323
405397 7.55478e+006 8.5839
405397 7.55478e+006 8.5839
405397 7.55478e+006 8.5839
405397 7.55478e+006 8.5839
405397 7.55478e+006 8.5839
405397 7.55478e+006 8.5839
