405436 7.55485e+006 7.15445
405436 7.55485e+006 7.14384
405436 7.55485e+006 7.14384
405436 7.55485e+006 7.14384
405436 7.55485e+006 7.15445
405436 7.55485e+006 7.15445
405436 7.55485e+006 7.15487
405436 7.55485e+006 7.14426
405436 7.55485e+006 7.14384
405436 7.55485e+006 7.14384
405436 7.55485e+006 7.15445
405436 7.55485e+006 7.15487
405436 7.55485e+006 7.15487
405436 7.55485e+006 7.14426
405436 7.55485e+006 7.14426
405436 7.55485e+006 7.14426
405436 7.55485e+006 7.15487
405436 7.55485e+006 7.15487
405436 7.55485e+006 7.15445
405436 7.55485e+006 7.14384
405436 7.55485e+006 7.14426
405436 7.55485e+006 7.14426
405436 7.55485e+006 7.15487
405436 7.55485e+006 7.15445
405436 7.55485e+006 7.14426
405436 7.55485e+006 7.14426
405436 7.55485e+006 7.14384
405436 7.55485e+006 7.14384
405436 7.55485e+006 7.14384
405436 7.55485e+006 7.14426
405436 7.55485e+006 7.15445
405436 7.55485e+006 7.15487
405436 7.55485e+006 7.15487
405436 7.55485e+006 7.15487
405436 7.55485e+006 7.15445
405436 7.55485e+006 7.15445
