405445 7.55482e+006 7.25638
405445 7.55482e+006 7.24577
405445 7.55482e+006 7.24577
405445 7.55482e+006 7.24577
405445 7.55482e+006 7.25638
405445 7.55482e+006 7.25638
405445 7.55482e+006 7.25679
405445 7.55482e+006 7.24618
405445 7.55482e+006 7.24577
405445 7.55482e+006 7.24577
405445 7.55482e+006 7.25638
405445 7.55482e+006 7.25679
405445 7.55482e+006 7.25679
405445 7.55482e+006 7.24618
405445 7.55482e+006 7.24618
405445 7.55482e+006 7.24618
405445 7.55482e+006 7.25679
405445 7.55482e+006 7.25679
405445 7.55482e+006 7.25638
405445 7.55482e+006 7.24577
405445 7.55482e+006 7.24618
405445 7.55482e+006 7.24618
405445 7.55482e+006 7.25679
405445 7.55482e+006 7.25638
405445 7.55482e+006 7.24618
405445 7.55482e+006 7.24618
405445 7.55482e+006 7.24577
405445 7.55482e+006 7.24577
405445 7.55482e+006 7.24577
405445 7.55482e+006 7.24618
405445 7.55482e+006 7.25638
405445 7.55482e+006 7.25679
405445 7.55482e+006 7.25679
405445 7.55482e+006 7.25679
405445 7.55482e+006 7.25638
405445 7.55482e+006 7.25638
