405415 7.55481e+006 7.25638
405415 7.55481e+006 7.24577
405415 7.55481e+006 7.24577
405415 7.55481e+006 7.24577
405415 7.55481e+006 7.25638
405415 7.55481e+006 7.25638
405415 7.55481e+006 7.25679
405415 7.55481e+006 7.24618
405415 7.55481e+006 7.24577
405415 7.55481e+006 7.24577
405415 7.55481e+006 7.25638
405415 7.55481e+006 7.25679
405415 7.55481e+006 7.25679
405415 7.55481e+006 7.24618
405415 7.55481e+006 7.24618
405415 7.55481e+006 7.24618
405415 7.55481e+006 7.25679
405415 7.55481e+006 7.25679
405415 7.55481e+006 7.25638
405415 7.55481e+006 7.24577
405415 7.55481e+006 7.24618
405415 7.55481e+006 7.24618
405415 7.55481e+006 7.25679
405415 7.55481e+006 7.25638
405415 7.55481e+006 7.24618
405415 7.55481e+006 7.24618
405415 7.55481e+006 7.24577
405415 7.55481e+006 7.24577
405415 7.55481e+006 7.24577
405415 7.55481e+006 7.24618
405415 7.55481e+006 7.25638
405415 7.55481e+006 7.25679
405415 7.55481e+006 7.25679
405415 7.55481e+006 7.25679
405415 7.55481e+006 7.25638
405415 7.55481e+006 7.25638
