405448 7.55483e+006 7.25638
405448 7.55483e+006 7.24577
405448 7.55483e+006 7.24577
405448 7.55483e+006 7.24577
405448 7.55483e+006 7.25638
405448 7.55483e+006 7.25638
405448 7.55483e+006 7.25679
405448 7.55483e+006 7.24618
405448 7.55483e+006 7.24577
405448 7.55483e+006 7.24577
405448 7.55483e+006 7.25638
405448 7.55483e+006 7.25679
405448 7.55483e+006 7.25679
405448 7.55483e+006 7.24618
405448 7.55483e+006 7.24618
405448 7.55483e+006 7.24618
405448 7.55483e+006 7.25679
405448 7.55483e+006 7.25679
405448 7.55483e+006 7.25638
405448 7.55483e+006 7.24577
405448 7.55483e+006 7.24618
405448 7.55483e+006 7.24618
405448 7.55483e+006 7.25679
405448 7.55483e+006 7.25638
405448 7.55483e+006 7.24618
405448 7.55483e+006 7.24618
405448 7.55483e+006 7.24577
405448 7.55483e+006 7.24577
405448 7.55483e+006 7.24577
405448 7.55483e+006 7.24618
405448 7.55483e+006 7.25638
405448 7.55483e+006 7.25679
405448 7.55483e+006 7.25679
405448 7.55483e+006 7.25679
405448 7.55483e+006 7.25638
405448 7.55483e+006 7.25638
