402797 7.56122e+006 -466.717
402797 7.56122e+006 -466.725
402797 7.56122e+006 -466.725
402797 7.56122e+006 -466.725
402797 7.56122e+006 -466.717
402797 7.56122e+006 -466.717
402797 7.56122e+006 -466.717
402797 7.56122e+006 -466.725
402797 7.56122e+006 -466.725
402797 7.56122e+006 -466.725
402797 7.56122e+006 -466.717
402797 7.56122e+006 -466.717
402797 7.56122e+006 -466.717
402797 7.56122e+006 -466.725
402797 7.56122e+006 -466.725
402797 7.56122e+006 -466.725
402797 7.56122e+006 -466.717
402797 7.56122e+006 -466.717
402797 7.56122e+006 -466.717
402797 7.56122e+006 -466.725
402797 7.56122e+006 -466.725
402797 7.56122e+006 -466.725
402797 7.56122e+006 -466.717
402797 7.56122e+006 -466.717
402797 7.56122e+006 -466.725
402797 7.56122e+006 -466.725
402797 7.56122e+006 -466.725
402797 7.56122e+006 -466.725
402797 7.56122e+006 -466.725
402797 7.56122e+006 -466.725
402797 7.56122e+006 -466.717
402797 7.56122e+006 -466.717
402797 7.56122e+006 -466.717
402797 7.56122e+006 -466.717
402797 7.56122e+006 -466.717
402797 7.56122e+006 -466.717
