402800 7.56122e+006 -466.717
402800 7.56122e+006 -466.725
402800 7.56122e+006 -466.725
402800 7.56122e+006 -466.725
402800 7.56122e+006 -466.717
402800 7.56122e+006 -466.717
402800 7.56122e+006 -466.717
402800 7.56122e+006 -466.725
402800 7.56122e+006 -466.725
402800 7.56122e+006 -466.725
402800 7.56122e+006 -466.717
402800 7.56122e+006 -466.717
402800 7.56122e+006 -466.717
402800 7.56122e+006 -466.725
402800 7.56122e+006 -466.725
402800 7.56122e+006 -466.725
402800 7.56122e+006 -466.717
402800 7.56122e+006 -466.717
402800 7.56122e+006 -466.717
402800 7.56122e+006 -466.725
402800 7.56122e+006 -466.725
402800 7.56122e+006 -466.725
402800 7.56122e+006 -466.717
402800 7.56122e+006 -466.717
402800 7.56122e+006 -466.725
402800 7.56122e+006 -466.725
402800 7.56122e+006 -466.725
402800 7.56122e+006 -466.725
402800 7.56122e+006 -466.725
402800 7.56122e+006 -466.725
402800 7.56122e+006 -466.717
402800 7.56122e+006 -466.717
402800 7.56122e+006 -466.717
402800 7.56122e+006 -466.717
402800 7.56122e+006 -466.717
402800 7.56122e+006 -466.717
