405456 7.55484e+006 7.15445
405456 7.55484e+006 7.14384
405456 7.55484e+006 7.14384
405456 7.55484e+006 7.14384
405456 7.55484e+006 7.15445
405456 7.55484e+006 7.15445
405456 7.55484e+006 7.15487
405456 7.55484e+006 7.14426
405456 7.55484e+006 7.14384
405456 7.55484e+006 7.14384
405456 7.55484e+006 7.15445
405456 7.55484e+006 7.15487
405456 7.55484e+006 7.15487
405456 7.55484e+006 7.14426
405456 7.55484e+006 7.14426
405456 7.55484e+006 7.14426
405456 7.55484e+006 7.15487
405456 7.55484e+006 7.15487
405456 7.55484e+006 7.15445
405456 7.55484e+006 7.14384
405456 7.55484e+006 7.14426
405456 7.55484e+006 7.14426
405456 7.55484e+006 7.15487
405456 7.55484e+006 7.15445
405456 7.55484e+006 7.14426
405456 7.55484e+006 7.14426
405456 7.55484e+006 7.14384
405456 7.55484e+006 7.14384
405456 7.55484e+006 7.14384
405456 7.55484e+006 7.14426
405456 7.55484e+006 7.15445
405456 7.55484e+006 7.15487
405456 7.55484e+006 7.15487
405456 7.55484e+006 7.15487
405456 7.55484e+006 7.15445
405456 7.55484e+006 7.15445
