402795 7.56122e+006 -465.887
402795 7.56122e+006 -465.892
402795 7.56122e+006 -465.892
402795 7.56122e+006 -465.892
402795 7.56122e+006 -465.887
402795 7.56122e+006 -465.887
402795 7.56122e+006 -465.889
402795 7.56122e+006 -465.894
402795 7.56122e+006 -465.892
402795 7.56122e+006 -465.892
402795 7.56122e+006 -465.887
402795 7.56122e+006 -465.889
402795 7.56122e+006 -465.889
402795 7.56122e+006 -465.894
402795 7.56122e+006 -465.894
402795 7.56122e+006 -465.894
402795 7.56122e+006 -465.889
402795 7.56122e+006 -465.889
402795 7.56122e+006 -465.887
402795 7.56122e+006 -465.892
402795 7.56122e+006 -465.894
402795 7.56122e+006 -465.894
402795 7.56122e+006 -465.889
402795 7.56122e+006 -465.887
402795 7.56122e+006 -465.894
402795 7.56122e+006 -465.894
402795 7.56122e+006 -465.892
402795 7.56122e+006 -465.892
402795 7.56122e+006 -465.892
402795 7.56122e+006 -465.894
402795 7.56122e+006 -465.887
402795 7.56122e+006 -465.889
402795 7.56122e+006 -465.889
402795 7.56122e+006 -465.889
402795 7.56122e+006 -465.887
402795 7.56122e+006 -465.887
