405414 7.55481e+006 7.25638
405414 7.55481e+006 7.24577
405414 7.55481e+006 7.24577
405414 7.55481e+006 7.24577
405414 7.55481e+006 7.25638
405414 7.55481e+006 7.25638
405414 7.55481e+006 7.25679
405414 7.55481e+006 7.24618
405414 7.55481e+006 7.24577
405414 7.55481e+006 7.24577
405414 7.55481e+006 7.25638
405414 7.55481e+006 7.25679
405414 7.55481e+006 7.25679
405414 7.55481e+006 7.24618
405414 7.55481e+006 7.24618
405414 7.55481e+006 7.24618
405414 7.55481e+006 7.25679
405414 7.55481e+006 7.25679
405414 7.55481e+006 7.25638
405414 7.55481e+006 7.24577
405414 7.55481e+006 7.24618
405414 7.55481e+006 7.24618
405414 7.55481e+006 7.25679
405414 7.55481e+006 7.25638
405414 7.55481e+006 7.24618
405414 7.55481e+006 7.24618
405414 7.55481e+006 7.24577
405414 7.55481e+006 7.24577
405414 7.55481e+006 7.24577
405414 7.55481e+006 7.24618
405414 7.55481e+006 7.25638
405414 7.55481e+006 7.25679
405414 7.55481e+006 7.25679
405414 7.55481e+006 7.25679
405414 7.55481e+006 7.25638
405414 7.55481e+006 7.25638
