402805 7.56122e+006 -466.727
402805 7.56122e+006 -466.734
402805 7.56122e+006 -466.734
402805 7.56122e+006 -466.734
402805 7.56122e+006 -466.727
402805 7.56122e+006 -466.727
402805 7.56122e+006 -466.727
402805 7.56122e+006 -466.734
402805 7.56122e+006 -466.734
402805 7.56122e+006 -466.734
402805 7.56122e+006 -466.727
402805 7.56122e+006 -466.727
402805 7.56122e+006 -466.727
402805 7.56122e+006 -466.734
402805 7.56122e+006 -466.734
402805 7.56122e+006 -466.734
402805 7.56122e+006 -466.727
402805 7.56122e+006 -466.727
402805 7.56122e+006 -466.727
402805 7.56122e+006 -466.734
402805 7.56122e+006 -466.734
402805 7.56122e+006 -466.734
402805 7.56122e+006 -466.727
402805 7.56122e+006 -466.727
402805 7.56122e+006 -466.734
402805 7.56122e+006 -466.734
402805 7.56122e+006 -466.734
402805 7.56122e+006 -466.734
402805 7.56122e+006 -466.734
402805 7.56122e+006 -466.734
402805 7.56122e+006 -466.727
402805 7.56122e+006 -466.727
402805 7.56122e+006 -466.727
402805 7.56122e+006 -466.727
402805 7.56122e+006 -466.727
402805 7.56122e+006 -466.727
