405438 7.55484e+006 8.36301
405438 7.55484e+006 7.86301
405438 7.55484e+006 7.86301
405438 7.55484e+006 7.86301
405438 7.55484e+006 8.36301
405438 7.55484e+006 8.36301
405438 7.55484e+006 8.36301
405438 7.55484e+006 7.86301
405438 7.55484e+006 7.86301
405438 7.55484e+006 7.86301
405438 7.55484e+006 8.36301
405438 7.55484e+006 8.36301
405438 7.55484e+006 8.36301
405438 7.55484e+006 7.86301
405438 7.55484e+006 7.86301
405438 7.55484e+006 7.86301
405438 7.55484e+006 8.36301
405438 7.55484e+006 8.36301
405438 7.55484e+006 8.36301
405438 7.55484e+006 7.86301
405438 7.55484e+006 7.86301
405438 7.55484e+006 7.86301
405438 7.55484e+006 8.36301
405438 7.55484e+006 8.36301
405438 7.55484e+006 8.36301
405438 7.55484e+006 7.86301
405438 7.55484e+006 7.86301
405438 7.55484e+006 7.86301
405438 7.55484e+006 8.36301
405438 7.55484e+006 8.36301
405438 7.55484e+006 8.36301
405438 7.55484e+006 7.86301
405438 7.55484e+006 7.86301
405438 7.55484e+006 7.86301
405438 7.55484e+006 8.36301
405438 7.55484e+006 8.36301
405438 7.55484e+006 7.86301
405438 7.55484e+006 7.86301
405438 7.55484e+006 7.86301
405438 7.55484e+006 7.86301
405438 7.55484e+006 7.86301
405438 7.55484e+006 7.86301
405438 7.55484e+006 7.86301
405438 7.55484e+006 7.86301
405438 7.55484e+006 7.86301
405438 7.55484e+006 7.86301
405438 7.55484e+006 7.86301
405438 7.55484e+006 7.86301
405438 7.55484e+006 8.36301
405438 7.55484e+006 8.36301
405438 7.55484e+006 8.36301
405438 7.55484e+006 8.36301
405438 7.55484e+006 8.36301
405438 7.55484e+006 8.36301
405438 7.55484e+006 8.36301
405438 7.55484e+006 8.36301
405438 7.55484e+006 8.36301
405438 7.55484e+006 8.36301
405438 7.55484e+006 8.36301
405438 7.55484e+006 8.36301
405439 7.55484e+006 8.36301
405439 7.55484e+006 7.86301
405439 7.55484e+006 7.86301
405439 7.55484e+006 7.86301
405439 7.55484e+006 8.36301
405439 7.55484e+006 8.36301
405439 7.55484e+006 8.36301
405439 7.55484e+006 7.86301
405439 7.55484e+006 7.86301
405439 7.55484e+006 7.86301
405439 7.55484e+006 8.36301
405439 7.55484e+006 8.36301
405439 7.55484e+006 8.36301
405439 7.55484e+006 7.86301
405439 7.55484e+006 7.86301
405439 7.55484e+006 7.86301
405439 7.55484e+006 8.36301
405439 7.55484e+006 8.36301
405439 7.55484e+006 8.36301
405439 7.55484e+006 7.86301
405439 7.55484e+006 7.86301
405439 7.55484e+006 7.86301
405439 7.55484e+006 8.36301
405439 7.55484e+006 8.36301
405439 7.55484e+006 8.36301
405439 7.55484e+006 7.86301
405439 7.55484e+006 7.86301
405439 7.55484e+006 7.86301
405439 7.55484e+006 8.36301
405439 7.55484e+006 8.36301
405439 7.55484e+006 8.36301
405439 7.55484e+006 7.86301
405439 7.55484e+006 7.86301
405439 7.55484e+006 7.86301
405439 7.55484e+006 8.36301
405439 7.55484e+006 8.36301
405439 7.55484e+006 7.86301
405439 7.55484e+006 7.86301
405439 7.55484e+006 7.86301
405439 7.55484e+006 7.86301
405439 7.55484e+006 7.86301
405439 7.55484e+006 7.86301
405439 7.55484e+006 7.86301
405439 7.55484e+006 7.86301
405439 7.55484e+006 7.86301
405439 7.55484e+006 7.86301
405439 7.55484e+006 7.86301
405439 7.55484e+006 7.86301
405439 7.55484e+006 8.36301
405439 7.55484e+006 8.36301
405439 7.55484e+006 8.36301
405439 7.55484e+006 8.36301
405439 7.55484e+006 8.36301
405439 7.55484e+006 8.36301
405439 7.55484e+006 8.36301
405439 7.55484e+006 8.36301
405439 7.55484e+006 8.36301
405439 7.55484e+006 8.36301
405439 7.55484e+006 8.36301
405439 7.55484e+006 8.36301
405441 7.55484e+006 8.36301
405441 7.55484e+006 7.86301
405441 7.55484e+006 7.86301
405441 7.55484e+006 7.86301
405441 7.55484e+006 8.36301
405441 7.55484e+006 8.36301
405441 7.55484e+006 8.36301
405441 7.55484e+006 7.86301
405441 7.55484e+006 7.86301
405441 7.55484e+006 7.86301
405441 7.55484e+006 8.36301
405441 7.55484e+006 8.36301
405441 7.55484e+006 8.36301
405441 7.55484e+006 7.86301
405441 7.55484e+006 7.86301
405441 7.55484e+006 7.86301
405441 7.55484e+006 8.36301
405441 7.55484e+006 8.36301
405441 7.55484e+006 8.36301
405441 7.55484e+006 7.86301
405441 7.55484e+006 7.86301
405441 7.55484e+006 7.86301
405441 7.55484e+006 8.36301
405441 7.55484e+006 8.36301
405441 7.55484e+006 8.36301
405441 7.55484e+006 7.86301
405441 7.55484e+006 7.86301
405441 7.55484e+006 7.86301
405441 7.55484e+006 8.36301
405441 7.55484e+006 8.36301
405441 7.55484e+006 8.36301
405441 7.55484e+006 7.86301
405441 7.55484e+006 7.86301
405441 7.55484e+006 7.86301
405441 7.55484e+006 8.36301
405441 7.55484e+006 8.36301
405441 7.55484e+006 7.86301
405441 7.55484e+006 7.86301
405441 7.55484e+006 7.86301
405441 7.55484e+006 7.86301
405441 7.55484e+006 7.86301
405441 7.55484e+006 7.86301
405441 7.55484e+006 7.86301
405441 7.55484e+006 7.86301
405441 7.55484e+006 7.86301
405441 7.55484e+006 7.86301
405441 7.55484e+006 7.86301
405441 7.55484e+006 7.86301
405441 7.55484e+006 8.36301
405441 7.55484e+006 8.36301
405441 7.55484e+006 8.36301
405441 7.55484e+006 8.36301
405441 7.55484e+006 8.36301
405441 7.55484e+006 8.36301
405441 7.55484e+006 8.36301
405441 7.55484e+006 8.36301
405441 7.55484e+006 8.36301
405441 7.55484e+006 8.36301
405441 7.55484e+006 8.36301
405441 7.55484e+006 8.36301
405447 7.55484e+006 8.36301
405447 7.55484e+006 7.86301
405447 7.55484e+006 7.86301
405447 7.55484e+006 7.86301
405447 7.55484e+006 8.36301
405447 7.55484e+006 8.36301
405447 7.55484e+006 8.36301
405447 7.55484e+006 7.86301
405447 7.55484e+006 7.86301
405447 7.55484e+006 7.86301
405447 7.55484e+006 8.36301
405447 7.55484e+006 8.36301
405447 7.55484e+006 8.36301
405447 7.55484e+006 7.86301
405447 7.55484e+006 7.86301
405447 7.55484e+006 7.86301
405447 7.55484e+006 8.36301
405447 7.55484e+006 8.36301
405447 7.55484e+006 8.36301
405447 7.55484e+006 7.86301
405447 7.55484e+006 7.86301
405447 7.55484e+006 7.86301
405447 7.55484e+006 8.36301
405447 7.55484e+006 8.36301
405447 7.55484e+006 8.36301
405447 7.55484e+006 7.86301
405447 7.55484e+006 7.86301
405447 7.55484e+006 7.86301
405447 7.55484e+006 8.36301
405447 7.55484e+006 8.36301
405447 7.55484e+006 8.36301
405447 7.55484e+006 7.86301
405447 7.55484e+006 7.86301
405447 7.55484e+006 7.86301
405447 7.55484e+006 8.36301
405447 7.55484e+006 8.36301
405447 7.55484e+006 7.86301
405447 7.55484e+006 7.86301
405447 7.55484e+006 7.86301
405447 7.55484e+006 7.86301
405447 7.55484e+006 7.86301
405447 7.55484e+006 7.86301
405447 7.55484e+006 7.86301
405447 7.55484e+006 7.86301
405447 7.55484e+006 7.86301
405447 7.55484e+006 7.86301
405447 7.55484e+006 7.86301
405447 7.55484e+006 7.86301
405447 7.55484e+006 8.36301
405447 7.55484e+006 8.36301
405447 7.55484e+006 8.36301
405447 7.55484e+006 8.36301
405447 7.55484e+006 8.36301
405447 7.55484e+006 8.36301
405447 7.55484e+006 8.36301
405447 7.55484e+006 8.36301
405447 7.55484e+006 8.36301
405447 7.55484e+006 8.36301
405447 7.55484e+006 8.36301
405447 7.55484e+006 8.36301
405444 7.55484e+006 8.35704
405444 7.55484e+006 7.86301
405444 7.55484e+006 7.86301
405444 7.55484e+006 7.86301
405444 7.55484e+006 8.35704
405444 7.55484e+006 8.35704
405444 7.55484e+006 8.35704
405444 7.55484e+006 7.86301
405444 7.55484e+006 7.86301
405444 7.55484e+006 7.86301
405444 7.55484e+006 8.35704
405444 7.55484e+006 8.35704
405444 7.55484e+006 8.35704
405444 7.55484e+006 7.86301
405444 7.55484e+006 7.86301
405444 7.55484e+006 7.86301
405444 7.55484e+006 8.35704
405444 7.55484e+006 8.35704
405444 7.55484e+006 8.35703
405444 7.55484e+006 7.86301
405444 7.55484e+006 7.86301
405444 7.55484e+006 7.86301
405444 7.55484e+006 8.35704
405444 7.55484e+006 8.35703
405444 7.55484e+006 8.35703
405444 7.55484e+006 7.86301
405444 7.55484e+006 7.86301
405444 7.55484e+006 7.86301
405444 7.55484e+006 8.35703
405444 7.55484e+006 8.35703
405444 7.55484e+006 8.35704
405444 7.55484e+006 7.86301
405444 7.55484e+006 7.86301
405444 7.55484e+006 7.86301
405444 7.55484e+006 8.35703
405444 7.55484e+006 8.35704
405444 7.55484e+006 7.86301
405444 7.55484e+006 7.86301
405444 7.55484e+006 7.86301
405444 7.55484e+006 7.86301
405444 7.55484e+006 7.86301
405444 7.55484e+006 7.86301
405444 7.55484e+006 7.86301
405444 7.55484e+006 7.86301
405444 7.55484e+006 7.86301
405444 7.55484e+006 7.86301
405444 7.55484e+006 7.86301
405444 7.55484e+006 7.86301
405444 7.55484e+006 8.35704
405444 7.55484e+006 8.35704
405444 7.55484e+006 8.35704
405444 7.55484e+006 8.35704
405444 7.55484e+006 8.35704
405444 7.55484e+006 8.35703
405444 7.55484e+006 8.35704
405444 7.55484e+006 8.35704
405444 7.55484e+006 8.35703
405444 7.55484e+006 8.35704
405444 7.55484e+006 8.35703
405444 7.55484e+006 8.35703
405451 7.55484e+006 8.36301
405451 7.55484e+006 7.86301
405451 7.55484e+006 7.86301
405451 7.55484e+006 7.86301
405451 7.55484e+006 8.36301
405451 7.55484e+006 8.36301
405451 7.55484e+006 8.36301
405451 7.55484e+006 7.86301
405451 7.55484e+006 7.86301
405451 7.55484e+006 7.86301
405451 7.55484e+006 8.36301
405451 7.55484e+006 8.36301
405451 7.55484e+006 8.36301
405451 7.55484e+006 7.86301
405451 7.55484e+006 7.86301
405451 7.55484e+006 7.86301
405451 7.55484e+006 8.36301
405451 7.55484e+006 8.36301
405451 7.55484e+006 8.36301
405451 7.55484e+006 7.86301
405451 7.55484e+006 7.86301
405451 7.55484e+006 7.86301
405451 7.55484e+006 8.36301
405451 7.55484e+006 8.36301
405451 7.55484e+006 8.36301
405451 7.55484e+006 7.86301
405451 7.55484e+006 7.86301
405451 7.55484e+006 7.86301
405451 7.55484e+006 8.36301
405451 7.55484e+006 8.36301
405451 7.55484e+006 8.36301
405451 7.55484e+006 7.86301
405451 7.55484e+006 7.86301
405451 7.55484e+006 7.86301
405451 7.55484e+006 8.36301
405451 7.55484e+006 8.36301
405451 7.55484e+006 7.86301
405451 7.55484e+006 7.86301
405451 7.55484e+006 7.86301
405451 7.55484e+006 7.86301
405451 7.55484e+006 7.86301
405451 7.55484e+006 7.86301
405451 7.55484e+006 7.86301
405451 7.55484e+006 7.86301
405451 7.55484e+006 7.86301
405451 7.55484e+006 7.86301
405451 7.55484e+006 7.86301
405451 7.55484e+006 7.86301
405451 7.55484e+006 8.36301
405451 7.55484e+006 8.36301
405451 7.55484e+006 8.36301
405451 7.55484e+006 8.36301
405451 7.55484e+006 8.36301
405451 7.55484e+006 8.36301
405451 7.55484e+006 8.36301
405451 7.55484e+006 8.36301
405451 7.55484e+006 8.36301
405451 7.55484e+006 8.36301
405451 7.55484e+006 8.36301
405451 7.55484e+006 8.36301
405448 7.55484e+006 8.36301
405448 7.55484e+006 7.86301
405448 7.55484e+006 7.86301
405448 7.55484e+006 7.86301
405448 7.55484e+006 8.36301
405448 7.55484e+006 8.36301
405448 7.55484e+006 8.36301
405448 7.55484e+006 7.86301
405448 7.55484e+006 7.86301
405448 7.55484e+006 7.86301
405448 7.55484e+006 8.36301
405448 7.55484e+006 8.36301
405448 7.55484e+006 8.36301
405448 7.55484e+006 7.86301
405448 7.55484e+006 7.86301
405448 7.55484e+006 7.86301
405448 7.55484e+006 8.36301
405448 7.55484e+006 8.36301
405448 7.55484e+006 8.36301
405448 7.55484e+006 7.86301
405448 7.55484e+006 7.86301
405448 7.55484e+006 7.86301
405448 7.55484e+006 8.36301
405448 7.55484e+006 8.36301
405448 7.55484e+006 8.36301
405448 7.55484e+006 7.86301
405448 7.55484e+006 7.86301
405448 7.55484e+006 7.86301
405448 7.55484e+006 8.36301
405448 7.55484e+006 8.36301
405448 7.55484e+006 8.36301
405448 7.55484e+006 7.86301
405448 7.55484e+006 7.86301
405448 7.55484e+006 7.86301
405448 7.55484e+006 8.36301
405448 7.55484e+006 8.36301
405448 7.55484e+006 7.86301
405448 7.55484e+006 7.86301
405448 7.55484e+006 7.86301
405448 7.55484e+006 7.86301
405448 7.55484e+006 7.86301
405448 7.55484e+006 7.86301
405448 7.55484e+006 7.86301
405448 7.55484e+006 7.86301
405448 7.55484e+006 7.86301
405448 7.55484e+006 7.86301
405448 7.55484e+006 7.86301
405448 7.55484e+006 7.86301
405448 7.55484e+006 8.36301
405448 7.55484e+006 8.36301
405448 7.55484e+006 8.36301
405448 7.55484e+006 8.36301
405448 7.55484e+006 8.36301
405448 7.55484e+006 8.36301
405448 7.55484e+006 8.36301
405448 7.55484e+006 8.36301
405448 7.55484e+006 8.36301
405448 7.55484e+006 8.36301
405448 7.55484e+006 8.36301
405448 7.55484e+006 8.36301
405438 7.55484e+006 8.36301
405438 7.55484e+006 7.86301
405438 7.55484e+006 7.86301
405438 7.55484e+006 7.86301
405438 7.55484e+006 8.36301
405438 7.55484e+006 8.36301
405438 7.55484e+006 8.36301
405438 7.55484e+006 7.86301
405438 7.55484e+006 7.86301
405438 7.55484e+006 7.86301
405438 7.55484e+006 8.36301
405438 7.55484e+006 8.36301
405438 7.55484e+006 8.36301
405438 7.55484e+006 7.86301
405438 7.55484e+006 7.86301
405438 7.55484e+006 7.86301
405438 7.55484e+006 8.36301
405438 7.55484e+006 8.36301
405438 7.55484e+006 8.36301
405438 7.55484e+006 7.86301
405438 7.55484e+006 7.86301
405438 7.55484e+006 7.86301
405438 7.55484e+006 8.36301
405438 7.55484e+006 8.36301
405438 7.55484e+006 8.36301
405438 7.55484e+006 7.86301
405438 7.55484e+006 7.86301
405438 7.55484e+006 7.86301
405438 7.55484e+006 8.36301
405438 7.55484e+006 8.36301
405438 7.55484e+006 8.36301
405438 7.55484e+006 7.86301
405438 7.55484e+006 7.86301
405438 7.55484e+006 7.86301
405438 7.55484e+006 8.36301
405438 7.55484e+006 8.36301
405438 7.55484e+006 7.86301
405438 7.55484e+006 7.86301
405438 7.55484e+006 7.86301
405438 7.55484e+006 7.86301
405438 7.55484e+006 7.86301
405438 7.55484e+006 7.86301
405438 7.55484e+006 7.86301
405438 7.55484e+006 7.86301
405438 7.55484e+006 7.86301
405438 7.55484e+006 7.86301
405438 7.55484e+006 7.86301
405438 7.55484e+006 7.86301
405438 7.55484e+006 8.36301
405438 7.55484e+006 8.36301
405438 7.55484e+006 8.36301
405438 7.55484e+006 8.36301
405438 7.55484e+006 8.36301
405438 7.55484e+006 8.36301
405438 7.55484e+006 8.36301
405438 7.55484e+006 8.36301
405438 7.55484e+006 8.36301
405438 7.55484e+006 8.36301
405438 7.55484e+006 8.36301
405438 7.55484e+006 8.36301
405441 7.55484e+006 8.36301
405441 7.55484e+006 7.86301
405440 7.55484e+006 7.86301
405440 7.55484e+006 7.86301
405440 7.55484e+006 8.36301
405441 7.55484e+006 8.36301
405441 7.55484e+006 8.36301
405441 7.55484e+006 7.86301
405441 7.55484e+006 7.86301
405441 7.55484e+006 7.86301
405441 7.55484e+006 8.36301
405441 7.55484e+006 8.36301
405441 7.55484e+006 8.36301
405441 7.55484e+006 7.86301
405441 7.55484e+006 7.86301
405441 7.55484e+006 7.86301
405441 7.55484e+006 8.36301
405441 7.55484e+006 8.36301
405441 7.55484e+006 8.36301
405441 7.55484e+006 7.86301
405441 7.55484e+006 7.86301
405441 7.55484e+006 7.86301
405441 7.55484e+006 8.36301
405441 7.55484e+006 8.36301
405440 7.55484e+006 8.36301
405440 7.55484e+006 7.86301
405441 7.55484e+006 7.86301
405441 7.55484e+006 7.86301
405441 7.55484e+006 8.36301
405440 7.55484e+006 8.36301
405440 7.55484e+006 8.36301
405440 7.55484e+006 7.86301
405440 7.55484e+006 7.86301
405440 7.55484e+006 7.86301
405440 7.55484e+006 8.36301
405440 7.55484e+006 8.36301
405441 7.55484e+006 7.86301
405441 7.55484e+006 7.86301
405441 7.55484e+006 7.86301
405441 7.55484e+006 7.86301
405440 7.55484e+006 7.86301
405440 7.55484e+006 7.86301
405441 7.55484e+006 7.86301
405441 7.55484e+006 7.86301
405440 7.55484e+006 7.86301
405441 7.55484e+006 7.86301
405440 7.55484e+006 7.86301
405441 7.55484e+006 7.86301
405441 7.55484e+006 8.36301
405441 7.55484e+006 8.36301
405441 7.55484e+006 8.36301
405441 7.55484e+006 8.36301
405440 7.55484e+006 8.36301
405440 7.55484e+006 8.36301
405441 7.55484e+006 8.36301
405441 7.55484e+006 8.36301
405440 7.55484e+006 8.36301
405441 7.55484e+006 8.36301
405440 7.55484e+006 8.36301
405441 7.55484e+006 8.36301
405445 7.55484e+006 8.36301
405445 7.55484e+006 7.86301
405445 7.55484e+006 7.86301
405445 7.55484e+006 7.86301
405445 7.55484e+006 8.36301
405445 7.55484e+006 8.36301
405445 7.55484e+006 8.36301
405445 7.55484e+006 7.86301
405445 7.55484e+006 7.86301
405445 7.55484e+006 7.86301
405445 7.55484e+006 8.36301
405445 7.55484e+006 8.36301
405445 7.55484e+006 8.36301
405445 7.55484e+006 7.86301
405445 7.55484e+006 7.86301
405445 7.55484e+006 7.86301
405445 7.55484e+006 8.36301
405445 7.55484e+006 8.36301
405445 7.55484e+006 8.36301
405445 7.55484e+006 7.86301
405445 7.55484e+006 7.86301
405445 7.55484e+006 7.86301
405445 7.55484e+006 8.36301
405445 7.55484e+006 8.36301
405445 7.55484e+006 8.36301
405445 7.55484e+006 7.86301
405445 7.55484e+006 7.86301
405445 7.55484e+006 7.86301
405445 7.55484e+006 8.36301
405445 7.55484e+006 8.36301
405445 7.55484e+006 8.36301
405445 7.55484e+006 7.86301
405445 7.55484e+006 7.86301
405445 7.55484e+006 7.86301
405445 7.55484e+006 8.36301
405445 7.55484e+006 8.36301
405445 7.55484e+006 7.86301
405445 7.55484e+006 7.86301
405445 7.55484e+006 7.86301
405445 7.55484e+006 7.86301
405445 7.55484e+006 7.86301
405445 7.55484e+006 7.86301
405445 7.55484e+006 7.86301
405445 7.55484e+006 7.86301
405445 7.55484e+006 7.86301
405445 7.55484e+006 7.86301
405445 7.55484e+006 7.86301
405445 7.55484e+006 7.86301
405445 7.55484e+006 8.36301
405445 7.55484e+006 8.36301
405445 7.55484e+006 8.36301
405445 7.55484e+006 8.36301
405445 7.55484e+006 8.36301
405445 7.55484e+006 8.36301
405445 7.55484e+006 8.36301
405445 7.55484e+006 8.36301
405445 7.55484e+006 8.36301
405445 7.55484e+006 8.36301
405445 7.55484e+006 8.36301
405445 7.55484e+006 8.36301
405443 7.55484e+006 8.36301
405443 7.55484e+006 7.86301
405443 7.55484e+006 7.86301
405443 7.55484e+006 7.86301
405443 7.55484e+006 8.36301
405443 7.55484e+006 8.36301
405443 7.55484e+006 8.36301
405443 7.55484e+006 7.86301
405443 7.55484e+006 7.86301
405443 7.55484e+006 7.86301
405443 7.55484e+006 8.36301
405443 7.55484e+006 8.36301
405443 7.55484e+006 8.36301
405443 7.55484e+006 7.86301
405443 7.55484e+006 7.86301
405443 7.55484e+006 7.86301
405443 7.55484e+006 8.36301
405443 7.55484e+006 8.36301
405443 7.55484e+006 8.36301
405443 7.55484e+006 7.86301
405443 7.55484e+006 7.86301
405443 7.55484e+006 7.86301
405443 7.55484e+006 8.36301
405443 7.55484e+006 8.36301
405443 7.55484e+006 8.36301
405443 7.55484e+006 7.86301
405443 7.55484e+006 7.86301
405443 7.55484e+006 7.86301
405443 7.55484e+006 8.36301
405443 7.55484e+006 8.36301
405443 7.55484e+006 8.36301
405443 7.55484e+006 7.86301
405443 7.55484e+006 7.86301
405443 7.55484e+006 7.86301
405443 7.55484e+006 8.36301
405443 7.55484e+006 8.36301
405443 7.55484e+006 7.86301
405443 7.55484e+006 7.86301
405443 7.55484e+006 7.86301
405443 7.55484e+006 7.86301
405443 7.55484e+006 7.86301
405443 7.55484e+006 7.86301
405443 7.55484e+006 7.86301
405443 7.55484e+006 7.86301
405443 7.55484e+006 7.86301
405443 7.55484e+006 7.86301
405443 7.55484e+006 7.86301
405443 7.55484e+006 7.86301
405443 7.55484e+006 8.36301
405443 7.55484e+006 8.36301
405443 7.55484e+006 8.36301
405443 7.55484e+006 8.36301
405443 7.55484e+006 8.36301
405443 7.55484e+006 8.36301
405443 7.55484e+006 8.36301
405443 7.55484e+006 8.36301
405443 7.55484e+006 8.36301
405443 7.55484e+006 8.36301
405443 7.55484e+006 8.36301
405443 7.55484e+006 8.36301
405446 7.55484e+006 8.36301
405446 7.55484e+006 7.86301
405446 7.55484e+006 7.86301
405446 7.55484e+006 7.86301
405446 7.55484e+006 8.36301
405446 7.55484e+006 8.36301
405446 7.55484e+006 8.36301
405446 7.55484e+006 7.86301
405446 7.55484e+006 7.86301
405446 7.55484e+006 7.86301
405446 7.55484e+006 8.36301
405446 7.55484e+006 8.36301
405446 7.55484e+006 8.36301
405446 7.55484e+006 7.86301
405446 7.55484e+006 7.86301
405446 7.55484e+006 7.86301
405446 7.55484e+006 8.36301
405446 7.55484e+006 8.36301
405446 7.55484e+006 8.36301
405446 7.55484e+006 7.86301
405446 7.55484e+006 7.86301
405446 7.55484e+006 7.86301
405446 7.55484e+006 8.36301
405446 7.55484e+006 8.36301
405446 7.55484e+006 8.36301
405446 7.55484e+006 7.86301
405446 7.55484e+006 7.86301
405446 7.55484e+006 7.86301
405446 7.55484e+006 8.36301
405446 7.55484e+006 8.36301
405446 7.55484e+006 8.36301
405446 7.55484e+006 7.86301
405446 7.55484e+006 7.86301
405446 7.55484e+006 7.86301
405446 7.55484e+006 8.36301
405446 7.55484e+006 8.36301
405446 7.55484e+006 7.86301
405446 7.55484e+006 7.86301
405446 7.55484e+006 7.86301
405446 7.55484e+006 7.86301
405446 7.55484e+006 7.86301
405446 7.55484e+006 7.86301
405446 7.55484e+006 7.86301
405446 7.55484e+006 7.86301
405446 7.55484e+006 7.86301
405446 7.55484e+006 7.86301
405446 7.55484e+006 7.86301
405446 7.55484e+006 7.86301
405446 7.55484e+006 8.36301
405446 7.55484e+006 8.36301
405446 7.55484e+006 8.36301
405446 7.55484e+006 8.36301
405446 7.55484e+006 8.36301
405446 7.55484e+006 8.36301
405446 7.55484e+006 8.36301
405446 7.55484e+006 8.36301
405446 7.55484e+006 8.36301
405446 7.55484e+006 8.36301
405446 7.55484e+006 8.36301
405446 7.55484e+006 8.36301
405449 7.55484e+006 8.36301
405449 7.55484e+006 7.86301
405449 7.55484e+006 7.86301
405449 7.55484e+006 7.86301
405449 7.55484e+006 8.36301
405449 7.55484e+006 8.36301
405449 7.55484e+006 8.36301
405449 7.55484e+006 7.86301
405449 7.55484e+006 7.86301
405449 7.55484e+006 7.86301
405449 7.55484e+006 8.36301
405449 7.55484e+006 8.36301
405449 7.55484e+006 8.36301
405449 7.55484e+006 7.86301
405449 7.55484e+006 7.86301
405449 7.55484e+006 7.86301
405449 7.55484e+006 8.36301
405449 7.55484e+006 8.36301
405449 7.55484e+006 8.36301
405449 7.55484e+006 7.86301
405449 7.55484e+006 7.86301
405449 7.55484e+006 7.86301
405449 7.55484e+006 8.36301
405449 7.55484e+006 8.36301
405449 7.55484e+006 8.36301
405449 7.55484e+006 7.86301
405449 7.55484e+006 7.86301
405449 7.55484e+006 7.86301
405449 7.55484e+006 8.36301
405449 7.55484e+006 8.36301
405449 7.55484e+006 8.36301
405449 7.55484e+006 7.86301
405449 7.55484e+006 7.86301
405449 7.55484e+006 7.86301
405449 7.55484e+006 8.36301
405449 7.55484e+006 8.36301
405449 7.55484e+006 7.86301
405449 7.55484e+006 7.86301
405449 7.55484e+006 7.86301
405449 7.55484e+006 7.86301
405449 7.55484e+006 7.86301
405449 7.55484e+006 7.86301
405449 7.55484e+006 7.86301
405449 7.55484e+006 7.86301
405449 7.55484e+006 7.86301
405449 7.55484e+006 7.86301
405449 7.55484e+006 7.86301
405449 7.55484e+006 7.86301
405449 7.55484e+006 8.36301
405449 7.55484e+006 8.36301
405449 7.55484e+006 8.36301
405449 7.55484e+006 8.36301
405449 7.55484e+006 8.36301
405449 7.55484e+006 8.36301
405449 7.55484e+006 8.36301
405449 7.55484e+006 8.36301
405449 7.55484e+006 8.36301
405449 7.55484e+006 8.36301
405449 7.55484e+006 8.36301
405449 7.55484e+006 8.36301
405439 7.55484e+006 8.36301
405439 7.55484e+006 7.86301
405439 7.55484e+006 7.86301
405439 7.55484e+006 7.86301
405439 7.55484e+006 8.36301
405439 7.55484e+006 8.36301
405439 7.55484e+006 8.36301
405439 7.55484e+006 7.86301
405439 7.55484e+006 7.86301
405439 7.55484e+006 7.86301
405439 7.55484e+006 8.36301
405439 7.55484e+006 8.36301
405439 7.55484e+006 8.36301
405439 7.55484e+006 7.86301
405439 7.55484e+006 7.86301
405439 7.55484e+006 7.86301
405439 7.55484e+006 8.36301
405439 7.55484e+006 8.36301
405439 7.55484e+006 8.36301
405439 7.55484e+006 7.86301
405439 7.55484e+006 7.86301
405439 7.55484e+006 7.86301
405439 7.55484e+006 8.36301
405439 7.55484e+006 8.36301
405439 7.55484e+006 8.36301
405439 7.55484e+006 7.86301
405439 7.55484e+006 7.86301
405439 7.55484e+006 7.86301
405439 7.55484e+006 8.36301
405439 7.55484e+006 8.36301
405439 7.55484e+006 8.36301
405439 7.55484e+006 7.86301
405439 7.55484e+006 7.86301
405439 7.55484e+006 7.86301
405439 7.55484e+006 8.36301
405439 7.55484e+006 8.36301
405439 7.55484e+006 7.86301
405439 7.55484e+006 7.86301
405439 7.55484e+006 7.86301
405439 7.55484e+006 7.86301
405439 7.55484e+006 7.86301
405439 7.55484e+006 7.86301
405439 7.55484e+006 7.86301
405439 7.55484e+006 7.86301
405439 7.55484e+006 7.86301
405439 7.55484e+006 7.86301
405439 7.55484e+006 7.86301
405439 7.55484e+006 7.86301
405439 7.55484e+006 8.36301
405439 7.55484e+006 8.36301
405439 7.55484e+006 8.36301
405439 7.55484e+006 8.36301
405439 7.55484e+006 8.36301
405439 7.55484e+006 8.36301
405439 7.55484e+006 8.36301
405439 7.55484e+006 8.36301
405439 7.55484e+006 8.36301
405439 7.55484e+006 8.36301
405439 7.55484e+006 8.36301
405439 7.55484e+006 8.36301
405440 7.55484e+006 8.36301
405440 7.55484e+006 7.86301
405440 7.55484e+006 7.86301
405440 7.55484e+006 7.86301
405440 7.55484e+006 8.36301
405440 7.55484e+006 8.36301
405440 7.55484e+006 8.36301
405440 7.55484e+006 7.86301
405440 7.55484e+006 7.86301
405440 7.55484e+006 7.86301
405440 7.55484e+006 8.36301
405440 7.55484e+006 8.36301
405440 7.55484e+006 8.36301
405440 7.55484e+006 7.86301
405440 7.55484e+006 7.86301
405440 7.55484e+006 7.86301
405440 7.55484e+006 8.36301
405440 7.55484e+006 8.36301
405440 7.55484e+006 8.36301
405440 7.55484e+006 7.86301
405440 7.55484e+006 7.86301
405440 7.55484e+006 7.86301
405440 7.55484e+006 8.36301
405440 7.55484e+006 8.36301
405440 7.55484e+006 8.36301
405440 7.55484e+006 7.86301
405440 7.55484e+006 7.86301
405440 7.55484e+006 7.86301
405440 7.55484e+006 8.36301
405440 7.55484e+006 8.36301
405440 7.55484e+006 8.36301
405440 7.55484e+006 7.86301
405440 7.55484e+006 7.86301
405440 7.55484e+006 7.86301
405440 7.55484e+006 8.36301
405440 7.55484e+006 8.36301
405440 7.55484e+006 7.86301
405440 7.55484e+006 7.86301
405440 7.55484e+006 7.86301
405440 7.55484e+006 7.86301
405440 7.55484e+006 7.86301
405440 7.55484e+006 7.86301
405440 7.55484e+006 7.86301
405440 7.55484e+006 7.86301
405440 7.55484e+006 7.86301
405440 7.55484e+006 7.86301
405440 7.55484e+006 7.86301
405440 7.55484e+006 7.86301
405440 7.55484e+006 8.36301
405440 7.55484e+006 8.36301
405440 7.55484e+006 8.36301
405440 7.55484e+006 8.36301
405440 7.55484e+006 8.36301
405440 7.55484e+006 8.36301
405440 7.55484e+006 8.36301
405440 7.55484e+006 8.36301
405440 7.55484e+006 8.36301
405440 7.55484e+006 8.36301
405440 7.55484e+006 8.36301
405440 7.55484e+006 8.36301
405438 7.55484e+006 8.36301
405438 7.55484e+006 7.86301
405438 7.55484e+006 7.86301
405438 7.55484e+006 7.86301
405438 7.55484e+006 8.36301
405438 7.55484e+006 8.36301
405438 7.55484e+006 8.36301
405438 7.55484e+006 7.86301
405438 7.55484e+006 7.86301
405438 7.55484e+006 7.86301
405438 7.55484e+006 8.36301
405438 7.55484e+006 8.36301
405438 7.55484e+006 8.36301
405438 7.55484e+006 7.86301
405438 7.55484e+006 7.86301
405438 7.55484e+006 7.86301
405438 7.55484e+006 8.36301
405438 7.55484e+006 8.36301
405438 7.55484e+006 8.36301
405438 7.55484e+006 7.86301
405438 7.55484e+006 7.86301
405438 7.55484e+006 7.86301
405438 7.55484e+006 8.36301
405438 7.55484e+006 8.36301
405438 7.55484e+006 8.36301
405438 7.55484e+006 7.86301
405438 7.55484e+006 7.86301
405438 7.55484e+006 7.86301
405438 7.55484e+006 8.36301
405438 7.55484e+006 8.36301
405438 7.55484e+006 8.36301
405438 7.55484e+006 7.86301
405438 7.55484e+006 7.86301
405438 7.55484e+006 7.86301
405438 7.55484e+006 8.36301
405438 7.55484e+006 8.36301
405438 7.55484e+006 7.86301
405438 7.55484e+006 7.86301
405438 7.55484e+006 7.86301
405438 7.55484e+006 7.86301
405438 7.55484e+006 7.86301
405438 7.55484e+006 7.86301
405438 7.55484e+006 7.86301
405438 7.55484e+006 7.86301
405438 7.55484e+006 7.86301
405438 7.55484e+006 7.86301
405438 7.55484e+006 7.86301
405438 7.55484e+006 7.86301
405438 7.55484e+006 8.36301
405438 7.55484e+006 8.36301
405438 7.55484e+006 8.36301
405438 7.55484e+006 8.36301
405438 7.55484e+006 8.36301
405438 7.55484e+006 8.36301
405438 7.55484e+006 8.36301
405438 7.55484e+006 8.36301
405438 7.55484e+006 8.36301
405438 7.55484e+006 8.36301
405438 7.55484e+006 8.36301
405438 7.55484e+006 8.36301
