405428 7.55483e+006 8.36298
405428 7.55483e+006 8.36298
405428 7.55483e+006 7.86298
405428 7.55483e+006 7.86298
405428 7.55483e+006 7.86298
405428 7.55483e+006 8.36298
405428 7.55483e+006 8.36298
405428 7.55483e+006 8.36298
405428 7.55483e+006 7.86298
405428 7.55483e+006 7.86298
405428 7.55483e+006 7.86298
405428 7.55483e+006 8.36298
405428 7.55483e+006 8.36298
405428 7.55483e+006 8.36298
405428 7.55483e+006 7.86298
405428 7.55483e+006 7.86298
405428 7.55483e+006 7.86298
405428 7.55483e+006 8.36298
405428 7.55483e+006 8.36298
405428 7.55483e+006 8.36298
405428 7.55483e+006 7.86298
405428 7.55483e+006 7.86298
405428 7.55483e+006 7.86298
405428 7.55483e+006 8.36298
405428 7.55483e+006 8.36298
405428 7.55483e+006 8.36298
405428 7.55483e+006 7.86298
405428 7.55483e+006 7.86298
405428 7.55483e+006 7.86298
405428 7.55483e+006 8.36298
405428 7.55483e+006 8.36298
405428 7.55483e+006 8.36298
405428 7.55483e+006 7.86298
405428 7.55483e+006 7.86298
405428 7.55483e+006 7.86298
405428 7.55483e+006 8.36298
405428 7.55483e+006 7.86298
405428 7.55483e+006 7.86298
405428 7.55483e+006 7.86298
405428 7.55483e+006 7.86298
405428 7.55483e+006 7.86298
405428 7.55483e+006 7.86298
405428 7.55483e+006 7.86298
405428 7.55483e+006 7.86298
405428 7.55483e+006 7.86298
405428 7.55483e+006 7.86298
405428 7.55483e+006 7.86298
405428 7.55483e+006 7.86298
405428 7.55483e+006 8.36298
405428 7.55483e+006 8.36298
405428 7.55483e+006 8.36298
405428 7.55483e+006 8.36298
405428 7.55483e+006 8.36298
405428 7.55483e+006 8.36298
405428 7.55483e+006 8.36298
405428 7.55483e+006 8.36298
405428 7.55483e+006 8.36298
405428 7.55483e+006 8.36298
405428 7.55483e+006 8.36298
405428 7.55483e+006 8.36298
405428 7.55483e+006 8.36298
405428 7.55483e+006 8.36298
405428 7.55483e+006 7.86298
405428 7.55483e+006 7.86298
405428 7.55483e+006 7.86298
405428 7.55483e+006 8.36298
405428 7.55483e+006 8.36298
405428 7.55483e+006 8.36298
405428 7.55483e+006 7.86298
405428 7.55483e+006 7.86298
405428 7.55483e+006 7.86298
405428 7.55483e+006 8.36298
405428 7.55483e+006 8.36298
405428 7.55483e+006 8.36298
405428 7.55483e+006 7.86298
405428 7.55483e+006 7.86298
405428 7.55483e+006 7.86298
405428 7.55483e+006 8.36298
405428 7.55483e+006 8.36298
405428 7.55483e+006 8.36298
405428 7.55483e+006 7.86298
405428 7.55483e+006 7.86298
405428 7.55483e+006 7.86298
405428 7.55483e+006 8.36298
405428 7.55483e+006 8.36298
405428 7.55483e+006 8.36298
405428 7.55483e+006 7.86298
405428 7.55483e+006 7.86298
405428 7.55483e+006 7.86298
405428 7.55483e+006 8.36298
405428 7.55483e+006 8.36298
405428 7.55483e+006 8.36298
405428 7.55483e+006 7.86298
405428 7.55483e+006 7.86298
405428 7.55483e+006 7.86298
405428 7.55483e+006 8.36298
405428 7.55483e+006 7.86298
405428 7.55483e+006 7.86298
405428 7.55483e+006 7.86298
405428 7.55483e+006 7.86298
405428 7.55483e+006 7.86298
405428 7.55483e+006 7.86298
405428 7.55483e+006 7.86298
405428 7.55483e+006 7.86298
405428 7.55483e+006 7.86298
405428 7.55483e+006 7.86298
405428 7.55483e+006 7.86298
405428 7.55483e+006 7.86298
405428 7.55483e+006 8.36298
405428 7.55483e+006 8.36298
405428 7.55483e+006 8.36298
405428 7.55483e+006 8.36298
405428 7.55483e+006 8.36298
405428 7.55483e+006 8.36298
405428 7.55483e+006 8.36298
405428 7.55483e+006 8.36298
405428 7.55483e+006 8.36298
405428 7.55483e+006 8.36298
405428 7.55483e+006 8.36298
405428 7.55483e+006 8.36298
405427 7.55483e+006 8.36298
405427 7.55483e+006 8.36298
405427 7.55483e+006 7.86298
405427 7.55483e+006 7.86298
405427 7.55483e+006 7.86298
405427 7.55483e+006 8.36298
405427 7.55483e+006 8.36298
405427 7.55483e+006 8.36298
405427 7.55483e+006 7.86298
405427 7.55483e+006 7.86298
405427 7.55483e+006 7.86298
405427 7.55483e+006 8.36298
405427 7.55483e+006 8.36298
405427 7.55483e+006 8.36298
405427 7.55483e+006 7.86298
405427 7.55483e+006 7.86298
405427 7.55483e+006 7.86298
405427 7.55483e+006 8.36298
405427 7.55483e+006 8.36298
405427 7.55483e+006 8.36298
405427 7.55483e+006 7.86298
405427 7.55483e+006 7.86298
405427 7.55483e+006 7.86298
405427 7.55483e+006 8.36298
405427 7.55483e+006 8.36298
405427 7.55483e+006 8.36298
405427 7.55483e+006 7.86298
405427 7.55483e+006 7.86298
405427 7.55483e+006 7.86298
405427 7.55483e+006 8.36298
405427 7.55483e+006 8.36298
405427 7.55483e+006 8.36298
405427 7.55483e+006 7.86298
405427 7.55483e+006 7.86298
405427 7.55483e+006 7.86298
405427 7.55483e+006 8.36298
405427 7.55483e+006 7.86298
405427 7.55483e+006 7.86298
405427 7.55483e+006 7.86298
405427 7.55483e+006 7.86298
405427 7.55483e+006 7.86298
405427 7.55483e+006 7.86298
405427 7.55483e+006 7.86298
405427 7.55483e+006 7.86298
405427 7.55483e+006 7.86298
405427 7.55483e+006 7.86298
405427 7.55483e+006 7.86298
405427 7.55483e+006 7.86298
405427 7.55483e+006 8.36298
405427 7.55483e+006 8.36298
405427 7.55483e+006 8.36298
405427 7.55483e+006 8.36298
405427 7.55483e+006 8.36298
405427 7.55483e+006 8.36298
405427 7.55483e+006 8.36298
405427 7.55483e+006 8.36298
405427 7.55483e+006 8.36298
405427 7.55483e+006 8.36298
405427 7.55483e+006 8.36298
405427 7.55483e+006 8.36298
405427 7.55482e+006 8.36298
405427 7.55482e+006 8.36298
405427 7.55482e+006 7.86298
405427 7.55482e+006 7.86298
405427 7.55482e+006 7.86298
405427 7.55482e+006 8.36298
405427 7.55482e+006 8.36298
405427 7.55482e+006 8.36298
405427 7.55482e+006 7.86298
405427 7.55482e+006 7.86298
405427 7.55482e+006 7.86298
405427 7.55482e+006 8.36298
405427 7.55482e+006 8.36298
405427 7.55482e+006 8.36298
405427 7.55482e+006 7.86298
405427 7.55482e+006 7.86298
405427 7.55482e+006 7.86298
405427 7.55482e+006 8.36298
405427 7.55482e+006 8.36298
405427 7.55482e+006 8.36298
405427 7.55482e+006 7.86298
405427 7.55482e+006 7.86298
405427 7.55482e+006 7.86298
405427 7.55482e+006 8.36298
405427 7.55482e+006 8.36298
405427 7.55482e+006 8.36298
405427 7.55482e+006 7.86298
405427 7.55482e+006 7.86298
405427 7.55482e+006 7.86298
405427 7.55482e+006 8.36298
405427 7.55482e+006 8.36298
405427 7.55482e+006 8.36298
405427 7.55482e+006 7.86298
405427 7.55482e+006 7.86298
405427 7.55482e+006 7.86298
405427 7.55482e+006 8.36298
405427 7.55482e+006 7.86298
405427 7.55482e+006 7.86298
405427 7.55482e+006 7.86298
405427 7.55482e+006 7.86298
405427 7.55482e+006 7.86298
405427 7.55482e+006 7.86298
405427 7.55482e+006 7.86298
405427 7.55482e+006 7.86298
405427 7.55482e+006 7.86298
405427 7.55482e+006 7.86298
405427 7.55482e+006 7.86298
405427 7.55482e+006 7.86298
405427 7.55482e+006 8.36298
405427 7.55482e+006 8.36298
405427 7.55482e+006 8.36298
405427 7.55482e+006 8.36298
405427 7.55482e+006 8.36298
405427 7.55482e+006 8.36298
405427 7.55482e+006 8.36298
405427 7.55482e+006 8.36298
405427 7.55482e+006 8.36298
405427 7.55482e+006 8.36298
405427 7.55482e+006 8.36298
405427 7.55482e+006 8.36298
405425 7.55482e+006 8.36298
405425 7.55482e+006 8.36298
405425 7.55482e+006 7.86298
405425 7.55482e+006 7.86298
405425 7.55482e+006 7.86298
405425 7.55482e+006 8.36298
405425 7.55482e+006 8.36298
405425 7.55482e+006 8.36298
405425 7.55482e+006 7.86298
405425 7.55482e+006 7.86298
405425 7.55482e+006 7.86298
405425 7.55482e+006 8.36298
405425 7.55482e+006 8.36298
405425 7.55482e+006 8.36298
405425 7.55482e+006 7.86298
405425 7.55482e+006 7.86298
405425 7.55482e+006 7.86298
405425 7.55482e+006 8.36298
405425 7.55482e+006 8.36298
405425 7.55482e+006 8.36298
405425 7.55482e+006 7.86298
405425 7.55482e+006 7.86298
405425 7.55482e+006 7.86298
405425 7.55482e+006 8.36298
405425 7.55482e+006 8.36298
405425 7.55482e+006 8.36298
405425 7.55482e+006 7.86298
405425 7.55482e+006 7.86298
405425 7.55482e+006 7.86298
405425 7.55482e+006 8.36298
405425 7.55482e+006 8.36298
405425 7.55482e+006 8.36298
405425 7.55482e+006 7.86298
405425 7.55482e+006 7.86298
405425 7.55482e+006 7.86298
405425 7.55482e+006 8.36298
405425 7.55482e+006 7.86298
405425 7.55482e+006 7.86298
405425 7.55482e+006 7.86298
405425 7.55482e+006 7.86298
405425 7.55482e+006 7.86298
405425 7.55482e+006 7.86298
405425 7.55482e+006 7.86298
405425 7.55482e+006 7.86298
405425 7.55482e+006 7.86298
405425 7.55482e+006 7.86298
405425 7.55482e+006 7.86298
405425 7.55482e+006 7.86298
405425 7.55482e+006 8.36298
405425 7.55482e+006 8.36298
405425 7.55482e+006 8.36298
405425 7.55482e+006 8.36298
405425 7.55482e+006 8.36298
405425 7.55482e+006 8.36298
405425 7.55482e+006 8.36298
405425 7.55482e+006 8.36298
405425 7.55482e+006 8.36298
405425 7.55482e+006 8.36298
405425 7.55482e+006 8.36298
405425 7.55482e+006 8.36298
405424 7.55482e+006 8.36297
405424 7.55482e+006 8.36297
405424 7.55482e+006 7.86297
405424 7.55482e+006 7.86297
405424 7.55482e+006 7.86297
405424 7.55482e+006 8.36297
405424 7.55482e+006 8.36297
405424 7.55482e+006 8.36297
405424 7.55482e+006 7.86297
405424 7.55482e+006 7.86297
405424 7.55482e+006 7.86297
405424 7.55482e+006 8.36297
405424 7.55482e+006 8.36297
405424 7.55482e+006 8.36297
405424 7.55482e+006 7.86297
405424 7.55482e+006 7.86297
405424 7.55482e+006 7.86297
405424 7.55482e+006 8.36297
405424 7.55482e+006 8.36297
405424 7.55482e+006 8.36297
405424 7.55482e+006 7.86297
405424 7.55482e+006 7.86297
405424 7.55482e+006 7.86297
405424 7.55482e+006 8.36297
405424 7.55482e+006 8.36297
405424 7.55482e+006 8.36297
405424 7.55482e+006 7.86297
405424 7.55482e+006 7.86297
405424 7.55482e+006 7.86297
405424 7.55482e+006 8.36297
405424 7.55482e+006 8.36297
405424 7.55482e+006 8.36297
405424 7.55482e+006 7.86297
405424 7.55482e+006 7.86297
405424 7.55482e+006 7.86297
405424 7.55482e+006 8.36297
405424 7.55482e+006 7.86297
405424 7.55482e+006 7.86297
405424 7.55482e+006 7.86297
405424 7.55482e+006 7.86297
405424 7.55482e+006 7.86297
405424 7.55482e+006 7.86297
405424 7.55482e+006 7.86297
405424 7.55482e+006 7.86297
405424 7.55482e+006 7.86297
405424 7.55482e+006 7.86297
405424 7.55482e+006 7.86297
405424 7.55482e+006 7.86297
405424 7.55482e+006 8.36297
405424 7.55482e+006 8.36297
405424 7.55482e+006 8.36297
405424 7.55482e+006 8.36297
405424 7.55482e+006 8.36297
405424 7.55482e+006 8.36297
405424 7.55482e+006 8.36297
405424 7.55482e+006 8.36297
405424 7.55482e+006 8.36297
405424 7.55482e+006 8.36297
405424 7.55482e+006 8.36297
405424 7.55482e+006 8.36297
405423 7.55482e+006 8.36297
405423 7.55482e+006 8.36297
405423 7.55482e+006 7.86297
405423 7.55482e+006 7.86297
405423 7.55482e+006 7.86297
405423 7.55482e+006 8.36297
405423 7.55482e+006 8.36297
405423 7.55482e+006 8.36297
405423 7.55482e+006 7.86297
405423 7.55482e+006 7.86297
405423 7.55482e+006 7.86297
405423 7.55482e+006 8.36297
405423 7.55482e+006 8.36297
405423 7.55482e+006 8.36297
405423 7.55482e+006 7.86297
405423 7.55482e+006 7.86297
405423 7.55482e+006 7.86297
405423 7.55482e+006 8.36297
405423 7.55482e+006 8.36297
405423 7.55482e+006 8.36297
405423 7.55482e+006 7.86297
405423 7.55482e+006 7.86297
405423 7.55482e+006 7.86297
405423 7.55482e+006 8.36297
405424 7.55482e+006 8.36297
405423 7.55482e+006 8.36297
405423 7.55482e+006 7.86297
405423 7.55482e+006 7.86297
405424 7.55482e+006 7.86297
405424 7.55482e+006 8.36297
405423 7.55482e+006 8.36297
405424 7.55482e+006 8.36297
405424 7.55482e+006 7.86297
405424 7.55482e+006 7.86297
405423 7.55482e+006 7.86297
405423 7.55482e+006 8.36297
405423 7.55482e+006 7.86297
405423 7.55482e+006 7.86297
405423 7.55482e+006 7.86297
405423 7.55482e+006 7.86297
405424 7.55482e+006 7.86297
405423 7.55482e+006 7.86297
405423 7.55482e+006 7.86297
405423 7.55482e+006 7.86297
405423 7.55482e+006 7.86297
405423 7.55482e+006 7.86297
405423 7.55482e+006 7.86297
405423 7.55482e+006 7.86297
405423 7.55482e+006 8.36297
405423 7.55482e+006 8.36297
405424 7.55482e+006 8.36297
405424 7.55482e+006 8.36297
405423 7.55482e+006 8.36297
405423 7.55482e+006 8.36297
405423 7.55482e+006 8.36297
405424 7.55482e+006 8.36297
405423 7.55482e+006 8.36297
405423 7.55482e+006 8.36297
405423 7.55482e+006 8.36297
405423 7.55482e+006 8.36297
405422 7.55482e+006 8.36297
405422 7.55482e+006 8.36297
405422 7.55482e+006 7.86297
405422 7.55482e+006 7.86297
405422 7.55482e+006 7.86297
405422 7.55482e+006 8.36297
405422 7.55482e+006 8.36297
405422 7.55482e+006 8.36297
405422 7.55482e+006 7.86297
405422 7.55482e+006 7.86297
405422 7.55482e+006 7.86297
405422 7.55482e+006 8.36297
405422 7.55482e+006 8.36297
405422 7.55482e+006 8.36297
405422 7.55482e+006 7.86297
405422 7.55482e+006 7.86297
405422 7.55482e+006 7.86297
405422 7.55482e+006 8.36297
405422 7.55482e+006 8.36297
405422 7.55482e+006 8.36297
405422 7.55482e+006 7.86297
405422 7.55482e+006 7.86297
405422 7.55482e+006 7.86297
405422 7.55482e+006 8.36297
405422 7.55482e+006 8.36297
405422 7.55482e+006 8.36297
405422 7.55482e+006 7.86297
405422 7.55482e+006 7.86297
405422 7.55482e+006 7.86297
405422 7.55482e+006 8.36297
405422 7.55482e+006 8.36297
405422 7.55482e+006 8.36297
405422 7.55482e+006 7.86297
405422 7.55482e+006 7.86297
405422 7.55482e+006 7.86297
405422 7.55482e+006 8.36297
405422 7.55482e+006 7.86297
405422 7.55482e+006 7.86297
405422 7.55482e+006 7.86297
405422 7.55482e+006 7.86297
405422 7.55482e+006 7.86297
405422 7.55482e+006 7.86297
405422 7.55482e+006 7.86297
405422 7.55482e+006 7.86297
405422 7.55482e+006 7.86297
405422 7.55482e+006 7.86297
405422 7.55482e+006 7.86297
405422 7.55482e+006 7.86297
405422 7.55482e+006 8.36297
405422 7.55482e+006 8.36297
405422 7.55482e+006 8.36297
405422 7.55482e+006 8.36297
405422 7.55482e+006 8.36297
405422 7.55482e+006 8.36297
405422 7.55482e+006 8.36297
405422 7.55482e+006 8.36297
405422 7.55482e+006 8.36297
405422 7.55482e+006 8.36297
405422 7.55482e+006 8.36297
405422 7.55482e+006 8.36297
405419 7.55481e+006 8.36297
405419 7.55481e+006 8.36297
405419 7.55481e+006 7.86297
405419 7.55481e+006 7.86297
405419 7.55481e+006 7.86297
405419 7.55481e+006 8.36297
405419 7.55481e+006 8.36297
405419 7.55481e+006 8.36297
405419 7.55481e+006 7.86297
405419 7.55481e+006 7.86297
405419 7.55481e+006 7.86297
405419 7.55481e+006 8.36297
405419 7.55481e+006 8.36297
405419 7.55481e+006 8.36297
405419 7.55481e+006 7.86297
405419 7.55481e+006 7.86297
405419 7.55481e+006 7.86297
405419 7.55481e+006 8.36297
405419 7.55481e+006 8.36297
405419 7.55481e+006 8.36297
405419 7.55481e+006 7.86297
405419 7.55481e+006 7.86297
405419 7.55481e+006 7.86297
405419 7.55481e+006 8.36297
405419 7.55481e+006 8.36297
405419 7.55481e+006 8.36297
405419 7.55481e+006 7.86297
405419 7.55481e+006 7.86297
405419 7.55481e+006 7.86297
405419 7.55481e+006 8.36297
405419 7.55481e+006 8.36297
405419 7.55481e+006 8.36297
405419 7.55481e+006 7.86297
405419 7.55481e+006 7.86297
405419 7.55481e+006 7.86297
405419 7.55481e+006 8.36297
405419 7.55481e+006 7.86297
405419 7.55481e+006 7.86297
405419 7.55481e+006 7.86297
405419 7.55481e+006 7.86297
405419 7.55481e+006 7.86297
405419 7.55481e+006 7.86297
405419 7.55481e+006 7.86297
405419 7.55481e+006 7.86297
405419 7.55481e+006 7.86297
405419 7.55481e+006 7.86297
405419 7.55481e+006 7.86297
405419 7.55481e+006 7.86297
405419 7.55481e+006 8.36297
405419 7.55481e+006 8.36297
405419 7.55481e+006 8.36297
405419 7.55481e+006 8.36297
405419 7.55481e+006 8.36297
405419 7.55481e+006 8.36297
405419 7.55481e+006 8.36297
405419 7.55481e+006 8.36297
405419 7.55481e+006 8.36297
405419 7.55481e+006 8.36297
405419 7.55481e+006 8.36297
405419 7.55481e+006 8.36297
405421 7.55481e+006 8.35699
405421 7.55481e+006 8.35699
405421 7.55481e+006 7.86297
405421 7.55481e+006 7.86297
405421 7.55481e+006 7.86297
405421 7.55481e+006 8.35699
405421 7.55481e+006 8.35699
405421 7.55481e+006 8.35699
405421 7.55481e+006 7.86297
405421 7.55481e+006 7.86297
405421 7.55481e+006 7.86297
405421 7.55481e+006 8.35699
405421 7.55481e+006 8.35699
405421 7.55481e+006 8.35699
405421 7.55481e+006 7.86297
405421 7.55481e+006 7.86297
405421 7.55481e+006 7.86297
405421 7.55481e+006 8.35699
405421 7.55481e+006 8.35699
405421 7.55481e+006 8.35699
405421 7.55481e+006 7.86297
405421 7.55481e+006 7.86297
405421 7.55481e+006 7.86297
405421 7.55481e+006 8.35699
405421 7.55481e+006 8.35699
405421 7.55481e+006 8.35699
405421 7.55481e+006 7.86297
405421 7.55481e+006 7.86297
405421 7.55481e+006 7.86297
405421 7.55481e+006 8.35699
405421 7.55481e+006 8.35699
405421 7.55481e+006 8.35699
405421 7.55481e+006 7.86297
405421 7.55481e+006 7.86297
405421 7.55481e+006 7.86297
405421 7.55481e+006 8.35699
405421 7.55481e+006 7.86297
405421 7.55481e+006 7.86297
405421 7.55481e+006 7.86297
405421 7.55481e+006 7.86297
405421 7.55481e+006 7.86297
405421 7.55481e+006 7.86297
405421 7.55481e+006 7.86297
405421 7.55481e+006 7.86297
405421 7.55481e+006 7.86297
405421 7.55481e+006 7.86297
405421 7.55481e+006 7.86297
405421 7.55481e+006 7.86297
405421 7.55481e+006 8.35699
405421 7.55481e+006 8.35699
405421 7.55481e+006 8.35699
405421 7.55481e+006 8.35699
405421 7.55481e+006 8.35699
405421 7.55481e+006 8.35699
405421 7.55481e+006 8.35699
405421 7.55481e+006 8.35699
405421 7.55481e+006 8.35699
405421 7.55481e+006 8.35699
405421 7.55481e+006 8.35699
405421 7.55481e+006 8.35699
405418 7.55481e+006 8.36296
405418 7.55481e+006 8.36296
405418 7.55481e+006 7.86296
405418 7.55481e+006 7.86296
405418 7.55481e+006 7.86296
405418 7.55481e+006 8.36296
405418 7.55481e+006 8.36296
405418 7.55481e+006 8.36296
405418 7.55481e+006 7.86296
405418 7.55481e+006 7.86296
405418 7.55481e+006 7.86296
405418 7.55481e+006 8.36296
405418 7.55481e+006 8.36296
405418 7.55481e+006 8.36296
405418 7.55481e+006 7.86296
405418 7.55481e+006 7.86296
405418 7.55481e+006 7.86296
405418 7.55481e+006 8.36296
405418 7.55481e+006 8.36296
405418 7.55481e+006 8.36296
405418 7.55481e+006 7.86296
405418 7.55481e+006 7.86296
405418 7.55481e+006 7.86296
405418 7.55481e+006 8.36296
405418 7.55481e+006 8.36296
405418 7.55481e+006 8.36296
405418 7.55481e+006 7.86296
405418 7.55481e+006 7.86296
405418 7.55481e+006 7.86296
405418 7.55481e+006 8.36296
405418 7.55481e+006 8.36296
405418 7.55481e+006 8.36296
405418 7.55481e+006 7.86296
405418 7.55481e+006 7.86296
405418 7.55481e+006 7.86296
405418 7.55481e+006 8.36296
405418 7.55481e+006 7.86296
405418 7.55481e+006 7.86296
405418 7.55481e+006 7.86296
405418 7.55481e+006 7.86296
405418 7.55481e+006 7.86296
405418 7.55481e+006 7.86296
405418 7.55481e+006 7.86296
405418 7.55481e+006 7.86296
405418 7.55481e+006 7.86296
405418 7.55481e+006 7.86296
405418 7.55481e+006 7.86296
405418 7.55481e+006 7.86296
405418 7.55481e+006 8.36296
405418 7.55481e+006 8.36296
405418 7.55481e+006 8.36296
405418 7.55481e+006 8.36296
405418 7.55481e+006 8.36296
405418 7.55481e+006 8.36296
405418 7.55481e+006 8.36296
405418 7.55481e+006 8.36296
405418 7.55481e+006 8.36296
405418 7.55481e+006 8.36296
405418 7.55481e+006 8.36296
405418 7.55481e+006 8.36296
405419 7.55481e+006 8.36297
405419 7.55481e+006 8.36297
405419 7.55481e+006 7.86297
405419 7.55481e+006 7.86297
405419 7.55481e+006 7.86297
405419 7.55481e+006 8.36297
405419 7.55481e+006 8.36297
405419 7.55481e+006 8.36297
405419 7.55481e+006 7.86297
405419 7.55481e+006 7.86297
405419 7.55481e+006 7.86297
405419 7.55481e+006 8.36297
405419 7.55481e+006 8.36297
405419 7.55481e+006 8.36297
405419 7.55481e+006 7.86297
405419 7.55481e+006 7.86297
405419 7.55481e+006 7.86297
405419 7.55481e+006 8.36297
405419 7.55481e+006 8.36297
405419 7.55481e+006 8.36297
405419 7.55481e+006 7.86297
405419 7.55481e+006 7.86297
405419 7.55481e+006 7.86297
405419 7.55481e+006 8.36297
405419 7.55481e+006 8.36297
405419 7.55481e+006 8.36297
405419 7.55481e+006 7.86297
405419 7.55481e+006 7.86297
405419 7.55481e+006 7.86297
405419 7.55481e+006 8.36297
405419 7.55481e+006 8.36297
405419 7.55481e+006 8.36297
405419 7.55481e+006 7.86297
405419 7.55481e+006 7.86297
405419 7.55481e+006 7.86297
405419 7.55481e+006 8.36297
405419 7.55481e+006 7.86297
405419 7.55481e+006 7.86297
405419 7.55481e+006 7.86297
405419 7.55481e+006 7.86297
405419 7.55481e+006 7.86297
405419 7.55481e+006 7.86297
405419 7.55481e+006 7.86297
405419 7.55481e+006 7.86297
405419 7.55481e+006 7.86297
405419 7.55481e+006 7.86297
405419 7.55481e+006 7.86297
405419 7.55481e+006 7.86297
405419 7.55481e+006 8.36297
405419 7.55481e+006 8.36297
405419 7.55481e+006 8.36297
405419 7.55481e+006 8.36297
405419 7.55481e+006 8.36297
405419 7.55481e+006 8.36297
405419 7.55481e+006 8.36297
405419 7.55481e+006 8.36297
405419 7.55481e+006 8.36297
405419 7.55481e+006 8.36297
405419 7.55481e+006 8.36297
405419 7.55481e+006 8.36297
405423 7.55482e+006 8.36297
405423 7.55482e+006 8.36297
405423 7.55482e+006 7.86297
405423 7.55482e+006 7.86297
405423 7.55482e+006 7.86297
405423 7.55482e+006 8.36297
405423 7.55482e+006 8.36297
405423 7.55482e+006 8.36297
405423 7.55482e+006 7.86297
405423 7.55482e+006 7.86297
405423 7.55482e+006 7.86297
405423 7.55482e+006 8.36297
405423 7.55482e+006 8.36297
405423 7.55482e+006 8.36297
405423 7.55482e+006 7.86297
405423 7.55482e+006 7.86297
405423 7.55482e+006 7.86297
405423 7.55482e+006 8.36297
405424 7.55482e+006 8.36297
405423 7.55482e+006 8.36297
405423 7.55482e+006 7.86297
405423 7.55482e+006 7.86297
405424 7.55482e+006 7.86297
405424 7.55482e+006 8.36297
405424 7.55482e+006 8.36297
405424 7.55482e+006 8.36297
405424 7.55482e+006 7.86297
405424 7.55482e+006 7.86297
405424 7.55482e+006 7.86297
405424 7.55482e+006 8.36297
405423 7.55482e+006 8.36297
405424 7.55482e+006 8.36297
405424 7.55482e+006 7.86297
405424 7.55482e+006 7.86297
405423 7.55482e+006 7.86297
405423 7.55482e+006 8.36297
405423 7.55482e+006 7.86297
405423 7.55482e+006 7.86297
405423 7.55482e+006 7.86297
405423 7.55482e+006 7.86297
405424 7.55482e+006 7.86297
405424 7.55482e+006 7.86297
405423 7.55482e+006 7.86297
405423 7.55482e+006 7.86297
405424 7.55482e+006 7.86297
405423 7.55482e+006 7.86297
405424 7.55482e+006 7.86297
405423 7.55482e+006 7.86297
405423 7.55482e+006 8.36297
405424 7.55482e+006 8.36297
405424 7.55482e+006 8.36297
405424 7.55482e+006 8.36297
405423 7.55482e+006 8.36297
405423 7.55482e+006 8.36297
405423 7.55482e+006 8.36297
405424 7.55482e+006 8.36297
405423 7.55482e+006 8.36297
405423 7.55482e+006 8.36297
405423 7.55482e+006 8.36297
405423 7.55482e+006 8.36297
405422 7.55482e+006 8.36297
405422 7.55482e+006 8.36297
405422 7.55482e+006 7.86297
405422 7.55482e+006 7.86297
405422 7.55482e+006 7.86297
405422 7.55482e+006 8.36297
405422 7.55482e+006 8.36297
405422 7.55482e+006 8.36297
405422 7.55482e+006 7.86297
405422 7.55482e+006 7.86297
405422 7.55482e+006 7.86297
405422 7.55482e+006 8.36297
405422 7.55482e+006 8.36297
405422 7.55482e+006 8.36297
405422 7.55482e+006 7.86297
405422 7.55482e+006 7.86297
405422 7.55482e+006 7.86297
405422 7.55482e+006 8.36297
405422 7.55482e+006 8.36297
405422 7.55482e+006 8.36297
405422 7.55482e+006 7.86297
405422 7.55482e+006 7.86297
405422 7.55482e+006 7.86297
405422 7.55482e+006 8.36297
405422 7.55482e+006 8.36297
405422 7.55482e+006 8.36297
405422 7.55482e+006 7.86297
405422 7.55482e+006 7.86297
405422 7.55482e+006 7.86297
405422 7.55482e+006 8.36297
405422 7.55482e+006 8.36297
405422 7.55482e+006 8.36297
405422 7.55482e+006 7.86297
405422 7.55482e+006 7.86297
405422 7.55482e+006 7.86297
405422 7.55482e+006 8.36297
405422 7.55482e+006 7.86297
405422 7.55482e+006 7.86297
405422 7.55482e+006 7.86297
405422 7.55482e+006 7.86297
405422 7.55482e+006 7.86297
405422 7.55482e+006 7.86297
405422 7.55482e+006 7.86297
405422 7.55482e+006 7.86297
405422 7.55482e+006 7.86297
405422 7.55482e+006 7.86297
405422 7.55482e+006 7.86297
405422 7.55482e+006 7.86297
405422 7.55482e+006 8.36297
405422 7.55482e+006 8.36297
405422 7.55482e+006 8.36297
405422 7.55482e+006 8.36297
405422 7.55482e+006 8.36297
405422 7.55482e+006 8.36297
405422 7.55482e+006 8.36297
405422 7.55482e+006 8.36297
405422 7.55482e+006 8.36297
405422 7.55482e+006 8.36297
405422 7.55482e+006 8.36297
405422 7.55482e+006 8.36297
405420 7.55481e+006 8.36297
405420 7.55481e+006 8.36297
405420 7.55481e+006 7.86297
405420 7.55481e+006 7.86297
405420 7.55481e+006 7.86297
405420 7.55481e+006 8.36297
405420 7.55481e+006 8.36297
405420 7.55481e+006 8.36297
405420 7.55481e+006 7.86297
405420 7.55481e+006 7.86297
405420 7.55481e+006 7.86297
405420 7.55481e+006 8.36297
405420 7.55481e+006 8.36297
405420 7.55481e+006 8.36297
405420 7.55481e+006 7.86297
405420 7.55481e+006 7.86297
405420 7.55481e+006 7.86297
405420 7.55481e+006 8.36297
405420 7.55481e+006 8.36297
405420 7.55481e+006 8.36297
405420 7.55481e+006 7.86297
405420 7.55481e+006 7.86297
405420 7.55481e+006 7.86297
405420 7.55481e+006 8.36297
405420 7.55481e+006 8.36297
405420 7.55481e+006 8.36297
405420 7.55481e+006 7.86297
405420 7.55481e+006 7.86297
405420 7.55481e+006 7.86297
405420 7.55481e+006 8.36297
405420 7.55481e+006 8.36297
405420 7.55481e+006 8.36297
405420 7.55481e+006 7.86297
405420 7.55481e+006 7.86297
405420 7.55481e+006 7.86297
405420 7.55481e+006 8.36297
405420 7.55481e+006 7.86297
405420 7.55481e+006 7.86297
405420 7.55481e+006 7.86297
405420 7.55481e+006 7.86297
405420 7.55481e+006 7.86297
405420 7.55481e+006 7.86297
405420 7.55481e+006 7.86297
405420 7.55481e+006 7.86297
405420 7.55481e+006 7.86297
405420 7.55481e+006 7.86297
405420 7.55481e+006 7.86297
405420 7.55481e+006 7.86297
405420 7.55481e+006 8.36297
405420 7.55481e+006 8.36297
405420 7.55481e+006 8.36297
405420 7.55481e+006 8.36297
405420 7.55481e+006 8.36297
405420 7.55481e+006 8.36297
405420 7.55481e+006 8.36297
405420 7.55481e+006 8.36297
405420 7.55481e+006 8.36297
405420 7.55481e+006 8.36297
405420 7.55481e+006 8.36297
405420 7.55481e+006 8.36297
405421 7.55481e+006 8.36297
405421 7.55481e+006 8.36297
405421 7.55481e+006 7.86297
405421 7.55481e+006 7.86297
405421 7.55481e+006 7.86297
405421 7.55481e+006 8.36297
405421 7.55481e+006 8.36297
405421 7.55481e+006 8.36297
405421 7.55481e+006 7.86297
405421 7.55481e+006 7.86297
405421 7.55481e+006 7.86297
405421 7.55481e+006 8.36297
405421 7.55481e+006 8.36297
405421 7.55481e+006 8.36297
405421 7.55481e+006 7.86297
405421 7.55481e+006 7.86297
405421 7.55481e+006 7.86297
405421 7.55481e+006 8.36297
405421 7.55481e+006 8.36297
405421 7.55481e+006 8.36297
405421 7.55481e+006 7.86297
405421 7.55481e+006 7.86297
405421 7.55481e+006 7.86297
405421 7.55481e+006 8.36297
405421 7.55481e+006 8.36297
405421 7.55481e+006 8.36297
405421 7.55481e+006 7.86297
405421 7.55481e+006 7.86297
405421 7.55481e+006 7.86297
405421 7.55481e+006 8.36297
405421 7.55481e+006 8.36297
405421 7.55481e+006 8.36297
405421 7.55481e+006 7.86297
405421 7.55481e+006 7.86297
405421 7.55481e+006 7.86297
405421 7.55481e+006 8.36297
405421 7.55481e+006 7.86297
405421 7.55481e+006 7.86297
405421 7.55481e+006 7.86297
405421 7.55481e+006 7.86297
405421 7.55481e+006 7.86297
405421 7.55481e+006 7.86297
405421 7.55481e+006 7.86297
405421 7.55481e+006 7.86297
405421 7.55481e+006 7.86297
405421 7.55481e+006 7.86297
405421 7.55481e+006 7.86297
405421 7.55481e+006 7.86297
405421 7.55481e+006 8.36297
405421 7.55481e+006 8.36297
405421 7.55481e+006 8.36297
405421 7.55481e+006 8.36297
405421 7.55481e+006 8.36297
405421 7.55481e+006 8.36297
405421 7.55481e+006 8.36297
405421 7.55481e+006 8.36297
405421 7.55481e+006 8.36297
405421 7.55481e+006 8.36297
405421 7.55481e+006 8.36297
405421 7.55481e+006 8.36297
405419 7.55481e+006 8.36297
405419 7.55481e+006 8.36297
405419 7.55481e+006 7.86297
405419 7.55481e+006 7.86297
405419 7.55481e+006 7.86297
405419 7.55481e+006 8.36297
405419 7.55481e+006 8.36297
405419 7.55481e+006 8.36297
405419 7.55481e+006 7.86297
405419 7.55481e+006 7.86297
405419 7.55481e+006 7.86297
405419 7.55481e+006 8.36297
405419 7.55481e+006 8.36297
405419 7.55481e+006 8.36297
405419 7.55481e+006 7.86297
405419 7.55481e+006 7.86297
405419 7.55481e+006 7.86297
405419 7.55481e+006 8.36297
405419 7.55481e+006 8.36297
405419 7.55481e+006 8.36297
405419 7.55481e+006 7.86297
405419 7.55481e+006 7.86297
405419 7.55481e+006 7.86297
405419 7.55481e+006 8.36297
405419 7.55481e+006 8.36297
405419 7.55481e+006 8.36297
405419 7.55481e+006 7.86297
405419 7.55481e+006 7.86297
405419 7.55481e+006 7.86297
405419 7.55481e+006 8.36297
405419 7.55481e+006 8.36297
405419 7.55481e+006 8.36297
405419 7.55481e+006 7.86297
405419 7.55481e+006 7.86297
405419 7.55481e+006 7.86297
405419 7.55481e+006 8.36297
405419 7.55481e+006 7.86297
405419 7.55481e+006 7.86297
405419 7.55481e+006 7.86297
405419 7.55481e+006 7.86297
405419 7.55481e+006 7.86297
405419 7.55481e+006 7.86297
405419 7.55481e+006 7.86297
405419 7.55481e+006 7.86297
405419 7.55481e+006 7.86297
405419 7.55481e+006 7.86297
405419 7.55481e+006 7.86297
405419 7.55481e+006 7.86297
405419 7.55481e+006 8.36297
405419 7.55481e+006 8.36297
405419 7.55481e+006 8.36297
405419 7.55481e+006 8.36297
405419 7.55481e+006 8.36297
405419 7.55481e+006 8.36297
405419 7.55481e+006 8.36297
405419 7.55481e+006 8.36297
405419 7.55481e+006 8.36297
405419 7.55481e+006 8.36297
405419 7.55481e+006 8.36297
405419 7.55481e+006 8.36297
405418 7.55481e+006 8.36297
405418 7.55481e+006 8.36297
405418 7.55481e+006 7.86297
405418 7.55481e+006 7.86297
405418 7.55481e+006 7.86297
405418 7.55481e+006 8.36297
405418 7.55481e+006 8.36297
405418 7.55481e+006 8.36297
405418 7.55481e+006 7.86297
405418 7.55481e+006 7.86297
405418 7.55481e+006 7.86297
405418 7.55481e+006 8.36297
405418 7.55481e+006 8.36297
405418 7.55481e+006 8.36297
405418 7.55481e+006 7.86297
405418 7.55481e+006 7.86297
405418 7.55481e+006 7.86297
405418 7.55481e+006 8.36297
405418 7.55481e+006 8.36297
405418 7.55481e+006 8.36297
405418 7.55481e+006 7.86297
405418 7.55481e+006 7.86297
405418 7.55481e+006 7.86297
405418 7.55481e+006 8.36297
405418 7.55481e+006 8.36297
405418 7.55481e+006 8.36297
405418 7.55481e+006 7.86297
405418 7.55481e+006 7.86297
405418 7.55481e+006 7.86297
405418 7.55481e+006 8.36297
405418 7.55481e+006 8.36297
405418 7.55481e+006 8.36297
405418 7.55481e+006 7.86297
405418 7.55481e+006 7.86297
405418 7.55481e+006 7.86297
405418 7.55481e+006 8.36297
405418 7.55481e+006 7.86297
405418 7.55481e+006 7.86297
405418 7.55481e+006 7.86297
405418 7.55481e+006 7.86297
405418 7.55481e+006 7.86297
405418 7.55481e+006 7.86297
405418 7.55481e+006 7.86297
405418 7.55481e+006 7.86297
405418 7.55481e+006 7.86297
405418 7.55481e+006 7.86297
405418 7.55481e+006 7.86297
405418 7.55481e+006 7.86297
405418 7.55481e+006 8.36297
405418 7.55481e+006 8.36297
405418 7.55481e+006 8.36297
405418 7.55481e+006 8.36297
405418 7.55481e+006 8.36297
405418 7.55481e+006 8.36297
405418 7.55481e+006 8.36297
405418 7.55481e+006 8.36297
405418 7.55481e+006 8.36297
405418 7.55481e+006 8.36297
405418 7.55481e+006 8.36297
405418 7.55481e+006 8.36297
405428 7.55483e+006 8.36298
405428 7.55483e+006 8.36298
405428 7.55483e+006 7.86298
405428 7.55483e+006 7.86298
405428 7.55483e+006 7.86298
405428 7.55483e+006 8.36298
405428 7.55483e+006 8.36298
405428 7.55483e+006 8.36298
405428 7.55483e+006 7.86298
405428 7.55483e+006 7.86298
405428 7.55483e+006 7.86298
405428 7.55483e+006 8.36298
405428 7.55483e+006 8.36298
405428 7.55483e+006 8.36298
405428 7.55483e+006 7.86298
405428 7.55483e+006 7.86298
405428 7.55483e+006 7.86298
405428 7.55483e+006 8.36298
405428 7.55483e+006 8.36298
405428 7.55483e+006 8.36298
405428 7.55483e+006 7.86298
405428 7.55483e+006 7.86298
405428 7.55483e+006 7.86298
405428 7.55483e+006 8.36298
405428 7.55483e+006 8.36298
405428 7.55483e+006 8.36298
405428 7.55483e+006 7.86298
405428 7.55483e+006 7.86298
405428 7.55483e+006 7.86298
405428 7.55483e+006 8.36298
405428 7.55483e+006 8.36298
405428 7.55483e+006 8.36298
405428 7.55483e+006 7.86298
405428 7.55483e+006 7.86298
405428 7.55483e+006 7.86298
405428 7.55483e+006 8.36298
405428 7.55483e+006 7.86298
405428 7.55483e+006 7.86298
405428 7.55483e+006 7.86298
405428 7.55483e+006 7.86298
405428 7.55483e+006 7.86298
405428 7.55483e+006 7.86298
405428 7.55483e+006 7.86298
405428 7.55483e+006 7.86298
405428 7.55483e+006 7.86298
405428 7.55483e+006 7.86298
405428 7.55483e+006 7.86298
405428 7.55483e+006 7.86298
405428 7.55483e+006 8.36298
405428 7.55483e+006 8.36298
405428 7.55483e+006 8.36298
405428 7.55483e+006 8.36298
405428 7.55483e+006 8.36298
405428 7.55483e+006 8.36298
405428 7.55483e+006 8.36298
405428 7.55483e+006 8.36298
405428 7.55483e+006 8.36298
405428 7.55483e+006 8.36298
405428 7.55483e+006 8.36298
405428 7.55483e+006 8.36298
405426 7.55482e+006 8.36298
405426 7.55482e+006 8.36298
405426 7.55482e+006 7.86298
405426 7.55482e+006 7.86298
405426 7.55482e+006 7.86298
405426 7.55482e+006 8.36298
405426 7.55482e+006 8.36298
405426 7.55482e+006 8.36298
405426 7.55482e+006 7.86298
405426 7.55482e+006 7.86298
405426 7.55482e+006 7.86298
405426 7.55482e+006 8.36298
405426 7.55482e+006 8.36298
405426 7.55482e+006 8.36298
405426 7.55482e+006 7.86298
405426 7.55482e+006 7.86298
405426 7.55482e+006 7.86298
405426 7.55482e+006 8.36298
405426 7.55482e+006 8.36298
405426 7.55482e+006 8.36298
405426 7.55482e+006 7.86298
405426 7.55482e+006 7.86298
405426 7.55482e+006 7.86298
405426 7.55482e+006 8.36298
405426 7.55482e+006 8.36298
405426 7.55482e+006 8.36298
405426 7.55482e+006 7.86298
405426 7.55482e+006 7.86298
405426 7.55482e+006 7.86298
405426 7.55482e+006 8.36298
405426 7.55482e+006 8.36298
405426 7.55482e+006 8.36298
405426 7.55482e+006 7.86298
405426 7.55482e+006 7.86298
405426 7.55482e+006 7.86298
405426 7.55482e+006 8.36298
405426 7.55482e+006 7.86298
405426 7.55482e+006 7.86298
405426 7.55482e+006 7.86298
405426 7.55482e+006 7.86298
405426 7.55482e+006 7.86298
405426 7.55482e+006 7.86298
405426 7.55482e+006 7.86298
405426 7.55482e+006 7.86298
405426 7.55482e+006 7.86298
405426 7.55482e+006 7.86298
405426 7.55482e+006 7.86298
405426 7.55482e+006 7.86298
405426 7.55482e+006 8.36298
405426 7.55482e+006 8.36298
405426 7.55482e+006 8.36298
405426 7.55482e+006 8.36298
405426 7.55482e+006 8.36298
405426 7.55482e+006 8.36298
405426 7.55482e+006 8.36298
405426 7.55482e+006 8.36298
405426 7.55482e+006 8.36298
405426 7.55482e+006 8.36298
405426 7.55482e+006 8.36298
405426 7.55482e+006 8.36298
405423 7.55482e+006 8.36297
405423 7.55482e+006 8.36297
405423 7.55482e+006 7.86297
405423 7.55482e+006 7.86297
405423 7.55482e+006 7.86297
405423 7.55482e+006 8.36297
405423 7.55482e+006 8.36297
405423 7.55482e+006 8.36297
405423 7.55482e+006 7.86297
405423 7.55482e+006 7.86297
405423 7.55482e+006 7.86297
405423 7.55482e+006 8.36297
405423 7.55482e+006 8.36297
405423 7.55482e+006 8.36297
405423 7.55482e+006 7.86297
405423 7.55482e+006 7.86297
405423 7.55482e+006 7.86297
405423 7.55482e+006 8.36297
405423 7.55482e+006 8.36297
405423 7.55482e+006 8.36297
405423 7.55482e+006 7.86297
405423 7.55482e+006 7.86297
405423 7.55482e+006 7.86297
405423 7.55482e+006 8.36297
405423 7.55482e+006 8.36297
405423 7.55482e+006 8.36297
405423 7.55482e+006 7.86297
405423 7.55482e+006 7.86297
405423 7.55482e+006 7.86297
405423 7.55482e+006 8.36297
405423 7.55482e+006 8.36297
405423 7.55482e+006 8.36297
405423 7.55482e+006 7.86297
405423 7.55482e+006 7.86297
405423 7.55482e+006 7.86297
405423 7.55482e+006 8.36297
405423 7.55482e+006 7.86297
405423 7.55482e+006 7.86297
405423 7.55482e+006 7.86297
405423 7.55482e+006 7.86297
405423 7.55482e+006 7.86297
405423 7.55482e+006 7.86297
405423 7.55482e+006 7.86297
405423 7.55482e+006 7.86297
405423 7.55482e+006 7.86297
405423 7.55482e+006 7.86297
405423 7.55482e+006 7.86297
405423 7.55482e+006 7.86297
405423 7.55482e+006 8.36297
405423 7.55482e+006 8.36297
405423 7.55482e+006 8.36297
405423 7.55482e+006 8.36297
405423 7.55482e+006 8.36297
405423 7.55482e+006 8.36297
405423 7.55482e+006 8.36297
405423 7.55482e+006 8.36297
405423 7.55482e+006 8.36297
405423 7.55482e+006 8.36297
405423 7.55482e+006 8.36297
405423 7.55482e+006 8.36297
405423 7.55482e+006 8.36297
405423 7.55482e+006 8.36297
405423 7.55482e+006 7.86297
405423 7.55482e+006 7.86297
405423 7.55482e+006 7.86297
405423 7.55482e+006 8.36297
405423 7.55482e+006 8.36297
405423 7.55482e+006 8.36297
405423 7.55482e+006 7.86297
405423 7.55482e+006 7.86297
405423 7.55482e+006 7.86297
405423 7.55482e+006 8.36297
405423 7.55482e+006 8.36297
405423 7.55482e+006 8.36297
405423 7.55482e+006 7.86297
405423 7.55482e+006 7.86297
405423 7.55482e+006 7.86297
405423 7.55482e+006 8.36297
405423 7.55482e+006 8.36297
405423 7.55482e+006 8.36297
405423 7.55482e+006 7.86297
405423 7.55482e+006 7.86297
405423 7.55482e+006 7.86297
405423 7.55482e+006 8.36297
405423 7.55482e+006 8.36297
405423 7.55482e+006 8.36297
405423 7.55482e+006 7.86297
405423 7.55482e+006 7.86297
405423 7.55482e+006 7.86297
405423 7.55482e+006 8.36297
405423 7.55482e+006 8.36297
405423 7.55482e+006 8.36297
405423 7.55482e+006 7.86297
405423 7.55482e+006 7.86297
405423 7.55482e+006 7.86297
405423 7.55482e+006 8.36297
405423 7.55482e+006 7.86297
405423 7.55482e+006 7.86297
405423 7.55482e+006 7.86297
405423 7.55482e+006 7.86297
405423 7.55482e+006 7.86297
405423 7.55482e+006 7.86297
405423 7.55482e+006 7.86297
405423 7.55482e+006 7.86297
405423 7.55482e+006 7.86297
405423 7.55482e+006 7.86297
405423 7.55482e+006 7.86297
405423 7.55482e+006 7.86297
405423 7.55482e+006 8.36297
405423 7.55482e+006 8.36297
405423 7.55482e+006 8.36297
405423 7.55482e+006 8.36297
405423 7.55482e+006 8.36297
405423 7.55482e+006 8.36297
405423 7.55482e+006 8.36297
405423 7.55482e+006 8.36297
405423 7.55482e+006 8.36297
405423 7.55482e+006 8.36297
405423 7.55482e+006 8.36297
405423 7.55482e+006 8.36297
405424 7.55482e+006 8.36297
405424 7.55482e+006 8.36297
405424 7.55482e+006 7.86297
405424 7.55482e+006 7.86297
405424 7.55482e+006 7.86297
405424 7.55482e+006 8.36297
405424 7.55482e+006 8.36297
405424 7.55482e+006 8.36297
405424 7.55482e+006 7.86297
405424 7.55482e+006 7.86297
405424 7.55482e+006 7.86297
405424 7.55482e+006 8.36297
405424 7.55482e+006 8.36297
405424 7.55482e+006 8.36297
405424 7.55482e+006 7.86297
405424 7.55482e+006 7.86297
405424 7.55482e+006 7.86297
405424 7.55482e+006 8.36297
405424 7.55482e+006 8.36297
405424 7.55482e+006 8.36297
405424 7.55482e+006 7.86297
405424 7.55482e+006 7.86297
405424 7.55482e+006 7.86297
405424 7.55482e+006 8.36297
405424 7.55482e+006 8.36297
405424 7.55482e+006 8.36297
405424 7.55482e+006 7.86297
405424 7.55482e+006 7.86297
405424 7.55482e+006 7.86297
405424 7.55482e+006 8.36297
405424 7.55482e+006 8.36297
405424 7.55482e+006 8.36297
405424 7.55482e+006 7.86297
405424 7.55482e+006 7.86297
405424 7.55482e+006 7.86297
405424 7.55482e+006 8.36297
405424 7.55482e+006 7.86297
405424 7.55482e+006 7.86297
405424 7.55482e+006 7.86297
405424 7.55482e+006 7.86297
405424 7.55482e+006 7.86297
405424 7.55482e+006 7.86297
405424 7.55482e+006 7.86297
405424 7.55482e+006 7.86297
405424 7.55482e+006 7.86297
405424 7.55482e+006 7.86297
405424 7.55482e+006 7.86297
405424 7.55482e+006 7.86297
405424 7.55482e+006 8.36297
405424 7.55482e+006 8.36297
405424 7.55482e+006 8.36297
405424 7.55482e+006 8.36297
405424 7.55482e+006 8.36297
405424 7.55482e+006 8.36297
405424 7.55482e+006 8.36297
405424 7.55482e+006 8.36297
405424 7.55482e+006 8.36297
405424 7.55482e+006 8.36297
405424 7.55482e+006 8.36297
405424 7.55482e+006 8.36297
