405402 7.55477e+006 13.5352
405405 7.55477e+006 13.5352
405405 7.55477e+006 13.4873
405405 7.55477e+006 13.4873
405402 7.55477e+006 13.4872
405402 7.55477e+006 13.5352
405406 7.55477e+006 13.5352
405407 7.55477e+006 13.5352
405407 7.55477e+006 13.4873
405407 7.55477e+006 13.4873
405406 7.55477e+006 13.4873
405406 7.55477e+006 13.5352
405403 7.55477e+006 13.5719
405403 7.55477e+006 14.6007
405404 7.55477e+006 14.6038
405403 7.55477e+006 13.5719
405404 7.55477e+006 14.6038
405404 7.55477e+006 14.5554
405403 7.55477e+006 13.5719
405404 7.55477e+006 14.5554
405405 7.55477e+006 14.5501
405403 7.55477e+006 13.5719
405405 7.55477e+006 14.5501
405404 7.55477e+006 13.5719
405405 7.55477e+006 12.4859
405403 7.55477e+006 12.4859
405403 7.55477e+006 13.4505
405403 7.55477e+006 13.4505
405406 7.55477e+006 13.4506
405405 7.55477e+006 12.4859
405403 7.55477e+006 12.4859
405403 7.55477e+006 12.4859
405403 7.55477e+006 13.4505
405403 7.55477e+006 13.4505
405403 7.55477e+006 13.4505
405403 7.55477e+006 12.4859
405406 7.55477e+006 14.541
405407 7.55477e+006 14.545
405407 7.55477e+006 13.5719
405407 7.55477e+006 13.5719
405406 7.55477e+006 13.5719
405406 7.55477e+006 14.541
405402 7.55477e+006 13.5352
405402 7.55477e+006 13.4872
405403 7.55477e+006 13.4872
405403 7.55477e+006 13.4872
405403 7.55477e+006 13.5352
405402 7.55477e+006 13.5352
405403 7.55477e+006 14.6007
405403 7.55477e+006 13.5719
405403 7.55477e+006 13.5719
405403 7.55477e+006 13.5719
405403 7.55477e+006 14.6007
405403 7.55477e+006 14.6007
405406 7.55477e+006 12.4859
405406 7.55477e+006 13.4506
405407 7.55477e+006 13.4506
405407 7.55477e+006 13.4506
405407 7.55477e+006 12.4859
405406 7.55477e+006 12.4859
405404 7.55477e+006 11.7645
405406 7.55477e+006 11.7645
405406 7.55477e+006 11.7645
405406 7.55477e+006 11.7645
405406 7.55477e+006 11.7645
405407 7.55477e+006 11.7645
405407 7.55477e+006 11.7645
405407 7.55477e+006 11.7645
405405 7.55477e+006 11.7645
405407 7.55477e+006 11.7645
405405 7.55477e+006 11.7645
405405 7.55477e+006 11.7645
405406 7.55477e+006 11.7645
405407 7.55477e+006 11.7645
405405 7.55477e+006 11.7645
405406 7.55477e+006 11.7645
405406 7.55477e+006 11.7645
405405 7.55477e+006 11.7645
405404 7.55477e+006 11.7645
405406 7.55477e+006 11.7645
405405 7.55477e+006 11.7645
405404 7.55477e+006 11.7645
405404 7.55477e+006 11.7645
405405 7.55477e+006 11.7645
405403 7.55477e+006 14.6007
405403 7.55477e+006 14.6007
405404 7.55477e+006 15.508
405404 7.55477e+006 15.508
405404 7.55477e+006 15.5068
405403 7.55477e+006 14.6007
405404 7.55477e+006 14.6038
405403 7.55477e+006 14.6007
405404 7.55477e+006 15.5068
405404 7.55477e+006 15.5068
405404 7.55477e+006 15.4978
405404 7.55477e+006 15.4525
405404 7.55477e+006 14.6038
405404 7.55477e+006 15.5068
405404 7.55477e+006 15.4525
405403 7.55477e+006 13.5719
405404 7.55477e+006 13.5719
405405 7.55477e+006 13.5719
405405 7.55477e+006 13.5719
405406 7.55477e+006 13.5719
405405 7.55477e+006 13.5483
405403 7.55477e+006 13.5719
405405 7.55477e+006 13.5719
405405 7.55477e+006 13.5483
405403 7.55477e+006 13.5719
405405 7.55477e+006 13.5483
405402 7.55477e+006 13.5483
405406 7.55477e+006 13.5719
405407 7.55477e+006 13.5719
405407 7.55477e+006 13.5483
405407 7.55477e+006 13.5483
405406 7.55477e+006 13.5483
405406 7.55477e+006 13.5719
405403 7.55477e+006 13.5719
405403 7.55477e+006 13.5719
405402 7.55477e+006 13.5483
405402 7.55477e+006 13.5483
405403 7.55477e+006 13.5483
405403 7.55477e+006 13.5719
405406 7.55477e+006 13.4506
405403 7.55477e+006 13.4505
405402 7.55477e+006 13.4742
405402 7.55477e+006 13.4742
405405 7.55477e+006 13.4742
405406 7.55477e+006 13.4506
405403 7.55477e+006 13.4505
405403 7.55477e+006 13.4505
405403 7.55477e+006 13.4742
405403 7.55477e+006 13.4742
405402 7.55477e+006 13.4742
405403 7.55477e+006 13.4505
405407 7.55477e+006 13.4506
405406 7.55477e+006 13.4506
405406 7.55477e+006 13.4742
405406 7.55477e+006 13.4742
405407 7.55477e+006 13.4742
405407 7.55477e+006 13.4506
405406 7.55477e+006 12.4859
405407 7.55477e+006 12.4859
405407 7.55477e+006 11.9841
405407 7.55477e+006 11.9841
405406 7.55477e+006 12.0133
405406 7.55477e+006 12.4859
405403 7.55477e+006 12.4859
405403 7.55477e+006 12.4859
405404 7.55477e+006 12.0553
405404 7.55477e+006 12.0553
405404 7.55477e+006 12.0421
405403 7.55477e+006 12.4859
405403 7.55477e+006 12.4859
405405 7.55477e+006 12.4859
405405 7.55477e+006 12.0133
405405 7.55477e+006 12.0133
405404 7.55477e+006 12.0553
405403 7.55477e+006 12.4859
405406 7.55477e+006 14.541
405406 7.55477e+006 14.541
405406 7.55477e+006 13.5719
405406 7.55477e+006 13.5719
405406 7.55477e+006 13.5719
405406 7.55477e+006 14.541
405405 7.55477e+006 13.5352
405406 7.55477e+006 13.5352
405406 7.55477e+006 13.4873
405406 7.55477e+006 13.4873
405405 7.55477e+006 13.4873
405405 7.55477e+006 13.5352
405406 7.55477e+006 13.4506
405406 7.55477e+006 13.4506
405406 7.55477e+006 12.4859
405406 7.55477e+006 12.4859
405405 7.55477e+006 12.4859
405406 7.55477e+006 13.4506
405406 7.55477e+006 13.5719
405406 7.55477e+006 13.5719
405406 7.55477e+006 13.5483
405406 7.55477e+006 13.5483
405405 7.55477e+006 13.5483
405406 7.55477e+006 13.5719
405406 7.55477e+006 13.4506
405406 7.55477e+006 13.4506
405405 7.55477e+006 13.4742
405405 7.55477e+006 13.4742
405406 7.55477e+006 13.4742
405406 7.55477e+006 13.4506
405405 7.55477e+006 12.4859
405406 7.55477e+006 12.4859
405406 7.55477e+006 12.0133
405406 7.55477e+006 12.0133
405405 7.55477e+006 12.0133
405405 7.55477e+006 12.4859
405406 7.55477e+006 14.6007
405406 7.55477e+006 14.541
405405 7.55477e+006 14.5462
405405 7.55477e+006 14.5462
405405 7.55477e+006 14.6007
405406 7.55477e+006 14.6007
405407 7.55477e+006 14.6007
405407 7.55477e+006 14.545
405406 7.55477e+006 14.541
405406 7.55477e+006 14.541
405406 7.55477e+006 14.6007
405407 7.55477e+006 14.6007
405404 7.55477e+006 15.5746
405404 7.55477e+006 15.5068
405404 7.55477e+006 15.508
405404 7.55477e+006 15.508
405404 7.55477e+006 15.5746
405404 7.55477e+006 15.5746
405404 7.55477e+006 15.5746
405404 7.55477e+006 15.4978
405404 7.55477e+006 15.5068
405404 7.55477e+006 15.5068
405404 7.55477e+006 15.5746
405404 7.55477e+006 15.5746
405404 7.55477e+006 14.6712
405404 7.55477e+006 14.6038
405404 7.55477e+006 15.4525
405404 7.55477e+006 15.4525
405404 7.55477e+006 15.5041
405404 7.55477e+006 14.6712
405406 7.55477e+006 14.541
405406 7.55477e+006 14.6007
405406 7.55477e+006 14.6007
405406 7.55477e+006 14.6007
405406 7.55477e+006 14.541
405406 7.55477e+006 14.541
405404 7.55477e+006 14.6038
405404 7.55477e+006 14.6712
405404 7.55477e+006 14.6007
405404 7.55477e+006 14.6007
405404 7.55477e+006 14.5554
405404 7.55477e+006 14.6038
405404 7.55477e+006 15.5041
405404 7.55477e+006 15.4525
405404 7.55477e+006 15.4978
405404 7.55477e+006 15.4978
405404 7.55477e+006 15.5746
405404 7.55477e+006 15.5041
405406 7.55477e+006 11.7645
405406 7.55477e+006 12.0133
405407 7.55477e+006 11.9841
405407 7.55477e+006 11.9841
405406 7.55477e+006 11.7645
405406 7.55477e+006 11.7645
405404 7.55477e+006 11.7645
405404 7.55477e+006 12.0421
405404 7.55477e+006 12.0553
405404 7.55477e+006 12.0553
405404 7.55477e+006 11.7645
405404 7.55477e+006 11.7645
405404 7.55477e+006 11.7645
405404 7.55477e+006 12.0553
405405 7.55477e+006 12.0133
405405 7.55477e+006 12.0133
405406 7.55477e+006 11.7645
405404 7.55477e+006 11.7645
405406 7.55477e+006 12.0133
405406 7.55477e+006 11.7645
405406 7.55477e+006 11.7645
405406 7.55477e+006 11.7645
405405 7.55477e+006 12.0133
405406 7.55477e+006 12.0133
405405 7.55477e+006 14.5462
405406 7.55477e+006 14.541
405406 7.55477e+006 13.5719
405406 7.55477e+006 13.5719
405405 7.55477e+006 13.5719
405405 7.55477e+006 14.5462
405405 7.55477e+006 14.5501
405404 7.55477e+006 14.5554
405404 7.55477e+006 14.6007
405404 7.55477e+006 14.6007
405405 7.55477e+006 14.6007
405405 7.55477e+006 14.5501
405405 7.55477e+006 13.5719
405404 7.55477e+006 13.5719
405404 7.55477e+006 14.6074
405404 7.55477e+006 14.6074
405405 7.55477e+006 14.6073
405405 7.55477e+006 13.5719
405405 7.55477e+006 14.5501
405405 7.55477e+006 14.6007
405404 7.55477e+006 14.6074
405404 7.55477e+006 14.6074
405404 7.55477e+006 13.5719
405405 7.55477e+006 14.5501
405405 7.55477e+006 14.6007
405405 7.55477e+006 14.6007
405405 7.55477e+006 14.6073
405405 7.55477e+006 14.6073
405404 7.55477e+006 14.6074
405405 7.55477e+006 14.6007
405405 7.55477e+006 14.6007
405405 7.55477e+006 14.5462
405405 7.55477e+006 13.5719
405405 7.55477e+006 13.5719
405405 7.55477e+006 14.6073
405405 7.55477e+006 14.6007
405405 7.55477e+006 13.5571
405405 7.55477e+006 13.5569
405404 7.55477e+006 13.5569
405404 7.55477e+006 13.5569
405404 7.55477e+006 13.557
405405 7.55477e+006 13.5571
405405 7.55477e+006 14.5897
405404 7.55477e+006 14.5897
405404 7.55477e+006 14.5896
405404 7.55477e+006 14.5896
405405 7.55477e+006 14.5896
405405 7.55477e+006 14.5897
405405 7.55477e+006 13.5571
405404 7.55477e+006 13.557
405404 7.55477e+006 13.5811
405405 7.55477e+006 13.5571
405404 7.55477e+006 13.5811
405404 7.55477e+006 13.6532
405404 7.55477e+006 13.6532
405404 7.55477e+006 14.4936
405404 7.55477e+006 14.5657
405404 7.55477e+006 13.6532
405404 7.55477e+006 14.5657
405404 7.55477e+006 14.5897
405405 7.55477e+006 13.5571
405404 7.55477e+006 13.6532
405404 7.55477e+006 14.5897
405404 7.55477e+006 14.5897
405405 7.55477e+006 14.5897
405405 7.55477e+006 14.5657
405404 7.55477e+006 14.5897
405405 7.55477e+006 14.5657
405405 7.55477e+006 14.4936
405405 7.55477e+006 13.5571
405404 7.55477e+006 14.5897
405405 7.55477e+006 14.4936
405405 7.55477e+006 13.5811
405405 7.55477e+006 13.5571
405405 7.55477e+006 14.4936
405405 7.55477e+006 13.6532
405405 7.55477e+006 13.5811
405405 7.55477e+006 14.4936
405404 7.55477e+006 13.6532
405404 7.55477e+006 13.653
405404 7.55477e+006 14.4934
405404 7.55477e+006 14.4934
405404 7.55477e+006 14.4936
405404 7.55477e+006 13.6532
405404 7.55477e+006 13.5569
405405 7.55477e+006 13.5569
405405 7.55477e+006 13.581
405404 7.55477e+006 13.5569
405405 7.55477e+006 13.581
405405 7.55477e+006 13.653
405405 7.55477e+006 13.653
405405 7.55477e+006 14.4934
405405 7.55477e+006 14.5655
405405 7.55477e+006 13.653
405405 7.55477e+006 14.5655
405405 7.55477e+006 14.5896
405404 7.55477e+006 13.5569
405405 7.55477e+006 13.653
405405 7.55477e+006 14.5896
405405 7.55477e+006 14.5896
405404 7.55477e+006 14.5896
405404 7.55477e+006 14.5655
405405 7.55477e+006 14.5896
405404 7.55477e+006 14.5655
405404 7.55477e+006 14.4934
405404 7.55477e+006 13.5569
405405 7.55477e+006 14.5896
405404 7.55477e+006 14.4934
405404 7.55477e+006 13.581
405404 7.55477e+006 13.5569
405404 7.55477e+006 14.4934
405404 7.55477e+006 13.653
405404 7.55477e+006 13.581
405404 7.55477e+006 14.4934
405405 7.55477e+006 13.653
405405 7.55477e+006 13.6532
405405 7.55477e+006 14.4936
405405 7.55477e+006 14.4936
405405 7.55477e+006 14.4934
405405 7.55477e+006 13.653
405405 7.55477e+006 13.581
405405 7.55477e+006 13.5569
405405 7.55477e+006 13.5571
405405 7.55477e+006 13.5571
405405 7.55477e+006 13.5811
405405 7.55477e+006 13.581
405404 7.55477e+006 13.5811
405404 7.55477e+006 13.557
405404 7.55477e+006 13.5569
405404 7.55477e+006 13.5569
405404 7.55477e+006 13.581
405404 7.55477e+006 13.5811
405404 7.55477e+006 14.5655
405404 7.55477e+006 14.5896
405404 7.55477e+006 14.5897
405404 7.55477e+006 14.5897
405404 7.55477e+006 14.5657
405404 7.55477e+006 14.5655
405405 7.55477e+006 14.5657
405405 7.55477e+006 14.5897
405405 7.55477e+006 14.5896
405405 7.55477e+006 14.5896
405405 7.55477e+006 14.5655
405405 7.55477e+006 14.5657
405405 7.55477e+006 13.653
405405 7.55477e+006 13.581
405405 7.55477e+006 13.5811
405405 7.55477e+006 13.5811
405405 7.55477e+006 13.6532
405405 7.55477e+006 13.653
405404 7.55477e+006 13.6532
405404 7.55477e+006 13.5811
405404 7.55477e+006 13.581
405404 7.55477e+006 13.581
405404 7.55477e+006 13.653
405404 7.55477e+006 13.6532
405404 7.55477e+006 14.4934
405404 7.55477e+006 14.5655
405404 7.55477e+006 14.5657
405404 7.55477e+006 14.5657
405404 7.55477e+006 14.4936
405404 7.55477e+006 14.4934
405405 7.55477e+006 14.4936
405405 7.55477e+006 14.5657
405405 7.55477e+006 14.5655
405405 7.55477e+006 14.5655
405405 7.55477e+006 14.4934
405405 7.55477e+006 14.4936
405403 7.55477e+006 13.5719
405405 7.55476e+006 13.5719
405405 7.55477e+006 14.6007
405405 7.55477e+006 14.6007
405403 7.55477e+006 14.6007
405403 7.55477e+006 13.5719
405404 7.55477e+006 12.0421
405405 7.55477e+006 12.0421
405405 7.55477e+006 12.4859
405405 7.55477e+006 12.4859
405403 7.55477e+006 12.4859
405404 7.55477e+006 12.0421
405404 7.55477e+006 14.6007
405404 7.55477e+006 14.6712
405406 7.55477e+006 14.6712
405406 7.55477e+006 14.6712
405406 7.55477e+006 14.6007
405404 7.55477e+006 14.6007
405404 7.55477e+006 11.7645
405405 7.55477e+006 11.7645
405405 7.55477e+006 12.0421
405405 7.55477e+006 12.0421
405404 7.55477e+006 12.0421
405404 7.55477e+006 11.7645
405404 7.55477e+006 15.5041
405406 7.55477e+006 15.5041
405406 7.55477e+006 14.6712
405406 7.55477e+006 14.6712
405404 7.55477e+006 14.6712
405404 7.55477e+006 15.5041
405407 7.55477e+006 13.4506
405408 7.55477e+006 13.4506
405407 7.55477e+006 12.4859
405407 7.55477e+006 12.4859
405407 7.55477e+006 12.4859
405407 7.55477e+006 13.4506
405407 7.55477e+006 13.4742
405408 7.55477e+006 13.4742
405408 7.55477e+006 13.4506
405408 7.55477e+006 13.4506
405407 7.55477e+006 13.4506
405407 7.55477e+006 13.4742
405405 7.55477e+006 14.3761
405405 7.55477e+006 14.3761
405405 7.55477e+006 14.3761
405405 7.55477e+006 14.3761
405405 7.55477e+006 14.3761
405405 7.55477e+006 14.3761
405405 7.55477e+006 14.2698
405405 7.55477e+006 14.2698
405405 7.55477e+006 14.3761
405405 7.55477e+006 14.3761
405405 7.55477e+006 14.3761
405405 7.55477e+006 14.2698
405405 7.55477e+006 14.2698
405405 7.55477e+006 14.2698
405405 7.55477e+006 14.3761
405405 7.55477e+006 14.3761
405405 7.55477e+006 14.3761
405405 7.55477e+006 14.2698
405405 7.55477e+006 14.2698
405405 7.55477e+006 14.2698
405405 7.55477e+006 14.3761
405405 7.55477e+006 14.3761
405405 7.55477e+006 14.3761
405405 7.55477e+006 14.2698
405405 7.55477e+006 14.2698
405405 7.55477e+006 14.2698
405405 7.55477e+006 14.3761
405405 7.55477e+006 14.3761
405405 7.55477e+006 14.3761
405405 7.55477e+006 14.2698
405405 7.55477e+006 14.2698
405405 7.55477e+006 14.2698
405405 7.55477e+006 14.2698
405405 7.55477e+006 14.2698
405405 7.55477e+006 14.2698
405405 7.55477e+006 14.2698
405405 7.55477e+006 14.2954
405405 7.55477e+006 14.2954
405405 7.55477e+006 14.3494
405405 7.55477e+006 14.3494
405405 7.55477e+006 14.3494
405405 7.55477e+006 14.2954
405405 7.55477e+006 13.8627
405405 7.55477e+006 13.8627
405405 7.55477e+006 13.8627
405405 7.55477e+006 13.8627
405405 7.55477e+006 13.8627
405405 7.55477e+006 13.8627
405405 7.55477e+006 13.7563
405405 7.55477e+006 13.7563
405405 7.55477e+006 13.8627
405405 7.55477e+006 13.8627
405405 7.55477e+006 13.8627
405405 7.55477e+006 13.7563
405405 7.55477e+006 13.7563
405405 7.55477e+006 13.7563
405405 7.55477e+006 13.8627
405405 7.55477e+006 13.8627
405405 7.55477e+006 13.8627
405405 7.55477e+006 13.7563
405405 7.55477e+006 13.7563
405405 7.55477e+006 13.7563
405405 7.55477e+006 13.8627
405405 7.55477e+006 13.8627
405405 7.55477e+006 13.8627
405405 7.55477e+006 13.7563
405405 7.55477e+006 13.7563
405405 7.55477e+006 13.7563
405405 7.55477e+006 13.8627
405405 7.55477e+006 13.8627
405405 7.55477e+006 13.8627
405405 7.55477e+006 13.7563
405405 7.55477e+006 13.7563
405405 7.55477e+006 13.7563
405405 7.55477e+006 13.7563
405405 7.55477e+006 13.7563
405405 7.55477e+006 13.7563
405405 7.55477e+006 13.7563
405404 7.55477e+006 15.508
405403 7.55477e+006 14.6007
405405 7.55477e+006 14.6007
405405 7.55477e+006 14.6007
405405 7.55477e+006 15.508
405404 7.55477e+006 15.508
405407 7.55477e+006 13.5719
405407 7.55477e+006 14.545
405407 7.55477e+006 14.545
405407 7.55477e+006 14.545
405408 7.55477e+006 13.5719
405407 7.55477e+006 13.5719
405404 7.55477e+006 15.5746
405404 7.55477e+006 15.508
405405 7.55477e+006 15.508
405405 7.55477e+006 15.508
405405 7.55477e+006 15.5746
405404 7.55477e+006 15.5746
405406 7.55476e+006 13.5352
405406 7.55476e+006 13.4872
405409 7.55477e+006 13.4873
405409 7.55477e+006 13.4873
405409 7.55477e+006 13.5352
405406 7.55476e+006 13.5352
405409 7.55477e+006 13.5352
405409 7.55477e+006 13.4873
405408 7.55477e+006 13.4873
405408 7.55477e+006 13.4873
405408 7.55477e+006 13.5352
405409 7.55477e+006 13.5352
405405 7.55476e+006 13.5719
405407 7.55477e+006 13.5719
405407 7.55477e+006 14.5501
405405 7.55476e+006 13.5719
405407 7.55477e+006 14.5501
405406 7.55477e+006 14.5554
405405 7.55476e+006 13.5719
405406 7.55477e+006 14.5554
405406 7.55477e+006 14.6038
405405 7.55476e+006 13.5719
405406 7.55477e+006 14.6038
405405 7.55477e+006 14.6007
405408 7.55477e+006 12.4859
405408 7.55477e+006 13.4506
405405 7.55476e+006 13.4505
405405 7.55476e+006 13.4505
405406 7.55477e+006 12.4859
405408 7.55477e+006 12.4859
405406 7.55477e+006 12.4859
405405 7.55476e+006 13.4505
405405 7.55476e+006 13.4505
405405 7.55476e+006 13.4505
405405 7.55477e+006 12.4859
405406 7.55477e+006 12.4859
405408 7.55477e+006 14.541
405408 7.55477e+006 13.5719
405408 7.55477e+006 13.5719
405408 7.55477e+006 13.5719
405407 7.55477e+006 14.545
405408 7.55477e+006 14.541
405406 7.55476e+006 13.5352
405405 7.55476e+006 13.5352
405405 7.55476e+006 13.4872
405405 7.55476e+006 13.4872
405406 7.55476e+006 13.4872
405406 7.55476e+006 13.5352
405405 7.55477e+006 14.6007
405405 7.55477e+006 14.6007
405405 7.55476e+006 13.5719
405405 7.55476e+006 13.5719
405405 7.55476e+006 13.5719
405405 7.55477e+006 14.6007
405408 7.55477e+006 12.4859
405407 7.55477e+006 12.4859
405408 7.55477e+006 13.4506
405408 7.55477e+006 13.4506
405408 7.55477e+006 13.4506
405408 7.55477e+006 12.4859
405405 7.55477e+006 12.4859
405405 7.55476e+006 13.4505
405403 7.55477e+006 13.4505
405403 7.55477e+006 13.4505
405403 7.55477e+006 12.4859
405405 7.55477e+006 12.4859
405405 7.55477e+006 14.6007
405405 7.55477e+006 15.5068
405405 7.55477e+006 15.508
405405 7.55477e+006 15.508
405405 7.55477e+006 14.6007
405405 7.55477e+006 14.6007
405406 7.55477e+006 15.4525
405406 7.55477e+006 15.4978
405405 7.55477e+006 15.5068
405406 7.55477e+006 14.6038
405406 7.55477e+006 15.4525
405405 7.55477e+006 15.5068
405406 7.55477e+006 14.6038
405405 7.55477e+006 15.5068
405405 7.55477e+006 14.6007
405405 7.55476e+006 13.5719
405406 7.55476e+006 13.5483
405409 7.55477e+006 13.5483
405409 7.55477e+006 13.5483
405408 7.55477e+006 13.5719
405407 7.55477e+006 13.5719
405405 7.55476e+006 13.5719
405409 7.55477e+006 13.5483
405407 7.55477e+006 13.5719
405405 7.55476e+006 13.5719
405407 7.55477e+006 13.5719
405407 7.55477e+006 13.5719
405408 7.55477e+006 13.5719
405409 7.55477e+006 13.5483
405408 7.55477e+006 13.5483
405408 7.55477e+006 13.5483
405408 7.55477e+006 13.5719
405408 7.55477e+006 13.5719
405405 7.55476e+006 13.5719
405405 7.55476e+006 13.5483
405406 7.55476e+006 13.5483
405406 7.55476e+006 13.5483
405405 7.55476e+006 13.5719
405405 7.55476e+006 13.5719
405408 7.55477e+006 13.4506
405409 7.55477e+006 13.4742
405406 7.55476e+006 13.4742
405406 7.55476e+006 13.4742
405405 7.55476e+006 13.4505
405408 7.55477e+006 13.4506
405405 7.55476e+006 13.4505
405406 7.55476e+006 13.4742
405405 7.55476e+006 13.4742
405405 7.55476e+006 13.4742
405405 7.55476e+006 13.4505
405405 7.55476e+006 13.4505
405408 7.55477e+006 13.4506
405408 7.55477e+006 13.4742
405409 7.55477e+006 13.4742
405409 7.55477e+006 13.4742
405408 7.55477e+006 13.4506
405408 7.55477e+006 13.4506
405408 7.55477e+006 12.4859
405407 7.55477e+006 12.0133
405407 7.55477e+006 11.9841
405407 7.55477e+006 11.9841
405407 7.55477e+006 12.4859
405408 7.55477e+006 12.4859
405405 7.55477e+006 12.4859
405405 7.55477e+006 12.0421
405406 7.55477e+006 12.0553
405406 7.55477e+006 12.0553
405406 7.55477e+006 12.4859
405405 7.55477e+006 12.4859
405406 7.55477e+006 12.4859
405406 7.55477e+006 12.0553
405407 7.55477e+006 12.0133
405407 7.55477e+006 12.0133
405408 7.55477e+006 12.4859
405406 7.55477e+006 12.4859
405408 7.55477e+006 14.541
405408 7.55477e+006 13.5719
405408 7.55477e+006 13.5719
405408 7.55477e+006 13.5719
405408 7.55477e+006 14.541
405408 7.55477e+006 14.541
405409 7.55477e+006 13.5352
405409 7.55477e+006 13.4873
405409 7.55477e+006 13.4873
405409 7.55477e+006 13.4873
405409 7.55477e+006 13.5352
405409 7.55477e+006 13.5352
405408 7.55477e+006 13.4506
405408 7.55477e+006 12.4859
405408 7.55477e+006 12.4859
405408 7.55477e+006 12.4859
405408 7.55477e+006 13.4506
405408 7.55477e+006 13.4506
405408 7.55477e+006 13.5719
405409 7.55477e+006 13.5483
405409 7.55477e+006 13.5483
405409 7.55477e+006 13.5483
405408 7.55477e+006 13.5719
405408 7.55477e+006 13.5719
405408 7.55477e+006 13.4506
405409 7.55477e+006 13.4742
405409 7.55477e+006 13.4742
405409 7.55477e+006 13.4742
405408 7.55477e+006 13.4506
405408 7.55477e+006 13.4506
405408 7.55477e+006 12.4859
405407 7.55477e+006 12.0133
405407 7.55477e+006 12.0133
405407 7.55477e+006 12.0133
405408 7.55477e+006 12.4859
405408 7.55477e+006 12.4859
405408 7.55477e+006 13.5483
405407 7.55477e+006 13.5483
405407 7.55477e+006 13.5719
405407 7.55477e+006 13.5719
405408 7.55477e+006 13.5719
405408 7.55477e+006 13.5483
405408 7.55477e+006 14.6007
405407 7.55477e+006 14.6007
405407 7.55477e+006 14.5462
405407 7.55477e+006 14.5462
405408 7.55477e+006 14.541
405408 7.55477e+006 14.6007
405407 7.55477e+006 14.6007
405408 7.55477e+006 14.6007
405408 7.55477e+006 14.541
405408 7.55477e+006 14.541
405407 7.55477e+006 14.545
405407 7.55477e+006 14.6007
405405 7.55477e+006 15.5746
405405 7.55477e+006 15.5746
405405 7.55477e+006 15.508
405405 7.55477e+006 15.508
405405 7.55477e+006 15.5068
405405 7.55477e+006 15.5746
405406 7.55477e+006 15.5746
405405 7.55477e+006 15.5746
405405 7.55477e+006 15.5068
405405 7.55477e+006 15.5068
405406 7.55477e+006 15.4978
405406 7.55477e+006 15.5746
405406 7.55477e+006 14.6712
405406 7.55477e+006 15.5041
405406 7.55477e+006 15.4525
405406 7.55477e+006 15.4525
405406 7.55477e+006 14.6038
405406 7.55477e+006 14.6712
405408 7.55477e+006 14.541
405408 7.55477e+006 14.541
405408 7.55477e+006 14.6007
405408 7.55477e+006 14.6007
405408 7.55477e+006 14.6007
405408 7.55477e+006 14.541
405406 7.55477e+006 14.6038
405406 7.55477e+006 14.5554
405406 7.55477e+006 14.6007
405406 7.55477e+006 14.6007
405406 7.55477e+006 14.6712
405406 7.55477e+006 14.6038
405406 7.55477e+006 15.5041
405406 7.55477e+006 15.5746
405406 7.55477e+006 15.4978
405406 7.55477e+006 15.4978
405406 7.55477e+006 15.4525
405406 7.55477e+006 15.5041
405407 7.55477e+006 11.7645
405406 7.55477e+006 11.7645
405407 7.55477e+006 11.9841
405407 7.55477e+006 11.9841
405407 7.55477e+006 12.0133
405407 7.55477e+006 11.7645
405405 7.55477e+006 11.7645
405405 7.55477e+006 11.7645
405406 7.55477e+006 12.0553
405406 7.55477e+006 12.0553
405405 7.55477e+006 12.0421
405405 7.55477e+006 11.7645
405405 7.55477e+006 11.7645
405407 7.55477e+006 11.7645
405407 7.55477e+006 12.0133
405407 7.55477e+006 12.0133
405406 7.55477e+006 12.0553
405405 7.55477e+006 11.7645
405407 7.55477e+006 12.0133
405407 7.55477e+006 12.0133
405407 7.55477e+006 11.7645
405407 7.55477e+006 11.7645
405407 7.55477e+006 11.7645
405407 7.55477e+006 12.0133
405407 7.55477e+006 14.5462
405407 7.55477e+006 13.5719
405408 7.55477e+006 13.5719
405408 7.55477e+006 13.5719
405408 7.55477e+006 14.541
405407 7.55477e+006 14.5462
405407 7.55477e+006 14.5501
405407 7.55477e+006 14.6007
405406 7.55477e+006 14.6007
405406 7.55477e+006 14.6007
405406 7.55477e+006 14.5554
405407 7.55477e+006 14.5501
405407 7.55477e+006 13.5719
405407 7.55477e+006 14.6073
405407 7.55477e+006 14.6074
405407 7.55477e+006 14.6074
405407 7.55477e+006 13.5719
405407 7.55477e+006 13.5719
405407 7.55477e+006 14.5501
405407 7.55477e+006 13.5719
405407 7.55477e+006 14.6074
405407 7.55477e+006 14.6074
405407 7.55477e+006 14.6007
405407 7.55477e+006 14.5501
405407 7.55477e+006 14.6007
405407 7.55477e+006 14.6074
405407 7.55477e+006 14.6073
405407 7.55477e+006 14.6073
405407 7.55477e+006 14.6007
405407 7.55477e+006 14.6007
405407 7.55477e+006 14.6007
405407 7.55477e+006 14.6073
405407 7.55477e+006 13.5719
405407 7.55477e+006 13.5719
405407 7.55477e+006 14.5462
405407 7.55477e+006 14.6007
405407 7.55477e+006 13.5571
405407 7.55477e+006 13.5571
405407 7.55477e+006 13.5569
405407 7.55477e+006 13.5569
405407 7.55477e+006 13.5569
405407 7.55477e+006 13.5571
405407 7.55477e+006 14.5897
405407 7.55477e+006 14.5896
405407 7.55477e+006 14.5896
405407 7.55477e+006 14.5896
405407 7.55477e+006 14.5897
405407 7.55477e+006 14.5897
405407 7.55477e+006 14.5657
405407 7.55477e+006 14.5897
405407 7.55477e+006 14.5897
405408 7.55477e+006 14.4936
405407 7.55477e+006 14.5657
405407 7.55477e+006 14.5897
405407 7.55477e+006 14.5657
405407 7.55477e+006 14.4936
405407 7.55477e+006 13.6532
405407 7.55477e+006 14.5897
405407 7.55477e+006 14.5657
405407 7.55477e+006 13.6532
405407 7.55477e+006 13.5811
405407 7.55477e+006 13.5571
405407 7.55477e+006 13.5571
405407 7.55477e+006 13.6532
405407 7.55477e+006 13.5811
405407 7.55477e+006 13.5571
405407 7.55477e+006 14.5897
405407 7.55477e+006 13.6532
405407 7.55477e+006 13.5571
405408 7.55477e+006 14.4936
405407 7.55477e+006 14.5897
405407 7.55477e+006 13.5571
405408 7.55477e+006 14.4936
405407 7.55477e+006 13.5571
405408 7.55477e+006 13.5811
405408 7.55477e+006 13.6532
405408 7.55477e+006 14.4936
405408 7.55477e+006 13.5811
405407 7.55477e+006 13.6532
405407 7.55477e+006 14.4936
405407 7.55477e+006 14.4934
405407 7.55477e+006 14.4934
405407 7.55477e+006 13.653
405407 7.55477e+006 13.6532
405407 7.55477e+006 14.5655
405407 7.55477e+006 14.5896
405407 7.55477e+006 14.5896
405407 7.55477e+006 14.4934
405407 7.55477e+006 14.5655
405407 7.55477e+006 14.5896
405407 7.55477e+006 14.5655
405407 7.55477e+006 14.4934
405407 7.55477e+006 13.653
405407 7.55477e+006 14.5896
405407 7.55477e+006 14.5655
405407 7.55477e+006 13.653
405407 7.55477e+006 13.581
405407 7.55477e+006 13.5569
405407 7.55477e+006 13.5569
405407 7.55477e+006 13.653
405407 7.55477e+006 13.581
405407 7.55477e+006 13.5569
405407 7.55477e+006 14.5896
405407 7.55477e+006 13.653
405407 7.55477e+006 13.5569
405407 7.55477e+006 14.4934
405407 7.55477e+006 14.5896
405407 7.55477e+006 13.5569
405407 7.55477e+006 14.4934
405407 7.55477e+006 13.5569
405407 7.55477e+006 13.581
405407 7.55477e+006 13.653
405407 7.55477e+006 14.4934
405407 7.55477e+006 13.581
405407 7.55477e+006 13.653
405407 7.55477e+006 14.4934
405408 7.55477e+006 14.4936
405408 7.55477e+006 14.4936
405408 7.55477e+006 13.6532
405407 7.55477e+006 13.653
405407 7.55477e+006 13.581
405408 7.55477e+006 13.5811
405407 7.55477e+006 13.5571
405407 7.55477e+006 13.5571
405407 7.55477e+006 13.5569
405407 7.55477e+006 13.581
405407 7.55477e+006 13.5811
405407 7.55477e+006 13.581
405407 7.55477e+006 13.5569
405407 7.55477e+006 13.5569
405407 7.55477e+006 13.5571
405407 7.55477e+006 13.5811
405407 7.55477e+006 14.5655
405407 7.55477e+006 14.5657
405407 7.55477e+006 14.5897
405407 7.55477e+006 14.5897
405407 7.55477e+006 14.5896
405407 7.55477e+006 14.5655
405407 7.55477e+006 14.5657
405407 7.55477e+006 14.5655
405407 7.55477e+006 14.5896
405407 7.55477e+006 14.5896
405407 7.55477e+006 14.5897
405407 7.55477e+006 14.5657
405407 7.55477e+006 13.653
405408 7.55477e+006 13.6532
405408 7.55477e+006 13.5811
405408 7.55477e+006 13.5811
405407 7.55477e+006 13.581
405407 7.55477e+006 13.653
405407 7.55477e+006 13.6532
405407 7.55477e+006 13.653
405407 7.55477e+006 13.581
405407 7.55477e+006 13.581
405407 7.55477e+006 13.5811
405407 7.55477e+006 13.6532
405407 7.55477e+006 14.4934
405407 7.55477e+006 14.4936
405407 7.55477e+006 14.5657
405407 7.55477e+006 14.5657
405407 7.55477e+006 14.5655
405407 7.55477e+006 14.4934
405408 7.55477e+006 14.4936
405407 7.55477e+006 14.4934
405407 7.55477e+006 14.5655
405407 7.55477e+006 14.5655
405407 7.55477e+006 14.5657
405408 7.55477e+006 14.4936
405407 7.55477e+006 14.6007
405406 7.55477e+006 14.6007
405406 7.55477e+006 14.6007
405405 7.55477e+006 14.6007
405405 7.55477e+006 14.6007
405404 7.55477e+006 14.6007
405406 7.55477e+006 14.6007
405405 7.55477e+006 14.6007
405404 7.55477e+006 14.6007
405407 7.55477e+006 14.6007
405406 7.55477e+006 14.6007
405404 7.55477e+006 14.6007
405407 7.55477e+006 14.6007
405407 7.55477e+006 14.6007
405404 7.55477e+006 14.6007
405404 7.55477e+006 14.6007
405406 7.55477e+006 14.6007
405407 7.55477e+006 14.6007
405404 7.55477e+006 14.6007
405407 7.55477e+006 14.6007
405407 7.55477e+006 14.6007
405404 7.55477e+006 14.6007
405407 7.55477e+006 14.6007
405408 7.55477e+006 14.6007
405407 7.55477e+006 14.6007
405404 7.55477e+006 14.6007
405408 7.55477e+006 14.6007
405407 7.55477e+006 14.6007
405408 7.55477e+006 14.6007
405408 7.55477e+006 14.6007
405406 7.55477e+006 15.5041
405404 7.55477e+006 15.5041
405404 7.55477e+006 15.5746
405404 7.55477e+006 15.5746
405406 7.55477e+006 15.5746
405406 7.55477e+006 15.5041
405406 7.55477e+006 11.7645
405406 7.55477e+006 11.7645
405407 7.55477e+006 11.9841
405407 7.55477e+006 11.9841
405407 7.55477e+006 11.9841
405406 7.55477e+006 11.7645
405403 7.55477e+006 13.5352
405403 7.55477e+006 13.4872
405405 7.55476e+006 13.4872
405405 7.55476e+006 13.4872
405405 7.55476e+006 13.5352
405403 7.55477e+006 13.5352
405405 7.55476e+006 13.5719
405403 7.55477e+006 13.5719
405403 7.55477e+006 13.5483
405403 7.55477e+006 13.5483
405405 7.55476e+006 13.5483
405405 7.55476e+006 13.5719
405407 7.55477e+006 14.3761
405407 7.55477e+006 14.3761
405407 7.55477e+006 14.3761
405407 7.55477e+006 14.3761
405407 7.55477e+006 14.3761
405407 7.55477e+006 14.3761
405407 7.55477e+006 14.2698
405407 7.55477e+006 14.3761
405407 7.55477e+006 14.3761
405407 7.55477e+006 14.3761
405407 7.55477e+006 14.2698
405407 7.55477e+006 14.2698
405407 7.55477e+006 14.2698
405407 7.55477e+006 14.3761
405407 7.55477e+006 14.3761
405407 7.55477e+006 14.3761
405407 7.55477e+006 14.2698
405407 7.55477e+006 14.2698
405407 7.55477e+006 14.2698
405407 7.55477e+006 14.3761
405407 7.55477e+006 14.3761
405407 7.55477e+006 14.3761
405407 7.55477e+006 14.2698
405407 7.55477e+006 14.2698
405407 7.55477e+006 14.2698
405407 7.55477e+006 14.3761
405407 7.55477e+006 14.3761
405407 7.55477e+006 14.3761
405407 7.55477e+006 14.2698
405407 7.55477e+006 14.2698
405407 7.55477e+006 14.2698
405407 7.55477e+006 14.2698
405407 7.55477e+006 14.2698
405407 7.55477e+006 14.2698
405407 7.55477e+006 14.2698
405407 7.55477e+006 14.2698
405407 7.55477e+006 14.2954
405407 7.55477e+006 14.3494
405407 7.55477e+006 14.3494
405407 7.55477e+006 14.3494
405407 7.55477e+006 14.2954
405407 7.55477e+006 14.2954
405407 7.55477e+006 13.8627
405407 7.55477e+006 13.8627
405407 7.55477e+006 13.8627
405407 7.55477e+006 13.8627
405407 7.55477e+006 13.8627
405407 7.55477e+006 13.8627
405407 7.55477e+006 13.7563
405407 7.55477e+006 13.8627
405407 7.55477e+006 13.8627
405407 7.55477e+006 13.8627
405407 7.55477e+006 13.7563
405407 7.55477e+006 13.7563
405407 7.55477e+006 13.7563
405407 7.55477e+006 13.8627
405407 7.55477e+006 13.8627
405407 7.55477e+006 13.8627
405407 7.55477e+006 13.7563
405407 7.55477e+006 13.7563
405407 7.55477e+006 13.7563
405407 7.55477e+006 13.8627
405407 7.55477e+006 13.8627
405407 7.55477e+006 13.8627
405407 7.55477e+006 13.7563
405407 7.55477e+006 13.7563
405407 7.55477e+006 13.7563
405407 7.55477e+006 13.8627
405407 7.55477e+006 13.8627
405407 7.55477e+006 13.8627
405407 7.55477e+006 13.7563
405407 7.55477e+006 13.7563
405407 7.55477e+006 13.7563
405407 7.55477e+006 13.7563
405407 7.55477e+006 13.7563
405407 7.55477e+006 13.7563
405407 7.55477e+006 13.7563
405407 7.55477e+006 13.7563
405404 7.55477e+006 15.5746
405404 7.55477e+006 15.5746
405404 7.55477e+006 15.5746
405404 7.55477e+006 15.5746
405405 7.55477e+006 15.5746
405405 7.55477e+006 15.5746
405404 7.55477e+006 15.5746
405405 7.55477e+006 15.5746
405406 7.55477e+006 15.5746
405404 7.55477e+006 15.5746
405404 7.55477e+006 15.5746
405406 7.55477e+006 15.5746
405403 7.55477e+006 13.4742
405403 7.55477e+006 13.4505
405405 7.55476e+006 13.4505
405405 7.55476e+006 13.4505
405405 7.55476e+006 13.4742
405403 7.55477e+006 13.4742
405407 7.55477e+006 13.5352
405408 7.55477e+006 13.5352
405408 7.55477e+006 13.4873
405408 7.55477e+006 13.4873
405407 7.55477e+006 13.4873
405407 7.55477e+006 13.5352
405407 7.55477e+006 11.9841
405407 7.55477e+006 12.4859
405407 7.55477e+006 12.4859
405407 7.55477e+006 12.4859
405407 7.55477e+006 11.9841
405407 7.55477e+006 11.9841
405407 7.55477e+006 14.6007
405407 7.55477e+006 14.6007
405407 7.55477e+006 14.545
405407 7.55477e+006 14.545
405407 7.55477e+006 14.545
405407 7.55477e+006 14.6007
405402 7.55477e+006 13.5483
405405 7.55477e+006 13.5483
405405 7.55477e+006 13.5352
405405 7.55477e+006 13.5352
405402 7.55477e+006 13.5352
405402 7.55477e+006 13.5483
405405 7.55477e+006 13.5483
405406 7.55477e+006 13.5483
405406 7.55477e+006 13.5352
405406 7.55477e+006 13.5352
405405 7.55477e+006 13.5352
405405 7.55477e+006 13.5483
405406 7.55477e+006 13.5483
405407 7.55477e+006 13.5483
405407 7.55477e+006 13.5352
405407 7.55477e+006 13.5352
405406 7.55477e+006 13.5352
405406 7.55477e+006 13.5483
405407 7.55477e+006 13.5483
405408 7.55477e+006 13.5483
405408 7.55477e+006 13.5352
405408 7.55477e+006 13.5352
405407 7.55477e+006 13.5352
405407 7.55477e+006 13.5483
405408 7.55477e+006 13.5483
405409 7.55477e+006 13.5483
405409 7.55477e+006 13.5352
405409 7.55477e+006 13.5352
405408 7.55477e+006 13.5352
405408 7.55477e+006 13.5483
405409 7.55477e+006 13.5483
405409 7.55477e+006 13.5483
405409 7.55477e+006 13.5352
405409 7.55477e+006 13.5352
405409 7.55477e+006 13.5352
405409 7.55477e+006 13.5483
405409 7.55477e+006 13.5483
405406 7.55476e+006 13.5483
405406 7.55476e+006 13.5352
405406 7.55476e+006 13.5352
405409 7.55477e+006 13.5352
405409 7.55477e+006 13.5483
405406 7.55476e+006 13.5483
405405 7.55476e+006 13.5483
405405 7.55476e+006 13.5352
405405 7.55476e+006 13.5352
405406 7.55476e+006 13.5352
405406 7.55476e+006 13.5483
405405 7.55476e+006 13.5483
405403 7.55477e+006 13.5483
405403 7.55477e+006 13.5352
405403 7.55477e+006 13.5352
405405 7.55476e+006 13.5352
405405 7.55476e+006 13.5483
405403 7.55477e+006 13.5483
405402 7.55477e+006 13.5483
405402 7.55477e+006 13.5352
405402 7.55477e+006 13.5352
405403 7.55477e+006 13.5352
405403 7.55477e+006 13.5483
405405 7.55477e+006 13.4742
405402 7.55477e+006 13.4742
405402 7.55477e+006 13.4872
405402 7.55477e+006 13.4872
405405 7.55477e+006 13.4873
405405 7.55477e+006 13.4742
405402 7.55477e+006 13.4742
405403 7.55477e+006 13.4742
405403 7.55477e+006 13.4872
405403 7.55477e+006 13.4872
405402 7.55477e+006 13.4872
405402 7.55477e+006 13.4742
405403 7.55477e+006 13.4742
405405 7.55476e+006 13.4742
405405 7.55476e+006 13.4872
405405 7.55476e+006 13.4872
405403 7.55477e+006 13.4872
405403 7.55477e+006 13.4742
405405 7.55476e+006 13.4742
405406 7.55476e+006 13.4742
405406 7.55476e+006 13.4872
405406 7.55476e+006 13.4872
405405 7.55476e+006 13.4872
405405 7.55476e+006 13.4742
405406 7.55476e+006 13.4742
405409 7.55477e+006 13.4742
405409 7.55477e+006 13.4873
405409 7.55477e+006 13.4873
405406 7.55476e+006 13.4872
405406 7.55476e+006 13.4742
405409 7.55477e+006 13.4742
405409 7.55477e+006 13.4742
405409 7.55477e+006 13.4873
405409 7.55477e+006 13.4873
405409 7.55477e+006 13.4873
405409 7.55477e+006 13.4742
405409 7.55477e+006 13.4742
405408 7.55477e+006 13.4742
405408 7.55477e+006 13.4873
405408 7.55477e+006 13.4873
405409 7.55477e+006 13.4873
405409 7.55477e+006 13.4742
405408 7.55477e+006 13.4742
405407 7.55477e+006 13.4742
405407 7.55477e+006 13.4873
405407 7.55477e+006 13.4873
405408 7.55477e+006 13.4873
405408 7.55477e+006 13.4742
405407 7.55477e+006 13.4742
405406 7.55477e+006 13.4742
405406 7.55477e+006 13.4873
405406 7.55477e+006 13.4873
405407 7.55477e+006 13.4873
405407 7.55477e+006 13.4742
405406 7.55477e+006 13.4742
405405 7.55477e+006 13.4742
405405 7.55477e+006 13.4873
405405 7.55477e+006 13.4873
405406 7.55477e+006 13.4873
405406 7.55477e+006 13.4742
405407 7.55477e+006 13.8359
405407 7.55477e+006 13.8359
405407 7.55477e+006 13.782
405407 7.55477e+006 13.782
405407 7.55477e+006 13.782
405407 7.55477e+006 13.8359
405405 7.55477e+006 13.7805
405405 7.55477e+006 13.7805
405405 7.55477e+006 13.8345
405405 7.55477e+006 13.8345
405405 7.55477e+006 13.8345
405405 7.55477e+006 13.7805
