400316 7.55245e+006 17.7464
400316 7.55245e+006 17.7464
400316 7.55245e+006 17.5583
400316 7.55245e+006 17.5583
400316 7.55245e+006 17.5583
400316 7.55245e+006 17.7464
400316 7.55245e+006 17.7464
400316 7.55245e+006 17.7464
400316 7.55245e+006 17.7464
400316 7.55245e+006 17.7464
400316 7.55245e+006 17.7464
400316 7.55245e+006 17.7464
400316 7.55245e+006 17.5583
400316 7.55245e+006 17.5583
400316 7.55245e+006 17.7464
400316 7.55245e+006 17.7464
400316 7.55245e+006 17.7464
400316 7.55245e+006 17.5583
400316 7.55245e+006 17.3702
400316 7.55245e+006 17.3702
400316 7.55245e+006 17.5583
400316 7.55245e+006 17.5583
400316 7.55245e+006 17.5583
400316 7.55245e+006 17.3702
400316 7.55245e+006 17.3702
400316 7.55245e+006 17.3702
400316 7.55245e+006 17.3702
400316 7.55245e+006 17.3702
400316 7.55245e+006 17.3702
400316 7.55245e+006 17.3702
400316 7.55245e+006 17.5583
400316 7.55245e+006 17.5583
400316 7.55245e+006 17.3702
400316 7.55245e+006 17.3702
400316 7.55245e+006 17.3702
400316 7.55245e+006 17.5583
400316 7.55246e+006 17.7464
400316 7.55245e+006 17.7464
400316 7.55245e+006 17.5583
400316 7.55245e+006 17.5583
400316 7.55246e+006 17.5583
400316 7.55246e+006 17.7464
400315 7.55245e+006 17.7464
400316 7.55245e+006 17.7464
400316 7.55245e+006 17.7464
400316 7.55245e+006 17.7464
400316 7.55246e+006 17.7464
400315 7.55245e+006 17.7464
400315 7.55245e+006 17.5583
400316 7.55245e+006 17.5583
400316 7.55245e+006 17.7464
400316 7.55245e+006 17.7464
400315 7.55245e+006 17.7464
400315 7.55245e+006 17.5583
400315 7.55245e+006 17.3702
400316 7.55245e+006 17.3702
400316 7.55245e+006 17.5583
400316 7.55245e+006 17.5583
400315 7.55245e+006 17.5583
400315 7.55245e+006 17.3702
400316 7.55246e+006 17.3702
400316 7.55245e+006 17.3702
400316 7.55245e+006 17.3702
400316 7.55245e+006 17.3702
400315 7.55245e+006 17.3702
400316 7.55246e+006 17.3702
400316 7.55246e+006 17.5583
400316 7.55245e+006 17.5583
400316 7.55245e+006 17.3702
400316 7.55245e+006 17.3702
400316 7.55246e+006 17.3702
400316 7.55246e+006 17.5583
400315 7.55246e+006 17.7464
400316 7.55246e+006 17.7464
400316 7.55246e+006 17.5583
400316 7.55246e+006 17.5583
400315 7.55246e+006 17.5583
400315 7.55246e+006 17.7464
400315 7.55246e+006 17.7464
400315 7.55245e+006 17.7464
400316 7.55246e+006 17.7464
400316 7.55246e+006 17.7464
400315 7.55246e+006 17.7464
400315 7.55246e+006 17.7464
400315 7.55246e+006 17.5583
400315 7.55245e+006 17.5583
400315 7.55245e+006 17.7464
400315 7.55245e+006 17.7464
400315 7.55246e+006 17.7464
400315 7.55246e+006 17.5583
400315 7.55246e+006 17.3702
400315 7.55245e+006 17.3702
400315 7.55245e+006 17.5583
400315 7.55245e+006 17.5583
400315 7.55246e+006 17.5583
400315 7.55246e+006 17.3702
400315 7.55246e+006 17.3702
400316 7.55246e+006 17.3702
400315 7.55245e+006 17.3702
400315 7.55245e+006 17.3702
400315 7.55246e+006 17.3702
400315 7.55246e+006 17.3702
400315 7.55246e+006 17.5583
400316 7.55246e+006 17.5583
400316 7.55246e+006 17.3702
400316 7.55246e+006 17.3702
400315 7.55246e+006 17.3702
400315 7.55246e+006 17.5583
400314 7.55246e+006 17.7464
400315 7.55246e+006 17.7464
400315 7.55246e+006 17.5583
400315 7.55246e+006 17.5583
400314 7.55246e+006 17.5583
400314 7.55246e+006 17.7464
400314 7.55246e+006 17.7464
400315 7.55246e+006 17.7464
400315 7.55246e+006 17.7464
400315 7.55246e+006 17.7464
400314 7.55246e+006 17.7464
400314 7.55246e+006 17.7464
400314 7.55246e+006 17.5583
400315 7.55246e+006 17.5583
400315 7.55246e+006 17.7464
400315 7.55246e+006 17.7464
400314 7.55246e+006 17.7464
400314 7.55246e+006 17.5583
400314 7.55246e+006 17.3702
400315 7.55246e+006 17.3702
400315 7.55246e+006 17.5583
400315 7.55246e+006 17.5583
400314 7.55246e+006 17.5583
400314 7.55246e+006 17.3702
400314 7.55246e+006 17.3702
400315 7.55246e+006 17.3702
400315 7.55246e+006 17.3702
400315 7.55246e+006 17.3702
400314 7.55246e+006 17.3702
400314 7.55246e+006 17.3702
400314 7.55246e+006 17.5583
400315 7.55246e+006 17.5583
400315 7.55246e+006 17.3702
400315 7.55246e+006 17.3702
400314 7.55246e+006 17.3702
400314 7.55246e+006 17.5583
400313 7.55246e+006 17.7464
400314 7.55246e+006 17.7464
400314 7.55246e+006 17.5583
400314 7.55246e+006 17.5583
400313 7.55246e+006 17.5583
400313 7.55246e+006 17.7464
400313 7.55246e+006 17.7464
400314 7.55246e+006 17.7464
400314 7.55246e+006 17.7464
400314 7.55246e+006 17.7464
400313 7.55246e+006 17.7464
400313 7.55246e+006 17.7464
400312 7.55246e+006 17.5583
400314 7.55246e+006 17.5583
400314 7.55246e+006 17.7464
400314 7.55246e+006 17.7464
400313 7.55246e+006 17.7464
400312 7.55246e+006 17.5583
400313 7.55246e+006 17.3702
400314 7.55246e+006 17.3702
400314 7.55246e+006 17.5583
400314 7.55246e+006 17.5583
400312 7.55246e+006 17.5583
400313 7.55246e+006 17.3702
400313 7.55246e+006 17.3702
400314 7.55246e+006 17.3702
400314 7.55246e+006 17.3702
400314 7.55246e+006 17.3702
400313 7.55246e+006 17.3702
400313 7.55246e+006 17.3702
400313 7.55246e+006 17.5583
400314 7.55246e+006 17.5583
400314 7.55246e+006 17.3702
400314 7.55246e+006 17.3702
400313 7.55246e+006 17.3702
400313 7.55246e+006 17.5583
400311 7.55246e+006 17.7464
400313 7.55246e+006 17.7464
400313 7.55246e+006 17.5583
400313 7.55246e+006 17.5583
400311 7.55246e+006 17.5583
400311 7.55246e+006 17.7464
400311 7.55246e+006 17.7464
400313 7.55246e+006 17.7464
400313 7.55246e+006 17.7464
400313 7.55246e+006 17.7464
400311 7.55246e+006 17.7464
400311 7.55246e+006 17.7464
400311 7.55246e+006 17.5583
400312 7.55246e+006 17.5583
400313 7.55246e+006 17.7464
400313 7.55246e+006 17.7464
400311 7.55246e+006 17.7464
400311 7.55246e+006 17.5583
400311 7.55246e+006 17.3702
400313 7.55246e+006 17.3702
400312 7.55246e+006 17.5583
400312 7.55246e+006 17.5583
400311 7.55246e+006 17.5583
400311 7.55246e+006 17.3702
400311 7.55246e+006 17.3702
400313 7.55246e+006 17.3702
400313 7.55246e+006 17.3702
400313 7.55246e+006 17.3702
400311 7.55246e+006 17.3702
400311 7.55246e+006 17.3702
400311 7.55246e+006 17.5583
400313 7.55246e+006 17.5583
400313 7.55246e+006 17.3702
400313 7.55246e+006 17.3702
400311 7.55246e+006 17.3702
400311 7.55246e+006 17.5583
400310 7.55246e+006 17.7464
400311 7.55246e+006 17.7464
400311 7.55246e+006 17.5583
400311 7.55246e+006 17.5583
400310 7.55246e+006 17.5583
400310 7.55246e+006 17.7464
400310 7.55246e+006 17.7464
400311 7.55246e+006 17.7464
400311 7.55246e+006 17.7464
400311 7.55246e+006 17.7464
400310 7.55246e+006 17.7464
400310 7.55246e+006 17.7464
400310 7.55246e+006 17.5583
400311 7.55246e+006 17.5583
400311 7.55246e+006 17.7464
400311 7.55246e+006 17.7464
400310 7.55246e+006 17.7464
400310 7.55246e+006 17.5583
400310 7.55246e+006 17.3702
400311 7.55246e+006 17.3702
400311 7.55246e+006 17.5583
400311 7.55246e+006 17.5583
400310 7.55246e+006 17.5583
400310 7.55246e+006 17.3702
400310 7.55246e+006 17.3702
400311 7.55246e+006 17.3702
400311 7.55246e+006 17.3702
400311 7.55246e+006 17.3702
400310 7.55246e+006 17.3702
400310 7.55246e+006 17.3702
400310 7.55246e+006 17.5583
400311 7.55246e+006 17.5583
400311 7.55246e+006 17.3702
400311 7.55246e+006 17.3702
400310 7.55246e+006 17.3702
400310 7.55246e+006 17.5583
400308 7.55246e+006 17.7464
400310 7.55246e+006 17.7464
400310 7.55246e+006 17.5583
400310 7.55246e+006 17.5583
400308 7.55246e+006 17.5583
400308 7.55246e+006 17.7464
400308 7.55246e+006 17.7464
400310 7.55246e+006 17.7464
400310 7.55246e+006 17.7464
400310 7.55246e+006 17.7464
400308 7.55246e+006 17.7464
400308 7.55246e+006 17.7464
400308 7.55246e+006 17.5583
400310 7.55246e+006 17.5583
400310 7.55246e+006 17.7464
400310 7.55246e+006 17.7464
400308 7.55246e+006 17.7464
400308 7.55246e+006 17.5583
400308 7.55246e+006 17.3702
400310 7.55246e+006 17.3702
400310 7.55246e+006 17.5583
400310 7.55246e+006 17.5583
400308 7.55246e+006 17.5583
400308 7.55246e+006 17.3702
400308 7.55246e+006 17.3702
400310 7.55246e+006 17.3702
400310 7.55246e+006 17.3702
400310 7.55246e+006 17.3702
400308 7.55246e+006 17.3702
400308 7.55246e+006 17.3702
400308 7.55246e+006 17.5583
400310 7.55246e+006 17.5583
400310 7.55246e+006 17.3702
400310 7.55246e+006 17.3702
400308 7.55246e+006 17.3702
400308 7.55246e+006 17.5583
400307 7.55246e+006 17.7464
400308 7.55246e+006 17.7464
400308 7.55246e+006 17.5583
400308 7.55246e+006 17.5583
400307 7.55246e+006 17.5583
400307 7.55246e+006 17.7464
400307 7.55246e+006 17.7464
400308 7.55246e+006 17.7464
400308 7.55246e+006 17.7464
400308 7.55246e+006 17.7464
400307 7.55246e+006 17.7464
400307 7.55246e+006 17.7464
400307 7.55246e+006 17.5583
400308 7.55246e+006 17.5583
400308 7.55246e+006 17.7464
400308 7.55246e+006 17.7464
400307 7.55246e+006 17.7464
400307 7.55246e+006 17.5583
400307 7.55246e+006 17.3702
400308 7.55246e+006 17.3702
400308 7.55246e+006 17.5583
400308 7.55246e+006 17.5583
400307 7.55246e+006 17.5583
400307 7.55246e+006 17.3702
400307 7.55246e+006 17.3702
400308 7.55246e+006 17.3702
400308 7.55246e+006 17.3702
400308 7.55246e+006 17.3702
400307 7.55246e+006 17.3702
400307 7.55246e+006 17.3702
400307 7.55246e+006 17.5583
400308 7.55246e+006 17.5583
400308 7.55246e+006 17.3702
400308 7.55246e+006 17.3702
400307 7.55246e+006 17.3702
400307 7.55246e+006 17.5583
400306 7.55246e+006 17.7464
400307 7.55246e+006 17.7464
400307 7.55246e+006 17.5583
400307 7.55246e+006 17.5583
400306 7.55246e+006 17.5583
400306 7.55246e+006 17.7464
400306 7.55246e+006 17.7464
400307 7.55246e+006 17.7464
400307 7.55246e+006 17.7464
400307 7.55246e+006 17.7464
400306 7.55246e+006 17.7464
400306 7.55246e+006 17.7464
400306 7.55246e+006 17.5583
400307 7.55246e+006 17.5583
400307 7.55246e+006 17.7464
400307 7.55246e+006 17.7464
400306 7.55246e+006 17.7464
400306 7.55246e+006 17.5583
400306 7.55246e+006 17.3702
400307 7.55246e+006 17.3702
400307 7.55246e+006 17.5583
400307 7.55246e+006 17.5583
400306 7.55246e+006 17.5583
400306 7.55246e+006 17.3702
400306 7.55246e+006 17.3702
400307 7.55246e+006 17.3702
400307 7.55246e+006 17.3702
400307 7.55246e+006 17.3702
400306 7.55246e+006 17.3702
400306 7.55246e+006 17.3702
400306 7.55246e+006 17.5583
400307 7.55246e+006 17.5583
400307 7.55246e+006 17.3702
400307 7.55246e+006 17.3702
400306 7.55246e+006 17.3702
400306 7.55246e+006 17.5583
400305 7.55246e+006 17.7464
400306 7.55246e+006 17.7464
400306 7.55246e+006 17.5583
400306 7.55246e+006 17.5583
400305 7.55246e+006 17.5583
400305 7.55246e+006 17.7464
400305 7.55246e+006 17.7464
400306 7.55246e+006 17.7464
400306 7.55246e+006 17.7464
400306 7.55246e+006 17.7464
400305 7.55246e+006 17.7464
400305 7.55246e+006 17.7464
400305 7.55246e+006 17.5583
400306 7.55246e+006 17.5583
400306 7.55246e+006 17.7464
400306 7.55246e+006 17.7464
400305 7.55246e+006 17.7464
400305 7.55246e+006 17.5583
400305 7.55246e+006 17.3702
400306 7.55246e+006 17.3702
400306 7.55246e+006 17.5583
400306 7.55246e+006 17.5583
400305 7.55246e+006 17.5583
400305 7.55246e+006 17.3702
400305 7.55246e+006 17.3702
400306 7.55246e+006 17.3702
400306 7.55246e+006 17.3702
400306 7.55246e+006 17.3702
400305 7.55246e+006 17.3702
400305 7.55246e+006 17.3702
400305 7.55246e+006 17.5583
400306 7.55246e+006 17.5583
400306 7.55246e+006 17.3702
400306 7.55246e+006 17.3702
400305 7.55246e+006 17.3702
400305 7.55246e+006 17.5583
400304 7.55246e+006 17.7464
400305 7.55246e+006 17.7464
400305 7.55246e+006 17.5583
400305 7.55246e+006 17.5583
400304 7.55246e+006 17.5583
400304 7.55246e+006 17.7464
400304 7.55245e+006 17.7464
400305 7.55246e+006 17.7464
400305 7.55246e+006 17.7464
400305 7.55246e+006 17.7464
400304 7.55246e+006 17.7464
400304 7.55245e+006 17.7464
400304 7.55245e+006 17.5583
400305 7.55246e+006 17.5583
400305 7.55246e+006 17.7464
400305 7.55246e+006 17.7464
400304 7.55245e+006 17.7464
400304 7.55245e+006 17.5583
400304 7.55245e+006 17.3702
400305 7.55246e+006 17.3702
400305 7.55246e+006 17.5583
400305 7.55246e+006 17.5583
400304 7.55245e+006 17.5583
400304 7.55245e+006 17.3702
400304 7.55246e+006 17.3702
400305 7.55246e+006 17.3702
400305 7.55246e+006 17.3702
400305 7.55246e+006 17.3702
400304 7.55245e+006 17.3702
400304 7.55246e+006 17.3702
400304 7.55246e+006 17.5583
400305 7.55246e+006 17.5583
400305 7.55246e+006 17.3702
400305 7.55246e+006 17.3702
400304 7.55246e+006 17.3702
400304 7.55246e+006 17.5583
400303 7.55245e+006 17.7464
400304 7.55246e+006 17.7464
400304 7.55246e+006 17.5583
400304 7.55246e+006 17.5583
400303 7.55245e+006 17.5583
400303 7.55245e+006 17.7464
400304 7.55245e+006 17.7464
400304 7.55245e+006 17.7464
400304 7.55246e+006 17.7464
400304 7.55246e+006 17.7464
400303 7.55245e+006 17.7464
400304 7.55245e+006 17.7464
400304 7.55245e+006 17.5583
400304 7.55245e+006 17.5583
400304 7.55245e+006 17.7464
400304 7.55245e+006 17.7464
400304 7.55245e+006 17.7464
400304 7.55245e+006 17.5583
400304 7.55245e+006 17.3702
400304 7.55245e+006 17.3702
400304 7.55245e+006 17.5583
400304 7.55245e+006 17.5583
400304 7.55245e+006 17.5583
400304 7.55245e+006 17.3702
400303 7.55245e+006 17.3702
400304 7.55246e+006 17.3702
400304 7.55245e+006 17.3702
400304 7.55245e+006 17.3702
400304 7.55245e+006 17.3702
400303 7.55245e+006 17.3702
400303 7.55245e+006 17.5583
400304 7.55246e+006 17.5583
400304 7.55246e+006 17.3702
400304 7.55246e+006 17.3702
400303 7.55245e+006 17.3702
400303 7.55245e+006 17.5583
400303 7.55245e+006 17.7464
400303 7.55245e+006 17.7464
400303 7.55245e+006 17.5583
400303 7.55245e+006 17.5583
400303 7.55245e+006 17.5583
400303 7.55245e+006 17.7464
400303 7.55245e+006 17.7464
400304 7.55245e+006 17.7464
400303 7.55245e+006 17.7464
400303 7.55245e+006 17.7464
400303 7.55245e+006 17.7464
400303 7.55245e+006 17.7464
400304 7.55245e+006 17.5583
400304 7.55245e+006 17.5583
400304 7.55245e+006 17.7464
400304 7.55245e+006 17.7464
400303 7.55245e+006 17.7464
400304 7.55245e+006 17.5583
400303 7.55245e+006 17.3702
400304 7.55245e+006 17.3702
400304 7.55245e+006 17.5583
400304 7.55245e+006 17.5583
400304 7.55245e+006 17.5583
400303 7.55245e+006 17.3702
400303 7.55245e+006 17.3702
400303 7.55245e+006 17.3702
400304 7.55245e+006 17.3702
400304 7.55245e+006 17.3702
400303 7.55245e+006 17.3702
400303 7.55245e+006 17.3702
400303 7.55245e+006 17.5583
400303 7.55245e+006 17.5583
400303 7.55245e+006 17.3702
400303 7.55245e+006 17.3702
400303 7.55245e+006 17.3702
400303 7.55245e+006 17.5583
400303 7.55245e+006 17.7464
400303 7.55245e+006 17.7464
400303 7.55245e+006 17.5583
400303 7.55245e+006 17.5583
400303 7.55245e+006 17.5583
400303 7.55245e+006 17.7464
400304 7.55245e+006 17.7464
400303 7.55245e+006 17.7464
400303 7.55245e+006 17.7464
400303 7.55245e+006 17.7464
400303 7.55245e+006 17.7464
400304 7.55245e+006 17.7464
400304 7.55245e+006 17.5583
400304 7.55245e+006 17.5583
400303 7.55245e+006 17.7464
400303 7.55245e+006 17.7464
400304 7.55245e+006 17.7464
400304 7.55245e+006 17.5583
400304 7.55245e+006 17.3702
400303 7.55245e+006 17.3702
400304 7.55245e+006 17.5583
400304 7.55245e+006 17.5583
400304 7.55245e+006 17.5583
400304 7.55245e+006 17.3702
400303 7.55245e+006 17.3702
400303 7.55245e+006 17.3702
400303 7.55245e+006 17.3702
400303 7.55245e+006 17.3702
400304 7.55245e+006 17.3702
400303 7.55245e+006 17.3702
400303 7.55245e+006 17.5583
400303 7.55245e+006 17.5583
400303 7.55245e+006 17.3702
400303 7.55245e+006 17.3702
400303 7.55245e+006 17.3702
400303 7.55245e+006 17.5583
400304 7.55245e+006 17.7464
400303 7.55245e+006 17.7464
400303 7.55245e+006 17.5583
400303 7.55245e+006 17.5583
400304 7.55245e+006 17.5583
400304 7.55245e+006 17.7464
400304 7.55245e+006 17.7464
400304 7.55245e+006 17.7464
400303 7.55245e+006 17.7464
400303 7.55245e+006 17.7464
400304 7.55245e+006 17.7464
400304 7.55245e+006 17.7464
400304 7.55245e+006 17.5583
400304 7.55245e+006 17.5583
400304 7.55245e+006 17.7464
400304 7.55245e+006 17.7464
400304 7.55245e+006 17.7464
400304 7.55245e+006 17.5583
400304 7.55245e+006 17.3702
400304 7.55245e+006 17.3702
400304 7.55245e+006 17.5583
400304 7.55245e+006 17.5583
400304 7.55245e+006 17.5583
400304 7.55245e+006 17.3702
400304 7.55245e+006 17.3702
400303 7.55245e+006 17.3702
400304 7.55245e+006 17.3702
400304 7.55245e+006 17.3702
400304 7.55245e+006 17.3702
400304 7.55245e+006 17.3702
400304 7.55245e+006 17.5583
400303 7.55245e+006 17.5583
400303 7.55245e+006 17.3702
400303 7.55245e+006 17.3702
400304 7.55245e+006 17.3702
400304 7.55245e+006 17.5583
400305 7.55245e+006 17.7464
400304 7.55245e+006 17.7464
400304 7.55245e+006 17.5583
400304 7.55245e+006 17.5583
400305 7.55245e+006 17.5583
400305 7.55245e+006 17.7464
400305 7.55245e+006 17.7464
400304 7.55245e+006 17.7464
400304 7.55245e+006 17.7464
400304 7.55245e+006 17.7464
400305 7.55245e+006 17.7464
400305 7.55245e+006 17.7464
400305 7.55245e+006 17.5583
400304 7.55245e+006 17.5583
400304 7.55245e+006 17.7464
400304 7.55245e+006 17.7464
400305 7.55245e+006 17.7464
400305 7.55245e+006 17.5583
400305 7.55245e+006 17.3702
400304 7.55245e+006 17.3702
400304 7.55245e+006 17.5583
400304 7.55245e+006 17.5583
400305 7.55245e+006 17.5583
400305 7.55245e+006 17.3702
400305 7.55245e+006 17.3702
400304 7.55245e+006 17.3702
400304 7.55245e+006 17.3702
400304 7.55245e+006 17.3702
400305 7.55245e+006 17.3702
400305 7.55245e+006 17.3702
400305 7.55245e+006 17.5583
400304 7.55245e+006 17.5583
400304 7.55245e+006 17.3702
400304 7.55245e+006 17.3702
400305 7.55245e+006 17.3702
400305 7.55245e+006 17.5583
400306 7.55245e+006 17.7464
400305 7.55245e+006 17.7464
400305 7.55245e+006 17.5583
400305 7.55245e+006 17.5583
400306 7.55245e+006 17.5583
400306 7.55245e+006 17.7464
400306 7.55245e+006 17.7464
400305 7.55245e+006 17.7464
400305 7.55245e+006 17.7464
400305 7.55245e+006 17.7464
400306 7.55245e+006 17.7464
400306 7.55245e+006 17.7464
400306 7.55245e+006 17.5583
400305 7.55245e+006 17.5583
400305 7.55245e+006 17.7464
400305 7.55245e+006 17.7464
400306 7.55245e+006 17.7464
400306 7.55245e+006 17.5583
400306 7.55245e+006 17.3702
400305 7.55245e+006 17.3702
400305 7.55245e+006 17.5583
400305 7.55245e+006 17.5583
400306 7.55245e+006 17.5583
400306 7.55245e+006 17.3702
400306 7.55245e+006 17.3702
400305 7.55245e+006 17.3702
400305 7.55245e+006 17.3702
400305 7.55245e+006 17.3702
400306 7.55245e+006 17.3702
400306 7.55245e+006 17.3702
400306 7.55245e+006 17.5583
400305 7.55245e+006 17.5583
400305 7.55245e+006 17.3702
400305 7.55245e+006 17.3702
400306 7.55245e+006 17.3702
400306 7.55245e+006 17.5583
400307 7.55245e+006 17.7464
400306 7.55245e+006 17.7464
400306 7.55245e+006 17.5583
400306 7.55245e+006 17.5583
400307 7.55245e+006 17.5583
400307 7.55245e+006 17.7464
400307 7.55245e+006 17.7464
400306 7.55245e+006 17.7464
400306 7.55245e+006 17.7464
400306 7.55245e+006 17.7464
400307 7.55245e+006 17.7464
400307 7.55245e+006 17.7464
400307 7.55245e+006 17.5583
400306 7.55245e+006 17.5583
400306 7.55245e+006 17.7464
400306 7.55245e+006 17.7464
400307 7.55245e+006 17.7464
400307 7.55245e+006 17.5583
400307 7.55245e+006 17.3702
400306 7.55245e+006 17.3702
400306 7.55245e+006 17.5583
400306 7.55245e+006 17.5583
400307 7.55245e+006 17.5583
400307 7.55245e+006 17.3702
400307 7.55245e+006 17.3702
400306 7.55245e+006 17.3702
400306 7.55245e+006 17.3702
400306 7.55245e+006 17.3702
400307 7.55245e+006 17.3702
400307 7.55245e+006 17.3702
400307 7.55245e+006 17.5583
400306 7.55245e+006 17.5583
400306 7.55245e+006 17.3702
400306 7.55245e+006 17.3702
400307 7.55245e+006 17.3702
400307 7.55245e+006 17.5583
400308 7.55245e+006 17.7464
400307 7.55245e+006 17.7464
400307 7.55245e+006 17.5583
400307 7.55245e+006 17.5583
400308 7.55245e+006 17.5583
400308 7.55245e+006 17.7464
400308 7.55245e+006 17.7464
400307 7.55245e+006 17.7464
400307 7.55245e+006 17.7464
400307 7.55245e+006 17.7464
400308 7.55245e+006 17.7464
400308 7.55245e+006 17.7464
400308 7.55245e+006 17.5583
400307 7.55245e+006 17.5583
400307 7.55245e+006 17.7464
400307 7.55245e+006 17.7464
400308 7.55245e+006 17.7464
400308 7.55245e+006 17.5583
400308 7.55245e+006 17.3702
400307 7.55245e+006 17.3702
400307 7.55245e+006 17.5583
400307 7.55245e+006 17.5583
400308 7.55245e+006 17.5583
400308 7.55245e+006 17.3702
400308 7.55245e+006 17.3702
400307 7.55245e+006 17.3702
400307 7.55245e+006 17.3702
400307 7.55245e+006 17.3702
400308 7.55245e+006 17.3702
400308 7.55245e+006 17.3702
400308 7.55245e+006 17.5583
400307 7.55245e+006 17.5583
400307 7.55245e+006 17.3702
400307 7.55245e+006 17.3702
400308 7.55245e+006 17.3702
400308 7.55245e+006 17.5583
400310 7.55245e+006 17.7464
400308 7.55245e+006 17.7464
400308 7.55245e+006 17.5583
400308 7.55245e+006 17.5583
400310 7.55245e+006 17.5583
400310 7.55245e+006 17.7464
400310 7.55245e+006 17.7464
400308 7.55245e+006 17.7464
400308 7.55245e+006 17.7464
400308 7.55245e+006 17.7464
400310 7.55245e+006 17.7464
400310 7.55245e+006 17.7464
400310 7.55245e+006 17.5583
400308 7.55245e+006 17.5583
400308 7.55245e+006 17.7464
400308 7.55245e+006 17.7464
400310 7.55245e+006 17.7464
400310 7.55245e+006 17.5583
400310 7.55245e+006 17.3702
400308 7.55245e+006 17.3702
400308 7.55245e+006 17.5583
400308 7.55245e+006 17.5583
400310 7.55245e+006 17.5583
400310 7.55245e+006 17.3702
400310 7.55245e+006 17.3702
400308 7.55245e+006 17.3702
400308 7.55245e+006 17.3702
400308 7.55245e+006 17.3702
400310 7.55245e+006 17.3702
400310 7.55245e+006 17.3702
400310 7.55245e+006 17.5583
400308 7.55245e+006 17.5583
400308 7.55245e+006 17.3702
400308 7.55245e+006 17.3702
400310 7.55245e+006 17.3702
400310 7.55245e+006 17.5583
400311 7.55245e+006 17.7464
400310 7.55245e+006 17.7464
400310 7.55245e+006 17.5583
400310 7.55245e+006 17.5583
400311 7.55245e+006 17.5583
400311 7.55245e+006 17.7464
400311 7.55245e+006 17.7464
400310 7.55245e+006 17.7464
400310 7.55245e+006 17.7464
400310 7.55245e+006 17.7464
400311 7.55245e+006 17.7464
400311 7.55245e+006 17.7464
400311 7.55245e+006 17.5583
400310 7.55245e+006 17.5583
400310 7.55245e+006 17.7464
400310 7.55245e+006 17.7464
400311 7.55245e+006 17.7464
400311 7.55245e+006 17.5583
400311 7.55245e+006 17.3702
400310 7.55245e+006 17.3702
400310 7.55245e+006 17.5583
400310 7.55245e+006 17.5583
400311 7.55245e+006 17.5583
400311 7.55245e+006 17.3702
400311 7.55245e+006 17.3702
400310 7.55245e+006 17.3702
400310 7.55245e+006 17.3702
400310 7.55245e+006 17.3702
400311 7.55245e+006 17.3702
400311 7.55245e+006 17.3702
400311 7.55245e+006 17.5583
400310 7.55245e+006 17.5583
400310 7.55245e+006 17.3702
400310 7.55245e+006 17.3702
400311 7.55245e+006 17.3702
400311 7.55245e+006 17.5583
400313 7.55245e+006 17.7464
400311 7.55245e+006 17.7464
400311 7.55245e+006 17.5583
400311 7.55245e+006 17.5583
400313 7.55245e+006 17.5583
400313 7.55245e+006 17.7464
400313 7.55245e+006 17.7464
400311 7.55245e+006 17.7464
400311 7.55245e+006 17.7464
400311 7.55245e+006 17.7464
400313 7.55245e+006 17.7464
400313 7.55245e+006 17.7464
400312 7.55245e+006 17.5583
400311 7.55245e+006 17.5583
400311 7.55245e+006 17.7464
400311 7.55245e+006 17.7464
400313 7.55245e+006 17.7464
400312 7.55245e+006 17.5583
400313 7.55245e+006 17.3702
400311 7.55245e+006 17.3702
400311 7.55245e+006 17.5583
400311 7.55245e+006 17.5583
400312 7.55245e+006 17.5583
400313 7.55245e+006 17.3702
400313 7.55245e+006 17.3702
400311 7.55245e+006 17.3702
400311 7.55245e+006 17.3702
400311 7.55245e+006 17.3702
400313 7.55245e+006 17.3702
400313 7.55245e+006 17.3702
400313 7.55245e+006 17.5583
400311 7.55245e+006 17.5583
400311 7.55245e+006 17.3702
400311 7.55245e+006 17.3702
400313 7.55245e+006 17.3702
400313 7.55245e+006 17.5583
400314 7.55245e+006 17.7464
400313 7.55245e+006 17.7464
400313 7.55245e+006 17.5583
400313 7.55245e+006 17.5583
400314 7.55245e+006 17.5583
400314 7.55245e+006 17.7464
400314 7.55245e+006 17.7464
400313 7.55245e+006 17.7464
400313 7.55245e+006 17.7464
400313 7.55245e+006 17.7464
400314 7.55245e+006 17.7464
400314 7.55245e+006 17.7464
400314 7.55245e+006 17.5583
400312 7.55245e+006 17.5583
400313 7.55245e+006 17.7464
400313 7.55245e+006 17.7464
400314 7.55245e+006 17.7464
400314 7.55245e+006 17.5583
400314 7.55245e+006 17.3702
400313 7.55245e+006 17.3702
400312 7.55245e+006 17.5583
400312 7.55245e+006 17.5583
400314 7.55245e+006 17.5583
400314 7.55245e+006 17.3702
400314 7.55245e+006 17.3702
400313 7.55245e+006 17.3702
400313 7.55245e+006 17.3702
400313 7.55245e+006 17.3702
400314 7.55245e+006 17.3702
400314 7.55245e+006 17.3702
400314 7.55245e+006 17.5583
400313 7.55245e+006 17.5583
400313 7.55245e+006 17.3702
400313 7.55245e+006 17.3702
400314 7.55245e+006 17.3702
400314 7.55245e+006 17.5583
400315 7.55245e+006 17.7464
400314 7.55245e+006 17.7464
400314 7.55245e+006 17.5583
400314 7.55245e+006 17.5583
400315 7.55245e+006 17.5583
400315 7.55245e+006 17.7464
400315 7.55245e+006 17.7464
400314 7.55245e+006 17.7464
400314 7.55245e+006 17.7464
400314 7.55245e+006 17.7464
400315 7.55245e+006 17.7464
400315 7.55245e+006 17.7464
400315 7.55245e+006 17.5583
400314 7.55245e+006 17.5583
400314 7.55245e+006 17.7464
400314 7.55245e+006 17.7464
400315 7.55245e+006 17.7464
400315 7.55245e+006 17.5583
400315 7.55245e+006 17.3702
400314 7.55245e+006 17.3702
400314 7.55245e+006 17.5583
400314 7.55245e+006 17.5583
400315 7.55245e+006 17.5583
400315 7.55245e+006 17.3702
400315 7.55245e+006 17.3702
400314 7.55245e+006 17.3702
400314 7.55245e+006 17.3702
400314 7.55245e+006 17.3702
400315 7.55245e+006 17.3702
400315 7.55245e+006 17.3702
400315 7.55245e+006 17.5583
400314 7.55245e+006 17.5583
400314 7.55245e+006 17.3702
400314 7.55245e+006 17.3702
400315 7.55245e+006 17.3702
400315 7.55245e+006 17.5583
400316 7.55245e+006 17.7464
400315 7.55245e+006 17.7464
400315 7.55245e+006 17.5583
400315 7.55245e+006 17.5583
400316 7.55245e+006 17.5583
400316 7.55245e+006 17.7464
400315 7.55245e+006 17.7464
400315 7.55245e+006 17.7464
400315 7.55245e+006 17.7464
400315 7.55245e+006 17.7464
400316 7.55245e+006 17.7464
400315 7.55245e+006 17.7464
400315 7.55245e+006 17.5583
400315 7.55245e+006 17.5583
400315 7.55245e+006 17.7464
400315 7.55245e+006 17.7464
400315 7.55245e+006 17.7464
400315 7.55245e+006 17.5583
400315 7.55245e+006 17.3702
400315 7.55245e+006 17.3702
400315 7.55245e+006 17.5583
400315 7.55245e+006 17.5583
400315 7.55245e+006 17.5583
400315 7.55245e+006 17.3702
400316 7.55245e+006 17.3702
400315 7.55245e+006 17.3702
400315 7.55245e+006 17.3702
400315 7.55245e+006 17.3702
400315 7.55245e+006 17.3702
400316 7.55245e+006 17.3702
400316 7.55245e+006 17.5583
400315 7.55245e+006 17.5583
400315 7.55245e+006 17.3702
400315 7.55245e+006 17.3702
400316 7.55245e+006 17.3702
400316 7.55245e+006 17.5583
400316 7.55245e+006 17.7464
400316 7.55245e+006 17.7464
400316 7.55245e+006 17.5583
400316 7.55245e+006 17.5583
400316 7.55245e+006 17.5583
400316 7.55245e+006 17.7464
400316 7.55245e+006 17.7464
400315 7.55245e+006 17.7464
400316 7.55245e+006 17.7464
400316 7.55245e+006 17.7464
400316 7.55245e+006 17.7464
400316 7.55245e+006 17.7464
400316 7.55245e+006 17.5583
400315 7.55245e+006 17.5583
400315 7.55245e+006 17.7464
400315 7.55245e+006 17.7464
400316 7.55245e+006 17.7464
400316 7.55245e+006 17.5583
400316 7.55245e+006 17.3702
400315 7.55245e+006 17.3702
400315 7.55245e+006 17.5583
400315 7.55245e+006 17.5583
400316 7.55245e+006 17.5583
400316 7.55245e+006 17.3702
400316 7.55245e+006 17.3702
400316 7.55245e+006 17.3702
400315 7.55245e+006 17.3702
400315 7.55245e+006 17.3702
400316 7.55245e+006 17.3702
400316 7.55245e+006 17.3702
400316 7.55245e+006 17.5583
400316 7.55245e+006 17.5583
400316 7.55245e+006 17.3702
400316 7.55245e+006 17.3702
400316 7.55245e+006 17.3702
400316 7.55245e+006 17.5583
400316 7.55245e+006 17.7464
400316 7.55245e+006 17.7464
400316 7.55245e+006 17.5583
400316 7.55245e+006 17.5583
400316 7.55245e+006 17.5583
400316 7.55245e+006 17.7464
400316 7.55245e+006 17.7464
400316 7.55245e+006 17.7464
400316 7.55245e+006 17.7464
400316 7.55245e+006 17.7464
400316 7.55245e+006 17.7464
400316 7.55245e+006 17.7464
400316 7.55245e+006 17.5583
400316 7.55245e+006 17.5583
400316 7.55245e+006 17.7464
400316 7.55245e+006 17.7464
400316 7.55245e+006 17.7464
400316 7.55245e+006 17.5583
400316 7.55245e+006 17.3702
400316 7.55245e+006 17.3702
400316 7.55245e+006 17.5583
400316 7.55245e+006 17.5583
400316 7.55245e+006 17.5583
400316 7.55245e+006 17.3702
400316 7.55245e+006 17.3702
400316 7.55245e+006 17.3702
400316 7.55245e+006 17.3702
400316 7.55245e+006 17.3702
400316 7.55245e+006 17.3702
400316 7.55245e+006 17.3702
400316 7.55245e+006 17.5583
400316 7.55245e+006 17.5583
400316 7.55245e+006 17.3702
400316 7.55245e+006 17.3702
400316 7.55245e+006 17.3702
400316 7.55245e+006 17.5583
