400334 7.55244e+006 31.2175
400335 7.55244e+006 31.2175
400328 7.55244e+006 29.2191
400328 7.55244e+006 29.2191
400327 7.55244e+006 29.2191
400334 7.55244e+006 31.2175
400334 7.55244e+006 31.2342
400327 7.55244e+006 29.2358
400328 7.55244e+006 29.2358
400328 7.55244e+006 29.2358
400335 7.55244e+006 31.2342
400334 7.55244e+006 31.2342
400334 7.55244e+006 31.2175
400327 7.55244e+006 29.2191
400327 7.55244e+006 29.2358
400327 7.55244e+006 29.2358
400334 7.55244e+006 31.2342
400334 7.55244e+006 31.2175
400327 7.55244e+006 29.2191
400328 7.55244e+006 29.2191
400328 7.55244e+006 29.2358
400328 7.55244e+006 29.2358
400327 7.55244e+006 29.2358
400327 7.55244e+006 29.2191
400328 7.55244e+006 29.2191
400335 7.55244e+006 31.2175
400335 7.55244e+006 31.2342
400335 7.55244e+006 31.2342
400328 7.55244e+006 29.2358
400328 7.55244e+006 29.2191
400335 7.55244e+006 31.2175
400334 7.55244e+006 31.2175
400346 7.55245e+006 35.4616
400346 7.55245e+006 35.4616
400346 7.55245e+006 35.4616
400335 7.55244e+006 31.2175
400334 7.55244e+006 31.2342
400335 7.55244e+006 31.2342
400346 7.55245e+006 35.4784
400346 7.55245e+006 35.4784
400346 7.55245e+006 35.4784
400334 7.55244e+006 31.2342
400334 7.55244e+006 31.2175
400334 7.55244e+006 31.2342
400346 7.55245e+006 35.4784
400346 7.55245e+006 35.4784
400346 7.55245e+006 35.4616
400334 7.55244e+006 31.2175
400335 7.55244e+006 31.2342
400335 7.55244e+006 31.2175
400346 7.55245e+006 35.4616
400346 7.55245e+006 35.4616
400346 7.55245e+006 35.4784
400335 7.55244e+006 31.2342
400346 7.55245e+006 35.4616
400346 7.55245e+006 35.4616
400349 7.55245e+006 36.5719
400349 7.55245e+006 36.5719
400349 7.55245e+006 36.5719
400346 7.55245e+006 35.4616
400346 7.55245e+006 35.4784
400346 7.55245e+006 35.4784
400349 7.55245e+006 36.5887
400349 7.55245e+006 36.5887
400349 7.55245e+006 36.5887
400346 7.55245e+006 35.4784
400346 7.55245e+006 35.4616
400346 7.55245e+006 35.4784
400349 7.55245e+006 36.5887
400349 7.55245e+006 36.5887
400349 7.55245e+006 36.5719
400346 7.55245e+006 35.4616
400346 7.55245e+006 35.4784
400346 7.55245e+006 35.4616
400349 7.55245e+006 36.5719
400349 7.55245e+006 36.5719
400349 7.55245e+006 36.5887
400346 7.55245e+006 35.4784
400349 7.55245e+006 36.5719
400349 7.55245e+006 36.5719
400351 7.55246e+006 37.375
400351 7.55246e+006 37.375
400351 7.55245e+006 37.375
400349 7.55245e+006 36.5719
400349 7.55245e+006 36.5887
400349 7.55245e+006 36.5887
400351 7.55245e+006 37.3918
400351 7.55245e+006 37.3918
400351 7.55246e+006 37.3918
400349 7.55245e+006 36.5887
400349 7.55245e+006 36.5719
400349 7.55245e+006 36.5887
400351 7.55246e+006 37.3918
400351 7.55246e+006 37.3918
400351 7.55246e+006 37.375
400349 7.55245e+006 36.5719
400349 7.55245e+006 36.5887
400349 7.55245e+006 36.5719
400351 7.55245e+006 37.375
400351 7.55245e+006 37.375
400351 7.55245e+006 37.3918
400349 7.55245e+006 36.5887
400351 7.55245e+006 37.375
400351 7.55246e+006 37.375
400352 7.55246e+006 37.8663
400352 7.55246e+006 37.8663
400353 7.55246e+006 37.8663
400351 7.55245e+006 37.375
400351 7.55246e+006 37.3918
400351 7.55245e+006 37.3918
400353 7.55246e+006 37.8831
400353 7.55246e+006 37.8831
400352 7.55246e+006 37.8831
400351 7.55246e+006 37.3918
400351 7.55246e+006 37.375
400351 7.55246e+006 37.3918
400352 7.55246e+006 37.8831
400352 7.55246e+006 37.8831
400352 7.55246e+006 37.8663
400351 7.55246e+006 37.375
400351 7.55245e+006 37.3918
400351 7.55245e+006 37.375
400353 7.55246e+006 37.8663
400353 7.55246e+006 37.8663
400353 7.55246e+006 37.8831
400351 7.55245e+006 37.3918
400353 7.55246e+006 37.8663
400352 7.55246e+006 37.8663
400353 7.55246e+006 38.0759
400352 7.55246e+006 37.8831
400353 7.55246e+006 37.8831
400353 7.55246e+006 38.0926
400352 7.55246e+006 37.8663
400352 7.55246e+006 37.8831
400353 7.55246e+006 38.0926
400353 7.55246e+006 38.0926
400353 7.55246e+006 38.0759
400352 7.55246e+006 37.8663
400353 7.55246e+006 37.8663
400353 7.55246e+006 38.0759
400354 7.55246e+006 38.0759
400354 7.55246e+006 38.0759
400353 7.55246e+006 37.8663
400353 7.55246e+006 37.8663
400353 7.55246e+006 38.0926
400353 7.55246e+006 37.8831
400353 7.55246e+006 37.8831
400353 7.55246e+006 37.8831
400354 7.55246e+006 38.0926
400353 7.55246e+006 38.0926
400353 7.55246e+006 38.0759
400353 7.55246e+006 38.0926
400354 7.55246e+006 38.0926
400354 7.55246e+006 38.0926
400354 7.55246e+006 38.0759
400353 7.55246e+006 38.0759
400353 7.55246e+006 37.8831
400353 7.55246e+006 37.8663
400353 7.55246e+006 37.8663
400353 7.55246e+006 37.8663
400353 7.55246e+006 37.8831
400353 7.55246e+006 37.8831
400354 7.55246e+006 38.0926
400353 7.55246e+006 37.8831
400353 7.55246e+006 37.8663
400353 7.55246e+006 37.8663
400354 7.55246e+006 38.0759
400354 7.55246e+006 38.0926
400329 7.55243e+006 29.8527
400327 7.55244e+006 29.8527
400327 7.55244e+006 29.8527
400327 7.55244e+006 29.8527
400325 7.55243e+006 29.8527
400327 7.55243e+006 29.8527
400327 7.55244e+006 29.8527
400327 7.55244e+006 29.8527
400327 7.55243e+006 29.8527
400327 7.55244e+006 29.8527
400327 7.55243e+006 29.8527
400328 7.55243e+006 29.8527
400329 7.55243e+006 29.8527
400327 7.55244e+006 29.8527
400328 7.55243e+006 29.8527
400328 7.55243e+006 29.8527
400328 7.55243e+006 29.8527
400329 7.55243e+006 29.8527
400329 7.55243e+006 29.8527
400328 7.55243e+006 29.8527
400329 7.55243e+006 29.8527
400329 7.55243e+006 29.8527
400329 7.55243e+006 29.8527
400329 7.55243e+006 29.8527
400330 7.55243e+006 29.8527
400329 7.55243e+006 29.8527
400328 7.55243e+006 29.8527
400328 7.55243e+006 29.8527
400330 7.55243e+006 29.8527
400330 7.55243e+006 29.8527
400329 7.55243e+006 24.5827
400330 7.55243e+006 24.5827
400329 7.55243e+006 24.5805
400329 7.55243e+006 24.5805
400328 7.55243e+006 24.5805
400329 7.55243e+006 24.5827
400328 7.55243e+006 24.5827
400329 7.55243e+006 24.5827
400328 7.55243e+006 24.5805
400328 7.55243e+006 24.5805
400327 7.55243e+006 24.5805
400328 7.55243e+006 24.5827
400328 7.55243e+006 24.5805
400329 7.55243e+006 24.5827
400329 7.55243e+006 24.5827
400329 7.55243e+006 24.5827
400328 7.55243e+006 24.5805
400328 7.55243e+006 24.5805
400328 7.55243e+006 24.5827
400327 7.55243e+006 24.5805
400327 7.55243e+006 24.6115
400327 7.55243e+006 24.6115
400328 7.55243e+006 24.6138
400328 7.55243e+006 24.5827
400327 7.55243e+006 20.0517
400327 7.55243e+006 20.0528
400327 7.55243e+006 20.0388
400327 7.55243e+006 20.0388
400327 7.55243e+006 20.0378
400327 7.55243e+006 20.0517
400327 7.55243e+006 20.0499
400327 7.55243e+006 20.0357
400327 7.55243e+006 20.0368
400327 7.55243e+006 20.0368
400328 7.55243e+006 20.0509
400327 7.55243e+006 20.0499
400327 7.55243e+006 20.0517
400327 7.55243e+006 20.0378
400327 7.55243e+006 20.0357
400327 7.55243e+006 20.0357
400327 7.55243e+006 20.0499
400327 7.55243e+006 20.0517
400327 7.55243e+006 20.0378
400327 7.55243e+006 20.0388
400327 7.55243e+006 20.0368
400327 7.55243e+006 20.0368
400327 7.55243e+006 20.0357
400327 7.55243e+006 20.0378
400327 7.55243e+006 20.0388
400327 7.55243e+006 20.0528
400328 7.55243e+006 20.0509
400328 7.55243e+006 20.0509
400327 7.55243e+006 20.0368
400327 7.55243e+006 20.0388
400327 7.55243e+006 20.0528
400327 7.55243e+006 20.0517
400327 7.55243e+006 20.0499
400327 7.55243e+006 20.0499
400328 7.55243e+006 20.0509
400327 7.55243e+006 20.0528
400329 7.55243e+006 19.9208
400329 7.55243e+006 19.9208
400329 7.55243e+006 19.9208
400329 7.55243e+006 19.9208
400329 7.55243e+006 19.9208
400329 7.55243e+006 19.9208
400329 7.55243e+006 20.726
400329 7.55243e+006 20.726
400329 7.55243e+006 20.726
400329 7.55243e+006 20.726
400329 7.55243e+006 20.726
400329 7.55243e+006 20.726
400329 7.55243e+006 19.9208
400329 7.55243e+006 19.9208
400329 7.55243e+006 20.726
400329 7.55243e+006 20.726
400329 7.55243e+006 20.726
400329 7.55243e+006 19.9208
400329 7.55243e+006 19.9208
400329 7.55243e+006 19.9208
400329 7.55243e+006 20.726
400329 7.55243e+006 20.726
400329 7.55243e+006 20.726
400329 7.55243e+006 19.9208
400329 7.55243e+006 19.9208
400329 7.55243e+006 19.9208
400329 7.55243e+006 20.726
400329 7.55243e+006 20.726
400329 7.55243e+006 20.726
400329 7.55243e+006 19.9208
400329 7.55243e+006 19.9208
400329 7.55243e+006 19.9208
400329 7.55243e+006 20.726
400329 7.55243e+006 20.726
400329 7.55243e+006 20.726
400329 7.55243e+006 19.9208
400327 7.55243e+006 20.2432
400327 7.55243e+006 20.2443
400327 7.55243e+006 20.2303
400327 7.55243e+006 20.2303
400327 7.55243e+006 20.2292
400327 7.55243e+006 20.2432
400327 7.55243e+006 20.2413
400327 7.55243e+006 20.2272
400327 7.55243e+006 20.2282
400327 7.55243e+006 20.2282
400327 7.55243e+006 20.2424
400327 7.55243e+006 20.2413
400327 7.55243e+006 20.2432
400327 7.55243e+006 20.2292
400327 7.55243e+006 20.2272
400327 7.55243e+006 20.2272
400327 7.55243e+006 20.2413
400327 7.55243e+006 20.2432
400327 7.55243e+006 20.2292
400327 7.55243e+006 20.2303
400327 7.55243e+006 20.2282
400327 7.55243e+006 20.2282
400327 7.55243e+006 20.2272
400327 7.55243e+006 20.2292
400327 7.55243e+006 20.2303
400327 7.55243e+006 20.2443
400327 7.55243e+006 20.2424
400327 7.55243e+006 20.2424
400327 7.55243e+006 20.2282
400327 7.55243e+006 20.2303
400327 7.55243e+006 20.2443
400327 7.55243e+006 20.2432
400327 7.55243e+006 20.2413
400327 7.55243e+006 20.2413
400327 7.55243e+006 20.2424
400327 7.55243e+006 20.2443
400327 7.55243e+006 20.4303
400327 7.55243e+006 20.4313
400327 7.55243e+006 20.4174
400327 7.55243e+006 20.4174
400327 7.55243e+006 20.4163
400327 7.55243e+006 20.4303
400327 7.55243e+006 20.4284
400327 7.55243e+006 20.4142
400327 7.55243e+006 20.4153
400327 7.55243e+006 20.4153
400327 7.55243e+006 20.4295
400327 7.55243e+006 20.4284
400327 7.55243e+006 20.4303
400327 7.55243e+006 20.4163
400327 7.55243e+006 20.4142
400327 7.55243e+006 20.4142
400327 7.55243e+006 20.4284
400327 7.55243e+006 20.4303
400327 7.55243e+006 20.4163
400327 7.55243e+006 20.4174
400327 7.55243e+006 20.4153
400327 7.55243e+006 20.4153
400327 7.55243e+006 20.4142
400327 7.55243e+006 20.4163
400327 7.55243e+006 20.4174
400327 7.55243e+006 20.4313
400327 7.55243e+006 20.4295
400327 7.55243e+006 20.4295
400327 7.55243e+006 20.4153
400327 7.55243e+006 20.4174
400327 7.55243e+006 20.4313
400327 7.55243e+006 20.4303
400327 7.55243e+006 20.4284
400327 7.55243e+006 20.4284
400327 7.55243e+006 20.4295
400327 7.55243e+006 20.4313
400327 7.55243e+006 20.6171
400327 7.55243e+006 20.6182
400327 7.55243e+006 20.6042
400327 7.55243e+006 20.6042
400327 7.55243e+006 20.6031
400327 7.55243e+006 20.6171
400327 7.55243e+006 20.6152
400327 7.55243e+006 20.6011
400327 7.55243e+006 20.6021
400327 7.55243e+006 20.6021
400327 7.55243e+006 20.6163
400327 7.55243e+006 20.6152
400327 7.55243e+006 20.6171
400327 7.55243e+006 20.6031
400327 7.55243e+006 20.6011
400327 7.55243e+006 20.6011
400327 7.55243e+006 20.6152
400327 7.55243e+006 20.6171
400327 7.55243e+006 20.6031
400327 7.55243e+006 20.6042
400327 7.55243e+006 20.6021
400327 7.55243e+006 20.6021
400327 7.55243e+006 20.6011
400327 7.55243e+006 20.6031
400327 7.55243e+006 20.6042
400327 7.55243e+006 20.6182
400327 7.55243e+006 20.6163
400327 7.55243e+006 20.6163
400327 7.55243e+006 20.6021
400327 7.55243e+006 20.6042
400327 7.55243e+006 20.6182
400327 7.55243e+006 20.6171
400327 7.55243e+006 20.6152
400327 7.55243e+006 20.6152
400327 7.55243e+006 20.6163
400327 7.55243e+006 20.6182
400327 7.55243e+006 20.8063
400327 7.55243e+006 20.8073
400327 7.55243e+006 20.7934
400327 7.55243e+006 20.7934
400327 7.55243e+006 20.7923
400327 7.55243e+006 20.8063
400327 7.55243e+006 20.8044
400327 7.55243e+006 20.7902
400327 7.55243e+006 20.7913
400327 7.55243e+006 20.7913
400327 7.55243e+006 20.8055
400327 7.55243e+006 20.8044
400327 7.55243e+006 20.8063
400327 7.55243e+006 20.7923
400327 7.55243e+006 20.7902
400327 7.55243e+006 20.7902
400327 7.55243e+006 20.8044
400327 7.55243e+006 20.8063
400327 7.55243e+006 20.7923
400327 7.55243e+006 20.7934
400327 7.55243e+006 20.7913
400327 7.55243e+006 20.7913
400327 7.55243e+006 20.7902
400327 7.55243e+006 20.7923
400327 7.55243e+006 20.7934
400327 7.55243e+006 20.8073
400327 7.55243e+006 20.8055
400327 7.55243e+006 20.8055
400327 7.55243e+006 20.7913
400327 7.55243e+006 20.7934
400327 7.55243e+006 20.8073
400327 7.55243e+006 20.8063
400327 7.55243e+006 20.8044
400327 7.55243e+006 20.8044
400327 7.55243e+006 20.8055
400327 7.55243e+006 20.8073
400326 7.55243e+006 20.9937
400326 7.55243e+006 20.9948
400326 7.55243e+006 20.9808
400326 7.55243e+006 20.9808
400326 7.55243e+006 20.9798
400326 7.55243e+006 20.9937
400326 7.55243e+006 20.9919
400326 7.55243e+006 20.9777
400327 7.55243e+006 20.9788
400327 7.55243e+006 20.9788
400327 7.55243e+006 20.9929
400326 7.55243e+006 20.9919
400326 7.55243e+006 20.9937
400326 7.55243e+006 20.9798
400326 7.55243e+006 20.9777
400326 7.55243e+006 20.9777
400326 7.55243e+006 20.9919
400326 7.55243e+006 20.9937
400326 7.55243e+006 20.9798
400326 7.55243e+006 20.9808
400327 7.55243e+006 20.9788
400327 7.55243e+006 20.9788
400326 7.55243e+006 20.9777
400326 7.55243e+006 20.9798
400326 7.55243e+006 20.9808
400326 7.55243e+006 20.9948
400327 7.55243e+006 20.9929
400327 7.55243e+006 20.9929
400327 7.55243e+006 20.9788
400326 7.55243e+006 20.9808
400326 7.55243e+006 20.9948
400326 7.55243e+006 20.9937
400326 7.55243e+006 20.9919
400326 7.55243e+006 20.9919
400327 7.55243e+006 20.9929
400326 7.55243e+006 20.9948
400329 7.55243e+006 20.7179
400328 7.55243e+006 20.7179
400328 7.55243e+006 20.7087
400328 7.55243e+006 20.7087
400329 7.55243e+006 20.7087
400329 7.55243e+006 20.7179
400329 7.55243e+006 20.7087
400328 7.55243e+006 20.7087
400328 7.55243e+006 20.7179
400328 7.55243e+006 20.7179
400329 7.55243e+006 20.7179
400329 7.55243e+006 20.7087
400329 7.55243e+006 20.6996
400328 7.55243e+006 20.6996
400328 7.55243e+006 20.7087
400328 7.55243e+006 20.7087
400329 7.55243e+006 20.7087
400329 7.55243e+006 20.6996
400329 7.55243e+006 20.7087
400328 7.55243e+006 20.7087
400328 7.55243e+006 20.6996
400328 7.55243e+006 20.6996
400329 7.55243e+006 20.6996
400329 7.55243e+006 20.7087
400328 7.55243e+006 20.7087
400328 7.55243e+006 20.6996
400328 7.55243e+006 20.7087
400328 7.55243e+006 20.7087
400328 7.55243e+006 20.7179
400328 7.55243e+006 20.7087
400329 7.55243e+006 20.7087
400329 7.55243e+006 20.7179
400329 7.55243e+006 20.7087
400329 7.55243e+006 20.6996
400329 7.55243e+006 20.7087
400329 7.55243e+006 20.7087
400325 7.55244e+006 22.2951
400325 7.55244e+006 22.2951
400326 7.55244e+006 22.2951
400326 7.55244e+006 22.2951
400326 7.55244e+006 22.2951
400325 7.55244e+006 22.2951
400326 7.55244e+006 22.2951
400326 7.55244e+006 22.2951
400326 7.55244e+006 22.2951
400326 7.55244e+006 22.2951
400325 7.55244e+006 22.2951
400326 7.55244e+006 22.2951
400327 7.55244e+006 22.2951
400327 7.55244e+006 22.2951
400326 7.55244e+006 22.2951
400326 7.55244e+006 22.2951
400326 7.55244e+006 22.2951
400327 7.55244e+006 22.2951
400329 7.55244e+006 23.4376
400328 7.55244e+006 23.4376
400328 7.55243e+006 23.4376
400328 7.55243e+006 23.4376
400329 7.55243e+006 23.4376
400329 7.55244e+006 23.4376
400328 7.55244e+006 23.4376
400328 7.55244e+006 23.4376
400328 7.55244e+006 23.4376
400328 7.55244e+006 23.4376
400329 7.55244e+006 23.4376
400328 7.55244e+006 23.4376
400328 7.55244e+006 23.4376
400328 7.55244e+006 23.4376
400328 7.55244e+006 23.4376
400328 7.55244e+006 23.4376
400328 7.55244e+006 23.4376
400328 7.55244e+006 23.4376
400326 7.55243e+006 21.0996
400326 7.55243e+006 21.0996
400326 7.55243e+006 21.0996
400326 7.55243e+006 21.0996
400326 7.55243e+006 21.0996
400326 7.55243e+006 21.0996
400326 7.55243e+006 21.0996
400325 7.55243e+006 21.0996
400325 7.55243e+006 21.0996
400325 7.55243e+006 21.0996
400326 7.55243e+006 21.0996
400326 7.55243e+006 21.0996
400326 7.55243e+006 21.0996
400325 7.55243e+006 21.0996
400326 7.55243e+006 21.0996
400326 7.55243e+006 21.0996
400326 7.55243e+006 21.0996
400326 7.55243e+006 21.0996
400329 7.55243e+006 19.9396
400328 7.55243e+006 19.9395
400328 7.55243e+006 19.9395
400328 7.55243e+006 19.9395
400328 7.55243e+006 19.9396
400329 7.55243e+006 19.9396
400325 7.55243e+006 21.2418
400326 7.55243e+006 21.2429
400326 7.55243e+006 21.2289
400326 7.55243e+006 21.2289
400325 7.55243e+006 21.2279
400325 7.55243e+006 21.2418
400325 7.55243e+006 21.24
400325 7.55243e+006 21.2258
400326 7.55243e+006 21.2269
400326 7.55243e+006 21.2269
400326 7.55243e+006 21.241
400325 7.55243e+006 21.24
400325 7.55243e+006 21.2418
400325 7.55243e+006 21.2279
400325 7.55243e+006 21.2258
400325 7.55243e+006 21.2258
400325 7.55243e+006 21.24
400325 7.55243e+006 21.2418
400325 7.55243e+006 21.2279
400326 7.55243e+006 21.2289
400326 7.55243e+006 21.2269
400326 7.55243e+006 21.2269
400325 7.55243e+006 21.2258
400325 7.55243e+006 21.2279
400326 7.55243e+006 21.2289
400326 7.55243e+006 21.2429
400326 7.55243e+006 21.241
400326 7.55243e+006 21.241
400326 7.55243e+006 21.2269
400326 7.55243e+006 21.2289
400326 7.55243e+006 21.2429
400325 7.55243e+006 21.2418
400325 7.55243e+006 21.24
400325 7.55243e+006 21.24
400326 7.55243e+006 21.241
400326 7.55243e+006 21.2429
400325 7.55243e+006 21.4333
400326 7.55243e+006 21.4344
400326 7.55243e+006 21.4204
400326 7.55243e+006 21.4204
400325 7.55243e+006 21.4193
400325 7.55243e+006 21.4333
400325 7.55243e+006 21.4314
400325 7.55243e+006 21.4173
400326 7.55243e+006 21.4183
400326 7.55243e+006 21.4183
400326 7.55243e+006 21.4325
400325 7.55243e+006 21.4314
400325 7.55243e+006 21.4333
400325 7.55243e+006 21.4193
400325 7.55243e+006 21.4173
400325 7.55243e+006 21.4173
400325 7.55243e+006 21.4314
400325 7.55243e+006 21.4333
400325 7.55243e+006 21.4193
400326 7.55243e+006 21.4204
400326 7.55243e+006 21.4183
400326 7.55243e+006 21.4183
400325 7.55243e+006 21.4173
400325 7.55243e+006 21.4193
400326 7.55243e+006 21.4204
400326 7.55243e+006 21.4344
400326 7.55243e+006 21.4325
400326 7.55243e+006 21.4325
400326 7.55243e+006 21.4183
400326 7.55243e+006 21.4204
400326 7.55243e+006 21.4344
400325 7.55243e+006 21.4333
400325 7.55243e+006 21.4314
400325 7.55243e+006 21.4314
400326 7.55243e+006 21.4325
400326 7.55243e+006 21.4344
400325 7.55243e+006 21.6203
400326 7.55243e+006 21.6214
400326 7.55243e+006 21.6074
400326 7.55243e+006 21.6074
400325 7.55243e+006 21.6064
400325 7.55243e+006 21.6203
400325 7.55243e+006 21.6185
400325 7.55243e+006 21.6043
400326 7.55243e+006 21.6054
400326 7.55243e+006 21.6054
400326 7.55243e+006 21.6195
400325 7.55243e+006 21.6185
400325 7.55243e+006 21.6203
400325 7.55243e+006 21.6064
400325 7.55243e+006 21.6043
400325 7.55243e+006 21.6043
400325 7.55243e+006 21.6185
400325 7.55243e+006 21.6203
400325 7.55243e+006 21.6064
400326 7.55243e+006 21.6074
400326 7.55243e+006 21.6054
400326 7.55243e+006 21.6054
400325 7.55243e+006 21.6043
400325 7.55243e+006 21.6064
400326 7.55243e+006 21.6074
400326 7.55243e+006 21.6214
400326 7.55243e+006 21.6195
400326 7.55243e+006 21.6195
400326 7.55243e+006 21.6054
400326 7.55243e+006 21.6074
400326 7.55243e+006 21.6214
400325 7.55243e+006 21.6203
400325 7.55243e+006 21.6185
400325 7.55243e+006 21.6185
400326 7.55243e+006 21.6195
400326 7.55243e+006 21.6214
400325 7.55243e+006 21.8072
400326 7.55243e+006 21.8083
400326 7.55243e+006 21.7943
400326 7.55243e+006 21.7943
400325 7.55243e+006 21.7932
400325 7.55243e+006 21.8072
400325 7.55243e+006 21.8053
400325 7.55243e+006 21.7912
400326 7.55243e+006 21.7922
400326 7.55243e+006 21.7922
400326 7.55243e+006 21.8064
400325 7.55243e+006 21.8053
400325 7.55243e+006 21.8072
400325 7.55243e+006 21.7932
400325 7.55243e+006 21.7912
400325 7.55243e+006 21.7912
400325 7.55243e+006 21.8053
400325 7.55243e+006 21.8072
400325 7.55243e+006 21.7932
400326 7.55243e+006 21.7943
400326 7.55243e+006 21.7922
400326 7.55243e+006 21.7922
400325 7.55243e+006 21.7912
400325 7.55243e+006 21.7932
400326 7.55243e+006 21.7943
400326 7.55243e+006 21.8083
400326 7.55243e+006 21.8064
400326 7.55243e+006 21.8064
400326 7.55243e+006 21.7922
400326 7.55243e+006 21.7943
400326 7.55243e+006 21.8083
400325 7.55243e+006 21.8072
400325 7.55243e+006 21.8053
400325 7.55243e+006 21.8053
400326 7.55243e+006 21.8064
400326 7.55243e+006 21.8083
400325 7.55244e+006 21.9964
400326 7.55243e+006 21.9974
400326 7.55243e+006 21.9834
400326 7.55243e+006 21.9834
400325 7.55244e+006 21.9824
400325 7.55244e+006 21.9964
400325 7.55243e+006 21.9945
400325 7.55243e+006 21.9803
400326 7.55243e+006 21.9814
400326 7.55243e+006 21.9814
400326 7.55243e+006 21.9955
400325 7.55243e+006 21.9945
400325 7.55244e+006 21.9964
400325 7.55244e+006 21.9824
400325 7.55243e+006 21.9803
400325 7.55243e+006 21.9803
400325 7.55243e+006 21.9945
400325 7.55244e+006 21.9964
400325 7.55244e+006 21.9824
400326 7.55243e+006 21.9834
400326 7.55243e+006 21.9814
400326 7.55243e+006 21.9814
400325 7.55243e+006 21.9803
400325 7.55244e+006 21.9824
400326 7.55243e+006 21.9834
400326 7.55243e+006 21.9974
400326 7.55243e+006 21.9955
400326 7.55243e+006 21.9955
400326 7.55243e+006 21.9814
400326 7.55243e+006 21.9834
400326 7.55243e+006 21.9974
400325 7.55244e+006 21.9964
400325 7.55243e+006 21.9945
400325 7.55243e+006 21.9945
400326 7.55243e+006 21.9955
400326 7.55243e+006 21.9974
400325 7.55244e+006 22.1838
400326 7.55244e+006 22.1849
400326 7.55244e+006 22.1709
400326 7.55244e+006 22.1709
400325 7.55244e+006 22.1698
400325 7.55244e+006 22.1838
400325 7.55244e+006 22.1819
400325 7.55244e+006 22.1678
400326 7.55244e+006 22.1689
400326 7.55244e+006 22.1689
400326 7.55244e+006 22.183
400325 7.55244e+006 22.1819
400325 7.55244e+006 22.1838
400325 7.55244e+006 22.1698
400325 7.55244e+006 22.1678
400325 7.55244e+006 22.1678
400325 7.55244e+006 22.1819
400325 7.55244e+006 22.1838
400325 7.55244e+006 22.1698
400326 7.55244e+006 22.1709
400326 7.55244e+006 22.1689
400326 7.55244e+006 22.1689
400325 7.55244e+006 22.1678
400325 7.55244e+006 22.1698
400326 7.55244e+006 22.1709
400326 7.55244e+006 22.1849
400326 7.55244e+006 22.183
400326 7.55244e+006 22.183
400326 7.55244e+006 22.1689
400326 7.55244e+006 22.1709
400326 7.55244e+006 22.1849
400325 7.55244e+006 22.1838
400325 7.55244e+006 22.1819
400325 7.55244e+006 22.1819
400326 7.55244e+006 22.183
400326 7.55244e+006 22.1849
400327 7.55244e+006 22.3682
400327 7.55244e+006 22.3693
400327 7.55244e+006 22.3553
400327 7.55244e+006 22.3553
400327 7.55244e+006 22.3542
400327 7.55244e+006 22.3682
400327 7.55244e+006 22.3663
400327 7.55244e+006 22.3522
400327 7.55244e+006 22.3532
400327 7.55244e+006 22.3532
400327 7.55244e+006 22.3674
400327 7.55244e+006 22.3663
400327 7.55244e+006 22.3682
400327 7.55244e+006 22.3542
400327 7.55244e+006 22.3522
400327 7.55244e+006 22.3522
400327 7.55244e+006 22.3663
400327 7.55244e+006 22.3682
400327 7.55244e+006 22.3542
400327 7.55244e+006 22.3553
400327 7.55244e+006 22.3532
400327 7.55244e+006 22.3532
400327 7.55244e+006 22.3522
400327 7.55244e+006 22.3542
400327 7.55244e+006 22.3553
400327 7.55244e+006 22.3693
400327 7.55244e+006 22.3674
400327 7.55244e+006 22.3674
400327 7.55244e+006 22.3532
400327 7.55244e+006 22.3553
400327 7.55244e+006 22.3693
400327 7.55244e+006 22.3682
400327 7.55244e+006 22.3663
400327 7.55244e+006 22.3663
400327 7.55244e+006 22.3674
400327 7.55244e+006 22.3693
400327 7.55244e+006 22.5597
400327 7.55244e+006 22.5607
400327 7.55244e+006 22.5468
400327 7.55244e+006 22.5468
400327 7.55244e+006 22.5457
400327 7.55244e+006 22.5597
400327 7.55244e+006 22.5578
400327 7.55244e+006 22.5436
400327 7.55244e+006 22.5447
400327 7.55244e+006 22.5447
400327 7.55244e+006 22.5588
400327 7.55244e+006 22.5578
400327 7.55244e+006 22.5597
400327 7.55244e+006 22.5457
400327 7.55244e+006 22.5436
400327 7.55244e+006 22.5436
400327 7.55244e+006 22.5578
400327 7.55244e+006 22.5597
400327 7.55244e+006 22.5457
400327 7.55244e+006 22.5468
400327 7.55244e+006 22.5447
400327 7.55244e+006 22.5447
400327 7.55244e+006 22.5436
400327 7.55244e+006 22.5457
400327 7.55244e+006 22.5468
400327 7.55244e+006 22.5607
400327 7.55244e+006 22.5588
400327 7.55244e+006 22.5588
400327 7.55244e+006 22.5447
400327 7.55244e+006 22.5468
400327 7.55244e+006 22.5607
400327 7.55244e+006 22.5597
400327 7.55244e+006 22.5578
400327 7.55244e+006 22.5578
400327 7.55244e+006 22.5588
400327 7.55244e+006 22.5607
400327 7.55244e+006 22.7467
400327 7.55244e+006 22.7478
400327 7.55244e+006 22.7338
400327 7.55244e+006 22.7338
400327 7.55244e+006 22.7327
400327 7.55244e+006 22.7467
400327 7.55244e+006 22.7448
400327 7.55244e+006 22.7307
400327 7.55244e+006 22.7318
400327 7.55244e+006 22.7318
400327 7.55244e+006 22.7459
400327 7.55244e+006 22.7448
400327 7.55244e+006 22.7467
400327 7.55244e+006 22.7327
400327 7.55244e+006 22.7307
400327 7.55244e+006 22.7307
400327 7.55244e+006 22.7448
400327 7.55244e+006 22.7467
400327 7.55244e+006 22.7327
400327 7.55244e+006 22.7338
400327 7.55244e+006 22.7318
400327 7.55244e+006 22.7318
400327 7.55244e+006 22.7307
400327 7.55244e+006 22.7327
400327 7.55244e+006 22.7338
400327 7.55244e+006 22.7478
400327 7.55244e+006 22.7459
400327 7.55244e+006 22.7459
400327 7.55244e+006 22.7318
400327 7.55244e+006 22.7338
400327 7.55244e+006 22.7478
400327 7.55244e+006 22.7467
400327 7.55244e+006 22.7448
400327 7.55244e+006 22.7448
400327 7.55244e+006 22.7459
400327 7.55244e+006 22.7478
400328 7.55244e+006 22.9335
400327 7.55244e+006 22.9346
400327 7.55244e+006 22.9206
400327 7.55244e+006 22.9206
400327 7.55244e+006 22.9196
400328 7.55244e+006 22.9335
400327 7.55244e+006 22.9317
400327 7.55244e+006 22.9175
400327 7.55244e+006 22.9186
400327 7.55244e+006 22.9186
400327 7.55244e+006 22.9327
400327 7.55244e+006 22.9317
400328 7.55244e+006 22.9335
400327 7.55244e+006 22.9196
400327 7.55244e+006 22.9175
400327 7.55244e+006 22.9175
400327 7.55244e+006 22.9317
400328 7.55244e+006 22.9335
400327 7.55244e+006 22.9196
400327 7.55244e+006 22.9206
400327 7.55244e+006 22.9186
400327 7.55244e+006 22.9186
400327 7.55244e+006 22.9175
400327 7.55244e+006 22.9196
400327 7.55244e+006 22.9206
400327 7.55244e+006 22.9346
400327 7.55244e+006 22.9327
400327 7.55244e+006 22.9327
400327 7.55244e+006 22.9186
400327 7.55244e+006 22.9206
400327 7.55244e+006 22.9346
400328 7.55244e+006 22.9335
400327 7.55244e+006 22.9317
400327 7.55244e+006 22.9317
400327 7.55244e+006 22.9327
400327 7.55244e+006 22.9346
400328 7.55244e+006 23.1227
400328 7.55244e+006 23.1238
400328 7.55244e+006 23.1098
400328 7.55244e+006 23.1098
400328 7.55244e+006 23.1087
400328 7.55244e+006 23.1227
400328 7.55244e+006 23.1208
400328 7.55244e+006 23.1067
400328 7.55244e+006 23.1078
400328 7.55244e+006 23.1078
400328 7.55244e+006 23.1219
400328 7.55244e+006 23.1208
400328 7.55244e+006 23.1227
400328 7.55244e+006 23.1087
400328 7.55244e+006 23.1067
400328 7.55244e+006 23.1067
400328 7.55244e+006 23.1208
400328 7.55244e+006 23.1227
400328 7.55244e+006 23.1087
400328 7.55244e+006 23.1098
400328 7.55244e+006 23.1078
400328 7.55244e+006 23.1078
400328 7.55244e+006 23.1067
400328 7.55244e+006 23.1087
400328 7.55244e+006 23.1098
400328 7.55244e+006 23.1238
400328 7.55244e+006 23.1219
400328 7.55244e+006 23.1219
400328 7.55244e+006 23.1078
400328 7.55244e+006 23.1098
400328 7.55244e+006 23.1238
400328 7.55244e+006 23.1227
400328 7.55244e+006 23.1208
400328 7.55244e+006 23.1208
400328 7.55244e+006 23.1219
400328 7.55244e+006 23.1238
400328 7.55244e+006 23.3102
400328 7.55244e+006 23.3113
400328 7.55244e+006 23.2973
400328 7.55244e+006 23.2973
400328 7.55244e+006 23.2962
400328 7.55244e+006 23.3102
400328 7.55244e+006 23.3083
400328 7.55244e+006 23.2942
400328 7.55244e+006 23.2952
400328 7.55244e+006 23.2952
400328 7.55244e+006 23.3094
400328 7.55244e+006 23.3083
400328 7.55244e+006 23.3102
400328 7.55244e+006 23.2962
400328 7.55244e+006 23.2942
400328 7.55244e+006 23.2942
400328 7.55244e+006 23.3083
400328 7.55244e+006 23.3102
400328 7.55244e+006 23.2962
400328 7.55244e+006 23.2973
400328 7.55244e+006 23.2952
400328 7.55244e+006 23.2952
400328 7.55244e+006 23.2942
400328 7.55244e+006 23.2962
400328 7.55244e+006 23.2973
400328 7.55244e+006 23.3113
400328 7.55244e+006 23.3094
400328 7.55244e+006 23.3094
400328 7.55244e+006 23.2952
400328 7.55244e+006 23.2973
400328 7.55244e+006 23.3113
400328 7.55244e+006 23.3102
400328 7.55244e+006 23.3083
400328 7.55244e+006 23.3083
400328 7.55244e+006 23.3094
400328 7.55244e+006 23.3113
400329 7.55243e+006 23.5373
400329 7.55243e+006 23.5384
400329 7.55243e+006 23.5244
400329 7.55243e+006 23.5244
400329 7.55243e+006 23.5233
400329 7.55243e+006 23.5373
400329 7.55243e+006 23.5354
400329 7.55243e+006 23.5213
400329 7.55243e+006 23.5224
400329 7.55243e+006 23.5224
400329 7.55243e+006 23.5365
400329 7.55243e+006 23.5354
400329 7.55243e+006 23.5373
400329 7.55243e+006 23.5233
400329 7.55243e+006 23.5213
400329 7.55243e+006 23.5213
400329 7.55243e+006 23.5354
400329 7.55243e+006 23.5373
400329 7.55243e+006 23.5233
400329 7.55243e+006 23.5244
400329 7.55243e+006 23.5224
400329 7.55243e+006 23.5224
400329 7.55243e+006 23.5213
400329 7.55243e+006 23.5233
400329 7.55243e+006 23.5244
400329 7.55243e+006 23.5384
400329 7.55243e+006 23.5365
400329 7.55243e+006 23.5365
400329 7.55243e+006 23.5224
400329 7.55243e+006 23.5244
400329 7.55243e+006 23.5384
400329 7.55243e+006 23.5373
400329 7.55243e+006 23.5354
400329 7.55243e+006 23.5354
400329 7.55243e+006 23.5365
400329 7.55243e+006 23.5384
400329 7.55243e+006 23.7288
400329 7.55243e+006 23.7298
400329 7.55243e+006 23.7159
400329 7.55243e+006 23.7159
400329 7.55243e+006 23.7148
400329 7.55243e+006 23.7288
400329 7.55243e+006 23.7269
400329 7.55243e+006 23.7127
400329 7.55243e+006 23.7138
400329 7.55243e+006 23.7138
400329 7.55243e+006 23.728
400329 7.55243e+006 23.7269
400329 7.55243e+006 23.7288
400329 7.55243e+006 23.7148
400329 7.55243e+006 23.7127
400329 7.55243e+006 23.7127
400329 7.55243e+006 23.7269
400329 7.55243e+006 23.7288
400329 7.55243e+006 23.7148
400329 7.55243e+006 23.7159
400329 7.55243e+006 23.7138
400329 7.55243e+006 23.7138
400329 7.55243e+006 23.7127
400329 7.55243e+006 23.7148
400329 7.55243e+006 23.7159
400329 7.55243e+006 23.7298
400329 7.55243e+006 23.728
400329 7.55243e+006 23.728
400329 7.55243e+006 23.7138
400329 7.55243e+006 23.7159
400329 7.55243e+006 23.7298
400329 7.55243e+006 23.7288
400329 7.55243e+006 23.7269
400329 7.55243e+006 23.7269
400329 7.55243e+006 23.728
400329 7.55243e+006 23.7298
400329 7.55243e+006 23.9158
400328 7.55243e+006 23.9169
400328 7.55243e+006 23.9029
400328 7.55243e+006 23.9029
400329 7.55243e+006 23.9019
400329 7.55243e+006 23.9158
400329 7.55243e+006 23.9139
400329 7.55243e+006 23.8998
400328 7.55243e+006 23.9009
400328 7.55243e+006 23.9009
400328 7.55243e+006 23.915
400329 7.55243e+006 23.9139
400329 7.55243e+006 23.9158
400329 7.55243e+006 23.9019
400329 7.55243e+006 23.8998
400329 7.55243e+006 23.8998
400329 7.55243e+006 23.9139
400329 7.55243e+006 23.9158
400329 7.55243e+006 23.9019
400328 7.55243e+006 23.9029
400328 7.55243e+006 23.9009
400328 7.55243e+006 23.9009
400329 7.55243e+006 23.8998
400329 7.55243e+006 23.9019
400328 7.55243e+006 23.9029
400328 7.55243e+006 23.9169
400328 7.55243e+006 23.915
400328 7.55243e+006 23.915
400328 7.55243e+006 23.9009
400328 7.55243e+006 23.9029
400328 7.55243e+006 23.9169
400329 7.55243e+006 23.9158
400329 7.55243e+006 23.9139
400329 7.55243e+006 23.9139
400328 7.55243e+006 23.915
400328 7.55243e+006 23.9169
400329 7.55243e+006 24.1027
400328 7.55243e+006 24.1037
400328 7.55243e+006 24.0898
400328 7.55243e+006 24.0898
400329 7.55243e+006 24.0887
400329 7.55243e+006 24.1027
400329 7.55243e+006 24.1008
400329 7.55243e+006 24.0866
400328 7.55243e+006 24.0877
400328 7.55243e+006 24.0877
400328 7.55243e+006 24.1019
400329 7.55243e+006 24.1008
400329 7.55243e+006 24.1027
400329 7.55243e+006 24.0887
400329 7.55243e+006 24.0866
400329 7.55243e+006 24.0866
400329 7.55243e+006 24.1008
400329 7.55243e+006 24.1027
400329 7.55243e+006 24.0887
400328 7.55243e+006 24.0898
400328 7.55243e+006 24.0877
400328 7.55243e+006 24.0877
400329 7.55243e+006 24.0866
400329 7.55243e+006 24.0887
400328 7.55243e+006 24.0898
400328 7.55243e+006 24.1037
400328 7.55243e+006 24.1019
400328 7.55243e+006 24.1019
400328 7.55243e+006 24.0877
400328 7.55243e+006 24.0898
400328 7.55243e+006 24.1037
400329 7.55243e+006 24.1027
400329 7.55243e+006 24.1008
400329 7.55243e+006 24.1008
400328 7.55243e+006 24.1019
400328 7.55243e+006 24.1037
400329 7.55243e+006 24.2918
400328 7.55243e+006 24.2929
400328 7.55243e+006 24.2789
400328 7.55243e+006 24.2789
400329 7.55243e+006 24.2779
400329 7.55243e+006 24.2918
400329 7.55243e+006 24.29
400329 7.55243e+006 24.2758
400328 7.55243e+006 24.2769
400328 7.55243e+006 24.2769
400328 7.55243e+006 24.291
400329 7.55243e+006 24.29
400329 7.55243e+006 24.2918
400329 7.55243e+006 24.2779
400329 7.55243e+006 24.2758
400329 7.55243e+006 24.2758
400329 7.55243e+006 24.29
400329 7.55243e+006 24.2918
400329 7.55243e+006 24.2779
400328 7.55243e+006 24.2789
400328 7.55243e+006 24.2769
400328 7.55243e+006 24.2769
400329 7.55243e+006 24.2758
400329 7.55243e+006 24.2779
400328 7.55243e+006 24.2789
400328 7.55243e+006 24.2929
400328 7.55243e+006 24.291
400328 7.55243e+006 24.291
400328 7.55243e+006 24.2769
400328 7.55243e+006 24.2789
400328 7.55243e+006 24.2929
400329 7.55243e+006 24.2918
400329 7.55243e+006 24.29
400329 7.55243e+006 24.29
400328 7.55243e+006 24.291
400328 7.55243e+006 24.2929
400329 7.55243e+006 24.4793
400328 7.55243e+006 24.4804
400328 7.55243e+006 24.4664
400328 7.55243e+006 24.4664
400329 7.55243e+006 24.4653
400329 7.55243e+006 24.4793
400329 7.55243e+006 24.4774
400329 7.55243e+006 24.4633
400328 7.55243e+006 24.4644
400328 7.55243e+006 24.4644
400328 7.55243e+006 24.4785
400329 7.55243e+006 24.4774
400329 7.55243e+006 24.4793
400329 7.55243e+006 24.4653
400329 7.55243e+006 24.4633
400329 7.55243e+006 24.4633
400329 7.55243e+006 24.4774
400329 7.55243e+006 24.4793
400329 7.55243e+006 24.4653
400328 7.55243e+006 24.4664
400328 7.55243e+006 24.4644
400328 7.55243e+006 24.4644
400329 7.55243e+006 24.4633
400329 7.55243e+006 24.4653
400328 7.55243e+006 24.4664
400328 7.55243e+006 24.4804
400328 7.55243e+006 24.4785
400328 7.55243e+006 24.4785
400328 7.55243e+006 24.4644
400328 7.55243e+006 24.4664
400328 7.55243e+006 24.4804
400329 7.55243e+006 24.4793
400329 7.55243e+006 24.4774
400329 7.55243e+006 24.4774
400328 7.55243e+006 24.4785
400328 7.55243e+006 24.4804
