400550 7.55248e+006 29.4736
400552 7.55248e+006 29.4736
400553 7.55248e+006 29.4736
400553 7.55248e+006 29.4736
400551 7.55248e+006 29.4736
400550 7.55248e+006 29.4736
400552 7.55248e+006 29.4736
400553 7.55248e+006 29.4736
400554 7.55248e+006 29.4736
400554 7.55248e+006 29.4736
400553 7.55248e+006 29.4736
400552 7.55248e+006 29.4736
400552 7.55248e+006 29.4736
400550 7.55248e+006 29.4736
400549 7.55248e+006 29.4736
400549 7.55248e+006 29.4736
400548 7.55248e+006 29.4736
400548 7.55248e+006 29.4736
400548 7.55248e+006 29.4736
400548 7.55247e+006 29.4736
400549 7.55247e+006 29.4736
400549 7.55248e+006 29.4736
400548 7.55248e+006 29.4736
400549 7.55247e+006 29.4736
400549 7.55247e+006 29.4736
400550 7.55247e+006 29.4736
400552 7.55247e+006 29.4736
400552 7.55247e+006 29.4736
400553 7.55247e+006 29.4736
400553 7.55248e+006 29.4736
400549 7.55247e+006 29.4736
400552 7.55247e+006 29.4736
400553 7.55248e+006 29.4736
400549 7.55248e+006 29.4736
400549 7.55247e+006 29.4736
400553 7.55248e+006 29.4736
400552 7.55248e+006 29.4736
400549 7.55248e+006 29.4736
400553 7.55248e+006 29.4736
400553 7.55248e+006 29.4736
400552 7.55248e+006 29.4736
400553 7.55248e+006 29.4736
400551 7.55247e+006 32.6024
400551 7.55247e+006 32.6024
400552 7.55247e+006 32.6024
400551 7.55247e+006 32.6024
400552 7.55247e+006 32.6024
400552 7.55248e+006 32.6024
400549 7.55248e+006 32.6024
400549 7.55248e+006 32.6024
400549 7.55248e+006 32.6024
400549 7.55248e+006 32.6024
400549 7.55248e+006 32.6024
400550 7.55248e+006 32.6024
400551 7.55248e+006 32.6024
400549 7.55248e+006 32.6024
400550 7.55248e+006 32.6024
400552 7.55248e+006 32.6024
400551 7.55248e+006 32.6024
400550 7.55248e+006 32.6024
400552 7.55248e+006 32.6024
400550 7.55248e+006 32.6024
400549 7.55247e+006 32.6024
400551 7.55247e+006 32.6024
400552 7.55248e+006 32.6024
400549 7.55247e+006 32.6024
400552 7.55248e+006 32.6024
400552 7.55248e+006 32.6024
400552 7.55248e+006 32.6024
400552 7.55248e+006 32.6024
400552 7.55248e+006 32.6024
400549 7.55248e+006 32.6024
400552 7.55248e+006 32.6024
400549 7.55248e+006 32.6024
400549 7.55248e+006 32.6024
400552 7.55248e+006 32.6024
400549 7.55248e+006 32.6024
400549 7.55248e+006 32.6024
400551 7.55248e+006 32.6024
400552 7.55248e+006 32.6024
400549 7.55248e+006 32.6024
400551 7.55248e+006 32.6024
400549 7.55248e+006 32.6024
400549 7.55248e+006 32.6024
400548 7.55247e+006 23.3169
400549 7.55248e+006 23.3184
400549 7.55248e+006 23.299
400549 7.55248e+006 23.299
400548 7.55247e+006 23.2975
400548 7.55247e+006 23.3169
400548 7.55247e+006 23.3143
400548 7.55247e+006 23.2947
400549 7.55248e+006 23.2962
400549 7.55248e+006 23.2962
400549 7.55248e+006 23.3158
400548 7.55247e+006 23.3143
400548 7.55247e+006 23.3169
400548 7.55247e+006 23.2975
400548 7.55247e+006 23.2947
400548 7.55247e+006 23.2947
400548 7.55247e+006 23.3143
400548 7.55247e+006 23.3169
400548 7.55247e+006 23.2975
400549 7.55248e+006 23.299
400549 7.55248e+006 23.2962
400549 7.55248e+006 23.2962
400548 7.55247e+006 23.2947
400548 7.55247e+006 23.2975
400549 7.55248e+006 23.299
400549 7.55248e+006 23.3184
400549 7.55248e+006 23.3158
400549 7.55248e+006 23.3158
400549 7.55248e+006 23.2962
400549 7.55248e+006 23.299
400549 7.55248e+006 23.3184
400548 7.55247e+006 23.3169
400548 7.55247e+006 23.3143
400548 7.55247e+006 23.3143
400549 7.55248e+006 23.3158
400549 7.55248e+006 23.3184
400548 7.55247e+006 23.0546
400549 7.55247e+006 23.0561
400549 7.55247e+006 23.0367
400549 7.55247e+006 23.0367
400548 7.55247e+006 23.0352
400548 7.55247e+006 23.0546
400548 7.55247e+006 23.052
400548 7.55247e+006 23.0323
400549 7.55247e+006 23.0338
400549 7.55247e+006 23.0338
400549 7.55247e+006 23.0534
400548 7.55247e+006 23.052
400548 7.55247e+006 23.0546
400548 7.55247e+006 23.0352
400548 7.55247e+006 23.0323
400548 7.55247e+006 23.0323
400548 7.55247e+006 23.052
400548 7.55247e+006 23.0546
400548 7.55247e+006 23.0352
400549 7.55247e+006 23.0367
400549 7.55247e+006 23.0338
400549 7.55247e+006 23.0338
400548 7.55247e+006 23.0323
400548 7.55247e+006 23.0352
400549 7.55247e+006 23.0367
400549 7.55247e+006 23.0561
400549 7.55247e+006 23.0534
400549 7.55247e+006 23.0534
400549 7.55247e+006 23.0338
400549 7.55247e+006 23.0367
400549 7.55247e+006 23.0561
400548 7.55247e+006 23.0546
400548 7.55247e+006 23.052
400548 7.55247e+006 23.052
400549 7.55247e+006 23.0534
400549 7.55247e+006 23.0561
400548 7.55247e+006 22.7954
400549 7.55247e+006 22.7969
400549 7.55247e+006 22.7775
400549 7.55247e+006 22.7775
400548 7.55247e+006 22.776
400548 7.55247e+006 22.7954
400548 7.55247e+006 22.7928
400548 7.55247e+006 22.7732
400549 7.55247e+006 22.7747
400549 7.55247e+006 22.7747
400549 7.55247e+006 22.7943
400548 7.55247e+006 22.7928
400548 7.55247e+006 22.7954
400548 7.55247e+006 22.776
400548 7.55247e+006 22.7732
400548 7.55247e+006 22.7732
400548 7.55247e+006 22.7928
400548 7.55247e+006 22.7954
400548 7.55247e+006 22.776
400549 7.55247e+006 22.7775
400549 7.55247e+006 22.7747
400549 7.55247e+006 22.7747
400548 7.55247e+006 22.7732
400548 7.55247e+006 22.776
400549 7.55247e+006 22.7775
400549 7.55247e+006 22.7969
400549 7.55247e+006 22.7943
400549 7.55247e+006 22.7943
400549 7.55247e+006 22.7747
400549 7.55247e+006 22.7775
400549 7.55247e+006 22.7969
400548 7.55247e+006 22.7954
400548 7.55247e+006 22.7928
400548 7.55247e+006 22.7928
400549 7.55247e+006 22.7943
400549 7.55247e+006 22.7969
400548 7.55247e+006 22.536
400549 7.55247e+006 22.5375
400549 7.55247e+006 22.5181
400549 7.55247e+006 22.5181
400548 7.55247e+006 22.5166
400548 7.55247e+006 22.536
400549 7.55247e+006 22.5334
400549 7.55247e+006 22.5137
400549 7.55247e+006 22.5152
400549 7.55247e+006 22.5152
400549 7.55247e+006 22.5349
400549 7.55247e+006 22.5334
400548 7.55247e+006 22.536
400548 7.55247e+006 22.5166
400549 7.55247e+006 22.5137
400549 7.55247e+006 22.5137
400549 7.55247e+006 22.5334
400548 7.55247e+006 22.536
400548 7.55247e+006 22.5166
400549 7.55247e+006 22.5181
400549 7.55247e+006 22.5152
400549 7.55247e+006 22.5152
400549 7.55247e+006 22.5137
400548 7.55247e+006 22.5166
400549 7.55247e+006 22.5181
400549 7.55247e+006 22.5375
400549 7.55247e+006 22.5349
400549 7.55247e+006 22.5349
400549 7.55247e+006 22.5152
400549 7.55247e+006 22.5181
400549 7.55247e+006 22.5375
400548 7.55247e+006 22.536
400549 7.55247e+006 22.5334
400549 7.55247e+006 22.5334
400549 7.55247e+006 22.5349
400549 7.55247e+006 22.5375
400549 7.55247e+006 22.2704
400549 7.55247e+006 22.2719
400549 7.55247e+006 22.2525
400549 7.55247e+006 22.2525
400549 7.55247e+006 22.251
400549 7.55247e+006 22.2704
400549 7.55247e+006 22.2678
400549 7.55247e+006 22.2482
400549 7.55247e+006 22.2497
400549 7.55247e+006 22.2497
400549 7.55247e+006 22.2693
400549 7.55247e+006 22.2678
400549 7.55247e+006 22.2704
400549 7.55247e+006 22.251
400549 7.55247e+006 22.2482
400549 7.55247e+006 22.2482
400549 7.55247e+006 22.2678
400549 7.55247e+006 22.2704
400549 7.55247e+006 22.251
400549 7.55247e+006 22.2525
400549 7.55247e+006 22.2497
400549 7.55247e+006 22.2497
400549 7.55247e+006 22.2482
400549 7.55247e+006 22.251
400549 7.55247e+006 22.2525
400549 7.55247e+006 22.2719
400549 7.55247e+006 22.2693
400549 7.55247e+006 22.2693
400549 7.55247e+006 22.2497
400549 7.55247e+006 22.2525
400549 7.55247e+006 22.2719
400549 7.55247e+006 22.2704
400549 7.55247e+006 22.2678
400549 7.55247e+006 22.2678
400549 7.55247e+006 22.2693
400549 7.55247e+006 22.2719
400550 7.55247e+006 22.1148
400550 7.55247e+006 22.1148
400550 7.55247e+006 22.1148
400550 7.55247e+006 22.1148
400549 7.55247e+006 22.1148
400550 7.55247e+006 22.1148
400550 7.55247e+006 22.0922
400549 7.55247e+006 22.0922
400549 7.55247e+006 22.1148
400549 7.55247e+006 22.1148
400550 7.55247e+006 22.1148
400550 7.55247e+006 22.0922
400549 7.55247e+006 22.0922
400550 7.55247e+006 22.0922
400550 7.55247e+006 22.1148
400550 7.55247e+006 22.1148
400549 7.55247e+006 22.1148
400549 7.55247e+006 22.0922
400550 7.55247e+006 22.0922
400550 7.55247e+006 22.0922
400550 7.55247e+006 22.1148
400550 7.55247e+006 22.1148
400550 7.55247e+006 22.1148
400550 7.55247e+006 22.0922
400550 7.55247e+006 22.0922
400550 7.55247e+006 22.0922
400550 7.55247e+006 22.1148
400550 7.55247e+006 22.1148
400550 7.55247e+006 22.1148
400550 7.55247e+006 22.0922
400550 7.55247e+006 22.0922
400550 7.55247e+006 22.0922
400550 7.55247e+006 22.0922
400550 7.55247e+006 22.0922
400549 7.55247e+006 22.0922
400550 7.55247e+006 22.0922
400553 7.55247e+006 26.9666
400552 7.55247e+006 26.9666
400552 7.55247e+006 26.9666
400552 7.55247e+006 26.9666
400552 7.55247e+006 26.9666
400553 7.55247e+006 26.9666
400553 7.55248e+006 26.9441
400553 7.55248e+006 26.9441
400553 7.55248e+006 26.9666
400553 7.55248e+006 26.9666
400553 7.55248e+006 26.9666
400553 7.55248e+006 26.9441
400553 7.55248e+006 26.9441
400552 7.55248e+006 26.9441
400552 7.55248e+006 26.9666
400552 7.55248e+006 26.9666
400553 7.55248e+006 26.9666
400553 7.55248e+006 26.9441
400552 7.55247e+006 26.9441
400552 7.55247e+006 26.9666
400552 7.55248e+006 26.9666
400552 7.55248e+006 26.9666
400552 7.55248e+006 26.9441
400552 7.55247e+006 26.9441
400552 7.55247e+006 26.9441
400552 7.55247e+006 26.9441
400552 7.55247e+006 26.9666
400552 7.55247e+006 26.9666
400552 7.55247e+006 26.9666
400552 7.55247e+006 26.9441
400552 7.55247e+006 26.9441
400552 7.55247e+006 26.9441
400552 7.55247e+006 26.9666
400552 7.55247e+006 26.9666
400552 7.55247e+006 26.9666
400552 7.55247e+006 26.9441
400552 7.55247e+006 26.9441
400553 7.55247e+006 26.9441
400553 7.55247e+006 26.9666
400553 7.55247e+006 26.9666
400552 7.55247e+006 26.9666
400552 7.55247e+006 26.9441
400554 7.55247e+006 26.945
400554 7.55248e+006 26.945
400554 7.55248e+006 26.9675
400554 7.55248e+006 26.9675
400554 7.55247e+006 26.9675
400554 7.55247e+006 26.945
400553 7.55247e+006 26.9441
400552 7.55247e+006 26.9441
400552 7.55247e+006 26.9441
400552 7.55247e+006 26.9441
400552 7.55247e+006 26.9441
400553 7.55247e+006 26.9441
400553 7.55248e+006 26.9666
400552 7.55248e+006 26.9666
400552 7.55247e+006 26.9666
400552 7.55247e+006 26.9666
400553 7.55247e+006 26.9666
400553 7.55248e+006 26.9666
400552 7.55247e+006 26.9441
400552 7.55248e+006 26.9441
400553 7.55248e+006 26.9441
400553 7.55248e+006 26.9441
400553 7.55247e+006 26.9441
400552 7.55247e+006 26.9441
400553 7.55248e+006 26.9666
400553 7.55248e+006 26.9666
400552 7.55248e+006 26.9666
400552 7.55248e+006 26.9666
400552 7.55248e+006 26.9666
400553 7.55248e+006 26.9666
400552 7.55248e+006 26.9666
400552 7.55248e+006 26.9441
400552 7.55248e+006 26.9441
400552 7.55248e+006 26.9441
400552 7.55248e+006 26.9666
400552 7.55248e+006 26.9666
400552 7.55248e+006 26.9441
400553 7.55248e+006 26.9441
400553 7.55248e+006 26.9441
400553 7.55248e+006 26.9441
400552 7.55248e+006 26.9441
400552 7.55248e+006 26.9441
400553 7.55247e+006 26.9441
400553 7.55248e+006 26.9441
400554 7.55248e+006 26.945
400554 7.55248e+006 26.945
400554 7.55247e+006 26.945
400553 7.55247e+006 26.9441
400553 7.55248e+006 26.9441
400553 7.55248e+006 26.9666
400554 7.55248e+006 26.9675
400554 7.55248e+006 26.9675
400554 7.55248e+006 26.945
400553 7.55248e+006 26.9441
400553 7.55248e+006 26.9666
400553 7.55247e+006 26.9666
400554 7.55247e+006 26.9675
400554 7.55247e+006 26.9675
400554 7.55248e+006 26.9675
400553 7.55248e+006 26.9666
400553 7.55247e+006 26.9666
400553 7.55247e+006 26.9441
400554 7.55247e+006 26.945
400554 7.55247e+006 26.945
400554 7.55247e+006 26.9675
400553 7.55247e+006 26.9666
400553 7.55248e+006 26.7899
400552 7.55248e+006 26.7914
400552 7.55248e+006 26.772
400552 7.55248e+006 26.772
400553 7.55248e+006 26.7705
400553 7.55248e+006 26.7899
400553 7.55248e+006 26.7873
400553 7.55248e+006 26.7676
400552 7.55248e+006 26.7691
400552 7.55248e+006 26.7691
400552 7.55248e+006 26.7887
400553 7.55248e+006 26.7873
400553 7.55248e+006 26.7899
400553 7.55248e+006 26.7705
400553 7.55248e+006 26.7676
400553 7.55248e+006 26.7676
400553 7.55248e+006 26.7873
400553 7.55248e+006 26.7899
400553 7.55248e+006 26.7705
400552 7.55248e+006 26.772
400552 7.55248e+006 26.7691
400552 7.55248e+006 26.7691
400553 7.55248e+006 26.7676
400553 7.55248e+006 26.7705
400552 7.55248e+006 26.772
400552 7.55248e+006 26.7914
400552 7.55248e+006 26.7887
400552 7.55248e+006 26.7887
400552 7.55248e+006 26.7691
400552 7.55248e+006 26.772
400552 7.55248e+006 26.7914
400553 7.55248e+006 26.7899
400553 7.55248e+006 26.7873
400553 7.55248e+006 26.7873
400552 7.55248e+006 26.7887
400552 7.55248e+006 26.7914
400553 7.55248e+006 26.5298
400552 7.55248e+006 26.5313
400552 7.55248e+006 26.5119
400552 7.55248e+006 26.5119
400553 7.55248e+006 26.5105
400553 7.55248e+006 26.5298
400553 7.55248e+006 26.5272
400553 7.55248e+006 26.5076
400552 7.55248e+006 26.5091
400552 7.55248e+006 26.5091
400552 7.55248e+006 26.5287
400553 7.55248e+006 26.5272
400553 7.55248e+006 26.5298
400553 7.55248e+006 26.5105
400553 7.55248e+006 26.5076
400553 7.55248e+006 26.5076
400553 7.55248e+006 26.5272
400553 7.55248e+006 26.5298
400553 7.55248e+006 26.5105
400552 7.55248e+006 26.5119
400552 7.55248e+006 26.5091
400552 7.55248e+006 26.5091
400553 7.55248e+006 26.5076
400553 7.55248e+006 26.5105
400552 7.55248e+006 26.5119
400552 7.55248e+006 26.5313
400552 7.55248e+006 26.5287
400552 7.55248e+006 26.5287
400552 7.55248e+006 26.5091
400552 7.55248e+006 26.5119
400552 7.55248e+006 26.5313
400553 7.55248e+006 26.5298
400553 7.55248e+006 26.5272
400553 7.55248e+006 26.5272
400552 7.55248e+006 26.5287
400552 7.55248e+006 26.5313
400553 7.55248e+006 26.2675
400552 7.55248e+006 26.269
400552 7.55248e+006 26.2496
400552 7.55248e+006 26.2496
400553 7.55248e+006 26.2481
400553 7.55248e+006 26.2675
400553 7.55248e+006 26.2649
400553 7.55248e+006 26.2452
400552 7.55248e+006 26.2467
400552 7.55248e+006 26.2467
400552 7.55248e+006 26.2664
400553 7.55248e+006 26.2649
400553 7.55248e+006 26.2675
400553 7.55248e+006 26.2481
400553 7.55248e+006 26.2452
400553 7.55248e+006 26.2452
400553 7.55248e+006 26.2649
400553 7.55248e+006 26.2675
400553 7.55248e+006 26.2481
400552 7.55248e+006 26.2496
400552 7.55248e+006 26.2467
400552 7.55248e+006 26.2467
400553 7.55248e+006 26.2452
400553 7.55248e+006 26.2481
400552 7.55248e+006 26.2496
400552 7.55248e+006 26.269
400552 7.55248e+006 26.2664
400552 7.55248e+006 26.2664
400552 7.55248e+006 26.2467
400552 7.55248e+006 26.2496
400552 7.55248e+006 26.269
400553 7.55248e+006 26.2675
400553 7.55248e+006 26.2649
400553 7.55248e+006 26.2649
400552 7.55248e+006 26.2664
400552 7.55248e+006 26.269
400553 7.55248e+006 26.0083
400552 7.55248e+006 26.0098
400552 7.55248e+006 25.9904
400552 7.55248e+006 25.9904
400553 7.55248e+006 25.9889
400553 7.55248e+006 26.0083
400553 7.55248e+006 26.0057
400553 7.55248e+006 25.9861
400552 7.55248e+006 25.9876
400552 7.55248e+006 25.9876
400552 7.55248e+006 26.0072
400553 7.55248e+006 26.0057
400553 7.55248e+006 26.0083
400553 7.55248e+006 25.9889
400553 7.55248e+006 25.9861
400553 7.55248e+006 25.9861
400553 7.55248e+006 26.0057
400553 7.55248e+006 26.0083
400553 7.55248e+006 25.9889
400552 7.55248e+006 25.9904
400552 7.55248e+006 25.9876
400552 7.55248e+006 25.9876
400553 7.55248e+006 25.9861
400553 7.55248e+006 25.9889
400552 7.55248e+006 25.9904
400552 7.55248e+006 26.0098
400552 7.55248e+006 26.0072
400552 7.55248e+006 26.0072
400552 7.55248e+006 25.9876
400552 7.55248e+006 25.9904
400552 7.55248e+006 26.0098
400553 7.55248e+006 26.0083
400553 7.55248e+006 26.0057
400553 7.55248e+006 26.0057
400552 7.55248e+006 26.0072
400552 7.55248e+006 26.0098
400553 7.55248e+006 25.7489
400552 7.55248e+006 25.7504
400552 7.55248e+006 25.731
400552 7.55248e+006 25.731
400553 7.55248e+006 25.7295
400553 7.55248e+006 25.7489
400552 7.55248e+006 25.7463
400552 7.55248e+006 25.7266
400552 7.55248e+006 25.7281
400552 7.55248e+006 25.7281
400552 7.55248e+006 25.7478
400552 7.55248e+006 25.7463
400553 7.55248e+006 25.7489
400553 7.55248e+006 25.7295
400552 7.55248e+006 25.7266
400552 7.55248e+006 25.7266
400552 7.55248e+006 25.7463
400553 7.55248e+006 25.7489
400553 7.55248e+006 25.7295
400552 7.55248e+006 25.731
400552 7.55248e+006 25.7281
400552 7.55248e+006 25.7281
400552 7.55248e+006 25.7266
400553 7.55248e+006 25.7295
400552 7.55248e+006 25.731
400552 7.55248e+006 25.7504
400552 7.55248e+006 25.7478
400552 7.55248e+006 25.7478
400552 7.55248e+006 25.7281
400552 7.55248e+006 25.731
400552 7.55248e+006 25.7504
400553 7.55248e+006 25.7489
400552 7.55248e+006 25.7463
400552 7.55248e+006 25.7463
400552 7.55248e+006 25.7478
400552 7.55248e+006 25.7504
400552 7.55248e+006 25.4833
400552 7.55248e+006 25.4848
400552 7.55248e+006 25.4654
400552 7.55248e+006 25.4654
400552 7.55248e+006 25.4639
400552 7.55248e+006 25.4833
400552 7.55248e+006 25.4807
400552 7.55248e+006 25.4611
400552 7.55248e+006 25.4626
400552 7.55248e+006 25.4626
400552 7.55248e+006 25.4822
400552 7.55248e+006 25.4807
400552 7.55248e+006 25.4833
400552 7.55248e+006 25.4639
400552 7.55248e+006 25.4611
400552 7.55248e+006 25.4611
400552 7.55248e+006 25.4807
400552 7.55248e+006 25.4833
400552 7.55248e+006 25.4639
400552 7.55248e+006 25.4654
400552 7.55248e+006 25.4626
400552 7.55248e+006 25.4626
400552 7.55248e+006 25.4611
400552 7.55248e+006 25.4639
400552 7.55248e+006 25.4654
400552 7.55248e+006 25.4848
400552 7.55248e+006 25.4822
400552 7.55248e+006 25.4822
400552 7.55248e+006 25.4626
400552 7.55248e+006 25.4654
400552 7.55248e+006 25.4848
400552 7.55248e+006 25.4833
400552 7.55248e+006 25.4807
400552 7.55248e+006 25.4807
400552 7.55248e+006 25.4822
400552 7.55248e+006 25.4848
400550 7.55248e+006 25.3819
400550 7.55248e+006 25.3819
400551 7.55248e+006 25.3819
400551 7.55248e+006 25.3819
400551 7.55248e+006 25.3819
400550 7.55248e+006 25.3819
400551 7.55248e+006 25.3819
400551 7.55248e+006 25.3819
400552 7.55248e+006 25.3819
400552 7.55248e+006 25.3819
400550 7.55248e+006 25.3819
400551 7.55248e+006 25.3819
400551 7.55248e+006 25.3819
400552 7.55248e+006 25.3819
400552 7.55248e+006 25.3819
400552 7.55248e+006 25.3819
400551 7.55248e+006 25.3819
400551 7.55248e+006 25.3819
400552 7.55248e+006 25.3491
400550 7.55248e+006 25.3491
400550 7.55248e+006 25.3819
400550 7.55248e+006 25.3819
400552 7.55248e+006 25.3819
400552 7.55248e+006 25.3491
400550 7.55248e+006 25.3491
400550 7.55248e+006 25.3491
400550 7.55248e+006 25.3819
400550 7.55248e+006 25.3819
400550 7.55248e+006 25.3819
400550 7.55248e+006 25.3491
400550 7.55248e+006 25.3491
400551 7.55248e+006 25.3491
400551 7.55248e+006 25.3819
400551 7.55248e+006 25.3819
400550 7.55248e+006 25.3819
400550 7.55248e+006 25.3491
400551 7.55248e+006 25.3491
400551 7.55248e+006 25.3491
400551 7.55248e+006 25.3819
400551 7.55248e+006 25.3819
400551 7.55248e+006 25.3819
400551 7.55248e+006 25.3491
400551 7.55248e+006 25.3491
400551 7.55248e+006 25.3491
400551 7.55248e+006 25.3819
400551 7.55248e+006 25.3819
400551 7.55248e+006 25.3819
400551 7.55248e+006 25.3491
400551 7.55248e+006 25.3491
400551 7.55248e+006 25.3491
400551 7.55248e+006 25.3819
400551 7.55248e+006 25.3819
400551 7.55248e+006 25.3819
400551 7.55248e+006 25.3491
400551 7.55248e+006 25.3491
400552 7.55248e+006 25.3491
400552 7.55248e+006 25.3819
400552 7.55248e+006 25.3819
400551 7.55248e+006 25.3819
400551 7.55248e+006 25.3491
400552 7.55248e+006 25.3491
400552 7.55248e+006 25.3491
400552 7.55248e+006 25.3819
400552 7.55248e+006 25.3819
400552 7.55248e+006 25.3819
400552 7.55248e+006 25.3491
400551 7.55248e+006 25.3491
400550 7.55248e+006 25.3491
400550 7.55248e+006 25.3491
400550 7.55248e+006 25.3491
400551 7.55248e+006 25.3491
400551 7.55248e+006 25.3491
400551 7.55248e+006 25.3491
400550 7.55248e+006 25.3491
400552 7.55248e+006 25.3491
400552 7.55248e+006 25.3491
400551 7.55248e+006 25.3491
400551 7.55248e+006 25.3491
400551 7.55248e+006 25.3491
400551 7.55248e+006 25.3491
400552 7.55248e+006 25.3491
400552 7.55248e+006 25.3491
400552 7.55248e+006 25.3491
400551 7.55248e+006 25.3491
400550 7.55248e+006 25.2276
400550 7.55248e+006 25.2291
400550 7.55248e+006 25.2097
400550 7.55248e+006 25.2097
400550 7.55248e+006 25.2082
400550 7.55248e+006 25.2276
400550 7.55248e+006 25.225
400550 7.55248e+006 25.2054
400550 7.55248e+006 25.2069
400550 7.55248e+006 25.2069
400550 7.55248e+006 25.2265
400550 7.55248e+006 25.225
400550 7.55248e+006 25.2276
400550 7.55248e+006 25.2082
400550 7.55248e+006 25.2054
400550 7.55248e+006 25.2054
400550 7.55248e+006 25.225
400550 7.55248e+006 25.2276
400550 7.55248e+006 25.2082
400550 7.55248e+006 25.2097
400550 7.55248e+006 25.2069
400550 7.55248e+006 25.2069
400550 7.55248e+006 25.2054
400550 7.55248e+006 25.2082
400550 7.55248e+006 25.2097
400550 7.55248e+006 25.2291
400550 7.55248e+006 25.2265
400550 7.55248e+006 25.2265
400550 7.55248e+006 25.2069
400550 7.55248e+006 25.2097
400550 7.55248e+006 25.2291
400550 7.55248e+006 25.2276
400550 7.55248e+006 25.225
400550 7.55248e+006 25.225
400550 7.55248e+006 25.2265
400550 7.55248e+006 25.2291
400550 7.55248e+006 24.9676
400550 7.55248e+006 24.9691
400550 7.55248e+006 24.9497
400550 7.55248e+006 24.9497
400550 7.55248e+006 24.9482
400550 7.55248e+006 24.9676
400550 7.55248e+006 24.965
400550 7.55248e+006 24.9453
400550 7.55248e+006 24.9468
400550 7.55248e+006 24.9468
400550 7.55248e+006 24.9665
400550 7.55248e+006 24.965
400550 7.55248e+006 24.9676
400550 7.55248e+006 24.9482
400550 7.55248e+006 24.9453
400550 7.55248e+006 24.9453
400550 7.55248e+006 24.965
400550 7.55248e+006 24.9676
400550 7.55248e+006 24.9482
400550 7.55248e+006 24.9497
400550 7.55248e+006 24.9468
400550 7.55248e+006 24.9468
400550 7.55248e+006 24.9453
400550 7.55248e+006 24.9482
400550 7.55248e+006 24.9497
400550 7.55248e+006 24.9691
400550 7.55248e+006 24.9665
400550 7.55248e+006 24.9665
400550 7.55248e+006 24.9468
400550 7.55248e+006 24.9497
400550 7.55248e+006 24.9691
400550 7.55248e+006 24.9676
400550 7.55248e+006 24.965
400550 7.55248e+006 24.965
400550 7.55248e+006 24.9665
400550 7.55248e+006 24.9691
400550 7.55248e+006 24.7052
400550 7.55248e+006 24.7067
400550 7.55248e+006 24.6873
400550 7.55248e+006 24.6873
400550 7.55248e+006 24.6858
400550 7.55248e+006 24.7052
400550 7.55248e+006 24.7026
400550 7.55248e+006 24.683
400550 7.55248e+006 24.6845
400550 7.55248e+006 24.6845
400550 7.55248e+006 24.7041
400550 7.55248e+006 24.7026
400550 7.55248e+006 24.7052
400550 7.55248e+006 24.6858
400550 7.55248e+006 24.683
400550 7.55248e+006 24.683
400550 7.55248e+006 24.7026
400550 7.55248e+006 24.7052
400550 7.55248e+006 24.6858
400550 7.55248e+006 24.6873
400550 7.55248e+006 24.6845
400550 7.55248e+006 24.6845
400550 7.55248e+006 24.683
400550 7.55248e+006 24.6858
400550 7.55248e+006 24.6873
400550 7.55248e+006 24.7067
400550 7.55248e+006 24.7041
400550 7.55248e+006 24.7041
400550 7.55248e+006 24.6845
400550 7.55248e+006 24.6873
400550 7.55248e+006 24.7067
400550 7.55248e+006 24.7052
400550 7.55248e+006 24.7026
400550 7.55248e+006 24.7026
400550 7.55248e+006 24.7041
400550 7.55248e+006 24.7067
400550 7.55248e+006 24.4461
400550 7.55248e+006 24.4476
400550 7.55248e+006 24.4282
400550 7.55248e+006 24.4282
400550 7.55248e+006 24.4267
400550 7.55248e+006 24.4461
400549 7.55248e+006 24.4435
400549 7.55248e+006 24.4238
400550 7.55248e+006 24.4253
400550 7.55248e+006 24.4253
400550 7.55248e+006 24.4449
400549 7.55248e+006 24.4435
400550 7.55248e+006 24.4461
400550 7.55248e+006 24.4267
400549 7.55248e+006 24.4238
400549 7.55248e+006 24.4238
400549 7.55248e+006 24.4435
400550 7.55248e+006 24.4461
400550 7.55248e+006 24.4267
400550 7.55248e+006 24.4282
400550 7.55248e+006 24.4253
400550 7.55248e+006 24.4253
400549 7.55248e+006 24.4238
400550 7.55248e+006 24.4267
400550 7.55248e+006 24.4282
400550 7.55248e+006 24.4476
400550 7.55248e+006 24.4449
400550 7.55248e+006 24.4449
400550 7.55248e+006 24.4253
400550 7.55248e+006 24.4282
400550 7.55248e+006 24.4476
400550 7.55248e+006 24.4461
400549 7.55248e+006 24.4435
400549 7.55248e+006 24.4435
400550 7.55248e+006 24.4449
400550 7.55248e+006 24.4476
400549 7.55248e+006 24.1866
400550 7.55248e+006 24.1881
400550 7.55248e+006 24.1687
400550 7.55248e+006 24.1687
400549 7.55248e+006 24.1672
400549 7.55248e+006 24.1866
400549 7.55248e+006 24.184
400549 7.55248e+006 24.1644
400549 7.55248e+006 24.1659
400549 7.55248e+006 24.1659
400549 7.55248e+006 24.1855
400549 7.55248e+006 24.184
400549 7.55248e+006 24.1866
400549 7.55248e+006 24.1672
400549 7.55248e+006 24.1644
400549 7.55248e+006 24.1644
400549 7.55248e+006 24.184
400549 7.55248e+006 24.1866
400549 7.55248e+006 24.1672
400550 7.55248e+006 24.1687
400549 7.55248e+006 24.1659
400549 7.55248e+006 24.1659
400549 7.55248e+006 24.1644
400549 7.55248e+006 24.1672
400550 7.55248e+006 24.1687
400550 7.55248e+006 24.1881
400549 7.55248e+006 24.1855
400549 7.55248e+006 24.1855
400549 7.55248e+006 24.1659
400550 7.55248e+006 24.1687
400550 7.55248e+006 24.1881
400549 7.55248e+006 24.1866
400549 7.55248e+006 24.184
400549 7.55248e+006 24.184
400549 7.55248e+006 24.1855
400550 7.55248e+006 24.1881
400549 7.55248e+006 23.9211
400549 7.55248e+006 23.9226
400549 7.55248e+006 23.9032
400549 7.55248e+006 23.9032
400549 7.55248e+006 23.9017
400549 7.55248e+006 23.9211
400549 7.55248e+006 23.9185
400549 7.55248e+006 23.8988
400549 7.55248e+006 23.9003
400549 7.55248e+006 23.9003
400549 7.55248e+006 23.9199
400549 7.55248e+006 23.9185
400549 7.55248e+006 23.9211
400549 7.55248e+006 23.9017
400549 7.55248e+006 23.8988
400549 7.55248e+006 23.8988
400549 7.55248e+006 23.9185
400549 7.55248e+006 23.9211
400549 7.55248e+006 23.9017
400549 7.55248e+006 23.9032
400549 7.55248e+006 23.9003
400549 7.55248e+006 23.9003
400549 7.55248e+006 23.8988
400549 7.55248e+006 23.9017
400549 7.55248e+006 23.9032
400549 7.55248e+006 23.9226
400549 7.55248e+006 23.9199
400549 7.55248e+006 23.9199
400549 7.55248e+006 23.9003
400549 7.55248e+006 23.9032
400549 7.55248e+006 23.9226
400549 7.55248e+006 23.9211
400549 7.55248e+006 23.9185
400549 7.55248e+006 23.9185
400549 7.55248e+006 23.9199
400549 7.55248e+006 23.9226
400548 7.55248e+006 23.7238
400548 7.55248e+006 23.7238
400549 7.55248e+006 23.7238
400549 7.55248e+006 23.7238
400549 7.55248e+006 23.7238
400548 7.55248e+006 23.7238
400549 7.55248e+006 23.7238
400549 7.55248e+006 23.7238
400549 7.55248e+006 23.7238
400549 7.55248e+006 23.7238
400549 7.55248e+006 23.7238
400549 7.55248e+006 23.7238
400549 7.55248e+006 23.7238
400549 7.55248e+006 23.7238
400548 7.55248e+006 23.7238
400548 7.55248e+006 23.7238
400549 7.55248e+006 23.7238
400549 7.55248e+006 23.7238
400549 7.55248e+006 23.7032
400548 7.55248e+006 23.7032
400548 7.55248e+006 23.7238
400548 7.55248e+006 23.7238
400549 7.55248e+006 23.7238
400549 7.55248e+006 23.7032
400548 7.55248e+006 23.7032
400548 7.55248e+006 23.7032
400548 7.55248e+006 23.7238
400548 7.55248e+006 23.7238
400548 7.55248e+006 23.7238
400548 7.55248e+006 23.7032
400548 7.55248e+006 23.7032
400549 7.55248e+006 23.7032
400549 7.55248e+006 23.7238
400549 7.55248e+006 23.7238
400548 7.55248e+006 23.7238
400548 7.55248e+006 23.7032
400549 7.55248e+006 23.7032
400549 7.55248e+006 23.7032
400549 7.55248e+006 23.7238
400549 7.55248e+006 23.7238
400549 7.55248e+006 23.7238
400549 7.55248e+006 23.7032
400549 7.55248e+006 23.7032
400549 7.55248e+006 23.7032
400549 7.55248e+006 23.7238
400549 7.55248e+006 23.7238
400549 7.55248e+006 23.7238
400549 7.55248e+006 23.7032
400549 7.55248e+006 23.7032
400549 7.55248e+006 23.7032
400549 7.55248e+006 23.7238
400549 7.55248e+006 23.7238
400549 7.55248e+006 23.7238
400549 7.55248e+006 23.7032
400549 7.55248e+006 23.7032
400549 7.55248e+006 23.7032
400549 7.55248e+006 23.7238
400549 7.55248e+006 23.7238
400549 7.55248e+006 23.7238
400549 7.55248e+006 23.7032
400549 7.55248e+006 23.7032
400549 7.55248e+006 23.7032
400549 7.55248e+006 23.7238
400549 7.55248e+006 23.7238
400549 7.55248e+006 23.7238
400549 7.55248e+006 23.7032
400549 7.55248e+006 23.7032
400548 7.55248e+006 23.7032
400548 7.55248e+006 23.7032
400548 7.55248e+006 23.7032
400549 7.55248e+006 23.7032
400549 7.55248e+006 23.7032
400549 7.55248e+006 23.7032
400549 7.55248e+006 23.7032
400548 7.55248e+006 23.7032
400548 7.55248e+006 23.7032
400549 7.55248e+006 23.7032
400549 7.55248e+006 23.7032
400549 7.55248e+006 23.7032
400549 7.55248e+006 23.7032
400549 7.55248e+006 23.7032
400549 7.55248e+006 23.7032
400549 7.55248e+006 23.7032
400549 7.55248e+006 23.7032
400548 7.55248e+006 23.577
400549 7.55248e+006 23.5785
400549 7.55248e+006 23.5591
400549 7.55248e+006 23.5591
400548 7.55248e+006 23.5576
400548 7.55248e+006 23.577
400548 7.55247e+006 23.5744
400548 7.55247e+006 23.5547
400549 7.55248e+006 23.5562
400549 7.55248e+006 23.5562
400549 7.55248e+006 23.5758
400548 7.55247e+006 23.5744
400548 7.55248e+006 23.577
400548 7.55248e+006 23.5576
400548 7.55247e+006 23.5547
400548 7.55247e+006 23.5547
400548 7.55247e+006 23.5744
400548 7.55248e+006 23.577
400548 7.55248e+006 23.5576
400549 7.55248e+006 23.5591
400549 7.55248e+006 23.5562
400549 7.55248e+006 23.5562
400548 7.55247e+006 23.5547
400548 7.55248e+006 23.5576
400549 7.55248e+006 23.5591
400549 7.55248e+006 23.5785
400549 7.55248e+006 23.5758
400549 7.55248e+006 23.5758
400549 7.55248e+006 23.5562
400549 7.55248e+006 23.5591
400549 7.55248e+006 23.5785
400548 7.55248e+006 23.577
400548 7.55247e+006 23.5744
400548 7.55247e+006 23.5744
400549 7.55248e+006 23.5758
400549 7.55248e+006 23.5785
