400330 7.55245e+006 29.1871
400330 7.55245e+006 31.1259
400330 7.55245e+006 31.31
400330 7.55245e+006 31.31
400330 7.55245e+006 29.3633
400330 7.55245e+006 29.1871
400330 7.55245e+006 29.3633
400330 7.55245e+006 31.31
400329 7.55245e+006 31.31
400329 7.55245e+006 31.31
400329 7.55245e+006 29.3633
400330 7.55245e+006 29.3633
400329 7.55245e+006 29.3633
400329 7.55245e+006 31.31
400329 7.55245e+006 31.1258
400329 7.55245e+006 31.1258
400329 7.55245e+006 29.1871
400329 7.55245e+006 29.3633
400329 7.55245e+006 29.1871
400329 7.55245e+006 31.1258
400329 7.55245e+006 30.9417
400329 7.55245e+006 30.9417
400329 7.55245e+006 29.011
400329 7.55245e+006 29.1871
400329 7.55245e+006 29.011
400329 7.55245e+006 30.9417
400330 7.55245e+006 30.9417
400330 7.55245e+006 30.9417
400330 7.55245e+006 29.011
400329 7.55245e+006 29.011
400330 7.55245e+006 29.011
400330 7.55245e+006 30.9417
400330 7.55245e+006 31.1259
400330 7.55245e+006 31.1259
400330 7.55245e+006 29.1871
400330 7.55245e+006 29.011
400330 7.55246e+006 31.6215
400330 7.55245e+006 31.31
400330 7.55245e+006 31.1259
400330 7.55245e+006 31.1259
400330 7.55246e+006 31.4191
400330 7.55246e+006 31.6215
400329 7.55246e+006 31.6214
400329 7.55245e+006 31.31
400330 7.55245e+006 31.31
400330 7.55245e+006 31.31
400330 7.55246e+006 31.6215
400329 7.55246e+006 31.6214
400329 7.55246e+006 31.419
400329 7.55245e+006 31.1258
400329 7.55245e+006 31.31
400329 7.55245e+006 31.31
400329 7.55246e+006 31.6214
400329 7.55246e+006 31.419
400329 7.55246e+006 31.2166
400329 7.55245e+006 30.9417
400329 7.55245e+006 31.1258
400329 7.55245e+006 31.1258
400329 7.55246e+006 31.419
400329 7.55246e+006 31.2166
400330 7.55246e+006 31.2167
400330 7.55245e+006 30.9417
400329 7.55245e+006 30.9417
400329 7.55245e+006 30.9417
400329 7.55246e+006 31.2166
400330 7.55246e+006 31.2167
400330 7.55246e+006 31.4191
400330 7.55245e+006 31.1259
400330 7.55245e+006 30.9417
400330 7.55245e+006 30.9417
400330 7.55246e+006 31.2167
400330 7.55246e+006 31.4191
400330 7.55246e+006 31.7143
400330 7.55246e+006 31.6215
400330 7.55246e+006 31.4191
400330 7.55246e+006 31.4191
400330 7.55246e+006 31.5065
400330 7.55246e+006 31.7143
400329 7.55246e+006 31.7142
400329 7.55246e+006 31.6214
400330 7.55246e+006 31.6215
400330 7.55246e+006 31.6215
400330 7.55246e+006 31.7143
400329 7.55246e+006 31.7142
400329 7.55246e+006 31.5064
400329 7.55246e+006 31.419
400329 7.55246e+006 31.6214
400329 7.55246e+006 31.6214
400329 7.55246e+006 31.7142
400329 7.55246e+006 31.5064
400329 7.55246e+006 31.2986
400329 7.55246e+006 31.2166
400329 7.55246e+006 31.419
400329 7.55246e+006 31.419
400329 7.55246e+006 31.5064
400329 7.55246e+006 31.2986
400330 7.55246e+006 31.2986
400330 7.55246e+006 31.2167
400329 7.55246e+006 31.2166
400329 7.55246e+006 31.2166
400329 7.55246e+006 31.2986
400330 7.55246e+006 31.2986
400330 7.55246e+006 31.5065
400330 7.55246e+006 31.4191
400330 7.55246e+006 31.2167
400330 7.55246e+006 31.2167
400330 7.55246e+006 31.2986
400330 7.55246e+006 31.5065
400330 7.55247e+006 31.3003
400330 7.55246e+006 31.7143
400330 7.55246e+006 31.5065
400330 7.55246e+006 31.5065
400330 7.55247e+006 31.0941
400330 7.55247e+006 31.3003
400329 7.55247e+006 31.3002
400329 7.55246e+006 31.7142
400330 7.55246e+006 31.7143
400330 7.55246e+006 31.7143
400330 7.55247e+006 31.3003
400329 7.55247e+006 31.3002
400329 7.55247e+006 31.0939
400329 7.55246e+006 31.5064
400329 7.55246e+006 31.7142
400329 7.55246e+006 31.7142
400329 7.55247e+006 31.3002
400329 7.55247e+006 31.0939
400329 7.55247e+006 30.8876
400329 7.55246e+006 31.2986
400329 7.55246e+006 31.5064
400329 7.55246e+006 31.5064
400329 7.55247e+006 31.0939
400329 7.55247e+006 30.8876
400330 7.55247e+006 30.8877
400330 7.55246e+006 31.2986
400329 7.55246e+006 31.2986
400329 7.55246e+006 31.2986
400329 7.55247e+006 30.8876
400330 7.55247e+006 30.8877
400330 7.55247e+006 31.0941
400330 7.55246e+006 31.5065
400330 7.55246e+006 31.2986
400330 7.55246e+006 31.2986
400330 7.55247e+006 30.8877
400330 7.55247e+006 31.0941
400330 7.55247e+006 31.1157
400330 7.55247e+006 31.3003
400330 7.55247e+006 31.0941
400330 7.55247e+006 31.0941
400330 7.55247e+006 30.9504
400330 7.55247e+006 31.1157
400329 7.55247e+006 31.1184
400329 7.55247e+006 31.3002
400330 7.55247e+006 31.3003
400330 7.55247e+006 31.3003
400330 7.55247e+006 31.1157
400329 7.55247e+006 31.1184
400329 7.55247e+006 30.9559
400329 7.55247e+006 31.0939
400329 7.55247e+006 31.3002
400329 7.55247e+006 31.3002
400329 7.55247e+006 31.1184
400329 7.55247e+006 30.9559
400329 7.55247e+006 30.7906
400329 7.55247e+006 30.8876
400329 7.55247e+006 31.0939
400329 7.55247e+006 31.0939
400329 7.55247e+006 30.9559
400329 7.55247e+006 30.7906
400330 7.55247e+006 30.7879
400330 7.55247e+006 30.8877
400329 7.55247e+006 30.8876
400329 7.55247e+006 30.8876
400329 7.55247e+006 30.7906
400330 7.55247e+006 30.7879
400330 7.55247e+006 30.9504
400330 7.55247e+006 31.0941
400330 7.55247e+006 30.8877
400330 7.55247e+006 30.8877
400330 7.55247e+006 30.7879
400330 7.55247e+006 30.9504
400330 7.55247e+006 30.6962
400330 7.55247e+006 31.1157
400330 7.55247e+006 30.9504
400330 7.55247e+006 30.9504
400330 7.55247e+006 30.5785
400330 7.55247e+006 30.6962
400329 7.55247e+006 30.7022
400329 7.55247e+006 31.1184
400330 7.55247e+006 31.1157
400330 7.55247e+006 31.1157
400330 7.55247e+006 30.6962
400329 7.55247e+006 30.7022
400329 7.55247e+006 30.5905
400329 7.55247e+006 30.9559
400329 7.55247e+006 31.1184
400329 7.55247e+006 31.1184
400329 7.55247e+006 30.7022
400329 7.55247e+006 30.5905
400329 7.55247e+006 30.4729
400329 7.55247e+006 30.7906
400329 7.55247e+006 30.9559
400329 7.55247e+006 30.9559
400329 7.55247e+006 30.5905
400329 7.55247e+006 30.4729
400330 7.55247e+006 30.4669
400330 7.55247e+006 30.7879
400329 7.55247e+006 30.7906
400329 7.55247e+006 30.7906
400329 7.55247e+006 30.4729
400330 7.55247e+006 30.4669
400330 7.55247e+006 30.5785
400330 7.55247e+006 30.9504
400330 7.55247e+006 30.7879
400330 7.55247e+006 30.7879
400330 7.55247e+006 30.4669
400330 7.55247e+006 30.5785
400330 7.55247e+006 30.2468
400330 7.55247e+006 30.6962
400330 7.55247e+006 30.5785
400330 7.55247e+006 30.5785
400330 7.55247e+006 30.1248
400330 7.55247e+006 30.2468
400329 7.55247e+006 30.2525
400329 7.55247e+006 30.7022
400330 7.55247e+006 30.6962
400330 7.55247e+006 30.6962
400330 7.55247e+006 30.2468
400329 7.55247e+006 30.2525
400329 7.55247e+006 30.1362
400329 7.55247e+006 30.5905
400329 7.55247e+006 30.7022
400329 7.55247e+006 30.7022
400329 7.55247e+006 30.2525
400329 7.55247e+006 30.1362
400329 7.55247e+006 30.0143
400329 7.55247e+006 30.4729
400329 7.55247e+006 30.5905
400329 7.55247e+006 30.5905
400329 7.55247e+006 30.1362
400329 7.55247e+006 30.0143
400330 7.55247e+006 30.0085
400330 7.55247e+006 30.4669
400329 7.55247e+006 30.4729
400329 7.55247e+006 30.4729
400329 7.55247e+006 30.0143
400330 7.55247e+006 30.0085
400330 7.55247e+006 30.1248
400330 7.55247e+006 30.5785
400330 7.55247e+006 30.4669
400330 7.55247e+006 30.4669
400330 7.55247e+006 30.0085
400330 7.55247e+006 30.1248
400329 7.55247e+006 29.7958
400330 7.55247e+006 30.2468
400330 7.55247e+006 30.1248
400330 7.55247e+006 30.1248
400330 7.55247e+006 29.6335
400329 7.55247e+006 29.7958
400329 7.55247e+006 29.8388
400329 7.55247e+006 30.2525
400330 7.55247e+006 30.2468
400330 7.55247e+006 30.2468
400329 7.55247e+006 29.7958
400329 7.55247e+006 29.8388
400329 7.55247e+006 29.7195
400329 7.55247e+006 30.1362
400329 7.55247e+006 30.2525
400329 7.55247e+006 30.2525
400329 7.55247e+006 29.8388
400329 7.55247e+006 29.7195
400329 7.55247e+006 29.5572
400329 7.55247e+006 30.0143
400329 7.55247e+006 30.1362
400329 7.55247e+006 30.1362
400329 7.55247e+006 29.7195
400329 7.55247e+006 29.5572
400329 7.55247e+006 29.5143
400330 7.55247e+006 30.0085
400329 7.55247e+006 30.0143
400329 7.55247e+006 30.0143
400329 7.55247e+006 29.5572
400329 7.55247e+006 29.5143
400330 7.55247e+006 29.6335
400330 7.55247e+006 30.1248
400330 7.55247e+006 30.0085
400330 7.55247e+006 30.0085
400329 7.55247e+006 29.5143
400330 7.55247e+006 29.6335
400329 7.55247e+006 29.4154
400329 7.55247e+006 29.7958
400330 7.55247e+006 29.6335
400330 7.55247e+006 29.6335
400329 7.55247e+006 29.1982
400329 7.55247e+006 29.4154
400329 7.55247e+006 29.5468
400329 7.55247e+006 29.8388
400329 7.55247e+006 29.7958
400329 7.55247e+006 29.7958
400329 7.55247e+006 29.4154
400329 7.55247e+006 29.5468
400329 7.55247e+006 29.4608
400329 7.55247e+006 29.7195
400329 7.55247e+006 29.8388
400329 7.55247e+006 29.8388
400329 7.55247e+006 29.5468
400329 7.55247e+006 29.4608
400329 7.55247e+006 29.2435
400329 7.55247e+006 29.5572
400329 7.55247e+006 29.7195
400329 7.55247e+006 29.7195
400329 7.55247e+006 29.4608
400329 7.55247e+006 29.2435
400329 7.55247e+006 29.1122
400329 7.55247e+006 29.5143
400329 7.55247e+006 29.5572
400329 7.55247e+006 29.5572
400329 7.55247e+006 29.2435
400329 7.55247e+006 29.1122
400329 7.55247e+006 29.1982
400330 7.55247e+006 29.6335
400329 7.55247e+006 29.5143
400329 7.55247e+006 29.5143
400329 7.55247e+006 29.1122
400329 7.55247e+006 29.1982
400329 7.55247e+006 29.2539
400329 7.55247e+006 29.4154
400329 7.55247e+006 29.1982
400329 7.55247e+006 29.1982
400329 7.55247e+006 29.0213
400329 7.55247e+006 29.2539
400329 7.55247e+006 29.4198
400329 7.55247e+006 29.5468
400329 7.55247e+006 29.4154
400329 7.55247e+006 29.4154
400329 7.55247e+006 29.2539
400329 7.55247e+006 29.4198
400329 7.55247e+006 29.353
400329 7.55247e+006 29.4608
400329 7.55247e+006 29.5468
400329 7.55247e+006 29.5468
400329 7.55247e+006 29.4198
400329 7.55247e+006 29.353
400329 7.55247e+006 29.1203
400329 7.55247e+006 29.2435
400329 7.55247e+006 29.4608
400329 7.55247e+006 29.4608
400329 7.55247e+006 29.353
400329 7.55247e+006 29.1203
400329 7.55247e+006 28.9545
400329 7.55247e+006 29.1122
400329 7.55247e+006 29.2435
400329 7.55247e+006 29.2435
400329 7.55247e+006 29.1203
400329 7.55247e+006 28.9545
400329 7.55247e+006 29.0213
400329 7.55247e+006 29.1982
400329 7.55247e+006 29.1122
400329 7.55247e+006 29.1122
400329 7.55247e+006 28.9545
400329 7.55247e+006 29.0213
400306 7.55247e+006 29.252
400329 7.55247e+006 29.2539
400329 7.55247e+006 29.0213
400329 7.55247e+006 29.0213
400306 7.55247e+006 29.0199
400306 7.55247e+006 29.252
400306 7.55247e+006 29.4193
400329 7.55247e+006 29.4198
400329 7.55247e+006 29.2539
400329 7.55247e+006 29.2539
400306 7.55247e+006 29.252
400306 7.55247e+006 29.4193
400307 7.55247e+006 29.3544
400329 7.55247e+006 29.353
400329 7.55247e+006 29.4198
400329 7.55247e+006 29.4198
400306 7.55247e+006 29.4193
400307 7.55247e+006 29.3544
400307 7.55247e+006 29.1222
400329 7.55247e+006 29.1203
400329 7.55247e+006 29.353
400329 7.55247e+006 29.353
400307 7.55247e+006 29.3544
400307 7.55247e+006 29.1222
400306 7.55247e+006 28.9549
400329 7.55247e+006 28.9545
400329 7.55247e+006 29.1203
400329 7.55247e+006 29.1203
400307 7.55247e+006 29.1222
400306 7.55247e+006 28.9549
400306 7.55247e+006 29.0199
400329 7.55247e+006 29.0213
400329 7.55247e+006 28.9545
400329 7.55247e+006 28.9545
400306 7.55247e+006 28.9549
400306 7.55247e+006 29.0199
400306 7.55247e+006 29.2391
400306 7.55247e+006 29.252
400306 7.55247e+006 29.0199
400306 7.55247e+006 29.0199
400306 7.55247e+006 29.0074
400306 7.55247e+006 29.2391
400306 7.55247e+006 29.4074
400306 7.55247e+006 29.4193
400306 7.55247e+006 29.252
400306 7.55247e+006 29.252
400306 7.55247e+006 29.2391
400306 7.55247e+006 29.4074
400306 7.55247e+006 29.3439
400307 7.55247e+006 29.3544
400306 7.55247e+006 29.4193
400306 7.55247e+006 29.4193
400306 7.55247e+006 29.4074
400306 7.55247e+006 29.3439
400306 7.55247e+006 29.1122
400307 7.55247e+006 29.1222
400307 7.55247e+006 29.3544
400307 7.55247e+006 29.3544
400306 7.55247e+006 29.3439
400306 7.55247e+006 29.1122
400306 7.55247e+006 28.9439
400306 7.55247e+006 28.9549
400307 7.55247e+006 29.1222
400307 7.55247e+006 29.1222
400306 7.55247e+006 29.1122
400306 7.55247e+006 28.9439
400306 7.55247e+006 29.0074
400306 7.55247e+006 29.0199
400306 7.55247e+006 28.9549
400306 7.55247e+006 28.9549
400306 7.55247e+006 28.9439
400306 7.55247e+006 29.0074
400305 7.55247e+006 29.2032
400306 7.55247e+006 29.2391
400306 7.55247e+006 29.0074
400306 7.55247e+006 29.0074
400305 7.55247e+006 28.9728
400305 7.55247e+006 29.2032
400305 7.55247e+006 29.3743
400306 7.55247e+006 29.4074
400306 7.55247e+006 29.2391
400306 7.55247e+006 29.2391
400305 7.55247e+006 29.2032
400305 7.55247e+006 29.3743
400305 7.55247e+006 29.3149
400306 7.55247e+006 29.3439
400306 7.55247e+006 29.4074
400306 7.55247e+006 29.4074
400305 7.55247e+006 29.3743
400305 7.55247e+006 29.3149
400305 7.55247e+006 29.0844
400306 7.55247e+006 29.1122
400306 7.55247e+006 29.3439
400306 7.55247e+006 29.3439
400305 7.55247e+006 29.3149
400305 7.55247e+006 29.0844
400305 7.55247e+006 28.9134
400306 7.55247e+006 28.9439
400306 7.55247e+006 29.1122
400306 7.55247e+006 29.1122
400305 7.55247e+006 29.0844
400305 7.55247e+006 28.9134
400305 7.55247e+006 28.9728
400306 7.55247e+006 29.0074
400306 7.55247e+006 28.9439
400306 7.55247e+006 28.9439
400305 7.55247e+006 28.9134
400305 7.55247e+006 28.9728
400292 7.55245e+006 27.9414
400305 7.55247e+006 29.2032
400305 7.55247e+006 28.9728
400305 7.55247e+006 28.9728
400292 7.55245e+006 27.7094
400292 7.55245e+006 27.9414
400293 7.55245e+006 28.1124
400305 7.55247e+006 29.3743
400305 7.55247e+006 29.2032
400305 7.55247e+006 29.2032
400292 7.55245e+006 27.9414
400293 7.55245e+006 28.1124
400293 7.55245e+006 28.0515
400305 7.55247e+006 29.3149
400305 7.55247e+006 29.3743
400305 7.55247e+006 29.3743
400293 7.55245e+006 28.1124
400293 7.55245e+006 28.0515
400293 7.55245e+006 27.8195
400305 7.55247e+006 29.0844
400305 7.55247e+006 29.3149
400305 7.55247e+006 29.3149
400293 7.55245e+006 28.0515
400293 7.55245e+006 27.8195
400293 7.55245e+006 27.6484
400305 7.55247e+006 28.9134
400305 7.55247e+006 29.0844
400305 7.55247e+006 29.0844
400293 7.55245e+006 27.8195
400293 7.55245e+006 27.6484
400292 7.55245e+006 27.7094
400305 7.55247e+006 28.9728
400305 7.55247e+006 28.9134
400305 7.55247e+006 28.9134
400293 7.55245e+006 27.6484
400292 7.55245e+006 27.7094
400292 7.55245e+006 28.0233
400292 7.55245e+006 27.9414
400292 7.55245e+006 27.7094
400292 7.55245e+006 27.7094
400292 7.55245e+006 27.805
400292 7.55245e+006 28.0233
400292 7.55245e+006 28.1949
400293 7.55245e+006 28.1124
400292 7.55245e+006 27.9414
400292 7.55245e+006 27.9414
400292 7.55245e+006 28.0233
400292 7.55245e+006 28.1949
400292 7.55245e+006 28.1481
400293 7.55245e+006 28.0515
400293 7.55245e+006 28.1124
400293 7.55245e+006 28.1124
400292 7.55245e+006 28.1949
400292 7.55245e+006 28.1481
400292 7.55245e+006 27.9297
400293 7.55245e+006 27.8195
400293 7.55245e+006 28.0515
400293 7.55245e+006 28.0515
400292 7.55245e+006 28.1481
400292 7.55245e+006 27.9297
400292 7.55245e+006 27.7581
400293 7.55245e+006 27.6484
400293 7.55245e+006 27.8195
400293 7.55245e+006 27.8195
400292 7.55245e+006 27.9297
400292 7.55245e+006 27.7581
400292 7.55245e+006 27.805
400292 7.55245e+006 27.7094
400293 7.55245e+006 27.6484
400293 7.55245e+006 27.6484
400292 7.55245e+006 27.7581
400292 7.55245e+006 27.805
400292 7.55245e+006 28.3059
400292 7.55245e+006 28.0233
400292 7.55245e+006 27.805
400292 7.55245e+006 27.805
400291 7.55245e+006 28.1336
400292 7.55245e+006 28.3059
400292 7.55245e+006 28.4773
400292 7.55245e+006 28.1949
400292 7.55245e+006 28.0233
400292 7.55245e+006 28.0233
400292 7.55245e+006 28.3059
400292 7.55245e+006 28.4773
400292 7.55245e+006 28.4764
400292 7.55245e+006 28.1481
400292 7.55245e+006 28.1949
400292 7.55245e+006 28.1949
400292 7.55245e+006 28.4773
400292 7.55245e+006 28.4764
400292 7.55245e+006 28.3041
400292 7.55245e+006 27.9297
400292 7.55245e+006 28.1481
400292 7.55245e+006 28.1481
400292 7.55245e+006 28.4764
400292 7.55245e+006 28.3041
400292 7.55245e+006 28.1327
400292 7.55245e+006 27.7581
400292 7.55245e+006 27.9297
400292 7.55245e+006 27.9297
400292 7.55245e+006 28.3041
400292 7.55245e+006 28.1327
400291 7.55245e+006 28.1336
400292 7.55245e+006 27.805
400292 7.55245e+006 27.7581
400292 7.55245e+006 27.7581
400292 7.55245e+006 28.1327
400291 7.55245e+006 28.1336
400291 7.55245e+006 28.1336
400243 7.55245e+006 67.5413
400243 7.55245e+006 67.6948
400243 7.55245e+006 67.6948
400292 7.55245e+006 28.3059
400291 7.55245e+006 28.1336
400292 7.55245e+006 28.3059
400243 7.55245e+006 67.6948
400243 7.55245e+006 67.8659
400243 7.55245e+006 67.8659
400292 7.55245e+006 28.4773
400292 7.55245e+006 28.3059
400292 7.55245e+006 28.4773
400243 7.55245e+006 67.8659
400243 7.55245e+006 67.8834
400243 7.55245e+006 67.8834
400292 7.55245e+006 28.4764
400292 7.55245e+006 28.4773
400292 7.55245e+006 28.4764
400243 7.55245e+006 67.8834
400243 7.55245e+006 67.7299
400243 7.55245e+006 67.7299
400292 7.55245e+006 28.3041
400292 7.55245e+006 28.4764
400292 7.55245e+006 28.3041
400243 7.55245e+006 67.7299
400243 7.55245e+006 67.5588
400243 7.55245e+006 67.5588
400292 7.55245e+006 28.1327
400292 7.55245e+006 28.3041
400292 7.55245e+006 28.1327
400243 7.55245e+006 67.5588
400243 7.55245e+006 67.5413
400243 7.55245e+006 67.5413
400291 7.55245e+006 28.1336
400292 7.55245e+006 28.1327
400330 7.55245e+006 29.3633
400329 7.55245e+006 29.3633
400330 7.55245e+006 29.1871
400329 7.55245e+006 29.3633
400329 7.55245e+006 29.1871
400330 7.55245e+006 29.1871
400329 7.55245e+006 29.1871
400329 7.55245e+006 29.011
400330 7.55245e+006 29.1871
400329 7.55245e+006 29.011
400330 7.55245e+006 29.011
400330 7.55245e+006 29.1871
400243 7.55245e+006 67.8659
400243 7.55245e+006 67.6948
400243 7.55245e+006 67.5413
400243 7.55245e+006 67.8834
400243 7.55245e+006 67.8659
400243 7.55245e+006 67.5413
400243 7.55245e+006 67.7299
400243 7.55245e+006 67.8834
400243 7.55245e+006 67.5413
400243 7.55245e+006 67.5588
400243 7.55245e+006 67.7299
400243 7.55245e+006 67.5413
400328 7.55245e+006 29.1871
400328 7.55247e+006 29.1871
400328 7.55247e+006 29.3946
400328 7.55247e+006 29.3946
400328 7.55245e+006 29.3946
400328 7.55245e+006 29.1871
400328 7.55245e+006 29.3946
400328 7.55247e+006 29.3946
400328 7.55247e+006 29.3946
400328 7.55247e+006 29.3946
400328 7.55245e+006 29.3946
400328 7.55245e+006 29.3946
400328 7.55245e+006 29.3946
400328 7.55247e+006 29.3946
400328 7.55247e+006 29.1871
400328 7.55247e+006 29.1871
400328 7.55245e+006 29.1871
400328 7.55245e+006 29.3946
400328 7.55245e+006 29.1871
400328 7.55247e+006 29.1871
400328 7.55247e+006 28.9796
400328 7.55247e+006 28.9796
400328 7.55245e+006 28.9796
400328 7.55245e+006 29.1871
400328 7.55245e+006 28.9796
400328 7.55247e+006 28.9796
400328 7.55247e+006 28.9796
400328 7.55247e+006 28.9796
400328 7.55245e+006 28.9796
400328 7.55245e+006 28.9796
400328 7.55245e+006 28.9796
400328 7.55247e+006 28.9796
400328 7.55247e+006 29.1871
400328 7.55247e+006 29.1871
400328 7.55245e+006 29.1871
400328 7.55245e+006 28.9796
400328 7.55247e+006 29.3946
400328 7.55247e+006 29.3946
400328 7.55247e+006 29.1871
400328 7.55247e+006 29.1871
400328 7.55247e+006 29.1871
400328 7.55247e+006 29.3946
400328 7.55247e+006 29.3946
400328 7.55247e+006 29.3946
400328 7.55247e+006 29.3946
400328 7.55247e+006 29.3946
400328 7.55247e+006 29.3946
400328 7.55247e+006 29.3946
400328 7.55247e+006 29.1871
400328 7.55247e+006 29.1871
400328 7.55247e+006 29.3946
400328 7.55247e+006 29.3946
400328 7.55247e+006 29.3946
400328 7.55247e+006 29.1871
400328 7.55247e+006 28.9796
400328 7.55247e+006 28.9796
400328 7.55247e+006 29.1871
400328 7.55247e+006 29.1871
400328 7.55247e+006 29.1871
400328 7.55247e+006 28.9796
400328 7.55247e+006 28.9796
400328 7.55247e+006 28.9796
400328 7.55247e+006 28.9796
400328 7.55247e+006 28.9796
400328 7.55247e+006 28.9796
400328 7.55247e+006 28.9796
400328 7.55247e+006 29.1871
400328 7.55247e+006 29.1871
400328 7.55247e+006 28.9796
400328 7.55247e+006 28.9796
400328 7.55247e+006 28.9796
400328 7.55247e+006 29.1871
400327 7.55247e+006 29.3946
400328 7.55247e+006 29.3946
400328 7.55247e+006 29.1871
400328 7.55247e+006 29.1871
400327 7.55247e+006 29.1871
400327 7.55247e+006 29.3946
400327 7.55247e+006 29.3946
400328 7.55247e+006 29.3946
400328 7.55247e+006 29.3946
400328 7.55247e+006 29.3946
400327 7.55247e+006 29.3946
400327 7.55247e+006 29.3946
400327 7.55247e+006 29.1871
400328 7.55247e+006 29.1871
400328 7.55247e+006 29.3946
400328 7.55247e+006 29.3946
400327 7.55247e+006 29.3946
400327 7.55247e+006 29.1871
400327 7.55247e+006 28.9796
400328 7.55247e+006 28.9796
400328 7.55247e+006 29.1871
400328 7.55247e+006 29.1871
400327 7.55247e+006 29.1871
400327 7.55247e+006 28.9796
400327 7.55247e+006 28.9796
400328 7.55247e+006 28.9796
400328 7.55247e+006 28.9796
400328 7.55247e+006 28.9796
400327 7.55247e+006 28.9796
400327 7.55247e+006 28.9796
400327 7.55247e+006 29.1871
400328 7.55247e+006 29.1871
400328 7.55247e+006 28.9796
400328 7.55247e+006 28.9796
400327 7.55247e+006 28.9796
400327 7.55247e+006 29.1871
400307 7.55247e+006 29.3946
400327 7.55247e+006 29.3946
400327 7.55247e+006 29.1871
400327 7.55247e+006 29.1871
400307 7.55247e+006 29.1871
400307 7.55247e+006 29.3946
400307 7.55247e+006 29.3946
400327 7.55247e+006 29.3946
400327 7.55247e+006 29.3946
400327 7.55247e+006 29.3946
400307 7.55247e+006 29.3946
400307 7.55247e+006 29.3946
400307 7.55247e+006 29.1871
400327 7.55247e+006 29.1871
400327 7.55247e+006 29.3946
400327 7.55247e+006 29.3946
400307 7.55247e+006 29.3946
400307 7.55247e+006 29.1871
400307 7.55247e+006 28.9797
400327 7.55247e+006 28.9796
400327 7.55247e+006 29.1871
400327 7.55247e+006 29.1871
400307 7.55247e+006 29.1871
400307 7.55247e+006 28.9797
400307 7.55247e+006 28.9796
400327 7.55247e+006 28.9796
400327 7.55247e+006 28.9796
400327 7.55247e+006 28.9796
400307 7.55247e+006 28.9797
400307 7.55247e+006 28.9796
400307 7.55247e+006 29.1871
400327 7.55247e+006 29.1871
400327 7.55247e+006 28.9796
400327 7.55247e+006 28.9796
400307 7.55247e+006 28.9796
400307 7.55247e+006 29.1871
400306 7.55247e+006 29.3823
400307 7.55247e+006 29.3946
400307 7.55247e+006 29.1871
400307 7.55247e+006 29.1871
400306 7.55247e+006 29.1741
400306 7.55247e+006 29.3823
400306 7.55247e+006 29.3838
400307 7.55247e+006 29.3946
400307 7.55247e+006 29.3946
400307 7.55247e+006 29.3946
400306 7.55247e+006 29.3823
400306 7.55247e+006 29.3838
400306 7.55247e+006 29.1771
400307 7.55247e+006 29.1871
400307 7.55247e+006 29.3946
400307 7.55247e+006 29.3946
400306 7.55247e+006 29.3838
400306 7.55247e+006 29.1771
400306 7.55247e+006 28.969
400307 7.55247e+006 28.9797
400307 7.55247e+006 29.1871
400307 7.55247e+006 29.1871
400306 7.55247e+006 29.1771
400306 7.55247e+006 28.969
400306 7.55247e+006 28.9675
400307 7.55247e+006 28.9796
400307 7.55247e+006 28.9797
400307 7.55247e+006 28.9797
400306 7.55247e+006 28.969
400306 7.55247e+006 28.9675
400306 7.55247e+006 29.1741
400307 7.55247e+006 29.1871
400307 7.55247e+006 28.9796
400307 7.55247e+006 28.9796
400306 7.55247e+006 28.9675
400306 7.55247e+006 29.1741
400306 7.55247e+006 29.3481
400306 7.55247e+006 29.3823
400306 7.55247e+006 29.1741
400306 7.55247e+006 29.1741
400306 7.55247e+006 29.1381
400306 7.55247e+006 29.3481
400306 7.55247e+006 29.3538
400306 7.55247e+006 29.3838
400306 7.55247e+006 29.3823
400306 7.55247e+006 29.3823
400306 7.55247e+006 29.3481
400306 7.55247e+006 29.3538
400306 7.55247e+006 29.1495
400306 7.55247e+006 29.1771
400306 7.55247e+006 29.3838
400306 7.55247e+006 29.3838
400306 7.55247e+006 29.3538
400306 7.55247e+006 29.1495
400306 7.55247e+006 28.9395
400306 7.55247e+006 28.969
400306 7.55247e+006 29.1771
400306 7.55247e+006 29.1771
400306 7.55247e+006 29.1495
400306 7.55247e+006 28.9395
400306 7.55247e+006 28.9338
400306 7.55247e+006 28.9675
400306 7.55247e+006 28.969
400306 7.55247e+006 28.969
400306 7.55247e+006 28.9395
400306 7.55247e+006 28.9338
400306 7.55247e+006 29.1381
400306 7.55247e+006 29.1741
400306 7.55247e+006 28.9675
400306 7.55247e+006 28.9675
400306 7.55247e+006 28.9338
400306 7.55247e+006 29.1381
400293 7.55245e+006 28.0866
400306 7.55247e+006 29.3481
400306 7.55247e+006 29.1381
400306 7.55247e+006 29.1381
400293 7.55245e+006 27.8761
400293 7.55245e+006 28.0866
400293 7.55245e+006 28.0909
400306 7.55247e+006 29.3538
400306 7.55247e+006 29.3481
400306 7.55247e+006 29.3481
400293 7.55245e+006 28.0866
400293 7.55245e+006 28.0909
400294 7.55245e+006 27.8848
400306 7.55247e+006 29.1495
400306 7.55247e+006 29.3538
400306 7.55247e+006 29.3538
400293 7.55245e+006 28.0909
400294 7.55245e+006 27.8848
400293 7.55245e+006 27.6743
400306 7.55247e+006 28.9395
400306 7.55247e+006 29.1495
400306 7.55247e+006 29.1495
400294 7.55245e+006 27.8848
400293 7.55245e+006 27.6743
400293 7.55245e+006 27.67
400306 7.55247e+006 28.9338
400306 7.55247e+006 28.9395
400306 7.55247e+006 28.9395
400293 7.55245e+006 27.6743
400293 7.55245e+006 27.67
400293 7.55245e+006 27.8761
400306 7.55247e+006 29.1381
400306 7.55247e+006 28.9338
400306 7.55247e+006 28.9338
400293 7.55245e+006 27.67
400293 7.55245e+006 27.8761
400293 7.55245e+006 28.167
400293 7.55245e+006 28.0866
400293 7.55245e+006 27.8761
400293 7.55245e+006 27.8761
400293 7.55245e+006 27.9603
400293 7.55245e+006 28.167
400293 7.55245e+006 28.1833
400293 7.55245e+006 28.0909
400293 7.55245e+006 28.0866
400293 7.55245e+006 28.0866
400293 7.55245e+006 28.167
400293 7.55245e+006 28.1833
400293 7.55245e+006 27.9928
400294 7.55245e+006 27.8848
400293 7.55245e+006 28.0909
400293 7.55245e+006 28.0909
400293 7.55245e+006 28.1833
400293 7.55245e+006 27.9928
400293 7.55245e+006 27.786
400293 7.55245e+006 27.6743
400294 7.55245e+006 27.8848
400294 7.55245e+006 27.8848
400293 7.55245e+006 27.9928
400293 7.55245e+006 27.786
400293 7.55245e+006 27.7697
400293 7.55245e+006 27.67
400293 7.55245e+006 27.6743
400293 7.55245e+006 27.6743
400293 7.55245e+006 27.786
400293 7.55245e+006 27.7697
400293 7.55245e+006 27.9603
400293 7.55245e+006 27.8761
400293 7.55245e+006 27.67
400293 7.55245e+006 27.67
400293 7.55245e+006 27.7697
400293 7.55245e+006 27.9603
400292 7.55245e+006 28.4441
400293 7.55245e+006 28.167
400293 7.55245e+006 27.9603
400293 7.55245e+006 27.9603
400292 7.55245e+006 28.2515
400292 7.55245e+006 28.4441
400292 7.55245e+006 28.4976
400293 7.55245e+006 28.1833
400293 7.55245e+006 28.167
400293 7.55245e+006 28.167
400292 7.55245e+006 28.4441
400292 7.55245e+006 28.4976
400292 7.55245e+006 28.3585
400293 7.55245e+006 27.9928
400293 7.55245e+006 28.1833
400293 7.55245e+006 28.1833
400292 7.55245e+006 28.4976
400292 7.55245e+006 28.3585
400292 7.55245e+006 28.1659
400293 7.55245e+006 27.786
400293 7.55245e+006 27.9928
400293 7.55245e+006 27.9928
400292 7.55245e+006 28.3585
400292 7.55245e+006 28.1659
400292 7.55245e+006 28.1124
400293 7.55245e+006 27.7697
400293 7.55245e+006 27.786
400293 7.55245e+006 27.786
400292 7.55245e+006 28.1659
400292 7.55245e+006 28.1124
400292 7.55245e+006 28.2515
400293 7.55245e+006 27.9603
400293 7.55245e+006 27.7697
400293 7.55245e+006 27.7697
400292 7.55245e+006 28.1124
400292 7.55245e+006 28.2515
400292 7.55245e+006 28.2515
400243 7.55245e+006 67.6437
400243 7.55245e+006 67.8307
400243 7.55245e+006 67.8307
400292 7.55245e+006 28.4441
400292 7.55245e+006 28.2515
400292 7.55245e+006 28.4441
400243 7.55245e+006 67.8307
400243 7.55245e+006 67.8994
400243 7.55245e+006 67.8994
400292 7.55245e+006 28.4976
400292 7.55245e+006 28.4441
400292 7.55245e+006 28.4976
400243 7.55245e+006 67.8994
400243 7.55245e+006 67.781
400243 7.55245e+006 67.781
400292 7.55245e+006 28.3585
400292 7.55245e+006 28.4976
400292 7.55245e+006 28.3585
400243 7.55245e+006 67.781
400243 7.55245e+006 67.594
400243 7.55245e+006 67.594
400292 7.55245e+006 28.1659
400292 7.55245e+006 28.3585
400292 7.55245e+006 28.1659
400243 7.55245e+006 67.594
400243 7.55245e+006 67.5253
400243 7.55245e+006 67.5253
400292 7.55245e+006 28.1124
400292 7.55245e+006 28.1659
400292 7.55245e+006 28.1124
400243 7.55245e+006 67.5253
400243 7.55245e+006 67.6437
400243 7.55245e+006 67.6437
400292 7.55245e+006 28.2515
400292 7.55245e+006 28.1124
400328 7.55245e+006 29.3946
400328 7.55245e+006 29.3946
400328 7.55245e+006 29.1871
400328 7.55245e+006 29.3946
400328 7.55245e+006 29.1871
400328 7.55245e+006 29.1871
400328 7.55245e+006 29.1871
400328 7.55245e+006 28.9796
400328 7.55245e+006 29.1871
400328 7.55245e+006 28.9796
400328 7.55245e+006 28.9796
400328 7.55245e+006 29.1871
400243 7.55245e+006 67.8994
400243 7.55245e+006 67.8307
400243 7.55245e+006 67.6437
400243 7.55245e+006 67.781
400243 7.55245e+006 67.8994
400243 7.55245e+006 67.6437
400243 7.55245e+006 67.594
400243 7.55245e+006 67.781
400243 7.55245e+006 67.6437
400243 7.55245e+006 67.5253
400243 7.55245e+006 67.594
400243 7.55245e+006 67.6437
400327 7.55245e+006 29.1871
400327 7.55246e+006 30.6353
400327 7.55246e+006 30.8341
400327 7.55246e+006 30.8341
400327 7.55245e+006 29.383
400327 7.55245e+006 29.1871
400327 7.55245e+006 29.383
400327 7.55246e+006 30.8341
400327 7.55246e+006 30.8341
400327 7.55246e+006 30.8341
400327 7.55245e+006 29.383
400327 7.55245e+006 29.383
400327 7.55245e+006 29.383
400327 7.55246e+006 30.8341
400327 7.55246e+006 30.6353
400327 7.55246e+006 30.6353
400327 7.55245e+006 29.1871
400327 7.55245e+006 29.383
400327 7.55245e+006 29.1871
400327 7.55246e+006 30.6353
400327 7.55246e+006 30.4364
400327 7.55246e+006 30.4364
400327 7.55245e+006 28.9913
400327 7.55245e+006 29.1871
400327 7.55245e+006 28.9913
400327 7.55246e+006 30.4364
400327 7.55246e+006 30.4365
400327 7.55246e+006 30.4365
400327 7.55245e+006 28.9913
400327 7.55245e+006 28.9913
400327 7.55245e+006 28.9913
400327 7.55246e+006 30.4365
400327 7.55246e+006 30.6353
400327 7.55246e+006 30.6353
400327 7.55245e+006 29.1871
400327 7.55245e+006 28.9913
400327 7.55246e+006 31.0257
400327 7.55246e+006 30.8341
400327 7.55246e+006 30.6353
400327 7.55246e+006 30.6353
400327 7.55246e+006 30.8201
400327 7.55246e+006 31.0257
400327 7.55246e+006 31.0256
400327 7.55246e+006 30.8341
400327 7.55246e+006 30.8341
400327 7.55246e+006 30.8341
400327 7.55246e+006 31.0257
400327 7.55246e+006 31.0256
400327 7.55246e+006 30.82
400327 7.55246e+006 30.6353
400327 7.55246e+006 30.8341
400327 7.55246e+006 30.8341
400327 7.55246e+006 31.0256
400327 7.55246e+006 30.82
400327 7.55246e+006 30.6144
400327 7.55246e+006 30.4364
400327 7.55246e+006 30.6353
400327 7.55246e+006 30.6353
400327 7.55246e+006 30.82
400327 7.55246e+006 30.6144
400327 7.55246e+006 30.6145
400327 7.55246e+006 30.4365
400327 7.55246e+006 30.4364
400327 7.55246e+006 30.4364
400327 7.55246e+006 30.6144
400327 7.55246e+006 30.6145
400327 7.55246e+006 30.8201
400327 7.55246e+006 30.6353
400327 7.55246e+006 30.4365
400327 7.55246e+006 30.4365
400327 7.55246e+006 30.6145
400327 7.55246e+006 30.8201
400327 7.55246e+006 31.083
400327 7.55246e+006 31.0257
400327 7.55246e+006 30.8201
400327 7.55246e+006 30.8201
400327 7.55246e+006 30.8754
400327 7.55246e+006 31.083
400327 7.55246e+006 31.0829
400327 7.55246e+006 31.0256
400327 7.55246e+006 31.0257
400327 7.55246e+006 31.0257
400327 7.55246e+006 31.083
400327 7.55246e+006 31.0829
400327 7.55246e+006 30.8753
400327 7.55246e+006 30.82
400327 7.55246e+006 31.0256
400327 7.55246e+006 31.0256
400327 7.55246e+006 31.0829
400327 7.55246e+006 30.8753
400327 7.55246e+006 30.6677
400327 7.55246e+006 30.6144
400327 7.55246e+006 30.82
400327 7.55246e+006 30.82
400327 7.55246e+006 30.8753
400327 7.55246e+006 30.6677
400327 7.55246e+006 30.6678
400327 7.55246e+006 30.6145
400327 7.55246e+006 30.6144
400327 7.55246e+006 30.6144
400327 7.55246e+006 30.6677
400327 7.55246e+006 30.6678
400327 7.55246e+006 30.8754
400327 7.55246e+006 30.8201
400327 7.55246e+006 30.6145
400327 7.55246e+006 30.6145
400327 7.55246e+006 30.6678
400327 7.55246e+006 30.8754
400327 7.55247e+006 30.9275
400327 7.55246e+006 31.083
400327 7.55246e+006 30.8754
400327 7.55246e+006 30.8754
400327 7.55247e+006 30.7203
400327 7.55247e+006 30.9275
400327 7.55247e+006 30.9274
400327 7.55246e+006 31.0829
400327 7.55246e+006 31.083
400327 7.55246e+006 31.083
400327 7.55247e+006 30.9275
400327 7.55247e+006 30.9274
400327 7.55247e+006 30.7201
400327 7.55246e+006 30.8753
400327 7.55246e+006 31.0829
400327 7.55246e+006 31.0829
400327 7.55247e+006 30.9274
400327 7.55247e+006 30.7201
400327 7.55247e+006 30.5129
400327 7.55246e+006 30.6677
400327 7.55246e+006 30.8753
400327 7.55246e+006 30.8753
400327 7.55247e+006 30.7201
400327 7.55247e+006 30.5129
400327 7.55247e+006 30.513
400327 7.55246e+006 30.6678
400327 7.55246e+006 30.6677
400327 7.55246e+006 30.6677
400327 7.55247e+006 30.5129
400327 7.55247e+006 30.513
400327 7.55247e+006 30.7203
400327 7.55246e+006 30.8754
400327 7.55246e+006 30.6678
400327 7.55246e+006 30.6678
400327 7.55247e+006 30.513
400327 7.55247e+006 30.7203
400327 7.55247e+006 30.803
400327 7.55247e+006 30.9275
400327 7.55247e+006 30.7203
400327 7.55247e+006 30.7203
400327 7.55247e+006 30.6028
400327 7.55247e+006 30.803
400327 7.55247e+006 30.8035
400327 7.55247e+006 30.9274
400327 7.55247e+006 30.9275
400327 7.55247e+006 30.9275
400327 7.55247e+006 30.803
400327 7.55247e+006 30.8035
400327 7.55247e+006 30.6038
400327 7.55247e+006 30.7201
400327 7.55247e+006 30.9274
400327 7.55247e+006 30.9274
400327 7.55247e+006 30.8035
400327 7.55247e+006 30.6038
400327 7.55247e+006 30.4036
400327 7.55247e+006 30.5129
400327 7.55247e+006 30.7201
400327 7.55247e+006 30.7201
400327 7.55247e+006 30.6038
400327 7.55247e+006 30.4036
400327 7.55247e+006 30.4031
400327 7.55247e+006 30.513
400327 7.55247e+006 30.5129
400327 7.55247e+006 30.5129
400327 7.55247e+006 30.4036
400327 7.55247e+006 30.4031
400327 7.55247e+006 30.6028
400327 7.55247e+006 30.7203
400327 7.55247e+006 30.513
400327 7.55247e+006 30.513
400327 7.55247e+006 30.4031
400327 7.55247e+006 30.6028
400327 7.55247e+006 30.4615
400327 7.55247e+006 30.803
400327 7.55247e+006 30.6028
400327 7.55247e+006 30.6028
400327 7.55247e+006 30.2805
400327 7.55247e+006 30.4615
400327 7.55247e+006 30.4636
400327 7.55247e+006 30.8035
400327 7.55247e+006 30.803
400327 7.55247e+006 30.803
400327 7.55247e+006 30.4615
400327 7.55247e+006 30.4636
400327 7.55247e+006 30.2847
400327 7.55247e+006 30.6038
400327 7.55247e+006 30.8035
400327 7.55247e+006 30.8035
400327 7.55247e+006 30.4636
400327 7.55247e+006 30.2847
400327 7.55247e+006 30.1036
400327 7.55247e+006 30.4036
400327 7.55247e+006 30.6038
400327 7.55247e+006 30.6038
400327 7.55247e+006 30.2847
400327 7.55247e+006 30.1036
400327 7.55247e+006 30.1015
400327 7.55247e+006 30.4031
400327 7.55247e+006 30.4036
400327 7.55247e+006 30.4036
400327 7.55247e+006 30.1036
400327 7.55247e+006 30.1015
400327 7.55247e+006 30.2805
400327 7.55247e+006 30.6028
400327 7.55247e+006 30.4031
400327 7.55247e+006 30.4031
400327 7.55247e+006 30.1015
400327 7.55247e+006 30.2805
400327 7.55247e+006 29.7724
400327 7.55247e+006 30.4615
400327 7.55247e+006 30.2805
400327 7.55247e+006 30.2805
400327 7.55247e+006 29.5867
400327 7.55247e+006 29.7724
400327 7.55247e+006 29.8
400327 7.55247e+006 30.4636
400327 7.55247e+006 30.4615
400327 7.55247e+006 30.4615
400327 7.55247e+006 29.7724
400327 7.55247e+006 29.8
400327 7.55247e+006 29.6418
400327 7.55247e+006 30.2847
400327 7.55247e+006 30.4636
400327 7.55247e+006 30.4636
400327 7.55247e+006 29.8
400327 7.55247e+006 29.6418
400327 7.55247e+006 29.4561
400327 7.55247e+006 30.1036
400327 7.55247e+006 30.2847
400327 7.55247e+006 30.2847
400327 7.55247e+006 29.6418
400327 7.55247e+006 29.4561
400327 7.55247e+006 29.4286
400327 7.55247e+006 30.1015
400327 7.55247e+006 30.1036
400327 7.55247e+006 30.1036
400327 7.55247e+006 29.4561
400327 7.55247e+006 29.4286
400327 7.55247e+006 29.5867
400327 7.55247e+006 30.2805
400327 7.55247e+006 30.1015
400327 7.55247e+006 30.1015
400327 7.55247e+006 29.4286
400327 7.55247e+006 29.5867
400327 7.55247e+006 29.434
400327 7.55247e+006 29.7724
400327 7.55247e+006 29.5867
400327 7.55247e+006 29.5867
400327 7.55247e+006 29.2103
400327 7.55247e+006 29.434
400327 7.55247e+006 29.535
400327 7.55247e+006 29.8
400327 7.55247e+006 29.7724
400327 7.55247e+006 29.7724
400327 7.55247e+006 29.434
400327 7.55247e+006 29.535
400327 7.55247e+006 29.4123
400327 7.55247e+006 29.6418
400327 7.55247e+006 29.8
400327 7.55247e+006 29.8
400327 7.55247e+006 29.535
400327 7.55247e+006 29.4123
400327 7.55247e+006 29.1886
400327 7.55247e+006 29.4561
400327 7.55247e+006 29.6418
400327 7.55247e+006 29.6418
400327 7.55247e+006 29.4123
400327 7.55247e+006 29.1886
400327 7.55247e+006 29.0876
400327 7.55247e+006 29.4286
400327 7.55247e+006 29.4561
400327 7.55247e+006 29.4561
400327 7.55247e+006 29.1886
400327 7.55247e+006 29.0876
400327 7.55247e+006 29.2103
400327 7.55247e+006 29.5867
400327 7.55247e+006 29.4286
400327 7.55247e+006 29.4286
400327 7.55247e+006 29.0876
400327 7.55247e+006 29.2103
400326 7.55247e+006 29.2953
400327 7.55247e+006 29.434
400327 7.55247e+006 29.2103
400327 7.55247e+006 29.2103
400326 7.55247e+006 29.0561
400326 7.55247e+006 29.2953
400326 7.55247e+006 29.4263
400327 7.55247e+006 29.535
400327 7.55247e+006 29.434
400327 7.55247e+006 29.434
400326 7.55247e+006 29.2953
400326 7.55247e+006 29.4263
400326 7.55247e+006 29.3182
400327 7.55247e+006 29.4123
400327 7.55247e+006 29.535
400327 7.55247e+006 29.535
400326 7.55247e+006 29.4263
400326 7.55247e+006 29.3182
400326 7.55247e+006 29.0789
400327 7.55247e+006 29.1886
400327 7.55247e+006 29.4123
400327 7.55247e+006 29.4123
400326 7.55247e+006 29.3182
400326 7.55247e+006 29.0789
400326 7.55247e+006 28.9479
400327 7.55247e+006 29.0876
400327 7.55247e+006 29.1886
400327 7.55247e+006 29.1886
400326 7.55247e+006 29.0789
400326 7.55247e+006 28.9479
400326 7.55247e+006 29.0561
400327 7.55247e+006 29.2103
400327 7.55247e+006 29.0876
400327 7.55247e+006 29.0876
400326 7.55247e+006 28.9479
400326 7.55247e+006 29.0561
400307 7.55247e+006 29.2938
400326 7.55247e+006 29.2953
400326 7.55247e+006 29.0561
400326 7.55247e+006 29.0561
400307 7.55247e+006 29.0546
400307 7.55247e+006 29.2938
400307 7.55247e+006 29.4262
400326 7.55247e+006 29.4263
400326 7.55247e+006 29.2953
400326 7.55247e+006 29.2953
400307 7.55247e+006 29.2938
400307 7.55247e+006 29.4262
400307 7.55247e+006 29.3196
400326 7.55247e+006 29.3182
400326 7.55247e+006 29.4263
400326 7.55247e+006 29.4263
400307 7.55247e+006 29.4262
400307 7.55247e+006 29.3196
400307 7.55247e+006 29.0805
400326 7.55247e+006 29.0789
400326 7.55247e+006 29.3182
400326 7.55247e+006 29.3182
400307 7.55247e+006 29.3196
400307 7.55247e+006 29.0805
400307 7.55247e+006 28.948
400326 7.55247e+006 28.9479
400326 7.55247e+006 29.0789
400326 7.55247e+006 29.0789
400307 7.55247e+006 29.0805
400307 7.55247e+006 28.948
400307 7.55247e+006 29.0546
400326 7.55247e+006 29.0561
400326 7.55247e+006 28.9479
400326 7.55247e+006 28.9479
400307 7.55247e+006 28.948
400307 7.55247e+006 29.0546
400306 7.55247e+006 29.2809
400307 7.55247e+006 29.2938
400307 7.55247e+006 29.0546
400307 7.55247e+006 29.0546
400306 7.55247e+006 29.042
400306 7.55247e+006 29.2809
400306 7.55247e+006 29.4146
400307 7.55247e+006 29.4262
400307 7.55247e+006 29.2938
400307 7.55247e+006 29.2938
400306 7.55247e+006 29.2809
400306 7.55247e+006 29.4146
400306 7.55247e+006 29.3093
400307 7.55247e+006 29.3196
400307 7.55247e+006 29.4262
400307 7.55247e+006 29.4262
400306 7.55247e+006 29.4146
400306 7.55247e+006 29.3093
400306 7.55247e+006 29.0704
400307 7.55247e+006 29.0805
400307 7.55247e+006 29.3196
400307 7.55247e+006 29.3196
400306 7.55247e+006 29.3093
400306 7.55247e+006 29.0704
400306 7.55247e+006 28.9367
400307 7.55247e+006 28.948
400307 7.55247e+006 29.0805
400307 7.55247e+006 29.0805
400306 7.55247e+006 29.0704
400306 7.55247e+006 28.9367
400306 7.55247e+006 29.042
400307 7.55247e+006 29.0546
400307 7.55247e+006 28.948
400307 7.55247e+006 28.948
400306 7.55247e+006 28.9367
400306 7.55247e+006 29.042
400306 7.55247e+006 29.2452
400306 7.55247e+006 29.2809
400306 7.55247e+006 29.042
400306 7.55247e+006 29.042
400306 7.55247e+006 29.0068
400306 7.55247e+006 29.2452
400306 7.55247e+006 29.3822
400306 7.55247e+006 29.4146
400306 7.55247e+006 29.2809
400306 7.55247e+006 29.2809
400306 7.55247e+006 29.2452
400306 7.55247e+006 29.3822
400306 7.55247e+006 29.2809
400306 7.55247e+006 29.3093
400306 7.55247e+006 29.4146
400306 7.55247e+006 29.4146
400306 7.55247e+006 29.3822
400306 7.55247e+006 29.2809
400306 7.55247e+006 29.0425
400306 7.55247e+006 29.0704
400306 7.55247e+006 29.3093
400306 7.55247e+006 29.3093
400306 7.55247e+006 29.2809
400306 7.55247e+006 29.0425
400306 7.55247e+006 28.9054
400306 7.55247e+006 28.9367
400306 7.55247e+006 29.0704
400306 7.55247e+006 29.0704
400306 7.55247e+006 29.0425
400306 7.55247e+006 28.9054
400306 7.55247e+006 29.0068
400306 7.55247e+006 29.042
400306 7.55247e+006 28.9367
400306 7.55247e+006 28.9367
400306 7.55247e+006 28.9054
400306 7.55247e+006 29.0068
400293 7.55245e+006 27.9836
400306 7.55247e+006 29.2452
400306 7.55247e+006 29.0068
400306 7.55247e+006 29.0068
400293 7.55245e+006 27.7438
400293 7.55245e+006 27.9836
400294 7.55245e+006 28.1202
400306 7.55247e+006 29.3822
400306 7.55247e+006 29.2452
400306 7.55247e+006 29.2452
400293 7.55245e+006 27.9836
400294 7.55245e+006 28.1202
400294 7.55245e+006 28.0171
400306 7.55247e+006 29.2809
400306 7.55247e+006 29.3822
400306 7.55247e+006 29.3822
400294 7.55245e+006 28.1202
400294 7.55245e+006 28.0171
400294 7.55245e+006 27.7773
400306 7.55247e+006 29.0425
400306 7.55247e+006 29.2809
400306 7.55247e+006 29.2809
400294 7.55245e+006 28.0171
400294 7.55245e+006 27.7773
400294 7.55245e+006 27.6407
400306 7.55247e+006 28.9054
400306 7.55247e+006 29.0425
400306 7.55247e+006 29.0425
400294 7.55245e+006 27.7773
400294 7.55245e+006 27.6407
400293 7.55245e+006 27.7438
400306 7.55247e+006 29.0068
400306 7.55247e+006 28.9054
400306 7.55247e+006 28.9054
400294 7.55245e+006 27.6407
400293 7.55245e+006 27.7438
400293 7.55245e+006 28.0639
400293 7.55245e+006 27.9836
400293 7.55245e+006 27.7438
400293 7.55245e+006 27.7438
400293 7.55245e+006 27.836
400293 7.55245e+006 28.0639
400293 7.55245e+006 28.2044
400294 7.55245e+006 28.1202
400293 7.55245e+006 27.9836
400293 7.55245e+006 27.9836
400293 7.55245e+006 28.0639
400293 7.55245e+006 28.2044
400293 7.55245e+006 28.117
400294 7.55245e+006 28.0171
400294 7.55245e+006 28.1202
400294 7.55245e+006 28.1202
400293 7.55245e+006 28.2044
400293 7.55245e+006 28.117
400293 7.55245e+006 27.8891
400294 7.55245e+006 27.7773
400294 7.55245e+006 28.0171
400294 7.55245e+006 28.0171
400293 7.55245e+006 28.117
400293 7.55245e+006 27.8891
400293 7.55245e+006 27.7486
400294 7.55245e+006 27.6407
400294 7.55245e+006 27.7773
400294 7.55245e+006 27.7773
400293 7.55245e+006 27.8891
400293 7.55245e+006 27.7486
400293 7.55245e+006 27.836
400293 7.55245e+006 27.7438
400294 7.55245e+006 27.6407
400294 7.55245e+006 27.6407
400293 7.55245e+006 27.7486
400293 7.55245e+006 27.836
400293 7.55245e+006 28.3422
400293 7.55245e+006 28.0639
400293 7.55245e+006 27.836
400293 7.55245e+006 27.836
400292 7.55245e+006 28.1543
400293 7.55245e+006 28.3422
400293 7.55245e+006 28.4929
400293 7.55245e+006 28.2044
400293 7.55245e+006 28.0639
400293 7.55245e+006 28.0639
400293 7.55245e+006 28.3422
400293 7.55245e+006 28.4929
400293 7.55245e+006 28.4557
400293 7.55245e+006 28.117
400293 7.55245e+006 28.2044
400293 7.55245e+006 28.2044
400293 7.55245e+006 28.4929
400293 7.55245e+006 28.4557
400293 7.55245e+006 28.2678
400293 7.55245e+006 27.8891
400293 7.55245e+006 28.117
400293 7.55245e+006 28.117
400293 7.55245e+006 28.4557
400293 7.55245e+006 28.2678
400293 7.55245e+006 28.1171
400293 7.55245e+006 27.7486
400293 7.55245e+006 27.8891
400293 7.55245e+006 27.8891
400293 7.55245e+006 28.2678
400293 7.55245e+006 28.1171
400292 7.55245e+006 28.1543
400293 7.55245e+006 27.836
400293 7.55245e+006 27.7486
400293 7.55245e+006 27.7486
400293 7.55245e+006 28.1171
400292 7.55245e+006 28.1543
400292 7.55245e+006 28.1543
400243 7.55245e+006 67.5572
400243 7.55245e+006 67.7293
400243 7.55245e+006 67.7293
400293 7.55245e+006 28.3422
400292 7.55245e+006 28.1543
400293 7.55245e+006 28.3422
400243 7.55245e+006 67.7293
400243 7.55245e+006 67.8844
400243 7.55245e+006 67.8844
400293 7.55245e+006 28.4929
400293 7.55245e+006 28.3422
400293 7.55245e+006 28.4929
400243 7.55245e+006 67.8844
400243 7.55245e+006 67.8675
400243 7.55245e+006 67.8675
400293 7.55245e+006 28.4557
400293 7.55245e+006 28.4929
400293 7.55245e+006 28.4557
400243 7.55245e+006 67.8675
400243 7.55245e+006 67.6954
400243 7.55245e+006 67.6954
400293 7.55245e+006 28.2678
400293 7.55245e+006 28.4557
400293 7.55245e+006 28.2678
400243 7.55245e+006 67.6954
400243 7.55245e+006 67.5403
400243 7.55245e+006 67.5403
400293 7.55245e+006 28.1171
400293 7.55245e+006 28.2678
400293 7.55245e+006 28.1171
400243 7.55245e+006 67.5403
400243 7.55245e+006 67.5572
400243 7.55245e+006 67.5572
400292 7.55245e+006 28.1543
400293 7.55245e+006 28.1171
400327 7.55245e+006 29.383
400327 7.55245e+006 29.383
400327 7.55245e+006 29.1871
400327 7.55245e+006 29.383
400327 7.55245e+006 29.1871
400327 7.55245e+006 29.1871
400327 7.55245e+006 29.1871
400327 7.55245e+006 28.9913
400327 7.55245e+006 29.1871
400327 7.55245e+006 28.9913
400327 7.55245e+006 28.9913
400327 7.55245e+006 29.1871
400243 7.55245e+006 67.8844
400243 7.55245e+006 67.7293
400243 7.55245e+006 67.5572
400243 7.55245e+006 67.8675
400243 7.55245e+006 67.8844
400243 7.55245e+006 67.5572
400243 7.55245e+006 67.6954
400243 7.55245e+006 67.8675
400243 7.55245e+006 67.5572
400243 7.55245e+006 67.5403
400243 7.55245e+006 67.6954
400243 7.55245e+006 67.5572
400329 7.55245e+006 29.1871
400329 7.55246e+006 30.5737
400329 7.55246e+006 30.7751
400329 7.55246e+006 30.7751
400329 7.55245e+006 29.3861
400329 7.55245e+006 29.1871
400329 7.55245e+006 29.3861
400329 7.55246e+006 30.7751
400329 7.55246e+006 30.7753
400329 7.55246e+006 30.7753
400329 7.55245e+006 29.3861
400329 7.55245e+006 29.3861
400329 7.55245e+006 29.3861
400329 7.55246e+006 30.7753
400329 7.55246e+006 30.5741
400329 7.55246e+006 30.5741
400329 7.55245e+006 29.1871
400329 7.55245e+006 29.3861
400329 7.55245e+006 29.1871
400329 7.55246e+006 30.5741
400329 7.55246e+006 30.3727
400329 7.55246e+006 30.3727
400329 7.55245e+006 28.9881
400329 7.55245e+006 29.1871
400329 7.55245e+006 28.9881
400329 7.55246e+006 30.3727
400329 7.55246e+006 30.3725
400329 7.55246e+006 30.3725
400329 7.55245e+006 28.9881
400329 7.55245e+006 28.9881
400329 7.55245e+006 28.9881
400329 7.55246e+006 30.3725
400329 7.55246e+006 30.5737
400329 7.55246e+006 30.5737
400329 7.55245e+006 29.1871
400329 7.55245e+006 28.9881
400329 7.55246e+006 30.9353
400329 7.55246e+006 30.7751
400329 7.55246e+006 30.5737
400329 7.55246e+006 30.5737
400329 7.55246e+006 30.7285
400329 7.55246e+006 30.9353
400329 7.55246e+006 30.936
400329 7.55246e+006 30.7753
400329 7.55246e+006 30.7751
400329 7.55246e+006 30.7751
400329 7.55246e+006 30.9353
400329 7.55246e+006 30.936
400329 7.55246e+006 30.7299
400329 7.55246e+006 30.5741
400329 7.55246e+006 30.7753
400329 7.55246e+006 30.7753
400329 7.55246e+006 30.936
400329 7.55246e+006 30.7299
400329 7.55246e+006 30.5232
400329 7.55246e+006 30.3727
400329 7.55246e+006 30.5741
400329 7.55246e+006 30.5741
400329 7.55246e+006 30.7299
400329 7.55246e+006 30.5232
400329 7.55246e+006 30.5225
400329 7.55246e+006 30.3725
400329 7.55246e+006 30.3727
400329 7.55246e+006 30.3727
400329 7.55246e+006 30.5232
400329 7.55246e+006 30.5225
400329 7.55246e+006 30.7285
400329 7.55246e+006 30.5737
400329 7.55246e+006 30.3725
400329 7.55246e+006 30.3725
400329 7.55246e+006 30.5225
400329 7.55246e+006 30.7285
400329 7.55246e+006 30.9741
400329 7.55246e+006 30.9353
400329 7.55246e+006 30.7285
400329 7.55246e+006 30.7285
400329 7.55246e+006 30.7661
400329 7.55246e+006 30.9741
400329 7.55246e+006 30.9749
400329 7.55246e+006 30.936
400329 7.55246e+006 30.9353
400329 7.55246e+006 30.9353
400329 7.55246e+006 30.9741
400329 7.55246e+006 30.9749
400329 7.55246e+006 30.7677
400329 7.55246e+006 30.7299
400329 7.55246e+006 30.936
400329 7.55246e+006 30.936
400329 7.55246e+006 30.9749
400329 7.55246e+006 30.7677
400329 7.55246e+006 30.5596
400329 7.55246e+006 30.5232
400329 7.55246e+006 30.7299
400329 7.55246e+006 30.7299
400329 7.55246e+006 30.7677
400329 7.55246e+006 30.5596
400329 7.55246e+006 30.5588
400329 7.55246e+006 30.5225
400329 7.55246e+006 30.5232
400329 7.55246e+006 30.5232
400329 7.55246e+006 30.5596
400329 7.55246e+006 30.5588
400329 7.55246e+006 30.7661
400329 7.55246e+006 30.7285
400329 7.55246e+006 30.5225
400329 7.55246e+006 30.5225
400329 7.55246e+006 30.5588
400329 7.55246e+006 30.7661
400329 7.55247e+006 30.5643
400329 7.55246e+006 30.9741
400329 7.55246e+006 30.7661
400329 7.55246e+006 30.7661
400329 7.55247e+006 30.3574
400329 7.55247e+006 30.5643
400329 7.55247e+006 30.565
400329 7.55246e+006 30.9749
400329 7.55246e+006 30.9741
400329 7.55246e+006 30.9741
400329 7.55247e+006 30.5643
400329 7.55247e+006 30.565
400329 7.55247e+006 30.3589
400329 7.55246e+006 30.7677
400329 7.55246e+006 30.9749
400329 7.55246e+006 30.9749
400329 7.55247e+006 30.565
400329 7.55247e+006 30.3589
400329 7.55247e+006 30.152
400329 7.55246e+006 30.5596
400329 7.55246e+006 30.7677
400329 7.55246e+006 30.7677
400329 7.55247e+006 30.3589
400329 7.55247e+006 30.152
400329 7.55247e+006 30.1513
400329 7.55246e+006 30.5588
400329 7.55246e+006 30.5596
400329 7.55246e+006 30.5596
400329 7.55247e+006 30.152
400329 7.55247e+006 30.1513
400329 7.55247e+006 30.3574
400329 7.55246e+006 30.7661
400329 7.55246e+006 30.5588
400329 7.55246e+006 30.5588
400329 7.55247e+006 30.1513
400329 7.55247e+006 30.3574
400329 7.55247e+006 30.3728
400329 7.55247e+006 30.5643
400329 7.55247e+006 30.3574
400329 7.55247e+006 30.3574
400329 7.55247e+006 30.194
400329 7.55247e+006 30.3728
400329 7.55247e+006 30.3723
400329 7.55247e+006 30.565
400329 7.55247e+006 30.5643
400329 7.55247e+006 30.5643
400329 7.55247e+006 30.3728
400329 7.55247e+006 30.3723
400329 7.55247e+006 30.1931
400329 7.55247e+006 30.3589
400329 7.55247e+006 30.565
400329 7.55247e+006 30.565
400329 7.55247e+006 30.3723
400329 7.55247e+006 30.1931
400329 7.55247e+006 30.0144
400329 7.55247e+006 30.152
400329 7.55247e+006 30.3589
400329 7.55247e+006 30.3589
400329 7.55247e+006 30.1931
400329 7.55247e+006 30.0144
400329 7.55247e+006 30.0148
400329 7.55247e+006 30.1513
400329 7.55247e+006 30.152
400329 7.55247e+006 30.152
400329 7.55247e+006 30.0144
400329 7.55247e+006 30.0148
400329 7.55247e+006 30.194
400329 7.55247e+006 30.3574
400329 7.55247e+006 30.1513
400329 7.55247e+006 30.1513
400329 7.55247e+006 30.0148
400329 7.55247e+006 30.194
400329 7.55247e+006 29.9053
400329 7.55247e+006 30.3728
400329 7.55247e+006 30.194
400329 7.55247e+006 30.194
400329 7.55247e+006 29.7699
400329 7.55247e+006 29.9053
400329 7.55247e+006 29.9028
400329 7.55247e+006 30.3723
400329 7.55247e+006 30.3728
400329 7.55247e+006 30.3728
400329 7.55247e+006 29.9053
400329 7.55247e+006 29.9028
400329 7.55247e+006 29.765
400329 7.55247e+006 30.1931
400329 7.55247e+006 30.3723
400329 7.55247e+006 30.3723
400329 7.55247e+006 29.9028
400329 7.55247e+006 29.765
400329 7.55247e+006 29.6295
400329 7.55247e+006 30.0144
400329 7.55247e+006 30.1931
400329 7.55247e+006 30.1931
400329 7.55247e+006 29.765
400329 7.55247e+006 29.6295
400329 7.55247e+006 29.632
400329 7.55247e+006 30.0148
400329 7.55247e+006 30.0144
400329 7.55247e+006 30.0144
400329 7.55247e+006 29.6295
400329 7.55247e+006 29.632
400329 7.55247e+006 29.7699
400329 7.55247e+006 30.194
400329 7.55247e+006 30.0148
400329 7.55247e+006 30.0148
400329 7.55247e+006 29.632
400329 7.55247e+006 29.7699
400329 7.55247e+006 29.8756
400329 7.55247e+006 29.9053
400329 7.55247e+006 29.7699
400329 7.55247e+006 29.7699
400329 7.55247e+006 29.722
400329 7.55247e+006 29.8756
400329 7.55247e+006 29.9096
400329 7.55247e+006 29.9028
400329 7.55247e+006 29.9053
400329 7.55247e+006 29.9053
400329 7.55247e+006 29.8756
400329 7.55247e+006 29.9096
400329 7.55247e+006 29.7898
400329 7.55247e+006 29.765
400329 7.55247e+006 29.9028
400329 7.55247e+006 29.9028
400329 7.55247e+006 29.9096
400329 7.55247e+006 29.7898
400329 7.55247e+006 29.6362
400329 7.55247e+006 29.6295
400329 7.55247e+006 29.765
400329 7.55247e+006 29.765
400329 7.55247e+006 29.7898
400329 7.55247e+006 29.6362
400329 7.55247e+006 29.6023
400329 7.55247e+006 29.632
400329 7.55247e+006 29.6295
400329 7.55247e+006 29.6295
400329 7.55247e+006 29.6362
400329 7.55247e+006 29.6023
400329 7.55247e+006 29.722
400329 7.55247e+006 29.7699
400329 7.55247e+006 29.632
400329 7.55247e+006 29.632
400329 7.55247e+006 29.6023
400329 7.55247e+006 29.722
400329 7.55247e+006 29.4211
400329 7.55247e+006 29.8756
400329 7.55247e+006 29.722
400329 7.55247e+006 29.722
400329 7.55247e+006 29.2164
400329 7.55247e+006 29.4211
400328 7.55247e+006 29.5594
400329 7.55247e+006 29.9096
400329 7.55247e+006 29.8756
400329 7.55247e+006 29.8756
400329 7.55247e+006 29.4211
400328 7.55247e+006 29.5594
400328 7.55247e+006 29.493
400329 7.55247e+006 29.7898
400329 7.55247e+006 29.9096
400329 7.55247e+006 29.9096
400328 7.55247e+006 29.5594
400328 7.55247e+006 29.493
400328 7.55247e+006 29.2883
400329 7.55247e+006 29.6362
400329 7.55247e+006 29.7898
400329 7.55247e+006 29.7898
400328 7.55247e+006 29.493
400328 7.55247e+006 29.2883
400329 7.55247e+006 29.15
400329 7.55247e+006 29.6023
400329 7.55247e+006 29.6362
400329 7.55247e+006 29.6362
400328 7.55247e+006 29.2883
400329 7.55247e+006 29.15
400329 7.55247e+006 29.2164
400329 7.55247e+006 29.722
400329 7.55247e+006 29.6023
400329 7.55247e+006 29.6023
400329 7.55247e+006 29.15
400329 7.55247e+006 29.2164
400328 7.55247e+006 29.2312
400329 7.55247e+006 29.4211
400329 7.55247e+006 29.2164
400329 7.55247e+006 29.2164
400328 7.55247e+006 29.0052
400328 7.55247e+006 29.2312
400328 7.55247e+006 29.4131
400328 7.55247e+006 29.5594
400329 7.55247e+006 29.4211
400329 7.55247e+006 29.4211
400328 7.55247e+006 29.2312
400328 7.55247e+006 29.4131
400328 7.55247e+006 29.369
400328 7.55247e+006 29.493
400328 7.55247e+006 29.5594
400328 7.55247e+006 29.5594
400328 7.55247e+006 29.4131
400328 7.55247e+006 29.369
400328 7.55247e+006 29.143
400328 7.55247e+006 29.2883
400328 7.55247e+006 29.493
400328 7.55247e+006 29.493
400328 7.55247e+006 29.369
400328 7.55247e+006 29.143
400328 7.55247e+006 28.9611
400329 7.55247e+006 29.15
400328 7.55247e+006 29.2883
400328 7.55247e+006 29.2883
400328 7.55247e+006 29.143
400328 7.55247e+006 28.9611
400328 7.55247e+006 29.0052
400329 7.55247e+006 29.2164
400329 7.55247e+006 29.15
400329 7.55247e+006 29.15
400328 7.55247e+006 28.9611
400328 7.55247e+006 29.0052
400307 7.55247e+006 29.2289
400328 7.55247e+006 29.2312
400328 7.55247e+006 29.0052
400328 7.55247e+006 29.0052
400307 7.55247e+006 29.0037
400307 7.55247e+006 29.2289
400307 7.55247e+006 29.4123
400328 7.55247e+006 29.4131
400328 7.55247e+006 29.2312
400328 7.55247e+006 29.2312
400307 7.55247e+006 29.2289
400307 7.55247e+006 29.4123
400307 7.55247e+006 29.3705
400328 7.55247e+006 29.369
400328 7.55247e+006 29.4131
400328 7.55247e+006 29.4131
400307 7.55247e+006 29.4123
400307 7.55247e+006 29.3705
400307 7.55247e+006 29.1453
400328 7.55247e+006 29.143
400328 7.55247e+006 29.369
400328 7.55247e+006 29.369
400307 7.55247e+006 29.3705
400307 7.55247e+006 29.1453
400307 7.55247e+006 28.9619
400328 7.55247e+006 28.9611
400328 7.55247e+006 29.143
400328 7.55247e+006 29.143
400307 7.55247e+006 29.1453
400307 7.55247e+006 28.9619
400307 7.55247e+006 29.0037
400328 7.55247e+006 29.0052
400328 7.55247e+006 28.9611
400328 7.55247e+006 28.9611
400307 7.55247e+006 28.9619
400307 7.55247e+006 29.0037
400306 7.55247e+006 29.2159
400307 7.55247e+006 29.2289
400307 7.55247e+006 29.0037
400307 7.55247e+006 29.0037
400306 7.55247e+006 28.9913
400306 7.55247e+006 29.2159
400306 7.55247e+006 29.4002
400307 7.55247e+006 29.4123
400307 7.55247e+006 29.2289
400307 7.55247e+006 29.2289
400306 7.55247e+006 29.2159
400306 7.55247e+006 29.4002
400306 7.55247e+006 29.3599
400307 7.55247e+006 29.3705
400307 7.55247e+006 29.4123
400307 7.55247e+006 29.4123
400306 7.55247e+006 29.4002
400306 7.55247e+006 29.3599
400306 7.55247e+006 29.1353
400307 7.55247e+006 29.1453
400307 7.55247e+006 29.3705
400307 7.55247e+006 29.3705
400306 7.55247e+006 29.3599
400306 7.55247e+006 29.1353
400306 7.55247e+006 28.951
400307 7.55247e+006 28.9619
400307 7.55247e+006 29.1453
400307 7.55247e+006 29.1453
400306 7.55247e+006 29.1353
400306 7.55247e+006 28.951
400306 7.55247e+006 28.9913
400307 7.55247e+006 29.0037
400307 7.55247e+006 28.9619
400307 7.55247e+006 28.9619
400306 7.55247e+006 28.951
400306 7.55247e+006 28.9913
400305 7.55247e+006 29.18
400306 7.55247e+006 29.2159
400306 7.55247e+006 28.9913
400306 7.55247e+006 28.9913
400305 7.55247e+006 28.9571
400305 7.55247e+006 29.18
400305 7.55247e+006 29.3667
400306 7.55247e+006 29.4002
400306 7.55247e+006 29.2159
400306 7.55247e+006 29.2159
400305 7.55247e+006 29.18
400305 7.55247e+006 29.3667
400306 7.55247e+006 29.3306
400306 7.55247e+006 29.3599
400306 7.55247e+006 29.4002
400306 7.55247e+006 29.4002
400305 7.55247e+006 29.3667
400306 7.55247e+006 29.3306
400306 7.55247e+006 29.1077
400306 7.55247e+006 29.1353
400306 7.55247e+006 29.3599
400306 7.55247e+006 29.3599
400306 7.55247e+006 29.3306
400306 7.55247e+006 29.1077
400306 7.55247e+006 28.9209
400306 7.55247e+006 28.951
400306 7.55247e+006 29.1353
400306 7.55247e+006 29.1353
400306 7.55247e+006 29.1077
400306 7.55247e+006 28.9209
400305 7.55247e+006 28.9571
400306 7.55247e+006 28.9913
400306 7.55247e+006 28.951
400306 7.55247e+006 28.951
400306 7.55247e+006 28.9209
400305 7.55247e+006 28.9571
400293 7.55245e+006 27.9181
400305 7.55247e+006 29.18
400305 7.55247e+006 28.9571
400305 7.55247e+006 28.9571
400293 7.55245e+006 27.6935
400293 7.55245e+006 27.9181
400293 7.55245e+006 28.105
400305 7.55247e+006 29.3667
400305 7.55247e+006 29.18
400305 7.55247e+006 29.18
400293 7.55245e+006 27.9181
400293 7.55245e+006 28.105
400293 7.55245e+006 28.0674
400306 7.55247e+006 29.3306
400305 7.55247e+006 29.3667
400305 7.55247e+006 29.3667
400293 7.55245e+006 28.105
400293 7.55245e+006 28.0674
400293 7.55245e+006 27.8428
400306 7.55247e+006 29.1077
400306 7.55247e+006 29.3306
400306 7.55247e+006 29.3306
400293 7.55245e+006 28.0674
400293 7.55245e+006 27.8428
400293 7.55245e+006 27.6558
400306 7.55247e+006 28.9209
400306 7.55247e+006 29.1077
400306 7.55247e+006 29.1077
400293 7.55245e+006 27.8428
400293 7.55245e+006 27.6558
400293 7.55245e+006 27.6935
400305 7.55247e+006 28.9571
400306 7.55247e+006 28.9209
400306 7.55247e+006 28.9209
400293 7.55245e+006 27.6558
400293 7.55245e+006 27.6935
400292 7.55245e+006 28.0007
400293 7.55245e+006 27.9181
400293 7.55245e+006 27.6935
400293 7.55245e+006 27.6935
400292 7.55245e+006 27.7906
400292 7.55245e+006 28.0007
400293 7.55245e+006 28.1866
400293 7.55245e+006 28.105
400293 7.55245e+006 27.9181
400293 7.55245e+006 27.9181
400292 7.55245e+006 28.0007
400293 7.55245e+006 28.1866
400293 7.55245e+006 28.1625
400293 7.55245e+006 28.0674
400293 7.55245e+006 28.105
400293 7.55245e+006 28.105
400293 7.55245e+006 28.1866
400293 7.55245e+006 28.1625
400293 7.55245e+006 27.9523
400293 7.55245e+006 27.8428
400293 7.55245e+006 28.0674
400293 7.55245e+006 28.0674
400293 7.55245e+006 28.1625
400293 7.55245e+006 27.9523
400292 7.55245e+006 27.7664
400293 7.55245e+006 27.6558
400293 7.55245e+006 27.8428
400293 7.55245e+006 27.8428
400293 7.55245e+006 27.9523
400292 7.55245e+006 27.7664
400292 7.55245e+006 27.7906
400293 7.55245e+006 27.6935
400293 7.55245e+006 27.6558
400293 7.55245e+006 27.6558
400292 7.55245e+006 27.7664
400292 7.55245e+006 27.7906
400292 7.55245e+006 28.286
400292 7.55245e+006 28.0007
400292 7.55245e+006 27.7906
400292 7.55245e+006 27.7906
400292 7.55245e+006 28.1243
400292 7.55245e+006 28.286
400292 7.55245e+006 28.4667
400293 7.55245e+006 28.1866
400292 7.55245e+006 28.0007
400292 7.55245e+006 28.0007
400292 7.55245e+006 28.286
400292 7.55245e+006 28.4667
400292 7.55245e+006 28.4857
400293 7.55245e+006 28.1625
400293 7.55245e+006 28.1866
400293 7.55245e+006 28.1866
400292 7.55245e+006 28.4667
400292 7.55245e+006 28.4857
400292 7.55245e+006 28.324
400293 7.55245e+006 27.9523
400293 7.55245e+006 28.1625
400293 7.55245e+006 28.1625
400292 7.55245e+006 28.4857
400292 7.55245e+006 28.324
400292 7.55245e+006 28.1433
400292 7.55245e+006 27.7664
400293 7.55245e+006 27.9523
400293 7.55245e+006 27.9523
400292 7.55245e+006 28.324
400292 7.55245e+006 28.1433
400292 7.55245e+006 28.1243
400292 7.55245e+006 27.7906
400292 7.55245e+006 27.7664
400292 7.55245e+006 27.7664
400292 7.55245e+006 28.1433
400292 7.55245e+006 28.1243
400292 7.55245e+006 28.1243
400243 7.55245e+006 67.5338
400243 7.55245e+006 67.6759
400243 7.55245e+006 67.6759
400292 7.55245e+006 28.286
400292 7.55245e+006 28.1243
400292 7.55245e+006 28.286
400243 7.55245e+006 67.6759
400243 7.55245e+006 67.8545
400243 7.55245e+006 67.8545
400292 7.55245e+006 28.4667
400292 7.55245e+006 28.286
400292 7.55245e+006 28.4667
400243 7.55245e+006 67.8545
400243 7.55245e+006 67.8909
400243 7.55245e+006 67.8909
400292 7.55245e+006 28.4857
400292 7.55245e+006 28.4667
400292 7.55245e+006 28.4857
400243 7.55245e+006 67.8909
400243 7.55245e+006 67.7488
400243 7.55245e+006 67.7488
400292 7.55245e+006 28.324
400292 7.55245e+006 28.4857
400292 7.55245e+006 28.324
400243 7.55245e+006 67.7488
400243 7.55245e+006 67.5702
400243 7.55245e+006 67.5702
400292 7.55245e+006 28.1433
400292 7.55245e+006 28.324
400292 7.55245e+006 28.1433
400243 7.55245e+006 67.5702
400243 7.55245e+006 67.5338
400243 7.55245e+006 67.5338
400292 7.55245e+006 28.1243
400292 7.55245e+006 28.1433
400329 7.55245e+006 29.3861
400329 7.55245e+006 29.3861
400329 7.55245e+006 29.1871
400329 7.55245e+006 29.3861
400329 7.55245e+006 29.1871
400329 7.55245e+006 29.1871
400329 7.55245e+006 29.1871
400329 7.55245e+006 28.9881
400329 7.55245e+006 29.1871
400329 7.55245e+006 28.9881
400329 7.55245e+006 28.9881
400329 7.55245e+006 29.1871
400243 7.55245e+006 67.8545
400243 7.55245e+006 67.6759
400243 7.55245e+006 67.5338
400243 7.55245e+006 67.8909
400243 7.55245e+006 67.8545
400243 7.55245e+006 67.5338
400243 7.55245e+006 67.7488
400243 7.55245e+006 67.8909
400243 7.55245e+006 67.5338
400243 7.55245e+006 67.5702
400243 7.55245e+006 67.7488
400243 7.55245e+006 67.5338
400331 7.55245e+006 29.1871
400331 7.55247e+006 29.3508
400331 7.55247e+006 29.5581
400331 7.55247e+006 29.5581
400331 7.55245e+006 29.3946
400331 7.55245e+006 29.1871
400331 7.55245e+006 29.3946
400331 7.55247e+006 29.5581
400330 7.55247e+006 29.5577
400330 7.55247e+006 29.5577
400330 7.55245e+006 29.3946
400331 7.55245e+006 29.3946
400330 7.55245e+006 29.3946
400330 7.55247e+006 29.5577
400330 7.55247e+006 29.3501
400330 7.55247e+006 29.3501
400330 7.55245e+006 29.1871
400330 7.55245e+006 29.3946
400330 7.55245e+006 29.1871
400330 7.55247e+006 29.3501
400330 7.55247e+006 29.1428
400330 7.55247e+006 29.1428
400330 7.55245e+006 28.9796
400330 7.55245e+006 29.1871
400330 7.55245e+006 28.9796
400330 7.55247e+006 29.1428
400331 7.55247e+006 29.1431
400331 7.55247e+006 29.1431
400331 7.55245e+006 28.9796
400330 7.55245e+006 28.9796
400331 7.55245e+006 28.9796
400331 7.55247e+006 29.1431
400331 7.55247e+006 29.3508
400331 7.55247e+006 29.3508
400331 7.55245e+006 29.1871
400331 7.55245e+006 28.9796
400330 7.55247e+006 29.5582
400331 7.55247e+006 29.5581
400331 7.55247e+006 29.3508
400331 7.55247e+006 29.3508
400330 7.55247e+006 29.351
400330 7.55247e+006 29.5582
400330 7.55247e+006 29.5576
400330 7.55247e+006 29.5577
400331 7.55247e+006 29.5581
400331 7.55247e+006 29.5581
400330 7.55247e+006 29.5582
400330 7.55247e+006 29.5576
400330 7.55247e+006 29.3499
400330 7.55247e+006 29.3501
400330 7.55247e+006 29.5577
400330 7.55247e+006 29.5577
400330 7.55247e+006 29.5576
400330 7.55247e+006 29.3499
400330 7.55247e+006 29.1427
400330 7.55247e+006 29.1428
400330 7.55247e+006 29.3501
400330 7.55247e+006 29.3501
400330 7.55247e+006 29.3499
400330 7.55247e+006 29.1427
400330 7.55247e+006 29.1432
400331 7.55247e+006 29.1431
400330 7.55247e+006 29.1428
400330 7.55247e+006 29.1428
400330 7.55247e+006 29.1427
400330 7.55247e+006 29.1432
400330 7.55247e+006 29.351
400331 7.55247e+006 29.3508
400331 7.55247e+006 29.1431
400331 7.55247e+006 29.1431
400330 7.55247e+006 29.1432
400330 7.55247e+006 29.351
400330 7.55247e+006 29.5581
400330 7.55247e+006 29.5582
400330 7.55247e+006 29.351
400330 7.55247e+006 29.351
400330 7.55247e+006 29.3508
400330 7.55247e+006 29.5581
400330 7.55247e+006 29.5577
400330 7.55247e+006 29.5576
400330 7.55247e+006 29.5582
400330 7.55247e+006 29.5582
400330 7.55247e+006 29.5581
400330 7.55247e+006 29.5577
400330 7.55247e+006 29.3501
400330 7.55247e+006 29.3499
400330 7.55247e+006 29.5576
400330 7.55247e+006 29.5576
400330 7.55247e+006 29.5577
400330 7.55247e+006 29.3501
400330 7.55247e+006 29.1428
400330 7.55247e+006 29.1427
400330 7.55247e+006 29.3499
400330 7.55247e+006 29.3499
400330 7.55247e+006 29.3501
400330 7.55247e+006 29.1428
400330 7.55247e+006 29.1431
400330 7.55247e+006 29.1432
400330 7.55247e+006 29.1427
400330 7.55247e+006 29.1427
400330 7.55247e+006 29.1428
400330 7.55247e+006 29.1431
400330 7.55247e+006 29.3508
400330 7.55247e+006 29.351
400330 7.55247e+006 29.1432
400330 7.55247e+006 29.1432
400330 7.55247e+006 29.1431
400330 7.55247e+006 29.3508
400306 7.55247e+006 29.3945
400330 7.55247e+006 29.5581
400330 7.55247e+006 29.3508
400330 7.55247e+006 29.3508
400306 7.55247e+006 29.1869
400306 7.55247e+006 29.3945
400306 7.55247e+006 29.3947
400330 7.55247e+006 29.5577
400330 7.55247e+006 29.5581
400330 7.55247e+006 29.5581
400306 7.55247e+006 29.3945
400306 7.55247e+006 29.3947
400306 7.55247e+006 29.1874
400330 7.55247e+006 29.3501
400330 7.55247e+006 29.5577
400330 7.55247e+006 29.5577
400306 7.55247e+006 29.3947
400306 7.55247e+006 29.1874
400306 7.55247e+006 28.9798
400330 7.55247e+006 29.1428
400330 7.55247e+006 29.3501
400330 7.55247e+006 29.3501
400306 7.55247e+006 29.1874
400306 7.55247e+006 28.9798
400306 7.55247e+006 28.9795
400330 7.55247e+006 29.1431
400330 7.55247e+006 29.1428
400330 7.55247e+006 29.1428
400306 7.55247e+006 28.9798
400306 7.55247e+006 28.9795
400306 7.55247e+006 29.1869
400330 7.55247e+006 29.3508
400330 7.55247e+006 29.1431
400330 7.55247e+006 29.1431
400306 7.55247e+006 28.9795
400306 7.55247e+006 29.1869
400306 7.55247e+006 29.3821
400306 7.55247e+006 29.3945
400306 7.55247e+006 29.1869
400306 7.55247e+006 29.1869
400305 7.55247e+006 29.1738
400306 7.55247e+006 29.3821
400306 7.55247e+006 29.384
400306 7.55247e+006 29.3947
400306 7.55247e+006 29.3945
400306 7.55247e+006 29.3945
400306 7.55247e+006 29.3821
400306 7.55247e+006 29.384
400306 7.55247e+006 29.1775
400306 7.55247e+006 29.1874
400306 7.55247e+006 29.3947
400306 7.55247e+006 29.3947
400306 7.55247e+006 29.384
400306 7.55247e+006 29.1775
400306 7.55247e+006 28.9692
400306 7.55247e+006 28.9798
400306 7.55247e+006 29.1874
400306 7.55247e+006 29.1874
400306 7.55247e+006 29.1775
400306 7.55247e+006 28.9692
400306 7.55247e+006 28.9673
400306 7.55247e+006 28.9795
400306 7.55247e+006 28.9798
400306 7.55247e+006 28.9798
400306 7.55247e+006 28.9692
400306 7.55247e+006 28.9673
400305 7.55247e+006 29.1738
400306 7.55247e+006 29.1869
400306 7.55247e+006 28.9795
400306 7.55247e+006 28.9795
400306 7.55247e+006 28.9673
400305 7.55247e+006 29.1738
400305 7.55247e+006 29.348
400306 7.55247e+006 29.3821
400305 7.55247e+006 29.1738
400305 7.55247e+006 29.1738
400305 7.55247e+006 29.1379
400305 7.55247e+006 29.348
400305 7.55247e+006 29.354
400306 7.55247e+006 29.384
400306 7.55247e+006 29.3821
400306 7.55247e+006 29.3821
400305 7.55247e+006 29.348
400305 7.55247e+006 29.354
400305 7.55247e+006 29.1498
400306 7.55247e+006 29.1775
400306 7.55247e+006 29.384
400306 7.55247e+006 29.384
400305 7.55247e+006 29.354
400305 7.55247e+006 29.1498
400305 7.55247e+006 28.9397
400306 7.55247e+006 28.9692
400306 7.55247e+006 29.1775
400306 7.55247e+006 29.1775
400305 7.55247e+006 29.1498
400305 7.55247e+006 28.9397
400305 7.55247e+006 28.9337
400306 7.55247e+006 28.9673
400306 7.55247e+006 28.9692
400306 7.55247e+006 28.9692
400305 7.55247e+006 28.9397
400305 7.55247e+006 28.9337
400305 7.55247e+006 29.1379
400305 7.55247e+006 29.1738
400306 7.55247e+006 28.9673
400306 7.55247e+006 28.9673
400305 7.55247e+006 28.9337
400305 7.55247e+006 29.1379
400292 7.55245e+006 28.0864
400305 7.55247e+006 29.348
400305 7.55247e+006 29.1379
400305 7.55247e+006 29.1379
400292 7.55245e+006 27.8757
400292 7.55245e+006 28.0864
400292 7.55245e+006 28.0911
400305 7.55247e+006 29.354
400305 7.55247e+006 29.348
400305 7.55247e+006 29.348
400292 7.55245e+006 28.0864
400292 7.55245e+006 28.0911
400292 7.55245e+006 27.8852
400305 7.55247e+006 29.1498
400305 7.55247e+006 29.354
400305 7.55247e+006 29.354
400292 7.55245e+006 28.0911
400292 7.55245e+006 27.8852
400292 7.55245e+006 27.6745
400305 7.55247e+006 28.9397
400305 7.55247e+006 29.1498
400305 7.55247e+006 29.1498
400292 7.55245e+006 27.8852
400292 7.55245e+006 27.6745
400292 7.55245e+006 27.6698
400305 7.55247e+006 28.9337
400305 7.55247e+006 28.9397
400305 7.55247e+006 28.9397
400292 7.55245e+006 27.6745
400292 7.55245e+006 27.6698
400292 7.55245e+006 27.8757
400305 7.55247e+006 29.1379
400305 7.55247e+006 28.9337
400305 7.55247e+006 28.9337
400292 7.55245e+006 27.6698
400292 7.55245e+006 27.8757
400292 7.55245e+006 28.1671
400292 7.55245e+006 28.0864
400292 7.55245e+006 27.8757
400292 7.55245e+006 27.8757
400292 7.55245e+006 27.9604
400292 7.55245e+006 28.1671
400292 7.55245e+006 28.1832
400292 7.55245e+006 28.0911
400292 7.55245e+006 28.0864
400292 7.55245e+006 28.0864
400292 7.55245e+006 28.1671
400292 7.55245e+006 28.1832
400292 7.55245e+006 27.9926
400292 7.55245e+006 27.8852
400292 7.55245e+006 28.0911
400292 7.55245e+006 28.0911
400292 7.55245e+006 28.1832
400292 7.55245e+006 27.9926
400292 7.55245e+006 27.7859
400292 7.55245e+006 27.6745
400292 7.55245e+006 27.8852
400292 7.55245e+006 27.8852
400292 7.55245e+006 27.9926
400292 7.55245e+006 27.7859
400292 7.55245e+006 27.7698
400292 7.55245e+006 27.6698
400292 7.55245e+006 27.6745
400292 7.55245e+006 27.6745
400292 7.55245e+006 27.7859
400292 7.55245e+006 27.7698
400292 7.55245e+006 27.9604
400292 7.55245e+006 27.8757
400292 7.55245e+006 27.6698
400292 7.55245e+006 27.6698
400292 7.55245e+006 27.7698
400292 7.55245e+006 27.9604
400291 7.55245e+006 28.444
400292 7.55245e+006 28.1671
400292 7.55245e+006 27.9604
400292 7.55245e+006 27.9604
400291 7.55245e+006 28.2522
400291 7.55245e+006 28.444
400291 7.55245e+006 28.4969
400292 7.55245e+006 28.1832
400292 7.55245e+006 28.1671
400292 7.55245e+006 28.1671
400291 7.55245e+006 28.444
400291 7.55245e+006 28.4969
400291 7.55245e+006 28.3578
400292 7.55245e+006 27.9926
400292 7.55245e+006 28.1832
400292 7.55245e+006 28.1832
400291 7.55245e+006 28.4969
400291 7.55245e+006 28.3578
400291 7.55245e+006 28.166
400292 7.55245e+006 27.7859
400292 7.55245e+006 27.9926
400292 7.55245e+006 27.9926
400291 7.55245e+006 28.3578
400291 7.55245e+006 28.166
400291 7.55245e+006 28.1131
400292 7.55245e+006 27.7698
400292 7.55245e+006 27.7859
400292 7.55245e+006 27.7859
400291 7.55245e+006 28.166
400291 7.55245e+006 28.1131
400291 7.55245e+006 28.2522
400292 7.55245e+006 27.9604
400292 7.55245e+006 27.7698
400292 7.55245e+006 27.7698
400291 7.55245e+006 28.1131
400291 7.55245e+006 28.2522
400291 7.55245e+006 28.2522
400243 7.55245e+006 67.645
400243 7.55245e+006 67.8303
400243 7.55245e+006 67.8303
400291 7.55245e+006 28.444
400291 7.55245e+006 28.2522
400291 7.55245e+006 28.444
400243 7.55245e+006 67.8303
400243 7.55245e+006 67.8977
400243 7.55245e+006 67.8977
400291 7.55245e+006 28.4969
400291 7.55245e+006 28.444
400291 7.55245e+006 28.4969
400243 7.55245e+006 67.8977
400243 7.55245e+006 67.7797
400243 7.55245e+006 67.7797
400291 7.55245e+006 28.3578
400291 7.55245e+006 28.4969
400291 7.55245e+006 28.3578
400243 7.55245e+006 67.7797
400243 7.55245e+006 67.5944
400243 7.55245e+006 67.5944
400291 7.55245e+006 28.166
400291 7.55245e+006 28.3578
400291 7.55245e+006 28.166
400243 7.55245e+006 67.5944
400243 7.55245e+006 67.527
400243 7.55245e+006 67.527
400291 7.55245e+006 28.1131
400291 7.55245e+006 28.166
400291 7.55245e+006 28.1131
400243 7.55245e+006 67.527
400243 7.55245e+006 67.645
400243 7.55245e+006 67.645
400291 7.55245e+006 28.2522
400291 7.55245e+006 28.1131
400331 7.55245e+006 29.3946
400330 7.55245e+006 29.3946
400331 7.55245e+006 29.1871
400330 7.55245e+006 29.3946
400330 7.55245e+006 29.1871
400331 7.55245e+006 29.1871
400330 7.55245e+006 29.1871
400330 7.55245e+006 28.9796
400331 7.55245e+006 29.1871
400330 7.55245e+006 28.9796
400331 7.55245e+006 28.9796
400331 7.55245e+006 29.1871
400243 7.55245e+006 67.8977
400243 7.55245e+006 67.8303
400243 7.55245e+006 67.645
400243 7.55245e+006 67.7797
400243 7.55245e+006 67.8977
400243 7.55245e+006 67.645
400243 7.55245e+006 67.5944
400243 7.55245e+006 67.7797
400243 7.55245e+006 67.645
400243 7.55245e+006 67.527
400243 7.55245e+006 67.5944
400243 7.55245e+006 67.645
