405428 7.5548e+006 19.9114
405429 7.5548e+006 19.9115
405429 7.5548e+006 21.0132
405429 7.5548e+006 21.0132
405428 7.5548e+006 21.0131
405428 7.5548e+006 19.9114
405428 7.5548e+006 21.3161
405428 7.5548e+006 21.5054
405429 7.5548e+006 21.5054
405429 7.5548e+006 21.5054
405429 7.5548e+006 21.3161
405428 7.5548e+006 21.3161
405429 7.5548e+006 21.5052
405429 7.5548e+006 21.3159
405429 7.5548e+006 21.3161
405429 7.5548e+006 21.3161
405429 7.5548e+006 21.5054
405429 7.5548e+006 21.5052
405429 7.5548e+006 21.3159
405429 7.5548e+006 21.5052
405428 7.5548e+006 21.5051
405428 7.5548e+006 21.5051
405428 7.5548e+006 21.3158
405429 7.5548e+006 21.3159
405428 7.5548e+006 21.5054
405428 7.5548e+006 21.3161
405428 7.5548e+006 21.3158
405428 7.5548e+006 21.3158
405428 7.5548e+006 21.5051
405428 7.5548e+006 21.5054
405429 7.5548e+006 19.9115
405428 7.5548e+006 19.9121
405428 7.5548e+006 21.0172
405428 7.5548e+006 21.0172
405429 7.5548e+006 21.0132
405429 7.5548e+006 19.9115
405428 7.5548e+006 21.3161
405428 7.5548e+006 21.0172
405428 7.5548e+006 21.0131
405428 7.5548e+006 21.0131
405428 7.5548e+006 21.3158
405428 7.5548e+006 21.3161
405429 7.5548e+006 21.3159
405428 7.5548e+006 21.3158
405428 7.5548e+006 21.0131
405428 7.5548e+006 21.0131
405429 7.5548e+006 21.0132
405429 7.5548e+006 21.3159
405429 7.5548e+006 21.3159
405429 7.5548e+006 21.0132
405428 7.5548e+006 21.0172
405428 7.5548e+006 21.0172
405429 7.5548e+006 21.3161
405429 7.5548e+006 21.3159
405428 7.5548e+006 21.0131
405428 7.5548e+006 21.0172
405428 7.5548e+006 19.912
405428 7.5548e+006 19.912
405428 7.5548e+006 19.9114
405428 7.5548e+006 21.0131
405428 7.5548e+006 21.3161
405429 7.5548e+006 21.3161
405428 7.5548e+006 21.0172
405428 7.5548e+006 21.0172
405428 7.5548e+006 21.0172
405428 7.5548e+006 21.3161
405428 7.5548e+006 19.9121
405428 7.5548e+006 19.912
405428 7.5548e+006 21.0172
405428 7.5548e+006 21.0172
405428 7.5548e+006 21.0172
405428 7.5548e+006 19.9121
405429 7.5548e+006 21.5052
405429 7.5548e+006 21.5054
405428 7.5548e+006 21.5054
405428 7.5548e+006 21.5054
405428 7.5548e+006 21.5051
405429 7.5548e+006 21.5052
405428 7.55479e+006 19.921
405429 7.5548e+006 19.9211
405429 7.5548e+006 19.9211
405429 7.5548e+006 19.9211
405428 7.55479e+006 19.9209
405428 7.55479e+006 19.921
405427 7.5548e+006 22.5998
405427 7.5548e+006 22.6274
405428 7.5548e+006 22.6275
405428 7.5548e+006 22.6275
405428 7.5548e+006 22.6
405427 7.5548e+006 22.5998
405428 7.55479e+006 19.9209
405428 7.55479e+006 21.6552
405428 7.55479e+006 21.6553
405428 7.55479e+006 21.6553
405428 7.55479e+006 19.921
405428 7.55479e+006 19.9209
405429 7.5548e+006 19.9211
405429 7.5548e+006 21.6553
405428 7.55479e+006 21.6552
405428 7.55479e+006 21.6552
405428 7.55479e+006 19.9209
405429 7.5548e+006 19.9211
405429 7.5548e+006 19.9211
405429 7.5548e+006 21.6554
405429 7.5548e+006 21.6553
405429 7.5548e+006 21.6553
405429 7.5548e+006 19.9211
405429 7.5548e+006 19.9211
405428 7.55479e+006 19.921
405428 7.55479e+006 21.6553
405429 7.5548e+006 21.6554
405429 7.5548e+006 21.6554
405429 7.5548e+006 19.9211
405428 7.55479e+006 19.921
405427 7.55479e+006 22.6173
405427 7.5548e+006 22.586
405428 7.55479e+006 21.6553
405428 7.55479e+006 21.6553
405428 7.55479e+006 21.6552
405427 7.55479e+006 22.6173
405428 7.5548e+006 22.6174
405427 7.55479e+006 22.6173
405428 7.55479e+006 21.6552
405428 7.55479e+006 21.6552
405429 7.5548e+006 21.6553
405428 7.5548e+006 22.6174
405428 7.5548e+006 22.5861
405428 7.5548e+006 22.6174
405429 7.5548e+006 21.6553
405429 7.5548e+006 21.6553
405429 7.5548e+006 21.6554
405428 7.5548e+006 22.5861
405427 7.5548e+006 22.586
405428 7.5548e+006 22.5861
405429 7.5548e+006 21.6554
405429 7.5548e+006 21.6554
405428 7.55479e+006 21.6553
405427 7.5548e+006 22.586
405427 7.5548e+006 22.586
405427 7.55479e+006 22.6173
405427 7.5548e+006 22.6274
405427 7.5548e+006 22.6274
405427 7.5548e+006 22.5998
405427 7.5548e+006 22.586
405427 7.55479e+006 22.6173
405428 7.5548e+006 22.6174
405428 7.5548e+006 22.6275
405428 7.5548e+006 22.6275
405427 7.5548e+006 22.6274
405427 7.55479e+006 22.6173
405428 7.5548e+006 22.6275
405428 7.5548e+006 22.6174
405428 7.5548e+006 22.5861
405428 7.5548e+006 22.5861
405428 7.5548e+006 22.6
405428 7.5548e+006 22.6275
405428 7.5548e+006 22.5861
405427 7.5548e+006 22.586
405427 7.5548e+006 22.5998
405427 7.5548e+006 22.5998
405428 7.5548e+006 22.6
405428 7.5548e+006 22.5861
405431 7.5548e+006 19.9121
405432 7.5548e+006 19.911
405432 7.5548e+006 21.0127
405432 7.5548e+006 21.0127
405431 7.5548e+006 21.0138
405431 7.5548e+006 19.9121
405431 7.5548e+006 21.3166
405431 7.5548e+006 21.5059
405432 7.5548e+006 21.5048
405432 7.5548e+006 21.5048
405432 7.5548e+006 21.3155
405431 7.5548e+006 21.3166
405432 7.5548e+006 21.5048
405432 7.5548e+006 21.3155
405432 7.5548e+006 21.3155
405432 7.5548e+006 21.3155
405432 7.5548e+006 21.5048
405432 7.5548e+006 21.5048
405432 7.5548e+006 21.3155
405432 7.5548e+006 21.5048
405431 7.5548e+006 21.5058
405431 7.5548e+006 21.5058
405431 7.5548e+006 21.3166
405432 7.5548e+006 21.3155
405431 7.5548e+006 21.5059
405431 7.5548e+006 21.3166
405431 7.5548e+006 21.3166
405431 7.5548e+006 21.3166
405431 7.5548e+006 21.5058
405431 7.5548e+006 21.5059
405432 7.5548e+006 19.911
405432 7.5548e+006 19.9111
405432 7.5548e+006 21.0162
405432 7.5548e+006 21.0162
405432 7.5548e+006 21.0127
405432 7.5548e+006 19.911
405431 7.5548e+006 21.3166
405431 7.5548e+006 21.0173
405431 7.5548e+006 21.0138
405431 7.5548e+006 21.0138
405431 7.5548e+006 21.3166
405431 7.5548e+006 21.3166
405432 7.5548e+006 21.3155
405431 7.5548e+006 21.3166
405431 7.5548e+006 21.0138
405431 7.5548e+006 21.0138
405432 7.5548e+006 21.0127
405432 7.5548e+006 21.3155
405432 7.5548e+006 21.3155
405432 7.5548e+006 21.0127
405432 7.5548e+006 21.0162
405432 7.5548e+006 21.0162
405432 7.5548e+006 21.3155
405432 7.5548e+006 21.3155
405431 7.5548e+006 21.0138
405431 7.5548e+006 21.0173
405431 7.5548e+006 19.9122
405431 7.5548e+006 19.9122
405431 7.5548e+006 19.9121
405431 7.5548e+006 21.0138
405431 7.5548e+006 21.3166
405432 7.5548e+006 21.3155
405432 7.5548e+006 21.0162
405432 7.5548e+006 21.0162
405431 7.5548e+006 21.0173
405431 7.5548e+006 21.3166
405432 7.5548e+006 19.9111
405431 7.5548e+006 19.9122
405431 7.5548e+006 21.0173
405431 7.5548e+006 21.0173
405432 7.5548e+006 21.0162
405432 7.5548e+006 19.9111
405432 7.5548e+006 21.5048
405432 7.5548e+006 21.5048
405431 7.5548e+006 21.5059
405431 7.5548e+006 21.5059
405431 7.5548e+006 21.5058
405432 7.5548e+006 21.5048
405430 7.5548e+006 19.9222
405432 7.5548e+006 19.9204
405432 7.5548e+006 19.9204
405432 7.5548e+006 19.9204
405430 7.5548e+006 19.9222
405430 7.5548e+006 19.9222
405431 7.5548e+006 22.5998
405431 7.5548e+006 22.6273
405433 7.5548e+006 22.6254
405433 7.5548e+006 22.6254
405433 7.5548e+006 22.5979
405431 7.5548e+006 22.5998
405430 7.5548e+006 19.9222
405430 7.5548e+006 21.6565
405430 7.5548e+006 21.6565
405430 7.5548e+006 21.6565
405430 7.5548e+006 19.9222
405430 7.5548e+006 19.9222
405432 7.5548e+006 19.9204
405432 7.5548e+006 21.6547
405430 7.5548e+006 21.6565
405430 7.5548e+006 21.6565
405430 7.5548e+006 19.9222
405432 7.5548e+006 19.9204
405432 7.5548e+006 19.9204
405432 7.5548e+006 21.6547
405432 7.5548e+006 21.6547
405432 7.5548e+006 21.6547
405432 7.5548e+006 19.9204
405432 7.5548e+006 19.9204
405430 7.5548e+006 19.9222
405430 7.5548e+006 21.6565
405432 7.5548e+006 21.6547
405432 7.5548e+006 21.6547
405432 7.5548e+006 19.9204
405430 7.5548e+006 19.9222
405431 7.5548e+006 22.6178
405431 7.5548e+006 22.5864
405430 7.5548e+006 21.6565
405430 7.5548e+006 21.6565
405430 7.5548e+006 21.6565
405431 7.5548e+006 22.6178
405432 7.5548e+006 22.6159
405431 7.5548e+006 22.6178
405430 7.5548e+006 21.6565
405430 7.5548e+006 21.6565
405432 7.5548e+006 21.6547
405432 7.5548e+006 22.6159
405432 7.5548e+006 22.5846
405432 7.5548e+006 22.6159
405432 7.5548e+006 21.6547
405432 7.5548e+006 21.6547
405432 7.5548e+006 21.6547
405432 7.5548e+006 22.5846
405431 7.5548e+006 22.5864
405432 7.5548e+006 22.5846
405432 7.5548e+006 21.6547
405432 7.5548e+006 21.6547
405430 7.5548e+006 21.6565
405431 7.5548e+006 22.5864
405431 7.5548e+006 22.5864
405431 7.5548e+006 22.6178
405431 7.5548e+006 22.6273
405431 7.5548e+006 22.6273
405431 7.5548e+006 22.5998
405431 7.5548e+006 22.5864
405431 7.5548e+006 22.6178
405432 7.5548e+006 22.6159
405433 7.5548e+006 22.6254
405433 7.5548e+006 22.6254
405431 7.5548e+006 22.6273
405431 7.5548e+006 22.6178
405433 7.5548e+006 22.6254
405432 7.5548e+006 22.6159
405432 7.5548e+006 22.5846
405432 7.5548e+006 22.5846
405433 7.5548e+006 22.5979
405433 7.5548e+006 22.6254
405432 7.5548e+006 22.5846
405431 7.5548e+006 22.5864
405431 7.5548e+006 22.5998
405431 7.5548e+006 22.5998
405433 7.5548e+006 22.5979
405432 7.5548e+006 22.5846
405430 7.55479e+006 24.285
405430 7.55479e+006 24.285
405430 7.55479e+006 24.9901
405430 7.55479e+006 24.9901
405430 7.55479e+006 24.9901
405430 7.55479e+006 24.285
405430 7.55479e+006 24.285
405430 7.55479e+006 24.2848
405430 7.55479e+006 24.99
405430 7.55479e+006 24.99
405430 7.55479e+006 24.9901
405430 7.55479e+006 24.285
405430 7.55479e+006 24.2848
405430 7.55479e+006 24.2848
405430 7.55479e+006 24.99
405430 7.55479e+006 24.99
405430 7.55479e+006 24.99
405430 7.55479e+006 24.2848
405430 7.55479e+006 24.2848
405430 7.55479e+006 24.285
405430 7.55479e+006 24.9901
405430 7.55479e+006 24.9901
405430 7.55479e+006 24.99
405430 7.55479e+006 24.2848
405430 7.55479e+006 24.285
405430 7.55479e+006 24.285
405430 7.55479e+006 24.9902
405430 7.55479e+006 24.9902
405430 7.55479e+006 24.9902
405430 7.55479e+006 24.285
405430 7.55479e+006 24.285
405430 7.55479e+006 24.2849
405430 7.55479e+006 24.99
405430 7.55479e+006 24.99
405430 7.55479e+006 24.9902
405430 7.55479e+006 24.285
405430 7.55479e+006 24.2849
405430 7.55479e+006 24.2849
405430 7.55479e+006 24.99
405430 7.55479e+006 24.99
405430 7.55479e+006 24.99
405430 7.55479e+006 24.2849
405430 7.55479e+006 24.2849
405430 7.55479e+006 24.285
405430 7.55479e+006 24.9902
405430 7.55479e+006 24.9902
405430 7.55479e+006 24.99
405430 7.55479e+006 24.2849
405428 7.55479e+006 24.2864
405428 7.55479e+006 24.2864
405428 7.55479e+006 24.9916
405428 7.55479e+006 24.9916
405428 7.55479e+006 24.9916
405428 7.55479e+006 24.2864
405428 7.55479e+006 24.2864
405429 7.55479e+006 24.2863
405429 7.55479e+006 24.9915
405429 7.55479e+006 24.9915
405428 7.55479e+006 24.9916
405428 7.55479e+006 24.2864
405429 7.55479e+006 24.2863
405429 7.55479e+006 24.2863
405429 7.55479e+006 24.9915
405429 7.55479e+006 24.9915
405429 7.55479e+006 24.9915
405429 7.55479e+006 24.2863
405429 7.55479e+006 24.2863
405428 7.55479e+006 24.2864
405428 7.55479e+006 24.9916
405428 7.55479e+006 24.9916
405429 7.55479e+006 24.9915
405429 7.55479e+006 24.2863
405428 7.55479e+006 24.2864
405428 7.55479e+006 24.2864
405428 7.55479e+006 24.9915
405428 7.55479e+006 24.9915
405428 7.55479e+006 24.9916
405428 7.55479e+006 24.2864
405428 7.55479e+006 24.2864
405428 7.55479e+006 24.2863
405428 7.55479e+006 24.9914
405428 7.55479e+006 24.9914
405428 7.55479e+006 24.9915
405428 7.55479e+006 24.2864
405428 7.55479e+006 24.2863
405428 7.55479e+006 24.2863
405428 7.55479e+006 24.9914
405428 7.55479e+006 24.9914
405428 7.55479e+006 24.9914
405428 7.55479e+006 24.2863
405428 7.55479e+006 24.2863
405428 7.55479e+006 24.2864
405428 7.55479e+006 24.9916
405428 7.55479e+006 24.9916
405428 7.55479e+006 24.9914
405428 7.55479e+006 24.2863
405432 7.5548e+006 24.2854
405432 7.5548e+006 24.2854
405432 7.5548e+006 24.9905
405432 7.5548e+006 24.9905
405432 7.5548e+006 24.9905
405432 7.5548e+006 24.2854
405432 7.5548e+006 24.2854
405432 7.5548e+006 24.2852
405432 7.5548e+006 24.9904
405432 7.5548e+006 24.9904
405432 7.5548e+006 24.9905
405432 7.5548e+006 24.2854
405432 7.5548e+006 24.2852
405432 7.5548e+006 24.2852
405432 7.5548e+006 24.9904
405432 7.5548e+006 24.9904
405432 7.5548e+006 24.9904
405432 7.5548e+006 24.2852
405432 7.5548e+006 24.2852
405432 7.5548e+006 24.2854
405432 7.5548e+006 24.9905
405432 7.5548e+006 24.9905
405432 7.5548e+006 24.9904
405432 7.5548e+006 24.2852
405433 7.5548e+006 24.2854
405432 7.5548e+006 24.2854
405432 7.5548e+006 24.9906
405432 7.5548e+006 24.9906
405433 7.5548e+006 24.9906
405433 7.5548e+006 24.2854
405432 7.5548e+006 24.2854
405433 7.5548e+006 24.2853
405433 7.5548e+006 24.9904
405433 7.5548e+006 24.9904
405432 7.5548e+006 24.9906
405432 7.5548e+006 24.2854
405433 7.5548e+006 24.2853
405433 7.5548e+006 24.2853
405433 7.5548e+006 24.9904
405433 7.5548e+006 24.9904
405433 7.5548e+006 24.9904
405433 7.5548e+006 24.2853
405433 7.5548e+006 24.2853
405433 7.5548e+006 24.2854
405433 7.5548e+006 24.9906
405433 7.5548e+006 24.9906
405433 7.5548e+006 24.9904
405433 7.5548e+006 24.2853
405431 7.5548e+006 24.2868
405431 7.5548e+006 24.2868
405431 7.5548e+006 24.992
405431 7.5548e+006 24.992
405431 7.5548e+006 24.992
405431 7.5548e+006 24.2868
405431 7.5548e+006 24.2868
405431 7.5548e+006 24.2867
405431 7.5548e+006 24.9919
405431 7.5548e+006 24.9919
405431 7.5548e+006 24.992
405431 7.5548e+006 24.2868
405431 7.5548e+006 24.2867
405431 7.5548e+006 24.2867
405431 7.5548e+006 24.9919
405431 7.5548e+006 24.9919
405431 7.5548e+006 24.9919
405431 7.5548e+006 24.2867
405431 7.5548e+006 24.2867
405431 7.5548e+006 24.2868
405431 7.5548e+006 24.992
405431 7.5548e+006 24.992
405431 7.5548e+006 24.9919
405431 7.5548e+006 24.2867
405431 7.5548e+006 24.2868
405431 7.5548e+006 24.2868
405431 7.5548e+006 24.9919
405431 7.5548e+006 24.9919
405431 7.5548e+006 24.9919
405431 7.5548e+006 24.2868
405431 7.5548e+006 24.2868
405431 7.5548e+006 24.2867
405431 7.5548e+006 24.9918
405431 7.5548e+006 24.9918
405431 7.5548e+006 24.9919
405431 7.5548e+006 24.2868
405431 7.5548e+006 24.2867
405431 7.5548e+006 24.2867
405431 7.5548e+006 24.9918
405431 7.5548e+006 24.9918
405431 7.5548e+006 24.9918
405431 7.5548e+006 24.2867
405431 7.5548e+006 24.2867
405431 7.5548e+006 24.2868
405431 7.5548e+006 24.9919
405431 7.5548e+006 24.9919
405431 7.5548e+006 24.9918
405431 7.5548e+006 24.2867
405432 7.5548e+006 24.9639
405432 7.5548e+006 26.3418
405431 7.5548e+006 26.3434
405431 7.5548e+006 26.3434
405431 7.5548e+006 24.9654
405432 7.5548e+006 24.9639
405431 7.5548e+006 26.3434
405433 7.5548e+006 26.3419
405433 7.5548e+006 24.9639
405433 7.5548e+006 24.9639
405431 7.5548e+006 24.9655
405431 7.5548e+006 26.3434
405431 7.5548e+006 24.9654
405431 7.5548e+006 26.3434
405431 7.5548e+006 26.3434
405431 7.5548e+006 26.3434
405431 7.5548e+006 24.9655
405431 7.5548e+006 24.9654
405433 7.5548e+006 24.9639
405433 7.5548e+006 26.3419
405432 7.5548e+006 26.3418
405432 7.5548e+006 26.3418
405432 7.5548e+006 24.9639
405433 7.5548e+006 24.9639
405431 7.5548e+006 26.3434
405432 7.5548e+006 26.3418
405433 7.5548e+006 26.3419
405433 7.5548e+006 26.3419
405431 7.5548e+006 26.3434
405431 7.5548e+006 26.3434
405433 7.5548e+006 24.9639
405432 7.5548e+006 24.9639
405431 7.5548e+006 24.9654
405431 7.5548e+006 24.9654
405431 7.5548e+006 24.9655
405433 7.5548e+006 24.9639
405430 7.5548e+006 25.78
405431 7.5548e+006 25.7872
405431 7.5548e+006 25.7011
405431 7.5548e+006 25.7011
405430 7.5548e+006 25.6863
405430 7.5548e+006 25.78
405431 7.5548e+006 25.6862
405431 7.5548e+006 25.701
405431 7.5548e+006 25.7871
405431 7.5548e+006 25.7871
405431 7.5548e+006 25.7799
405431 7.5548e+006 25.6862
405430 7.5548e+006 25.6863
405431 7.5548e+006 25.7011
405431 7.5548e+006 25.701
405431 7.5548e+006 25.701
405431 7.5548e+006 25.6862
405430 7.5548e+006 25.6863
405430 7.5548e+006 20.7238
405430 7.5548e+006 25.78
405430 7.5548e+006 25.6863
405430 7.5548e+006 25.6863
405430 7.5548e+006 20.7972
405430 7.5548e+006 20.7238
405431 7.5548e+006 20.7971
405431 7.5548e+006 25.6862
405431 7.5548e+006 25.7799
405431 7.5548e+006 25.7799
405430 7.5548e+006 20.7236
405431 7.5548e+006 20.7971
405430 7.5548e+006 20.7972
405430 7.5548e+006 25.6863
405431 7.5548e+006 25.6862
405431 7.5548e+006 25.6862
405431 7.5548e+006 20.7971
405430 7.5548e+006 20.7972
405432 7.5548e+006 20.7181
405430 7.5548e+006 20.7238
405430 7.5548e+006 20.7972
405430 7.5548e+006 20.7972
405432 7.5548e+006 20.8043
405432 7.5548e+006 20.7181
405432 7.5548e+006 20.7178
405430 7.5548e+006 20.7236
405430 7.5548e+006 20.7238
405430 7.5548e+006 20.7238
405432 7.5548e+006 20.7181
405432 7.5548e+006 20.7178
405432 7.5548e+006 20.8039
405431 7.5548e+006 20.7971
405430 7.5548e+006 20.7236
405430 7.5548e+006 20.7236
405432 7.5548e+006 20.7178
405432 7.5548e+006 20.8039
405430 7.5548e+006 20.7198
405432 7.5548e+006 20.7181
405432 7.5548e+006 20.8043
405432 7.5548e+006 20.8043
405430 7.5548e+006 20.8059
405430 7.5548e+006 20.7198
405431 7.5548e+006 20.7195
405432 7.5548e+006 20.7178
405432 7.5548e+006 20.7181
405432 7.5548e+006 20.7181
405430 7.5548e+006 20.7198
405431 7.5548e+006 20.7195
405431 7.5548e+006 20.8056
405432 7.5548e+006 20.8039
405432 7.5548e+006 20.7178
405432 7.5548e+006 20.7178
405431 7.5548e+006 20.7195
405431 7.5548e+006 20.8056
405431 7.5548e+006 20.7198
405430 7.5548e+006 20.7198
405430 7.5548e+006 20.8059
405430 7.5548e+006 20.8059
405431 7.5548e+006 20.8059
405431 7.5548e+006 20.7198
405431 7.5548e+006 20.7195
405431 7.5548e+006 20.7195
405430 7.5548e+006 20.7198
405430 7.5548e+006 20.7198
405431 7.5548e+006 20.7198
405431 7.5548e+006 20.7195
405431 7.5548e+006 20.8056
405431 7.5548e+006 20.8056
405431 7.5548e+006 20.7195
405431 7.5548e+006 20.7195
405431 7.5548e+006 20.7195
405431 7.5548e+006 20.8056
405431 7.5548e+006 25.7871
405431 7.5548e+006 25.701
405431 7.5548e+006 25.7011
405431 7.5548e+006 25.7011
405431 7.5548e+006 25.7872
405431 7.5548e+006 25.7871
405431 7.5548e+006 20.7195
405431 7.5548e+006 20.7198
405431 7.5548e+006 20.8059
405431 7.5548e+006 20.8056
405431 7.5548e+006 20.7195
405431 7.5548e+006 20.8059
405431 7.5548e+006 25.7871
405431 7.5548e+006 25.7872
405430 7.5548e+006 25.78
405430 7.5548e+006 25.78
405431 7.5548e+006 25.7799
405431 7.5548e+006 25.7871
405431 7.5548e+006 25.7799
405430 7.5548e+006 25.78
405430 7.5548e+006 20.7238
405430 7.5548e+006 20.7238
405430 7.5548e+006 20.7236
405431 7.5548e+006 25.7799
405431 7.5548e+006 20.8056
405431 7.5548e+006 20.8056
405431 7.5548e+006 20.8059
405431 7.5548e+006 20.8059
405430 7.5548e+006 20.8059
405431 7.5548e+006 20.8056
405431 7.5548e+006 20.8056
405430 7.5548e+006 20.8059
405432 7.5548e+006 20.8043
405432 7.5548e+006 20.8043
405432 7.5548e+006 20.8039
405431 7.5548e+006 20.8056
405432 7.5548e+006 20.8039
405432 7.5548e+006 20.8043
405430 7.5548e+006 20.7972
405430 7.5548e+006 20.7972
405431 7.5548e+006 20.7971
405432 7.5548e+006 20.8039
405430 7.55479e+006 24.9634
405430 7.55479e+006 26.3414
405428 7.55479e+006 26.343
405428 7.55479e+006 26.343
405428 7.55479e+006 24.965
405430 7.55479e+006 24.9634
405428 7.55479e+006 26.343
405430 7.55479e+006 26.3415
405430 7.55479e+006 24.9635
405430 7.55479e+006 24.9635
405428 7.55479e+006 24.9651
405428 7.55479e+006 26.343
405428 7.55479e+006 24.965
405428 7.55479e+006 26.343
405428 7.55479e+006 26.343
405428 7.55479e+006 26.343
405428 7.55479e+006 24.9651
405428 7.55479e+006 24.965
405430 7.55479e+006 24.9635
405430 7.55479e+006 26.3415
405430 7.55479e+006 26.3414
405430 7.55479e+006 26.3414
405430 7.55479e+006 24.9634
405430 7.55479e+006 24.9635
405428 7.55479e+006 26.343
405430 7.55479e+006 26.3414
405430 7.55479e+006 26.3415
405430 7.55479e+006 26.3415
405428 7.55479e+006 26.343
405428 7.55479e+006 26.343
405430 7.55479e+006 24.9635
405430 7.55479e+006 24.9634
405428 7.55479e+006 24.965
405428 7.55479e+006 24.965
405428 7.55479e+006 24.9651
405430 7.55479e+006 24.9635
405428 7.55479e+006 25.7796
405428 7.55479e+006 25.7868
405428 7.55479e+006 25.7007
405428 7.55479e+006 25.7007
405428 7.55479e+006 25.6859
405428 7.55479e+006 25.7796
405428 7.55479e+006 25.6858
405428 7.55479e+006 25.7006
405428 7.55479e+006 25.7867
405428 7.55479e+006 25.7867
405428 7.55479e+006 25.7795
405428 7.55479e+006 25.6858
405428 7.55479e+006 25.6859
405428 7.55479e+006 25.7007
405428 7.55479e+006 25.7006
405428 7.55479e+006 25.7006
405428 7.55479e+006 25.6858
405428 7.55479e+006 25.6859
405428 7.55479e+006 20.7234
405428 7.55479e+006 25.7796
405428 7.55479e+006 25.6859
405428 7.55479e+006 25.6859
405428 7.55479e+006 20.7968
405428 7.55479e+006 20.7234
405428 7.55479e+006 20.7967
405428 7.55479e+006 25.6858
405428 7.55479e+006 25.7795
405428 7.55479e+006 25.7795
405428 7.55479e+006 20.7232
405428 7.55479e+006 20.7967
405428 7.55479e+006 20.7968
405428 7.55479e+006 25.6859
405428 7.55479e+006 25.6858
405428 7.55479e+006 25.6858
405428 7.55479e+006 20.7967
405428 7.55479e+006 20.7968
405429 7.55479e+006 20.7177
405428 7.55479e+006 20.7234
405428 7.55479e+006 20.7968
405428 7.55479e+006 20.7968
405429 7.55479e+006 20.8039
405429 7.55479e+006 20.7177
405430 7.55479e+006 20.7174
405428 7.55479e+006 20.7232
405428 7.55479e+006 20.7234
405428 7.55479e+006 20.7234
405429 7.55479e+006 20.7177
405430 7.55479e+006 20.7174
405430 7.55479e+006 20.8035
405428 7.55479e+006 20.7967
405428 7.55479e+006 20.7232
405428 7.55479e+006 20.7232
405430 7.55479e+006 20.7174
405430 7.55479e+006 20.8035
405428 7.55479e+006 20.7194
405429 7.55479e+006 20.7177
405429 7.55479e+006 20.8039
405429 7.55479e+006 20.8039
405428 7.55479e+006 20.8055
405428 7.55479e+006 20.7194
405428 7.55479e+006 20.7191
405430 7.55479e+006 20.7174
405429 7.55479e+006 20.7177
405429 7.55479e+006 20.7177
405428 7.55479e+006 20.7194
405428 7.55479e+006 20.7191
405428 7.55479e+006 20.8052
405430 7.55479e+006 20.8035
405430 7.55479e+006 20.7174
405430 7.55479e+006 20.7174
405428 7.55479e+006 20.7191
405428 7.55479e+006 20.8052
405428 7.5548e+006 20.7194
405428 7.55479e+006 20.7194
405428 7.55479e+006 20.8055
405428 7.55479e+006 20.8055
405428 7.5548e+006 20.8055
405428 7.5548e+006 20.7194
405428 7.5548e+006 20.7191
405428 7.55479e+006 20.7191
405428 7.55479e+006 20.7194
405428 7.55479e+006 20.7194
405428 7.5548e+006 20.7194
405428 7.5548e+006 20.7191
405428 7.5548e+006 20.8052
405428 7.55479e+006 20.8052
405428 7.55479e+006 20.7191
405428 7.55479e+006 20.7191
405428 7.5548e+006 20.7191
405428 7.5548e+006 20.8052
405428 7.55479e+006 25.7867
405428 7.55479e+006 25.7006
405428 7.55479e+006 25.7007
405428 7.55479e+006 25.7007
405428 7.55479e+006 25.7868
405428 7.55479e+006 25.7867
405428 7.5548e+006 20.7191
405428 7.5548e+006 20.7194
405428 7.5548e+006 20.8055
405428 7.5548e+006 20.8052
405428 7.5548e+006 20.7191
405428 7.5548e+006 20.8055
405428 7.55479e+006 25.7867
405428 7.55479e+006 25.7868
405428 7.55479e+006 25.7796
405428 7.55479e+006 25.7796
405428 7.55479e+006 25.7795
405428 7.55479e+006 25.7867
405428 7.55479e+006 25.7795
405428 7.55479e+006 25.7796
405428 7.55479e+006 20.7234
405428 7.55479e+006 20.7234
405428 7.55479e+006 20.7232
405428 7.55479e+006 25.7795
405428 7.55479e+006 20.8052
405428 7.5548e+006 20.8052
405428 7.5548e+006 20.8055
405428 7.5548e+006 20.8055
405428 7.55479e+006 20.8055
405428 7.55479e+006 20.8052
405428 7.55479e+006 20.8052
405428 7.55479e+006 20.8055
405429 7.55479e+006 20.8039
405429 7.55479e+006 20.8039
405430 7.55479e+006 20.8035
405428 7.55479e+006 20.8052
405430 7.55479e+006 20.8035
405429 7.55479e+006 20.8039
405428 7.55479e+006 20.7968
405428 7.55479e+006 20.7968
405428 7.55479e+006 20.7967
405430 7.55479e+006 20.8035
405431 7.55479e+006 19.9643
405431 7.55479e+006 19.9639
405430 7.55479e+006 19.9636
405430 7.55479e+006 19.9636
405429 7.55479e+006 19.964
405431 7.55479e+006 19.9643
405431 7.55479e+006 22.8643
405429 7.55479e+006 22.864
405430 7.55479e+006 22.8636
405430 7.55479e+006 22.8636
405431 7.55479e+006 22.8639
405431 7.55479e+006 22.8643
405431 7.55479e+006 19.9643
405429 7.55479e+006 19.964
405429 7.55479e+006 22.864
405429 7.55479e+006 22.864
405431 7.55479e+006 22.8643
405431 7.55479e+006 19.9643
405429 7.55479e+006 19.964
405430 7.55479e+006 19.9636
405430 7.55479e+006 22.8636
405430 7.55479e+006 22.8636
405429 7.55479e+006 22.864
405429 7.55479e+006 19.964
405430 7.55479e+006 19.9636
405431 7.55479e+006 19.9639
405431 7.55479e+006 22.8639
405431 7.55479e+006 22.8639
405430 7.55479e+006 22.8636
405430 7.55479e+006 19.9636
405431 7.55479e+006 19.9639
405431 7.55479e+006 19.9643
405431 7.55479e+006 22.8643
405431 7.55479e+006 22.8643
405431 7.55479e+006 22.8639
405431 7.55479e+006 19.9639
405434 7.5548e+006 19.9647
405434 7.5548e+006 19.9643
405432 7.5548e+006 19.964
405432 7.5548e+006 19.964
405432 7.5548e+006 19.9644
405434 7.5548e+006 19.9647
405434 7.5548e+006 22.8647
405432 7.5548e+006 22.8644
405432 7.5548e+006 22.864
405432 7.5548e+006 22.864
405434 7.5548e+006 22.8643
405434 7.5548e+006 22.8647
405434 7.5548e+006 19.9647
405432 7.5548e+006 19.9644
405432 7.5548e+006 22.8644
405432 7.5548e+006 22.8644
405434 7.5548e+006 22.8647
405434 7.5548e+006 19.9647
405432 7.5548e+006 19.9644
405432 7.5548e+006 19.964
405432 7.5548e+006 22.864
405432 7.5548e+006 22.864
405432 7.5548e+006 22.8644
405432 7.5548e+006 19.9644
405432 7.5548e+006 19.964
405434 7.5548e+006 19.9643
405434 7.5548e+006 22.8643
405434 7.5548e+006 22.8643
405432 7.5548e+006 22.864
405432 7.5548e+006 19.964
405434 7.5548e+006 19.9643
405434 7.5548e+006 19.9647
405434 7.5548e+006 22.8647
405434 7.5548e+006 22.8647
405434 7.5548e+006 22.8643
405434 7.5548e+006 19.9643
405445 7.55479e+006 19.9497
405446 7.55479e+006 19.9493
405444 7.55478e+006 19.949
405444 7.55478e+006 19.949
405443 7.55478e+006 19.9494
405445 7.55479e+006 19.9497
405445 7.55479e+006 22.8497
405443 7.55478e+006 22.8494
405444 7.55478e+006 22.849
405444 7.55478e+006 22.849
405446 7.55479e+006 22.8493
405445 7.55479e+006 22.8497
405445 7.55479e+006 19.9497
405443 7.55478e+006 19.9494
405443 7.55478e+006 22.8494
405443 7.55478e+006 22.8494
405445 7.55479e+006 22.8497
405445 7.55479e+006 19.9497
405443 7.55478e+006 19.9494
405444 7.55478e+006 19.949
405444 7.55478e+006 22.849
405444 7.55478e+006 22.849
405443 7.55478e+006 22.8494
405443 7.55478e+006 19.9494
405444 7.55478e+006 19.949
405446 7.55479e+006 19.9493
405446 7.55479e+006 22.8493
405446 7.55479e+006 22.8493
405444 7.55478e+006 22.849
405444 7.55478e+006 19.949
405446 7.55479e+006 19.9493
405445 7.55479e+006 19.9497
405445 7.55479e+006 22.8497
405445 7.55479e+006 22.8497
405446 7.55479e+006 22.8493
405446 7.55479e+006 19.9493
405448 7.55479e+006 19.9501
405448 7.55479e+006 19.9497
405447 7.55479e+006 19.9494
405447 7.55479e+006 19.9494
405446 7.55479e+006 19.9498
405448 7.55479e+006 19.9501
405448 7.55479e+006 22.8501
405446 7.55479e+006 22.8498
405447 7.55479e+006 22.8494
405447 7.55479e+006 22.8494
405448 7.55479e+006 22.8497
405448 7.55479e+006 22.8501
405448 7.55479e+006 19.9501
405446 7.55479e+006 19.9498
405446 7.55479e+006 22.8498
405446 7.55479e+006 22.8498
405448 7.55479e+006 22.8501
405448 7.55479e+006 19.9501
405446 7.55479e+006 19.9498
405447 7.55479e+006 19.9494
405447 7.55479e+006 22.8494
405447 7.55479e+006 22.8494
405446 7.55479e+006 22.8498
405446 7.55479e+006 19.9498
405447 7.55479e+006 19.9494
405448 7.55479e+006 19.9497
405448 7.55479e+006 22.8497
405448 7.55479e+006 22.8497
405447 7.55479e+006 22.8494
405447 7.55479e+006 19.9494
405448 7.55479e+006 19.9497
405448 7.55479e+006 19.9501
405448 7.55479e+006 22.8501
405448 7.55479e+006 22.8501
405448 7.55479e+006 22.8497
405448 7.55479e+006 19.9497
