405401 7.55479e+006 40.6074
405401 7.55479e+006 40.4198
405401 7.55479e+006 40.345
405401 7.55479e+006 40.6074
405401 7.55479e+006 40.345
405402 7.55479e+006 40.3417
405401 7.55479e+006 40.6074
405402 7.55479e+006 40.3417
405402 7.55479e+006 40.4109
405401 7.55479e+006 40.6074
405402 7.55479e+006 40.4109
405402 7.55479e+006 40.534
405401 7.55479e+006 40.6074
405402 7.55479e+006 40.534
405402 7.55479e+006 40.678
405401 7.55479e+006 40.6074
405402 7.55479e+006 40.678
405402 7.55479e+006 40.8043
405401 7.55479e+006 40.6074
405402 7.55479e+006 40.8043
405402 7.55479e+006 40.8792
405401 7.55479e+006 40.6074
405402 7.55479e+006 40.8792
405401 7.55479e+006 40.8824
405401 7.55479e+006 40.6074
405401 7.55479e+006 40.8824
405401 7.55479e+006 40.8132
405401 7.55479e+006 40.6074
405401 7.55479e+006 40.8132
405401 7.55479e+006 40.6901
405401 7.55479e+006 40.6074
405401 7.55479e+006 40.6901
405401 7.55479e+006 40.5461
405401 7.55479e+006 40.6074
405401 7.55479e+006 40.5461
405401 7.55479e+006 40.4198
405401 7.55479e+006 40.1621
405401 7.55479e+006 40.345
405401 7.55479e+006 40.4198
405401 7.55479e+006 40.4198
405401 7.55479e+006 40.2918
405401 7.55479e+006 40.1621
405402 7.55479e+006 40.1565
405402 7.55479e+006 40.3417
405401 7.55479e+006 40.345
405401 7.55479e+006 40.345
405401 7.55479e+006 40.1621
405402 7.55479e+006 40.1565
405402 7.55479e+006 40.2764
405402 7.55479e+006 40.4109
405402 7.55479e+006 40.3417
405402 7.55479e+006 40.3417
405402 7.55479e+006 40.1565
405402 7.55479e+006 40.2764
405402 7.55479e+006 40.4896
405402 7.55479e+006 40.534
405402 7.55479e+006 40.4109
405402 7.55479e+006 40.4109
405402 7.55479e+006 40.2764
405402 7.55479e+006 40.4896
405402 7.55479e+006 40.7391
405402 7.55479e+006 40.678
405402 7.55479e+006 40.534
405402 7.55479e+006 40.534
405402 7.55479e+006 40.4896
405402 7.55479e+006 40.7391
405402 7.55479e+006 40.958
405402 7.55479e+006 40.8043
405402 7.55479e+006 40.678
405402 7.55479e+006 40.678
405402 7.55479e+006 40.7391
405402 7.55479e+006 40.958
405402 7.55479e+006 41.0876
405402 7.55479e+006 40.8792
405402 7.55479e+006 40.8043
405402 7.55479e+006 40.8043
405402 7.55479e+006 40.958
405402 7.55479e+006 41.0876
405401 7.55479e+006 41.0933
405401 7.55479e+006 40.8824
405402 7.55479e+006 40.8792
405402 7.55479e+006 40.8792
405402 7.55479e+006 41.0876
405401 7.55479e+006 41.0933
405401 7.55479e+006 40.9734
405401 7.55479e+006 40.8132
405401 7.55479e+006 40.8824
405401 7.55479e+006 40.8824
405401 7.55479e+006 41.0933
405401 7.55479e+006 40.9734
405401 7.55479e+006 40.7601
405401 7.55479e+006 40.6901
405401 7.55479e+006 40.8132
405401 7.55479e+006 40.8132
405401 7.55479e+006 40.9734
405401 7.55479e+006 40.7601
405401 7.55479e+006 40.5106
405401 7.55479e+006 40.5461
405401 7.55479e+006 40.6901
405401 7.55479e+006 40.6901
405401 7.55479e+006 40.7601
405401 7.55479e+006 40.5106
405401 7.55479e+006 40.2918
405401 7.55479e+006 40.4198
405401 7.55479e+006 40.5461
405401 7.55479e+006 40.5461
405401 7.55479e+006 40.5106
405401 7.55479e+006 40.2918
405401 7.55479e+006 40.108
405401 7.55479e+006 40.1621
405401 7.55479e+006 40.2918
405401 7.55479e+006 40.2918
405401 7.55479e+006 40.2577
405401 7.55479e+006 40.108
405402 7.55479e+006 40.1015
405402 7.55479e+006 40.1565
405401 7.55479e+006 40.1621
405401 7.55479e+006 40.1621
405401 7.55479e+006 40.108
405402 7.55479e+006 40.1015
405402 7.55479e+006 40.2399
405402 7.55479e+006 40.2764
405402 7.55479e+006 40.1565
405402 7.55479e+006 40.1565
405402 7.55479e+006 40.1015
405402 7.55479e+006 40.2399
405402 7.55479e+006 40.4862
405402 7.55479e+006 40.4896
405402 7.55479e+006 40.2764
405402 7.55479e+006 40.2764
405402 7.55479e+006 40.2399
405402 7.55479e+006 40.4862
405402 7.55479e+006 40.7743
405402 7.55479e+006 40.7391
405402 7.55479e+006 40.4896
405402 7.55479e+006 40.4896
405402 7.55479e+006 40.4862
405402 7.55479e+006 40.7743
405402 7.55479e+006 41.027
405402 7.55479e+006 40.958
405402 7.55479e+006 40.7391
405402 7.55479e+006 40.7391
405402 7.55479e+006 40.7743
405402 7.55479e+006 41.027
405402 7.55479e+006 41.1767
405402 7.55479e+006 41.0876
405402 7.55479e+006 40.958
405402 7.55479e+006 40.958
405402 7.55479e+006 41.027
405402 7.55479e+006 41.1767
405401 7.55479e+006 41.1832
405401 7.55479e+006 41.0933
405402 7.55479e+006 41.0876
405402 7.55479e+006 41.0876
405402 7.55479e+006 41.1767
405401 7.55479e+006 41.1832
405401 7.55479e+006 41.0448
405401 7.55479e+006 40.9734
405401 7.55479e+006 41.0933
405401 7.55479e+006 41.0933
405401 7.55479e+006 41.1832
405401 7.55479e+006 41.0448
405401 7.55479e+006 40.7986
405401 7.55479e+006 40.7601
405401 7.55479e+006 40.9734
405401 7.55479e+006 40.9734
405401 7.55479e+006 41.0448
405401 7.55479e+006 40.7986
405401 7.55479e+006 40.5104
405401 7.55479e+006 40.5106
405401 7.55479e+006 40.7601
405401 7.55479e+006 40.7601
405401 7.55479e+006 40.7986
405401 7.55479e+006 40.5104
405401 7.55479e+006 40.2577
405401 7.55479e+006 40.2918
405401 7.55479e+006 40.5106
405401 7.55479e+006 40.5106
405401 7.55479e+006 40.5104
405401 7.55479e+006 40.2577
405401 7.55479e+006 40.3559
405401 7.55479e+006 40.4284
405401 7.55479e+006 40.6102
405402 7.55479e+006 40.3528
405401 7.55479e+006 40.3559
405401 7.55479e+006 40.6102
405402 7.55479e+006 40.4198
405402 7.55479e+006 40.3528
405401 7.55479e+006 40.6102
405402 7.55479e+006 40.5391
405402 7.55479e+006 40.4198
405401 7.55479e+006 40.6102
405402 7.55479e+006 40.6786
405402 7.55479e+006 40.5391
405401 7.55479e+006 40.6102
405402 7.55479e+006 40.801
405402 7.55479e+006 40.6786
405401 7.55479e+006 40.6102
405402 7.55479e+006 40.8734
405402 7.55479e+006 40.801
405401 7.55479e+006 40.6102
405401 7.55479e+006 40.8766
405402 7.55479e+006 40.8734
405401 7.55479e+006 40.6102
405401 7.55479e+006 40.8096
405401 7.55479e+006 40.8766
405401 7.55479e+006 40.6102
405401 7.55479e+006 40.6903
405401 7.55479e+006 40.8096
405401 7.55479e+006 40.6102
405401 7.55479e+006 40.5508
405401 7.55479e+006 40.6903
405401 7.55479e+006 40.6102
405401 7.55479e+006 40.4284
405401 7.55479e+006 40.5508
405401 7.55479e+006 40.6102
405401 7.55479e+006 40.4284
405401 7.55479e+006 40.3559
405401 7.55479e+006 40.1819
405401 7.55479e+006 40.1819
405401 7.55479e+006 40.3065
405401 7.55479e+006 40.4284
405401 7.55479e+006 40.3559
405402 7.55479e+006 40.3528
405402 7.55479e+006 40.1765
405402 7.55479e+006 40.1765
405401 7.55479e+006 40.1819
405401 7.55479e+006 40.3559
405402 7.55479e+006 40.3528
405402 7.55479e+006 40.4198
405402 7.55479e+006 40.2917
405402 7.55479e+006 40.2917
405402 7.55479e+006 40.1765
405402 7.55479e+006 40.3528
405402 7.55479e+006 40.4198
405402 7.55479e+006 40.5391
405402 7.55479e+006 40.4967
405402 7.55479e+006 40.4967
405402 7.55479e+006 40.2917
405402 7.55479e+006 40.4198
405402 7.55479e+006 40.5391
405402 7.55479e+006 40.6786
405402 7.55479e+006 40.7365
405402 7.55479e+006 40.7365
405402 7.55479e+006 40.4967
405402 7.55479e+006 40.5391
405402 7.55479e+006 40.6786
405402 7.55479e+006 40.801
405402 7.55479e+006 40.9469
405402 7.55479e+006 40.9469
405402 7.55479e+006 40.7365
405402 7.55479e+006 40.6786
405402 7.55479e+006 40.801
405402 7.55479e+006 40.8734
405402 7.55479e+006 41.0715
405402 7.55479e+006 41.0715
405402 7.55479e+006 40.9469
405402 7.55479e+006 40.801
405402 7.55479e+006 40.8734
405401 7.55479e+006 40.8766
405401 7.55479e+006 41.077
405401 7.55479e+006 41.077
405402 7.55479e+006 41.0715
405402 7.55479e+006 40.8734
405401 7.55479e+006 40.8766
405401 7.55479e+006 40.8096
405401 7.55479e+006 40.9617
405401 7.55479e+006 40.9617
405401 7.55479e+006 41.077
405401 7.55479e+006 40.8766
405401 7.55479e+006 40.8096
405401 7.55479e+006 40.6903
405401 7.55479e+006 40.7567
405401 7.55479e+006 40.7567
405401 7.55479e+006 40.9617
405401 7.55479e+006 40.8096
405401 7.55479e+006 40.6903
405401 7.55479e+006 40.5508
405401 7.55479e+006 40.5169
405401 7.55479e+006 40.5169
405401 7.55479e+006 40.7567
405401 7.55479e+006 40.6903
405401 7.55479e+006 40.5508
405401 7.55479e+006 40.4284
405401 7.55479e+006 40.3065
405401 7.55479e+006 40.3065
405401 7.55479e+006 40.5169
405401 7.55479e+006 40.5508
405401 7.55479e+006 40.3065
405401 7.55479e+006 40.1819
405401 7.55479e+006 40.1308
405401 7.55479e+006 40.1308
405401 7.55479e+006 40.2744
405401 7.55479e+006 40.3065
405401 7.55479e+006 40.1819
405402 7.55479e+006 40.1765
405402 7.55479e+006 40.1245
405402 7.55479e+006 40.1245
405401 7.55479e+006 40.1308
405401 7.55479e+006 40.1819
405402 7.55479e+006 40.1765
405402 7.55479e+006 40.2917
405402 7.55479e+006 40.2574
405402 7.55479e+006 40.2574
405402 7.55479e+006 40.1245
405402 7.55479e+006 40.1765
405402 7.55479e+006 40.2917
405402 7.55479e+006 40.4967
405402 7.55479e+006 40.4937
405402 7.55479e+006 40.4937
405402 7.55479e+006 40.2574
405402 7.55479e+006 40.2917
405402 7.55479e+006 40.4967
405402 7.55479e+006 40.7365
405402 7.55479e+006 40.7702
405402 7.55479e+006 40.7702
405402 7.55479e+006 40.4937
405402 7.55479e+006 40.4967
405402 7.55479e+006 40.7365
405402 7.55479e+006 40.9469
405402 7.55479e+006 41.0127
405402 7.55479e+006 41.0127
405402 7.55479e+006 40.7702
405402 7.55479e+006 40.7365
405402 7.55479e+006 40.9469
405402 7.55479e+006 41.0715
405402 7.55479e+006 41.1564
405402 7.55479e+006 41.1564
405402 7.55479e+006 41.0127
405402 7.55479e+006 40.9469
405402 7.55479e+006 41.0715
405401 7.55479e+006 41.077
405401 7.55479e+006 41.1626
405401 7.55479e+006 41.1626
405402 7.55479e+006 41.1564
405402 7.55479e+006 41.0715
405401 7.55479e+006 41.077
405401 7.55479e+006 40.9617
405401 7.55479e+006 41.0298
405401 7.55479e+006 41.0298
405401 7.55479e+006 41.1626
405401 7.55479e+006 41.077
405401 7.55479e+006 40.9617
405401 7.55479e+006 40.7567
405401 7.55479e+006 40.7935
405401 7.55479e+006 40.7935
405401 7.55479e+006 41.0298
405401 7.55479e+006 40.9617
405401 7.55479e+006 40.7567
405401 7.55479e+006 40.5169
405401 7.55479e+006 40.517
405401 7.55479e+006 40.517
405401 7.55479e+006 40.7935
405401 7.55479e+006 40.7567
405401 7.55479e+006 40.5169
405401 7.55479e+006 40.3065
405401 7.55479e+006 40.2744
405401 7.55479e+006 40.2744
405401 7.55479e+006 40.517
405401 7.55479e+006 40.5169
405401 7.55479e+006 40.108
405401 7.55479e+006 40.2577
405401 7.55479e+006 40.2744
405401 7.55479e+006 40.2744
405401 7.55479e+006 40.1308
405401 7.55479e+006 40.108
405402 7.55479e+006 40.1015
405401 7.55479e+006 40.108
405401 7.55479e+006 40.1308
405401 7.55479e+006 40.1308
405402 7.55479e+006 40.1245
405402 7.55479e+006 40.1015
405402 7.55479e+006 40.2399
405402 7.55479e+006 40.1015
405402 7.55479e+006 40.1245
405402 7.55479e+006 40.1245
405402 7.55479e+006 40.2574
405402 7.55479e+006 40.2399
405402 7.55479e+006 40.4862
405402 7.55479e+006 40.2399
405402 7.55479e+006 40.2574
405402 7.55479e+006 40.2574
405402 7.55479e+006 40.4937
405402 7.55479e+006 40.4862
405402 7.55479e+006 40.7743
405402 7.55479e+006 40.4862
405402 7.55479e+006 40.4937
405402 7.55479e+006 40.4937
405402 7.55479e+006 40.7702
405402 7.55479e+006 40.7743
405402 7.55479e+006 41.027
405402 7.55479e+006 40.7743
405402 7.55479e+006 40.7702
405402 7.55479e+006 40.7702
405402 7.55479e+006 41.0127
405402 7.55479e+006 41.027
405402 7.55479e+006 41.1767
405402 7.55479e+006 41.027
405402 7.55479e+006 41.0127
405402 7.55479e+006 41.0127
405402 7.55479e+006 41.1564
405402 7.55479e+006 41.1767
405401 7.55479e+006 41.1832
405402 7.55479e+006 41.1767
405402 7.55479e+006 41.1564
405402 7.55479e+006 41.1564
405401 7.55479e+006 41.1626
405401 7.55479e+006 41.1832
405401 7.55479e+006 41.0448
405401 7.55479e+006 41.1832
405401 7.55479e+006 41.1626
405401 7.55479e+006 41.1626
405401 7.55479e+006 41.0298
405401 7.55479e+006 41.0448
405401 7.55479e+006 40.7986
405401 7.55479e+006 41.0448
405401 7.55479e+006 41.0298
405401 7.55479e+006 41.0298
405401 7.55479e+006 40.7935
405401 7.55479e+006 40.7986
405401 7.55479e+006 40.5104
405401 7.55479e+006 40.7986
405401 7.55479e+006 40.7935
405401 7.55479e+006 40.7935
405401 7.55479e+006 40.517
405401 7.55479e+006 40.5104
405401 7.55479e+006 40.2577
405401 7.55479e+006 40.5104
405401 7.55479e+006 40.517
405401 7.55479e+006 40.517
405401 7.55479e+006 40.2744
405401 7.55479e+006 40.2577
405401 7.55479e+006 46.5501
405400 7.55479e+006 46.5501
405400 7.55479e+006 46.4494
405401 7.55479e+006 46.5501
405400 7.55479e+006 46.4494
405400 7.55479e+006 46.3756
405401 7.55479e+006 46.5501
405400 7.55479e+006 46.3756
405400 7.55479e+006 46.3486
405401 7.55479e+006 46.5501
405400 7.55479e+006 46.3486
405401 7.55479e+006 46.3756
405401 7.55479e+006 46.5501
405401 7.55479e+006 46.3756
405401 7.55479e+006 46.4494
405401 7.55479e+006 46.5501
405401 7.55479e+006 46.4494
405401 7.55479e+006 46.5501
405401 7.55479e+006 46.5501
405401 7.55479e+006 46.5501
405401 7.55479e+006 46.6508
405401 7.55479e+006 46.5501
405401 7.55479e+006 46.6508
405401 7.55479e+006 46.7245
405401 7.55479e+006 46.5501
405401 7.55479e+006 46.7245
405400 7.55479e+006 46.7515
405401 7.55479e+006 46.5501
405400 7.55479e+006 46.7515
405400 7.55479e+006 46.7245
405401 7.55479e+006 46.5501
405400 7.55479e+006 46.7245
405400 7.55479e+006 46.6508
405401 7.55479e+006 46.5501
405400 7.55479e+006 46.6508
405400 7.55479e+006 46.5501
405400 7.55479e+006 46.3756
405400 7.55479e+006 46.4494
405400 7.55479e+006 46.5501
405400 7.55479e+006 46.5501
405400 7.55479e+006 46.5501
405400 7.55479e+006 46.3756
405400 7.55479e+006 46.2478
405400 7.55479e+006 46.3756
405400 7.55479e+006 46.4494
405400 7.55479e+006 46.4494
405400 7.55479e+006 46.3756
405400 7.55479e+006 46.2478
405400 7.55479e+006 46.2011
405400 7.55479e+006 46.3486
405400 7.55479e+006 46.3756
405400 7.55479e+006 46.3756
405400 7.55479e+006 46.2478
405400 7.55479e+006 46.2011
405400 7.55479e+006 46.2478
405401 7.55479e+006 46.3756
405400 7.55479e+006 46.3486
405400 7.55479e+006 46.3486
405400 7.55479e+006 46.2011
405400 7.55479e+006 46.2478
405400 7.55479e+006 46.3756
405401 7.55479e+006 46.4494
405401 7.55479e+006 46.3756
405401 7.55479e+006 46.3756
405400 7.55479e+006 46.2478
405400 7.55479e+006 46.3756
405400 7.55479e+006 46.5501
405401 7.55479e+006 46.5501
405401 7.55479e+006 46.4494
405401 7.55479e+006 46.4494
405400 7.55479e+006 46.3756
405400 7.55479e+006 46.5501
405400 7.55479e+006 46.7246
405401 7.55479e+006 46.6508
405401 7.55479e+006 46.5501
405401 7.55479e+006 46.5501
405400 7.55479e+006 46.5501
405400 7.55479e+006 46.7246
405400 7.55479e+006 46.8524
405401 7.55479e+006 46.7245
405401 7.55479e+006 46.6508
405401 7.55479e+006 46.6508
405400 7.55479e+006 46.7246
405400 7.55479e+006 46.8524
405400 7.55479e+006 46.8991
405400 7.55479e+006 46.7515
405401 7.55479e+006 46.7245
405401 7.55479e+006 46.7245
405400 7.55479e+006 46.8524
405400 7.55479e+006 46.8991
405400 7.55479e+006 46.8523
405400 7.55479e+006 46.7245
405400 7.55479e+006 46.7515
405400 7.55479e+006 46.7515
405400 7.55479e+006 46.8991
405400 7.55479e+006 46.8523
405400 7.55479e+006 46.7246
405400 7.55479e+006 46.6508
405400 7.55479e+006 46.7245
405400 7.55479e+006 46.7245
405400 7.55479e+006 46.8523
405400 7.55479e+006 46.7246
405400 7.55479e+006 46.5501
405400 7.55479e+006 46.5501
405400 7.55479e+006 46.6508
405400 7.55479e+006 46.6508
405400 7.55479e+006 46.7246
405400 7.55479e+006 46.5501
405400 7.55479e+006 46.3485
405400 7.55479e+006 46.3756
405400 7.55479e+006 46.5501
405400 7.55479e+006 46.5501
405400 7.55479e+006 46.5501
405400 7.55479e+006 46.3485
405400 7.55479e+006 46.201
405400 7.55479e+006 46.2478
405400 7.55479e+006 46.3756
405400 7.55479e+006 46.3756
405400 7.55479e+006 46.3485
405400 7.55479e+006 46.201
405400 7.55479e+006 46.147
405400 7.55479e+006 46.2011
405400 7.55479e+006 46.2478
405400 7.55479e+006 46.2478
405400 7.55479e+006 46.201
405400 7.55479e+006 46.147
405400 7.55479e+006 46.2011
405400 7.55479e+006 46.2478
405400 7.55479e+006 46.2011
405400 7.55479e+006 46.2011
405400 7.55479e+006 46.147
405400 7.55479e+006 46.2011
405400 7.55479e+006 46.3486
405400 7.55479e+006 46.3756
405400 7.55479e+006 46.2478
405400 7.55479e+006 46.2478
405400 7.55479e+006 46.2011
405400 7.55479e+006 46.3486
405400 7.55479e+006 46.5501
405400 7.55479e+006 46.5501
405400 7.55479e+006 46.3756
405400 7.55479e+006 46.3756
405400 7.55479e+006 46.3486
405400 7.55479e+006 46.5501
405400 7.55479e+006 46.7516
405400 7.55479e+006 46.7246
405400 7.55479e+006 46.5501
405400 7.55479e+006 46.5501
405400 7.55479e+006 46.5501
405400 7.55479e+006 46.7516
405400 7.55479e+006 46.8991
405400 7.55479e+006 46.8524
405400 7.55479e+006 46.7246
405400 7.55479e+006 46.7246
405400 7.55479e+006 46.7516
405400 7.55479e+006 46.8991
405400 7.55479e+006 46.9531
405400 7.55479e+006 46.8991
405400 7.55479e+006 46.8524
405400 7.55479e+006 46.8524
405400 7.55479e+006 46.8991
405400 7.55479e+006 46.9531
405400 7.55479e+006 46.8991
405400 7.55479e+006 46.8523
405400 7.55479e+006 46.8991
405400 7.55479e+006 46.8991
405400 7.55479e+006 46.9531
405400 7.55479e+006 46.8991
405400 7.55479e+006 46.7516
405400 7.55479e+006 46.7246
405400 7.55479e+006 46.8523
405400 7.55479e+006 46.8523
405400 7.55479e+006 46.8991
405400 7.55479e+006 46.7516
405400 7.55479e+006 46.5501
405400 7.55479e+006 46.5501
405400 7.55479e+006 46.7246
405400 7.55479e+006 46.7246
405400 7.55479e+006 46.7516
405400 7.55479e+006 46.5501
405400 7.55479e+006 46.4525
405400 7.55479e+006 46.5501
405401 7.55479e+006 46.5501
405400 7.55479e+006 46.3811
405400 7.55479e+006 46.4525
405401 7.55479e+006 46.5501
405400 7.55479e+006 46.3549
405400 7.55479e+006 46.3811
405401 7.55479e+006 46.5501
405400 7.55479e+006 46.3811
405400 7.55479e+006 46.3549
405401 7.55479e+006 46.5501
405401 7.55479e+006 46.4525
405400 7.55479e+006 46.3811
405401 7.55479e+006 46.5501
405401 7.55479e+006 46.5501
405401 7.55479e+006 46.4525
405401 7.55479e+006 46.5501
405401 7.55479e+006 46.6477
405401 7.55479e+006 46.5501
405401 7.55479e+006 46.5501
405400 7.55479e+006 46.7191
405401 7.55479e+006 46.6477
405401 7.55479e+006 46.5501
405400 7.55479e+006 46.7452
405400 7.55479e+006 46.7191
405401 7.55479e+006 46.5501
405400 7.55479e+006 46.7191
405400 7.55479e+006 46.7452
405401 7.55479e+006 46.5501
405400 7.55479e+006 46.6477
405400 7.55479e+006 46.7191
405401 7.55479e+006 46.5501
405400 7.55479e+006 46.5501
405400 7.55479e+006 46.6477
405401 7.55479e+006 46.5501
405400 7.55479e+006 46.5501
405400 7.55479e+006 46.4525
405400 7.55479e+006 46.3823
405400 7.55479e+006 46.3823
405400 7.55479e+006 46.5501
405400 7.55479e+006 46.5501
405400 7.55479e+006 46.4525
405400 7.55479e+006 46.3811
405400 7.55479e+006 46.2595
405400 7.55479e+006 46.2595
405400 7.55479e+006 46.3823
405400 7.55479e+006 46.4525
405400 7.55479e+006 46.3811
405400 7.55479e+006 46.3549
405400 7.55479e+006 46.2146
405400 7.55479e+006 46.2146
405400 7.55479e+006 46.2595
405400 7.55479e+006 46.3811
405400 7.55479e+006 46.3549
405400 7.55479e+006 46.3811
405400 7.55479e+006 46.2596
405400 7.55479e+006 46.2596
405400 7.55479e+006 46.2146
405400 7.55479e+006 46.3549
405400 7.55479e+006 46.3811
405401 7.55479e+006 46.4525
405400 7.55479e+006 46.3824
405400 7.55479e+006 46.3824
405400 7.55479e+006 46.2596
405400 7.55479e+006 46.3811
405401 7.55479e+006 46.4525
405401 7.55479e+006 46.5501
405400 7.55479e+006 46.5501
405400 7.55479e+006 46.5501
405400 7.55479e+006 46.3824
405401 7.55479e+006 46.4525
405401 7.55479e+006 46.5501
405401 7.55479e+006 46.6477
405400 7.55479e+006 46.7178
405400 7.55479e+006 46.7178
405400 7.55479e+006 46.5501
405401 7.55479e+006 46.5501
405401 7.55479e+006 46.6477
405400 7.55479e+006 46.7191
405400 7.55479e+006 46.8406
405400 7.55479e+006 46.8406
405400 7.55479e+006 46.7178
405401 7.55479e+006 46.6477
405400 7.55479e+006 46.7191
405400 7.55479e+006 46.7452
405400 7.55479e+006 46.8856
405400 7.55479e+006 46.8856
405400 7.55479e+006 46.8406
405400 7.55479e+006 46.7191
405400 7.55479e+006 46.7452
405400 7.55479e+006 46.7191
405400 7.55479e+006 46.8406
405400 7.55479e+006 46.8406
405400 7.55479e+006 46.8856
405400 7.55479e+006 46.7452
405400 7.55479e+006 46.7191
405400 7.55479e+006 46.6477
405400 7.55479e+006 46.7178
405400 7.55479e+006 46.7178
405400 7.55479e+006 46.8406
405400 7.55479e+006 46.7191
405400 7.55479e+006 46.6477
405400 7.55479e+006 46.5501
405400 7.55479e+006 46.5501
405400 7.55479e+006 46.5501
405400 7.55479e+006 46.7178
405400 7.55479e+006 46.6477
405400 7.55479e+006 46.5501
405400 7.55479e+006 46.3823
405400 7.55479e+006 46.3567
405400 7.55479e+006 46.3567
405400 7.55479e+006 46.5501
405400 7.55479e+006 46.5501
405400 7.55479e+006 46.3823
405400 7.55479e+006 46.2595
405400 7.55479e+006 46.2151
405400 7.55479e+006 46.2151
405400 7.55479e+006 46.3567
405400 7.55479e+006 46.3823
405400 7.55479e+006 46.2595
405400 7.55479e+006 46.2146
405400 7.55479e+006 46.1633
405400 7.55479e+006 46.1633
405400 7.55479e+006 46.2151
405400 7.55479e+006 46.2595
405400 7.55479e+006 46.2146
405400 7.55479e+006 46.2596
405400 7.55479e+006 46.2151
405400 7.55479e+006 46.2151
405400 7.55479e+006 46.1633
405400 7.55479e+006 46.2146
405400 7.55479e+006 46.2596
405400 7.55479e+006 46.3824
405400 7.55479e+006 46.3567
405400 7.55479e+006 46.3567
405400 7.55479e+006 46.2151
405400 7.55479e+006 46.2596
405400 7.55479e+006 46.3824
405400 7.55479e+006 46.5501
405400 7.55479e+006 46.5501
405400 7.55479e+006 46.5501
405400 7.55479e+006 46.3567
405400 7.55479e+006 46.3824
405400 7.55479e+006 46.5501
405400 7.55479e+006 46.7178
405400 7.55479e+006 46.7435
405400 7.55479e+006 46.7435
405400 7.55479e+006 46.5501
405400 7.55479e+006 46.5501
405400 7.55479e+006 46.7178
405400 7.55479e+006 46.8406
405400 7.55479e+006 46.8851
405400 7.55479e+006 46.8851
405400 7.55479e+006 46.7435
405400 7.55479e+006 46.7178
405400 7.55479e+006 46.8406
405400 7.55479e+006 46.8856
405400 7.55479e+006 46.9369
405400 7.55479e+006 46.9369
405400 7.55479e+006 46.8851
405400 7.55479e+006 46.8406
405400 7.55479e+006 46.8856
405400 7.55479e+006 46.8406
405400 7.55479e+006 46.885
405400 7.55479e+006 46.885
405400 7.55479e+006 46.9369
405400 7.55479e+006 46.8856
405400 7.55479e+006 46.8406
405400 7.55479e+006 46.7178
405400 7.55479e+006 46.7435
405400 7.55479e+006 46.7435
405400 7.55479e+006 46.885
405400 7.55479e+006 46.8406
405400 7.55479e+006 46.7178
405400 7.55479e+006 46.5501
405400 7.55479e+006 46.5501
405400 7.55479e+006 46.5501
405400 7.55479e+006 46.7435
405400 7.55479e+006 46.7178
405400 7.55479e+006 46.3485
405400 7.55479e+006 46.5501
405400 7.55479e+006 46.5501
405400 7.55479e+006 46.5501
405400 7.55479e+006 46.3567
405400 7.55479e+006 46.3485
405400 7.55479e+006 46.201
405400 7.55479e+006 46.3485
405400 7.55479e+006 46.3567
405400 7.55479e+006 46.3567
405400 7.55479e+006 46.2151
405400 7.55479e+006 46.201
405400 7.55479e+006 46.147
405400 7.55479e+006 46.201
405400 7.55479e+006 46.2151
405400 7.55479e+006 46.2151
405400 7.55479e+006 46.1633
405400 7.55479e+006 46.147
405400 7.55479e+006 46.2011
405400 7.55479e+006 46.147
405400 7.55479e+006 46.1633
405400 7.55479e+006 46.1633
405400 7.55479e+006 46.2151
405400 7.55479e+006 46.2011
405400 7.55479e+006 46.3486
405400 7.55479e+006 46.2011
405400 7.55479e+006 46.2151
405400 7.55479e+006 46.2151
405400 7.55479e+006 46.3567
405400 7.55479e+006 46.3486
405400 7.55479e+006 46.5501
405400 7.55479e+006 46.3486
405400 7.55479e+006 46.3567
405400 7.55479e+006 46.3567
405400 7.55479e+006 46.5501
405400 7.55479e+006 46.5501
405400 7.55479e+006 46.7516
405400 7.55479e+006 46.5501
405400 7.55479e+006 46.5501
405400 7.55479e+006 46.5501
405400 7.55479e+006 46.7435
405400 7.55479e+006 46.7516
405400 7.55479e+006 46.8991
405400 7.55479e+006 46.7516
405400 7.55479e+006 46.7435
405400 7.55479e+006 46.7435
405400 7.55479e+006 46.8851
405400 7.55479e+006 46.8991
405400 7.55479e+006 46.9531
405400 7.55479e+006 46.8991
405400 7.55479e+006 46.8851
405400 7.55479e+006 46.8851
405400 7.55479e+006 46.9369
405400 7.55479e+006 46.9531
405400 7.55479e+006 46.8991
405400 7.55479e+006 46.9531
405400 7.55479e+006 46.9369
405400 7.55479e+006 46.9369
405400 7.55479e+006 46.885
405400 7.55479e+006 46.8991
405400 7.55479e+006 46.7516
405400 7.55479e+006 46.8991
405400 7.55479e+006 46.885
405400 7.55479e+006 46.885
405400 7.55479e+006 46.7435
405400 7.55479e+006 46.7516
405400 7.55479e+006 46.5501
405400 7.55479e+006 46.7516
405400 7.55479e+006 46.7435
405400 7.55479e+006 46.7435
405400 7.55479e+006 46.5501
405400 7.55479e+006 46.5501
405402 7.55479e+006 52.1697
405401 7.55479e+006 52.1697
405401 7.55479e+006 52.0886
405402 7.55479e+006 52.1697
405401 7.55479e+006 52.0886
405401 7.55479e+006 52.0292
405402 7.55479e+006 52.1697
405401 7.55479e+006 52.0292
405402 7.55479e+006 52.0075
405402 7.55479e+006 52.1697
405402 7.55479e+006 52.0075
405402 7.55479e+006 52.0292
405402 7.55479e+006 52.1697
405402 7.55479e+006 52.0292
405402 7.55479e+006 52.0886
405402 7.55479e+006 52.1697
405402 7.55479e+006 52.0886
405402 7.55479e+006 52.1697
405402 7.55479e+006 52.1697
405402 7.55479e+006 52.1697
405402 7.55479e+006 52.2508
405402 7.55479e+006 52.1697
405402 7.55479e+006 52.2508
405402 7.55479e+006 52.3102
405402 7.55479e+006 52.1697
405402 7.55479e+006 52.3102
405402 7.55479e+006 52.3319
405402 7.55479e+006 52.1697
405402 7.55479e+006 52.3319
405401 7.55479e+006 52.3102
405402 7.55479e+006 52.1697
405401 7.55479e+006 52.3102
405401 7.55479e+006 52.2508
405402 7.55479e+006 52.1697
405401 7.55479e+006 52.2508
405401 7.55479e+006 52.1697
405401 7.55479e+006 52.0292
405401 7.55479e+006 52.0886
405401 7.55479e+006 52.1697
405401 7.55479e+006 52.1697
405401 7.55479e+006 52.1697
405401 7.55479e+006 52.0292
405401 7.55479e+006 51.9263
405401 7.55479e+006 52.0292
405401 7.55479e+006 52.0886
405401 7.55479e+006 52.0886
405401 7.55479e+006 52.0292
405401 7.55479e+006 51.9263
405402 7.55479e+006 51.8886
405402 7.55479e+006 52.0075
405401 7.55479e+006 52.0292
405401 7.55479e+006 52.0292
405401 7.55479e+006 51.9263
405402 7.55479e+006 51.8886
405402 7.55479e+006 51.9263
405402 7.55479e+006 52.0292
405402 7.55479e+006 52.0075
405402 7.55479e+006 52.0075
405402 7.55479e+006 51.8886
405402 7.55479e+006 51.9263
405402 7.55479e+006 52.0292
405402 7.55479e+006 52.0886
405402 7.55479e+006 52.0292
405402 7.55479e+006 52.0292
405402 7.55479e+006 51.9263
405402 7.55479e+006 52.0292
405402 7.55479e+006 52.1697
405402 7.55479e+006 52.1697
405402 7.55479e+006 52.0886
405402 7.55479e+006 52.0886
405402 7.55479e+006 52.0292
405402 7.55479e+006 52.1697
405402 7.55479e+006 52.3102
405402 7.55479e+006 52.2508
405402 7.55479e+006 52.1697
405402 7.55479e+006 52.1697
405402 7.55479e+006 52.1697
405402 7.55479e+006 52.3102
405402 7.55479e+006 52.4131
405402 7.55479e+006 52.3102
405402 7.55479e+006 52.2508
405402 7.55479e+006 52.2508
405402 7.55479e+006 52.3102
405402 7.55479e+006 52.4131
405402 7.55479e+006 52.4507
405402 7.55479e+006 52.3319
405402 7.55479e+006 52.3102
405402 7.55479e+006 52.3102
405402 7.55479e+006 52.4131
405402 7.55479e+006 52.4507
405401 7.55479e+006 52.4131
405401 7.55479e+006 52.3102
405402 7.55479e+006 52.3319
405402 7.55479e+006 52.3319
405402 7.55479e+006 52.4507
405401 7.55479e+006 52.4131
405401 7.55479e+006 52.3102
405401 7.55479e+006 52.2508
405401 7.55479e+006 52.3102
405401 7.55479e+006 52.3102
405401 7.55479e+006 52.4131
405401 7.55479e+006 52.3102
405401 7.55479e+006 52.1697
405401 7.55479e+006 52.1697
405401 7.55479e+006 52.2508
405401 7.55479e+006 52.2508
405401 7.55479e+006 52.3102
405401 7.55479e+006 52.1697
405401 7.55479e+006 52.0074
405401 7.55479e+006 52.0292
405401 7.55479e+006 52.1697
405401 7.55479e+006 52.1697
405401 7.55479e+006 52.1697
405401 7.55479e+006 52.0074
405401 7.55479e+006 51.8886
405401 7.55479e+006 51.9263
405401 7.55479e+006 52.0292
405401 7.55479e+006 52.0292
405401 7.55479e+006 52.0074
405401 7.55479e+006 51.8886
405402 7.55479e+006 51.8451
405402 7.55479e+006 51.8886
405401 7.55479e+006 51.9263
405401 7.55479e+006 51.9263
405401 7.55479e+006 51.8886
405402 7.55479e+006 51.8451
405402 7.55479e+006 51.8886
405402 7.55479e+006 51.9263
405402 7.55479e+006 51.8886
405402 7.55479e+006 51.8886
405402 7.55479e+006 51.8451
405402 7.55479e+006 51.8886
405402 7.55479e+006 52.0074
405402 7.55479e+006 52.0292
405402 7.55479e+006 51.9263
405402 7.55479e+006 51.9263
405402 7.55479e+006 51.8886
405402 7.55479e+006 52.0074
405402 7.55479e+006 52.1697
405402 7.55479e+006 52.1697
405402 7.55479e+006 52.0292
405402 7.55479e+006 52.0292
405402 7.55479e+006 52.0074
405402 7.55479e+006 52.1697
405402 7.55479e+006 52.332
405402 7.55479e+006 52.3102
405402 7.55479e+006 52.1697
405402 7.55479e+006 52.1697
405402 7.55479e+006 52.1697
405402 7.55479e+006 52.332
405402 7.55479e+006 52.4508
405402 7.55479e+006 52.4131
405402 7.55479e+006 52.3102
405402 7.55479e+006 52.3102
405402 7.55479e+006 52.332
405402 7.55479e+006 52.4508
405402 7.55479e+006 52.4942
405402 7.55479e+006 52.4507
405402 7.55479e+006 52.4131
405402 7.55479e+006 52.4131
405402 7.55479e+006 52.4508
405402 7.55479e+006 52.4942
405401 7.55479e+006 52.4507
405401 7.55479e+006 52.4131
405402 7.55479e+006 52.4507
405402 7.55479e+006 52.4507
405402 7.55479e+006 52.4942
405401 7.55479e+006 52.4507
405401 7.55479e+006 52.3319
405401 7.55479e+006 52.3102
405401 7.55479e+006 52.4131
405401 7.55479e+006 52.4131
405401 7.55479e+006 52.4507
405401 7.55479e+006 52.3319
405401 7.55479e+006 52.1697
405401 7.55479e+006 52.1697
405401 7.55479e+006 52.3102
405401 7.55479e+006 52.3102
405401 7.55479e+006 52.3319
405401 7.55479e+006 52.1697
405401 7.55479e+006 52.0911
405401 7.55479e+006 52.1697
405402 7.55479e+006 52.1697
405401 7.55479e+006 52.0336
405401 7.55479e+006 52.0911
405402 7.55479e+006 52.1697
405402 7.55479e+006 52.0125
405401 7.55479e+006 52.0336
405402 7.55479e+006 52.1697
405402 7.55479e+006 52.0336
405402 7.55479e+006 52.0125
405402 7.55479e+006 52.1697
405402 7.55479e+006 52.0911
405402 7.55479e+006 52.0336
405402 7.55479e+006 52.1697
405402 7.55479e+006 52.1697
405402 7.55479e+006 52.0911
405402 7.55479e+006 52.1697
405402 7.55479e+006 52.2483
405402 7.55479e+006 52.1697
405402 7.55479e+006 52.1697
405402 7.55479e+006 52.3058
405402 7.55479e+006 52.2483
405402 7.55479e+006 52.1697
405402 7.55479e+006 52.3268
405402 7.55479e+006 52.3058
405402 7.55479e+006 52.1697
405401 7.55479e+006 52.3058
405402 7.55479e+006 52.3268
405402 7.55479e+006 52.1697
405401 7.55479e+006 52.2482
405401 7.55479e+006 52.3058
405402 7.55479e+006 52.1697
405401 7.55479e+006 52.1697
405401 7.55479e+006 52.2482
405402 7.55479e+006 52.1697
405401 7.55479e+006 52.1697
405401 7.55479e+006 52.0911
405401 7.55479e+006 52.0346
405401 7.55479e+006 52.0346
405401 7.55479e+006 52.1697
405401 7.55479e+006 52.1697
405401 7.55479e+006 52.0911
405401 7.55479e+006 52.0336
405401 7.55479e+006 51.9357
405401 7.55479e+006 51.9357
405401 7.55479e+006 52.0346
405401 7.55479e+006 52.0911
405401 7.55479e+006 52.0336
405402 7.55479e+006 52.0125
405402 7.55479e+006 51.8995
405402 7.55479e+006 51.8995
405401 7.55479e+006 51.9357
405401 7.55479e+006 52.0336
405402 7.55479e+006 52.0125
405402 7.55479e+006 52.0336
405402 7.55479e+006 51.9357
405402 7.55479e+006 51.9357
405402 7.55479e+006 51.8995
405402 7.55479e+006 52.0125
405402 7.55479e+006 52.0336
405402 7.55479e+006 52.0911
405402 7.55479e+006 52.0346
405402 7.55479e+006 52.0346
405402 7.55479e+006 51.9357
405402 7.55479e+006 52.0336
405402 7.55479e+006 52.0911
405402 7.55479e+006 52.1697
405402 7.55479e+006 52.1697
405402 7.55479e+006 52.1697
405402 7.55479e+006 52.0346
405402 7.55479e+006 52.0911
405402 7.55479e+006 52.1697
405402 7.55479e+006 52.2483
405402 7.55479e+006 52.3048
405402 7.55479e+006 52.3048
405402 7.55479e+006 52.1697
405402 7.55479e+006 52.1697
405402 7.55479e+006 52.2483
405402 7.55479e+006 52.3058
405402 7.55479e+006 52.4036
405402 7.55479e+006 52.4036
405402 7.55479e+006 52.3048
405402 7.55479e+006 52.2483
405402 7.55479e+006 52.3058
405402 7.55479e+006 52.3268
405402 7.55479e+006 52.4398
405402 7.55479e+006 52.4398
405402 7.55479e+006 52.4036
405402 7.55479e+006 52.3058
405402 7.55479e+006 52.3268
405401 7.55479e+006 52.3058
405401 7.55479e+006 52.4036
405401 7.55479e+006 52.4036
405402 7.55479e+006 52.4398
405402 7.55479e+006 52.3268
405401 7.55479e+006 52.3058
405401 7.55479e+006 52.2482
405401 7.55479e+006 52.3047
405401 7.55479e+006 52.3047
405401 7.55479e+006 52.4036
405401 7.55479e+006 52.3058
405401 7.55479e+006 52.2482
405401 7.55479e+006 52.1697
405401 7.55479e+006 52.1697
405401 7.55479e+006 52.1697
405401 7.55479e+006 52.3047
405401 7.55479e+006 52.2482
405401 7.55479e+006 52.1697
405401 7.55479e+006 52.0346
405401 7.55479e+006 52.014
405401 7.55479e+006 52.014
405401 7.55479e+006 52.1697
405401 7.55479e+006 52.1697
405401 7.55479e+006 52.0346
405401 7.55479e+006 51.9357
405401 7.55479e+006 51.9
405401 7.55479e+006 51.9
405401 7.55479e+006 52.014
405401 7.55479e+006 52.0346
405401 7.55479e+006 51.9357
405402 7.55479e+006 51.8995
405402 7.55479e+006 51.8582
405402 7.55479e+006 51.8582
405401 7.55479e+006 51.9
405401 7.55479e+006 51.9357
405402 7.55479e+006 51.8995
405402 7.55479e+006 51.9357
405402 7.55479e+006 51.9
405402 7.55479e+006 51.9
405402 7.55479e+006 51.8582
405402 7.55479e+006 51.8995
405402 7.55479e+006 51.9357
405402 7.55479e+006 52.0346
405402 7.55479e+006 52.014
405402 7.55479e+006 52.014
405402 7.55479e+006 51.9
405402 7.55479e+006 51.9357
405402 7.55479e+006 52.0346
405402 7.55479e+006 52.1697
405402 7.55479e+006 52.1697
405402 7.55479e+006 52.1697
405402 7.55479e+006 52.014
405402 7.55479e+006 52.0346
405402 7.55479e+006 52.1697
405402 7.55479e+006 52.3048
405402 7.55479e+006 52.3254
405402 7.55479e+006 52.3254
405402 7.55479e+006 52.1697
405402 7.55479e+006 52.1697
405402 7.55479e+006 52.3048
405402 7.55479e+006 52.4036
405402 7.55479e+006 52.4394
405402 7.55479e+006 52.4394
405402 7.55479e+006 52.3254
405402 7.55479e+006 52.3048
405402 7.55479e+006 52.4036
405402 7.55479e+006 52.4398
405402 7.55479e+006 52.4811
405402 7.55479e+006 52.4811
405402 7.55479e+006 52.4394
405402 7.55479e+006 52.4036
405402 7.55479e+006 52.4398
405401 7.55479e+006 52.4036
405401 7.55479e+006 52.4394
405401 7.55479e+006 52.4394
405402 7.55479e+006 52.4811
405402 7.55479e+006 52.4398
405401 7.55479e+006 52.4036
405401 7.55479e+006 52.3047
405401 7.55479e+006 52.3254
405401 7.55479e+006 52.3254
405401 7.55479e+006 52.4394
405401 7.55479e+006 52.4036
405401 7.55479e+006 52.3047
405401 7.55479e+006 52.1697
405401 7.55479e+006 52.1697
405401 7.55479e+006 52.1697
405401 7.55479e+006 52.3254
405401 7.55479e+006 52.3047
405401 7.55479e+006 52.0074
405401 7.55479e+006 52.1697
405401 7.55479e+006 52.1697
405401 7.55479e+006 52.1697
405401 7.55479e+006 52.014
405401 7.55479e+006 52.0074
405401 7.55479e+006 51.8886
405401 7.55479e+006 52.0074
405401 7.55479e+006 52.014
405401 7.55479e+006 52.014
405401 7.55479e+006 51.9
405401 7.55479e+006 51.8886
405402 7.55479e+006 51.8451
405401 7.55479e+006 51.8886
405401 7.55479e+006 51.9
405401 7.55479e+006 51.9
405402 7.55479e+006 51.8582
405402 7.55479e+006 51.8451
405402 7.55479e+006 51.8886
405402 7.55479e+006 51.8451
405402 7.55479e+006 51.8582
405402 7.55479e+006 51.8582
405402 7.55479e+006 51.9
405402 7.55479e+006 51.8886
405402 7.55479e+006 52.0074
405402 7.55479e+006 51.8886
405402 7.55479e+006 51.9
405402 7.55479e+006 51.9
405402 7.55479e+006 52.014
405402 7.55479e+006 52.0074
405402 7.55479e+006 52.1697
405402 7.55479e+006 52.0074
405402 7.55479e+006 52.014
405402 7.55479e+006 52.014
405402 7.55479e+006 52.1697
405402 7.55479e+006 52.1697
405402 7.55479e+006 52.332
405402 7.55479e+006 52.1697
405402 7.55479e+006 52.1697
405402 7.55479e+006 52.1697
405402 7.55479e+006 52.3254
405402 7.55479e+006 52.332
405402 7.55479e+006 52.4508
405402 7.55479e+006 52.332
405402 7.55479e+006 52.3254
405402 7.55479e+006 52.3254
405402 7.55479e+006 52.4394
405402 7.55479e+006 52.4508
405402 7.55479e+006 52.4942
405402 7.55479e+006 52.4508
405402 7.55479e+006 52.4394
405402 7.55479e+006 52.4394
405402 7.55479e+006 52.4811
405402 7.55479e+006 52.4942
405401 7.55479e+006 52.4507
405402 7.55479e+006 52.4942
405402 7.55479e+006 52.4811
405402 7.55479e+006 52.4811
405401 7.55479e+006 52.4394
405401 7.55479e+006 52.4507
405401 7.55479e+006 52.3319
405401 7.55479e+006 52.4507
405401 7.55479e+006 52.4394
405401 7.55479e+006 52.4394
405401 7.55479e+006 52.3254
405401 7.55479e+006 52.3319
405401 7.55479e+006 52.1697
405401 7.55479e+006 52.3319
405401 7.55479e+006 52.3254
405401 7.55479e+006 52.3254
405401 7.55479e+006 52.1697
405401 7.55479e+006 52.1697
405403 7.55479e+006 52.5835
405403 7.55479e+006 52.5448
405403 7.55479e+006 52.5448
405403 7.55479e+006 52.5835
405403 7.55479e+006 52.5448
405403 7.55479e+006 52.5448
405403 7.55479e+006 52.5835
405403 7.55479e+006 52.5448
405403 7.55479e+006 52.5448
405403 7.55479e+006 52.5835
405403 7.55479e+006 52.5448
405403 7.55479e+006 52.5448
405403 7.55479e+006 52.5835
405403 7.55479e+006 52.5448
405403 7.55479e+006 52.5448
405403 7.55479e+006 52.5835
405403 7.55479e+006 52.5448
405402 7.55479e+006 52.5448
405403 7.55479e+006 52.5835
405402 7.55479e+006 52.5448
405402 7.55479e+006 52.5448
405403 7.55479e+006 52.5835
405402 7.55479e+006 52.5448
405402 7.55479e+006 52.5447
405403 7.55479e+006 52.5835
405402 7.55479e+006 52.5447
405403 7.55479e+006 52.5447
405403 7.55479e+006 52.5835
405403 7.55479e+006 52.5447
405403 7.55479e+006 52.5448
405403 7.55479e+006 52.5835
405403 7.55479e+006 52.5448
405403 7.55479e+006 52.5448
405403 7.55479e+006 52.5835
405403 7.55479e+006 52.5448
405403 7.55479e+006 52.5448
405403 7.55479e+006 52.5448
405403 7.55479e+006 52.4389
405403 7.55479e+006 52.4389
405403 7.55479e+006 52.4389
405403 7.55479e+006 52.5448
405403 7.55479e+006 52.5448
405403 7.55479e+006 52.5448
405403 7.55479e+006 52.4389
405403 7.55479e+006 52.4389
405403 7.55479e+006 52.4389
405403 7.55479e+006 52.5448
405403 7.55479e+006 52.5448
405403 7.55479e+006 52.5448
405403 7.55479e+006 52.4389
405403 7.55479e+006 52.4389
405403 7.55479e+006 52.4389
405403 7.55479e+006 52.5448
405403 7.55479e+006 52.5448
405403 7.55479e+006 52.5448
405403 7.55479e+006 52.4389
405403 7.55479e+006 52.4389
405403 7.55479e+006 52.4389
405403 7.55479e+006 52.5448
405403 7.55479e+006 52.5448
405403 7.55479e+006 52.5448
405403 7.55479e+006 52.4389
405402 7.55479e+006 52.4389
405402 7.55479e+006 52.4389
405403 7.55479e+006 52.5448
405403 7.55479e+006 52.5448
405403 7.55479e+006 52.5448
405402 7.55479e+006 52.4389
405402 7.55479e+006 52.4389
405402 7.55479e+006 52.4389
405402 7.55479e+006 52.5448
405403 7.55479e+006 52.5448
405402 7.55479e+006 52.5448
405402 7.55479e+006 52.4389
405402 7.55479e+006 52.4389
405402 7.55479e+006 52.4389
405402 7.55479e+006 52.5448
405402 7.55479e+006 52.5448
405402 7.55479e+006 52.5448
405402 7.55479e+006 52.4389
405402 7.55479e+006 52.4389
405402 7.55479e+006 52.4389
405402 7.55479e+006 52.5447
405402 7.55479e+006 52.5448
405402 7.55479e+006 52.5447
405402 7.55479e+006 52.4389
405402 7.55479e+006 52.4389
405402 7.55479e+006 52.4389
405403 7.55479e+006 52.5447
405402 7.55479e+006 52.5447
405403 7.55479e+006 52.5447
405402 7.55479e+006 52.4389
405403 7.55479e+006 52.4389
405403 7.55479e+006 52.4389
405403 7.55479e+006 52.5448
405403 7.55479e+006 52.5447
405403 7.55479e+006 52.5448
405403 7.55479e+006 52.4389
405403 7.55479e+006 52.4389
405403 7.55479e+006 52.4389
405403 7.55479e+006 52.5448
405403 7.55479e+006 52.5448
405403 7.55479e+006 52.5448
405403 7.55479e+006 52.4389
405403 7.55479e+006 52.4389
405403 7.55479e+006 52.4389
405403 7.55479e+006 52.5448
405403 7.55479e+006 52.5448
405403 7.55479e+006 52.4389
405403 7.55479e+006 52.2942
405403 7.55479e+006 52.2942
405403 7.55479e+006 52.2942
405403 7.55479e+006 52.4389
405403 7.55479e+006 52.4389
405403 7.55479e+006 52.4389
405403 7.55479e+006 52.2942
405403 7.55479e+006 52.2942
405403 7.55479e+006 52.2942
405403 7.55479e+006 52.4389
405403 7.55479e+006 52.4389
405403 7.55479e+006 52.4389
405403 7.55479e+006 52.2942
405403 7.55479e+006 52.2942
405403 7.55479e+006 52.2942
405403 7.55479e+006 52.4389
405403 7.55479e+006 52.4389
405403 7.55479e+006 52.4389
405403 7.55479e+006 52.2942
405403 7.55479e+006 52.2942
405403 7.55479e+006 52.2942
405403 7.55479e+006 52.4389
405403 7.55479e+006 52.4389
405403 7.55479e+006 52.4389
405403 7.55479e+006 52.2942
405402 7.55479e+006 52.2942
405402 7.55479e+006 52.2942
405402 7.55479e+006 52.4389
405403 7.55479e+006 52.4389
405402 7.55479e+006 52.4389
405402 7.55479e+006 52.2942
405402 7.55479e+006 52.2942
405402 7.55479e+006 52.2942
405402 7.55479e+006 52.4389
405402 7.55479e+006 52.4389
405402 7.55479e+006 52.4389
405402 7.55479e+006 52.2942
405402 7.55479e+006 52.2942
405402 7.55479e+006 52.2942
405402 7.55479e+006 52.4389
405402 7.55479e+006 52.4389
405402 7.55479e+006 52.4389
405402 7.55479e+006 52.2942
405402 7.55479e+006 52.2942
405402 7.55479e+006 52.2942
405402 7.55479e+006 52.4389
405402 7.55479e+006 52.4389
405402 7.55479e+006 52.4389
405402 7.55479e+006 52.2942
405402 7.55479e+006 52.2942
405402 7.55479e+006 52.2942
405402 7.55479e+006 52.4389
405402 7.55479e+006 52.4389
405402 7.55479e+006 52.4389
405402 7.55479e+006 52.2942
405403 7.55479e+006 52.2942
405403 7.55479e+006 52.2942
405403 7.55479e+006 52.4389
405402 7.55479e+006 52.4389
405403 7.55479e+006 52.4389
405403 7.55479e+006 52.2942
405403 7.55479e+006 52.2942
405403 7.55479e+006 52.2942
405403 7.55479e+006 52.4389
405403 7.55479e+006 52.4389
405403 7.55479e+006 52.4389
405403 7.55479e+006 52.2942
405403 7.55479e+006 52.2942
405403 7.55479e+006 52.2942
405403 7.55479e+006 52.4389
405403 7.55479e+006 52.4389
405403 7.55479e+006 52.2942
405403 7.55479e+006 52.1496
405403 7.55479e+006 52.1496
405403 7.55479e+006 52.1496
405403 7.55479e+006 52.2942
405403 7.55479e+006 52.2942
405403 7.55479e+006 52.2942
405403 7.55479e+006 52.1496
405403 7.55479e+006 52.1496
405403 7.55479e+006 52.1496
405403 7.55479e+006 52.2942
405403 7.55479e+006 52.2942
405403 7.55479e+006 52.2942
405403 7.55479e+006 52.1496
405403 7.55479e+006 52.1496
405403 7.55479e+006 52.1496
405403 7.55479e+006 52.2942
405403 7.55479e+006 52.2942
405403 7.55479e+006 52.2942
405403 7.55479e+006 52.1496
405403 7.55479e+006 52.1496
405403 7.55479e+006 52.1496
405403 7.55479e+006 52.2942
405403 7.55479e+006 52.2942
405403 7.55479e+006 52.2942
405403 7.55479e+006 52.1496
405402 7.55479e+006 52.1496
405402 7.55479e+006 52.1496
405402 7.55479e+006 52.2942
405403 7.55479e+006 52.2942
405402 7.55479e+006 52.2942
405402 7.55479e+006 52.1496
405402 7.55479e+006 52.1496
405402 7.55479e+006 52.1496
405402 7.55479e+006 52.2942
405402 7.55479e+006 52.2942
405402 7.55479e+006 52.2942
405402 7.55479e+006 52.1496
405402 7.55479e+006 52.1496
405402 7.55479e+006 52.1496
405402 7.55479e+006 52.2942
405402 7.55479e+006 52.2942
405402 7.55479e+006 52.2942
405402 7.55479e+006 52.1496
405402 7.55479e+006 52.1496
405402 7.55479e+006 52.1496
405402 7.55479e+006 52.2942
405402 7.55479e+006 52.2942
405402 7.55479e+006 52.2942
405402 7.55479e+006 52.1496
405402 7.55479e+006 52.1496
405402 7.55479e+006 52.1496
405402 7.55479e+006 52.2942
405402 7.55479e+006 52.2942
405402 7.55479e+006 52.2942
405402 7.55479e+006 52.1496
405403 7.55479e+006 52.1496
405403 7.55479e+006 52.1496
405403 7.55479e+006 52.2942
405402 7.55479e+006 52.2942
405403 7.55479e+006 52.2942
405403 7.55479e+006 52.1496
405403 7.55479e+006 52.1496
405403 7.55479e+006 52.1496
405403 7.55479e+006 52.2942
405403 7.55479e+006 52.2942
405403 7.55479e+006 52.2942
405403 7.55479e+006 52.1496
405403 7.55479e+006 52.1496
405403 7.55479e+006 52.1496
405403 7.55479e+006 52.2942
405403 7.55479e+006 52.2942
405403 7.55479e+006 52.1496
405403 7.55479e+006 52.0437
405403 7.55479e+006 52.0437
405403 7.55479e+006 52.0437
405403 7.55479e+006 52.1496
405403 7.55479e+006 52.1496
405403 7.55479e+006 52.1496
405403 7.55479e+006 52.0437
405403 7.55479e+006 52.0437
405403 7.55479e+006 52.0437
405403 7.55479e+006 52.1496
405403 7.55479e+006 52.1496
405403 7.55479e+006 52.1496
405403 7.55479e+006 52.0437
405403 7.55479e+006 52.0437
405403 7.55479e+006 52.0437
405403 7.55479e+006 52.1496
405403 7.55479e+006 52.1496
405403 7.55479e+006 52.1496
405403 7.55479e+006 52.0437
405403 7.55479e+006 52.0437
405403 7.55479e+006 52.0437
405403 7.55479e+006 52.1496
405403 7.55479e+006 52.1496
405403 7.55479e+006 52.1496
405403 7.55479e+006 52.0437
405403 7.55479e+006 52.0437
405403 7.55479e+006 52.0437
405402 7.55479e+006 52.1496
405403 7.55479e+006 52.1496
405402 7.55479e+006 52.1496
405403 7.55479e+006 52.0437
405402 7.55479e+006 52.0437
405402 7.55479e+006 52.0437
405402 7.55479e+006 52.1496
405402 7.55479e+006 52.1496
405402 7.55479e+006 52.1496
405402 7.55479e+006 52.0437
405402 7.55479e+006 52.0437
405402 7.55479e+006 52.0437
405402 7.55479e+006 52.1496
405402 7.55479e+006 52.1496
405402 7.55479e+006 52.1496
405402 7.55479e+006 52.0437
405402 7.55479e+006 52.0437
405402 7.55479e+006 52.0437
405402 7.55479e+006 52.1496
405402 7.55479e+006 52.1496
405402 7.55479e+006 52.1496
405402 7.55479e+006 52.0437
405403 7.55479e+006 52.0437
405403 7.55479e+006 52.0437
405402 7.55479e+006 52.1496
405402 7.55479e+006 52.1496
405402 7.55479e+006 52.1496
405403 7.55479e+006 52.0437
405403 7.55479e+006 52.0437
405403 7.55479e+006 52.0437
405403 7.55479e+006 52.1496
405402 7.55479e+006 52.1496
405403 7.55479e+006 52.1496
405403 7.55479e+006 52.0437
405403 7.55479e+006 52.0437
405403 7.55479e+006 52.0437
405403 7.55479e+006 52.1496
405403 7.55479e+006 52.1496
405403 7.55479e+006 52.1496
405403 7.55479e+006 52.0437
405403 7.55479e+006 52.0437
405403 7.55479e+006 52.0437
405403 7.55479e+006 52.1496
405403 7.55479e+006 52.1496
405403 7.55479e+006 52.0049
405403 7.55479e+006 52.0437
405403 7.55479e+006 52.0437
405403 7.55479e+006 52.0049
405403 7.55479e+006 52.0437
405403 7.55479e+006 52.0437
405403 7.55479e+006 52.0049
405403 7.55479e+006 52.0437
405403 7.55479e+006 52.0437
405403 7.55479e+006 52.0049
405403 7.55479e+006 52.0437
405403 7.55479e+006 52.0437
405403 7.55479e+006 52.0049
405403 7.55479e+006 52.0437
405403 7.55479e+006 52.0437
405403 7.55479e+006 52.0049
405402 7.55479e+006 52.0437
405403 7.55479e+006 52.0437
405403 7.55479e+006 52.0049
405402 7.55479e+006 52.0437
405402 7.55479e+006 52.0437
405403 7.55479e+006 52.0049
405402 7.55479e+006 52.0437
405402 7.55479e+006 52.0437
405403 7.55479e+006 52.0049
405403 7.55479e+006 52.0437
405402 7.55479e+006 52.0437
405403 7.55479e+006 52.0049
405403 7.55479e+006 52.0437
405403 7.55479e+006 52.0437
405403 7.55479e+006 52.0049
405403 7.55479e+006 52.0437
405403 7.55479e+006 52.0437
405403 7.55479e+006 52.0049
405403 7.55479e+006 52.0437
405403 7.55479e+006 52.0437
405401 7.5549e+006 61.4824
405403 7.55489e+006 61.4822
405403 7.55489e+006 61.5484
405403 7.55489e+006 61.5484
405401 7.5549e+006 61.5485
405401 7.5549e+006 61.4824
405401 7.5549e+006 61.5485
405403 7.55489e+006 61.5484
405403 7.55489e+006 61.5893
405403 7.55489e+006 61.5893
405401 7.5549e+006 61.5894
405401 7.5549e+006 61.5485
405401 7.5549e+006 61.5894
405403 7.55489e+006 61.5893
405403 7.55489e+006 61.5893
405403 7.55489e+006 61.5893
405402 7.5549e+006 61.5894
405401 7.5549e+006 61.5894
405402 7.5549e+006 61.5894
405403 7.55489e+006 61.5893
405403 7.55489e+006 61.5484
405403 7.55489e+006 61.5484
405402 7.5549e+006 61.5485
405402 7.5549e+006 61.5894
405402 7.5549e+006 61.5485
405403 7.55489e+006 61.5484
405403 7.55489e+006 61.4822
405403 7.55489e+006 61.4822
405402 7.5549e+006 61.4824
405402 7.5549e+006 61.5485
405402 7.5549e+006 61.4824
405403 7.55489e+006 61.4822
405403 7.55489e+006 61.416
405403 7.55489e+006 61.416
405402 7.5549e+006 61.4162
405402 7.5549e+006 61.4824
405402 7.5549e+006 61.4162
405403 7.55489e+006 61.416
405403 7.55489e+006 61.3751
405403 7.55489e+006 61.3751
405402 7.5549e+006 61.3753
405402 7.5549e+006 61.4162
405402 7.5549e+006 61.3753
405403 7.55489e+006 61.3751
405403 7.55489e+006 61.3751
405403 7.55489e+006 61.3751
405401 7.5549e+006 61.3753
405402 7.5549e+006 61.3753
405401 7.5549e+006 61.3753
405403 7.55489e+006 61.3751
405403 7.55489e+006 61.416
405403 7.55489e+006 61.416
405401 7.5549e+006 61.4162
405401 7.5549e+006 61.3753
405401 7.5549e+006 61.4162
405403 7.55489e+006 61.416
405403 7.55489e+006 61.4822
405403 7.55489e+006 61.4822
405401 7.5549e+006 61.4824
405401 7.5549e+006 61.4162
405403 7.55489e+006 61.4822
405403 7.55489e+006 61.416
405403 7.55489e+006 61.3751
405403 7.55489e+006 61.4822
405403 7.55489e+006 61.3751
405403 7.55489e+006 61.3751
405403 7.55489e+006 61.4822
405403 7.55489e+006 61.3751
405403 7.55489e+006 61.416
405403 7.55489e+006 61.4822
405403 7.55489e+006 61.416
405403 7.55489e+006 61.4822
405403 7.55489e+006 61.4822
405403 7.55489e+006 61.4822
405403 7.55489e+006 61.5484
405403 7.55489e+006 61.4822
405403 7.55489e+006 61.5484
405403 7.55489e+006 61.5893
405403 7.55489e+006 61.4822
405403 7.55489e+006 61.5893
405403 7.55489e+006 61.5893
405403 7.55489e+006 61.4822
405403 7.55489e+006 61.5893
405403 7.55489e+006 61.5484
405400 7.5549e+006 61.4823
405399 7.55489e+006 61.4821
405399 7.55489e+006 61.5483
405399 7.55489e+006 61.5483
405400 7.5549e+006 61.5485
405400 7.5549e+006 61.4823
405400 7.5549e+006 61.5485
405399 7.55489e+006 61.5483
405399 7.55489e+006 61.5892
405399 7.55489e+006 61.5892
405400 7.5549e+006 61.5894
405400 7.5549e+006 61.5485
405400 7.5549e+006 61.5894
405399 7.55489e+006 61.5892
405399 7.55489e+006 61.5892
405399 7.55489e+006 61.5892
405400 7.5549e+006 61.5894
405400 7.5549e+006 61.5894
405400 7.5549e+006 61.5894
405399 7.55489e+006 61.5892
405399 7.55489e+006 61.5483
405399 7.55489e+006 61.5483
405400 7.5549e+006 61.5485
405400 7.5549e+006 61.5894
405400 7.5549e+006 61.5485
405399 7.55489e+006 61.5483
405399 7.55489e+006 61.4821
405399 7.55489e+006 61.4821
405400 7.5549e+006 61.4823
405400 7.5549e+006 61.5485
405400 7.5549e+006 61.4823
405399 7.55489e+006 61.4821
405399 7.55489e+006 61.4159
405399 7.55489e+006 61.4159
405400 7.5549e+006 61.4162
405400 7.5549e+006 61.4823
405400 7.5549e+006 61.4162
405399 7.55489e+006 61.4159
405399 7.55489e+006 61.375
405399 7.55489e+006 61.375
405400 7.5549e+006 61.3753
405400 7.5549e+006 61.4162
405400 7.5549e+006 61.3753
405399 7.55489e+006 61.375
405399 7.55489e+006 61.375
405399 7.55489e+006 61.375
405400 7.5549e+006 61.3753
405400 7.5549e+006 61.3753
405400 7.5549e+006 61.3753
405399 7.55489e+006 61.375
405399 7.55489e+006 61.4159
405399 7.55489e+006 61.4159
405400 7.5549e+006 61.4162
405400 7.5549e+006 61.3753
405400 7.5549e+006 61.4162
405399 7.55489e+006 61.4159
405399 7.55489e+006 61.4821
405399 7.55489e+006 61.4821
405400 7.5549e+006 61.4823
405400 7.5549e+006 61.4162
405399 7.55489e+006 61.4821
405399 7.55489e+006 61.4159
405399 7.55489e+006 61.375
405399 7.55489e+006 61.4821
405399 7.55489e+006 61.375
405399 7.55489e+006 61.375
405399 7.55489e+006 61.4821
405399 7.55489e+006 61.375
405399 7.55489e+006 61.4159
405399 7.55489e+006 61.4821
405399 7.55489e+006 61.4159
405399 7.55489e+006 61.4821
405399 7.55489e+006 61.4821
405399 7.55489e+006 61.4821
405399 7.55489e+006 61.5483
405399 7.55489e+006 61.4821
405399 7.55489e+006 61.5483
405399 7.55489e+006 61.5892
405399 7.55489e+006 61.4821
405399 7.55489e+006 61.5892
405399 7.55489e+006 61.5892
405399 7.55489e+006 61.4821
405399 7.55489e+006 61.5892
405399 7.55489e+006 61.5483
405402 7.5549e+006 61.4824
405405 7.5549e+006 61.4824
405405 7.5549e+006 61.5486
405405 7.5549e+006 61.5486
405402 7.5549e+006 61.5486
405402 7.5549e+006 61.4824
405402 7.5549e+006 61.5486
405405 7.5549e+006 61.5486
405405 7.5549e+006 61.5895
405405 7.5549e+006 61.5895
405402 7.5549e+006 61.5895
405402 7.5549e+006 61.5486
405402 7.5549e+006 61.5895
405405 7.5549e+006 61.5895
405405 7.5549e+006 61.5895
405405 7.5549e+006 61.5895
405402 7.5549e+006 61.5895
405402 7.5549e+006 61.5895
405402 7.5549e+006 61.5895
405405 7.5549e+006 61.5895
405405 7.5549e+006 61.5486
405405 7.5549e+006 61.5486
405402 7.5549e+006 61.5486
405402 7.5549e+006 61.5895
405402 7.5549e+006 61.5486
405405 7.5549e+006 61.5486
405405 7.5549e+006 61.4824
405405 7.5549e+006 61.4824
405402 7.5549e+006 61.4824
405402 7.5549e+006 61.5486
405402 7.5549e+006 61.4824
405405 7.5549e+006 61.4824
405405 7.5549e+006 61.4163
405405 7.5549e+006 61.4163
405402 7.5549e+006 61.4163
405402 7.5549e+006 61.4824
405402 7.5549e+006 61.4163
405405 7.5549e+006 61.4163
405405 7.5549e+006 61.3754
405405 7.5549e+006 61.3754
405402 7.5549e+006 61.3754
405402 7.5549e+006 61.4163
405402 7.5549e+006 61.3754
405405 7.5549e+006 61.3754
405405 7.5549e+006 61.3754
405405 7.5549e+006 61.3754
405402 7.5549e+006 61.3754
405402 7.5549e+006 61.3754
405402 7.5549e+006 61.3754
405405 7.5549e+006 61.3754
405405 7.5549e+006 61.4162
405405 7.5549e+006 61.4162
405402 7.5549e+006 61.4162
405402 7.5549e+006 61.3754
405402 7.5549e+006 61.4162
405405 7.5549e+006 61.4162
405405 7.5549e+006 61.4824
405405 7.5549e+006 61.4824
405402 7.5549e+006 61.4824
405402 7.5549e+006 61.4162
405405 7.5549e+006 61.4824
405405 7.5549e+006 61.4162
405405 7.5549e+006 61.3754
405405 7.5549e+006 61.4824
405405 7.5549e+006 61.3754
405405 7.5549e+006 61.3754
405405 7.5549e+006 61.4824
405405 7.5549e+006 61.3754
405405 7.5549e+006 61.4163
405405 7.5549e+006 61.4824
405405 7.5549e+006 61.4163
405405 7.5549e+006 61.4824
405405 7.5549e+006 61.4824
405405 7.5549e+006 61.4824
405405 7.5549e+006 61.5486
405405 7.5549e+006 61.4824
405405 7.5549e+006 61.5486
405405 7.5549e+006 61.5895
405405 7.5549e+006 61.4824
405405 7.5549e+006 61.5895
405405 7.5549e+006 61.5895
405405 7.5549e+006 61.4824
405405 7.5549e+006 61.5895
405405 7.5549e+006 61.5486
405402 7.5549e+006 61.4825
405405 7.5549e+006 61.4826
405405 7.5549e+006 61.5488
405405 7.5549e+006 61.5488
405402 7.5549e+006 61.5487
405402 7.5549e+006 61.4825
405402 7.5549e+006 61.5487
405405 7.5549e+006 61.5488
405405 7.5549e+006 61.5897
405405 7.5549e+006 61.5897
405402 7.5549e+006 61.5896
405402 7.5549e+006 61.5487
405402 7.5549e+006 61.5896
405405 7.5549e+006 61.5897
405405 7.5549e+006 61.5897
405405 7.5549e+006 61.5897
405402 7.5549e+006 61.5896
405402 7.5549e+006 61.5896
405402 7.5549e+006 61.5896
405405 7.5549e+006 61.5897
405405 7.5549e+006 61.5488
405405 7.5549e+006 61.5488
405402 7.5549e+006 61.5487
405402 7.5549e+006 61.5896
405402 7.5549e+006 61.5487
405405 7.5549e+006 61.5488
405405 7.5549e+006 61.4827
405405 7.5549e+006 61.4827
405402 7.5549e+006 61.4825
405402 7.5549e+006 61.5487
405402 7.5549e+006 61.4825
405405 7.5549e+006 61.4827
405405 7.5549e+006 61.4165
405405 7.5549e+006 61.4165
405402 7.5549e+006 61.4163
405402 7.5549e+006 61.4825
405402 7.5549e+006 61.4163
405405 7.5549e+006 61.4165
405405 7.5549e+006 61.3756
405405 7.5549e+006 61.3756
405402 7.5549e+006 61.3754
405402 7.5549e+006 61.4163
405402 7.5549e+006 61.3754
405405 7.5549e+006 61.3756
405405 7.5549e+006 61.3756
405405 7.5549e+006 61.3756
405402 7.5549e+006 61.3754
405402 7.5549e+006 61.3754
405402 7.5549e+006 61.3754
405405 7.5549e+006 61.3756
405405 7.5549e+006 61.4165
405405 7.5549e+006 61.4165
405402 7.5549e+006 61.4163
405402 7.5549e+006 61.3754
405402 7.5549e+006 61.4163
405405 7.5549e+006 61.4165
405405 7.5549e+006 61.4826
405405 7.5549e+006 61.4826
405402 7.5549e+006 61.4825
405402 7.5549e+006 61.4163
405405 7.5549e+006 61.4826
405405 7.5549e+006 61.4165
405405 7.5549e+006 61.3756
405405 7.5549e+006 61.4826
405405 7.5549e+006 61.3756
405405 7.5549e+006 61.3756
405405 7.5549e+006 61.4826
405405 7.5549e+006 61.3756
405405 7.5549e+006 61.4165
405405 7.5549e+006 61.4826
405405 7.5549e+006 61.4165
405405 7.5549e+006 61.4827
405405 7.5549e+006 61.4826
405405 7.5549e+006 61.4827
405405 7.5549e+006 61.5488
405405 7.5549e+006 61.4826
405405 7.5549e+006 61.5488
405405 7.5549e+006 61.5897
405405 7.5549e+006 61.4826
405405 7.5549e+006 61.5897
405405 7.5549e+006 61.5897
405405 7.5549e+006 61.4826
405405 7.5549e+006 61.5897
405405 7.5549e+006 61.5488
405402 7.5549e+006 61.4825
405403 7.5549e+006 61.4827
405403 7.5549e+006 61.5489
405403 7.5549e+006 61.5489
405402 7.5549e+006 61.5487
405402 7.5549e+006 61.4825
405402 7.5549e+006 61.5487
405403 7.5549e+006 61.5489
405403 7.5549e+006 61.5898
405403 7.5549e+006 61.5898
405402 7.5549e+006 61.5896
405402 7.5549e+006 61.5487
405402 7.5549e+006 61.5896
405403 7.5549e+006 61.5898
405403 7.5549e+006 61.5898
405403 7.5549e+006 61.5898
405402 7.5549e+006 61.5896
405402 7.5549e+006 61.5896
405402 7.5549e+006 61.5896
405403 7.5549e+006 61.5898
405403 7.5549e+006 61.5489
405403 7.5549e+006 61.5489
405402 7.5549e+006 61.5487
405402 7.5549e+006 61.5896
405402 7.5549e+006 61.5487
405403 7.5549e+006 61.5489
405403 7.5549e+006 61.4827
405403 7.5549e+006 61.4827
405402 7.5549e+006 61.4825
405402 7.5549e+006 61.5487
405402 7.5549e+006 61.4825
405403 7.5549e+006 61.4827
405403 7.5549e+006 61.4166
405403 7.5549e+006 61.4166
405402 7.5549e+006 61.4164
405402 7.5549e+006 61.4825
405402 7.5549e+006 61.4164
405403 7.5549e+006 61.4166
405403 7.5549e+006 61.3757
405403 7.5549e+006 61.3757
405402 7.5549e+006 61.3755
405402 7.5549e+006 61.4164
405402 7.5549e+006 61.3755
405403 7.5549e+006 61.3757
405403 7.5549e+006 61.3757
405403 7.5549e+006 61.3757
405402 7.5549e+006 61.3755
405402 7.5549e+006 61.3755
405402 7.5549e+006 61.3755
405403 7.5549e+006 61.3757
405403 7.5549e+006 61.4166
405403 7.5549e+006 61.4166
405402 7.5549e+006 61.4164
405402 7.5549e+006 61.3755
405402 7.5549e+006 61.4164
405403 7.5549e+006 61.4166
405403 7.5549e+006 61.4827
405403 7.5549e+006 61.4827
405402 7.5549e+006 61.4825
405402 7.5549e+006 61.4164
405403 7.5549e+006 61.4827
405403 7.5549e+006 61.4166
405403 7.5549e+006 61.3757
405403 7.5549e+006 61.4827
405403 7.5549e+006 61.3757
405403 7.5549e+006 61.3757
405403 7.5549e+006 61.4827
405403 7.5549e+006 61.3757
405403 7.5549e+006 61.4166
405403 7.5549e+006 61.4827
405403 7.5549e+006 61.4166
405403 7.5549e+006 61.4827
405403 7.5549e+006 61.4827
405403 7.5549e+006 61.4827
405403 7.5549e+006 61.5489
405403 7.5549e+006 61.4827
405403 7.5549e+006 61.5489
405403 7.5549e+006 61.5898
405403 7.5549e+006 61.4827
405403 7.5549e+006 61.5898
405403 7.5549e+006 61.5898
405403 7.5549e+006 61.4827
405403 7.5549e+006 61.5898
405403 7.5549e+006 61.5489
405401 7.5549e+006 61.4825
405399 7.5549e+006 61.4827
405399 7.5549e+006 61.5488
405399 7.5549e+006 61.5488
405401 7.5549e+006 61.5487
405401 7.5549e+006 61.4825
405401 7.5549e+006 61.5487
405399 7.5549e+006 61.5488
405399 7.5549e+006 61.5897
405399 7.5549e+006 61.5897
405400 7.5549e+006 61.5896
405401 7.5549e+006 61.5487
405400 7.5549e+006 61.5896
405399 7.5549e+006 61.5897
405399 7.5549e+006 61.5897
405399 7.5549e+006 61.5897
405400 7.5549e+006 61.5896
405400 7.5549e+006 61.5896
405400 7.5549e+006 61.5896
405399 7.5549e+006 61.5897
405399 7.5549e+006 61.5488
405399 7.5549e+006 61.5488
405400 7.5549e+006 61.5487
405400 7.5549e+006 61.5896
405400 7.5549e+006 61.5487
405399 7.5549e+006 61.5488
405399 7.5549e+006 61.4826
405399 7.5549e+006 61.4826
405400 7.5549e+006 61.4825
405400 7.5549e+006 61.5487
405400 7.5549e+006 61.4825
405399 7.5549e+006 61.4826
405399 7.5549e+006 61.4165
405399 7.5549e+006 61.4165
405400 7.5549e+006 61.4163
405400 7.5549e+006 61.4825
405400 7.5549e+006 61.4163
405399 7.5549e+006 61.4165
405399 7.5549e+006 61.3756
405399 7.5549e+006 61.3756
405400 7.5549e+006 61.3754
405400 7.5549e+006 61.4163
405400 7.5549e+006 61.3754
405399 7.5549e+006 61.3756
405399 7.5549e+006 61.3756
405399 7.5549e+006 61.3756
405400 7.5549e+006 61.3754
405400 7.5549e+006 61.3754
405400 7.5549e+006 61.3754
405399 7.5549e+006 61.3756
405399 7.5549e+006 61.4165
405399 7.5549e+006 61.4165
405401 7.5549e+006 61.4163
405400 7.5549e+006 61.3754
405401 7.5549e+006 61.4163
405399 7.5549e+006 61.4165
405399 7.5549e+006 61.4827
405399 7.5549e+006 61.4827
405401 7.5549e+006 61.4825
405401 7.5549e+006 61.4163
405399 7.5549e+006 61.4827
405399 7.5549e+006 61.4165
405399 7.5549e+006 61.3756
405399 7.5549e+006 61.4827
405399 7.5549e+006 61.3756
405399 7.5549e+006 61.3756
405399 7.5549e+006 61.4827
405399 7.5549e+006 61.3756
405399 7.5549e+006 61.4165
405399 7.5549e+006 61.4827
405399 7.5549e+006 61.4165
405399 7.5549e+006 61.4826
405399 7.5549e+006 61.4827
405399 7.5549e+006 61.4826
405399 7.5549e+006 61.5488
405399 7.5549e+006 61.4827
405399 7.5549e+006 61.5488
405399 7.5549e+006 61.5897
405399 7.5549e+006 61.4827
405399 7.5549e+006 61.5897
405399 7.5549e+006 61.5897
405399 7.5549e+006 61.4827
405399 7.5549e+006 61.5897
405399 7.5549e+006 61.5488
405400 7.5549e+006 61.4824
405397 7.5549e+006 61.4824
405397 7.5549e+006 61.5486
405397 7.5549e+006 61.5486
405400 7.5549e+006 61.5486
405400 7.5549e+006 61.4824
405400 7.5549e+006 61.5486
405397 7.5549e+006 61.5486
405397 7.5549e+006 61.5895
405397 7.5549e+006 61.5895
405400 7.5549e+006 61.5895
405400 7.5549e+006 61.5486
405400 7.5549e+006 61.5895
405397 7.5549e+006 61.5895
405397 7.5549e+006 61.5895
405397 7.5549e+006 61.5895
405400 7.5549e+006 61.5895
405400 7.5549e+006 61.5895
405400 7.5549e+006 61.5895
405397 7.5549e+006 61.5895
405397 7.5549e+006 61.5486
405397 7.5549e+006 61.5486
405400 7.5549e+006 61.5486
405400 7.5549e+006 61.5895
405400 7.5549e+006 61.5486
405397 7.5549e+006 61.5486
405397 7.5549e+006 61.4824
405397 7.5549e+006 61.4824
405400 7.5549e+006 61.4824
405400 7.5549e+006 61.5486
405400 7.5549e+006 61.4824
405397 7.5549e+006 61.4824
405397 7.5549e+006 61.4162
405397 7.5549e+006 61.4162
405400 7.5549e+006 61.4162
405400 7.5549e+006 61.4824
405400 7.5549e+006 61.4162
405397 7.5549e+006 61.4162
405397 7.5549e+006 61.3754
405397 7.5549e+006 61.3754
405400 7.5549e+006 61.3754
405400 7.5549e+006 61.4162
405400 7.5549e+006 61.3754
405397 7.5549e+006 61.3754
405397 7.5549e+006 61.3754
405397 7.5549e+006 61.3754
405400 7.5549e+006 61.3754
405400 7.5549e+006 61.3754
405400 7.5549e+006 61.3754
405397 7.5549e+006 61.3754
405397 7.5549e+006 61.4163
405397 7.5549e+006 61.4163
405400 7.5549e+006 61.4163
405400 7.5549e+006 61.3754
405400 7.5549e+006 61.4163
405397 7.5549e+006 61.4163
405397 7.5549e+006 61.4824
405397 7.5549e+006 61.4824
405400 7.5549e+006 61.4824
405400 7.5549e+006 61.4163
405397 7.5549e+006 61.4824
405397 7.5549e+006 61.4163
405397 7.5549e+006 61.3754
405397 7.5549e+006 61.4824
405397 7.5549e+006 61.3754
405397 7.5549e+006 61.3754
405397 7.5549e+006 61.4824
405397 7.5549e+006 61.3754
405397 7.5549e+006 61.4162
405397 7.5549e+006 61.4824
405397 7.5549e+006 61.4162
405397 7.5549e+006 61.4824
405397 7.5549e+006 61.4824
405397 7.5549e+006 61.4824
405397 7.5549e+006 61.5486
405397 7.5549e+006 61.4824
405397 7.5549e+006 61.5486
405397 7.5549e+006 61.5895
405397 7.5549e+006 61.4824
405397 7.5549e+006 61.5895
405397 7.5549e+006 61.5895
405397 7.5549e+006 61.4824
405397 7.5549e+006 61.5895
405397 7.5549e+006 61.5486
405400 7.5549e+006 61.4824
405396 7.5549e+006 61.4822
405396 7.5549e+006 61.5484
405396 7.5549e+006 61.5484
405400 7.5549e+006 61.5485
405400 7.5549e+006 61.4824
405400 7.5549e+006 61.5485
405396 7.5549e+006 61.5484
405397 7.5549e+006 61.5893
405397 7.5549e+006 61.5893
405400 7.5549e+006 61.5894
405400 7.5549e+006 61.5485
405400 7.5549e+006 61.5894
405397 7.5549e+006 61.5893
405397 7.5549e+006 61.5893
405397 7.5549e+006 61.5893
405400 7.5549e+006 61.5894
405400 7.5549e+006 61.5894
405400 7.5549e+006 61.5894
405397 7.5549e+006 61.5893
405397 7.5549e+006 61.5484
405397 7.5549e+006 61.5484
405400 7.5549e+006 61.5485
405400 7.5549e+006 61.5894
405400 7.5549e+006 61.5485
405397 7.5549e+006 61.5484
405397 7.5549e+006 61.4822
405397 7.5549e+006 61.4822
405400 7.5549e+006 61.4824
405400 7.5549e+006 61.5485
405400 7.5549e+006 61.4824
405397 7.5549e+006 61.4822
405397 7.5549e+006 61.416
405397 7.5549e+006 61.416
405400 7.5549e+006 61.4162
405400 7.5549e+006 61.4824
405400 7.5549e+006 61.4162
405397 7.5549e+006 61.416
405397 7.5549e+006 61.3751
405397 7.5549e+006 61.3751
405400 7.5549e+006 61.3753
405400 7.5549e+006 61.4162
405400 7.5549e+006 61.3753
405397 7.5549e+006 61.3751
405397 7.5549e+006 61.3751
405397 7.5549e+006 61.3751
405400 7.5549e+006 61.3753
405400 7.5549e+006 61.3753
405400 7.5549e+006 61.3753
405397 7.5549e+006 61.3751
405396 7.5549e+006 61.416
405396 7.5549e+006 61.416
405400 7.5549e+006 61.4162
405400 7.5549e+006 61.3753
405400 7.5549e+006 61.4162
405396 7.5549e+006 61.416
405396 7.5549e+006 61.4822
405396 7.5549e+006 61.4822
405400 7.5549e+006 61.4824
405400 7.5549e+006 61.4162
405396 7.5549e+006 61.4822
405396 7.5549e+006 61.416
405397 7.5549e+006 61.3751
405396 7.5549e+006 61.4822
405397 7.5549e+006 61.3751
405397 7.5549e+006 61.3751
405396 7.5549e+006 61.4822
405397 7.5549e+006 61.3751
405397 7.5549e+006 61.416
405396 7.5549e+006 61.4822
405397 7.5549e+006 61.416
405397 7.5549e+006 61.4822
405396 7.5549e+006 61.4822
405397 7.5549e+006 61.4822
405397 7.5549e+006 61.5484
405396 7.5549e+006 61.4822
405397 7.5549e+006 61.5484
405397 7.5549e+006 61.5893
405396 7.5549e+006 61.4822
405397 7.5549e+006 61.5893
405397 7.5549e+006 61.5893
405396 7.5549e+006 61.4822
405397 7.5549e+006 61.5893
405396 7.5549e+006 61.5484
405417 7.55485e+006 19.9165
405418 7.55485e+006 20.6991
405419 7.55485e+006 20.785
405419 7.55485e+006 20.785
405419 7.55485e+006 19.9166
405417 7.55485e+006 19.9165
405419 7.55485e+006 19.9164
405421 7.55485e+006 19.9165
405420 7.55485e+006 21.0419
405420 7.55485e+006 21.0419
405419 7.55485e+006 20.956
405419 7.55485e+006 19.9164
405419 7.55485e+006 20.956
405420 7.55485e+006 21.0419
405419 7.55485e+006 20.785
405419 7.55485e+006 20.785
405418 7.55485e+006 20.6991
405419 7.55485e+006 20.956
405419 7.55485e+006 20.956
405418 7.55485e+006 20.6991
405417 7.55485e+006 19.9165
405417 7.55485e+006 19.9165
405419 7.55485e+006 19.9164
405419 7.55485e+006 20.956
405420 7.55485e+006 21.0419
405421 7.55485e+006 19.9165
405419 7.55485e+006 19.9166
405419 7.55485e+006 19.9166
405419 7.55485e+006 20.785
405420 7.55485e+006 21.0419
405415 7.55486e+006 30.5844
405415 7.55486e+006 30.3554
405415 7.55486e+006 30.6985
405415 7.55486e+006 30.6985
405415 7.55486e+006 31.4514
405415 7.55486e+006 30.5844
405415 7.55486e+006 30.3532
405415 7.55486e+006 30.5821
405415 7.55486e+006 31.4492
405415 7.55486e+006 31.4492
405415 7.55486e+006 30.6962
405415 7.55486e+006 30.3532
405415 7.55486e+006 30.5821
405415 7.55486e+006 30.3532
405415 7.55486e+006 30.3554
405415 7.55486e+006 30.3554
405415 7.55486e+006 30.5844
405415 7.55486e+006 30.5821
405415 7.55486e+006 30.5844
405415 7.55486e+006 31.4514
405415 7.55486e+006 31.4492
405415 7.55486e+006 31.4492
405415 7.55486e+006 30.5821
405415 7.55486e+006 30.5844
405415 7.55486e+006 30.3532
405415 7.55486e+006 30.6962
405415 7.55486e+006 30.6985
405415 7.55486e+006 30.6985
405415 7.55486e+006 30.3554
405415 7.55486e+006 30.3532
405415 7.55486e+006 30.6985
405415 7.55486e+006 31.083
405415 7.55486e+006 31.4514
405415 7.55486e+006 31.4492
405414 7.55486e+006 31.0807
405415 7.55486e+006 30.6962
405415 7.55486e+006 31.4492
405415 7.55486e+006 31.4514
405415 7.55486e+006 31.083
405415 7.55486e+006 31.083
405414 7.55486e+006 31.0807
405415 7.55486e+006 31.4492
405415 7.55486e+006 30.6985
405415 7.55486e+006 30.6962
405414 7.55486e+006 31.0807
405414 7.55486e+006 31.0807
405415 7.55486e+006 31.083
405415 7.55486e+006 30.6985
405410 7.55487e+006 40.7463
405410 7.55487e+006 40.5616
405410 7.55487e+006 41.1512
405410 7.55487e+006 41.1512
405410 7.55487e+006 41.3374
405410 7.55487e+006 40.7463
405410 7.55487e+006 40.5593
405410 7.55487e+006 40.744
405410 7.55487e+006 41.3352
405410 7.55487e+006 41.3352
405410 7.55487e+006 41.1489
405410 7.55487e+006 40.5593
405410 7.55487e+006 40.744
405410 7.55487e+006 40.5593
405410 7.55487e+006 40.5616
405410 7.55487e+006 40.5616
405410 7.55487e+006 40.7463
405410 7.55487e+006 40.744
405410 7.55487e+006 40.7463
405410 7.55487e+006 41.3374
405410 7.55487e+006 41.3352
405410 7.55487e+006 41.3352
405410 7.55487e+006 40.744
405410 7.55487e+006 40.7463
405410 7.55487e+006 41.1489
405410 7.55487e+006 41.3352
405410 7.55487e+006 41.3374
405410 7.55487e+006 41.3374
405410 7.55487e+006 41.1512
405410 7.55487e+006 41.1489
405410 7.55487e+006 41.1512
405410 7.55487e+006 40.5616
405410 7.55487e+006 40.5593
405410 7.55487e+006 40.5593
405410 7.55487e+006 41.1489
405410 7.55487e+006 41.1512
405399 7.5549e+006 60.2895
405401 7.5549e+006 60.2895
405401 7.5549e+006 60.2894
405401 7.5549e+006 60.2894
405399 7.5549e+006 60.2894
405399 7.5549e+006 60.2895
405399 7.5549e+006 60.2896
405399 7.5549e+006 60.2895
405399 7.5549e+006 60.2894
405399 7.5549e+006 60.2894
405398 7.5549e+006 60.2895
405399 7.5549e+006 60.2896
405399 7.5549e+006 60.2897
405399 7.5549e+006 60.2896
405398 7.5549e+006 60.2895
405398 7.5549e+006 60.2895
405399 7.5549e+006 60.2897
405399 7.5549e+006 60.2897
405401 7.5549e+006 60.2897
405399 7.5549e+006 60.2897
405399 7.5549e+006 60.2897
405399 7.5549e+006 60.2897
405401 7.5549e+006 60.2898
405401 7.5549e+006 60.2897
405403 7.5549e+006 60.2897
405401 7.5549e+006 60.2897
405401 7.5549e+006 60.2898
405401 7.5549e+006 60.2898
405403 7.5549e+006 60.2898
405403 7.5549e+006 60.2897
405403 7.5549e+006 60.2897
405403 7.5549e+006 60.2897
405403 7.5549e+006 60.2898
405403 7.5549e+006 60.2898
405404 7.5549e+006 60.2897
405403 7.5549e+006 60.2897
405402 7.5549e+006 60.2896
405403 7.5549e+006 60.2897
405404 7.5549e+006 60.2897
405404 7.5549e+006 60.2897
405403 7.5549e+006 60.2895
405402 7.5549e+006 60.2896
405401 7.5549e+006 60.2895
405402 7.5549e+006 60.2896
405403 7.5549e+006 60.2895
405403 7.5549e+006 60.2895
405401 7.5549e+006 60.2894
405401 7.5549e+006 60.2895
405416 7.55485e+006 3.94379
405414 7.55485e+006 3.94383
405414 7.55485e+006 3.94395
405414 7.55485e+006 3.94395
405417 7.55485e+006 3.94395
405416 7.55485e+006 3.94379
405416 7.55485e+006 8.21552
405417 7.55485e+006 8.21568
405412 7.55485e+006 8.21567
405412 7.55485e+006 8.21567
405411 7.55485e+006 8.21556
405416 7.55485e+006 8.21552
405411 7.55485e+006 8.21556
405412 7.55485e+006 8.21567
405414 7.55485e+006 3.94395
405414 7.55485e+006 3.94395
405414 7.55485e+006 3.94383
405411 7.55485e+006 8.21556
405411 7.55485e+006 8.21556
405414 7.55485e+006 3.94383
405416 7.55485e+006 3.94379
405416 7.55485e+006 3.94379
405416 7.55485e+006 8.21552
405411 7.55485e+006 8.21556
405412 7.55485e+006 8.21567
405417 7.55485e+006 8.21568
405417 7.55485e+006 3.94395
405417 7.55485e+006 3.94395
405414 7.55485e+006 3.94395
405412 7.55485e+006 8.21567
405420 7.55485e+006 6.69845
405421 7.55486e+006 6.69853
405423 7.55485e+006 6.69853
405423 7.55485e+006 6.69853
405423 7.55485e+006 6.69844
405420 7.55485e+006 6.69845
405420 7.55485e+006 10.9702
405423 7.55485e+006 10.9702
405424 7.55486e+006 10.9703
405424 7.55486e+006 10.9703
405422 7.55486e+006 10.9703
405420 7.55485e+006 10.9702
405422 7.55486e+006 10.9703
405424 7.55486e+006 10.9703
405423 7.55485e+006 6.69853
405423 7.55485e+006 6.69853
405421 7.55486e+006 6.69853
405422 7.55486e+006 10.9703
405422 7.55486e+006 10.9703
405421 7.55486e+006 6.69853
405420 7.55485e+006 6.69845
405420 7.55485e+006 6.69845
405420 7.55485e+006 10.9702
405422 7.55486e+006 10.9703
405424 7.55486e+006 10.9703
405423 7.55485e+006 10.9702
405423 7.55485e+006 6.69844
405423 7.55485e+006 6.69844
405423 7.55485e+006 6.69853
405424 7.55486e+006 10.9703
405404 7.55489e+006 53.2236
405401 7.5549e+006 55.501
405401 7.5549e+006 55.6377
405401 7.5549e+006 55.6377
405404 7.55489e+006 53.361
405404 7.55489e+006 53.2236
405404 7.55489e+006 53.361
405401 7.5549e+006 55.6377
405401 7.5549e+006 55.6943
405401 7.5549e+006 55.6943
405404 7.55489e+006 53.4183
405404 7.55489e+006 53.361
405404 7.55489e+006 53.4183
405401 7.5549e+006 55.6943
405401 7.5549e+006 55.5927
405401 7.5549e+006 55.5927
405404 7.55489e+006 53.3163
405404 7.55489e+006 53.4183
405404 7.55489e+006 53.3163
405401 7.5549e+006 55.5927
405401 7.5549e+006 55.4732
405401 7.5549e+006 55.4732
405404 7.55489e+006 53.196
405404 7.55489e+006 53.3163
405404 7.55489e+006 53.196
405401 7.5549e+006 55.4732
405401 7.5549e+006 55.501
405401 7.5549e+006 55.501
405404 7.55489e+006 53.2236
405404 7.55489e+006 53.196
405403 7.5549e+006 55.5673
405400 7.5549e+006 57.8842
405400 7.5549e+006 58.0203
405400 7.5549e+006 58.0203
405403 7.5549e+006 55.7043
405403 7.5549e+006 55.5673
405403 7.5549e+006 55.7043
405400 7.5549e+006 58.0203
405400 7.5549e+006 58.0777
405400 7.5549e+006 58.0777
405403 7.5549e+006 55.7617
405403 7.5549e+006 55.7043
405403 7.5549e+006 55.7617
405400 7.5549e+006 58.0777
405400 7.5549e+006 57.977
405400 7.5549e+006 57.977
405403 7.5549e+006 55.6602
405403 7.5549e+006 55.7617
405403 7.5549e+006 55.6602
405400 7.5549e+006 57.977
405400 7.5549e+006 57.8574
405400 7.5549e+006 57.8574
405403 7.5549e+006 55.5401
405403 7.5549e+006 55.6602
405403 7.5549e+006 55.5401
405400 7.5549e+006 57.8574
405400 7.5549e+006 57.8842
405400 7.5549e+006 57.8842
405403 7.5549e+006 55.5673
405403 7.5549e+006 55.5401
405401 7.5549e+006 59.1141
405401 7.5549e+006 58.8823
405402 7.5549e+006 59.0708
405402 7.5549e+006 59.0708
405402 7.5549e+006 59.2214
405401 7.5549e+006 59.1141
405401 7.5549e+006 58.9282
405401 7.5549e+006 58.57
405401 7.5549e+006 58.8823
405401 7.5549e+006 58.8823
405401 7.5549e+006 59.1141
405401 7.5549e+006 58.9282
405402 7.5549e+006 58.9206
405402 7.5549e+006 58.5655
405401 7.5549e+006 58.57
405401 7.5549e+006 58.57
405401 7.5549e+006 58.9282
405402 7.5549e+006 58.9206
405402 7.5549e+006 59.1018
405402 7.5549e+006 58.875
405402 7.5549e+006 58.5655
405402 7.5549e+006 58.5655
405402 7.5549e+006 58.9206
405402 7.5549e+006 59.1018
405402 7.5549e+006 59.2214
405402 7.5549e+006 59.0708
405402 7.5549e+006 58.875
405402 7.5549e+006 58.875
405402 7.5549e+006 59.1018
405402 7.5549e+006 59.2214
405402 7.5549e+006 61.4526
405401 7.5549e+006 61.4555
405401 7.5549e+006 61.4568
405401 7.5549e+006 61.4568
405402 7.5549e+006 61.4547
405402 7.5549e+006 61.4521
405402 7.5549e+006 61.4526
405401 7.5549e+006 61.4568
405402 7.5549e+006 61.4521
405402 7.5549e+006 59.3642
405401 7.5549e+006 59.3996
405401 7.5549e+006 59.1141
405401 7.5549e+006 59.1141
405402 7.5549e+006 59.2214
405402 7.5549e+006 59.3642
405402 7.5549e+006 59.3361
405402 7.5549e+006 59.3642
405402 7.5549e+006 59.2214
405402 7.5549e+006 59.2214
405402 7.5549e+006 59.1018
405402 7.5549e+006 59.3361
405402 7.5549e+006 59.3542
405402 7.5549e+006 59.3361
405402 7.5549e+006 59.1018
405402 7.5549e+006 59.1018
405402 7.5549e+006 58.9206
405402 7.5549e+006 59.3542
405401 7.5549e+006 59.3934
405402 7.5549e+006 59.3542
405402 7.5549e+006 58.9206
405402 7.5549e+006 58.9206
405401 7.5549e+006 58.9282
405401 7.5549e+006 59.3934
405401 7.5549e+006 59.3996
405401 7.5549e+006 59.3934
405401 7.5549e+006 58.9282
405401 7.5549e+006 58.9282
405401 7.5549e+006 59.1141
405401 7.5549e+006 59.3996
405402 7.5549e+006 61.4547
405401 7.5549e+006 61.4568
405401 7.5549e+006 59.3996
405401 7.5549e+006 59.3996
405402 7.5549e+006 59.3642
405402 7.5549e+006 61.4547
405402 7.5549e+006 61.4521
405402 7.5549e+006 61.4547
405402 7.5549e+006 59.3642
405402 7.5549e+006 59.3642
405402 7.5549e+006 59.3361
405402 7.5549e+006 61.4521
405402 7.5549e+006 61.4526
405402 7.5549e+006 61.4521
405402 7.5549e+006 59.3361
405402 7.5549e+006 59.3361
405402 7.5549e+006 59.3542
405402 7.5549e+006 61.4526
405401 7.5549e+006 61.4555
405402 7.5549e+006 61.4526
405402 7.5549e+006 59.3542
405402 7.5549e+006 59.3542
405401 7.5549e+006 59.3934
405401 7.5549e+006 61.4555
405401 7.5549e+006 61.4568
405401 7.5549e+006 61.4555
405401 7.5549e+006 59.3934
405401 7.5549e+006 59.3934
405401 7.5549e+006 59.3996
405401 7.5549e+006 61.4568
405401 7.5549e+006 58.8823
405419 7.55485e+006 20.6221
405419 7.55485e+006 20.9647
405419 7.55485e+006 20.9647
405402 7.5549e+006 59.0708
405401 7.5549e+006 58.8823
405401 7.5549e+006 58.57
405419 7.55485e+006 20.2834
405419 7.55485e+006 20.6221
405419 7.55485e+006 20.6221
405401 7.5549e+006 58.8823
405401 7.5549e+006 58.57
405402 7.5549e+006 58.5655
405419 7.55485e+006 20.2777
405419 7.55485e+006 20.2834
405419 7.55485e+006 20.2834
405401 7.5549e+006 58.57
405402 7.5549e+006 58.5655
405402 7.5549e+006 58.875
405420 7.55485e+006 20.6988
405419 7.55485e+006 20.2777
405419 7.55485e+006 20.2777
405402 7.5549e+006 58.5655
405402 7.5549e+006 58.875
405402 7.5549e+006 59.0708
405419 7.55485e+006 20.9647
405420 7.55485e+006 20.6988
405420 7.55485e+006 20.6988
405402 7.5549e+006 58.875
405402 7.5549e+006 59.0708
405413 7.55485e+006 6.86967
405413 7.55485e+006 6.74611
405405 7.55488e+006 41.4236
405405 7.55488e+006 41.4236
405405 7.55488e+006 41.5456
405413 7.55485e+006 6.86967
405413 7.55485e+006 6.96008
405413 7.55485e+006 6.86967
405405 7.55488e+006 41.5456
405405 7.55488e+006 41.5456
405405 7.55488e+006 41.6349
405413 7.55485e+006 6.96008
405413 7.55485e+006 6.9931
405413 7.55485e+006 6.96008
405405 7.55488e+006 41.6349
405405 7.55488e+006 41.6349
405404 7.55488e+006 41.6674
405413 7.55485e+006 6.9931
405413 7.55485e+006 6.86934
405413 7.55485e+006 6.9931
405404 7.55488e+006 41.6674
405404 7.55488e+006 41.6674
405404 7.55488e+006 41.5448
405413 7.55485e+006 6.86934
405413 7.55485e+006 6.62212
405413 7.55485e+006 6.86934
405404 7.55488e+006 41.5448
405404 7.55488e+006 41.5448
405404 7.55488e+006 41.3005
405413 7.55485e+006 6.62212
405413 7.55485e+006 6.49869
405413 7.55485e+006 6.62212
405404 7.55488e+006 41.3005
405404 7.55488e+006 41.3005
405404 7.55488e+006 41.1788
405413 7.55485e+006 6.49869
405413 7.55485e+006 6.62247
405413 7.55485e+006 6.49869
405404 7.55488e+006 41.1788
405404 7.55488e+006 41.1788
405405 7.55488e+006 41.3013
405413 7.55485e+006 6.62247
405413 7.55485e+006 6.74611
405413 7.55485e+006 6.62247
405405 7.55488e+006 41.3013
405405 7.55488e+006 41.3013
405405 7.55488e+006 41.4236
405413 7.55485e+006 6.74611
405400 7.5549e+006 59.3111
405400 7.5549e+006 59.1348
405400 7.5549e+006 59.0582
405400 7.5549e+006 59.0582
405400 7.5549e+006 59.2728
405400 7.5549e+006 59.3111
405400 7.5549e+006 59.3374
405400 7.5549e+006 59.1907
405400 7.5549e+006 59.1348
405400 7.5549e+006 59.1348
405400 7.5549e+006 59.3111
405400 7.5549e+006 59.3374
405400 7.5549e+006 59.3447
405400 7.5549e+006 59.211
405400 7.5549e+006 59.1907
405400 7.5549e+006 59.1907
405400 7.5549e+006 59.3374
405400 7.5549e+006 59.3447
405400 7.5549e+006 59.3
405400 7.5549e+006 59.134
405400 7.5549e+006 59.211
405400 7.5549e+006 59.211
405400 7.5549e+006 59.3447
405400 7.5549e+006 59.3
405400 7.5549e+006 59.2216
405400 7.5549e+006 58.9807
405400 7.5549e+006 59.134
405400 7.5549e+006 59.134
405400 7.5549e+006 59.3
405400 7.5549e+006 59.2216
405400 7.5549e+006 59.188
405400 7.5549e+006 58.9044
405400 7.5549e+006 58.9807
405400 7.5549e+006 58.9807
405400 7.5549e+006 59.2216
405400 7.5549e+006 59.188
405400 7.5549e+006 59.2327
405400 7.5549e+006 58.9815
405400 7.5549e+006 58.9044
405400 7.5549e+006 58.9044
405400 7.5549e+006 59.188
405400 7.5549e+006 59.2327
405400 7.5549e+006 59.2728
405400 7.5549e+006 59.0582
405400 7.5549e+006 58.9815
405400 7.5549e+006 58.9815
405400 7.5549e+006 59.2327
405400 7.5549e+006 59.2728
405400 7.5549e+006 59.4663
405400 7.5549e+006 59.3111
405400 7.5549e+006 59.2728
405400 7.5549e+006 59.2728
405400 7.5549e+006 59.4605
405400 7.5549e+006 59.4663
405400 7.5549e+006 59.4674
405400 7.5549e+006 59.3374
405400 7.5549e+006 59.3111
405400 7.5549e+006 59.3111
405400 7.5549e+006 59.4663
405400 7.5549e+006 59.4674
405400 7.5549e+006 59.4637
405400 7.5549e+006 59.3447
405400 7.5549e+006 59.3374
405400 7.5549e+006 59.3374
405400 7.5549e+006 59.4674
405400 7.5549e+006 59.4637
405400 7.5549e+006 59.4465
405400 7.5549e+006 59.3
405400 7.5549e+006 59.3447
405400 7.5549e+006 59.3447
405400 7.5549e+006 59.4637
405400 7.5549e+006 59.4465
405400 7.5549e+006 59.4319
405400 7.5549e+006 59.2216
405400 7.5549e+006 59.3
405400 7.5549e+006 59.3
405400 7.5549e+006 59.4465
405400 7.5549e+006 59.4319
405400 7.5549e+006 59.4346
405400 7.5549e+006 59.188
405400 7.5549e+006 59.2216
405400 7.5549e+006 59.2216
405400 7.5549e+006 59.4319
405400 7.5549e+006 59.4346
405400 7.5549e+006 59.4517
405400 7.5549e+006 59.2327
405400 7.5549e+006 59.188
405400 7.5549e+006 59.188
405400 7.5549e+006 59.4346
405400 7.5549e+006 59.4517
405400 7.5549e+006 59.4605
405400 7.5549e+006 59.2728
405400 7.5549e+006 59.2327
405400 7.5549e+006 59.2327
405400 7.5549e+006 59.4517
405400 7.5549e+006 59.4605
405400 7.5549e+006 59.4663
405400 7.5549e+006 61.2378
405400 7.5549e+006 61.2367
405400 7.5549e+006 61.2367
405400 7.5549e+006 59.4674
405400 7.5549e+006 59.4663
405400 7.5549e+006 59.4674
405400 7.5549e+006 61.2367
405400 7.5549e+006 61.232
405400 7.5549e+006 61.232
405400 7.5549e+006 59.4637
405400 7.5549e+006 59.4674
405399 7.5549e+006 61.2174
405400 7.5549e+006 59.4465
405400 7.5549e+006 59.4637
405400 7.5549e+006 59.4637
405400 7.5549e+006 61.232
405399 7.5549e+006 61.2174
405399 7.5549e+006 61.2086
405400 7.5549e+006 59.4319
405400 7.5549e+006 59.4465
405400 7.5549e+006 59.4465
405399 7.5549e+006 61.2174
405399 7.5549e+006 61.2086
405400 7.5549e+006 61.2144
405400 7.5549e+006 59.4346
405400 7.5549e+006 59.4319
405400 7.5549e+006 59.4319
405399 7.5549e+006 61.2086
405400 7.5549e+006 61.2144
405400 7.5549e+006 61.229
405400 7.5549e+006 59.4517
405400 7.5549e+006 59.4346
405400 7.5549e+006 59.4346
405400 7.5549e+006 61.2144
405400 7.5549e+006 61.229
405400 7.5549e+006 61.232
405400 7.5549e+006 61.2367
405400 7.5549e+006 61.2378
405400 7.5549e+006 61.2378
405400 7.5549e+006 59.4663
405400 7.5549e+006 59.4605
405400 7.5549e+006 59.4605
405400 7.5549e+006 59.4517
405400 7.5549e+006 61.229
405400 7.5549e+006 61.2378
405400 7.5549e+006 59.4605
405400 7.5549e+006 61.229
405400 7.5549e+006 61.232
405400 7.5549e+006 61.2378
405400 7.5549e+006 61.229
405400 7.5549e+006 61.229
405400 7.5549e+006 61.2144
405399 7.5549e+006 61.2086
405400 7.5549e+006 61.232
405400 7.5549e+006 61.229
405399 7.5549e+006 61.2086
405400 7.5549e+006 61.232
405399 7.5549e+006 61.2086
405399 7.5549e+006 61.2174
405413 7.55485e+006 6.49869
405413 7.55485e+006 6.62247
405413 7.55485e+006 6.74611
405413 7.55485e+006 6.74611
405413 7.55485e+006 6.86967
405413 7.55485e+006 6.96008
405413 7.55485e+006 6.74611
405413 7.55485e+006 6.96008
405413 7.55485e+006 6.9931
405413 7.55485e+006 6.74611
405413 7.55485e+006 6.9931
405413 7.55485e+006 6.86934
405413 7.55485e+006 6.74611
405413 7.55485e+006 6.86934
405413 7.55485e+006 6.62212
405413 7.55485e+006 6.49869
405413 7.55485e+006 6.74611
405413 7.55485e+006 6.62212
405404 7.55488e+006 42.3146
405404 7.55488e+006 42.2372
405400 7.5549e+006 59.0582
405400 7.5549e+006 59.0582
405400 7.5549e+006 59.1348
405404 7.55488e+006 42.3146
405404 7.55488e+006 42.3712
405404 7.55488e+006 42.3146
405400 7.5549e+006 59.1348
405400 7.5549e+006 59.1348
405400 7.5549e+006 59.1907
405404 7.55488e+006 42.3712
405404 7.55488e+006 42.3918
405404 7.55488e+006 42.3712
405400 7.5549e+006 59.1907
405400 7.5549e+006 59.1907
405400 7.5549e+006 59.211
405404 7.55488e+006 42.3918
405404 7.55488e+006 42.3141
405404 7.55488e+006 42.3918
405400 7.5549e+006 59.211
405400 7.5549e+006 59.211
405400 7.5549e+006 59.134
405404 7.55488e+006 42.3141
405404 7.55488e+006 42.1592
405404 7.55488e+006 42.3141
405400 7.5549e+006 59.134
405400 7.5549e+006 59.134
405400 7.5549e+006 58.9807
405404 7.55488e+006 42.1592
405404 7.55488e+006 42.082
405404 7.55488e+006 42.1592
405400 7.5549e+006 58.9807
405400 7.5549e+006 58.9807
405400 7.5549e+006 58.9044
405404 7.55488e+006 42.082
405404 7.55488e+006 42.1598
405404 7.55488e+006 42.082
405400 7.5549e+006 58.9044
405400 7.5549e+006 58.9044
405400 7.5549e+006 58.9815
405404 7.55488e+006 42.1598
405404 7.55488e+006 42.2372
405404 7.55488e+006 42.1598
405400 7.5549e+006 58.9815
405400 7.5549e+006 58.9815
405400 7.5549e+006 59.0582
405404 7.55488e+006 42.2372
405405 7.55488e+006 41.5456
405405 7.55488e+006 41.4236
405404 7.55488e+006 42.2372
405404 7.55488e+006 42.2372
405404 7.55488e+006 42.3146
405405 7.55488e+006 41.5456
405405 7.55488e+006 41.6349
405405 7.55488e+006 41.5456
405404 7.55488e+006 42.3146
405404 7.55488e+006 42.3146
405404 7.55488e+006 42.3712
405405 7.55488e+006 41.6349
405404 7.55488e+006 41.6674
405405 7.55488e+006 41.6349
405404 7.55488e+006 42.3712
405404 7.55488e+006 42.3712
405404 7.55488e+006 42.3918
405404 7.55488e+006 41.6674
405404 7.55488e+006 41.5448
405404 7.55488e+006 41.6674
405404 7.55488e+006 42.3918
405404 7.55488e+006 42.3918
405404 7.55488e+006 42.3141
405404 7.55488e+006 41.5448
405404 7.55488e+006 41.3005
405404 7.55488e+006 41.5448
405404 7.55488e+006 42.3141
405404 7.55488e+006 42.3141
405404 7.55488e+006 42.1592
405404 7.55488e+006 41.3005
405404 7.55488e+006 41.1788
405404 7.55488e+006 41.3005
405404 7.55488e+006 42.1592
405404 7.55488e+006 42.1592
405404 7.55488e+006 42.082
405404 7.55488e+006 41.1788
405405 7.55488e+006 41.3013
405404 7.55488e+006 41.1788
405404 7.55488e+006 42.082
405404 7.55488e+006 42.082
405404 7.55488e+006 42.1598
405405 7.55488e+006 41.3013
405405 7.55488e+006 41.4236
405405 7.55488e+006 41.3013
405404 7.55488e+006 42.1598
405404 7.55488e+006 42.1598
405404 7.55488e+006 42.2372
405405 7.55488e+006 41.4236
405423 7.55485e+006 9.50017
405423 7.55485e+006 9.25296
405409 7.55488e+006 41.1238
405409 7.55488e+006 41.1238
405409 7.55488e+006 41.3681
405423 7.55485e+006 9.50017
405423 7.55485e+006 9.62359
405423 7.55485e+006 9.50017
405409 7.55488e+006 41.3681
405409 7.55488e+006 41.3681
405409 7.55488e+006 41.4899
405423 7.55485e+006 9.62359
405422 7.55485e+006 9.4998
405423 7.55485e+006 9.62359
405409 7.55488e+006 41.4899
405409 7.55488e+006 41.4899
405409 7.55488e+006 41.3673
405422 7.55485e+006 9.4998
405423 7.55485e+006 9.25261
405422 7.55485e+006 9.4998
405409 7.55488e+006 41.3673
405409 7.55488e+006 41.3673
405409 7.55488e+006 41.123
405423 7.55485e+006 9.25261
405423 7.55485e+006 9.12918
405423 7.55485e+006 9.25261
405409 7.55488e+006 41.123
405409 7.55488e+006 41.123
405409 7.55488e+006 41.0013
405423 7.55485e+006 9.12918
405423 7.55485e+006 9.25296
405423 7.55485e+006 9.12918
405409 7.55488e+006 41.0013
405409 7.55488e+006 41.0013
405409 7.55488e+006 41.1238
405423 7.55485e+006 9.25296
405402 7.5549e+006 59.1335
405402 7.5549e+006 58.9572
405402 7.5549e+006 58.8039
405402 7.5549e+006 58.8039
405402 7.5549e+006 59.0551
405402 7.5549e+006 59.1335
405402 7.5549e+006 59.1671
405402 7.5549e+006 59.0334
405402 7.5549e+006 58.9572
405402 7.5549e+006 58.9572
405402 7.5549e+006 59.1335
405402 7.5549e+006 59.1671
405401 7.5549e+006 59.1224
405401 7.5549e+006 58.9564
405402 7.5549e+006 59.0334
405402 7.5549e+006 59.0334
405402 7.5549e+006 59.1671
405401 7.5549e+006 59.1224
405401 7.5549e+006 59.044
405401 7.5549e+006 58.8031
405401 7.5549e+006 58.9564
405401 7.5549e+006 58.9564
405401 7.5549e+006 59.1224
405401 7.5549e+006 59.044
405401 7.5549e+006 59.0104
405402 7.5549e+006 58.7268
405401 7.5549e+006 58.8031
405401 7.5549e+006 58.8031
405401 7.5549e+006 59.044
405401 7.5549e+006 59.0104
405402 7.5549e+006 59.0551
405402 7.5549e+006 58.8039
405402 7.5549e+006 58.7268
405402 7.5549e+006 58.7268
405401 7.5549e+006 59.0104
405402 7.5549e+006 59.0551
405402 7.5549e+006 59.2887
405402 7.5549e+006 59.1335
405402 7.5549e+006 59.0551
405402 7.5549e+006 59.0551
405402 7.5549e+006 59.2741
405402 7.5549e+006 59.2887
405402 7.5549e+006 59.2861
405402 7.5549e+006 59.1671
405402 7.5549e+006 59.1335
405402 7.5549e+006 59.1335
405402 7.5549e+006 59.2887
405402 7.5549e+006 59.2861
405401 7.5549e+006 59.2689
405401 7.5549e+006 59.1224
405402 7.5549e+006 59.1671
405402 7.5549e+006 59.1671
405402 7.5549e+006 59.2861
405401 7.5549e+006 59.2689
405401 7.5549e+006 59.2543
405401 7.5549e+006 59.044
405401 7.5549e+006 59.1224
405401 7.5549e+006 59.1224
405401 7.5549e+006 59.2689
405401 7.5549e+006 59.2543
405401 7.5549e+006 59.2569
405401 7.5549e+006 59.0104
405401 7.5549e+006 59.044
405401 7.5549e+006 59.044
405401 7.5549e+006 59.2543
405401 7.5549e+006 59.2569
405402 7.5549e+006 59.2741
405402 7.5549e+006 59.0551
405401 7.5549e+006 59.0104
405401 7.5549e+006 59.0104
405401 7.5549e+006 59.2569
405402 7.5549e+006 59.2741
405402 7.5549e+006 61.3944
405402 7.5549e+006 59.2887
405402 7.5549e+006 59.2741
405402 7.5549e+006 59.2741
405401 7.5549e+006 61.3856
405402 7.5549e+006 61.3944
405401 7.5549e+006 61.3886
405402 7.5549e+006 59.2861
405402 7.5549e+006 59.2887
405402 7.5549e+006 59.2887
405402 7.5549e+006 61.3944
405401 7.5549e+006 61.3886
405401 7.5549e+006 61.374
405401 7.5549e+006 59.2689
405402 7.5549e+006 59.2861
405402 7.5549e+006 59.2861
405401 7.5549e+006 61.3886
405401 7.5549e+006 61.374
405401 7.5549e+006 61.3652
405401 7.5549e+006 59.2543
405401 7.5549e+006 59.2689
405401 7.5549e+006 59.2689
405401 7.5549e+006 61.374
405401 7.5549e+006 61.3652
405401 7.5549e+006 61.371
405401 7.5549e+006 59.2569
405401 7.5549e+006 59.2543
405401 7.5549e+006 59.2543
405401 7.5549e+006 61.3652
405401 7.5549e+006 61.371
405401 7.5549e+006 61.3856
405402 7.5549e+006 59.2741
405401 7.5549e+006 59.2569
405401 7.5549e+006 59.2569
405401 7.5549e+006 61.371
405401 7.5549e+006 61.3856
405423 7.55485e+006 9.25261
405423 7.55485e+006 9.12918
405423 7.55485e+006 9.25296
405423 7.55485e+006 9.25296
405423 7.55485e+006 9.50017
405423 7.55485e+006 9.62359
405423 7.55485e+006 9.25296
405423 7.55485e+006 9.62359
405422 7.55485e+006 9.4998
405423 7.55485e+006 9.25261
405423 7.55485e+006 9.25296
405422 7.55485e+006 9.4998
405402 7.5549e+006 61.3944
405401 7.5549e+006 61.3856
405401 7.5549e+006 61.371
405402 7.5549e+006 61.3944
405401 7.5549e+006 61.371
405401 7.5549e+006 61.3652
405402 7.5549e+006 61.3944
405401 7.5549e+006 61.3652
405401 7.5549e+006 61.374
405402 7.5549e+006 61.3944
405401 7.5549e+006 61.374
405401 7.5549e+006 61.3886
405409 7.55488e+006 42.1371
405409 7.55488e+006 41.9823
405402 7.5549e+006 58.8039
405402 7.5549e+006 58.8039
405402 7.5549e+006 58.9572
405409 7.55488e+006 42.1371
405409 7.55488e+006 42.2143
405409 7.55488e+006 42.1371
405402 7.5549e+006 58.9572
405402 7.5549e+006 58.9572
405402 7.5549e+006 59.0334
405409 7.55488e+006 42.2143
405409 7.55488e+006 42.1366
405409 7.55488e+006 42.2143
405402 7.5549e+006 59.0334
405402 7.5549e+006 59.0334
405401 7.5549e+006 58.9564
405409 7.55488e+006 42.1366
405409 7.55488e+006 41.9817
405409 7.55488e+006 42.1366
405401 7.5549e+006 58.9564
405401 7.5549e+006 58.9564
405401 7.5549e+006 58.8031
405409 7.55488e+006 41.9817
405409 7.55488e+006 41.9045
405409 7.55488e+006 41.9817
405401 7.5549e+006 58.8031
405401 7.5549e+006 58.8031
405402 7.5549e+006 58.7268
405409 7.55488e+006 41.9045
405409 7.55488e+006 41.9823
405409 7.55488e+006 41.9045
405402 7.5549e+006 58.7268
405402 7.5549e+006 58.7268
405402 7.5549e+006 58.8039
405409 7.55488e+006 41.9823
405409 7.55488e+006 42.1371
405409 7.55488e+006 41.3681
405409 7.55488e+006 41.1238
405409 7.55488e+006 41.1238
405409 7.55488e+006 41.9823
405409 7.55488e+006 42.1371
405409 7.55488e+006 41.4899
405409 7.55488e+006 41.3681
405409 7.55488e+006 42.1371
405409 7.55488e+006 42.1371
405409 7.55488e+006 42.2143
405409 7.55488e+006 41.4899
405409 7.55488e+006 41.3673
405409 7.55488e+006 41.4899
405409 7.55488e+006 42.2143
405409 7.55488e+006 42.2143
405409 7.55488e+006 42.1366
405409 7.55488e+006 41.3673
405409 7.55488e+006 41.123
405409 7.55488e+006 41.3673
405409 7.55488e+006 42.1366
405409 7.55488e+006 42.1366
405409 7.55488e+006 41.9817
405409 7.55488e+006 41.123
405409 7.55488e+006 41.0013
405409 7.55488e+006 41.123
405409 7.55488e+006 41.9817
405409 7.55488e+006 41.9817
405409 7.55488e+006 41.9045
405409 7.55488e+006 41.0013
405409 7.55488e+006 41.1238
405409 7.55488e+006 41.0013
405409 7.55488e+006 41.9045
405409 7.55488e+006 41.9045
405409 7.55488e+006 41.9823
405409 7.55488e+006 41.1238
405400 7.5549e+006 61.6061
405399 7.5549e+006 61.6062
405399 7.5549e+006 61.298
405399 7.5549e+006 61.298
405400 7.5549e+006 61.2979
405400 7.5549e+006 61.6061
405400 7.5549e+006 61.7014
405399 7.5549e+006 61.7014
405399 7.5549e+006 61.6062
405399 7.5549e+006 61.6062
405400 7.5549e+006 61.6061
405400 7.5549e+006 61.7014
405400 7.5549e+006 61.452
405400 7.5549e+006 61.4521
405399 7.5549e+006 61.7014
405399 7.5549e+006 61.7014
405400 7.5549e+006 61.7014
405400 7.5549e+006 61.452
405400 7.5549e+006 61.2027
405399 7.5549e+006 61.2027
405400 7.5549e+006 61.4521
405400 7.5549e+006 61.4521
405400 7.5549e+006 61.452
405400 7.5549e+006 61.2027
405400 7.5549e+006 61.2979
405399 7.5549e+006 61.298
405399 7.5549e+006 61.2027
405399 7.5549e+006 61.2027
405400 7.5549e+006 61.2027
405400 7.5549e+006 61.2979
405401 7.5549e+006 61.6061
405400 7.5549e+006 61.6061
405400 7.5549e+006 61.2979
405400 7.5549e+006 61.2979
405401 7.5549e+006 61.2979
405401 7.5549e+006 61.6061
405401 7.5549e+006 61.7014
405400 7.5549e+006 61.7014
405400 7.5549e+006 61.6061
405400 7.5549e+006 61.6061
405401 7.5549e+006 61.6061
405401 7.5549e+006 61.7014
405401 7.5549e+006 61.452
405400 7.5549e+006 61.452
405400 7.5549e+006 61.7014
405400 7.5549e+006 61.7014
405401 7.5549e+006 61.7014
405401 7.5549e+006 61.452
405401 7.5549e+006 61.2027
405400 7.5549e+006 61.2027
405400 7.5549e+006 61.452
405400 7.5549e+006 61.452
405401 7.5549e+006 61.452
405401 7.5549e+006 61.2027
405401 7.5549e+006 61.2979
405400 7.5549e+006 61.2979
405400 7.5549e+006 61.2027
405400 7.5549e+006 61.2027
405401 7.5549e+006 61.2027
405401 7.5549e+006 61.2979
405402 7.5549e+006 61.6062
405401 7.5549e+006 61.6061
405401 7.5549e+006 61.2979
405401 7.5549e+006 61.2979
405402 7.5549e+006 61.298
405402 7.5549e+006 61.6062
405402 7.5549e+006 61.7014
405401 7.5549e+006 61.7014
405401 7.5549e+006 61.6061
405401 7.5549e+006 61.6061
405402 7.5549e+006 61.6062
405402 7.5549e+006 61.7014
405402 7.5549e+006 61.4521
405401 7.5549e+006 61.452
405401 7.5549e+006 61.7014
405401 7.5549e+006 61.7014
405402 7.5549e+006 61.7014
405402 7.5549e+006 61.4521
405402 7.5549e+006 61.2027
405401 7.5549e+006 61.2027
405401 7.5549e+006 61.452
405401 7.5549e+006 61.452
405402 7.5549e+006 61.4521
405402 7.5549e+006 61.2027
405402 7.5549e+006 61.298
405401 7.5549e+006 61.2979
405401 7.5549e+006 61.2027
405401 7.5549e+006 61.2027
405402 7.5549e+006 61.2027
405402 7.5549e+006 61.298
405403 7.5549e+006 61.6063
405402 7.5549e+006 61.6062
405402 7.5549e+006 61.298
405402 7.5549e+006 61.298
405403 7.5549e+006 61.298
405403 7.5549e+006 61.6063
405403 7.5549e+006 61.7015
405402 7.5549e+006 61.7014
405402 7.5549e+006 61.6062
405402 7.5549e+006 61.6062
405403 7.5549e+006 61.6063
405403 7.5549e+006 61.7015
405402 7.5549e+006 61.4521
405402 7.5549e+006 61.4521
405402 7.5549e+006 61.7014
405402 7.5549e+006 61.7014
405403 7.5549e+006 61.7015
405402 7.5549e+006 61.4521
405403 7.5549e+006 61.2028
405402 7.5549e+006 61.2027
405402 7.5549e+006 61.4521
405402 7.5549e+006 61.4521
405402 7.5549e+006 61.4521
405403 7.5549e+006 61.2028
405403 7.5549e+006 61.298
405402 7.5549e+006 61.298
405402 7.5549e+006 61.2027
405402 7.5549e+006 61.2027
405403 7.5549e+006 61.2028
405403 7.5549e+006 61.298
405402 7.5549e+006 61.6063
405403 7.5549e+006 61.6063
405403 7.5549e+006 61.298
405403 7.5549e+006 61.298
405402 7.5549e+006 61.2981
405402 7.5549e+006 61.6063
405402 7.5549e+006 61.7016
405403 7.5549e+006 61.7015
405403 7.5549e+006 61.6063
405403 7.5549e+006 61.6063
405402 7.5549e+006 61.6063
405402 7.5549e+006 61.7016
405402 7.5549e+006 61.4522
405402 7.5549e+006 61.4521
405403 7.5549e+006 61.7015
405403 7.5549e+006 61.7015
405402 7.5549e+006 61.7016
405402 7.5549e+006 61.4522
405402 7.5549e+006 61.2029
405403 7.5549e+006 61.2028
405402 7.5549e+006 61.4521
405402 7.5549e+006 61.4521
405402 7.5549e+006 61.4522
405402 7.5549e+006 61.2029
405402 7.5549e+006 61.2981
405403 7.5549e+006 61.298
405403 7.5549e+006 61.2028
405403 7.5549e+006 61.2028
405402 7.5549e+006 61.2029
405402 7.5549e+006 61.2981
405401 7.5549e+006 61.6063
405402 7.5549e+006 61.6063
405402 7.5549e+006 61.2981
405402 7.5549e+006 61.2981
405401 7.5549e+006 61.2981
405401 7.5549e+006 61.6063
405401 7.5549e+006 61.7015
405402 7.5549e+006 61.7016
405402 7.5549e+006 61.6063
405402 7.5549e+006 61.6063
405401 7.5549e+006 61.6063
405401 7.5549e+006 61.7015
405401 7.5549e+006 61.4522
405402 7.5549e+006 61.4522
405402 7.5549e+006 61.7016
405402 7.5549e+006 61.7016
405401 7.5549e+006 61.7015
405401 7.5549e+006 61.4522
405401 7.5549e+006 61.2029
405402 7.5549e+006 61.2029
405402 7.5549e+006 61.4522
405402 7.5549e+006 61.4522
405401 7.5549e+006 61.4522
405401 7.5549e+006 61.2029
405401 7.5549e+006 61.2981
405402 7.5549e+006 61.2981
405402 7.5549e+006 61.2029
405402 7.5549e+006 61.2029
405401 7.5549e+006 61.2029
405401 7.5549e+006 61.2981
405400 7.5549e+006 61.6063
405401 7.5549e+006 61.6063
405401 7.5549e+006 61.2981
405401 7.5549e+006 61.2981
405400 7.5549e+006 61.2981
405400 7.5549e+006 61.6063
405400 7.5549e+006 61.7015
405401 7.5549e+006 61.7015
405401 7.5549e+006 61.6063
405401 7.5549e+006 61.6063
405400 7.5549e+006 61.6063
405400 7.5549e+006 61.7015
405400 7.5549e+006 61.4521
405401 7.5549e+006 61.4522
405401 7.5549e+006 61.7015
405401 7.5549e+006 61.7015
405400 7.5549e+006 61.7015
405400 7.5549e+006 61.4521
405400 7.5549e+006 61.2028
405401 7.5549e+006 61.2029
405401 7.5549e+006 61.4522
405401 7.5549e+006 61.4522
405400 7.5549e+006 61.4521
405400 7.5549e+006 61.2028
405400 7.5549e+006 61.2981
405401 7.5549e+006 61.2981
405401 7.5549e+006 61.2029
405401 7.5549e+006 61.2029
405400 7.5549e+006 61.2028
405400 7.5549e+006 61.2981
405399 7.5549e+006 61.6062
405400 7.5549e+006 61.6063
405400 7.5549e+006 61.2981
405400 7.5549e+006 61.2981
405399 7.5549e+006 61.298
405399 7.5549e+006 61.6062
405399 7.5549e+006 61.7014
405400 7.5549e+006 61.7015
405400 7.5549e+006 61.6063
405400 7.5549e+006 61.6063
405399 7.5549e+006 61.6062
405399 7.5549e+006 61.7014
405400 7.5549e+006 61.4521
405400 7.5549e+006 61.4521
405400 7.5549e+006 61.7015
405400 7.5549e+006 61.7015
405399 7.5549e+006 61.7014
405400 7.5549e+006 61.4521
405399 7.5549e+006 61.2027
405400 7.5549e+006 61.2028
405400 7.5549e+006 61.4521
405400 7.5549e+006 61.4521
405400 7.5549e+006 61.4521
405399 7.5549e+006 61.2027
405399 7.5549e+006 61.298
405400 7.5549e+006 61.2981
405400 7.5549e+006 61.2028
405400 7.5549e+006 61.2028
405399 7.5549e+006 61.2027
405399 7.5549e+006 61.298
