400396 7.55246e+006 23.324
400395 7.55246e+006 23.324
400395 7.55246e+006 23.324
400395 7.55246e+006 23.324
400396 7.55246e+006 23.324
400396 7.55246e+006 23.324
400401 7.55246e+006 23.324
400399 7.55246e+006 23.324
400399 7.55246e+006 23.324
400399 7.55246e+006 23.324
400401 7.55246e+006 23.324
400401 7.55246e+006 23.324
400399 7.55246e+006 23.324
400397 7.55246e+006 23.324
400397 7.55246e+006 23.324
400397 7.55246e+006 23.324
400399 7.55246e+006 23.324
400399 7.55246e+006 23.324
400408 7.55246e+006 23.324
400408 7.55246e+006 23.324
400408 7.55246e+006 23.324
400408 7.55246e+006 23.324
400408 7.55246e+006 23.324
400408 7.55246e+006 23.324
400402 7.55246e+006 23.324
400407 7.55246e+006 23.324
400407 7.55246e+006 23.324
400407 7.55246e+006 23.324
400402 7.55246e+006 23.324
400402 7.55246e+006 23.324
400396 7.55246e+006 23.324
400395 7.55246e+006 23.324
400395 7.55246e+006 23.324
400395 7.55246e+006 23.324
400396 7.55246e+006 23.324
400396 7.55246e+006 23.324
400395 7.55246e+006 23.324
400396 7.55246e+006 23.324
400396 7.55246e+006 23.324
400396 7.55246e+006 23.324
400395 7.55246e+006 23.324
400395 7.55246e+006 23.324
400408 7.55246e+006 23.324
400407 7.55246e+006 23.324
400407 7.55246e+006 23.324
400407 7.55246e+006 23.324
400408 7.55246e+006 23.324
400408 7.55246e+006 23.324
400407 7.55246e+006 23.324
400408 7.55246e+006 23.324
400408 7.55246e+006 23.324
400408 7.55246e+006 23.324
400407 7.55246e+006 23.324
400407 7.55246e+006 23.324
400401 7.55246e+006 23.324
400399 7.55246e+006 23.324
400399 7.55246e+006 23.324
400399 7.55246e+006 23.324
400401 7.55246e+006 23.324
400401 7.55246e+006 23.324
400399 7.55246e+006 23.324
400399 7.55246e+006 23.324
400401 7.55246e+006 23.324
400401 7.55246e+006 23.324
400401 7.55246e+006 23.324
400399 7.55246e+006 23.324
400402 7.55246e+006 23.324
400401 7.55246e+006 23.324
400401 7.55246e+006 23.324
400401 7.55246e+006 23.324
400402 7.55246e+006 23.324
400402 7.55246e+006 23.324
400399 7.55246e+006 23.324
400397 7.55246e+006 23.324
400397 7.55246e+006 23.324
400397 7.55246e+006 23.324
400399 7.55246e+006 23.324
400399 7.55246e+006 23.324
400396 7.55246e+006 23.324
400397 7.55246e+006 23.324
400397 7.55246e+006 23.324
400397 7.55246e+006 23.324
400396 7.55246e+006 23.324
400396 7.55246e+006 23.324
400408 7.55246e+006 23.324
400408 7.55246e+006 23.324
400408 7.55246e+006 23.324
400408 7.55246e+006 23.324
400408 7.55246e+006 23.324
400408 7.55246e+006 23.324
400408 7.55246e+006 23.324
400408 7.55246e+006 23.324
400408 7.55246e+006 23.324
400408 7.55246e+006 23.324
400408 7.55246e+006 23.324
400408 7.55246e+006 23.324
400402 7.55246e+006 23.324
400407 7.55246e+006 23.324
400407 7.55246e+006 23.324
400407 7.55246e+006 23.324
400402 7.55246e+006 23.324
400402 7.55246e+006 23.324
400407 7.55246e+006 23.324
400402 7.55246e+006 23.324
400402 7.55246e+006 23.324
400402 7.55246e+006 23.324
400407 7.55246e+006 23.324
400407 7.55246e+006 23.324
400395 7.55246e+006 23.324
400396 7.55246e+006 23.324
400396 7.55246e+006 23.324
400396 7.55246e+006 23.324
400395 7.55246e+006 23.324
400395 7.55246e+006 23.324
400396 7.55246e+006 23.324
400395 7.55246e+006 23.324
400395 7.55246e+006 23.324
400395 7.55246e+006 23.324
400396 7.55246e+006 23.324
400396 7.55246e+006 23.324
400407 7.55246e+006 23.324
400408 7.55246e+006 23.324
400408 7.55246e+006 23.324
400408 7.55246e+006 23.324
400407 7.55246e+006 23.324
400407 7.55246e+006 23.324
400408 7.55246e+006 23.324
400407 7.55246e+006 23.324
400407 7.55246e+006 23.324
400407 7.55246e+006 23.324
400408 7.55246e+006 23.324
400408 7.55246e+006 23.324
400399 7.55246e+006 23.324
400399 7.55246e+006 23.324
400401 7.55246e+006 23.324
400401 7.55246e+006 23.324
400401 7.55246e+006 23.324
400399 7.55246e+006 23.324
400401 7.55246e+006 23.324
400401 7.55246e+006 23.324
400399 7.55246e+006 23.324
400399 7.55246e+006 23.324
400399 7.55246e+006 23.324
400401 7.55246e+006 23.324
400401 7.55246e+006 23.324
400401 7.55246e+006 23.324
400402 7.55246e+006 23.324
400402 7.55246e+006 23.324
400402 7.55246e+006 23.324
400401 7.55246e+006 23.324
400402 7.55246e+006 23.324
400402 7.55246e+006 23.324
400401 7.55246e+006 23.324
400401 7.55246e+006 23.324
400401 7.55246e+006 23.324
400402 7.55246e+006 23.324
400396 7.55246e+006 23.324
400397 7.55246e+006 23.324
400397 7.55246e+006 23.324
400397 7.55246e+006 23.324
400396 7.55246e+006 23.324
400396 7.55246e+006 23.324
400408 7.55246e+006 23.324
400408 7.55246e+006 23.324
400408 7.55246e+006 23.324
400408 7.55246e+006 23.324
400408 7.55246e+006 23.324
400408 7.55246e+006 23.324
400408 7.55246e+006 23.324
400408 7.55246e+006 23.324
400408 7.55246e+006 23.324
400408 7.55246e+006 23.324
400408 7.55246e+006 23.324
400408 7.55246e+006 23.324
400402 7.55246e+006 23.324
400407 7.55246e+006 23.324
400407 7.55246e+006 23.324
400407 7.55246e+006 23.324
400402 7.55246e+006 23.324
400402 7.55246e+006 23.324
400407 7.55246e+006 23.324
400402 7.55246e+006 23.324
400402 7.55246e+006 23.324
400402 7.55246e+006 23.324
400407 7.55246e+006 23.324
400407 7.55246e+006 23.324
400396 7.55246e+006 23.324
400396 7.55246e+006 23.324
400397 7.55246e+006 23.324
400397 7.55246e+006 23.324
400397 7.55246e+006 23.324
400396 7.55246e+006 23.324
400396 7.55246e+006 23.324
400396 7.55246e+006 23.324
400397 7.55246e+006 23.324
400397 7.55246e+006 23.324
400397 7.55246e+006 23.324
400396 7.55246e+006 23.324
400399 7.55246e+006 23.324
400399 7.55246e+006 23.324
400397 7.55246e+006 23.324
400397 7.55246e+006 23.324
400397 7.55246e+006 23.324
400399 7.55246e+006 23.324
400399 7.55246e+006 23.324
400399 7.55246e+006 23.324
400397 7.55246e+006 23.324
400397 7.55246e+006 23.324
400397 7.55246e+006 23.324
400399 7.55246e+006 23.324
400394 7.55246e+006 23.6674
400409 7.55246e+006 23.6674
400409 7.55247e+006 23.6674
400409 7.55247e+006 23.6674
400394 7.55247e+006 23.6674
400394 7.55246e+006 23.6674
400410 7.55246e+006 23.6674
400410 7.55247e+006 23.6674
400409 7.55247e+006 23.6674
400409 7.55247e+006 23.6674
400409 7.55246e+006 23.6674
400410 7.55246e+006 23.6674
400410 7.55246e+006 23.6674
400409 7.55246e+006 23.6674
400409 7.55246e+006 23.6674
400409 7.55246e+006 23.6674
400410 7.55246e+006 23.6674
400410 7.55246e+006 23.6674
400392 7.55247e+006 21.4816
400392 7.55247e+006 21.4816
400392 7.55246e+006 21.4816
400392 7.55246e+006 21.4816
400392 7.55246e+006 21.4816
400392 7.55247e+006 21.4816
400392 7.55247e+006 21.5029
400392 7.55246e+006 21.5029
400392 7.55246e+006 21.5029
400392 7.55246e+006 21.5029
400392 7.55247e+006 21.5029
400392 7.55247e+006 21.5029
400392 7.55247e+006 21.4816
400392 7.55246e+006 21.4816
400392 7.55246e+006 21.5029
400392 7.55246e+006 21.5029
400392 7.55247e+006 21.5029
400392 7.55247e+006 21.4816
400392 7.55246e+006 21.4816
400392 7.55246e+006 21.4816
400392 7.55246e+006 21.5029
400392 7.55246e+006 21.5029
400392 7.55246e+006 21.5029
400392 7.55246e+006 21.4816
400392 7.55246e+006 21.4816
400392 7.55247e+006 21.4816
400392 7.55247e+006 21.5029
400392 7.55247e+006 21.5029
400392 7.55246e+006 21.5029
400392 7.55246e+006 21.4816
400392 7.55247e+006 21.4816
400392 7.55247e+006 21.4816
400392 7.55247e+006 21.5029
400392 7.55247e+006 21.5029
400392 7.55247e+006 21.5029
400392 7.55247e+006 21.4816
400392 7.55247e+006 21.7549
400392 7.55247e+006 21.7549
400392 7.55246e+006 21.7549
400392 7.55246e+006 21.7549
400392 7.55246e+006 21.7549
400392 7.55247e+006 21.7549
400392 7.55247e+006 21.7762
400392 7.55246e+006 21.7762
400392 7.55246e+006 21.7762
400392 7.55246e+006 21.7762
400392 7.55247e+006 21.7762
400392 7.55247e+006 21.7762
400392 7.55247e+006 21.7549
400392 7.55246e+006 21.7549
400392 7.55246e+006 21.7762
400392 7.55246e+006 21.7762
400392 7.55247e+006 21.7762
400392 7.55247e+006 21.7549
400392 7.55246e+006 21.7549
400392 7.55246e+006 21.7549
400392 7.55246e+006 21.7762
400392 7.55246e+006 21.7762
400392 7.55246e+006 21.7762
400392 7.55246e+006 21.7549
400392 7.55246e+006 21.7549
400392 7.55247e+006 21.7549
400392 7.55247e+006 21.7762
400392 7.55247e+006 21.7762
400392 7.55246e+006 21.7762
400392 7.55246e+006 21.7549
400392 7.55247e+006 21.7549
400392 7.55247e+006 21.7549
400392 7.55247e+006 21.7762
400392 7.55247e+006 21.7762
400392 7.55247e+006 21.7762
400392 7.55247e+006 21.7549
400392 7.55247e+006 22.021
400392 7.55247e+006 22.021
400392 7.55246e+006 22.021
400392 7.55246e+006 22.021
400392 7.55246e+006 22.021
400392 7.55247e+006 22.021
400392 7.55247e+006 22.0424
400392 7.55246e+006 22.0424
400392 7.55246e+006 22.0424
400392 7.55246e+006 22.0424
400392 7.55247e+006 22.0424
400392 7.55247e+006 22.0424
400392 7.55247e+006 22.021
400392 7.55246e+006 22.021
400392 7.55246e+006 22.0424
400392 7.55246e+006 22.0424
400392 7.55247e+006 22.0424
400392 7.55247e+006 22.021
400392 7.55246e+006 22.021
400392 7.55246e+006 22.021
400392 7.55246e+006 22.0424
400392 7.55246e+006 22.0424
400392 7.55246e+006 22.0424
400392 7.55246e+006 22.021
400392 7.55246e+006 22.021
400392 7.55247e+006 22.021
400392 7.55247e+006 22.0424
400392 7.55247e+006 22.0424
400392 7.55246e+006 22.0424
400392 7.55246e+006 22.021
400392 7.55247e+006 22.021
400392 7.55247e+006 22.021
400392 7.55247e+006 22.0424
400392 7.55247e+006 22.0424
400392 7.55247e+006 22.0424
400392 7.55247e+006 22.021
400393 7.55247e+006 22.5534
400393 7.55247e+006 22.5534
400393 7.55246e+006 22.5534
400393 7.55246e+006 22.5534
400393 7.55246e+006 22.5534
400393 7.55247e+006 22.5534
400393 7.55247e+006 22.5747
400393 7.55246e+006 22.5747
400393 7.55246e+006 22.5747
400393 7.55246e+006 22.5747
400393 7.55247e+006 22.5747
400393 7.55247e+006 22.5747
400393 7.55247e+006 22.5534
400393 7.55246e+006 22.5534
400393 7.55246e+006 22.5747
400393 7.55246e+006 22.5747
400393 7.55247e+006 22.5747
400393 7.55247e+006 22.5534
400393 7.55246e+006 22.5534
400393 7.55246e+006 22.5534
400393 7.55246e+006 22.5747
400393 7.55246e+006 22.5747
400393 7.55246e+006 22.5747
400393 7.55246e+006 22.5534
400393 7.55246e+006 22.5534
400393 7.55247e+006 22.5534
400393 7.55247e+006 22.5747
400393 7.55247e+006 22.5747
400393 7.55246e+006 22.5747
400393 7.55246e+006 22.5534
400393 7.55247e+006 22.5534
400393 7.55247e+006 22.5534
400393 7.55247e+006 22.5747
400393 7.55247e+006 22.5747
400393 7.55247e+006 22.5747
400393 7.55247e+006 22.5534
400393 7.55247e+006 22.8195
400393 7.55247e+006 22.8195
400393 7.55246e+006 22.8195
400393 7.55246e+006 22.8195
400393 7.55246e+006 22.8195
400393 7.55247e+006 22.8195
400393 7.55247e+006 22.8408
400393 7.55246e+006 22.8408
400393 7.55246e+006 22.8408
400393 7.55246e+006 22.8408
400393 7.55247e+006 22.8408
400393 7.55247e+006 22.8408
400393 7.55247e+006 22.8195
400393 7.55246e+006 22.8195
400393 7.55246e+006 22.8408
400393 7.55246e+006 22.8408
400393 7.55247e+006 22.8408
400393 7.55247e+006 22.8195
400393 7.55246e+006 22.8195
400393 7.55246e+006 22.8195
400393 7.55246e+006 22.8408
400393 7.55246e+006 22.8408
400393 7.55246e+006 22.8408
400393 7.55246e+006 22.8195
400393 7.55246e+006 22.8195
400393 7.55247e+006 22.8195
400393 7.55247e+006 22.8408
400393 7.55247e+006 22.8408
400393 7.55246e+006 22.8408
400393 7.55246e+006 22.8195
400393 7.55247e+006 22.8195
400393 7.55247e+006 22.8195
400393 7.55247e+006 22.8408
400393 7.55247e+006 22.8408
400393 7.55247e+006 22.8408
400393 7.55247e+006 22.8195
400393 7.55247e+006 23.0857
400393 7.55247e+006 23.0857
400393 7.55246e+006 23.0857
400393 7.55246e+006 23.0857
400393 7.55246e+006 23.0857
400393 7.55247e+006 23.0857
400393 7.55247e+006 23.107
400393 7.55246e+006 23.107
400393 7.55246e+006 23.107
400393 7.55246e+006 23.107
400393 7.55247e+006 23.107
400393 7.55247e+006 23.107
400393 7.55247e+006 23.0857
400393 7.55246e+006 23.0857
400393 7.55246e+006 23.107
400393 7.55246e+006 23.107
400393 7.55247e+006 23.107
400393 7.55247e+006 23.0857
400393 7.55246e+006 23.0857
400393 7.55246e+006 23.0857
400393 7.55246e+006 23.107
400393 7.55246e+006 23.107
400393 7.55246e+006 23.107
400393 7.55246e+006 23.0857
400393 7.55246e+006 23.0857
400393 7.55247e+006 23.0857
400393 7.55247e+006 23.107
400393 7.55247e+006 23.107
400393 7.55246e+006 23.107
400393 7.55246e+006 23.0857
400393 7.55247e+006 23.0857
400393 7.55247e+006 23.0857
400393 7.55247e+006 23.107
400393 7.55247e+006 23.107
400393 7.55247e+006 23.107
400393 7.55247e+006 23.0857
400393 7.55247e+006 23.3518
400394 7.55247e+006 23.3518
400394 7.55246e+006 23.3518
400394 7.55246e+006 23.3518
400393 7.55246e+006 23.3518
400393 7.55247e+006 23.3518
400393 7.55247e+006 23.3732
400393 7.55246e+006 23.3732
400394 7.55246e+006 23.3732
400394 7.55246e+006 23.3732
400394 7.55247e+006 23.3732
400393 7.55247e+006 23.3732
400393 7.55247e+006 23.3518
400393 7.55246e+006 23.3518
400393 7.55246e+006 23.3732
400393 7.55246e+006 23.3732
400393 7.55247e+006 23.3732
400393 7.55247e+006 23.3518
400393 7.55246e+006 23.3518
400394 7.55246e+006 23.3518
400394 7.55246e+006 23.3732
400394 7.55246e+006 23.3732
400393 7.55246e+006 23.3732
400393 7.55246e+006 23.3518
400394 7.55246e+006 23.3518
400394 7.55247e+006 23.3518
400394 7.55247e+006 23.3732
400394 7.55247e+006 23.3732
400394 7.55246e+006 23.3732
400394 7.55246e+006 23.3518
400394 7.55247e+006 23.3518
400393 7.55247e+006 23.3518
400393 7.55247e+006 23.3732
400393 7.55247e+006 23.3732
400394 7.55247e+006 23.3732
400394 7.55247e+006 23.3518
400409 7.55246e+006 21.4816
400409 7.55246e+006 21.4816
400410 7.55246e+006 21.4816
400410 7.55246e+006 21.4816
400410 7.55246e+006 21.4816
400409 7.55246e+006 21.4816
400409 7.55246e+006 21.5029
400410 7.55246e+006 21.5029
400410 7.55246e+006 21.5029
400410 7.55246e+006 21.5029
400409 7.55246e+006 21.5029
400409 7.55246e+006 21.5029
400409 7.55246e+006 21.4816
400410 7.55246e+006 21.4816
400410 7.55246e+006 21.5029
400410 7.55246e+006 21.5029
400409 7.55246e+006 21.5029
400409 7.55246e+006 21.4816
400410 7.55246e+006 21.4816
400410 7.55246e+006 21.4816
400410 7.55246e+006 21.5029
400410 7.55246e+006 21.5029
400410 7.55246e+006 21.5029
400410 7.55246e+006 21.4816
400410 7.55246e+006 21.4816
400409 7.55246e+006 21.4816
400409 7.55246e+006 21.5029
400409 7.55246e+006 21.5029
400410 7.55246e+006 21.5029
400410 7.55246e+006 21.4816
400409 7.55246e+006 21.4816
400409 7.55246e+006 21.4816
400409 7.55246e+006 21.5029
400409 7.55246e+006 21.5029
400409 7.55246e+006 21.5029
400409 7.55246e+006 21.4816
400409 7.55246e+006 21.7549
400409 7.55246e+006 21.7549
400410 7.55246e+006 21.7549
400410 7.55246e+006 21.7549
400410 7.55246e+006 21.7549
400409 7.55246e+006 21.7549
400409 7.55246e+006 21.7762
400410 7.55246e+006 21.7762
400410 7.55246e+006 21.7762
400410 7.55246e+006 21.7762
400409 7.55246e+006 21.7762
400409 7.55246e+006 21.7762
400409 7.55246e+006 21.7549
400410 7.55246e+006 21.7549
400410 7.55246e+006 21.7762
400410 7.55246e+006 21.7762
400409 7.55246e+006 21.7762
400409 7.55246e+006 21.7549
400410 7.55246e+006 21.7549
400410 7.55246e+006 21.7549
400410 7.55246e+006 21.7762
400410 7.55246e+006 21.7762
400410 7.55246e+006 21.7762
400410 7.55246e+006 21.7549
400410 7.55246e+006 21.7549
400409 7.55246e+006 21.7549
400409 7.55246e+006 21.7762
400409 7.55246e+006 21.7762
400410 7.55246e+006 21.7762
400410 7.55246e+006 21.7549
400409 7.55246e+006 21.7549
400409 7.55246e+006 21.7549
400409 7.55246e+006 21.7762
400409 7.55246e+006 21.7762
400409 7.55246e+006 21.7762
400409 7.55246e+006 21.7549
400409 7.55246e+006 22.021
400409 7.55246e+006 22.021
400410 7.55246e+006 22.021
400410 7.55246e+006 22.021
400410 7.55246e+006 22.021
400409 7.55246e+006 22.021
400409 7.55246e+006 22.0424
400410 7.55246e+006 22.0424
400410 7.55246e+006 22.0424
400410 7.55246e+006 22.0424
400409 7.55246e+006 22.0424
400409 7.55246e+006 22.0424
400409 7.55246e+006 22.021
400410 7.55246e+006 22.021
400410 7.55246e+006 22.0424
400410 7.55246e+006 22.0424
400409 7.55246e+006 22.0424
400409 7.55246e+006 22.021
400410 7.55246e+006 22.021
400410 7.55246e+006 22.021
400410 7.55246e+006 22.0424
400410 7.55246e+006 22.0424
400410 7.55246e+006 22.0424
400410 7.55246e+006 22.021
400410 7.55246e+006 22.021
400409 7.55246e+006 22.021
400409 7.55246e+006 22.0424
400409 7.55246e+006 22.0424
400410 7.55246e+006 22.0424
400410 7.55246e+006 22.021
400409 7.55246e+006 22.021
400409 7.55246e+006 22.021
400409 7.55246e+006 22.0424
400409 7.55246e+006 22.0424
400409 7.55246e+006 22.0424
400409 7.55246e+006 22.021
400409 7.55246e+006 22.2872
400409 7.55246e+006 22.2872
400410 7.55246e+006 22.2872
400410 7.55246e+006 22.2872
400410 7.55246e+006 22.2872
400409 7.55246e+006 22.2872
400409 7.55246e+006 22.3085
400410 7.55246e+006 22.3085
400410 7.55246e+006 22.3085
400410 7.55246e+006 22.3085
400409 7.55246e+006 22.3085
400409 7.55246e+006 22.3085
400409 7.55246e+006 22.2872
400410 7.55246e+006 22.2872
400410 7.55246e+006 22.3085
400410 7.55246e+006 22.3085
400409 7.55246e+006 22.3085
400409 7.55246e+006 22.2872
400410 7.55246e+006 22.2872
400410 7.55246e+006 22.2872
400410 7.55246e+006 22.3085
400410 7.55246e+006 22.3085
400410 7.55246e+006 22.3085
400410 7.55246e+006 22.2872
400410 7.55246e+006 22.2872
400409 7.55246e+006 22.2872
400409 7.55246e+006 22.3085
400409 7.55246e+006 22.3085
400410 7.55246e+006 22.3085
400410 7.55246e+006 22.2872
400409 7.55246e+006 22.2872
400409 7.55246e+006 22.2872
400409 7.55246e+006 22.3085
400409 7.55246e+006 22.3085
400409 7.55246e+006 22.3085
400409 7.55246e+006 22.2872
400409 7.55246e+006 22.5534
400409 7.55246e+006 22.5534
400410 7.55246e+006 22.5534
400410 7.55246e+006 22.5534
400410 7.55246e+006 22.5534
400409 7.55246e+006 22.5534
400409 7.55246e+006 22.5747
400410 7.55246e+006 22.5747
400410 7.55246e+006 22.5747
400410 7.55246e+006 22.5747
400409 7.55246e+006 22.5747
400409 7.55246e+006 22.5747
400409 7.55246e+006 22.5534
400410 7.55246e+006 22.5534
400410 7.55246e+006 22.5747
400410 7.55246e+006 22.5747
400409 7.55246e+006 22.5747
400409 7.55246e+006 22.5534
400410 7.55246e+006 22.5534
400410 7.55246e+006 22.5534
400410 7.55246e+006 22.5747
400410 7.55246e+006 22.5747
400410 7.55246e+006 22.5747
400410 7.55246e+006 22.5534
400410 7.55246e+006 22.5534
400409 7.55246e+006 22.5534
400409 7.55246e+006 22.5747
400409 7.55246e+006 22.5747
400410 7.55246e+006 22.5747
400410 7.55246e+006 22.5534
400409 7.55246e+006 22.5534
400409 7.55246e+006 22.5534
400409 7.55246e+006 22.5747
400409 7.55246e+006 22.5747
400409 7.55246e+006 22.5747
400409 7.55246e+006 22.5534
400409 7.55246e+006 22.8195
400409 7.55246e+006 22.8195
400410 7.55246e+006 22.8195
400410 7.55246e+006 22.8195
400410 7.55246e+006 22.8195
400409 7.55246e+006 22.8195
400409 7.55246e+006 22.8408
400410 7.55246e+006 22.8408
400410 7.55246e+006 22.8408
400410 7.55246e+006 22.8408
400409 7.55246e+006 22.8408
400409 7.55246e+006 22.8408
400409 7.55246e+006 22.8195
400410 7.55246e+006 22.8195
400410 7.55246e+006 22.8408
400410 7.55246e+006 22.8408
400409 7.55246e+006 22.8408
400409 7.55246e+006 22.8195
400410 7.55246e+006 22.8195
400410 7.55246e+006 22.8195
400410 7.55246e+006 22.8408
400410 7.55246e+006 22.8408
400410 7.55246e+006 22.8408
400410 7.55246e+006 22.8195
400410 7.55246e+006 22.8195
400409 7.55246e+006 22.8195
400409 7.55246e+006 22.8408
400409 7.55246e+006 22.8408
400410 7.55246e+006 22.8408
400410 7.55246e+006 22.8195
400409 7.55246e+006 22.8195
400409 7.55246e+006 22.8195
400409 7.55246e+006 22.8408
400409 7.55246e+006 22.8408
400409 7.55246e+006 22.8408
400409 7.55246e+006 22.8195
400409 7.55246e+006 23.0857
400409 7.55246e+006 23.0857
400410 7.55246e+006 23.0857
400410 7.55246e+006 23.0857
400410 7.55246e+006 23.0857
400409 7.55246e+006 23.0857
400409 7.55246e+006 23.107
400410 7.55246e+006 23.107
400410 7.55246e+006 23.107
400410 7.55246e+006 23.107
400409 7.55246e+006 23.107
400409 7.55246e+006 23.107
400409 7.55246e+006 23.0857
400410 7.55246e+006 23.0857
400410 7.55246e+006 23.107
400410 7.55246e+006 23.107
400409 7.55246e+006 23.107
400409 7.55246e+006 23.0857
400410 7.55246e+006 23.0857
400410 7.55246e+006 23.0857
400410 7.55246e+006 23.107
400410 7.55246e+006 23.107
400410 7.55246e+006 23.107
400410 7.55246e+006 23.0857
400410 7.55246e+006 23.0857
400409 7.55246e+006 23.0857
400409 7.55246e+006 23.107
400409 7.55246e+006 23.107
400410 7.55246e+006 23.107
400410 7.55246e+006 23.0857
400409 7.55246e+006 23.0857
400409 7.55246e+006 23.0857
400409 7.55246e+006 23.107
400409 7.55246e+006 23.107
400409 7.55246e+006 23.107
400409 7.55246e+006 23.0857
400409 7.55246e+006 23.3518
400409 7.55246e+006 23.3518
400410 7.55246e+006 23.3518
400410 7.55246e+006 23.3518
400410 7.55246e+006 23.3518
400409 7.55246e+006 23.3518
400409 7.55246e+006 23.3732
400410 7.55246e+006 23.3732
400410 7.55246e+006 23.3732
400410 7.55246e+006 23.3732
400409 7.55246e+006 23.3732
400409 7.55246e+006 23.3732
400409 7.55246e+006 23.3518
400410 7.55246e+006 23.3518
400410 7.55246e+006 23.3732
400410 7.55246e+006 23.3732
400409 7.55246e+006 23.3732
400409 7.55246e+006 23.3518
400410 7.55246e+006 23.3518
400410 7.55246e+006 23.3518
400410 7.55246e+006 23.3732
400410 7.55246e+006 23.3732
400410 7.55246e+006 23.3732
400410 7.55246e+006 23.3518
400410 7.55246e+006 23.3518
400409 7.55246e+006 23.3518
400409 7.55246e+006 23.3732
400409 7.55246e+006 23.3732
400410 7.55246e+006 23.3732
400410 7.55246e+006 23.3518
400409 7.55246e+006 23.3518
400409 7.55246e+006 23.3518
400409 7.55246e+006 23.3732
400409 7.55246e+006 23.3732
400409 7.55246e+006 23.3732
400409 7.55246e+006 23.3518
400410 7.55246e+006 23.6674
400409 7.55246e+006 23.6674
400409 7.55246e+006 23.632
400409 7.55246e+006 23.632
400410 7.55246e+006 23.632
400410 7.55246e+006 23.6674
400394 7.55246e+006 23.6674
400394 7.55247e+006 23.6674
400394 7.55247e+006 23.6267
400394 7.55247e+006 23.6267
400394 7.55246e+006 23.6267
400394 7.55246e+006 23.6674
400419 7.55246e+006 29.359
400419 7.55246e+006 29.359
400420 7.55246e+006 29.359
400419 7.55246e+006 29.359
400420 7.55246e+006 29.359
400421 7.55246e+006 29.359
400419 7.55246e+006 29.359
400421 7.55246e+006 29.359
400420 7.55246e+006 29.359
400419 7.55246e+006 29.359
400419 7.55246e+006 29.359
400421 7.55246e+006 29.359
400419 7.55246e+006 29.359
400421 7.55246e+006 29.359
400421 7.55246e+006 29.359
400419 7.55246e+006 29.359
400421 7.55246e+006 29.359
400420 7.55246e+006 29.359
400421 7.55247e+006 24.2797
400423 7.55247e+006 24.2797
400423 7.55248e+006 24.2797
400423 7.55248e+006 24.2797
400421 7.55248e+006 24.2797
400421 7.55247e+006 24.2797
400421 7.55247e+006 24.2797
400421 7.55248e+006 24.2797
400421 7.55248e+006 24.2662
400421 7.55248e+006 24.2662
400421 7.55247e+006 24.2662
400421 7.55247e+006 24.2797
400421 7.55248e+006 24.2797
400423 7.55248e+006 24.2797
400423 7.55248e+006 24.2662
400423 7.55248e+006 24.2662
400421 7.55248e+006 24.2662
400421 7.55248e+006 24.2797
400423 7.55248e+006 24.2797
400423 7.55247e+006 24.2797
400423 7.55247e+006 24.2662
400423 7.55247e+006 24.2662
400423 7.55248e+006 24.2662
400423 7.55248e+006 24.2797
400423 7.55247e+006 24.2797
400421 7.55247e+006 24.2797
400421 7.55247e+006 24.2662
400421 7.55247e+006 24.2662
400423 7.55247e+006 24.2662
400423 7.55247e+006 24.2797
400423 7.55248e+006 24.2662
400423 7.55247e+006 24.2662
400421 7.55247e+006 24.2662
400421 7.55247e+006 24.2662
400421 7.55248e+006 24.2662
400423 7.55248e+006 24.2662
400408 7.55247e+006 28.9493
400408 7.55247e+006 28.9493
400408 7.55247e+006 28.9493
400408 7.55247e+006 28.9493
400408 7.55247e+006 28.9493
400408 7.55247e+006 28.9493
400408 7.55247e+006 28.9706
400408 7.55247e+006 28.9706
400408 7.55247e+006 28.9706
400408 7.55247e+006 28.9706
400408 7.55247e+006 28.9706
400408 7.55247e+006 28.9706
400408 7.55247e+006 28.9493
400408 7.55247e+006 28.9493
400408 7.55247e+006 28.9706
400408 7.55247e+006 28.9706
400408 7.55247e+006 28.9706
400408 7.55247e+006 28.9493
400408 7.55247e+006 28.9493
400408 7.55247e+006 28.9493
400408 7.55247e+006 28.9706
400408 7.55247e+006 28.9706
400408 7.55247e+006 28.9706
400408 7.55247e+006 28.9493
400408 7.55247e+006 28.9493
400408 7.55247e+006 28.9493
400408 7.55247e+006 28.9706
400408 7.55247e+006 28.9706
400408 7.55247e+006 28.9706
400408 7.55247e+006 28.9493
400408 7.55247e+006 28.9493
400408 7.55247e+006 28.9493
400408 7.55247e+006 28.9706
400408 7.55247e+006 28.9706
400408 7.55247e+006 28.9706
400408 7.55247e+006 28.9493
400407 7.55247e+006 28.6781
400408 7.55247e+006 28.6781
400408 7.55247e+006 28.6781
400408 7.55247e+006 28.6781
400407 7.55247e+006 28.6781
400407 7.55247e+006 28.6781
400407 7.55247e+006 28.6995
400407 7.55247e+006 28.6994
400408 7.55247e+006 28.6994
400408 7.55247e+006 28.6994
400408 7.55247e+006 28.6995
400407 7.55247e+006 28.6995
400407 7.55247e+006 28.6781
400407 7.55247e+006 28.6781
400407 7.55247e+006 28.6994
400407 7.55247e+006 28.6994
400407 7.55247e+006 28.6995
400407 7.55247e+006 28.6781
400407 7.55247e+006 28.6781
400408 7.55247e+006 28.6781
400408 7.55247e+006 28.6994
400408 7.55247e+006 28.6994
400407 7.55247e+006 28.6994
400407 7.55247e+006 28.6781
400408 7.55247e+006 28.6781
400408 7.55247e+006 28.6781
400408 7.55247e+006 28.6995
400408 7.55247e+006 28.6995
400408 7.55247e+006 28.6994
400408 7.55247e+006 28.6781
400408 7.55247e+006 28.6781
400407 7.55247e+006 28.6781
400407 7.55247e+006 28.6995
400407 7.55247e+006 28.6995
400408 7.55247e+006 28.6995
400408 7.55247e+006 28.6781
400407 7.55247e+006 28.3999
400407 7.55247e+006 28.3999
400407 7.55247e+006 28.3999
400407 7.55247e+006 28.3999
400407 7.55247e+006 28.3999
400407 7.55247e+006 28.3999
400407 7.55247e+006 28.4212
400407 7.55247e+006 28.4212
400407 7.55247e+006 28.4212
400407 7.55247e+006 28.4212
400407 7.55247e+006 28.4212
400407 7.55247e+006 28.4212
400407 7.55247e+006 28.3999
400407 7.55247e+006 28.3999
400407 7.55247e+006 28.4212
400407 7.55247e+006 28.4212
400407 7.55247e+006 28.4212
400407 7.55247e+006 28.3999
400407 7.55247e+006 28.3999
400407 7.55247e+006 28.3999
400407 7.55247e+006 28.4212
400407 7.55247e+006 28.4212
400407 7.55247e+006 28.4212
400407 7.55247e+006 28.3999
400407 7.55247e+006 28.3999
400407 7.55247e+006 28.3999
400407 7.55247e+006 28.4212
400407 7.55247e+006 28.4212
400407 7.55247e+006 28.4212
400407 7.55247e+006 28.3999
400407 7.55247e+006 28.3999
400407 7.55247e+006 28.3999
400407 7.55247e+006 28.4212
400407 7.55247e+006 28.4212
400407 7.55247e+006 28.4212
400407 7.55247e+006 28.3999
400407 7.55247e+006 28.1217
400407 7.55247e+006 28.1217
400407 7.55247e+006 28.1217
400407 7.55247e+006 28.1217
400407 7.55247e+006 28.1217
400407 7.55247e+006 28.1217
400407 7.55247e+006 28.143
400407 7.55247e+006 28.143
400407 7.55247e+006 28.143
400407 7.55247e+006 28.143
400407 7.55247e+006 28.143
400407 7.55247e+006 28.143
400407 7.55247e+006 28.1217
400407 7.55247e+006 28.1217
400407 7.55247e+006 28.143
400407 7.55247e+006 28.143
400407 7.55247e+006 28.143
400407 7.55247e+006 28.1217
400407 7.55247e+006 28.1217
400407 7.55247e+006 28.1217
400407 7.55247e+006 28.143
400407 7.55247e+006 28.143
400407 7.55247e+006 28.143
400407 7.55247e+006 28.1217
400407 7.55247e+006 28.1217
400407 7.55247e+006 28.1217
400407 7.55247e+006 28.143
400407 7.55247e+006 28.143
400407 7.55247e+006 28.143
400407 7.55247e+006 28.1217
400407 7.55247e+006 28.1217
400407 7.55247e+006 28.1217
400407 7.55247e+006 28.143
400407 7.55247e+006 28.143
400407 7.55247e+006 28.143
400407 7.55247e+006 28.1217
400421 7.55244e+006 28.4182
400421 7.55244e+006 28.4182
400422 7.55244e+006 28.4182
400422 7.55244e+006 28.4182
400422 7.55244e+006 28.4182
400421 7.55244e+006 28.4182
400422 7.55244e+006 29.0345
400421 7.55244e+006 29.0345
400421 7.55244e+006 29.0345
400421 7.55244e+006 29.0345
400422 7.55244e+006 29.0345
400422 7.55244e+006 29.0345
400421 7.55244e+006 28.9972
400422 7.55244e+006 28.9972
400422 7.55244e+006 29.0345
400422 7.55244e+006 29.0345
400421 7.55244e+006 29.0345
400421 7.55244e+006 28.9972
400422 7.55244e+006 28.9972
400422 7.55244e+006 28.9972
400422 7.55244e+006 29.0345
400422 7.55244e+006 29.0345
400422 7.55244e+006 29.0345
400422 7.55244e+006 28.9972
400422 7.55244e+006 28.9972
400421 7.55244e+006 28.9972
400421 7.55244e+006 29.0345
400421 7.55244e+006 29.0345
400422 7.55244e+006 29.0345
400422 7.55244e+006 28.9972
400421 7.55244e+006 28.9972
400421 7.55244e+006 28.9972
400421 7.55244e+006 29.0345
400421 7.55244e+006 29.0345
400421 7.55244e+006 29.0345
400421 7.55244e+006 28.9972
400421 7.55244e+006 28.9972
400422 7.55244e+006 28.9972
400422 7.55244e+006 28.9972
400422 7.55244e+006 28.9972
400421 7.55244e+006 28.9972
400421 7.55244e+006 28.9972
400422 7.55244e+006 28.2304
400421 7.55244e+006 28.2304
400421 7.55244e+006 28.2304
400421 7.55244e+006 28.2304
400422 7.55244e+006 28.2304
400422 7.55244e+006 28.2304
400421 7.55244e+006 28.1931
400422 7.55244e+006 28.1931
400422 7.55244e+006 28.2304
400422 7.55244e+006 28.2304
400421 7.55244e+006 28.2304
400421 7.55244e+006 28.1931
400422 7.55244e+006 28.1931
400422 7.55244e+006 28.1931
400422 7.55244e+006 28.2304
400422 7.55244e+006 28.2304
400422 7.55244e+006 28.2304
400422 7.55244e+006 28.1931
400422 7.55244e+006 28.1931
400421 7.55244e+006 28.1931
400421 7.55244e+006 28.2304
400421 7.55244e+006 28.2304
400422 7.55244e+006 28.2304
400422 7.55244e+006 28.1931
400421 7.55244e+006 28.1931
400421 7.55244e+006 28.1931
400421 7.55244e+006 28.2304
400421 7.55244e+006 28.2304
400421 7.55244e+006 28.2304
400421 7.55244e+006 28.1931
400421 7.55244e+006 28.1931
400422 7.55244e+006 28.1931
400422 7.55244e+006 28.1931
400422 7.55244e+006 28.1931
400421 7.55244e+006 28.1931
400421 7.55244e+006 28.1931
400422 7.55244e+006 27.6308
400421 7.55244e+006 27.6308
400421 7.55244e+006 27.6308
400421 7.55244e+006 27.6308
400422 7.55244e+006 27.6308
400422 7.55244e+006 27.6308
400421 7.55244e+006 27.5935
400422 7.55244e+006 27.5935
400422 7.55244e+006 27.6308
400422 7.55244e+006 27.6308
400421 7.55244e+006 27.6308
400421 7.55244e+006 27.5935
400422 7.55244e+006 27.5935
400422 7.55244e+006 27.5935
400422 7.55244e+006 27.6308
400422 7.55244e+006 27.6308
400422 7.55244e+006 27.6308
400422 7.55244e+006 27.5935
400422 7.55244e+006 27.5935
400421 7.55244e+006 27.5935
400421 7.55244e+006 27.6308
400421 7.55244e+006 27.6308
400422 7.55244e+006 27.6308
400422 7.55244e+006 27.5935
400421 7.55244e+006 27.5935
400421 7.55244e+006 27.5935
400421 7.55244e+006 27.6308
400421 7.55244e+006 27.6308
400421 7.55244e+006 27.6308
400421 7.55244e+006 27.5935
400421 7.55244e+006 27.5935
400422 7.55244e+006 27.5935
400422 7.55244e+006 27.5935
400422 7.55244e+006 27.5935
400421 7.55244e+006 27.5935
400421 7.55244e+006 27.5935
400422 7.55244e+006 28.0306
400421 7.55244e+006 28.0306
400421 7.55244e+006 28.0306
400421 7.55244e+006 28.0306
400422 7.55244e+006 28.0306
400422 7.55244e+006 28.0306
400421 7.55244e+006 27.9932
400422 7.55244e+006 27.9932
400422 7.55244e+006 28.0306
400422 7.55244e+006 28.0306
400421 7.55244e+006 28.0306
400421 7.55244e+006 27.9932
400422 7.55244e+006 27.9932
400422 7.55244e+006 27.9932
400422 7.55244e+006 28.0306
400422 7.55244e+006 28.0306
400422 7.55244e+006 28.0306
400422 7.55244e+006 27.9932
400422 7.55244e+006 27.9932
400421 7.55244e+006 27.9932
400421 7.55244e+006 28.0306
400421 7.55244e+006 28.0306
400422 7.55244e+006 28.0306
400422 7.55244e+006 27.9932
400421 7.55244e+006 27.9932
400421 7.55244e+006 27.9932
400421 7.55244e+006 28.0306
400421 7.55244e+006 28.0306
400421 7.55244e+006 28.0306
400421 7.55244e+006 27.9932
400421 7.55244e+006 27.9932
400422 7.55244e+006 27.9932
400422 7.55244e+006 27.9932
400422 7.55244e+006 27.9932
400421 7.55244e+006 27.9932
400421 7.55244e+006 27.9932
400422 7.55244e+006 27.431
400421 7.55244e+006 27.431
400421 7.55244e+006 27.431
400421 7.55244e+006 27.431
400422 7.55244e+006 27.431
400422 7.55244e+006 27.431
400421 7.55244e+006 27.3936
400422 7.55244e+006 27.3936
400422 7.55244e+006 27.431
400422 7.55244e+006 27.431
400421 7.55244e+006 27.431
400421 7.55244e+006 27.3936
400422 7.55244e+006 27.3936
400422 7.55244e+006 27.3936
400422 7.55244e+006 27.431
400422 7.55244e+006 27.431
400422 7.55244e+006 27.431
400422 7.55244e+006 27.3936
400422 7.55244e+006 27.3936
400421 7.55244e+006 27.3936
400421 7.55244e+006 27.431
400421 7.55244e+006 27.431
400422 7.55244e+006 27.431
400422 7.55244e+006 27.3936
400421 7.55244e+006 27.3936
400421 7.55244e+006 27.3936
400421 7.55244e+006 27.431
400421 7.55244e+006 27.431
400421 7.55244e+006 27.431
400421 7.55244e+006 27.3936
400421 7.55244e+006 27.3936
400422 7.55244e+006 27.3936
400422 7.55244e+006 27.3936
400422 7.55244e+006 27.3936
400421 7.55244e+006 27.3936
400421 7.55244e+006 27.3936
400422 7.55244e+006 27.8307
400421 7.55244e+006 27.8307
400421 7.55244e+006 27.8307
400421 7.55244e+006 27.8307
400422 7.55244e+006 27.8307
400422 7.55244e+006 27.8307
400421 7.55244e+006 27.7933
400422 7.55244e+006 27.7933
400422 7.55244e+006 27.8307
400422 7.55244e+006 27.8307
400421 7.55244e+006 27.8307
400421 7.55244e+006 27.7933
400422 7.55244e+006 27.7933
400422 7.55244e+006 27.7933
400422 7.55244e+006 27.8307
400422 7.55244e+006 27.8307
400422 7.55244e+006 27.8307
400422 7.55244e+006 27.7933
400422 7.55244e+006 27.7933
400421 7.55244e+006 27.7933
400421 7.55244e+006 27.8307
400421 7.55244e+006 27.8307
400422 7.55244e+006 27.8307
400422 7.55244e+006 27.7933
400421 7.55244e+006 27.7933
400421 7.55244e+006 27.7933
400421 7.55244e+006 27.8307
400421 7.55244e+006 27.8307
400421 7.55244e+006 27.8307
400421 7.55244e+006 27.7933
400421 7.55244e+006 27.7933
400422 7.55244e+006 27.7933
400422 7.55244e+006 27.7933
400422 7.55244e+006 27.7933
400421 7.55244e+006 27.7933
400421 7.55244e+006 27.7933
400422 7.55244e+006 27.2311
400421 7.55244e+006 27.2311
400421 7.55244e+006 27.2311
400421 7.55244e+006 27.2311
400422 7.55244e+006 27.2311
400422 7.55244e+006 27.2311
400421 7.55244e+006 27.1938
400422 7.55244e+006 27.1938
400422 7.55244e+006 27.2311
400422 7.55244e+006 27.2311
400421 7.55244e+006 27.2311
400421 7.55244e+006 27.1938
400422 7.55244e+006 27.1938
400422 7.55244e+006 27.1938
400422 7.55244e+006 27.2311
400422 7.55244e+006 27.2311
400422 7.55244e+006 27.2311
400422 7.55244e+006 27.1938
400422 7.55244e+006 27.1938
400421 7.55244e+006 27.1938
400421 7.55244e+006 27.2311
400421 7.55244e+006 27.2311
400422 7.55244e+006 27.2311
400422 7.55244e+006 27.1938
400421 7.55244e+006 27.1938
400421 7.55244e+006 27.1938
400421 7.55244e+006 27.2311
400421 7.55244e+006 27.2311
400421 7.55244e+006 27.2311
400421 7.55244e+006 27.1938
400421 7.55244e+006 27.1938
400422 7.55244e+006 27.1938
400422 7.55244e+006 27.1938
400422 7.55244e+006 27.1938
400421 7.55244e+006 27.1938
400421 7.55244e+006 27.1938
400422 7.55244e+006 27.0312
400421 7.55244e+006 27.0312
400421 7.55244e+006 27.0312
400421 7.55244e+006 27.0312
400422 7.55244e+006 27.0312
400422 7.55244e+006 27.0312
400421 7.55244e+006 26.9939
400422 7.55244e+006 26.9939
400422 7.55244e+006 27.0312
400422 7.55244e+006 27.0312
400421 7.55244e+006 27.0312
400421 7.55244e+006 26.9939
400422 7.55244e+006 26.9939
400422 7.55244e+006 26.9939
400422 7.55244e+006 27.0312
400422 7.55244e+006 27.0312
400422 7.55244e+006 27.0312
400422 7.55244e+006 26.9939
400422 7.55244e+006 26.9939
400421 7.55244e+006 26.9939
400421 7.55244e+006 27.0312
400421 7.55244e+006 27.0312
400422 7.55244e+006 27.0312
400422 7.55244e+006 26.9939
400421 7.55244e+006 26.9939
400421 7.55244e+006 26.9939
400421 7.55244e+006 27.0312
400421 7.55244e+006 27.0312
400421 7.55244e+006 27.0312
400421 7.55244e+006 26.9939
400421 7.55244e+006 26.9939
400422 7.55244e+006 26.9939
400422 7.55244e+006 26.9939
400422 7.55244e+006 26.9939
400421 7.55244e+006 26.9939
400421 7.55244e+006 26.9939
400422 7.55244e+006 26.8314
400421 7.55244e+006 26.8314
400421 7.55244e+006 26.8314
400421 7.55244e+006 26.8314
400422 7.55244e+006 26.8314
400422 7.55244e+006 26.8314
400421 7.55244e+006 26.794
400422 7.55244e+006 26.794
400422 7.55244e+006 26.8314
400422 7.55244e+006 26.8314
400421 7.55244e+006 26.8314
400421 7.55244e+006 26.794
400422 7.55244e+006 26.794
400422 7.55244e+006 26.794
400422 7.55244e+006 26.8314
400422 7.55244e+006 26.8314
400422 7.55244e+006 26.8314
400422 7.55244e+006 26.794
400422 7.55244e+006 26.794
400421 7.55244e+006 26.794
400421 7.55244e+006 26.8314
400421 7.55244e+006 26.8314
400422 7.55244e+006 26.8314
400422 7.55244e+006 26.794
400421 7.55244e+006 26.794
400421 7.55244e+006 26.794
400421 7.55244e+006 26.8314
400421 7.55244e+006 26.8314
400421 7.55244e+006 26.8314
400421 7.55244e+006 26.794
400421 7.55244e+006 26.794
400422 7.55244e+006 26.794
400422 7.55244e+006 26.794
400422 7.55244e+006 26.794
400421 7.55244e+006 26.794
400421 7.55244e+006 26.794
400422 7.55244e+006 26.6315
400421 7.55244e+006 26.6315
400421 7.55244e+006 26.6315
400421 7.55244e+006 26.6315
400422 7.55244e+006 26.6315
400422 7.55244e+006 26.6315
400421 7.55244e+006 26.5942
400422 7.55244e+006 26.5942
400422 7.55244e+006 26.6315
400422 7.55244e+006 26.6315
400421 7.55244e+006 26.6315
400421 7.55244e+006 26.5942
400422 7.55244e+006 26.5942
400422 7.55244e+006 26.5942
400422 7.55244e+006 26.6315
400422 7.55244e+006 26.6315
400422 7.55244e+006 26.6315
400422 7.55244e+006 26.5942
400422 7.55244e+006 26.5942
400421 7.55244e+006 26.5942
400421 7.55244e+006 26.6315
400421 7.55244e+006 26.6315
400422 7.55244e+006 26.6315
400422 7.55244e+006 26.5942
400421 7.55244e+006 26.5942
400421 7.55244e+006 26.5942
400421 7.55244e+006 26.6315
400421 7.55244e+006 26.6315
400421 7.55244e+006 26.6315
400421 7.55244e+006 26.5942
400421 7.55244e+006 26.5942
400422 7.55244e+006 26.5942
400422 7.55244e+006 26.5942
400422 7.55244e+006 26.5942
400421 7.55244e+006 26.5942
400421 7.55244e+006 26.5942
400422 7.55243e+006 30.2337
400421 7.55243e+006 30.2337
400421 7.55243e+006 30.2337
400421 7.55243e+006 30.2337
400422 7.55243e+006 30.2337
400422 7.55243e+006 30.2337
400421 7.55243e+006 30.1963
400422 7.55243e+006 30.1963
400422 7.55243e+006 30.2337
400422 7.55243e+006 30.2337
400421 7.55243e+006 30.2337
400421 7.55243e+006 30.1963
400422 7.55243e+006 30.1963
400422 7.55243e+006 30.1963
400422 7.55243e+006 30.2337
400422 7.55243e+006 30.2337
400422 7.55243e+006 30.2337
400422 7.55243e+006 30.1963
400422 7.55243e+006 30.1963
400421 7.55243e+006 30.1963
400421 7.55243e+006 30.2337
400421 7.55243e+006 30.2337
400422 7.55243e+006 30.2337
400422 7.55243e+006 30.1963
400421 7.55243e+006 30.1963
400421 7.55243e+006 30.1963
400421 7.55243e+006 30.2337
400421 7.55243e+006 30.2337
400421 7.55243e+006 30.2337
400421 7.55243e+006 30.1963
400421 7.55243e+006 30.1963
400422 7.55243e+006 30.1963
400422 7.55243e+006 30.1963
400422 7.55243e+006 30.1963
400421 7.55243e+006 30.1963
400421 7.55243e+006 30.1963
400422 7.55244e+006 29.6341
400421 7.55244e+006 29.6341
400421 7.55244e+006 29.6341
400421 7.55244e+006 29.6341
400422 7.55244e+006 29.6341
400422 7.55244e+006 29.6341
400421 7.55244e+006 29.5968
400422 7.55244e+006 29.5968
400422 7.55244e+006 29.6341
400422 7.55244e+006 29.6341
400421 7.55244e+006 29.6341
400421 7.55244e+006 29.5968
400422 7.55244e+006 29.5968
400422 7.55244e+006 29.5968
400422 7.55244e+006 29.6341
400422 7.55244e+006 29.6341
400422 7.55244e+006 29.6341
400422 7.55244e+006 29.5968
400422 7.55244e+006 29.5968
400421 7.55244e+006 29.5968
400421 7.55244e+006 29.6341
400421 7.55244e+006 29.6341
400422 7.55244e+006 29.6341
400422 7.55244e+006 29.5968
400421 7.55244e+006 29.5968
400421 7.55244e+006 29.5968
400421 7.55244e+006 29.6341
400421 7.55244e+006 29.6341
400421 7.55244e+006 29.6341
400421 7.55244e+006 29.5968
400421 7.55244e+006 29.5968
400422 7.55244e+006 29.5968
400422 7.55244e+006 29.5968
400422 7.55244e+006 29.5968
400421 7.55244e+006 29.5968
400421 7.55244e+006 29.5968
400422 7.55243e+006 30.0338
400421 7.55243e+006 30.0338
400421 7.55243e+006 30.0338
400421 7.55243e+006 30.0338
400422 7.55243e+006 30.0338
400422 7.55243e+006 30.0338
400421 7.55243e+006 29.9965
400422 7.55243e+006 29.9965
400422 7.55243e+006 30.0338
400422 7.55243e+006 30.0338
400421 7.55243e+006 30.0338
400421 7.55243e+006 29.9965
400422 7.55243e+006 29.9965
400422 7.55243e+006 29.9965
400422 7.55243e+006 30.0338
400422 7.55243e+006 30.0338
400422 7.55243e+006 30.0338
400422 7.55243e+006 29.9965
400422 7.55243e+006 29.9965
400421 7.55243e+006 29.9965
400421 7.55243e+006 30.0338
400421 7.55243e+006 30.0338
400422 7.55243e+006 30.0338
400422 7.55243e+006 29.9965
400421 7.55243e+006 29.9965
400421 7.55243e+006 29.9965
400421 7.55243e+006 30.0338
400421 7.55243e+006 30.0338
400421 7.55243e+006 30.0338
400421 7.55243e+006 29.9965
400421 7.55243e+006 29.9965
400422 7.55243e+006 29.9965
400422 7.55243e+006 29.9965
400422 7.55243e+006 29.9965
400421 7.55243e+006 29.9965
400421 7.55243e+006 29.9965
400422 7.55244e+006 29.4343
400421 7.55244e+006 29.4343
400421 7.55244e+006 29.4343
400421 7.55244e+006 29.4343
400422 7.55244e+006 29.4343
400422 7.55244e+006 29.4343
400421 7.55244e+006 29.3969
400422 7.55244e+006 29.3969
400422 7.55244e+006 29.4343
400422 7.55244e+006 29.4343
400421 7.55244e+006 29.4343
400421 7.55244e+006 29.3969
400422 7.55244e+006 29.3969
400422 7.55244e+006 29.3969
400422 7.55244e+006 29.4343
400422 7.55244e+006 29.4343
400422 7.55244e+006 29.4343
400422 7.55244e+006 29.3969
400422 7.55244e+006 29.3969
400421 7.55244e+006 29.3969
400421 7.55244e+006 29.4343
400421 7.55244e+006 29.4343
400422 7.55244e+006 29.4343
400422 7.55244e+006 29.3969
400421 7.55244e+006 29.3969
400421 7.55244e+006 29.3969
400421 7.55244e+006 29.4343
400421 7.55244e+006 29.4343
400421 7.55244e+006 29.4343
400421 7.55244e+006 29.3969
400421 7.55244e+006 29.3969
400422 7.55244e+006 29.3969
400422 7.55244e+006 29.3969
400422 7.55244e+006 29.3969
400421 7.55244e+006 29.3969
400421 7.55244e+006 29.3969
400422 7.55244e+006 29.834
400421 7.55244e+006 29.834
400421 7.55243e+006 29.834
400421 7.55243e+006 29.834
400422 7.55243e+006 29.834
400422 7.55244e+006 29.834
400421 7.55243e+006 29.7966
400422 7.55243e+006 29.7966
400422 7.55243e+006 29.834
400422 7.55243e+006 29.834
400421 7.55243e+006 29.834
400421 7.55243e+006 29.7966
400422 7.55243e+006 29.7966
400422 7.55244e+006 29.7966
400422 7.55244e+006 29.834
400422 7.55244e+006 29.834
400422 7.55243e+006 29.834
400422 7.55243e+006 29.7966
400422 7.55244e+006 29.7966
400421 7.55244e+006 29.7966
400421 7.55244e+006 29.834
400421 7.55244e+006 29.834
400422 7.55244e+006 29.834
400422 7.55244e+006 29.7966
400421 7.55244e+006 29.7966
400421 7.55243e+006 29.7966
400421 7.55243e+006 29.834
400421 7.55243e+006 29.834
400421 7.55244e+006 29.834
400421 7.55244e+006 29.7966
400421 7.55244e+006 29.7966
400422 7.55244e+006 29.7966
400422 7.55243e+006 29.7966
400422 7.55243e+006 29.7966
400421 7.55243e+006 29.7966
400421 7.55244e+006 29.7966
400422 7.55244e+006 29.2344
400421 7.55244e+006 29.2344
400421 7.55244e+006 29.2344
400421 7.55244e+006 29.2344
400422 7.55244e+006 29.2344
400422 7.55244e+006 29.2344
400421 7.55244e+006 29.197
400422 7.55244e+006 29.197
400422 7.55244e+006 29.2344
400422 7.55244e+006 29.2344
400421 7.55244e+006 29.2344
400421 7.55244e+006 29.197
400422 7.55244e+006 29.197
400422 7.55244e+006 29.197
400422 7.55244e+006 29.2344
400422 7.55244e+006 29.2344
400422 7.55244e+006 29.2344
400422 7.55244e+006 29.197
400422 7.55244e+006 29.197
400421 7.55244e+006 29.197
400421 7.55244e+006 29.2344
400421 7.55244e+006 29.2344
400422 7.55244e+006 29.2344
400422 7.55244e+006 29.197
400421 7.55244e+006 29.197
400421 7.55244e+006 29.197
400421 7.55244e+006 29.2344
400421 7.55244e+006 29.2344
400421 7.55244e+006 29.2344
400421 7.55244e+006 29.197
400421 7.55244e+006 29.197
400422 7.55244e+006 29.197
400422 7.55244e+006 29.197
400422 7.55244e+006 29.197
400421 7.55244e+006 29.197
400421 7.55244e+006 29.197
400422 7.55244e+006 28.8347
400421 7.55244e+006 28.8347
400421 7.55244e+006 28.8347
400421 7.55244e+006 28.8347
400422 7.55244e+006 28.8347
400422 7.55244e+006 28.8347
400421 7.55244e+006 28.7973
400422 7.55244e+006 28.7973
400422 7.55244e+006 28.8347
400422 7.55244e+006 28.8347
400421 7.55244e+006 28.8347
400421 7.55244e+006 28.7973
400422 7.55244e+006 28.7973
400422 7.55244e+006 28.7973
400422 7.55244e+006 28.8347
400422 7.55244e+006 28.8347
400422 7.55244e+006 28.8347
400422 7.55244e+006 28.7973
400422 7.55244e+006 28.7973
400421 7.55244e+006 28.7973
400421 7.55244e+006 28.8347
400421 7.55244e+006 28.8347
400422 7.55244e+006 28.8347
400422 7.55244e+006 28.7973
400421 7.55244e+006 28.7973
400421 7.55244e+006 28.7973
400421 7.55244e+006 28.8347
400421 7.55244e+006 28.8347
400421 7.55244e+006 28.8347
400421 7.55244e+006 28.7973
400421 7.55244e+006 28.7973
400422 7.55244e+006 28.7973
400422 7.55244e+006 28.7973
400422 7.55244e+006 28.7973
400421 7.55244e+006 28.7973
400421 7.55244e+006 28.7973
400422 7.55244e+006 28.5859
400421 7.55244e+006 28.5859
400421 7.55244e+006 28.5859
400421 7.55244e+006 28.5859
400422 7.55244e+006 28.5859
400422 7.55244e+006 28.5859
400421 7.55244e+006 28.5486
400422 7.55244e+006 28.5486
400422 7.55244e+006 28.5859
400422 7.55244e+006 28.5859
400421 7.55244e+006 28.5859
400421 7.55244e+006 28.5486
400422 7.55244e+006 28.5486
400422 7.55244e+006 28.5486
400422 7.55244e+006 28.5859
400422 7.55244e+006 28.5859
400422 7.55244e+006 28.5859
400422 7.55244e+006 28.5486
400422 7.55244e+006 28.5486
400421 7.55244e+006 28.5486
400421 7.55244e+006 28.5859
400421 7.55244e+006 28.5859
400422 7.55244e+006 28.5859
400422 7.55244e+006 28.5486
400421 7.55244e+006 28.5486
400421 7.55244e+006 28.5486
400421 7.55244e+006 28.5859
400421 7.55244e+006 28.5859
400421 7.55244e+006 28.5859
400421 7.55244e+006 28.5486
400421 7.55244e+006 28.5486
400422 7.55244e+006 28.5486
400422 7.55244e+006 28.5486
400422 7.55244e+006 28.5486
400421 7.55244e+006 28.5486
400421 7.55244e+006 28.5486
400422 7.55243e+006 31.2345
400421 7.55243e+006 31.2345
400421 7.55243e+006 31.2345
400421 7.55243e+006 31.2345
400422 7.55243e+006 31.2345
400422 7.55243e+006 31.2345
400421 7.55243e+006 31.1972
400422 7.55243e+006 31.1972
400422 7.55243e+006 31.2345
400422 7.55243e+006 31.2345
400421 7.55243e+006 31.2345
400421 7.55243e+006 31.1972
400422 7.55243e+006 31.1972
400422 7.55243e+006 31.1972
400422 7.55243e+006 31.2345
400422 7.55243e+006 31.2345
400422 7.55243e+006 31.2345
400422 7.55243e+006 31.1972
400422 7.55243e+006 31.1972
400421 7.55243e+006 31.1972
400421 7.55243e+006 31.2345
400421 7.55243e+006 31.2345
400422 7.55243e+006 31.2345
400422 7.55243e+006 31.1972
400421 7.55243e+006 31.1972
400421 7.55243e+006 31.1972
400421 7.55243e+006 31.2345
400421 7.55243e+006 31.2345
400421 7.55243e+006 31.2345
400421 7.55243e+006 31.1972
400421 7.55243e+006 31.1972
400422 7.55243e+006 31.1972
400422 7.55243e+006 31.1972
400422 7.55243e+006 31.1972
400421 7.55243e+006 31.1972
400421 7.55243e+006 31.1972
400422 7.55243e+006 31.0347
400421 7.55243e+006 31.0347
400421 7.55243e+006 31.0347
400421 7.55243e+006 31.0347
400422 7.55243e+006 31.0347
400422 7.55243e+006 31.0347
400421 7.55243e+006 30.9973
400422 7.55243e+006 30.9973
400422 7.55243e+006 31.0347
400422 7.55243e+006 31.0347
400421 7.55243e+006 31.0347
400421 7.55243e+006 30.9973
400422 7.55243e+006 30.9973
400422 7.55243e+006 30.9973
400422 7.55243e+006 31.0347
400422 7.55243e+006 31.0347
400422 7.55243e+006 31.0347
400422 7.55243e+006 30.9973
400422 7.55243e+006 30.9973
400421 7.55243e+006 30.9973
400421 7.55243e+006 31.0347
400421 7.55243e+006 31.0347
400422 7.55243e+006 31.0347
400422 7.55243e+006 30.9973
400421 7.55243e+006 30.9973
400421 7.55243e+006 30.9973
400421 7.55243e+006 31.0347
400421 7.55243e+006 31.0347
400421 7.55243e+006 31.0347
400421 7.55243e+006 30.9973
400421 7.55243e+006 30.9973
400422 7.55243e+006 30.9973
400422 7.55243e+006 30.9973
400422 7.55243e+006 30.9973
400421 7.55243e+006 30.9973
400421 7.55243e+006 30.9973
400422 7.55243e+006 30.8348
400421 7.55243e+006 30.8348
400421 7.55243e+006 30.8348
400421 7.55243e+006 30.8348
400422 7.55243e+006 30.8348
400422 7.55243e+006 30.8348
400421 7.55243e+006 30.7974
400422 7.55243e+006 30.7974
400422 7.55243e+006 30.8348
400422 7.55243e+006 30.8348
400421 7.55243e+006 30.8348
400421 7.55243e+006 30.7974
400422 7.55243e+006 30.7974
400422 7.55243e+006 30.7974
400422 7.55243e+006 30.8348
400422 7.55243e+006 30.8348
400422 7.55243e+006 30.8348
400422 7.55243e+006 30.7974
400422 7.55243e+006 30.7974
400421 7.55243e+006 30.7974
400421 7.55243e+006 30.8348
400421 7.55243e+006 30.8348
400422 7.55243e+006 30.8348
400422 7.55243e+006 30.7974
400421 7.55243e+006 30.7974
400421 7.55243e+006 30.7974
400421 7.55243e+006 30.8348
400421 7.55243e+006 30.8348
400421 7.55243e+006 30.8348
400421 7.55243e+006 30.7974
400421 7.55243e+006 30.7974
400422 7.55243e+006 30.7974
400422 7.55243e+006 30.7974
400422 7.55243e+006 30.7974
400421 7.55243e+006 30.7974
400421 7.55243e+006 30.7974
400422 7.55243e+006 30.6349
400421 7.55243e+006 30.6349
400421 7.55243e+006 30.6349
400421 7.55243e+006 30.6349
400422 7.55243e+006 30.6349
400422 7.55243e+006 30.6349
400421 7.55243e+006 30.5976
400422 7.55243e+006 30.5976
400422 7.55243e+006 30.6349
400422 7.55243e+006 30.6349
400421 7.55243e+006 30.6349
400421 7.55243e+006 30.5976
400422 7.55243e+006 30.5976
400422 7.55243e+006 30.5976
400422 7.55243e+006 30.6349
400422 7.55243e+006 30.6349
400422 7.55243e+006 30.6349
400422 7.55243e+006 30.5976
400422 7.55243e+006 30.5976
400421 7.55243e+006 30.5976
400421 7.55243e+006 30.6349
400421 7.55243e+006 30.6349
400422 7.55243e+006 30.6349
400422 7.55243e+006 30.5976
400421 7.55243e+006 30.5976
400421 7.55243e+006 30.5976
400421 7.55243e+006 30.6349
400421 7.55243e+006 30.6349
400421 7.55243e+006 30.6349
400421 7.55243e+006 30.5976
400421 7.55243e+006 30.5976
400422 7.55243e+006 30.5976
400422 7.55243e+006 30.5976
400422 7.55243e+006 30.5976
400421 7.55243e+006 30.5976
400421 7.55243e+006 30.5976
400422 7.55243e+006 30.4351
400421 7.55243e+006 30.4351
400421 7.55243e+006 30.4351
400421 7.55243e+006 30.4351
400422 7.55243e+006 30.4351
400422 7.55243e+006 30.4351
400421 7.55243e+006 30.3977
400422 7.55243e+006 30.3977
400422 7.55243e+006 30.4351
400422 7.55243e+006 30.4351
400421 7.55243e+006 30.4351
400421 7.55243e+006 30.3977
400422 7.55243e+006 30.3977
400422 7.55243e+006 30.3977
400422 7.55243e+006 30.4351
400422 7.55243e+006 30.4351
400422 7.55243e+006 30.4351
400422 7.55243e+006 30.3977
400422 7.55243e+006 30.3977
400421 7.55243e+006 30.3977
400421 7.55243e+006 30.4351
400421 7.55243e+006 30.4351
400422 7.55243e+006 30.4351
400422 7.55243e+006 30.3977
400421 7.55243e+006 30.3977
400421 7.55243e+006 30.3977
400421 7.55243e+006 30.4351
400421 7.55243e+006 30.4351
400421 7.55243e+006 30.4351
400421 7.55243e+006 30.3977
400421 7.55243e+006 30.3977
400422 7.55243e+006 30.3977
400422 7.55243e+006 30.3977
400422 7.55243e+006 30.3977
400421 7.55243e+006 30.3977
400421 7.55243e+006 30.3977
400422 7.55244e+006 23.2333
400421 7.55244e+006 23.2333
400421 7.55244e+006 23.2333
400421 7.55244e+006 23.2333
400422 7.55244e+006 23.2333
400422 7.55244e+006 23.2333
400421 7.55244e+006 23.196
400422 7.55244e+006 23.196
400422 7.55244e+006 23.2333
400422 7.55244e+006 23.2333
400421 7.55244e+006 23.2333
400421 7.55244e+006 23.196
400422 7.55244e+006 23.196
400422 7.55244e+006 23.196
400422 7.55244e+006 23.2333
400422 7.55244e+006 23.2333
400422 7.55244e+006 23.2333
400422 7.55244e+006 23.196
400422 7.55244e+006 23.196
400421 7.55244e+006 23.196
400421 7.55244e+006 23.2333
400421 7.55244e+006 23.2333
400422 7.55244e+006 23.2333
400422 7.55244e+006 23.196
400421 7.55244e+006 23.196
400421 7.55244e+006 23.196
400421 7.55244e+006 23.2333
400421 7.55244e+006 23.2333
400421 7.55244e+006 23.2333
400421 7.55244e+006 23.196
400421 7.55244e+006 23.196
400422 7.55244e+006 23.196
400422 7.55244e+006 23.196
400422 7.55244e+006 23.196
400421 7.55244e+006 23.196
400421 7.55244e+006 23.196
400422 7.55244e+006 22.6337
400421 7.55244e+006 22.6337
400421 7.55244e+006 22.6337
400421 7.55244e+006 22.6337
400422 7.55244e+006 22.6337
400422 7.55244e+006 22.6337
400421 7.55244e+006 22.5964
400422 7.55244e+006 22.5964
400422 7.55244e+006 22.6337
400422 7.55244e+006 22.6337
400421 7.55244e+006 22.6337
400421 7.55244e+006 22.5964
400422 7.55244e+006 22.5964
400422 7.55244e+006 22.5964
400422 7.55244e+006 22.6337
400422 7.55244e+006 22.6337
400422 7.55244e+006 22.6337
400422 7.55244e+006 22.5964
400422 7.55244e+006 22.5964
400421 7.55244e+006 22.5964
400421 7.55244e+006 22.6337
400421 7.55244e+006 22.6337
400422 7.55244e+006 22.6337
400422 7.55244e+006 22.5964
400421 7.55244e+006 22.5964
400421 7.55244e+006 22.5964
400421 7.55244e+006 22.6337
400421 7.55244e+006 22.6337
400421 7.55244e+006 22.6337
400421 7.55244e+006 22.5964
400421 7.55244e+006 22.5964
400422 7.55244e+006 22.5964
400422 7.55244e+006 22.5964
400422 7.55244e+006 22.5964
400421 7.55244e+006 22.5964
400421 7.55244e+006 22.5964
400422 7.55244e+006 23.0335
400421 7.55244e+006 23.0335
400421 7.55244e+006 23.0335
400421 7.55244e+006 23.0335
400422 7.55244e+006 23.0335
400422 7.55244e+006 23.0335
400421 7.55244e+006 22.9961
400422 7.55244e+006 22.9961
400422 7.55244e+006 23.0335
400422 7.55244e+006 23.0335
400421 7.55244e+006 23.0335
400421 7.55244e+006 22.9961
400422 7.55244e+006 22.9961
400422 7.55244e+006 22.9961
400422 7.55244e+006 23.0335
400422 7.55244e+006 23.0335
400422 7.55244e+006 23.0335
400422 7.55244e+006 22.9961
400422 7.55244e+006 22.9961
400421 7.55244e+006 22.9961
400421 7.55244e+006 23.0335
400421 7.55244e+006 23.0335
400422 7.55244e+006 23.0335
400422 7.55244e+006 22.9961
400421 7.55244e+006 22.9961
400421 7.55244e+006 22.9961
400421 7.55244e+006 23.0335
400421 7.55244e+006 23.0335
400421 7.55244e+006 23.0335
400421 7.55244e+006 22.9961
400421 7.55244e+006 22.9961
400422 7.55244e+006 22.9961
400422 7.55244e+006 22.9961
400422 7.55244e+006 22.9961
400421 7.55244e+006 22.9961
400421 7.55244e+006 22.9961
400422 7.55244e+006 22.4339
400421 7.55244e+006 22.4339
400421 7.55244e+006 22.4339
400421 7.55244e+006 22.4339
400422 7.55244e+006 22.4339
400422 7.55244e+006 22.4339
400421 7.55244e+006 22.3965
400422 7.55244e+006 22.3965
400422 7.55244e+006 22.4339
400422 7.55244e+006 22.4339
400421 7.55244e+006 22.4339
400421 7.55244e+006 22.3965
400422 7.55244e+006 22.3965
400422 7.55244e+006 22.3965
400422 7.55244e+006 22.4339
400422 7.55244e+006 22.4339
400422 7.55244e+006 22.4339
400422 7.55244e+006 22.3965
400422 7.55244e+006 22.3965
400421 7.55244e+006 22.3965
400421 7.55244e+006 22.4339
400421 7.55244e+006 22.4339
400422 7.55244e+006 22.4339
400422 7.55244e+006 22.3965
400421 7.55244e+006 22.3965
400421 7.55244e+006 22.3965
400421 7.55244e+006 22.4339
400421 7.55244e+006 22.4339
400421 7.55244e+006 22.4339
400421 7.55244e+006 22.3965
400421 7.55244e+006 22.3965
400422 7.55244e+006 22.3965
400422 7.55244e+006 22.3965
400422 7.55244e+006 22.3965
400421 7.55244e+006 22.3965
400421 7.55244e+006 22.3965
400422 7.55244e+006 22.8336
400421 7.55244e+006 22.8336
400421 7.55244e+006 22.8336
400421 7.55244e+006 22.8336
400422 7.55244e+006 22.8336
400422 7.55244e+006 22.8336
400421 7.55244e+006 22.7962
400422 7.55244e+006 22.7962
400422 7.55244e+006 22.8336
400422 7.55244e+006 22.8336
400421 7.55244e+006 22.8336
400421 7.55244e+006 22.7962
400422 7.55244e+006 22.7962
400422 7.55244e+006 22.7962
400422 7.55244e+006 22.8336
400422 7.55244e+006 22.8336
400422 7.55244e+006 22.8336
400422 7.55244e+006 22.7962
400422 7.55244e+006 22.7962
400421 7.55244e+006 22.7962
400421 7.55244e+006 22.8336
400421 7.55244e+006 22.8336
400422 7.55244e+006 22.8336
400422 7.55244e+006 22.7962
400421 7.55244e+006 22.7962
400421 7.55244e+006 22.7962
400421 7.55244e+006 22.8336
400421 7.55244e+006 22.8336
400421 7.55244e+006 22.8336
400421 7.55244e+006 22.7962
400421 7.55244e+006 22.7962
400422 7.55244e+006 22.7962
400422 7.55244e+006 22.7962
400422 7.55244e+006 22.7962
400421 7.55244e+006 22.7962
400421 7.55244e+006 22.7962
400422 7.55244e+006 22.234
400421 7.55244e+006 22.234
400421 7.55244e+006 22.234
400421 7.55244e+006 22.234
400422 7.55244e+006 22.234
400422 7.55244e+006 22.234
400421 7.55244e+006 22.1967
400422 7.55244e+006 22.1967
400422 7.55244e+006 22.234
400422 7.55244e+006 22.234
400421 7.55244e+006 22.234
400421 7.55244e+006 22.1967
400422 7.55244e+006 22.1967
400422 7.55244e+006 22.1967
400422 7.55244e+006 22.234
400422 7.55244e+006 22.234
400422 7.55244e+006 22.234
400422 7.55244e+006 22.1967
400422 7.55244e+006 22.1967
400421 7.55244e+006 22.1967
400421 7.55244e+006 22.234
400421 7.55244e+006 22.234
400422 7.55244e+006 22.234
400422 7.55244e+006 22.1967
400421 7.55244e+006 22.1967
400421 7.55244e+006 22.1967
400421 7.55244e+006 22.234
400421 7.55244e+006 22.234
400421 7.55244e+006 22.234
400421 7.55244e+006 22.1967
400421 7.55244e+006 22.1967
400422 7.55244e+006 22.1967
400422 7.55244e+006 22.1967
400422 7.55244e+006 22.1967
400421 7.55244e+006 22.1967
400421 7.55244e+006 22.1967
400422 7.55244e+006 22.0342
400421 7.55244e+006 22.0342
400421 7.55244e+006 22.0342
400421 7.55244e+006 22.0342
400422 7.55244e+006 22.0342
400422 7.55244e+006 22.0342
400421 7.55244e+006 21.9968
400422 7.55244e+006 21.9968
400422 7.55244e+006 22.0342
400422 7.55244e+006 22.0342
400421 7.55244e+006 22.0342
400421 7.55244e+006 21.9968
400422 7.55244e+006 21.9968
400422 7.55244e+006 21.9968
400422 7.55244e+006 22.0342
400422 7.55244e+006 22.0342
400422 7.55244e+006 22.0342
400422 7.55244e+006 21.9968
400422 7.55244e+006 21.9968
400421 7.55244e+006 21.9968
400421 7.55244e+006 22.0342
400421 7.55244e+006 22.0342
400422 7.55244e+006 22.0342
400422 7.55244e+006 21.9968
400421 7.55244e+006 21.9968
400421 7.55244e+006 21.9968
400421 7.55244e+006 22.0342
400421 7.55244e+006 22.0342
400421 7.55244e+006 22.0342
400421 7.55244e+006 21.9968
400421 7.55244e+006 21.9968
400422 7.55244e+006 21.9968
400422 7.55244e+006 21.9968
400422 7.55244e+006 21.9968
400421 7.55244e+006 21.9968
400421 7.55244e+006 21.9968
400422 7.55244e+006 21.8343
400421 7.55244e+006 21.8343
400421 7.55244e+006 21.8343
400421 7.55244e+006 21.8343
400422 7.55244e+006 21.8343
400422 7.55244e+006 21.8343
400421 7.55244e+006 21.7969
400422 7.55244e+006 21.7969
400422 7.55244e+006 21.8343
400422 7.55244e+006 21.8343
400421 7.55244e+006 21.8343
400421 7.55244e+006 21.7969
400422 7.55244e+006 21.7969
400422 7.55244e+006 21.7969
400422 7.55244e+006 21.8343
400422 7.55244e+006 21.8343
400422 7.55244e+006 21.8343
400422 7.55244e+006 21.7969
400422 7.55244e+006 21.7969
400421 7.55244e+006 21.7969
400421 7.55244e+006 21.8343
400421 7.55244e+006 21.8343
400422 7.55244e+006 21.8343
400422 7.55244e+006 21.7969
400421 7.55244e+006 21.7969
400421 7.55244e+006 21.7969
400421 7.55244e+006 21.8343
400421 7.55244e+006 21.8343
400421 7.55244e+006 21.8343
400421 7.55244e+006 21.7969
400421 7.55244e+006 21.7969
400422 7.55244e+006 21.7969
400422 7.55244e+006 21.7969
400422 7.55244e+006 21.7969
400421 7.55244e+006 21.7969
400421 7.55244e+006 21.7969
400422 7.55244e+006 21.6344
400421 7.55244e+006 21.6344
400421 7.55244e+006 21.6344
400421 7.55244e+006 21.6344
400422 7.55244e+006 21.6344
400422 7.55244e+006 21.6344
400421 7.55244e+006 21.5971
400422 7.55244e+006 21.5971
400422 7.55244e+006 21.6344
400422 7.55244e+006 21.6344
400421 7.55244e+006 21.6344
400421 7.55244e+006 21.5971
400422 7.55244e+006 21.5971
400422 7.55244e+006 21.5971
400422 7.55244e+006 21.6344
400422 7.55244e+006 21.6344
400422 7.55244e+006 21.6344
400422 7.55244e+006 21.5971
400422 7.55244e+006 21.5971
400421 7.55244e+006 21.5971
400421 7.55244e+006 21.6344
400421 7.55244e+006 21.6344
400422 7.55244e+006 21.6344
400422 7.55244e+006 21.5971
400421 7.55244e+006 21.5971
400421 7.55244e+006 21.5971
400421 7.55244e+006 21.6344
400421 7.55244e+006 21.6344
400421 7.55244e+006 21.6344
400421 7.55244e+006 21.5971
400421 7.55244e+006 21.5971
400422 7.55244e+006 21.5971
400422 7.55244e+006 21.5971
400422 7.55244e+006 21.5971
400421 7.55244e+006 21.5971
400421 7.55244e+006 21.5971
400422 7.55243e+006 25.2366
400421 7.55243e+006 25.2366
400421 7.55243e+006 25.2366
400421 7.55243e+006 25.2366
400422 7.55243e+006 25.2366
400422 7.55243e+006 25.2366
400421 7.55243e+006 25.1993
400422 7.55243e+006 25.1993
400422 7.55243e+006 25.2366
400422 7.55243e+006 25.2366
400421 7.55243e+006 25.2366
400421 7.55243e+006 25.1993
400422 7.55243e+006 25.1993
400422 7.55243e+006 25.1993
400422 7.55243e+006 25.2366
400422 7.55243e+006 25.2366
400422 7.55243e+006 25.2366
400422 7.55243e+006 25.1993
400422 7.55243e+006 25.1993
400421 7.55243e+006 25.1993
400421 7.55243e+006 25.2366
400421 7.55243e+006 25.2366
400422 7.55243e+006 25.2366
400422 7.55243e+006 25.1993
400421 7.55243e+006 25.1993
400421 7.55243e+006 25.1993
400421 7.55243e+006 25.2366
400421 7.55243e+006 25.2366
400421 7.55243e+006 25.2366
400421 7.55243e+006 25.1993
400421 7.55243e+006 25.1993
400422 7.55243e+006 25.1993
400422 7.55243e+006 25.1993
400422 7.55243e+006 25.1993
400421 7.55243e+006 25.1993
400421 7.55243e+006 25.1993
400422 7.55244e+006 24.637
400421 7.55244e+006 24.637
400421 7.55243e+006 24.637
400421 7.55243e+006 24.637
400422 7.55243e+006 24.637
400422 7.55244e+006 24.637
400421 7.55243e+006 24.5997
400422 7.55243e+006 24.5997
400422 7.55243e+006 24.637
400422 7.55243e+006 24.637
400421 7.55243e+006 24.637
400421 7.55243e+006 24.5997
400422 7.55243e+006 24.5997
400422 7.55244e+006 24.5997
400422 7.55244e+006 24.637
400422 7.55244e+006 24.637
400422 7.55243e+006 24.637
400422 7.55243e+006 24.5997
400422 7.55244e+006 24.5997
400421 7.55244e+006 24.5997
400421 7.55244e+006 24.637
400421 7.55244e+006 24.637
400422 7.55244e+006 24.637
400422 7.55244e+006 24.5997
400421 7.55244e+006 24.5997
400421 7.55243e+006 24.5997
400421 7.55243e+006 24.637
400421 7.55243e+006 24.637
400421 7.55244e+006 24.637
400421 7.55244e+006 24.5997
400421 7.55244e+006 24.5997
400422 7.55244e+006 24.5997
400422 7.55243e+006 24.5997
400422 7.55243e+006 24.5997
400421 7.55243e+006 24.5997
400421 7.55244e+006 24.5997
400422 7.55243e+006 25.0368
400421 7.55243e+006 25.0368
400421 7.55243e+006 25.0368
400421 7.55243e+006 25.0368
400422 7.55243e+006 25.0368
400422 7.55243e+006 25.0368
400421 7.55243e+006 24.9994
400422 7.55243e+006 24.9994
400422 7.55243e+006 25.0368
400422 7.55243e+006 25.0368
400421 7.55243e+006 25.0368
400421 7.55243e+006 24.9994
400422 7.55243e+006 24.9994
400422 7.55243e+006 24.9994
400422 7.55243e+006 25.0368
400422 7.55243e+006 25.0368
400422 7.55243e+006 25.0368
400422 7.55243e+006 24.9994
400422 7.55243e+006 24.9994
400421 7.55243e+006 24.9994
400421 7.55243e+006 25.0368
400421 7.55243e+006 25.0368
400422 7.55243e+006 25.0368
400422 7.55243e+006 24.9994
400421 7.55243e+006 24.9994
400421 7.55243e+006 24.9994
400421 7.55243e+006 25.0368
400421 7.55243e+006 25.0368
400421 7.55243e+006 25.0368
400421 7.55243e+006 24.9994
400421 7.55243e+006 24.9994
400422 7.55243e+006 24.9994
400422 7.55243e+006 24.9994
400422 7.55243e+006 24.9994
400421 7.55243e+006 24.9994
400421 7.55243e+006 24.9994
400422 7.55244e+006 24.4372
400421 7.55244e+006 24.4372
400421 7.55244e+006 24.4372
400421 7.55244e+006 24.4372
400422 7.55244e+006 24.4372
400422 7.55244e+006 24.4372
400421 7.55244e+006 24.3998
400422 7.55244e+006 24.3998
400422 7.55244e+006 24.4372
400422 7.55244e+006 24.4372
400421 7.55244e+006 24.4372
400421 7.55244e+006 24.3998
400422 7.55244e+006 24.3998
400422 7.55244e+006 24.3998
400422 7.55244e+006 24.4372
400422 7.55244e+006 24.4372
400422 7.55244e+006 24.4372
400422 7.55244e+006 24.3998
400422 7.55244e+006 24.3998
400421 7.55244e+006 24.3998
400421 7.55244e+006 24.4372
400421 7.55244e+006 24.4372
400422 7.55244e+006 24.4372
400422 7.55244e+006 24.3998
400421 7.55244e+006 24.3998
400421 7.55244e+006 24.3998
400421 7.55244e+006 24.4372
400421 7.55244e+006 24.4372
400421 7.55244e+006 24.4372
400421 7.55244e+006 24.3998
400421 7.55244e+006 24.3998
400422 7.55244e+006 24.3998
400422 7.55244e+006 24.3998
400422 7.55244e+006 24.3998
400421 7.55244e+006 24.3998
400421 7.55244e+006 24.3998
400422 7.55243e+006 24.8369
400421 7.55243e+006 24.8369
400421 7.55243e+006 24.8369
400421 7.55243e+006 24.8369
400422 7.55243e+006 24.8369
400422 7.55243e+006 24.8369
400421 7.55243e+006 24.7995
400422 7.55243e+006 24.7995
400422 7.55243e+006 24.8369
400422 7.55243e+006 24.8369
400421 7.55243e+006 24.8369
400421 7.55243e+006 24.7995
400422 7.55243e+006 24.7995
400422 7.55243e+006 24.7995
400422 7.55243e+006 24.8369
400422 7.55243e+006 24.8369
400422 7.55243e+006 24.8369
400422 7.55243e+006 24.7995
400422 7.55243e+006 24.7995
400421 7.55243e+006 24.7995
400421 7.55243e+006 24.8369
400421 7.55243e+006 24.8369
400422 7.55243e+006 24.8369
400422 7.55243e+006 24.7995
400421 7.55243e+006 24.7995
400421 7.55243e+006 24.7995
400421 7.55243e+006 24.8369
400421 7.55243e+006 24.8369
400421 7.55243e+006 24.8369
400421 7.55243e+006 24.7995
400421 7.55243e+006 24.7995
400422 7.55243e+006 24.7995
400422 7.55243e+006 24.7995
400422 7.55243e+006 24.7995
400421 7.55243e+006 24.7995
400421 7.55243e+006 24.7995
400422 7.55244e+006 24.2373
400421 7.55244e+006 24.2373
400421 7.55244e+006 24.2373
400421 7.55244e+006 24.2373
400422 7.55244e+006 24.2373
400422 7.55244e+006 24.2373
400421 7.55244e+006 24.2
400422 7.55244e+006 24.2
400422 7.55244e+006 24.2373
400422 7.55244e+006 24.2373
400421 7.55244e+006 24.2373
400421 7.55244e+006 24.2
400422 7.55244e+006 24.2
400422 7.55244e+006 24.2
400422 7.55244e+006 24.2373
400422 7.55244e+006 24.2373
400422 7.55244e+006 24.2373
400422 7.55244e+006 24.2
400422 7.55244e+006 24.2
400421 7.55244e+006 24.2
400421 7.55244e+006 24.2373
400421 7.55244e+006 24.2373
400422 7.55244e+006 24.2373
400422 7.55244e+006 24.2
400421 7.55244e+006 24.2
400421 7.55244e+006 24.2
400421 7.55244e+006 24.2373
400421 7.55244e+006 24.2373
400421 7.55244e+006 24.2373
400421 7.55244e+006 24.2
400421 7.55244e+006 24.2
400422 7.55244e+006 24.2
400422 7.55244e+006 24.2
400422 7.55244e+006 24.2
400421 7.55244e+006 24.2
400421 7.55244e+006 24.2
400422 7.55244e+006 24.0375
400421 7.55244e+006 24.0375
400421 7.55244e+006 24.0375
400421 7.55244e+006 24.0375
400422 7.55244e+006 24.0375
400422 7.55244e+006 24.0375
400421 7.55244e+006 24.0001
400422 7.55244e+006 24.0001
400422 7.55244e+006 24.0375
400422 7.55244e+006 24.0375
400421 7.55244e+006 24.0375
400421 7.55244e+006 24.0001
400422 7.55244e+006 24.0001
400422 7.55244e+006 24.0001
400422 7.55244e+006 24.0375
400422 7.55244e+006 24.0375
400422 7.55244e+006 24.0375
400422 7.55244e+006 24.0001
400422 7.55244e+006 24.0001
400421 7.55244e+006 24.0001
400421 7.55244e+006 24.0375
400421 7.55244e+006 24.0375
400422 7.55244e+006 24.0375
400422 7.55244e+006 24.0001
400421 7.55244e+006 24.0001
400421 7.55244e+006 24.0001
400421 7.55244e+006 24.0375
400421 7.55244e+006 24.0375
400421 7.55244e+006 24.0375
400421 7.55244e+006 24.0001
400421 7.55244e+006 24.0001
400422 7.55244e+006 24.0001
400422 7.55244e+006 24.0001
400422 7.55244e+006 24.0001
400421 7.55244e+006 24.0001
400421 7.55244e+006 24.0001
400422 7.55244e+006 23.8376
400421 7.55244e+006 23.8376
400421 7.55244e+006 23.8376
400421 7.55244e+006 23.8376
400422 7.55244e+006 23.8376
400422 7.55244e+006 23.8376
400421 7.55244e+006 23.8002
400422 7.55244e+006 23.8002
400422 7.55244e+006 23.8376
400422 7.55244e+006 23.8376
400421 7.55244e+006 23.8376
400421 7.55244e+006 23.8002
400422 7.55244e+006 23.8002
400422 7.55244e+006 23.8002
400422 7.55244e+006 23.8376
400422 7.55244e+006 23.8376
400422 7.55244e+006 23.8376
400422 7.55244e+006 23.8002
400422 7.55244e+006 23.8002
400421 7.55244e+006 23.8002
400421 7.55244e+006 23.8376
400421 7.55244e+006 23.8376
400422 7.55244e+006 23.8376
400422 7.55244e+006 23.8002
400421 7.55244e+006 23.8002
400421 7.55244e+006 23.8002
400421 7.55244e+006 23.8376
400421 7.55244e+006 23.8376
400421 7.55244e+006 23.8376
400421 7.55244e+006 23.8002
400421 7.55244e+006 23.8002
400422 7.55244e+006 23.8002
400422 7.55244e+006 23.8002
400422 7.55244e+006 23.8002
400421 7.55244e+006 23.8002
400421 7.55244e+006 23.8002
400422 7.55244e+006 23.5888
400421 7.55244e+006 23.5888
400421 7.55244e+006 23.5888
400421 7.55244e+006 23.5888
400422 7.55244e+006 23.5888
400422 7.55244e+006 23.5888
400421 7.55244e+006 23.5515
400422 7.55244e+006 23.5515
400422 7.55244e+006 23.5888
400422 7.55244e+006 23.5888
400421 7.55244e+006 23.5888
400421 7.55244e+006 23.5515
400422 7.55244e+006 23.5515
400422 7.55244e+006 23.5515
400422 7.55244e+006 23.5888
400422 7.55244e+006 23.5888
400422 7.55244e+006 23.5888
400422 7.55244e+006 23.5515
400422 7.55244e+006 23.5515
400421 7.55244e+006 23.5515
400421 7.55244e+006 23.5888
400421 7.55244e+006 23.5888
400422 7.55244e+006 23.5888
400422 7.55244e+006 23.5515
400421 7.55244e+006 23.5515
400421 7.55244e+006 23.5515
400421 7.55244e+006 23.5888
400421 7.55244e+006 23.5888
400421 7.55244e+006 23.5888
400421 7.55244e+006 23.5515
400421 7.55244e+006 23.5515
400422 7.55244e+006 23.5515
400422 7.55244e+006 23.5515
400422 7.55244e+006 23.5515
400421 7.55244e+006 23.5515
400421 7.55244e+006 23.5515
400422 7.55243e+006 26.2374
400421 7.55243e+006 26.2374
400421 7.55243e+006 26.2374
400421 7.55243e+006 26.2374
400422 7.55243e+006 26.2374
400422 7.55243e+006 26.2374
400421 7.55243e+006 26.2001
400422 7.55243e+006 26.2001
400422 7.55243e+006 26.2374
400422 7.55243e+006 26.2374
400421 7.55243e+006 26.2374
400421 7.55243e+006 26.2001
400422 7.55243e+006 26.2001
400422 7.55243e+006 26.2001
400422 7.55243e+006 26.2374
400422 7.55243e+006 26.2374
400422 7.55243e+006 26.2374
400422 7.55243e+006 26.2001
400422 7.55243e+006 26.2001
400421 7.55243e+006 26.2001
400421 7.55243e+006 26.2374
400421 7.55243e+006 26.2374
400422 7.55243e+006 26.2374
400422 7.55243e+006 26.2001
400421 7.55243e+006 26.2001
400421 7.55243e+006 26.2001
400421 7.55243e+006 26.2374
400421 7.55243e+006 26.2374
400421 7.55243e+006 26.2374
400421 7.55243e+006 26.2001
400421 7.55243e+006 26.2001
400422 7.55243e+006 26.2001
400422 7.55243e+006 26.2001
400422 7.55243e+006 26.2001
400421 7.55243e+006 26.2001
400421 7.55243e+006 26.2001
400422 7.55243e+006 26.0376
400421 7.55243e+006 26.0376
400421 7.55243e+006 26.0376
400421 7.55243e+006 26.0376
400422 7.55243e+006 26.0376
400422 7.55243e+006 26.0376
400421 7.55243e+006 26.0002
400422 7.55243e+006 26.0002
400422 7.55243e+006 26.0376
400422 7.55243e+006 26.0376
400421 7.55243e+006 26.0376
400421 7.55243e+006 26.0002
400422 7.55243e+006 26.0002
400422 7.55243e+006 26.0002
400422 7.55243e+006 26.0376
400422 7.55243e+006 26.0376
400422 7.55243e+006 26.0376
400422 7.55243e+006 26.0002
400422 7.55243e+006 26.0002
400421 7.55243e+006 26.0002
400421 7.55243e+006 26.0376
400421 7.55243e+006 26.0376
400422 7.55243e+006 26.0376
400422 7.55243e+006 26.0002
400421 7.55243e+006 26.0002
400421 7.55243e+006 26.0002
400421 7.55243e+006 26.0376
400421 7.55243e+006 26.0376
400421 7.55243e+006 26.0376
400421 7.55243e+006 26.0002
400421 7.55243e+006 26.0002
400422 7.55243e+006 26.0002
400422 7.55243e+006 26.0002
400422 7.55243e+006 26.0002
400421 7.55243e+006 26.0002
400421 7.55243e+006 26.0002
400422 7.55243e+006 25.8377
400421 7.55243e+006 25.8377
400421 7.55243e+006 25.8377
400421 7.55243e+006 25.8377
400422 7.55243e+006 25.8377
400422 7.55243e+006 25.8377
400421 7.55243e+006 25.8004
400422 7.55243e+006 25.8004
400422 7.55243e+006 25.8377
400422 7.55243e+006 25.8377
400421 7.55243e+006 25.8377
400421 7.55243e+006 25.8004
400422 7.55243e+006 25.8004
400422 7.55243e+006 25.8004
400422 7.55243e+006 25.8377
400422 7.55243e+006 25.8377
400422 7.55243e+006 25.8377
400422 7.55243e+006 25.8004
400422 7.55243e+006 25.8004
400421 7.55243e+006 25.8004
400421 7.55243e+006 25.8377
400421 7.55243e+006 25.8377
400422 7.55243e+006 25.8377
400422 7.55243e+006 25.8004
400421 7.55243e+006 25.8004
400421 7.55243e+006 25.8004
400421 7.55243e+006 25.8377
400421 7.55243e+006 25.8377
400421 7.55243e+006 25.8377
400421 7.55243e+006 25.8004
400421 7.55243e+006 25.8004
400422 7.55243e+006 25.8004
400422 7.55243e+006 25.8004
400422 7.55243e+006 25.8004
400421 7.55243e+006 25.8004
400421 7.55243e+006 25.8004
400422 7.55243e+006 25.6378
400421 7.55243e+006 25.6378
400421 7.55243e+006 25.6378
400421 7.55243e+006 25.6378
400422 7.55243e+006 25.6378
400422 7.55243e+006 25.6378
400421 7.55243e+006 25.6005
400422 7.55243e+006 25.6005
400422 7.55243e+006 25.6378
400422 7.55243e+006 25.6378
400421 7.55243e+006 25.6378
400421 7.55243e+006 25.6005
400422 7.55243e+006 25.6005
400422 7.55243e+006 25.6005
400422 7.55243e+006 25.6378
400422 7.55243e+006 25.6378
400422 7.55243e+006 25.6378
400422 7.55243e+006 25.6005
400422 7.55243e+006 25.6005
400421 7.55243e+006 25.6005
400421 7.55243e+006 25.6378
400421 7.55243e+006 25.6378
400422 7.55243e+006 25.6378
400422 7.55243e+006 25.6005
400421 7.55243e+006 25.6005
400421 7.55243e+006 25.6005
400421 7.55243e+006 25.6378
400421 7.55243e+006 25.6378
400421 7.55243e+006 25.6378
400421 7.55243e+006 25.6005
400421 7.55243e+006 25.6005
400422 7.55243e+006 25.6005
400422 7.55243e+006 25.6005
400422 7.55243e+006 25.6005
400421 7.55243e+006 25.6005
400421 7.55243e+006 25.6005
400422 7.55243e+006 25.438
400421 7.55243e+006 25.438
400421 7.55243e+006 25.438
400421 7.55243e+006 25.438
400422 7.55243e+006 25.438
400422 7.55243e+006 25.438
400421 7.55243e+006 25.4006
400422 7.55243e+006 25.4006
400422 7.55243e+006 25.438
400422 7.55243e+006 25.438
400421 7.55243e+006 25.438
400421 7.55243e+006 25.4006
400422 7.55243e+006 25.4006
400422 7.55243e+006 25.4006
400422 7.55243e+006 25.438
400422 7.55243e+006 25.438
400422 7.55243e+006 25.438
400422 7.55243e+006 25.4006
400422 7.55243e+006 25.4006
400421 7.55243e+006 25.4006
400421 7.55243e+006 25.438
400421 7.55243e+006 25.438
400422 7.55243e+006 25.438
400422 7.55243e+006 25.4006
400421 7.55243e+006 25.4006
400421 7.55243e+006 25.4006
400421 7.55243e+006 25.438
400421 7.55243e+006 25.438
400421 7.55243e+006 25.438
400421 7.55243e+006 25.4006
400421 7.55243e+006 25.4006
400422 7.55243e+006 25.4006
400422 7.55243e+006 25.4006
400422 7.55243e+006 25.4006
400421 7.55243e+006 25.4006
400421 7.55243e+006 25.4006
400421 7.55244e+006 23.4211
400421 7.55244e+006 23.4211
400422 7.55244e+006 23.4211
400422 7.55244e+006 23.4211
400422 7.55244e+006 23.4211
400421 7.55244e+006 23.4211
400421 7.55244e+006 28.2304
400421 7.55244e+006 28.2304
400421 7.55244e+006 28.2304
400421 7.55244e+006 28.2304
400421 7.55244e+006 28.2304
400421 7.55244e+006 28.2304
400421 7.55244e+006 28.1931
400421 7.55244e+006 28.1931
400421 7.55244e+006 28.2304
400421 7.55244e+006 28.2304
400421 7.55244e+006 28.2304
400421 7.55244e+006 28.1931
400421 7.55244e+006 28.1931
400421 7.55244e+006 28.1931
400421 7.55244e+006 28.2304
400421 7.55244e+006 28.2304
400421 7.55244e+006 28.2304
400421 7.55244e+006 28.1931
400421 7.55244e+006 28.1931
400421 7.55244e+006 28.1931
400421 7.55244e+006 28.2304
400421 7.55244e+006 28.2304
400421 7.55244e+006 28.2304
400421 7.55244e+006 28.1931
400421 7.55244e+006 28.1931
400421 7.55244e+006 28.1931
400421 7.55244e+006 28.2304
400421 7.55244e+006 28.2304
400421 7.55244e+006 28.2304
400421 7.55244e+006 28.1931
400421 7.55244e+006 28.1931
400421 7.55244e+006 28.1931
400421 7.55244e+006 28.1931
400421 7.55244e+006 28.1931
400421 7.55244e+006 28.1931
400421 7.55244e+006 28.1931
400420 7.55244e+006 28.0306
400420 7.55244e+006 28.0306
400421 7.55244e+006 28.0306
400421 7.55244e+006 28.0306
400421 7.55244e+006 28.0306
400420 7.55244e+006 28.0306
400421 7.55244e+006 27.9932
400421 7.55244e+006 27.9932
400421 7.55244e+006 28.0306
400421 7.55244e+006 28.0306
400421 7.55244e+006 28.0306
400421 7.55244e+006 27.9932
400421 7.55244e+006 27.9932
400420 7.55244e+006 27.9932
400420 7.55244e+006 28.0306
400420 7.55244e+006 28.0306
400421 7.55244e+006 28.0306
400421 7.55244e+006 27.9932
400420 7.55244e+006 27.9932
400420 7.55244e+006 27.9932
400420 7.55244e+006 28.0306
400420 7.55244e+006 28.0306
400420 7.55244e+006 28.0306
400420 7.55244e+006 27.9932
400420 7.55244e+006 27.9932
400421 7.55244e+006 27.9932
400421 7.55244e+006 28.0306
400421 7.55244e+006 28.0306
400420 7.55244e+006 28.0306
400420 7.55244e+006 27.9932
400420 7.55244e+006 27.9932
400420 7.55244e+006 27.9932
400421 7.55244e+006 27.9932
400421 7.55244e+006 27.9932
400421 7.55244e+006 27.9932
400420 7.55244e+006 27.9932
400420 7.55244e+006 27.8307
400420 7.55244e+006 27.8307
400420 7.55244e+006 27.8307
400420 7.55244e+006 27.8307
400420 7.55244e+006 27.8307
400420 7.55244e+006 27.8307
400420 7.55244e+006 27.7933
400420 7.55244e+006 27.7933
400420 7.55244e+006 27.8307
400420 7.55244e+006 27.8307
400420 7.55244e+006 27.8307
400420 7.55244e+006 27.7933
400420 7.55244e+006 27.7933
400420 7.55244e+006 27.7933
400420 7.55244e+006 27.8307
400420 7.55244e+006 27.8307
400420 7.55244e+006 27.8307
400420 7.55244e+006 27.7933
400420 7.55244e+006 27.7933
400420 7.55244e+006 27.7933
400420 7.55244e+006 27.8307
400420 7.55244e+006 27.8307
400420 7.55244e+006 27.8307
400420 7.55244e+006 27.7933
400420 7.55244e+006 27.7933
400420 7.55244e+006 27.7933
400420 7.55244e+006 27.8307
400420 7.55244e+006 27.8307
400420 7.55244e+006 27.8307
400420 7.55244e+006 27.7933
400420 7.55244e+006 27.7933
400420 7.55244e+006 27.7933
400420 7.55244e+006 27.7933
400420 7.55244e+006 27.7933
400420 7.55244e+006 27.7933
400420 7.55244e+006 27.7933
400420 7.55244e+006 27.6308
400420 7.55244e+006 27.6308
400420 7.55244e+006 27.6308
400420 7.55244e+006 27.6308
400420 7.55244e+006 27.6308
400420 7.55244e+006 27.6308
400420 7.55244e+006 27.5935
400420 7.55244e+006 27.5935
400420 7.55244e+006 27.6308
400420 7.55244e+006 27.6308
400420 7.55244e+006 27.6308
400420 7.55244e+006 27.5935
400420 7.55244e+006 27.5935
400420 7.55244e+006 27.5935
400420 7.55244e+006 27.6308
400420 7.55244e+006 27.6308
400420 7.55244e+006 27.6308
400420 7.55244e+006 27.5935
400420 7.55244e+006 27.5935
400420 7.55244e+006 27.5935
400420 7.55244e+006 27.6308
400420 7.55244e+006 27.6308
400420 7.55244e+006 27.6308
400420 7.55244e+006 27.5935
400420 7.55244e+006 27.5935
400420 7.55244e+006 27.5935
400420 7.55244e+006 27.6308
400420 7.55244e+006 27.6308
400420 7.55244e+006 27.6308
400420 7.55244e+006 27.5935
400420 7.55244e+006 27.5935
400420 7.55244e+006 27.5935
400420 7.55244e+006 27.5935
400420 7.55244e+006 27.5935
400420 7.55244e+006 27.5935
400420 7.55244e+006 27.5935
400420 7.55244e+006 27.431
400420 7.55244e+006 27.431
400420 7.55244e+006 27.431
400420 7.55244e+006 27.431
400420 7.55244e+006 27.431
400420 7.55244e+006 27.431
400420 7.55244e+006 27.3936
400420 7.55244e+006 27.3936
400420 7.55244e+006 27.431
400420 7.55244e+006 27.431
400420 7.55244e+006 27.431
400420 7.55244e+006 27.3936
400420 7.55244e+006 27.3936
400420 7.55244e+006 27.3936
400420 7.55244e+006 27.431
400420 7.55244e+006 27.431
400420 7.55244e+006 27.431
400420 7.55244e+006 27.3936
400420 7.55244e+006 27.3936
400420 7.55244e+006 27.3936
400420 7.55244e+006 27.431
400420 7.55244e+006 27.431
400420 7.55244e+006 27.431
400420 7.55244e+006 27.3936
400420 7.55244e+006 27.3936
400420 7.55244e+006 27.3936
400420 7.55244e+006 27.431
400420 7.55244e+006 27.431
400420 7.55244e+006 27.431
400420 7.55244e+006 27.3936
400420 7.55244e+006 27.3936
400420 7.55244e+006 27.3936
400420 7.55244e+006 27.3936
400420 7.55244e+006 27.3936
400420 7.55244e+006 27.3936
400420 7.55244e+006 27.3936
400420 7.55244e+006 27.2311
400420 7.55244e+006 27.2311
400420 7.55244e+006 27.2311
400420 7.55244e+006 27.2311
400420 7.55244e+006 27.2311
400420 7.55244e+006 27.2311
400420 7.55244e+006 27.1938
400420 7.55244e+006 27.1938
400420 7.55244e+006 27.2311
400420 7.55244e+006 27.2311
400420 7.55244e+006 27.2311
400420 7.55244e+006 27.1938
400420 7.55244e+006 27.1938
400420 7.55244e+006 27.1938
400420 7.55244e+006 27.2311
400420 7.55244e+006 27.2311
400420 7.55244e+006 27.2311
400420 7.55244e+006 27.1938
400420 7.55244e+006 27.1938
400420 7.55244e+006 27.1938
400420 7.55244e+006 27.2311
400420 7.55244e+006 27.2311
400420 7.55244e+006 27.2311
400420 7.55244e+006 27.1938
400420 7.55244e+006 27.1938
400420 7.55244e+006 27.1938
400420 7.55244e+006 27.2311
400420 7.55244e+006 27.2311
400420 7.55244e+006 27.2311
400420 7.55244e+006 27.1938
400420 7.55244e+006 27.1938
400420 7.55244e+006 27.1938
400420 7.55244e+006 27.1938
400420 7.55244e+006 27.1938
400420 7.55244e+006 27.1938
400420 7.55244e+006 27.1938
400419 7.55244e+006 27.0312
400419 7.55244e+006 27.0312
400420 7.55244e+006 27.0312
400420 7.55244e+006 27.0312
400420 7.55244e+006 27.0312
400419 7.55244e+006 27.0312
400420 7.55244e+006 26.9939
400420 7.55244e+006 26.9939
400420 7.55244e+006 27.0312
400420 7.55244e+006 27.0312
400420 7.55244e+006 27.0312
400420 7.55244e+006 26.9939
400420 7.55244e+006 26.9939
400419 7.55244e+006 26.9939
400419 7.55244e+006 27.0312
400419 7.55244e+006 27.0312
400420 7.55244e+006 27.0312
400420 7.55244e+006 26.9939
400419 7.55244e+006 26.9939
400419 7.55244e+006 26.9939
400419 7.55244e+006 27.0312
400419 7.55244e+006 27.0312
400419 7.55244e+006 27.0312
400419 7.55244e+006 26.9939
400419 7.55244e+006 26.9939
400420 7.55244e+006 26.9939
400420 7.55244e+006 27.0312
400420 7.55244e+006 27.0312
400419 7.55244e+006 27.0312
400419 7.55244e+006 26.9939
400419 7.55244e+006 26.9939
400419 7.55244e+006 26.9939
400420 7.55244e+006 26.9939
400420 7.55244e+006 26.9939
400420 7.55244e+006 26.9939
400419 7.55244e+006 26.9939
400419 7.55244e+006 26.8314
400419 7.55244e+006 26.8314
400419 7.55244e+006 26.8314
400419 7.55244e+006 26.8314
400419 7.55244e+006 26.8314
400419 7.55244e+006 26.8314
400419 7.55244e+006 26.794
400419 7.55244e+006 26.794
400419 7.55244e+006 26.8314
400419 7.55244e+006 26.8314
400419 7.55244e+006 26.8314
400419 7.55244e+006 26.794
400419 7.55244e+006 26.794
400419 7.55244e+006 26.794
400419 7.55244e+006 26.8314
400419 7.55244e+006 26.8314
400419 7.55244e+006 26.8314
400419 7.55244e+006 26.794
400419 7.55244e+006 26.794
400419 7.55244e+006 26.794
400419 7.55244e+006 26.8314
400419 7.55244e+006 26.8314
400419 7.55244e+006 26.8314
400419 7.55244e+006 26.794
400419 7.55244e+006 26.794
400419 7.55244e+006 26.794
400419 7.55244e+006 26.8314
400419 7.55244e+006 26.8314
400419 7.55244e+006 26.8314
400419 7.55244e+006 26.794
400419 7.55244e+006 26.794
400419 7.55244e+006 26.794
400419 7.55244e+006 26.794
400419 7.55244e+006 26.794
400419 7.55244e+006 26.794
400419 7.55244e+006 26.794
400419 7.55244e+006 26.6315
400419 7.55244e+006 26.6315
400419 7.55244e+006 26.6315
400419 7.55244e+006 26.6315
400419 7.55244e+006 26.6315
400419 7.55244e+006 26.6315
400419 7.55244e+006 26.5942
400419 7.55244e+006 26.5942
400419 7.55244e+006 26.6315
400419 7.55244e+006 26.6315
400419 7.55244e+006 26.6315
400419 7.55244e+006 26.5942
400419 7.55244e+006 26.5942
400419 7.55244e+006 26.5942
400419 7.55244e+006 26.6315
400419 7.55244e+006 26.6315
400419 7.55244e+006 26.6315
400419 7.55244e+006 26.5942
400419 7.55244e+006 26.5942
400419 7.55244e+006 26.5942
400419 7.55244e+006 26.6315
400419 7.55244e+006 26.6315
400419 7.55244e+006 26.6315
400419 7.55244e+006 26.5942
400419 7.55244e+006 26.5942
400419 7.55244e+006 26.5942
400419 7.55244e+006 26.6315
400419 7.55244e+006 26.6315
400419 7.55244e+006 26.6315
400419 7.55244e+006 26.5942
400419 7.55244e+006 26.5942
400419 7.55244e+006 26.5942
400419 7.55244e+006 26.5942
400419 7.55244e+006 26.5942
400419 7.55244e+006 26.5942
400419 7.55244e+006 26.5942
400421 7.55244e+006 23.2333
400421 7.55244e+006 23.2333
400421 7.55244e+006 23.2333
400421 7.55244e+006 23.2333
400421 7.55244e+006 23.2333
400421 7.55244e+006 23.2333
400421 7.55244e+006 23.196
400421 7.55244e+006 23.196
400421 7.55244e+006 23.2333
400421 7.55244e+006 23.2333
400421 7.55244e+006 23.2333
400421 7.55244e+006 23.196
400421 7.55244e+006 23.196
400421 7.55244e+006 23.196
400421 7.55244e+006 23.2333
400421 7.55244e+006 23.2333
400421 7.55244e+006 23.2333
400421 7.55244e+006 23.196
400421 7.55244e+006 23.196
400421 7.55244e+006 23.196
400421 7.55244e+006 23.2333
400421 7.55244e+006 23.2333
400421 7.55244e+006 23.2333
400421 7.55244e+006 23.196
400421 7.55244e+006 23.196
400421 7.55244e+006 23.196
400421 7.55244e+006 23.2333
400421 7.55244e+006 23.2333
400421 7.55244e+006 23.2333
400421 7.55244e+006 23.196
400421 7.55244e+006 23.196
400421 7.55244e+006 23.196
400421 7.55244e+006 23.196
400421 7.55244e+006 23.196
400421 7.55244e+006 23.196
400421 7.55244e+006 23.196
400420 7.55244e+006 22.6337
400420 7.55244e+006 22.6337
400420 7.55244e+006 22.6337
400420 7.55244e+006 22.6337
400420 7.55244e+006 22.6337
400420 7.55244e+006 22.6337
400420 7.55244e+006 22.5964
400420 7.55244e+006 22.5964
400420 7.55244e+006 22.6337
400420 7.55244e+006 22.6337
400420 7.55244e+006 22.6337
400420 7.55244e+006 22.5964
400420 7.55244e+006 22.5964
400420 7.55244e+006 22.5964
400420 7.55244e+006 22.6337
400420 7.55244e+006 22.6337
400420 7.55244e+006 22.6337
400420 7.55244e+006 22.5964
400420 7.55244e+006 22.5964
400420 7.55244e+006 22.5964
400420 7.55244e+006 22.6337
400420 7.55244e+006 22.6337
400420 7.55244e+006 22.6337
400420 7.55244e+006 22.5964
400420 7.55244e+006 22.5964
400420 7.55244e+006 22.5964
400420 7.55244e+006 22.6337
400420 7.55244e+006 22.6337
400420 7.55244e+006 22.6337
400420 7.55244e+006 22.5964
400420 7.55244e+006 22.5964
400420 7.55244e+006 22.5964
400420 7.55244e+006 22.5964
400420 7.55244e+006 22.5964
400420 7.55244e+006 22.5964
400420 7.55244e+006 22.5964
400420 7.55244e+006 23.0335
400420 7.55244e+006 23.0335
400421 7.55244e+006 23.0335
400421 7.55244e+006 23.0335
400421 7.55244e+006 23.0335
400420 7.55244e+006 23.0335
400421 7.55244e+006 22.9961
400421 7.55244e+006 22.9961
400421 7.55244e+006 23.0335
400421 7.55244e+006 23.0335
400421 7.55244e+006 23.0335
400421 7.55244e+006 22.9961
400421 7.55244e+006 22.9961
400420 7.55244e+006 22.9961
400420 7.55244e+006 23.0335
400420 7.55244e+006 23.0335
400421 7.55244e+006 23.0335
400421 7.55244e+006 22.9961
400420 7.55244e+006 22.9961
400420 7.55244e+006 22.9961
400420 7.55244e+006 23.0335
400420 7.55244e+006 23.0335
400420 7.55244e+006 23.0335
400420 7.55244e+006 22.9961
400420 7.55244e+006 22.9961
400421 7.55244e+006 22.9961
400421 7.55244e+006 23.0335
400421 7.55244e+006 23.0335
400420 7.55244e+006 23.0335
400420 7.55244e+006 22.9961
400420 7.55244e+006 22.9961
400420 7.55244e+006 22.9961
400421 7.55244e+006 22.9961
400421 7.55244e+006 22.9961
400421 7.55244e+006 22.9961
400420 7.55244e+006 22.9961
400420 7.55244e+006 22.4339
400420 7.55244e+006 22.4339
400420 7.55244e+006 22.4339
400420 7.55244e+006 22.4339
400420 7.55244e+006 22.4339
400420 7.55244e+006 22.4339
400420 7.55244e+006 22.3965
400420 7.55244e+006 22.3965
400420 7.55244e+006 22.4339
400420 7.55244e+006 22.4339
400420 7.55244e+006 22.4339
400420 7.55244e+006 22.3965
400420 7.55244e+006 22.3965
400420 7.55244e+006 22.3965
400420 7.55244e+006 22.4339
400420 7.55244e+006 22.4339
400420 7.55244e+006 22.4339
400420 7.55244e+006 22.3965
400420 7.55244e+006 22.3965
400420 7.55244e+006 22.3965
400420 7.55244e+006 22.4339
400420 7.55244e+006 22.4339
400420 7.55244e+006 22.4339
400420 7.55244e+006 22.3965
400420 7.55244e+006 22.3965
400420 7.55244e+006 22.3965
400420 7.55244e+006 22.4339
400420 7.55244e+006 22.4339
400420 7.55244e+006 22.4339
400420 7.55244e+006 22.3965
400420 7.55244e+006 22.3965
400420 7.55244e+006 22.3965
400420 7.55244e+006 22.3965
400420 7.55244e+006 22.3965
400420 7.55244e+006 22.3965
400420 7.55244e+006 22.3965
400420 7.55244e+006 22.8336
400420 7.55244e+006 22.8336
400420 7.55244e+006 22.8336
400420 7.55244e+006 22.8336
400420 7.55244e+006 22.8336
400420 7.55244e+006 22.8336
400420 7.55244e+006 22.7962
400420 7.55244e+006 22.7962
400420 7.55244e+006 22.8336
400420 7.55244e+006 22.8336
400420 7.55244e+006 22.8336
400420 7.55244e+006 22.7962
400420 7.55244e+006 22.7962
400420 7.55244e+006 22.7962
400420 7.55244e+006 22.8336
400420 7.55244e+006 22.8336
400420 7.55244e+006 22.8336
400420 7.55244e+006 22.7962
400420 7.55244e+006 22.7962
400420 7.55244e+006 22.7962
400420 7.55244e+006 22.8336
400420 7.55244e+006 22.8336
400420 7.55244e+006 22.8336
400420 7.55244e+006 22.7962
400420 7.55244e+006 22.7962
400420 7.55244e+006 22.7962
400420 7.55244e+006 22.8336
400420 7.55244e+006 22.8336
400420 7.55244e+006 22.8336
400420 7.55244e+006 22.7962
400420 7.55244e+006 22.7962
400420 7.55244e+006 22.7962
400420 7.55244e+006 22.7962
400420 7.55244e+006 22.7962
400420 7.55244e+006 22.7962
400420 7.55244e+006 22.7962
400420 7.55244e+006 22.234
400420 7.55244e+006 22.234
400420 7.55244e+006 22.234
400420 7.55244e+006 22.234
400420 7.55244e+006 22.234
400420 7.55244e+006 22.234
400420 7.55244e+006 22.1967
400420 7.55244e+006 22.1967
400420 7.55244e+006 22.234
400420 7.55244e+006 22.234
400420 7.55244e+006 22.234
400420 7.55244e+006 22.1967
400420 7.55244e+006 22.1967
400420 7.55244e+006 22.1967
400420 7.55244e+006 22.234
400420 7.55244e+006 22.234
400420 7.55244e+006 22.234
400420 7.55244e+006 22.1967
400420 7.55244e+006 22.1967
400420 7.55244e+006 22.1967
400420 7.55244e+006 22.234
400420 7.55244e+006 22.234
400420 7.55244e+006 22.234
400420 7.55244e+006 22.1967
400420 7.55244e+006 22.1967
400420 7.55244e+006 22.1967
400420 7.55244e+006 22.234
400420 7.55244e+006 22.234
400420 7.55244e+006 22.234
400420 7.55244e+006 22.1967
400420 7.55244e+006 22.1967
400420 7.55244e+006 22.1967
400420 7.55244e+006 22.1967
400420 7.55244e+006 22.1967
400420 7.55244e+006 22.1967
400420 7.55244e+006 22.1967
400419 7.55244e+006 22.0342
400419 7.55244e+006 22.0342
400420 7.55244e+006 22.0342
400420 7.55244e+006 22.0342
400420 7.55244e+006 22.0342
400419 7.55244e+006 22.0342
400420 7.55244e+006 21.9968
400420 7.55244e+006 21.9968
400420 7.55244e+006 22.0342
400420 7.55244e+006 22.0342
400420 7.55244e+006 22.0342
400420 7.55244e+006 21.9968
400420 7.55244e+006 21.9968
400419 7.55244e+006 21.9968
400419 7.55244e+006 22.0342
400419 7.55244e+006 22.0342
400420 7.55244e+006 22.0342
400420 7.55244e+006 21.9968
400419 7.55244e+006 21.9968
400419 7.55244e+006 21.9968
400419 7.55244e+006 22.0342
400419 7.55244e+006 22.0342
400419 7.55244e+006 22.0342
400419 7.55244e+006 21.9968
400419 7.55244e+006 21.9968
400420 7.55244e+006 21.9968
400420 7.55244e+006 22.0342
400420 7.55244e+006 22.0342
400419 7.55244e+006 22.0342
400419 7.55244e+006 21.9968
400419 7.55244e+006 21.9968
400419 7.55244e+006 21.9968
400420 7.55244e+006 21.9968
400420 7.55244e+006 21.9968
400420 7.55244e+006 21.9968
400419 7.55244e+006 21.9968
400419 7.55244e+006 21.8343
400419 7.55244e+006 21.8343
400419 7.55244e+006 21.8343
400419 7.55244e+006 21.8343
400419 7.55244e+006 21.8343
400419 7.55244e+006 21.8343
400419 7.55244e+006 21.7969
400419 7.55244e+006 21.7969
400419 7.55244e+006 21.8343
400419 7.55244e+006 21.8343
400419 7.55244e+006 21.8343
400419 7.55244e+006 21.7969
400419 7.55244e+006 21.7969
400419 7.55244e+006 21.7969
400419 7.55244e+006 21.8343
400419 7.55244e+006 21.8343
400419 7.55244e+006 21.8343
400419 7.55244e+006 21.7969
400419 7.55244e+006 21.7969
400419 7.55244e+006 21.7969
400419 7.55244e+006 21.8343
400419 7.55244e+006 21.8343
400419 7.55244e+006 21.8343
400419 7.55244e+006 21.7969
400419 7.55244e+006 21.7969
400419 7.55244e+006 21.7969
400419 7.55244e+006 21.8343
400419 7.55244e+006 21.8343
400419 7.55244e+006 21.8343
400419 7.55244e+006 21.7969
400419 7.55244e+006 21.7969
400419 7.55244e+006 21.7969
400419 7.55244e+006 21.7969
400419 7.55244e+006 21.7969
400419 7.55244e+006 21.7969
400419 7.55244e+006 21.7969
400419 7.55244e+006 21.6344
400419 7.55244e+006 21.6344
400419 7.55244e+006 21.6344
400419 7.55244e+006 21.6344
400419 7.55244e+006 21.6344
400419 7.55244e+006 21.6344
400419 7.55244e+006 21.5971
400419 7.55244e+006 21.5971
400419 7.55244e+006 21.6344
400419 7.55244e+006 21.6344
400419 7.55244e+006 21.6344
400419 7.55244e+006 21.5971
400419 7.55244e+006 21.5971
400419 7.55244e+006 21.5971
400419 7.55244e+006 21.6344
400419 7.55244e+006 21.6344
400419 7.55244e+006 21.6344
400419 7.55244e+006 21.5971
400419 7.55244e+006 21.5971
400419 7.55244e+006 21.5971
400419 7.55244e+006 21.6344
400419 7.55244e+006 21.6344
400419 7.55244e+006 21.6344
400419 7.55244e+006 21.5971
400419 7.55244e+006 21.5971
400419 7.55244e+006 21.5971
400419 7.55244e+006 21.6344
400419 7.55244e+006 21.6344
400419 7.55244e+006 21.6344
400419 7.55244e+006 21.5971
400419 7.55244e+006 21.5971
400419 7.55244e+006 21.5971
400419 7.55244e+006 21.5971
400419 7.55244e+006 21.5971
400419 7.55244e+006 21.5971
400419 7.55244e+006 21.5971
