400512 7.55247e+006 26.185
400512 7.55247e+006 26.185
400509 7.55247e+006 26.185
400509 7.55247e+006 26.185
400509 7.55247e+006 26.185
400512 7.55247e+006 26.185
400509 7.55247e+006 26.185
400509 7.55247e+006 22.5665
400512 7.55247e+006 22.5665
400512 7.55247e+006 22.5665
400512 7.55247e+006 26.185
400509 7.55247e+006 26.185
400509 7.55247e+006 26.185
400509 7.55247e+006 22.5665
400509 7.55247e+006 22.5665
400509 7.55247e+006 22.5665
400509 7.55247e+006 26.185
400509 7.55247e+006 26.185
400512 7.55247e+006 26.185
400512 7.55247e+006 22.5665
400509 7.55247e+006 22.5665
400509 7.55247e+006 22.5665
400509 7.55247e+006 26.185
400512 7.55247e+006 26.185
400512 7.55247e+006 26.185
400512 7.55247e+006 22.5665
400512 7.55247e+006 22.5665
400512 7.55247e+006 22.5665
400512 7.55247e+006 26.185
400512 7.55247e+006 26.185
400512 7.55244e+006 26.182
400512 7.55245e+006 26.182
400509 7.55245e+006 26.182
400509 7.55245e+006 26.182
400509 7.55244e+006 26.182
400512 7.55244e+006 26.182
400509 7.55244e+006 26.182
400509 7.55244e+006 21.1082
400512 7.55244e+006 21.1082
400512 7.55244e+006 21.1082
400512 7.55244e+006 26.182
400509 7.55244e+006 26.182
400509 7.55245e+006 26.182
400509 7.55245e+006 21.1082
400509 7.55244e+006 21.1082
400509 7.55244e+006 21.1082
400509 7.55244e+006 26.182
400509 7.55245e+006 26.182
400512 7.55245e+006 26.182
400512 7.55245e+006 21.1082
400509 7.55245e+006 21.1082
400509 7.55245e+006 21.1082
400509 7.55245e+006 26.182
400512 7.55245e+006 26.182
400512 7.55244e+006 26.182
400512 7.55244e+006 21.1082
400512 7.55245e+006 21.1082
400512 7.55245e+006 21.1082
400512 7.55245e+006 26.182
400512 7.55244e+006 26.182
400512 7.55243e+006 26.182
400512 7.55244e+006 26.182
400509 7.55244e+006 26.182
400509 7.55244e+006 26.182
400509 7.55243e+006 26.182
400512 7.55243e+006 26.182
400509 7.55243e+006 26.182
400509 7.55243e+006 21.1082
400512 7.55243e+006 21.1082
400512 7.55243e+006 21.1082
400512 7.55243e+006 26.182
400509 7.55243e+006 26.182
400509 7.55244e+006 26.182
400509 7.55244e+006 21.1082
400509 7.55243e+006 21.1082
400509 7.55243e+006 21.1082
400509 7.55243e+006 26.182
400509 7.55244e+006 26.182
400512 7.55244e+006 26.182
400512 7.55244e+006 21.1082
400509 7.55244e+006 21.1082
400509 7.55244e+006 21.1082
400509 7.55244e+006 26.182
400512 7.55244e+006 26.182
400512 7.55243e+006 26.182
400512 7.55243e+006 21.1082
400512 7.55244e+006 21.1082
400512 7.55244e+006 21.1082
400512 7.55244e+006 26.182
400512 7.55243e+006 26.182
400512 7.55246e+006 26.176
400512 7.55246e+006 26.176
400509 7.55246e+006 26.176
400509 7.55246e+006 26.176
400509 7.55246e+006 26.176
400512 7.55246e+006 26.176
400509 7.55246e+006 26.176
400509 7.55246e+006 22.5571
400512 7.55246e+006 22.5571
400512 7.55246e+006 22.5571
400512 7.55246e+006 26.176
400509 7.55246e+006 26.176
400509 7.55246e+006 26.176
400509 7.55246e+006 22.5571
400509 7.55246e+006 22.5571
400509 7.55246e+006 22.5571
400509 7.55246e+006 26.176
400509 7.55246e+006 26.176
400512 7.55246e+006 26.176
400512 7.55246e+006 22.5571
400509 7.55246e+006 22.5571
400509 7.55246e+006 22.5571
400509 7.55246e+006 26.176
400512 7.55246e+006 26.176
400512 7.55246e+006 26.176
400512 7.55246e+006 22.5571
400512 7.55246e+006 22.5571
400512 7.55246e+006 22.5571
400512 7.55246e+006 26.176
400512 7.55246e+006 26.176
400497 7.55243e+006 46.1171
400497 7.55243e+006 46.5413
400493 7.55243e+006 46.5413
400493 7.55243e+006 46.5413
400493 7.55243e+006 46.1171
400497 7.55243e+006 46.1171
400497 7.55243e+006 46.5413
400497 7.55243e+006 46.9142
400493 7.55243e+006 46.9142
400493 7.55243e+006 46.9142
400493 7.55243e+006 46.5413
400497 7.55243e+006 46.5413
400497 7.55243e+006 46.9142
400497 7.55244e+006 47.1911
400493 7.55244e+006 47.1911
400493 7.55244e+006 47.1911
400493 7.55243e+006 46.9142
400497 7.55243e+006 46.9142
400497 7.55244e+006 47.1911
400497 7.55244e+006 47.3384
400493 7.55244e+006 47.3384
400493 7.55244e+006 47.3384
400493 7.55244e+006 47.1911
400497 7.55244e+006 47.1911
400497 7.55244e+006 47.3384
400497 7.55244e+006 47.3384
400493 7.55244e+006 47.3384
400493 7.55244e+006 47.3384
400493 7.55244e+006 47.3384
400497 7.55244e+006 47.3384
400497 7.55244e+006 47.3384
400497 7.55244e+006 47.1911
400493 7.55244e+006 47.1911
400493 7.55244e+006 47.1911
400493 7.55244e+006 47.3384
400497 7.55244e+006 47.3384
400497 7.55244e+006 47.1911
400497 7.55244e+006 46.9142
400493 7.55244e+006 46.9142
400493 7.55244e+006 46.9142
400493 7.55244e+006 47.1911
400497 7.55244e+006 47.1911
400497 7.55244e+006 46.9142
400497 7.55244e+006 46.5413
400493 7.55244e+006 46.5413
400493 7.55244e+006 46.5413
400493 7.55244e+006 46.9142
400497 7.55244e+006 46.9142
400497 7.55244e+006 46.5413
400497 7.55244e+006 46.1171
400493 7.55244e+006 46.1171
400493 7.55244e+006 46.1171
400493 7.55244e+006 46.5413
400497 7.55244e+006 46.5413
400497 7.55244e+006 46.1171
400497 7.55244e+006 45.693
400493 7.55244e+006 45.693
400493 7.55244e+006 45.693
400493 7.55244e+006 46.1171
400497 7.55244e+006 46.1171
400497 7.55244e+006 45.693
400497 7.55244e+006 45.32
400493 7.55244e+006 45.32
400493 7.55244e+006 45.32
400493 7.55244e+006 45.693
400497 7.55244e+006 45.693
400497 7.55244e+006 45.32
400497 7.55244e+006 45.0432
400493 7.55244e+006 45.0432
400493 7.55244e+006 45.0432
400493 7.55244e+006 45.32
400497 7.55244e+006 45.32
400497 7.55244e+006 45.0432
400497 7.55244e+006 44.8959
400493 7.55244e+006 44.8959
400493 7.55244e+006 44.8959
400493 7.55244e+006 45.0432
400497 7.55244e+006 45.0432
400497 7.55244e+006 44.8959
400497 7.55244e+006 44.8959
400493 7.55244e+006 44.8959
400493 7.55244e+006 44.8959
400493 7.55244e+006 44.8959
400497 7.55244e+006 44.8959
400497 7.55244e+006 44.8959
400497 7.55244e+006 45.0432
400493 7.55244e+006 45.0432
400493 7.55244e+006 45.0432
400493 7.55244e+006 44.8959
400497 7.55244e+006 44.8959
400497 7.55244e+006 45.0432
400497 7.55243e+006 45.32
400493 7.55243e+006 45.32
400493 7.55243e+006 45.32
400493 7.55244e+006 45.0432
400497 7.55244e+006 45.0432
400497 7.55243e+006 45.32
400497 7.55243e+006 45.693
400493 7.55243e+006 45.693
400493 7.55243e+006 45.693
400493 7.55243e+006 45.32
400497 7.55243e+006 45.32
400497 7.55243e+006 45.693
400497 7.55243e+006 46.1171
400493 7.55243e+006 46.1171
400493 7.55243e+006 46.1171
400493 7.55243e+006 45.693
400497 7.55243e+006 45.693
400497 7.55243e+006 46.5413
400497 7.55243e+006 46.1171
400498 7.55243e+006 46.1171
400498 7.55243e+006 46.1171
400498 7.55243e+006 46.5108
400497 7.55243e+006 46.5413
400497 7.55243e+006 46.9142
400497 7.55243e+006 46.5413
400498 7.55243e+006 46.5108
400498 7.55243e+006 46.5108
400498 7.55243e+006 46.857
400497 7.55243e+006 46.9142
400497 7.55244e+006 47.1911
400497 7.55243e+006 46.9142
400498 7.55243e+006 46.857
400498 7.55243e+006 46.857
400498 7.55244e+006 47.1139
400497 7.55244e+006 47.1911
400497 7.55244e+006 47.3384
400497 7.55244e+006 47.1911
400498 7.55244e+006 47.1139
400498 7.55244e+006 47.1139
400498 7.55244e+006 47.2506
400497 7.55244e+006 47.3384
400497 7.55244e+006 47.3384
400497 7.55244e+006 47.3384
400498 7.55244e+006 47.2506
400498 7.55244e+006 47.2506
400498 7.55244e+006 47.2506
400497 7.55244e+006 47.3384
400497 7.55244e+006 47.1911
400497 7.55244e+006 47.3384
400498 7.55244e+006 47.2506
400498 7.55244e+006 47.2506
400498 7.55244e+006 47.1139
400497 7.55244e+006 47.1911
400497 7.55244e+006 46.9142
400497 7.55244e+006 47.1911
400498 7.55244e+006 47.1139
400498 7.55244e+006 47.1139
400498 7.55244e+006 46.857
400497 7.55244e+006 46.9142
400497 7.55244e+006 46.5413
400497 7.55244e+006 46.9142
400498 7.55244e+006 46.857
400498 7.55244e+006 46.857
400498 7.55244e+006 46.5108
400497 7.55244e+006 46.5413
400497 7.55244e+006 46.1171
400497 7.55244e+006 46.5413
400498 7.55244e+006 46.5108
400498 7.55244e+006 46.5108
400498 7.55244e+006 46.1171
400497 7.55244e+006 46.1171
400497 7.55244e+006 45.693
400497 7.55244e+006 46.1171
400498 7.55244e+006 46.1171
400498 7.55244e+006 46.1171
400498 7.55244e+006 45.7235
400497 7.55244e+006 45.693
400497 7.55244e+006 45.32
400497 7.55244e+006 45.693
400498 7.55244e+006 45.7235
400498 7.55244e+006 45.7235
400498 7.55244e+006 45.3773
400497 7.55244e+006 45.32
400497 7.55244e+006 45.0432
400497 7.55244e+006 45.32
400498 7.55244e+006 45.3773
400498 7.55244e+006 45.3773
400498 7.55244e+006 45.1203
400497 7.55244e+006 45.0432
400497 7.55244e+006 44.8959
400497 7.55244e+006 45.0432
400498 7.55244e+006 45.1203
400498 7.55244e+006 45.1203
400498 7.55244e+006 44.9836
400497 7.55244e+006 44.8959
400497 7.55244e+006 44.8959
400497 7.55244e+006 44.8959
400498 7.55244e+006 44.9836
400498 7.55244e+006 44.9836
400498 7.55244e+006 44.9836
400497 7.55244e+006 44.8959
400497 7.55244e+006 45.0432
400497 7.55244e+006 44.8959
400498 7.55244e+006 44.9836
400498 7.55244e+006 44.9836
400498 7.55244e+006 45.1203
400497 7.55244e+006 45.0432
400497 7.55243e+006 45.32
400497 7.55244e+006 45.0432
400498 7.55244e+006 45.1203
400498 7.55244e+006 45.1203
400498 7.55243e+006 45.3773
400497 7.55243e+006 45.32
400497 7.55243e+006 45.693
400497 7.55243e+006 45.32
400498 7.55243e+006 45.3773
400498 7.55243e+006 45.3773
400498 7.55243e+006 45.7235
400497 7.55243e+006 45.693
400497 7.55243e+006 46.1171
400497 7.55243e+006 45.693
400498 7.55243e+006 45.7235
400498 7.55243e+006 45.7235
400498 7.55243e+006 46.1171
400497 7.55243e+006 46.1171
400498 7.55243e+006 46.5108
400498 7.55243e+006 46.1171
400498 7.55244e+006 46.1171
400498 7.55244e+006 46.1171
400498 7.55244e+006 46.3937
400498 7.55243e+006 46.5108
400498 7.55243e+006 46.857
400498 7.55243e+006 46.5108
400498 7.55244e+006 46.3937
400498 7.55244e+006 46.3937
400498 7.55244e+006 46.6369
400498 7.55243e+006 46.857
400498 7.55244e+006 47.1139
400498 7.55243e+006 46.857
400498 7.55244e+006 46.6369
400498 7.55244e+006 46.6369
400498 7.55244e+006 46.8173
400498 7.55244e+006 47.1139
400498 7.55244e+006 47.2506
400498 7.55244e+006 47.1139
400498 7.55244e+006 46.8173
400498 7.55244e+006 46.8173
400498 7.55244e+006 46.9134
400498 7.55244e+006 47.2506
400498 7.55244e+006 47.2506
400498 7.55244e+006 47.2506
400498 7.55244e+006 46.9134
400498 7.55244e+006 46.9134
400498 7.55244e+006 46.9134
400498 7.55244e+006 47.2506
400498 7.55244e+006 47.1139
400498 7.55244e+006 47.2506
400498 7.55244e+006 46.9134
400498 7.55244e+006 46.9134
400498 7.55244e+006 46.8173
400498 7.55244e+006 47.1139
400498 7.55244e+006 46.857
400498 7.55244e+006 47.1139
400498 7.55244e+006 46.8173
400498 7.55244e+006 46.8173
400498 7.55244e+006 46.6369
400498 7.55244e+006 46.857
400498 7.55244e+006 46.5108
400498 7.55244e+006 46.857
400498 7.55244e+006 46.6369
400498 7.55244e+006 46.6369
400498 7.55244e+006 46.3937
400498 7.55244e+006 46.5108
400498 7.55244e+006 46.1171
400498 7.55244e+006 46.5108
400498 7.55244e+006 46.3937
400498 7.55244e+006 46.3937
400498 7.55244e+006 46.1171
400498 7.55244e+006 46.1171
400498 7.55244e+006 45.7235
400498 7.55244e+006 46.1171
400498 7.55244e+006 46.1171
400498 7.55244e+006 46.1171
400498 7.55244e+006 45.8406
400498 7.55244e+006 45.7235
400498 7.55244e+006 45.3773
400498 7.55244e+006 45.7235
400498 7.55244e+006 45.8406
400498 7.55244e+006 45.8406
400498 7.55244e+006 45.5974
400498 7.55244e+006 45.3773
400498 7.55244e+006 45.1203
400498 7.55244e+006 45.3773
400498 7.55244e+006 45.5974
400498 7.55244e+006 45.5974
400498 7.55244e+006 45.4169
400498 7.55244e+006 45.1203
400498 7.55244e+006 44.9836
400498 7.55244e+006 45.1203
400498 7.55244e+006 45.4169
400498 7.55244e+006 45.4169
400498 7.55244e+006 45.3209
400498 7.55244e+006 44.9836
400498 7.55244e+006 44.9836
400498 7.55244e+006 44.9836
400498 7.55244e+006 45.3209
400498 7.55244e+006 45.3209
400498 7.55244e+006 45.3209
400498 7.55244e+006 44.9836
400498 7.55244e+006 45.1203
400498 7.55244e+006 44.9836
400498 7.55244e+006 45.3209
400498 7.55244e+006 45.3209
400498 7.55244e+006 45.4169
400498 7.55244e+006 45.1203
400498 7.55243e+006 45.3773
400498 7.55244e+006 45.1203
400498 7.55244e+006 45.4169
400498 7.55244e+006 45.4169
400498 7.55244e+006 45.5974
400498 7.55243e+006 45.3773
400498 7.55243e+006 45.7235
400498 7.55243e+006 45.3773
400498 7.55244e+006 45.5974
400498 7.55244e+006 45.5974
400498 7.55244e+006 45.8406
400498 7.55243e+006 45.7235
400498 7.55243e+006 46.1171
400498 7.55243e+006 45.7235
400498 7.55244e+006 45.8406
400498 7.55244e+006 45.8406
400498 7.55244e+006 46.1171
400498 7.55243e+006 46.1171
400498 7.55244e+006 46.3937
400498 7.55244e+006 46.1171
400498 7.55244e+006 46.1171
400498 7.55244e+006 46.1171
400498 7.55244e+006 46.2626
400498 7.55244e+006 46.3937
400498 7.55244e+006 46.6369
400498 7.55244e+006 46.3937
400498 7.55244e+006 46.2626
400498 7.55244e+006 46.2626
400498 7.55244e+006 46.3905
400498 7.55244e+006 46.6369
400498 7.55244e+006 46.8173
400498 7.55244e+006 46.6369
400498 7.55244e+006 46.3905
400498 7.55244e+006 46.3905
400498 7.55244e+006 46.4855
400498 7.55244e+006 46.8173
400498 7.55244e+006 46.9134
400498 7.55244e+006 46.8173
400498 7.55244e+006 46.4855
400498 7.55244e+006 46.4855
400498 7.55244e+006 46.536
400498 7.55244e+006 46.9134
400498 7.55244e+006 46.9134
400498 7.55244e+006 46.9134
400498 7.55244e+006 46.536
400498 7.55244e+006 46.536
400498 7.55244e+006 46.536
400498 7.55244e+006 46.9134
400498 7.55244e+006 46.8173
400498 7.55244e+006 46.9134
400498 7.55244e+006 46.536
400498 7.55244e+006 46.536
400498 7.55244e+006 46.4855
400498 7.55244e+006 46.8173
400498 7.55244e+006 46.6369
400498 7.55244e+006 46.8173
400498 7.55244e+006 46.4855
400498 7.55244e+006 46.4855
400498 7.55244e+006 46.3905
400498 7.55244e+006 46.6369
400498 7.55244e+006 46.3937
400498 7.55244e+006 46.6369
400498 7.55244e+006 46.3905
400498 7.55244e+006 46.3905
400498 7.55244e+006 46.2626
400498 7.55244e+006 46.3937
400498 7.55244e+006 46.1171
400498 7.55244e+006 46.3937
400498 7.55244e+006 46.2626
400498 7.55244e+006 46.2626
400498 7.55244e+006 46.1171
400498 7.55244e+006 46.1171
400498 7.55244e+006 45.8406
400498 7.55244e+006 46.1171
400498 7.55244e+006 46.1171
400498 7.55244e+006 46.1171
400498 7.55244e+006 45.9717
400498 7.55244e+006 45.8406
400498 7.55244e+006 45.5974
400498 7.55244e+006 45.8406
400498 7.55244e+006 45.9717
400498 7.55244e+006 45.9717
400498 7.55244e+006 45.8437
400498 7.55244e+006 45.5974
400498 7.55244e+006 45.4169
400498 7.55244e+006 45.5974
400498 7.55244e+006 45.8437
400498 7.55244e+006 45.8437
400498 7.55244e+006 45.7488
400498 7.55244e+006 45.4169
400498 7.55244e+006 45.3209
400498 7.55244e+006 45.4169
400498 7.55244e+006 45.7488
400498 7.55244e+006 45.7488
400498 7.55244e+006 45.6983
400498 7.55244e+006 45.3209
400498 7.55244e+006 45.3209
400498 7.55244e+006 45.3209
400498 7.55244e+006 45.6983
400498 7.55244e+006 45.6983
400498 7.55244e+006 45.6983
400498 7.55244e+006 45.3209
400498 7.55244e+006 45.4169
400498 7.55244e+006 45.3209
400498 7.55244e+006 45.6983
400498 7.55244e+006 45.6983
400498 7.55244e+006 45.7488
400498 7.55244e+006 45.4169
400498 7.55244e+006 45.5974
400498 7.55244e+006 45.4169
400498 7.55244e+006 45.7488
400498 7.55244e+006 45.7488
400498 7.55244e+006 45.8437
400498 7.55244e+006 45.5974
400498 7.55244e+006 45.8406
400498 7.55244e+006 45.5974
400498 7.55244e+006 45.8437
400498 7.55244e+006 45.8437
400498 7.55244e+006 45.9717
400498 7.55244e+006 45.8406
400498 7.55244e+006 46.1171
400498 7.55244e+006 45.8406
400498 7.55244e+006 45.9717
400498 7.55244e+006 45.9717
400498 7.55244e+006 46.1171
400498 7.55244e+006 46.1171
400498 7.55244e+006 46.2626
400498 7.55244e+006 46.1171
400498 7.55244e+006 46.1171
400498 7.55244e+006 46.1171
400498 7.55244e+006 46.1388
400498 7.55244e+006 46.2626
400498 7.55244e+006 46.3905
400498 7.55244e+006 46.2626
400498 7.55244e+006 46.1388
400498 7.55244e+006 46.1388
400498 7.55244e+006 46.1579
400498 7.55244e+006 46.3905
400498 7.55244e+006 46.4855
400498 7.55244e+006 46.3905
400498 7.55244e+006 46.1579
400498 7.55244e+006 46.1579
400498 7.55244e+006 46.1721
400498 7.55244e+006 46.4855
400498 7.55244e+006 46.536
400498 7.55244e+006 46.4855
400498 7.55244e+006 46.1721
400498 7.55244e+006 46.1721
400498 7.55244e+006 46.1796
400498 7.55244e+006 46.536
400498 7.55244e+006 46.536
400498 7.55244e+006 46.536
400498 7.55244e+006 46.1796
400498 7.55244e+006 46.1796
400498 7.55244e+006 46.1796
400498 7.55244e+006 46.536
400498 7.55244e+006 46.4855
400498 7.55244e+006 46.536
400498 7.55244e+006 46.1796
400498 7.55244e+006 46.1796
400498 7.55244e+006 46.1721
400498 7.55244e+006 46.4855
400498 7.55244e+006 46.3905
400498 7.55244e+006 46.4855
400498 7.55244e+006 46.1721
400498 7.55244e+006 46.1721
400498 7.55244e+006 46.1579
400498 7.55244e+006 46.3905
400498 7.55244e+006 46.2626
400498 7.55244e+006 46.3905
400498 7.55244e+006 46.1579
400498 7.55244e+006 46.1579
400498 7.55244e+006 46.1388
400498 7.55244e+006 46.2626
400498 7.55244e+006 46.1171
400498 7.55244e+006 46.2626
400498 7.55244e+006 46.1388
400498 7.55244e+006 46.1388
400498 7.55244e+006 46.1171
400498 7.55244e+006 46.1171
400498 7.55244e+006 45.9717
400498 7.55244e+006 46.1171
400498 7.55244e+006 46.1171
400498 7.55244e+006 46.1171
400498 7.55244e+006 46.0955
400498 7.55244e+006 45.9717
400498 7.55244e+006 45.8437
400498 7.55244e+006 45.9717
400498 7.55244e+006 46.0955
400498 7.55244e+006 46.0955
400498 7.55244e+006 46.0764
400498 7.55244e+006 45.8437
400498 7.55244e+006 45.7488
400498 7.55244e+006 45.8437
400498 7.55244e+006 46.0764
400498 7.55244e+006 46.0764
400498 7.55244e+006 46.0622
400498 7.55244e+006 45.7488
400498 7.55244e+006 45.6983
400498 7.55244e+006 45.7488
400498 7.55244e+006 46.0622
400498 7.55244e+006 46.0622
400498 7.55244e+006 46.0547
400498 7.55244e+006 45.6983
400498 7.55244e+006 45.6983
400498 7.55244e+006 45.6983
400498 7.55244e+006 46.0547
400498 7.55244e+006 46.0547
400498 7.55244e+006 46.0547
400498 7.55244e+006 45.6983
400498 7.55244e+006 45.7488
400498 7.55244e+006 45.6983
400498 7.55244e+006 46.0547
400498 7.55244e+006 46.0547
400498 7.55244e+006 46.0622
400498 7.55244e+006 45.7488
400498 7.55244e+006 45.8437
400498 7.55244e+006 45.7488
400498 7.55244e+006 46.0622
400498 7.55244e+006 46.0622
400498 7.55244e+006 46.0764
400498 7.55244e+006 45.8437
400498 7.55244e+006 45.9717
400498 7.55244e+006 45.8437
400498 7.55244e+006 46.0764
400498 7.55244e+006 46.0764
400498 7.55244e+006 46.0955
400498 7.55244e+006 45.9717
400498 7.55244e+006 46.1171
400498 7.55244e+006 45.9717
400498 7.55244e+006 46.0955
400498 7.55244e+006 46.0955
400498 7.55244e+006 46.1171
400498 7.55244e+006 46.1171
400498 7.55244e+006 46.0955
400498 7.55244e+006 46.0764
400498 7.55244e+006 46.0622
400498 7.55244e+006 46.0622
400498 7.55244e+006 46.0547
400498 7.55244e+006 46.0547
400498 7.55244e+006 46.0547
400498 7.55244e+006 46.0622
400498 7.55244e+006 46.0764
400498 7.55244e+006 46.0622
400498 7.55244e+006 46.0547
400498 7.55244e+006 46.0764
400498 7.55244e+006 46.0764
400498 7.55244e+006 46.0955
400498 7.55244e+006 46.1171
400498 7.55244e+006 46.1171
400498 7.55244e+006 46.1388
400498 7.55244e+006 46.1579
400498 7.55244e+006 46.0764
400498 7.55244e+006 46.1171
400498 7.55244e+006 46.1579
400498 7.55244e+006 46.1579
400498 7.55244e+006 46.1721
400498 7.55244e+006 46.1796
400498 7.55244e+006 46.1796
400498 7.55244e+006 46.1796
400498 7.55244e+006 46.1721
400498 7.55244e+006 46.1579
400498 7.55244e+006 46.1796
400498 7.55244e+006 46.1721
400498 7.55244e+006 46.0764
400498 7.55244e+006 46.1579
400498 7.55244e+006 46.1721
400498 7.55244e+006 46.0622
400498 7.55244e+006 46.0764
400498 7.55244e+006 46.1721
400498 7.55244e+006 46.1721
400498 7.55244e+006 46.1579
400498 7.55244e+006 46.1388
400498 7.55244e+006 46.0622
400498 7.55244e+006 46.1721
400498 7.55244e+006 46.1388
400498 7.55244e+006 46.0955
400498 7.55244e+006 46.0622
400498 7.55244e+006 46.1388
400498 7.55244e+006 46.1171
400498 7.55244e+006 46.0955
400498 7.55244e+006 46.1388
400493 7.55243e+006 46.1171
400493 7.55243e+006 46.5413
400492 7.55243e+006 46.5108
400492 7.55243e+006 46.5108
400492 7.55243e+006 46.1171
400493 7.55243e+006 46.1171
400493 7.55243e+006 46.5413
400493 7.55243e+006 46.9142
400492 7.55243e+006 46.857
400492 7.55243e+006 46.857
400492 7.55243e+006 46.5108
400493 7.55243e+006 46.5413
400493 7.55243e+006 46.9142
400493 7.55244e+006 47.1911
400492 7.55244e+006 47.1139
400492 7.55244e+006 47.1139
400492 7.55243e+006 46.857
400493 7.55243e+006 46.9142
400493 7.55244e+006 47.1911
400493 7.55244e+006 47.3384
400492 7.55244e+006 47.2506
400492 7.55244e+006 47.2506
400492 7.55244e+006 47.1139
400493 7.55244e+006 47.1911
400493 7.55244e+006 47.3384
400493 7.55244e+006 47.3384
400492 7.55244e+006 47.2506
400492 7.55244e+006 47.2506
400492 7.55244e+006 47.2506
400493 7.55244e+006 47.3384
400493 7.55244e+006 47.3384
400493 7.55244e+006 47.1911
400492 7.55244e+006 47.1139
400492 7.55244e+006 47.1139
400492 7.55244e+006 47.2506
400493 7.55244e+006 47.3384
400493 7.55244e+006 47.1911
400493 7.55244e+006 46.9142
400492 7.55244e+006 46.857
400492 7.55244e+006 46.857
400492 7.55244e+006 47.1139
400493 7.55244e+006 47.1911
400493 7.55244e+006 46.9142
400493 7.55244e+006 46.5413
400492 7.55244e+006 46.5108
400492 7.55244e+006 46.5108
400492 7.55244e+006 46.857
400493 7.55244e+006 46.9142
400493 7.55244e+006 46.5413
400493 7.55244e+006 46.1171
400492 7.55244e+006 46.1171
400492 7.55244e+006 46.1171
400492 7.55244e+006 46.5108
400493 7.55244e+006 46.5413
400493 7.55244e+006 46.1171
400493 7.55244e+006 45.693
400492 7.55244e+006 45.7235
400492 7.55244e+006 45.7235
400492 7.55244e+006 46.1171
400493 7.55244e+006 46.1171
400493 7.55244e+006 45.693
400493 7.55244e+006 45.32
400492 7.55244e+006 45.3773
400492 7.55244e+006 45.3773
400492 7.55244e+006 45.7235
400493 7.55244e+006 45.693
400493 7.55244e+006 45.32
400493 7.55244e+006 45.0432
400492 7.55244e+006 45.1203
400492 7.55244e+006 45.1203
400492 7.55244e+006 45.3773
400493 7.55244e+006 45.32
400493 7.55244e+006 45.0432
400493 7.55244e+006 44.8959
400492 7.55244e+006 44.9836
400492 7.55244e+006 44.9836
400492 7.55244e+006 45.1203
400493 7.55244e+006 45.0432
400493 7.55244e+006 44.8959
400493 7.55244e+006 44.8959
400492 7.55244e+006 44.9836
400492 7.55244e+006 44.9836
400492 7.55244e+006 44.9836
400493 7.55244e+006 44.8959
400493 7.55244e+006 44.8959
400493 7.55244e+006 45.0432
400492 7.55244e+006 45.1203
400492 7.55244e+006 45.1203
400492 7.55244e+006 44.9836
400493 7.55244e+006 44.8959
400493 7.55244e+006 45.0432
400493 7.55243e+006 45.32
400492 7.55243e+006 45.3773
400492 7.55243e+006 45.3773
400492 7.55244e+006 45.1203
400493 7.55244e+006 45.0432
400493 7.55243e+006 45.32
400493 7.55243e+006 45.693
400492 7.55243e+006 45.7235
400492 7.55243e+006 45.7235
400492 7.55243e+006 45.3773
400493 7.55243e+006 45.32
400493 7.55243e+006 45.693
400493 7.55243e+006 46.1171
400492 7.55243e+006 46.1171
400492 7.55243e+006 46.1171
400492 7.55243e+006 45.7235
400493 7.55243e+006 45.693
400492 7.55243e+006 46.1171
400492 7.55243e+006 46.5108
400492 7.55243e+006 46.4391
400492 7.55243e+006 46.4391
400492 7.55243e+006 46.1171
400492 7.55243e+006 46.1171
400492 7.55243e+006 46.5108
400492 7.55243e+006 46.857
400492 7.55244e+006 46.7223
400492 7.55244e+006 46.7223
400492 7.55243e+006 46.4391
400492 7.55243e+006 46.5108
400492 7.55243e+006 46.857
400492 7.55244e+006 47.1139
400492 7.55244e+006 46.9325
400492 7.55244e+006 46.9325
400492 7.55244e+006 46.7223
400492 7.55243e+006 46.857
400492 7.55244e+006 47.1139
400492 7.55244e+006 47.2506
400492 7.55244e+006 47.0443
400492 7.55244e+006 47.0443
400492 7.55244e+006 46.9325
400492 7.55244e+006 47.1139
400492 7.55244e+006 47.2506
400492 7.55244e+006 47.2506
400492 7.55244e+006 47.0443
400492 7.55244e+006 47.0443
400492 7.55244e+006 47.0443
400492 7.55244e+006 47.2506
400492 7.55244e+006 47.2506
400492 7.55244e+006 47.1139
400492 7.55244e+006 46.9325
400492 7.55244e+006 46.9325
400492 7.55244e+006 47.0443
400492 7.55244e+006 47.2506
400492 7.55244e+006 47.1139
400492 7.55244e+006 46.857
400492 7.55244e+006 46.7223
400492 7.55244e+006 46.7223
400492 7.55244e+006 46.9325
400492 7.55244e+006 47.1139
400492 7.55244e+006 46.857
400492 7.55244e+006 46.5108
400492 7.55244e+006 46.4391
400492 7.55244e+006 46.4391
400492 7.55244e+006 46.7223
400492 7.55244e+006 46.857
400492 7.55244e+006 46.5108
400492 7.55244e+006 46.1171
400492 7.55244e+006 46.1171
400492 7.55244e+006 46.1171
400492 7.55244e+006 46.4391
400492 7.55244e+006 46.5108
400492 7.55244e+006 46.1171
400492 7.55244e+006 45.7235
400492 7.55244e+006 45.7951
400492 7.55244e+006 45.7951
400492 7.55244e+006 46.1171
400492 7.55244e+006 46.1171
400492 7.55244e+006 45.7235
400492 7.55244e+006 45.3773
400492 7.55244e+006 45.512
400492 7.55244e+006 45.512
400492 7.55244e+006 45.7951
400492 7.55244e+006 45.7235
400492 7.55244e+006 45.3773
400492 7.55244e+006 45.1203
400492 7.55244e+006 45.3018
400492 7.55244e+006 45.3018
400492 7.55244e+006 45.512
400492 7.55244e+006 45.3773
400492 7.55244e+006 45.1203
400492 7.55244e+006 44.9836
400492 7.55244e+006 45.1899
400492 7.55244e+006 45.1899
400492 7.55244e+006 45.3018
400492 7.55244e+006 45.1203
400492 7.55244e+006 44.9836
400492 7.55244e+006 44.9836
400492 7.55244e+006 45.1899
400492 7.55244e+006 45.1899
400492 7.55244e+006 45.1899
400492 7.55244e+006 44.9836
400492 7.55244e+006 44.9836
400492 7.55244e+006 45.1203
400492 7.55244e+006 45.3018
400492 7.55244e+006 45.3018
400492 7.55244e+006 45.1899
400492 7.55244e+006 44.9836
400492 7.55244e+006 45.1203
400492 7.55243e+006 45.3773
400492 7.55244e+006 45.512
400492 7.55244e+006 45.512
400492 7.55244e+006 45.3018
400492 7.55244e+006 45.1203
400492 7.55243e+006 45.3773
400492 7.55243e+006 45.7235
400492 7.55243e+006 45.7951
400492 7.55243e+006 45.7951
400492 7.55244e+006 45.512
400492 7.55243e+006 45.3773
400492 7.55243e+006 45.7235
400492 7.55243e+006 46.1171
400492 7.55243e+006 46.1171
400492 7.55243e+006 46.1171
400492 7.55243e+006 45.7951
400492 7.55243e+006 45.7235
400492 7.55243e+006 46.1171
400492 7.55243e+006 46.4391
400492 7.55244e+006 46.3439
400492 7.55244e+006 46.3439
400492 7.55244e+006 46.1171
400492 7.55243e+006 46.1171
400492 7.55243e+006 46.4391
400492 7.55244e+006 46.7223
400492 7.55244e+006 46.5433
400492 7.55244e+006 46.5433
400492 7.55244e+006 46.3439
400492 7.55243e+006 46.4391
400492 7.55244e+006 46.7223
400492 7.55244e+006 46.9325
400492 7.55244e+006 46.6913
400492 7.55244e+006 46.6913
400492 7.55244e+006 46.5433
400492 7.55244e+006 46.7223
400492 7.55244e+006 46.9325
400492 7.55244e+006 47.0443
400492 7.55244e+006 46.7701
400492 7.55244e+006 46.7701
400492 7.55244e+006 46.6913
400492 7.55244e+006 46.9325
400492 7.55244e+006 47.0443
400492 7.55244e+006 47.0443
400492 7.55244e+006 46.7701
400492 7.55244e+006 46.7701
400492 7.55244e+006 46.7701
400492 7.55244e+006 47.0443
400492 7.55244e+006 47.0443
400492 7.55244e+006 46.9325
400492 7.55244e+006 46.6913
400492 7.55244e+006 46.6913
400492 7.55244e+006 46.7701
400492 7.55244e+006 47.0443
400492 7.55244e+006 46.9325
400492 7.55244e+006 46.7223
400492 7.55244e+006 46.5433
400492 7.55244e+006 46.5433
400492 7.55244e+006 46.6913
400492 7.55244e+006 46.9325
400492 7.55244e+006 46.7223
400492 7.55244e+006 46.4391
400492 7.55244e+006 46.3439
400492 7.55244e+006 46.3439
400492 7.55244e+006 46.5433
400492 7.55244e+006 46.7223
400492 7.55244e+006 46.4391
400492 7.55244e+006 46.1171
400492 7.55244e+006 46.1171
400492 7.55244e+006 46.1171
400492 7.55244e+006 46.3439
400492 7.55244e+006 46.4391
400492 7.55244e+006 46.1171
400492 7.55244e+006 45.7951
400492 7.55244e+006 45.8904
400492 7.55244e+006 45.8904
400492 7.55244e+006 46.1171
400492 7.55244e+006 46.1171
400492 7.55244e+006 45.7951
400492 7.55244e+006 45.512
400492 7.55244e+006 45.6909
400492 7.55244e+006 45.6909
400492 7.55244e+006 45.8904
400492 7.55244e+006 45.7951
400492 7.55244e+006 45.512
400492 7.55244e+006 45.3018
400492 7.55244e+006 45.5429
400492 7.55244e+006 45.5429
400492 7.55244e+006 45.6909
400492 7.55244e+006 45.512
400492 7.55244e+006 45.3018
400492 7.55244e+006 45.1899
400492 7.55244e+006 45.4642
400492 7.55244e+006 45.4642
400492 7.55244e+006 45.5429
400492 7.55244e+006 45.3018
400492 7.55244e+006 45.1899
400492 7.55244e+006 45.1899
400492 7.55244e+006 45.4642
400492 7.55244e+006 45.4642
400492 7.55244e+006 45.4642
400492 7.55244e+006 45.1899
400492 7.55244e+006 45.1899
400492 7.55244e+006 45.3018
400492 7.55244e+006 45.5429
400492 7.55244e+006 45.5429
400492 7.55244e+006 45.4642
400492 7.55244e+006 45.1899
400492 7.55244e+006 45.3018
400492 7.55244e+006 45.512
400492 7.55244e+006 45.6909
400492 7.55244e+006 45.6909
400492 7.55244e+006 45.5429
400492 7.55244e+006 45.3018
400492 7.55244e+006 45.512
400492 7.55243e+006 45.7951
400492 7.55244e+006 45.8904
400492 7.55244e+006 45.8904
400492 7.55244e+006 45.6909
400492 7.55244e+006 45.512
400492 7.55243e+006 45.7951
400492 7.55243e+006 46.1171
400492 7.55244e+006 46.1171
400492 7.55244e+006 46.1171
400492 7.55244e+006 45.8904
400492 7.55243e+006 45.7951
400492 7.55244e+006 46.1171
400492 7.55244e+006 46.3439
400492 7.55244e+006 46.2464
400492 7.55244e+006 46.2464
400492 7.55244e+006 46.1171
400492 7.55244e+006 46.1171
400492 7.55244e+006 46.3439
400492 7.55244e+006 46.5433
400492 7.55244e+006 46.36
400492 7.55244e+006 46.36
400492 7.55244e+006 46.2464
400492 7.55244e+006 46.3439
400492 7.55244e+006 46.5433
400492 7.55244e+006 46.6913
400492 7.55244e+006 46.4444
400492 7.55244e+006 46.4444
400492 7.55244e+006 46.36
400492 7.55244e+006 46.5433
400492 7.55244e+006 46.6913
400492 7.55244e+006 46.7701
400492 7.55244e+006 46.4893
400492 7.55244e+006 46.4893
400492 7.55244e+006 46.4444
400492 7.55244e+006 46.6913
400492 7.55244e+006 46.7701
400492 7.55244e+006 46.7701
400492 7.55244e+006 46.4893
400492 7.55244e+006 46.4893
400492 7.55244e+006 46.4893
400492 7.55244e+006 46.7701
400492 7.55244e+006 46.7701
400492 7.55244e+006 46.6913
400492 7.55244e+006 46.4444
400492 7.55244e+006 46.4444
400492 7.55244e+006 46.4893
400492 7.55244e+006 46.7701
400492 7.55244e+006 46.6913
400492 7.55244e+006 46.5433
400492 7.55244e+006 46.36
400492 7.55244e+006 46.36
400492 7.55244e+006 46.4444
400492 7.55244e+006 46.6913
400492 7.55244e+006 46.5433
400492 7.55244e+006 46.3439
400492 7.55244e+006 46.2464
400492 7.55244e+006 46.2464
400492 7.55244e+006 46.36
400492 7.55244e+006 46.5433
400492 7.55244e+006 46.3439
400492 7.55244e+006 46.1171
400492 7.55244e+006 46.1171
400492 7.55244e+006 46.1171
400492 7.55244e+006 46.2464
400492 7.55244e+006 46.3439
400492 7.55244e+006 46.1171
400492 7.55244e+006 45.8904
400492 7.55244e+006 45.9879
400492 7.55244e+006 45.9879
400492 7.55244e+006 46.1171
400492 7.55244e+006 46.1171
400492 7.55244e+006 45.8904
400492 7.55244e+006 45.6909
400492 7.55244e+006 45.8742
400492 7.55244e+006 45.8742
400492 7.55244e+006 45.9879
400492 7.55244e+006 45.8904
400492 7.55244e+006 45.6909
400492 7.55244e+006 45.5429
400492 7.55244e+006 45.7899
400492 7.55244e+006 45.7899
400492 7.55244e+006 45.8742
400492 7.55244e+006 45.6909
400492 7.55244e+006 45.5429
400492 7.55244e+006 45.4642
400492 7.55244e+006 45.745
400492 7.55244e+006 45.745
400492 7.55244e+006 45.7899
400492 7.55244e+006 45.5429
400492 7.55244e+006 45.4642
400492 7.55244e+006 45.4642
400492 7.55244e+006 45.745
400492 7.55244e+006 45.745
400492 7.55244e+006 45.745
400492 7.55244e+006 45.4642
400492 7.55244e+006 45.4642
400492 7.55244e+006 45.5429
400492 7.55244e+006 45.7899
400492 7.55244e+006 45.7899
400492 7.55244e+006 45.745
400492 7.55244e+006 45.4642
400492 7.55244e+006 45.5429
400492 7.55244e+006 45.6909
400492 7.55244e+006 45.8742
400492 7.55244e+006 45.8742
400492 7.55244e+006 45.7899
400492 7.55244e+006 45.5429
400492 7.55244e+006 45.6909
400492 7.55244e+006 45.8904
400492 7.55244e+006 45.9879
400492 7.55244e+006 45.9879
400492 7.55244e+006 45.8742
400492 7.55244e+006 45.6909
400492 7.55244e+006 45.8904
400492 7.55244e+006 46.1171
400492 7.55244e+006 46.1171
400492 7.55244e+006 46.1171
400492 7.55244e+006 45.9879
400492 7.55244e+006 45.8904
400492 7.55244e+006 46.1171
400492 7.55244e+006 46.2464
400492 7.55244e+006 46.1912
400492 7.55244e+006 46.1912
400492 7.55244e+006 46.1171
400492 7.55244e+006 46.1171
400492 7.55244e+006 46.2464
400492 7.55244e+006 46.36
400492 7.55244e+006 46.2563
400492 7.55244e+006 46.2563
400492 7.55244e+006 46.1912
400492 7.55244e+006 46.2464
400492 7.55244e+006 46.36
400492 7.55244e+006 46.4444
400492 7.55244e+006 46.3047
400492 7.55244e+006 46.3047
400492 7.55244e+006 46.2563
400492 7.55244e+006 46.36
400492 7.55244e+006 46.4444
400492 7.55244e+006 46.4893
400492 7.55244e+006 46.3304
400492 7.55244e+006 46.3304
400492 7.55244e+006 46.3047
400492 7.55244e+006 46.4444
400492 7.55244e+006 46.4893
400492 7.55244e+006 46.4893
400492 7.55244e+006 46.3304
400492 7.55244e+006 46.3304
400492 7.55244e+006 46.3304
400492 7.55244e+006 46.4893
400492 7.55244e+006 46.4893
400492 7.55244e+006 46.4444
400492 7.55244e+006 46.3047
400492 7.55244e+006 46.3047
400492 7.55244e+006 46.3304
400492 7.55244e+006 46.4893
400492 7.55244e+006 46.4444
400492 7.55244e+006 46.36
400492 7.55244e+006 46.2563
400492 7.55244e+006 46.2563
400492 7.55244e+006 46.3047
400492 7.55244e+006 46.4444
400492 7.55244e+006 46.36
400492 7.55244e+006 46.2464
400492 7.55244e+006 46.1912
400492 7.55244e+006 46.1912
400492 7.55244e+006 46.2563
400492 7.55244e+006 46.36
400492 7.55244e+006 46.2464
400492 7.55244e+006 46.1171
400492 7.55244e+006 46.1171
400492 7.55244e+006 46.1171
400492 7.55244e+006 46.1912
400492 7.55244e+006 46.2464
400492 7.55244e+006 46.1171
400492 7.55244e+006 45.9879
400492 7.55244e+006 46.0431
400492 7.55244e+006 46.0431
400492 7.55244e+006 46.1171
400492 7.55244e+006 46.1171
400492 7.55244e+006 45.9879
400492 7.55244e+006 45.8742
400492 7.55244e+006 45.9779
400492 7.55244e+006 45.9779
400492 7.55244e+006 46.0431
400492 7.55244e+006 45.9879
400492 7.55244e+006 45.8742
400492 7.55244e+006 45.7899
400492 7.55244e+006 45.9296
400492 7.55244e+006 45.9296
400492 7.55244e+006 45.9779
400492 7.55244e+006 45.8742
400492 7.55244e+006 45.7899
400492 7.55244e+006 45.745
400492 7.55244e+006 45.9039
400492 7.55244e+006 45.9039
400492 7.55244e+006 45.9296
400492 7.55244e+006 45.7899
400492 7.55244e+006 45.745
400492 7.55244e+006 45.745
400492 7.55244e+006 45.9039
400492 7.55244e+006 45.9039
400492 7.55244e+006 45.9039
400492 7.55244e+006 45.745
400492 7.55244e+006 45.745
400492 7.55244e+006 45.7899
400492 7.55244e+006 45.9296
400492 7.55244e+006 45.9296
400492 7.55244e+006 45.9039
400492 7.55244e+006 45.745
400492 7.55244e+006 45.7899
400492 7.55244e+006 45.8742
400492 7.55244e+006 45.9779
400492 7.55244e+006 45.9779
400492 7.55244e+006 45.9296
400492 7.55244e+006 45.7899
400492 7.55244e+006 45.8742
400492 7.55244e+006 45.9879
400492 7.55244e+006 46.0431
400492 7.55244e+006 46.0431
400492 7.55244e+006 45.9779
400492 7.55244e+006 45.8742
400492 7.55244e+006 45.9879
400492 7.55244e+006 46.1171
400492 7.55244e+006 46.1171
400492 7.55244e+006 46.1171
400492 7.55244e+006 46.0431
400492 7.55244e+006 45.9879
400492 7.55244e+006 46.2563
400492 7.55244e+006 46.3047
400492 7.55244e+006 46.3304
400492 7.55244e+006 46.3304
400492 7.55244e+006 46.3304
400492 7.55244e+006 46.3047
400492 7.55244e+006 46.3047
400492 7.55244e+006 46.2563
400492 7.55244e+006 46.1912
400492 7.55244e+006 46.3304
400492 7.55244e+006 46.3047
400492 7.55244e+006 46.1912
400492 7.55244e+006 46.1912
400492 7.55244e+006 46.1171
400492 7.55244e+006 46.0431
400492 7.55244e+006 46.0431
400492 7.55244e+006 45.9779
400492 7.55244e+006 45.9296
400492 7.55244e+006 46.1912
400492 7.55244e+006 46.0431
400492 7.55244e+006 45.9296
400492 7.55244e+006 45.9296
400492 7.55244e+006 45.9039
400492 7.55244e+006 45.9039
400492 7.55244e+006 45.9039
400492 7.55244e+006 45.9296
400492 7.55244e+006 45.9779
400492 7.55244e+006 45.9296
400492 7.55244e+006 45.9039
400492 7.55244e+006 45.9779
400492 7.55244e+006 46.1912
400492 7.55244e+006 45.9296
400492 7.55244e+006 45.9779
400492 7.55244e+006 46.3304
400492 7.55244e+006 46.1912
400492 7.55244e+006 45.9779
400492 7.55244e+006 45.9779
400492 7.55244e+006 46.0431
400492 7.55244e+006 46.1171
400492 7.55244e+006 46.3304
400492 7.55244e+006 45.9779
400492 7.55244e+006 46.1171
400492 7.55244e+006 46.2563
400492 7.55244e+006 46.3304
400492 7.55244e+006 46.1171
400492 7.55244e+006 46.1912
400492 7.55244e+006 46.2563
400492 7.55244e+006 46.1171
400497 7.55244e+006 46.1976
400497 7.55244e+006 46.6217
400493 7.55244e+006 46.6217
400493 7.55244e+006 46.6217
400493 7.55244e+006 46.1976
400497 7.55244e+006 46.1976
400497 7.55244e+006 46.6217
400497 7.55244e+006 46.9947
400493 7.55244e+006 46.9947
400493 7.55244e+006 46.9947
400493 7.55244e+006 46.6217
400497 7.55244e+006 46.6217
400497 7.55244e+006 46.9947
400497 7.55244e+006 47.2715
400493 7.55244e+006 47.2715
400493 7.55244e+006 47.2715
400493 7.55244e+006 46.9947
400497 7.55244e+006 46.9947
400497 7.55244e+006 47.2715
400497 7.55244e+006 47.4188
400493 7.55244e+006 47.4188
400493 7.55244e+006 47.4188
400493 7.55244e+006 47.2715
400497 7.55244e+006 47.2715
400497 7.55244e+006 47.4188
400497 7.55244e+006 47.4188
400493 7.55244e+006 47.4188
400493 7.55244e+006 47.4188
400493 7.55244e+006 47.4188
400497 7.55244e+006 47.4188
400497 7.55244e+006 47.4188
400497 7.55244e+006 47.2715
400493 7.55244e+006 47.2715
400493 7.55244e+006 47.2715
400493 7.55244e+006 47.4188
400497 7.55244e+006 47.4188
400497 7.55244e+006 47.2715
400497 7.55244e+006 46.9947
400493 7.55244e+006 46.9947
400493 7.55244e+006 46.9947
400493 7.55244e+006 47.2715
400497 7.55244e+006 47.2715
400497 7.55244e+006 46.9947
400497 7.55244e+006 46.6217
400493 7.55244e+006 46.6217
400493 7.55244e+006 46.6217
400493 7.55244e+006 46.9947
400497 7.55244e+006 46.9947
400497 7.55244e+006 46.6217
400497 7.55244e+006 46.1976
400493 7.55244e+006 46.1976
400493 7.55244e+006 46.1976
400493 7.55244e+006 46.6217
400497 7.55244e+006 46.6217
400497 7.55244e+006 46.1976
400497 7.55244e+006 45.7734
400493 7.55244e+006 45.7734
400493 7.55244e+006 45.7734
400493 7.55244e+006 46.1976
400497 7.55244e+006 46.1976
400497 7.55244e+006 45.7734
400497 7.55244e+006 45.4005
400493 7.55244e+006 45.4005
400493 7.55244e+006 45.4005
400493 7.55244e+006 45.7734
400497 7.55244e+006 45.7734
400497 7.55244e+006 45.4005
400497 7.55244e+006 45.1236
400493 7.55244e+006 45.1236
400493 7.55244e+006 45.1236
400493 7.55244e+006 45.4005
400497 7.55244e+006 45.4005
400497 7.55244e+006 45.1236
400497 7.55244e+006 44.9763
400493 7.55244e+006 44.9763
400493 7.55244e+006 44.9763
400493 7.55244e+006 45.1236
400497 7.55244e+006 45.1236
400497 7.55244e+006 44.9763
400497 7.55244e+006 44.9763
400493 7.55244e+006 44.9763
400493 7.55244e+006 44.9763
400493 7.55244e+006 44.9763
400497 7.55244e+006 44.9763
400497 7.55244e+006 44.9763
400497 7.55244e+006 45.1236
400493 7.55244e+006 45.1236
400493 7.55244e+006 45.1236
400493 7.55244e+006 44.9763
400497 7.55244e+006 44.9763
400497 7.55244e+006 45.1236
400497 7.55244e+006 45.4005
400493 7.55244e+006 45.4005
400493 7.55244e+006 45.4005
400493 7.55244e+006 45.1236
400497 7.55244e+006 45.1236
400497 7.55244e+006 45.4005
400497 7.55244e+006 45.7734
400493 7.55244e+006 45.7734
400493 7.55244e+006 45.7734
400493 7.55244e+006 45.4005
400497 7.55244e+006 45.4005
400497 7.55244e+006 45.7734
400497 7.55244e+006 46.1976
400493 7.55244e+006 46.1976
400493 7.55244e+006 46.1976
400493 7.55244e+006 45.7734
400497 7.55244e+006 45.7734
400497 7.55244e+006 46.6217
400497 7.55244e+006 46.1976
400498 7.55244e+006 46.1976
400498 7.55244e+006 46.1976
400498 7.55244e+006 46.5912
400497 7.55244e+006 46.6217
400497 7.55244e+006 46.9947
400497 7.55244e+006 46.6217
400498 7.55244e+006 46.5912
400498 7.55244e+006 46.5912
400498 7.55244e+006 46.9374
400497 7.55244e+006 46.9947
400497 7.55244e+006 47.2715
400497 7.55244e+006 46.9947
400498 7.55244e+006 46.9374
400498 7.55244e+006 46.9374
400498 7.55244e+006 47.1944
400497 7.55244e+006 47.2715
400497 7.55244e+006 47.4188
400497 7.55244e+006 47.2715
400498 7.55244e+006 47.1944
400498 7.55244e+006 47.1944
400498 7.55244e+006 47.3311
400497 7.55244e+006 47.4188
400497 7.55244e+006 47.4188
400497 7.55244e+006 47.4188
400498 7.55244e+006 47.3311
400498 7.55244e+006 47.3311
400498 7.55244e+006 47.3311
400497 7.55244e+006 47.4188
400497 7.55244e+006 47.2715
400497 7.55244e+006 47.4188
400498 7.55244e+006 47.3311
400498 7.55244e+006 47.3311
400498 7.55244e+006 47.1944
400497 7.55244e+006 47.2715
400497 7.55244e+006 46.9947
400497 7.55244e+006 47.2715
400498 7.55244e+006 47.1944
400498 7.55244e+006 47.1944
400498 7.55244e+006 46.9374
400497 7.55244e+006 46.9947
400497 7.55244e+006 46.6217
400497 7.55244e+006 46.9947
400498 7.55244e+006 46.9374
400498 7.55244e+006 46.9374
400498 7.55244e+006 46.5912
400497 7.55244e+006 46.6217
400497 7.55244e+006 46.1976
400497 7.55244e+006 46.6217
400498 7.55244e+006 46.5912
400498 7.55244e+006 46.5912
400498 7.55244e+006 46.1976
400497 7.55244e+006 46.1976
400497 7.55244e+006 45.7734
400497 7.55244e+006 46.1976
400498 7.55244e+006 46.1976
400498 7.55244e+006 46.1976
400498 7.55244e+006 45.8039
400497 7.55244e+006 45.7734
400497 7.55244e+006 45.4005
400497 7.55244e+006 45.7734
400498 7.55244e+006 45.8039
400498 7.55244e+006 45.8039
400498 7.55244e+006 45.4577
400497 7.55244e+006 45.4005
400497 7.55244e+006 45.1236
400497 7.55244e+006 45.4005
400498 7.55244e+006 45.4577
400498 7.55244e+006 45.4577
400498 7.55244e+006 45.2008
400497 7.55244e+006 45.1236
400497 7.55244e+006 44.9763
400497 7.55244e+006 45.1236
400498 7.55244e+006 45.2008
400498 7.55244e+006 45.2008
400498 7.55244e+006 45.0641
400497 7.55244e+006 44.9763
400497 7.55244e+006 44.9763
400497 7.55244e+006 44.9763
400498 7.55244e+006 45.0641
400498 7.55244e+006 45.0641
400498 7.55244e+006 45.0641
400497 7.55244e+006 44.9763
400497 7.55244e+006 45.1236
400497 7.55244e+006 44.9763
400498 7.55244e+006 45.0641
400498 7.55244e+006 45.0641
400498 7.55244e+006 45.2008
400497 7.55244e+006 45.1236
400497 7.55244e+006 45.4005
400497 7.55244e+006 45.1236
400498 7.55244e+006 45.2008
400498 7.55244e+006 45.2008
400498 7.55244e+006 45.4577
400497 7.55244e+006 45.4005
400497 7.55244e+006 45.7734
400497 7.55244e+006 45.4005
400498 7.55244e+006 45.4577
400498 7.55244e+006 45.4577
400498 7.55244e+006 45.8039
400497 7.55244e+006 45.7734
400497 7.55244e+006 46.1976
400497 7.55244e+006 45.7734
400498 7.55244e+006 45.8039
400498 7.55244e+006 45.8039
400498 7.55244e+006 46.1976
400497 7.55244e+006 46.1976
400498 7.55244e+006 46.5912
400498 7.55244e+006 46.1976
400498 7.55244e+006 46.1976
400498 7.55244e+006 46.1976
400498 7.55244e+006 46.4741
400498 7.55244e+006 46.5912
400498 7.55244e+006 46.9374
400498 7.55244e+006 46.5912
400498 7.55244e+006 46.4741
400498 7.55244e+006 46.4741
400498 7.55244e+006 46.7173
400498 7.55244e+006 46.9374
400498 7.55244e+006 47.1944
400498 7.55244e+006 46.9374
400498 7.55244e+006 46.7173
400498 7.55244e+006 46.7173
400498 7.55244e+006 46.8978
400498 7.55244e+006 47.1944
400498 7.55244e+006 47.3311
400498 7.55244e+006 47.1944
400498 7.55244e+006 46.8978
400498 7.55244e+006 46.8978
400498 7.55244e+006 46.9938
400498 7.55244e+006 47.3311
400498 7.55244e+006 47.3311
400498 7.55244e+006 47.3311
400498 7.55244e+006 46.9938
400498 7.55244e+006 46.9938
400498 7.55244e+006 46.9938
400498 7.55244e+006 47.3311
400498 7.55244e+006 47.1944
400498 7.55244e+006 47.3311
400498 7.55244e+006 46.9938
400498 7.55244e+006 46.9938
400498 7.55244e+006 46.8978
400498 7.55244e+006 47.1944
400498 7.55244e+006 46.9374
400498 7.55244e+006 47.1944
400498 7.55244e+006 46.8978
400498 7.55244e+006 46.8978
400498 7.55244e+006 46.7173
400498 7.55244e+006 46.9374
400498 7.55244e+006 46.5912
400498 7.55244e+006 46.9374
400498 7.55244e+006 46.7173
400498 7.55244e+006 46.7173
400498 7.55244e+006 46.4741
400498 7.55244e+006 46.5912
400498 7.55244e+006 46.1976
400498 7.55244e+006 46.5912
400498 7.55244e+006 46.4741
400498 7.55244e+006 46.4741
400498 7.55244e+006 46.1976
400498 7.55244e+006 46.1976
400498 7.55244e+006 45.8039
400498 7.55244e+006 46.1976
400498 7.55244e+006 46.1976
400498 7.55244e+006 46.1976
400498 7.55244e+006 45.921
400498 7.55244e+006 45.8039
400498 7.55244e+006 45.4577
400498 7.55244e+006 45.8039
400498 7.55244e+006 45.921
400498 7.55244e+006 45.921
400498 7.55244e+006 45.6779
400498 7.55244e+006 45.4577
400498 7.55244e+006 45.2008
400498 7.55244e+006 45.4577
400498 7.55244e+006 45.6779
400498 7.55244e+006 45.6779
400498 7.55244e+006 45.4974
400498 7.55244e+006 45.2008
400498 7.55244e+006 45.0641
400498 7.55244e+006 45.2008
400498 7.55244e+006 45.4974
400498 7.55244e+006 45.4974
400498 7.55244e+006 45.4013
400498 7.55244e+006 45.0641
400498 7.55244e+006 45.0641
400498 7.55244e+006 45.0641
400498 7.55244e+006 45.4013
400498 7.55244e+006 45.4013
400498 7.55244e+006 45.4013
400498 7.55244e+006 45.0641
400498 7.55244e+006 45.2008
400498 7.55244e+006 45.0641
400498 7.55244e+006 45.4013
400498 7.55244e+006 45.4013
400498 7.55244e+006 45.4974
400498 7.55244e+006 45.2008
400498 7.55244e+006 45.4577
400498 7.55244e+006 45.2008
400498 7.55244e+006 45.4974
400498 7.55244e+006 45.4974
400498 7.55244e+006 45.6779
400498 7.55244e+006 45.4577
400498 7.55244e+006 45.8039
400498 7.55244e+006 45.4577
400498 7.55244e+006 45.6779
400498 7.55244e+006 45.6779
400498 7.55244e+006 45.921
400498 7.55244e+006 45.8039
400498 7.55244e+006 46.1976
400498 7.55244e+006 45.8039
400498 7.55244e+006 45.921
400498 7.55244e+006 45.921
400498 7.55244e+006 46.1976
400498 7.55244e+006 46.1976
400498 7.55244e+006 46.4741
400498 7.55244e+006 46.1976
400498 7.55244e+006 46.1976
400498 7.55244e+006 46.1976
400498 7.55244e+006 46.3431
400498 7.55244e+006 46.4741
400498 7.55244e+006 46.7173
400498 7.55244e+006 46.4741
400498 7.55244e+006 46.3431
400498 7.55244e+006 46.3431
400498 7.55244e+006 46.471
400498 7.55244e+006 46.7173
400498 7.55244e+006 46.8978
400498 7.55244e+006 46.7173
400498 7.55244e+006 46.471
400498 7.55244e+006 46.471
400498 7.55244e+006 46.5659
400498 7.55244e+006 46.8978
400498 7.55244e+006 46.9938
400498 7.55244e+006 46.8978
400498 7.55244e+006 46.5659
400498 7.55244e+006 46.5659
400498 7.55244e+006 46.6165
400498 7.55244e+006 46.9938
400498 7.55244e+006 46.9938
400498 7.55244e+006 46.9938
400498 7.55244e+006 46.6165
400498 7.55244e+006 46.6165
400498 7.55244e+006 46.6165
400498 7.55244e+006 46.9938
400498 7.55244e+006 46.8978
400498 7.55244e+006 46.9938
400498 7.55244e+006 46.6165
400498 7.55244e+006 46.6165
400498 7.55244e+006 46.5659
400498 7.55244e+006 46.8978
400498 7.55244e+006 46.7173
400498 7.55244e+006 46.8978
400498 7.55244e+006 46.5659
400498 7.55244e+006 46.5659
400498 7.55244e+006 46.471
400498 7.55244e+006 46.7173
400498 7.55244e+006 46.4741
400498 7.55244e+006 46.7173
400498 7.55244e+006 46.471
400498 7.55244e+006 46.471
400498 7.55244e+006 46.3431
400498 7.55244e+006 46.4741
400498 7.55244e+006 46.1976
400498 7.55244e+006 46.4741
400498 7.55244e+006 46.3431
400498 7.55244e+006 46.3431
400498 7.55244e+006 46.1976
400498 7.55244e+006 46.1976
400498 7.55244e+006 45.921
400498 7.55244e+006 46.1976
400498 7.55244e+006 46.1976
400498 7.55244e+006 46.1976
400498 7.55244e+006 46.0521
400498 7.55244e+006 45.921
400498 7.55244e+006 45.6779
400498 7.55244e+006 45.921
400498 7.55244e+006 46.0521
400498 7.55244e+006 46.0521
400498 7.55244e+006 45.9242
400498 7.55244e+006 45.6779
400498 7.55244e+006 45.4974
400498 7.55244e+006 45.6779
400498 7.55244e+006 45.9242
400498 7.55244e+006 45.9242
400498 7.55244e+006 45.8292
400498 7.55244e+006 45.4974
400498 7.55244e+006 45.4013
400498 7.55244e+006 45.4974
400498 7.55244e+006 45.8292
400498 7.55244e+006 45.8292
400498 7.55244e+006 45.7787
400498 7.55244e+006 45.4013
400498 7.55244e+006 45.4013
400498 7.55244e+006 45.4013
400498 7.55244e+006 45.7787
400498 7.55244e+006 45.7787
400498 7.55244e+006 45.7787
400498 7.55244e+006 45.4013
400498 7.55244e+006 45.4974
400498 7.55244e+006 45.4013
400498 7.55244e+006 45.7787
400498 7.55244e+006 45.7787
400498 7.55244e+006 45.8292
400498 7.55244e+006 45.4974
400498 7.55244e+006 45.6779
400498 7.55244e+006 45.4974
400498 7.55244e+006 45.8292
400498 7.55244e+006 45.8292
400498 7.55244e+006 45.9242
400498 7.55244e+006 45.6779
400498 7.55244e+006 45.921
400498 7.55244e+006 45.6779
400498 7.55244e+006 45.9242
400498 7.55244e+006 45.9242
400498 7.55244e+006 46.0521
400498 7.55244e+006 45.921
400498 7.55244e+006 46.1976
400498 7.55244e+006 45.921
400498 7.55244e+006 46.0521
400498 7.55244e+006 46.0521
400498 7.55244e+006 46.1976
400498 7.55244e+006 46.1976
400498 7.55244e+006 46.3431
400498 7.55244e+006 46.1976
400498 7.55244e+006 46.1976
400498 7.55244e+006 46.1976
400498 7.55244e+006 46.2193
400498 7.55244e+006 46.3431
400498 7.55244e+006 46.471
400498 7.55244e+006 46.3431
400498 7.55244e+006 46.2193
400498 7.55244e+006 46.2193
400498 7.55244e+006 46.2383
400498 7.55244e+006 46.471
400498 7.55244e+006 46.5659
400498 7.55244e+006 46.471
400498 7.55244e+006 46.2383
400498 7.55244e+006 46.2383
400498 7.55244e+006 46.2525
400498 7.55244e+006 46.5659
400498 7.55244e+006 46.6165
400498 7.55244e+006 46.5659
400498 7.55244e+006 46.2525
400498 7.55244e+006 46.2525
400498 7.55244e+006 46.26
400498 7.55244e+006 46.6165
400498 7.55244e+006 46.6165
400498 7.55244e+006 46.6165
400498 7.55244e+006 46.26
400498 7.55244e+006 46.26
400498 7.55244e+006 46.26
400498 7.55244e+006 46.6165
400498 7.55244e+006 46.5659
400498 7.55244e+006 46.6165
400498 7.55244e+006 46.26
400498 7.55244e+006 46.26
400498 7.55244e+006 46.2525
400498 7.55244e+006 46.5659
400498 7.55244e+006 46.471
400498 7.55244e+006 46.5659
400498 7.55244e+006 46.2525
400498 7.55244e+006 46.2525
400498 7.55244e+006 46.2383
400498 7.55244e+006 46.471
400498 7.55244e+006 46.3431
400498 7.55244e+006 46.471
400498 7.55244e+006 46.2383
400498 7.55244e+006 46.2383
400498 7.55244e+006 46.2193
400498 7.55244e+006 46.3431
400498 7.55244e+006 46.1976
400498 7.55244e+006 46.3431
400498 7.55244e+006 46.2193
400498 7.55244e+006 46.2193
400498 7.55244e+006 46.1976
400498 7.55244e+006 46.1976
400498 7.55244e+006 46.0521
400498 7.55244e+006 46.1976
400498 7.55244e+006 46.1976
400498 7.55244e+006 46.1976
400498 7.55244e+006 46.1759
400498 7.55244e+006 46.0521
400498 7.55244e+006 45.9242
400498 7.55244e+006 46.0521
400498 7.55244e+006 46.1759
400498 7.55244e+006 46.1759
400498 7.55244e+006 46.1568
400498 7.55244e+006 45.9242
400498 7.55244e+006 45.8292
400498 7.55244e+006 45.9242
400498 7.55244e+006 46.1568
400498 7.55244e+006 46.1568
400498 7.55244e+006 46.1427
400498 7.55244e+006 45.8292
400498 7.55244e+006 45.7787
400498 7.55244e+006 45.8292
400498 7.55244e+006 46.1427
400498 7.55244e+006 46.1427
400498 7.55244e+006 46.1351
400498 7.55244e+006 45.7787
400498 7.55244e+006 45.7787
400498 7.55244e+006 45.7787
400498 7.55244e+006 46.1351
400498 7.55244e+006 46.1351
400498 7.55244e+006 46.1351
400498 7.55244e+006 45.7787
400498 7.55244e+006 45.8292
400498 7.55244e+006 45.7787
400498 7.55244e+006 46.1351
400498 7.55244e+006 46.1351
400498 7.55244e+006 46.1427
400498 7.55244e+006 45.8292
400498 7.55244e+006 45.9242
400498 7.55244e+006 45.8292
400498 7.55244e+006 46.1427
400498 7.55244e+006 46.1427
400498 7.55244e+006 46.1568
400498 7.55244e+006 45.9242
400498 7.55244e+006 46.0521
400498 7.55244e+006 45.9242
400498 7.55244e+006 46.1568
400498 7.55244e+006 46.1568
400498 7.55244e+006 46.1759
400498 7.55244e+006 46.0521
400498 7.55244e+006 46.1976
400498 7.55244e+006 46.0521
400498 7.55244e+006 46.1759
400498 7.55244e+006 46.1759
400498 7.55244e+006 46.1976
400498 7.55244e+006 46.1976
400498 7.55244e+006 46.1759
400498 7.55244e+006 46.1568
400498 7.55244e+006 46.1427
400498 7.55244e+006 46.1427
400498 7.55244e+006 46.1351
400498 7.55244e+006 46.1351
400498 7.55244e+006 46.1351
400498 7.55244e+006 46.1427
400498 7.55244e+006 46.1568
400498 7.55244e+006 46.1427
400498 7.55244e+006 46.1351
400498 7.55244e+006 46.1568
400498 7.55244e+006 46.1568
400498 7.55244e+006 46.1759
400498 7.55244e+006 46.1976
400498 7.55244e+006 46.1976
400498 7.55244e+006 46.2193
400498 7.55244e+006 46.2383
400498 7.55244e+006 46.1568
400498 7.55244e+006 46.1976
400498 7.55244e+006 46.2383
400498 7.55244e+006 46.2383
400498 7.55244e+006 46.2525
400498 7.55244e+006 46.26
400498 7.55244e+006 46.26
400498 7.55244e+006 46.26
400498 7.55244e+006 46.2525
400498 7.55244e+006 46.2383
400498 7.55244e+006 46.26
400498 7.55244e+006 46.2525
400498 7.55244e+006 46.1568
400498 7.55244e+006 46.2383
400498 7.55244e+006 46.2525
400498 7.55244e+006 46.1427
400498 7.55244e+006 46.1568
400498 7.55244e+006 46.2525
400498 7.55244e+006 46.2525
400498 7.55244e+006 46.2383
400498 7.55244e+006 46.2193
400498 7.55244e+006 46.1427
400498 7.55244e+006 46.2525
400498 7.55244e+006 46.2193
400498 7.55244e+006 46.1759
400498 7.55244e+006 46.1427
400498 7.55244e+006 46.2193
400498 7.55244e+006 46.1976
400498 7.55244e+006 46.1759
400498 7.55244e+006 46.2193
400493 7.55244e+006 46.1976
400493 7.55244e+006 46.6217
400492 7.55244e+006 46.5912
400492 7.55244e+006 46.5912
400492 7.55244e+006 46.1976
400493 7.55244e+006 46.1976
400493 7.55244e+006 46.6217
400493 7.55244e+006 46.9947
400492 7.55244e+006 46.9374
400492 7.55244e+006 46.9374
400492 7.55244e+006 46.5912
400493 7.55244e+006 46.6217
400493 7.55244e+006 46.9947
400493 7.55244e+006 47.2715
400492 7.55244e+006 47.1944
400492 7.55244e+006 47.1944
400492 7.55244e+006 46.9374
400493 7.55244e+006 46.9947
400493 7.55244e+006 47.2715
400493 7.55244e+006 47.4188
400492 7.55244e+006 47.3311
400492 7.55244e+006 47.3311
400492 7.55244e+006 47.1944
400493 7.55244e+006 47.2715
400493 7.55244e+006 47.4188
400493 7.55244e+006 47.4188
400492 7.55244e+006 47.3311
400492 7.55244e+006 47.3311
400492 7.55244e+006 47.3311
400493 7.55244e+006 47.4188
400493 7.55244e+006 47.4188
400493 7.55244e+006 47.2715
400492 7.55244e+006 47.1944
400492 7.55244e+006 47.1944
400492 7.55244e+006 47.3311
400493 7.55244e+006 47.4188
400493 7.55244e+006 47.2715
400493 7.55244e+006 46.9947
400492 7.55244e+006 46.9374
400492 7.55244e+006 46.9374
400492 7.55244e+006 47.1944
400493 7.55244e+006 47.2715
400493 7.55244e+006 46.9947
400493 7.55244e+006 46.6217
400492 7.55244e+006 46.5912
400492 7.55244e+006 46.5912
400492 7.55244e+006 46.9374
400493 7.55244e+006 46.9947
400493 7.55244e+006 46.6217
400493 7.55244e+006 46.1976
400492 7.55244e+006 46.1976
400492 7.55244e+006 46.1976
400492 7.55244e+006 46.5912
400493 7.55244e+006 46.6217
400493 7.55244e+006 46.1976
400493 7.55244e+006 45.7734
400492 7.55244e+006 45.8039
400492 7.55244e+006 45.8039
400492 7.55244e+006 46.1976
400493 7.55244e+006 46.1976
400493 7.55244e+006 45.7734
400493 7.55244e+006 45.4005
400492 7.55244e+006 45.4577
400492 7.55244e+006 45.4577
400492 7.55244e+006 45.8039
400493 7.55244e+006 45.7734
400493 7.55244e+006 45.4005
400493 7.55244e+006 45.1236
400492 7.55244e+006 45.2008
400492 7.55244e+006 45.2008
400492 7.55244e+006 45.4577
400493 7.55244e+006 45.4005
400493 7.55244e+006 45.1236
400493 7.55244e+006 44.9763
400492 7.55244e+006 45.0641
400492 7.55244e+006 45.0641
400492 7.55244e+006 45.2008
400493 7.55244e+006 45.1236
400493 7.55244e+006 44.9763
400493 7.55244e+006 44.9763
400492 7.55244e+006 45.0641
400492 7.55244e+006 45.0641
400492 7.55244e+006 45.0641
400493 7.55244e+006 44.9763
400493 7.55244e+006 44.9763
400493 7.55244e+006 45.1236
400492 7.55244e+006 45.2008
400492 7.55244e+006 45.2008
400492 7.55244e+006 45.0641
400493 7.55244e+006 44.9763
400493 7.55244e+006 45.1236
400493 7.55244e+006 45.4005
400492 7.55244e+006 45.4577
400492 7.55244e+006 45.4577
400492 7.55244e+006 45.2008
400493 7.55244e+006 45.1236
400493 7.55244e+006 45.4005
400493 7.55244e+006 45.7734
400492 7.55244e+006 45.8039
400492 7.55244e+006 45.8039
400492 7.55244e+006 45.4577
400493 7.55244e+006 45.4005
400493 7.55244e+006 45.7734
400493 7.55244e+006 46.1976
400492 7.55244e+006 46.1976
400492 7.55244e+006 46.1976
400492 7.55244e+006 45.8039
400493 7.55244e+006 45.7734
400492 7.55244e+006 46.1976
400492 7.55244e+006 46.5912
400492 7.55244e+006 46.5196
400492 7.55244e+006 46.5196
400492 7.55244e+006 46.1976
400492 7.55244e+006 46.1976
400492 7.55244e+006 46.5912
400492 7.55244e+006 46.9374
400492 7.55244e+006 46.8028
400492 7.55244e+006 46.8028
400492 7.55244e+006 46.5196
400492 7.55244e+006 46.5912
400492 7.55244e+006 46.9374
400492 7.55244e+006 47.1944
400492 7.55244e+006 47.0129
400492 7.55244e+006 47.0129
400492 7.55244e+006 46.8028
400492 7.55244e+006 46.9374
400492 7.55244e+006 47.1944
400492 7.55244e+006 47.3311
400492 7.55244e+006 47.1248
400492 7.55244e+006 47.1248
400492 7.55244e+006 47.0129
400492 7.55244e+006 47.1944
400492 7.55244e+006 47.3311
400492 7.55244e+006 47.3311
400492 7.55244e+006 47.1248
400492 7.55244e+006 47.1248
400492 7.55244e+006 47.1248
400492 7.55244e+006 47.3311
400492 7.55244e+006 47.3311
400492 7.55244e+006 47.1944
400492 7.55244e+006 47.0129
400492 7.55244e+006 47.0129
400492 7.55244e+006 47.1248
400492 7.55244e+006 47.3311
400492 7.55244e+006 47.1944
400492 7.55244e+006 46.9374
400492 7.55244e+006 46.8028
400492 7.55244e+006 46.8028
400492 7.55244e+006 47.0129
400492 7.55244e+006 47.1944
400492 7.55244e+006 46.9374
400492 7.55244e+006 46.5912
400492 7.55244e+006 46.5196
400492 7.55244e+006 46.5196
400492 7.55244e+006 46.8028
400492 7.55244e+006 46.9374
400492 7.55244e+006 46.5912
400492 7.55244e+006 46.1976
400492 7.55244e+006 46.1976
400492 7.55244e+006 46.1976
400492 7.55244e+006 46.5196
400492 7.55244e+006 46.5912
400492 7.55244e+006 46.1976
400492 7.55244e+006 45.8039
400492 7.55244e+006 45.8756
400492 7.55244e+006 45.8756
400492 7.55244e+006 46.1976
400492 7.55244e+006 46.1976
400492 7.55244e+006 45.8039
400492 7.55244e+006 45.4577
400492 7.55244e+006 45.5924
400492 7.55244e+006 45.5924
400492 7.55244e+006 45.8756
400492 7.55244e+006 45.8039
400492 7.55244e+006 45.4577
400492 7.55244e+006 45.2008
400492 7.55244e+006 45.3822
400492 7.55244e+006 45.3822
400492 7.55244e+006 45.5924
400492 7.55244e+006 45.4577
400492 7.55244e+006 45.2008
400492 7.55244e+006 45.0641
400492 7.55244e+006 45.2704
400492 7.55244e+006 45.2704
400492 7.55244e+006 45.3822
400492 7.55244e+006 45.2008
400492 7.55244e+006 45.0641
400492 7.55244e+006 45.0641
400492 7.55244e+006 45.2704
400492 7.55244e+006 45.2704
400492 7.55244e+006 45.2704
400492 7.55244e+006 45.0641
400492 7.55244e+006 45.0641
400492 7.55244e+006 45.2008
400492 7.55244e+006 45.3822
400492 7.55244e+006 45.3822
400492 7.55244e+006 45.2704
400492 7.55244e+006 45.0641
400492 7.55244e+006 45.2008
400492 7.55244e+006 45.4577
400492 7.55244e+006 45.5924
400492 7.55244e+006 45.5924
400492 7.55244e+006 45.3822
400492 7.55244e+006 45.2008
400492 7.55244e+006 45.4577
400492 7.55244e+006 45.8039
400492 7.55244e+006 45.8756
400492 7.55244e+006 45.8756
400492 7.55244e+006 45.5924
400492 7.55244e+006 45.4577
400492 7.55244e+006 45.8039
400492 7.55244e+006 46.1976
400492 7.55244e+006 46.1976
400492 7.55244e+006 46.1976
400492 7.55244e+006 45.8756
400492 7.55244e+006 45.8039
400492 7.55244e+006 46.1976
400492 7.55244e+006 46.5196
400492 7.55244e+006 46.4244
400492 7.55244e+006 46.4244
400492 7.55244e+006 46.1976
400492 7.55244e+006 46.1976
400492 7.55244e+006 46.5196
400492 7.55244e+006 46.8028
400492 7.55244e+006 46.6238
400492 7.55244e+006 46.6238
400492 7.55244e+006 46.4244
400492 7.55244e+006 46.5196
400492 7.55244e+006 46.8028
400492 7.55244e+006 47.0129
400492 7.55244e+006 46.7718
400492 7.55244e+006 46.7718
400492 7.55244e+006 46.6238
400492 7.55244e+006 46.8028
400492 7.55244e+006 47.0129
400492 7.55244e+006 47.1248
400492 7.55244e+006 46.8505
400492 7.55244e+006 46.8505
400492 7.55244e+006 46.7718
400492 7.55244e+006 47.0129
400492 7.55244e+006 47.1248
400492 7.55244e+006 47.1248
400492 7.55244e+006 46.8505
400492 7.55244e+006 46.8505
400492 7.55244e+006 46.8505
400492 7.55244e+006 47.1248
400492 7.55244e+006 47.1248
400492 7.55244e+006 47.0129
400492 7.55244e+006 46.7718
400492 7.55244e+006 46.7718
400492 7.55244e+006 46.8505
400492 7.55244e+006 47.1248
400492 7.55244e+006 47.0129
400492 7.55244e+006 46.8028
400492 7.55244e+006 46.6238
400492 7.55244e+006 46.6238
400492 7.55244e+006 46.7718
400492 7.55244e+006 47.0129
400492 7.55244e+006 46.8028
400492 7.55244e+006 46.5196
400492 7.55244e+006 46.4244
400492 7.55244e+006 46.4244
400492 7.55244e+006 46.6238
400492 7.55244e+006 46.8028
400492 7.55244e+006 46.5196
400492 7.55244e+006 46.1976
400492 7.55244e+006 46.1976
400492 7.55244e+006 46.1976
400492 7.55244e+006 46.4244
400492 7.55244e+006 46.5196
400492 7.55244e+006 46.1976
400492 7.55244e+006 45.8756
400492 7.55244e+006 45.9708
400492 7.55244e+006 45.9708
400492 7.55244e+006 46.1976
400492 7.55244e+006 46.1976
400492 7.55244e+006 45.8756
400492 7.55244e+006 45.5924
400492 7.55244e+006 45.7714
400492 7.55244e+006 45.7714
400492 7.55244e+006 45.9708
400492 7.55244e+006 45.8756
400492 7.55244e+006 45.5924
400492 7.55244e+006 45.3822
400492 7.55244e+006 45.6234
400492 7.55244e+006 45.6234
400492 7.55244e+006 45.7714
400492 7.55244e+006 45.5924
400492 7.55244e+006 45.3822
400492 7.55244e+006 45.2704
400492 7.55244e+006 45.5446
400492 7.55244e+006 45.5446
400492 7.55244e+006 45.6234
400492 7.55244e+006 45.3822
400492 7.55244e+006 45.2704
400492 7.55244e+006 45.2704
400492 7.55244e+006 45.5446
400492 7.55244e+006 45.5446
400492 7.55244e+006 45.5446
400492 7.55244e+006 45.2704
400492 7.55244e+006 45.2704
400492 7.55244e+006 45.3822
400492 7.55244e+006 45.6234
400492 7.55244e+006 45.6234
400492 7.55244e+006 45.5446
400492 7.55244e+006 45.2704
400492 7.55244e+006 45.3822
400492 7.55244e+006 45.5924
400492 7.55244e+006 45.7714
400492 7.55244e+006 45.7714
400492 7.55244e+006 45.6234
400492 7.55244e+006 45.3822
400492 7.55244e+006 45.5924
400492 7.55244e+006 45.8756
400492 7.55244e+006 45.9708
400492 7.55244e+006 45.9708
400492 7.55244e+006 45.7714
400492 7.55244e+006 45.5924
400492 7.55244e+006 45.8756
400492 7.55244e+006 46.1976
400492 7.55244e+006 46.1976
400492 7.55244e+006 46.1976
400492 7.55244e+006 45.9708
400492 7.55244e+006 45.8756
400492 7.55244e+006 46.1976
400492 7.55244e+006 46.4244
400492 7.55244e+006 46.3268
400492 7.55244e+006 46.3268
400492 7.55244e+006 46.1976
400492 7.55244e+006 46.1976
400492 7.55244e+006 46.4244
400492 7.55244e+006 46.6238
400492 7.55244e+006 46.4405
400492 7.55244e+006 46.4405
400492 7.55244e+006 46.3268
400492 7.55244e+006 46.4244
400492 7.55244e+006 46.6238
400492 7.55244e+006 46.7718
400492 7.55244e+006 46.5248
400492 7.55244e+006 46.5248
400492 7.55244e+006 46.4405
400492 7.55244e+006 46.6238
400492 7.55244e+006 46.7718
400492 7.55244e+006 46.8505
400492 7.55244e+006 46.5697
400492 7.55244e+006 46.5697
400492 7.55244e+006 46.5248
400492 7.55244e+006 46.7718
400492 7.55244e+006 46.8505
400492 7.55244e+006 46.8505
400492 7.55244e+006 46.5697
400492 7.55244e+006 46.5697
400492 7.55244e+006 46.5697
400492 7.55244e+006 46.8505
400492 7.55244e+006 46.8505
400492 7.55244e+006 46.7718
400492 7.55244e+006 46.5248
400492 7.55244e+006 46.5248
400492 7.55244e+006 46.5697
400492 7.55244e+006 46.8505
400492 7.55244e+006 46.7718
400492 7.55244e+006 46.6238
400492 7.55244e+006 46.4405
400492 7.55244e+006 46.4405
400492 7.55244e+006 46.5248
400492 7.55244e+006 46.7718
400492 7.55244e+006 46.6238
400492 7.55244e+006 46.4244
400492 7.55244e+006 46.3268
400492 7.55244e+006 46.3268
400492 7.55244e+006 46.4405
400492 7.55244e+006 46.6238
400492 7.55244e+006 46.4244
400492 7.55244e+006 46.1976
400492 7.55244e+006 46.1976
400492 7.55244e+006 46.1976
400492 7.55244e+006 46.3268
400492 7.55244e+006 46.4244
400492 7.55244e+006 46.1976
400492 7.55244e+006 45.9708
400492 7.55244e+006 46.0683
400492 7.55244e+006 46.0683
400492 7.55244e+006 46.1976
400492 7.55244e+006 46.1976
400492 7.55244e+006 45.9708
400492 7.55244e+006 45.7714
400492 7.55244e+006 45.9547
400492 7.55244e+006 45.9547
400492 7.55244e+006 46.0683
400492 7.55244e+006 45.9708
400492 7.55244e+006 45.7714
400492 7.55244e+006 45.6234
400492 7.55244e+006 45.8703
400492 7.55244e+006 45.8703
400492 7.55244e+006 45.9547
400492 7.55244e+006 45.7714
400492 7.55244e+006 45.6234
400492 7.55244e+006 45.5446
400492 7.55244e+006 45.8254
400492 7.55244e+006 45.8254
400492 7.55244e+006 45.8703
400492 7.55244e+006 45.6234
400492 7.55244e+006 45.5446
400492 7.55244e+006 45.5446
400492 7.55244e+006 45.8254
400492 7.55244e+006 45.8254
400492 7.55244e+006 45.8254
400492 7.55244e+006 45.5446
400492 7.55244e+006 45.5446
400492 7.55244e+006 45.6234
400492 7.55244e+006 45.8703
400492 7.55244e+006 45.8703
400492 7.55244e+006 45.8254
400492 7.55244e+006 45.5446
400492 7.55244e+006 45.6234
400492 7.55244e+006 45.7714
400492 7.55244e+006 45.9547
400492 7.55244e+006 45.9547
400492 7.55244e+006 45.8703
400492 7.55244e+006 45.6234
400492 7.55244e+006 45.7714
400492 7.55244e+006 45.9708
400492 7.55244e+006 46.0683
400492 7.55244e+006 46.0683
400492 7.55244e+006 45.9547
400492 7.55244e+006 45.7714
400492 7.55244e+006 45.9708
400492 7.55244e+006 46.1976
400492 7.55244e+006 46.1976
400492 7.55244e+006 46.1976
400492 7.55244e+006 46.0683
400492 7.55244e+006 45.9708
400492 7.55244e+006 46.1976
400492 7.55244e+006 46.3268
400492 7.55244e+006 46.2716
400492 7.55244e+006 46.2716
400492 7.55244e+006 46.1976
400492 7.55244e+006 46.1976
400492 7.55244e+006 46.3268
400492 7.55244e+006 46.4405
400492 7.55244e+006 46.3368
400492 7.55244e+006 46.3368
400492 7.55244e+006 46.2716
400492 7.55244e+006 46.3268
400492 7.55244e+006 46.4405
400492 7.55244e+006 46.5248
400492 7.55244e+006 46.3851
400492 7.55244e+006 46.3851
400492 7.55244e+006 46.3368
400492 7.55244e+006 46.4405
400492 7.55244e+006 46.5248
400492 7.55244e+006 46.5697
400492 7.55244e+006 46.4108
400492 7.55244e+006 46.4108
400492 7.55244e+006 46.3851
400492 7.55244e+006 46.5248
400492 7.55244e+006 46.5697
400492 7.55244e+006 46.5697
400492 7.55244e+006 46.4108
400492 7.55244e+006 46.4108
400492 7.55244e+006 46.4108
400492 7.55244e+006 46.5697
400492 7.55244e+006 46.5697
400492 7.55244e+006 46.5248
400492 7.55244e+006 46.3851
400492 7.55244e+006 46.3851
400492 7.55244e+006 46.4108
400492 7.55244e+006 46.5697
400492 7.55244e+006 46.5248
400492 7.55244e+006 46.4405
400492 7.55244e+006 46.3368
400492 7.55244e+006 46.3368
400492 7.55244e+006 46.3851
400492 7.55244e+006 46.5248
400492 7.55244e+006 46.4405
400492 7.55244e+006 46.3268
400492 7.55244e+006 46.2716
400492 7.55244e+006 46.2716
400492 7.55244e+006 46.3368
400492 7.55244e+006 46.4405
400492 7.55244e+006 46.3268
400492 7.55244e+006 46.1976
400492 7.55244e+006 46.1976
400492 7.55244e+006 46.1976
400492 7.55244e+006 46.2716
400492 7.55244e+006 46.3268
400492 7.55244e+006 46.1976
400492 7.55244e+006 46.0683
400492 7.55244e+006 46.1235
400492 7.55244e+006 46.1235
400492 7.55244e+006 46.1976
400492 7.55244e+006 46.1976
400492 7.55244e+006 46.0683
400492 7.55244e+006 45.9547
400492 7.55244e+006 46.0584
400492 7.55244e+006 46.0584
400492 7.55244e+006 46.1235
400492 7.55244e+006 46.0683
400492 7.55244e+006 45.9547
400492 7.55244e+006 45.8703
400492 7.55244e+006 46.01
400492 7.55244e+006 46.01
400492 7.55244e+006 46.0584
400492 7.55244e+006 45.9547
400492 7.55244e+006 45.8703
400492 7.55244e+006 45.8254
400492 7.55244e+006 45.9843
400492 7.55244e+006 45.9843
400492 7.55244e+006 46.01
400492 7.55244e+006 45.8703
400492 7.55244e+006 45.8254
400492 7.55244e+006 45.8254
400492 7.55244e+006 45.9843
400492 7.55244e+006 45.9843
400492 7.55244e+006 45.9843
400492 7.55244e+006 45.8254
400492 7.55244e+006 45.8254
400492 7.55244e+006 45.8703
400492 7.55244e+006 46.01
400492 7.55244e+006 46.01
400492 7.55244e+006 45.9843
400492 7.55244e+006 45.8254
400492 7.55244e+006 45.8703
400492 7.55244e+006 45.9547
400492 7.55244e+006 46.0584
400492 7.55244e+006 46.0584
400492 7.55244e+006 46.01
400492 7.55244e+006 45.8703
400492 7.55244e+006 45.9547
400492 7.55244e+006 46.0683
400492 7.55244e+006 46.1235
400492 7.55244e+006 46.1235
400492 7.55244e+006 46.0584
400492 7.55244e+006 45.9547
400492 7.55244e+006 46.0683
400492 7.55244e+006 46.1976
400492 7.55244e+006 46.1976
400492 7.55244e+006 46.1976
400492 7.55244e+006 46.1235
400492 7.55244e+006 46.0683
400492 7.55244e+006 46.3368
400492 7.55244e+006 46.3851
400492 7.55244e+006 46.4108
400492 7.55244e+006 46.4108
400492 7.55244e+006 46.4108
400492 7.55244e+006 46.3851
400492 7.55244e+006 46.3851
400492 7.55244e+006 46.3368
400492 7.55244e+006 46.2716
400492 7.55244e+006 46.4108
400492 7.55244e+006 46.3851
400492 7.55244e+006 46.2716
400492 7.55244e+006 46.2716
400492 7.55244e+006 46.1976
400492 7.55244e+006 46.1235
400492 7.55244e+006 46.1235
400492 7.55244e+006 46.0584
400492 7.55244e+006 46.01
400492 7.55244e+006 46.2716
400492 7.55244e+006 46.1235
400492 7.55244e+006 46.01
400492 7.55244e+006 46.01
400492 7.55244e+006 45.9843
400492 7.55244e+006 45.9843
400492 7.55244e+006 45.9843
400492 7.55244e+006 46.01
400492 7.55244e+006 46.0584
400492 7.55244e+006 46.01
400492 7.55244e+006 45.9843
400492 7.55244e+006 46.0584
400492 7.55244e+006 46.2716
400492 7.55244e+006 46.01
400492 7.55244e+006 46.0584
400492 7.55244e+006 46.4108
400492 7.55244e+006 46.2716
400492 7.55244e+006 46.0584
400492 7.55244e+006 46.0584
400492 7.55244e+006 46.1235
400492 7.55244e+006 46.1976
400492 7.55244e+006 46.4108
400492 7.55244e+006 46.0584
400492 7.55244e+006 46.1976
400492 7.55244e+006 46.3368
400492 7.55244e+006 46.4108
400492 7.55244e+006 46.1976
400492 7.55244e+006 46.2716
400492 7.55244e+006 46.3368
400492 7.55244e+006 46.1976
