400571 7.55247e+006 21.8247
400567 7.55247e+006 21.343
400567 7.55247e+006 21.343
400567 7.55247e+006 21.343
400571 7.55247e+006 21.8247
400571 7.55247e+006 21.8247
400547 7.55247e+006 21.2509
400547 7.55248e+006 21.2509
400545 7.55248e+006 21.2509
400545 7.55248e+006 21.2509
400545 7.55247e+006 21.2509
400547 7.55247e+006 21.2509
400545 7.55247e+006 18.2122
400545 7.55247e+006 18.2122
400547 7.55247e+006 18.2122
400547 7.55247e+006 18.2122
400547 7.55247e+006 18.2122
400545 7.55247e+006 18.2122
400545 7.55247e+006 18.2422
400547 7.55247e+006 18.2422
400547 7.55247e+006 18.2422
400547 7.55247e+006 18.2422
400545 7.55247e+006 18.2422
400545 7.55247e+006 18.2422
400545 7.55247e+006 18.2122
400547 7.55247e+006 18.2122
400547 7.55247e+006 18.2422
400547 7.55247e+006 18.2422
400545 7.55247e+006 18.2422
400545 7.55247e+006 18.2122
400547 7.55247e+006 18.2122
400547 7.55247e+006 18.2122
400547 7.55247e+006 18.2422
400547 7.55247e+006 18.2422
400547 7.55247e+006 18.2422
400547 7.55247e+006 18.2122
400547 7.55247e+006 18.2122
400545 7.55247e+006 18.2122
400545 7.55247e+006 18.2422
400545 7.55247e+006 18.2422
400547 7.55247e+006 18.2422
400547 7.55247e+006 18.2122
400545 7.55247e+006 18.2122
400545 7.55247e+006 18.2122
400545 7.55247e+006 18.2422
400545 7.55247e+006 18.2422
400545 7.55247e+006 18.2422
400545 7.55247e+006 18.2122
400571 7.55248e+006 24.7305
400570 7.55248e+006 24.7305
400569 7.55248e+006 24.7305
400562 7.55248e+006 24.719
400563 7.55247e+006 24.719
400567 7.55248e+006 24.7305
400569 7.55248e+006 24.7305
400562 7.55248e+006 24.719
400567 7.55248e+006 24.7305
400569 7.55248e+006 24.7305
400569 7.55248e+006 24.7305
400567 7.55248e+006 24.7305
400569 7.55248e+006 24.7305
400567 7.55248e+006 24.7305
400567 7.55248e+006 24.7305
400571 7.55248e+006 24.7305
400569 7.55248e+006 24.7305
400567 7.55248e+006 24.7305
400545 7.55243e+006 18.2422
400547 7.55243e+006 18.2422
400547 7.55244e+006 18.2422
400547 7.55244e+006 18.2422
400545 7.55244e+006 18.2422
400545 7.55243e+006 18.2422
400545 7.55243e+006 21.2763
400547 7.55243e+006 21.2763
400547 7.55243e+006 21.2763
400547 7.55243e+006 21.2763
400545 7.55243e+006 21.2763
400545 7.55243e+006 21.2763
400545 7.55243e+006 20.962
400545 7.55243e+006 20.962
400547 7.55243e+006 20.962
400547 7.55243e+006 20.962
400547 7.55243e+006 20.962
400545 7.55243e+006 20.962
400545 7.55243e+006 20.992
400547 7.55243e+006 20.992
400547 7.55243e+006 20.992
400547 7.55243e+006 20.992
400545 7.55243e+006 20.992
400545 7.55243e+006 20.992
400545 7.55243e+006 20.962
400547 7.55243e+006 20.962
400547 7.55243e+006 20.992
400547 7.55243e+006 20.992
400545 7.55243e+006 20.992
400545 7.55243e+006 20.962
400547 7.55243e+006 20.962
400545 7.55243e+006 20.962
400545 7.55243e+006 20.992
400545 7.55243e+006 20.992
400547 7.55243e+006 20.992
400547 7.55243e+006 20.962
400545 7.55243e+006 20.756
400545 7.55243e+006 20.756
400547 7.55243e+006 20.756
400547 7.55243e+006 20.756
400547 7.55243e+006 20.756
400545 7.55243e+006 20.756
400545 7.55243e+006 20.786
400547 7.55243e+006 20.786
400547 7.55243e+006 20.786
400547 7.55243e+006 20.786
400545 7.55243e+006 20.786
400545 7.55243e+006 20.786
400545 7.55243e+006 20.756
400547 7.55243e+006 20.756
400547 7.55243e+006 20.786
400547 7.55243e+006 20.786
400545 7.55243e+006 20.786
400545 7.55243e+006 20.756
400547 7.55243e+006 20.756
400545 7.55243e+006 20.756
400545 7.55243e+006 20.786
400545 7.55243e+006 20.786
400547 7.55243e+006 20.786
400547 7.55243e+006 20.756
400545 7.55243e+006 20.55
400545 7.55243e+006 20.55
400547 7.55243e+006 20.55
400547 7.55243e+006 20.55
400547 7.55243e+006 20.55
400545 7.55243e+006 20.55
400545 7.55243e+006 20.58
400547 7.55243e+006 20.58
400547 7.55243e+006 20.58
400547 7.55243e+006 20.58
400545 7.55243e+006 20.58
400545 7.55243e+006 20.58
400545 7.55243e+006 20.55
400547 7.55243e+006 20.55
400547 7.55243e+006 20.58
400547 7.55243e+006 20.58
400545 7.55243e+006 20.58
400545 7.55243e+006 20.55
400547 7.55243e+006 20.55
400545 7.55243e+006 20.55
400545 7.55243e+006 20.58
400545 7.55243e+006 20.58
400547 7.55243e+006 20.58
400547 7.55243e+006 20.55
400545 7.55243e+006 20.344
400545 7.55243e+006 20.344
400547 7.55243e+006 20.344
400547 7.55243e+006 20.344
400547 7.55243e+006 20.344
400545 7.55243e+006 20.344
400545 7.55243e+006 20.374
400547 7.55243e+006 20.374
400547 7.55243e+006 20.374
400547 7.55243e+006 20.374
400545 7.55243e+006 20.374
400545 7.55243e+006 20.374
400545 7.55243e+006 20.344
400547 7.55243e+006 20.344
400547 7.55243e+006 20.374
400547 7.55243e+006 20.374
400545 7.55243e+006 20.374
400545 7.55243e+006 20.344
400547 7.55243e+006 20.344
400545 7.55243e+006 20.344
400545 7.55243e+006 20.374
400545 7.55243e+006 20.374
400547 7.55243e+006 20.374
400547 7.55243e+006 20.344
400545 7.55243e+006 20.138
400545 7.55243e+006 20.138
400547 7.55243e+006 20.138
400547 7.55243e+006 20.138
400547 7.55243e+006 20.138
400545 7.55243e+006 20.138
400545 7.55243e+006 20.168
400547 7.55243e+006 20.168
400547 7.55243e+006 20.168
400547 7.55243e+006 20.168
400545 7.55243e+006 20.168
400545 7.55243e+006 20.168
400545 7.55243e+006 20.138
400547 7.55243e+006 20.138
400547 7.55243e+006 20.168
400547 7.55243e+006 20.168
400545 7.55243e+006 20.168
400545 7.55243e+006 20.138
400547 7.55243e+006 20.138
400545 7.55243e+006 20.138
400545 7.55243e+006 20.168
400545 7.55243e+006 20.168
400547 7.55243e+006 20.168
400547 7.55243e+006 20.138
400545 7.55243e+006 19.932
400545 7.55243e+006 19.932
400547 7.55243e+006 19.932
400547 7.55243e+006 19.932
400547 7.55243e+006 19.932
400545 7.55243e+006 19.932
400545 7.55243e+006 19.962
400547 7.55243e+006 19.962
400547 7.55243e+006 19.962
400547 7.55243e+006 19.962
400545 7.55243e+006 19.962
400545 7.55243e+006 19.962
400545 7.55243e+006 19.932
400547 7.55243e+006 19.932
400547 7.55243e+006 19.962
400547 7.55243e+006 19.962
400545 7.55243e+006 19.962
400545 7.55243e+006 19.932
400547 7.55243e+006 19.932
400545 7.55243e+006 19.932
400545 7.55243e+006 19.962
400545 7.55243e+006 19.962
400547 7.55243e+006 19.962
400547 7.55243e+006 19.932
400545 7.55243e+006 19.726
400545 7.55243e+006 19.726
400547 7.55243e+006 19.726
400547 7.55243e+006 19.726
400547 7.55243e+006 19.726
400545 7.55243e+006 19.726
400545 7.55243e+006 19.756
400547 7.55243e+006 19.756
400547 7.55243e+006 19.756
400547 7.55243e+006 19.756
400545 7.55243e+006 19.756
400545 7.55243e+006 19.756
400545 7.55243e+006 19.726
400547 7.55243e+006 19.726
400547 7.55243e+006 19.756
400547 7.55243e+006 19.756
400545 7.55243e+006 19.756
400545 7.55243e+006 19.726
400547 7.55243e+006 19.726
400545 7.55243e+006 19.726
400545 7.55243e+006 19.756
400545 7.55243e+006 19.756
400547 7.55243e+006 19.756
400547 7.55243e+006 19.726
400545 7.55243e+006 19.52
400545 7.55243e+006 19.52
400547 7.55243e+006 19.52
400547 7.55243e+006 19.52
400547 7.55243e+006 19.52
400545 7.55243e+006 19.52
400545 7.55243e+006 19.55
400547 7.55243e+006 19.55
400547 7.55243e+006 19.55
400547 7.55243e+006 19.55
400545 7.55243e+006 19.55
400545 7.55243e+006 19.55
400545 7.55243e+006 19.52
400547 7.55243e+006 19.52
400547 7.55243e+006 19.55
400547 7.55243e+006 19.55
400545 7.55243e+006 19.55
400545 7.55243e+006 19.52
400547 7.55243e+006 19.52
400545 7.55243e+006 19.52
400545 7.55243e+006 19.55
400545 7.55243e+006 19.55
400547 7.55243e+006 19.55
400547 7.55243e+006 19.52
400545 7.55243e+006 19.314
400545 7.55243e+006 19.314
400547 7.55243e+006 19.314
400547 7.55243e+006 19.314
400547 7.55243e+006 19.314
400545 7.55243e+006 19.314
400545 7.55243e+006 19.344
400547 7.55243e+006 19.344
400547 7.55243e+006 19.344
400547 7.55243e+006 19.344
400545 7.55243e+006 19.344
400545 7.55243e+006 19.344
400545 7.55243e+006 19.314
400547 7.55243e+006 19.314
400547 7.55243e+006 19.344
400547 7.55243e+006 19.344
400545 7.55243e+006 19.344
400545 7.55243e+006 19.314
400547 7.55243e+006 19.314
400545 7.55243e+006 19.314
400545 7.55243e+006 19.344
400545 7.55243e+006 19.344
400547 7.55243e+006 19.344
400547 7.55243e+006 19.314
400545 7.55243e+006 19.108
400545 7.55243e+006 19.108
400547 7.55243e+006 19.108
400547 7.55243e+006 19.108
400547 7.55243e+006 19.108
400545 7.55243e+006 19.108
400545 7.55243e+006 19.138
400547 7.55243e+006 19.138
400547 7.55243e+006 19.138
400547 7.55243e+006 19.138
400545 7.55243e+006 19.138
400545 7.55243e+006 19.138
400545 7.55243e+006 19.108
400547 7.55243e+006 19.108
400547 7.55243e+006 19.138
400547 7.55243e+006 19.138
400545 7.55243e+006 19.138
400545 7.55243e+006 19.108
400547 7.55243e+006 19.108
400545 7.55243e+006 19.108
400545 7.55243e+006 19.138
400545 7.55243e+006 19.138
400547 7.55243e+006 19.138
400547 7.55243e+006 19.108
400545 7.55243e+006 18.902
400545 7.55243e+006 18.902
400547 7.55243e+006 18.902
400547 7.55243e+006 18.902
400547 7.55243e+006 18.902
400545 7.55243e+006 18.902
400545 7.55243e+006 18.932
400547 7.55243e+006 18.932
400547 7.55243e+006 18.932
400547 7.55243e+006 18.932
400545 7.55243e+006 18.932
400545 7.55243e+006 18.932
400545 7.55243e+006 18.902
400547 7.55243e+006 18.902
400547 7.55243e+006 18.932
400547 7.55243e+006 18.932
400545 7.55243e+006 18.932
400545 7.55243e+006 18.902
400547 7.55243e+006 18.902
400545 7.55243e+006 18.902
400545 7.55243e+006 18.932
400545 7.55243e+006 18.932
400547 7.55243e+006 18.932
400547 7.55243e+006 18.902
400545 7.55243e+006 18.696
400545 7.55243e+006 18.696
400547 7.55243e+006 18.696
400547 7.55243e+006 18.696
400547 7.55243e+006 18.696
400545 7.55243e+006 18.696
400545 7.55243e+006 18.726
400547 7.55243e+006 18.726
400547 7.55243e+006 18.726
400547 7.55243e+006 18.726
400545 7.55243e+006 18.726
400545 7.55243e+006 18.726
400545 7.55243e+006 18.696
400547 7.55243e+006 18.696
400547 7.55243e+006 18.726
400547 7.55243e+006 18.726
400545 7.55243e+006 18.726
400545 7.55243e+006 18.696
400547 7.55243e+006 18.696
400545 7.55243e+006 18.696
400545 7.55243e+006 18.726
400545 7.55243e+006 18.726
400547 7.55243e+006 18.726
400547 7.55243e+006 18.696
400545 7.55243e+006 18.49
400545 7.55243e+006 18.49
400547 7.55243e+006 18.49
400547 7.55243e+006 18.49
400547 7.55243e+006 18.49
400545 7.55243e+006 18.49
400545 7.55243e+006 18.52
400547 7.55243e+006 18.52
400547 7.55243e+006 18.52
400547 7.55243e+006 18.52
400545 7.55243e+006 18.52
400545 7.55243e+006 18.52
400545 7.55243e+006 18.49
400547 7.55243e+006 18.49
400547 7.55243e+006 18.52
400547 7.55243e+006 18.52
400545 7.55243e+006 18.52
400545 7.55243e+006 18.49
400547 7.55243e+006 18.49
400545 7.55243e+006 18.49
400545 7.55243e+006 18.52
400545 7.55243e+006 18.52
400547 7.55243e+006 18.52
400547 7.55243e+006 18.49
400545 7.55243e+006 18.284
400545 7.55243e+006 18.284
400547 7.55243e+006 18.284
400547 7.55243e+006 18.284
400547 7.55243e+006 18.284
400545 7.55243e+006 18.284
400545 7.55243e+006 18.314
400547 7.55243e+006 18.314
400547 7.55243e+006 18.314
400547 7.55243e+006 18.314
400545 7.55243e+006 18.314
400545 7.55243e+006 18.314
400545 7.55243e+006 18.284
400547 7.55243e+006 18.284
400547 7.55243e+006 18.314
400547 7.55243e+006 18.314
400545 7.55243e+006 18.314
400545 7.55243e+006 18.284
400547 7.55243e+006 18.284
400545 7.55243e+006 18.284
400545 7.55243e+006 18.314
400545 7.55243e+006 18.314
400547 7.55243e+006 18.314
400547 7.55243e+006 18.284
400547 7.55244e+006 18.0074
400547 7.55244e+006 18.0074
400547 7.55244e+006 18.0074
400547 7.55244e+006 18.0074
400547 7.55244e+006 18.0074
400547 7.55244e+006 18.0074
400547 7.55244e+006 18.0374
400547 7.55244e+006 18.0374
400547 7.55244e+006 18.0374
400547 7.55244e+006 18.0374
400547 7.55244e+006 18.0374
400547 7.55244e+006 18.0374
400547 7.55244e+006 18.0074
400547 7.55244e+006 18.0074
400547 7.55244e+006 18.0374
400547 7.55244e+006 18.0374
400547 7.55244e+006 18.0374
400547 7.55244e+006 18.0074
400547 7.55244e+006 18.0074
400547 7.55244e+006 18.0074
400547 7.55244e+006 18.0374
400547 7.55244e+006 18.0374
400547 7.55244e+006 18.0374
400547 7.55244e+006 18.0074
400547 7.55244e+006 17.8014
400547 7.55244e+006 17.8014
400547 7.55244e+006 17.8014
400547 7.55244e+006 17.8014
400547 7.55244e+006 17.8014
400547 7.55244e+006 17.8014
400547 7.55244e+006 17.8314
400547 7.55244e+006 17.8314
400547 7.55244e+006 17.8314
400547 7.55244e+006 17.8314
400547 7.55244e+006 17.8314
400547 7.55244e+006 17.8314
400547 7.55244e+006 17.8014
400547 7.55244e+006 17.8014
400547 7.55244e+006 17.8314
400547 7.55244e+006 17.8314
400547 7.55244e+006 17.8314
400547 7.55244e+006 17.8014
400547 7.55244e+006 17.8014
400547 7.55244e+006 17.8014
400547 7.55244e+006 17.8314
400547 7.55244e+006 17.8314
400547 7.55244e+006 17.8314
400547 7.55244e+006 17.8014
400547 7.55244e+006 17.5954
400547 7.55244e+006 17.5954
400547 7.55244e+006 17.5954
400547 7.55244e+006 17.5954
400547 7.55244e+006 17.5954
400547 7.55244e+006 17.5954
400547 7.55244e+006 17.6254
400547 7.55244e+006 17.6254
400547 7.55244e+006 17.6254
400547 7.55244e+006 17.6254
400547 7.55244e+006 17.6254
400547 7.55244e+006 17.6254
400547 7.55244e+006 17.5954
400547 7.55244e+006 17.5954
400547 7.55244e+006 17.6254
400547 7.55244e+006 17.6254
400547 7.55244e+006 17.6254
400547 7.55244e+006 17.5954
400547 7.55244e+006 17.5954
400547 7.55244e+006 17.5954
400547 7.55244e+006 17.6254
400547 7.55244e+006 17.6254
400547 7.55244e+006 17.6254
400547 7.55244e+006 17.5954
400547 7.55244e+006 17.3894
400548 7.55244e+006 17.3894
400548 7.55244e+006 17.3894
400548 7.55244e+006 17.3894
400547 7.55244e+006 17.3894
400547 7.55244e+006 17.3894
400547 7.55244e+006 17.4194
400547 7.55244e+006 17.4194
400548 7.55244e+006 17.4194
400548 7.55244e+006 17.4194
400548 7.55244e+006 17.4194
400547 7.55244e+006 17.4194
400547 7.55244e+006 17.3894
400547 7.55244e+006 17.3894
400547 7.55244e+006 17.4194
400547 7.55244e+006 17.4194
400547 7.55244e+006 17.4194
400547 7.55244e+006 17.3894
400548 7.55244e+006 17.3894
400548 7.55244e+006 17.3894
400548 7.55244e+006 17.4194
400548 7.55244e+006 17.4194
400548 7.55244e+006 17.4194
400548 7.55244e+006 17.3894
400548 7.55244e+006 17.1834
400548 7.55244e+006 17.1834
400548 7.55244e+006 17.1834
400548 7.55244e+006 17.1834
400548 7.55244e+006 17.1834
400548 7.55244e+006 17.1834
400548 7.55244e+006 17.2134
400548 7.55244e+006 17.2134
400548 7.55244e+006 17.2134
400548 7.55244e+006 17.2134
400548 7.55244e+006 17.2134
400548 7.55244e+006 17.2134
400548 7.55244e+006 17.1834
400548 7.55244e+006 17.1834
400548 7.55244e+006 17.2134
400548 7.55244e+006 17.2134
400548 7.55244e+006 17.2134
400548 7.55244e+006 17.1834
400548 7.55244e+006 17.1834
400548 7.55244e+006 17.1834
400548 7.55244e+006 17.2134
400548 7.55244e+006 17.2134
400548 7.55244e+006 17.2134
400548 7.55244e+006 17.1834
400548 7.55244e+006 16.9774
400548 7.55244e+006 16.9774
400548 7.55244e+006 16.9774
400548 7.55244e+006 16.9774
400548 7.55244e+006 16.9774
400548 7.55244e+006 16.9774
400548 7.55244e+006 17.0074
400548 7.55244e+006 17.0074
400548 7.55244e+006 17.0074
400548 7.55244e+006 17.0074
400548 7.55244e+006 17.0074
400548 7.55244e+006 17.0074
400548 7.55244e+006 16.9774
400548 7.55244e+006 16.9774
400548 7.55244e+006 17.0074
400548 7.55244e+006 17.0074
400548 7.55244e+006 17.0074
400548 7.55244e+006 16.9774
400548 7.55244e+006 16.9774
400548 7.55244e+006 16.9774
400548 7.55244e+006 17.0074
400548 7.55244e+006 17.0074
400548 7.55244e+006 17.0074
400548 7.55244e+006 16.9774
400548 7.55244e+006 16.7714
400548 7.55244e+006 16.7714
400548 7.55244e+006 16.7714
400548 7.55244e+006 16.7714
400548 7.55244e+006 16.7714
400548 7.55244e+006 16.7714
400548 7.55244e+006 16.8014
400548 7.55244e+006 16.8014
400548 7.55244e+006 16.8014
400548 7.55244e+006 16.8014
400548 7.55244e+006 16.8014
400548 7.55244e+006 16.8014
400548 7.55244e+006 16.7714
400548 7.55244e+006 16.7714
400548 7.55244e+006 16.8014
400548 7.55244e+006 16.8014
400548 7.55244e+006 16.8014
400548 7.55244e+006 16.7714
400548 7.55244e+006 16.7714
400548 7.55244e+006 16.7714
400548 7.55244e+006 16.8014
400548 7.55244e+006 16.8014
400548 7.55244e+006 16.8014
400548 7.55244e+006 16.7714
400549 7.55244e+006 16.1616
400549 7.55244e+006 16.1616
400549 7.55244e+006 16.1616
400549 7.55244e+006 16.1616
400549 7.55244e+006 16.1616
400549 7.55244e+006 16.1616
400549 7.55244e+006 16.1916
400549 7.55244e+006 16.1916
400549 7.55244e+006 16.1916
400549 7.55244e+006 16.1916
400549 7.55244e+006 16.1916
400549 7.55244e+006 16.1916
400549 7.55244e+006 16.1616
400549 7.55244e+006 16.1616
400549 7.55244e+006 16.1916
400549 7.55244e+006 16.1916
400549 7.55244e+006 16.1916
400549 7.55244e+006 16.1616
400549 7.55244e+006 16.1616
400549 7.55244e+006 16.1616
400549 7.55244e+006 16.1916
400549 7.55244e+006 16.1916
400549 7.55244e+006 16.1916
400549 7.55244e+006 16.1616
400548 7.55244e+006 16.3676
400549 7.55244e+006 16.3676
400549 7.55244e+006 16.3676
400549 7.55244e+006 16.3676
400548 7.55244e+006 16.3676
400548 7.55244e+006 16.3676
400548 7.55244e+006 16.3976
400548 7.55244e+006 16.3976
400549 7.55244e+006 16.3976
400549 7.55244e+006 16.3976
400549 7.55244e+006 16.3976
400548 7.55244e+006 16.3976
400548 7.55244e+006 16.3676
400548 7.55244e+006 16.3676
400548 7.55244e+006 16.3976
400548 7.55244e+006 16.3976
400548 7.55244e+006 16.3976
400548 7.55244e+006 16.3676
400549 7.55244e+006 16.3676
400549 7.55244e+006 16.3676
400549 7.55244e+006 16.3976
400549 7.55244e+006 16.3976
400549 7.55244e+006 16.3976
400549 7.55244e+006 16.3676
400548 7.55244e+006 16.5736
400548 7.55244e+006 16.5736
400548 7.55244e+006 16.5736
400548 7.55244e+006 16.5736
400548 7.55244e+006 16.5736
400548 7.55244e+006 16.5736
400548 7.55244e+006 16.6036
400548 7.55244e+006 16.6036
400548 7.55244e+006 16.6036
400548 7.55244e+006 16.6036
400548 7.55244e+006 16.6036
400548 7.55244e+006 16.6036
400548 7.55244e+006 16.5736
400548 7.55244e+006 16.5736
400548 7.55244e+006 16.6036
400548 7.55244e+006 16.6036
400548 7.55244e+006 16.6036
400548 7.55244e+006 16.5736
400548 7.55244e+006 16.5736
400548 7.55244e+006 16.5736
400548 7.55244e+006 16.6036
400548 7.55244e+006 16.6036
400548 7.55244e+006 16.6036
400548 7.55244e+006 16.5736
400549 7.55244e+006 15.5355
400549 7.55244e+006 15.5355
400549 7.55244e+006 15.5355
400549 7.55244e+006 15.5355
400549 7.55244e+006 15.5355
400549 7.55244e+006 15.5355
400549 7.55244e+006 15.5655
400549 7.55244e+006 15.5655
400549 7.55244e+006 15.5655
400549 7.55244e+006 15.5655
400549 7.55244e+006 15.5655
400549 7.55244e+006 15.5655
400549 7.55244e+006 15.5355
400549 7.55244e+006 15.5355
400549 7.55244e+006 15.5655
400549 7.55244e+006 15.5655
400549 7.55244e+006 15.5655
400549 7.55244e+006 15.5355
400549 7.55244e+006 15.5355
400549 7.55244e+006 15.5355
400549 7.55244e+006 15.5655
400549 7.55244e+006 15.5655
400549 7.55244e+006 15.5655
400549 7.55244e+006 15.5355
400549 7.55244e+006 15.7415
400549 7.55244e+006 15.7415
400549 7.55244e+006 15.7415
400549 7.55244e+006 15.7415
400549 7.55244e+006 15.7415
400549 7.55244e+006 15.7415
400549 7.55244e+006 15.7715
400549 7.55244e+006 15.7715
400549 7.55244e+006 15.7715
400549 7.55244e+006 15.7715
400549 7.55244e+006 15.7715
400549 7.55244e+006 15.7715
400549 7.55244e+006 15.7415
400549 7.55244e+006 15.7415
400549 7.55244e+006 15.7715
400549 7.55244e+006 15.7715
400549 7.55244e+006 15.7715
400549 7.55244e+006 15.7415
400549 7.55244e+006 15.7415
400549 7.55244e+006 15.7415
400549 7.55244e+006 15.7715
400549 7.55244e+006 15.7715
400549 7.55244e+006 15.7715
400549 7.55244e+006 15.7415
400549 7.55244e+006 15.9475
400549 7.55244e+006 15.9475
400549 7.55244e+006 15.9475
400549 7.55244e+006 15.9475
400549 7.55244e+006 15.9475
400549 7.55244e+006 15.9475
400549 7.55244e+006 15.9775
400549 7.55244e+006 15.9775
400549 7.55244e+006 15.9775
400549 7.55244e+006 15.9775
400549 7.55244e+006 15.9775
400549 7.55244e+006 15.9775
400549 7.55244e+006 15.9475
400549 7.55244e+006 15.9475
400549 7.55244e+006 15.9775
400549 7.55244e+006 15.9775
400549 7.55244e+006 15.9775
400549 7.55244e+006 15.9475
400549 7.55244e+006 15.9475
400549 7.55244e+006 15.9475
400549 7.55244e+006 15.9775
400549 7.55244e+006 15.9775
400549 7.55244e+006 15.9775
400549 7.55244e+006 15.9475
400549 7.55247e+006 15.7582
400549 7.55247e+006 15.7582
400549 7.55247e+006 15.7582
400549 7.55247e+006 15.7582
400549 7.55247e+006 15.7582
400549 7.55247e+006 15.7582
400549 7.55247e+006 15.7882
400549 7.55247e+006 15.7882
400549 7.55247e+006 15.7882
400549 7.55247e+006 15.7882
400549 7.55247e+006 15.7882
400549 7.55247e+006 15.7882
400549 7.55247e+006 15.7582
400549 7.55247e+006 15.7582
400549 7.55247e+006 15.7882
400549 7.55247e+006 15.7882
400549 7.55247e+006 15.7882
400549 7.55247e+006 15.7582
400549 7.55247e+006 15.7582
400549 7.55247e+006 15.7582
400549 7.55247e+006 15.7882
400549 7.55247e+006 15.7882
400549 7.55247e+006 15.7882
400549 7.55247e+006 15.7582
400549 7.55247e+006 15.9642
400549 7.55247e+006 15.9642
400549 7.55247e+006 15.9642
400549 7.55247e+006 15.9642
400549 7.55247e+006 15.9642
400549 7.55247e+006 15.9642
400549 7.55247e+006 15.9942
400549 7.55247e+006 15.9942
400549 7.55247e+006 15.9942
400549 7.55247e+006 15.9942
400549 7.55247e+006 15.9942
400549 7.55247e+006 15.9942
400549 7.55247e+006 15.9642
400549 7.55247e+006 15.9642
400549 7.55247e+006 15.9942
400549 7.55247e+006 15.9942
400549 7.55247e+006 15.9942
400549 7.55247e+006 15.9642
400549 7.55247e+006 15.9642
400549 7.55247e+006 15.9642
400549 7.55247e+006 15.9942
400549 7.55247e+006 15.9942
400549 7.55247e+006 15.9942
400549 7.55247e+006 15.9642
400549 7.55247e+006 16.1702
400549 7.55247e+006 16.1702
400549 7.55247e+006 16.1702
400549 7.55247e+006 16.1702
400549 7.55247e+006 16.1702
400549 7.55247e+006 16.1702
400549 7.55247e+006 16.2002
400549 7.55247e+006 16.2002
400549 7.55247e+006 16.2002
400549 7.55247e+006 16.2002
400549 7.55247e+006 16.2002
400549 7.55247e+006 16.2002
400549 7.55247e+006 16.1702
400549 7.55247e+006 16.1702
400549 7.55247e+006 16.2002
400549 7.55247e+006 16.2002
400549 7.55247e+006 16.2002
400549 7.55247e+006 16.1702
400549 7.55247e+006 16.1702
400549 7.55247e+006 16.1702
400549 7.55247e+006 16.2002
400549 7.55247e+006 16.2002
400549 7.55247e+006 16.2002
400549 7.55247e+006 16.1702
400548 7.55247e+006 16.3844
400549 7.55247e+006 16.3844
400549 7.55247e+006 16.3844
400549 7.55247e+006 16.3844
400548 7.55247e+006 16.3844
400548 7.55247e+006 16.3844
400548 7.55247e+006 16.4144
400548 7.55247e+006 16.4144
400549 7.55247e+006 16.4144
400549 7.55247e+006 16.4144
400549 7.55247e+006 16.4144
400548 7.55247e+006 16.4144
400548 7.55247e+006 16.3844
400548 7.55247e+006 16.3844
400548 7.55247e+006 16.4144
400548 7.55247e+006 16.4144
400548 7.55247e+006 16.4144
400548 7.55247e+006 16.3844
400549 7.55247e+006 16.3844
400549 7.55247e+006 16.3844
400549 7.55247e+006 16.4144
400549 7.55247e+006 16.4144
400549 7.55247e+006 16.4144
400549 7.55247e+006 16.3844
400548 7.55247e+006 16.9942
400548 7.55247e+006 16.9942
400548 7.55247e+006 16.9942
400548 7.55247e+006 16.9942
400548 7.55247e+006 16.9942
400548 7.55247e+006 16.9942
400548 7.55247e+006 17.0242
400548 7.55247e+006 17.0242
400548 7.55247e+006 17.0242
400548 7.55247e+006 17.0242
400548 7.55247e+006 17.0242
400548 7.55247e+006 17.0242
400548 7.55247e+006 16.9942
400548 7.55247e+006 16.9942
400548 7.55247e+006 17.0242
400548 7.55247e+006 17.0242
400548 7.55247e+006 17.0242
400548 7.55247e+006 16.9942
400548 7.55247e+006 16.9942
400548 7.55247e+006 16.9942
400548 7.55247e+006 17.0242
400548 7.55247e+006 17.0242
400548 7.55247e+006 17.0242
400548 7.55247e+006 16.9942
400548 7.55247e+006 16.7964
400548 7.55247e+006 16.7964
400548 7.55247e+006 16.7964
400548 7.55247e+006 16.7964
400548 7.55247e+006 16.7964
400548 7.55247e+006 16.7964
400548 7.55247e+006 16.8264
400548 7.55247e+006 16.8264
400548 7.55247e+006 16.8264
400548 7.55247e+006 16.8264
400548 7.55247e+006 16.8264
400548 7.55247e+006 16.8264
400548 7.55247e+006 16.7964
400548 7.55247e+006 16.7964
400548 7.55247e+006 16.8264
400548 7.55247e+006 16.8264
400548 7.55247e+006 16.8264
400548 7.55247e+006 16.7964
400548 7.55247e+006 16.7964
400548 7.55247e+006 16.7964
400548 7.55247e+006 16.8264
400548 7.55247e+006 16.8264
400548 7.55247e+006 16.8264
400548 7.55247e+006 16.7964
400548 7.55247e+006 16.5904
400549 7.55247e+006 16.5904
400549 7.55247e+006 16.5904
400549 7.55247e+006 16.5904
400548 7.55247e+006 16.5904
400548 7.55247e+006 16.5904
400548 7.55247e+006 16.6204
400548 7.55247e+006 16.6204
400549 7.55247e+006 16.6204
400549 7.55247e+006 16.6204
400549 7.55247e+006 16.6204
400548 7.55247e+006 16.6204
400548 7.55247e+006 16.5904
400548 7.55247e+006 16.5904
400548 7.55247e+006 16.6204
400548 7.55247e+006 16.6204
400548 7.55247e+006 16.6204
400548 7.55247e+006 16.5904
400549 7.55247e+006 16.5904
400549 7.55247e+006 16.5904
400549 7.55247e+006 16.6204
400549 7.55247e+006 16.6204
400549 7.55247e+006 16.6204
400549 7.55247e+006 16.5904
400548 7.55247e+006 17.2002
400548 7.55247e+006 17.2002
400548 7.55247e+006 17.2002
400548 7.55247e+006 17.2002
400548 7.55247e+006 17.2002
400548 7.55247e+006 17.2002
400548 7.55247e+006 17.2302
400548 7.55247e+006 17.2302
400548 7.55247e+006 17.2302
400548 7.55247e+006 17.2302
400548 7.55247e+006 17.2302
400548 7.55247e+006 17.2302
400548 7.55247e+006 17.2002
400548 7.55247e+006 17.2002
400548 7.55247e+006 17.2302
400548 7.55247e+006 17.2302
400548 7.55247e+006 17.2302
400548 7.55247e+006 17.2002
400548 7.55247e+006 17.2002
400548 7.55247e+006 17.2002
400548 7.55247e+006 17.2302
400548 7.55247e+006 17.2302
400548 7.55247e+006 17.2302
400548 7.55247e+006 17.2002
400547 7.55247e+006 17.4062
400548 7.55247e+006 17.4062
400548 7.55247e+006 17.4062
400548 7.55247e+006 17.4062
400547 7.55247e+006 17.4062
400547 7.55247e+006 17.4062
400547 7.55247e+006 17.4362
400547 7.55247e+006 17.4362
400548 7.55247e+006 17.4362
400548 7.55247e+006 17.4362
400548 7.55247e+006 17.4362
400547 7.55247e+006 17.4362
400547 7.55247e+006 17.4062
400547 7.55247e+006 17.4062
400547 7.55247e+006 17.4362
400547 7.55247e+006 17.4362
400547 7.55247e+006 17.4362
400547 7.55247e+006 17.4062
400548 7.55247e+006 17.4062
400548 7.55247e+006 17.4062
400548 7.55247e+006 17.4362
400548 7.55247e+006 17.4362
400548 7.55247e+006 17.4362
400548 7.55247e+006 17.4062
400547 7.55247e+006 17.6122
400548 7.55247e+006 17.6122
400548 7.55247e+006 17.6122
400548 7.55247e+006 17.6122
400547 7.55247e+006 17.6122
400547 7.55247e+006 17.6122
400547 7.55247e+006 17.6422
400547 7.55247e+006 17.6422
400548 7.55247e+006 17.6422
400548 7.55247e+006 17.6422
400548 7.55247e+006 17.6422
400547 7.55247e+006 17.6422
400547 7.55247e+006 17.6122
400547 7.55247e+006 17.6122
400547 7.55247e+006 17.6422
400547 7.55247e+006 17.6422
400547 7.55247e+006 17.6422
400547 7.55247e+006 17.6122
400548 7.55247e+006 17.6122
400548 7.55247e+006 17.6122
400548 7.55247e+006 17.6422
400548 7.55247e+006 17.6422
400548 7.55247e+006 17.6422
400548 7.55247e+006 17.6122
400547 7.55247e+006 17.8182
400547 7.55247e+006 17.8182
400547 7.55247e+006 17.8182
400547 7.55247e+006 17.8182
400547 7.55247e+006 17.8182
400547 7.55247e+006 17.8182
400547 7.55247e+006 17.8482
400547 7.55247e+006 17.8482
400547 7.55247e+006 17.8482
400547 7.55247e+006 17.8482
400547 7.55247e+006 17.8482
400547 7.55247e+006 17.8482
400547 7.55247e+006 17.8182
400547 7.55247e+006 17.8182
400547 7.55247e+006 17.8482
400547 7.55247e+006 17.8482
400547 7.55247e+006 17.8482
400547 7.55247e+006 17.8182
400547 7.55247e+006 17.8182
400547 7.55247e+006 17.8182
400547 7.55247e+006 17.8482
400547 7.55247e+006 17.8482
400547 7.55247e+006 17.8482
400547 7.55247e+006 17.8182
400547 7.55247e+006 18.2302
400547 7.55247e+006 18.2302
400547 7.55247e+006 18.2302
400547 7.55247e+006 18.2302
400547 7.55247e+006 18.2302
400547 7.55247e+006 18.2302
400547 7.55247e+006 18.2602
400547 7.55247e+006 18.2602
400547 7.55247e+006 18.2602
400547 7.55247e+006 18.2602
400547 7.55247e+006 18.2602
400547 7.55247e+006 18.2602
400547 7.55247e+006 18.2302
400547 7.55247e+006 18.2302
400547 7.55247e+006 18.2602
400547 7.55247e+006 18.2602
400547 7.55247e+006 18.2602
400547 7.55247e+006 18.2302
400547 7.55247e+006 18.2302
400547 7.55247e+006 18.2302
400547 7.55247e+006 18.2602
400547 7.55247e+006 18.2602
400547 7.55247e+006 18.2602
400547 7.55247e+006 18.2302
400547 7.55247e+006 18.036
400547 7.55247e+006 18.036
400547 7.55247e+006 18.036
400547 7.55247e+006 18.036
400547 7.55247e+006 18.036
400547 7.55247e+006 18.036
400547 7.55247e+006 18.066
400547 7.55247e+006 18.066
400547 7.55247e+006 18.066
400547 7.55247e+006 18.066
400547 7.55247e+006 18.066
400547 7.55247e+006 18.066
400547 7.55247e+006 18.036
400547 7.55247e+006 18.036
400547 7.55247e+006 18.066
400547 7.55247e+006 18.066
400547 7.55247e+006 18.066
400547 7.55247e+006 18.036
400547 7.55247e+006 18.036
400547 7.55247e+006 18.036
400547 7.55247e+006 18.066
400547 7.55247e+006 18.066
400547 7.55247e+006 18.066
400547 7.55247e+006 18.036
400547 7.55247e+006 18.9309
400547 7.55247e+006 18.9309
400545 7.55247e+006 18.9309
400545 7.55247e+006 18.9309
400545 7.55247e+006 18.9309
400547 7.55247e+006 18.9309
400547 7.55247e+006 18.9609
400545 7.55247e+006 18.9609
400545 7.55247e+006 18.9609
400545 7.55247e+006 18.9609
400547 7.55247e+006 18.9609
400547 7.55247e+006 18.9609
400547 7.55247e+006 18.9309
400545 7.55247e+006 18.9309
400545 7.55247e+006 18.9609
400545 7.55247e+006 18.9609
400547 7.55247e+006 18.9609
400547 7.55247e+006 18.9309
400545 7.55247e+006 18.9309
400547 7.55247e+006 18.9309
400547 7.55247e+006 18.9609
400547 7.55247e+006 18.9609
400545 7.55247e+006 18.9609
400545 7.55247e+006 18.9309
400547 7.55247e+006 19.3502
400547 7.55247e+006 19.3502
400545 7.55247e+006 19.3502
400545 7.55247e+006 19.3502
400545 7.55247e+006 19.3502
400547 7.55247e+006 19.3502
400547 7.55247e+006 19.3802
400545 7.55247e+006 19.3802
400545 7.55247e+006 19.3802
400545 7.55247e+006 19.3802
400547 7.55247e+006 19.3802
400547 7.55247e+006 19.3802
400547 7.55247e+006 19.3502
400545 7.55247e+006 19.3502
400545 7.55247e+006 19.3802
400545 7.55247e+006 19.3802
400547 7.55247e+006 19.3802
400547 7.55247e+006 19.3502
400545 7.55247e+006 19.3502
400547 7.55247e+006 19.3502
400547 7.55247e+006 19.3802
400547 7.55247e+006 19.3802
400545 7.55247e+006 19.3802
400545 7.55247e+006 19.3502
400547 7.55247e+006 19.5562
400547 7.55247e+006 19.5562
400545 7.55247e+006 19.5562
400545 7.55247e+006 19.5562
400545 7.55247e+006 19.5562
400547 7.55247e+006 19.5562
400547 7.55247e+006 19.5862
400545 7.55247e+006 19.5862
400545 7.55247e+006 19.5862
400545 7.55247e+006 19.5862
400547 7.55247e+006 19.5862
400547 7.55247e+006 19.5862
400547 7.55247e+006 19.5562
400545 7.55247e+006 19.5562
400545 7.55247e+006 19.5862
400545 7.55247e+006 19.5862
400547 7.55247e+006 19.5862
400547 7.55247e+006 19.5562
400545 7.55247e+006 19.5562
400547 7.55247e+006 19.5562
400547 7.55247e+006 19.5862
400547 7.55247e+006 19.5862
400545 7.55247e+006 19.5862
400545 7.55247e+006 19.5562
400547 7.55247e+006 18.7341
400547 7.55247e+006 18.7341
400545 7.55247e+006 18.7341
400545 7.55247e+006 18.7341
400545 7.55247e+006 18.7341
400547 7.55247e+006 18.7341
400547 7.55247e+006 18.7641
400545 7.55247e+006 18.7641
400545 7.55247e+006 18.7641
400545 7.55247e+006 18.7641
400547 7.55247e+006 18.7641
400547 7.55247e+006 18.7641
400547 7.55247e+006 18.7341
400545 7.55247e+006 18.7341
400545 7.55247e+006 18.7641
400545 7.55247e+006 18.7641
400547 7.55247e+006 18.7641
400547 7.55247e+006 18.7341
400545 7.55247e+006 18.7341
400547 7.55247e+006 18.7341
400547 7.55247e+006 18.7641
400547 7.55247e+006 18.7641
400545 7.55247e+006 18.7641
400545 7.55247e+006 18.7341
400547 7.55247e+006 19.7473
400547 7.55247e+006 19.7473
400545 7.55247e+006 19.7473
400545 7.55247e+006 19.7473
400545 7.55247e+006 19.7473
400547 7.55247e+006 19.7473
400547 7.55247e+006 19.7773
400545 7.55247e+006 19.7773
400545 7.55247e+006 19.7773
400545 7.55247e+006 19.7773
400547 7.55247e+006 19.7773
400547 7.55247e+006 19.7773
400547 7.55247e+006 19.7473
400545 7.55247e+006 19.7473
400545 7.55247e+006 19.7773
400545 7.55247e+006 19.7773
400547 7.55247e+006 19.7773
400547 7.55247e+006 19.7473
400545 7.55247e+006 19.7473
400547 7.55247e+006 19.7473
400547 7.55247e+006 19.7773
400547 7.55247e+006 19.7773
400545 7.55247e+006 19.7773
400545 7.55247e+006 19.7473
400547 7.55247e+006 20.6993
400547 7.55247e+006 20.6993
400545 7.55247e+006 20.6993
400545 7.55247e+006 20.6993
400545 7.55247e+006 20.6993
400547 7.55247e+006 20.6993
400547 7.55247e+006 20.7293
400545 7.55247e+006 20.7293
400545 7.55247e+006 20.7293
400545 7.55247e+006 20.7293
400547 7.55247e+006 20.7293
400547 7.55247e+006 20.7293
400547 7.55247e+006 20.6993
400545 7.55247e+006 20.6993
400545 7.55247e+006 20.7293
400545 7.55247e+006 20.7293
400547 7.55247e+006 20.7293
400547 7.55247e+006 20.6993
400545 7.55247e+006 20.6993
400547 7.55247e+006 20.6993
400547 7.55247e+006 20.7293
400547 7.55247e+006 20.7293
400545 7.55247e+006 20.7293
400545 7.55247e+006 20.6993
400547 7.55247e+006 20.9206
400547 7.55247e+006 20.9206
400545 7.55247e+006 20.9206
400545 7.55247e+006 20.9206
400545 7.55247e+006 20.9206
400547 7.55247e+006 20.9206
400547 7.55247e+006 20.9506
400545 7.55247e+006 20.9506
400545 7.55247e+006 20.9506
400545 7.55247e+006 20.9506
400547 7.55247e+006 20.9506
400547 7.55247e+006 20.9506
400547 7.55247e+006 20.9206
400545 7.55247e+006 20.9206
400545 7.55247e+006 20.9506
400545 7.55247e+006 20.9506
400547 7.55247e+006 20.9506
400547 7.55247e+006 20.9206
400545 7.55247e+006 20.9206
400547 7.55247e+006 20.9206
400547 7.55247e+006 20.9506
400547 7.55247e+006 20.9506
400545 7.55247e+006 20.9506
400545 7.55247e+006 20.9206
400547 7.55247e+006 18.5402
400547 7.55247e+006 18.5402
400545 7.55247e+006 18.5402
400545 7.55247e+006 18.5402
400545 7.55247e+006 18.5402
400547 7.55247e+006 18.5402
400547 7.55247e+006 18.5702
400545 7.55247e+006 18.5702
400545 7.55247e+006 18.5702
400545 7.55247e+006 18.5702
400547 7.55247e+006 18.5702
400547 7.55247e+006 18.5702
400547 7.55247e+006 18.5402
400545 7.55247e+006 18.5402
400545 7.55247e+006 18.5702
400545 7.55247e+006 18.5702
400547 7.55247e+006 18.5702
400547 7.55247e+006 18.5402
400545 7.55247e+006 18.5402
400547 7.55247e+006 18.5402
400547 7.55247e+006 18.5702
400547 7.55247e+006 18.5702
400545 7.55247e+006 18.5702
400545 7.55247e+006 18.5402
400547 7.55247e+006 20.2031
400547 7.55247e+006 20.2031
400545 7.55247e+006 20.2031
400545 7.55247e+006 20.2031
400545 7.55247e+006 20.2031
400547 7.55247e+006 20.2031
400547 7.55247e+006 20.2331
400545 7.55247e+006 20.2331
400545 7.55247e+006 20.2331
400545 7.55247e+006 20.2331
400547 7.55247e+006 20.2331
400547 7.55247e+006 20.2331
400547 7.55247e+006 20.2031
400545 7.55247e+006 20.2031
400545 7.55247e+006 20.2331
400545 7.55247e+006 20.2331
400547 7.55247e+006 20.2331
400547 7.55247e+006 20.2031
400545 7.55247e+006 20.2031
400547 7.55247e+006 20.2031
400547 7.55247e+006 20.2331
400547 7.55247e+006 20.2331
400545 7.55247e+006 20.2331
400545 7.55247e+006 20.2031
400547 7.55247e+006 20.4375
400547 7.55247e+006 20.4375
400545 7.55247e+006 20.4375
400545 7.55247e+006 20.4375
400545 7.55247e+006 20.4375
400547 7.55247e+006 20.4375
400547 7.55247e+006 20.4675
400545 7.55247e+006 20.4675
400545 7.55247e+006 20.4675
400545 7.55247e+006 20.4675
400547 7.55247e+006 20.4675
400547 7.55247e+006 20.4675
400547 7.55247e+006 20.4375
400545 7.55247e+006 20.4375
400545 7.55247e+006 20.4675
400545 7.55247e+006 20.4675
400547 7.55247e+006 20.4675
400547 7.55247e+006 20.4375
400545 7.55247e+006 20.4375
400547 7.55247e+006 20.4375
400547 7.55247e+006 20.4675
400547 7.55247e+006 20.4675
400545 7.55247e+006 20.4675
400545 7.55247e+006 20.4375
400547 7.55247e+006 19.9756
400547 7.55247e+006 19.9756
400545 7.55247e+006 19.9756
400545 7.55247e+006 19.9756
400545 7.55247e+006 19.9756
400547 7.55247e+006 19.9756
400547 7.55247e+006 20.0056
400545 7.55247e+006 20.0056
400545 7.55247e+006 20.0056
400545 7.55247e+006 20.0056
400547 7.55247e+006 20.0056
400547 7.55247e+006 20.0056
400547 7.55247e+006 19.9756
400545 7.55247e+006 19.9756
400545 7.55247e+006 20.0056
400545 7.55247e+006 20.0056
400547 7.55247e+006 20.0056
400547 7.55247e+006 19.9756
400545 7.55247e+006 19.9756
400547 7.55247e+006 19.9756
400547 7.55247e+006 20.0056
400547 7.55247e+006 20.0056
400545 7.55247e+006 20.0056
400545 7.55247e+006 19.9756
400550 7.55247e+006 14.9288
400550 7.55247e+006 14.9288
400550 7.55247e+006 14.9288
400550 7.55247e+006 14.9288
400550 7.55247e+006 14.9288
400550 7.55247e+006 14.9288
400550 7.55247e+006 14.9588
400550 7.55247e+006 14.9588
400550 7.55247e+006 14.9588
400550 7.55247e+006 14.9588
400550 7.55247e+006 14.9588
400550 7.55247e+006 14.9588
400550 7.55247e+006 14.9288
400550 7.55247e+006 14.9288
400550 7.55247e+006 14.9588
400550 7.55247e+006 14.9588
400550 7.55247e+006 14.9588
400550 7.55247e+006 14.9288
400550 7.55247e+006 14.9288
400550 7.55247e+006 14.9288
400550 7.55247e+006 14.9588
400550 7.55247e+006 14.9588
400550 7.55247e+006 14.9588
400550 7.55247e+006 14.9288
400550 7.55247e+006 15.1348
400550 7.55247e+006 15.1348
400550 7.55247e+006 15.1348
400550 7.55247e+006 15.1348
400550 7.55247e+006 15.1348
400550 7.55247e+006 15.1348
400550 7.55247e+006 15.1648
400550 7.55247e+006 15.1648
400550 7.55247e+006 15.1648
400550 7.55247e+006 15.1648
400550 7.55247e+006 15.1648
400550 7.55247e+006 15.1648
400550 7.55247e+006 15.1348
400550 7.55247e+006 15.1348
400550 7.55247e+006 15.1648
400550 7.55247e+006 15.1648
400550 7.55247e+006 15.1648
400550 7.55247e+006 15.1348
400550 7.55247e+006 15.1348
400550 7.55247e+006 15.1348
400550 7.55247e+006 15.1648
400550 7.55247e+006 15.1648
400550 7.55247e+006 15.1648
400550 7.55247e+006 15.1348
400549 7.55247e+006 15.3408
400550 7.55247e+006 15.3408
400550 7.55247e+006 15.3408
400550 7.55247e+006 15.3408
400549 7.55247e+006 15.3408
400549 7.55247e+006 15.3408
400549 7.55247e+006 15.3708
400549 7.55247e+006 15.3708
400550 7.55247e+006 15.3708
400550 7.55247e+006 15.3708
400550 7.55247e+006 15.3708
400549 7.55247e+006 15.3708
400549 7.55247e+006 15.3408
400549 7.55247e+006 15.3408
400549 7.55247e+006 15.3708
400549 7.55247e+006 15.3708
400549 7.55247e+006 15.3708
400549 7.55247e+006 15.3408
400550 7.55247e+006 15.3408
400550 7.55247e+006 15.3408
400550 7.55247e+006 15.3708
400550 7.55247e+006 15.3708
400550 7.55247e+006 15.3708
400550 7.55247e+006 15.3408
400549 7.55247e+006 15.5549
400550 7.55247e+006 15.5549
400550 7.55247e+006 15.5549
400550 7.55247e+006 15.5549
400549 7.55247e+006 15.5549
400549 7.55247e+006 15.5549
400549 7.55247e+006 15.5849
400549 7.55247e+006 15.5849
400550 7.55247e+006 15.5849
400550 7.55247e+006 15.5849
400550 7.55247e+006 15.5849
400549 7.55247e+006 15.5849
400549 7.55247e+006 15.5549
400549 7.55247e+006 15.5549
400549 7.55247e+006 15.5849
400549 7.55247e+006 15.5849
400549 7.55247e+006 15.5849
400549 7.55247e+006 15.5549
400550 7.55247e+006 15.5549
400550 7.55247e+006 15.5549
400550 7.55247e+006 15.5849
400550 7.55247e+006 15.5849
400550 7.55247e+006 15.5849
400550 7.55247e+006 15.5549
400550 7.55244e+006 14.9097
400550 7.55244e+006 14.9097
400550 7.55244e+006 14.9097
400550 7.55244e+006 14.9097
400550 7.55244e+006 14.9097
400550 7.55244e+006 14.9097
400550 7.55244e+006 14.9397
400550 7.55244e+006 14.9397
400550 7.55244e+006 14.9397
400550 7.55244e+006 14.9397
400550 7.55244e+006 14.9397
400550 7.55244e+006 14.9397
400550 7.55244e+006 14.9097
400550 7.55244e+006 14.9097
400550 7.55244e+006 14.9397
400550 7.55244e+006 14.9397
400550 7.55244e+006 14.9397
400550 7.55244e+006 14.9097
400550 7.55244e+006 14.9097
400550 7.55244e+006 14.9097
400550 7.55244e+006 14.9397
400550 7.55244e+006 14.9397
400550 7.55244e+006 14.9397
400550 7.55244e+006 14.9097
400550 7.55244e+006 15.1157
400550 7.55244e+006 15.1157
400550 7.55244e+006 15.1157
400550 7.55244e+006 15.1157
400550 7.55244e+006 15.1157
400550 7.55244e+006 15.1157
400550 7.55244e+006 15.1457
400550 7.55244e+006 15.1457
400550 7.55244e+006 15.1457
400550 7.55244e+006 15.1457
400550 7.55244e+006 15.1457
400550 7.55244e+006 15.1457
400550 7.55244e+006 15.1157
400550 7.55244e+006 15.1157
400550 7.55244e+006 15.1457
400550 7.55244e+006 15.1457
400550 7.55244e+006 15.1457
400550 7.55244e+006 15.1157
400550 7.55244e+006 15.1157
400550 7.55244e+006 15.1157
400550 7.55244e+006 15.1457
400550 7.55244e+006 15.1457
400550 7.55244e+006 15.1457
400550 7.55244e+006 15.1157
400549 7.55244e+006 15.3217
400550 7.55244e+006 15.3217
400550 7.55244e+006 15.3217
400550 7.55244e+006 15.3217
400549 7.55244e+006 15.3217
400549 7.55244e+006 15.3217
400549 7.55244e+006 15.3517
400549 7.55244e+006 15.3517
400550 7.55244e+006 15.3517
400550 7.55244e+006 15.3517
400550 7.55244e+006 15.3517
400549 7.55244e+006 15.3517
400549 7.55244e+006 15.3217
400549 7.55244e+006 15.3217
400549 7.55244e+006 15.3517
400549 7.55244e+006 15.3517
400549 7.55244e+006 15.3517
400549 7.55244e+006 15.3217
400550 7.55244e+006 15.3217
400550 7.55244e+006 15.3217
400550 7.55244e+006 15.3517
400550 7.55244e+006 15.3517
400550 7.55244e+006 15.3517
400550 7.55244e+006 15.3217
