405403 7.55482e+006 40.0611
405402 7.55482e+006 40.0611
405404 7.55482e+006 40.0611
405404 7.55482e+006 40.0611
405405 7.55482e+006 40.0611
405403 7.55482e+006 40.0611
405403 7.55482e+006 44.03
405405 7.55482e+006 44.03
405404 7.55482e+006 44.03
405403 7.55482e+006 44.03
405404 7.55482e+006 44.03
405404 7.55482e+006 44.03
405403 7.55482e+006 44.03
405404 7.55482e+006 44.03
405404 7.55482e+006 44.03
405403 7.55482e+006 44.03
405404 7.55482e+006 44.03
405402 7.55482e+006 44.03
405402 7.55482e+006 40.0611
405403 7.55482e+006 40.0611
405403 7.55482e+006 44.03
405403 7.55482e+006 44.03
405402 7.55482e+006 44.03
405402 7.55482e+006 43.4456
405402 7.55482e+006 40.0611
405403 7.55482e+006 44.03
405402 7.55482e+006 43.4456
405403 7.55482e+006 44.03
405403 7.55482e+006 40.0611
405405 7.55482e+006 40.0611
405405 7.55482e+006 40.0611
405405 7.55482e+006 44.03
405403 7.55482e+006 44.03
405405 7.55482e+006 40.0611
405404 7.55482e+006 40.0611
405404 7.55482e+006 43.4456
405404 7.55482e+006 43.4456
405404 7.55482e+006 44.03
405404 7.55482e+006 44.03
405404 7.55482e+006 43.4456
405404 7.55482e+006 44.03
405404 7.55482e+006 44.03
405405 7.55482e+006 40.0611
405404 7.55482e+006 43.4456
405404 7.55482e+006 44.03
405405 7.55482e+006 40.0611
405404 7.55482e+006 44.03
405405 7.55482e+006 44.03
405404 7.55482e+006 43.9445
405404 7.55482e+006 43.9445
405404 7.55482e+006 43.9445
405404 7.55482e+006 43.9445
405405 7.55482e+006 43.9445
405404 7.55482e+006 43.9445
405405 7.55482e+006 43.9445
405404 7.55482e+006 43.9445
405404 7.55482e+006 40.3685
405404 7.55482e+006 40.3685
405405 7.55482e+006 40.3685
405405 7.55482e+006 43.9445
405405 7.55482e+006 40.3685
405404 7.55482e+006 40.3685
405404 7.55482e+006 40.3655
405404 7.55482e+006 40.3655
405404 7.55482e+006 40.3655
405405 7.55482e+006 40.3685
405404 7.55482e+006 40.3655
405404 7.55482e+006 40.3655
405404 7.55482e+006 43.9445
405404 7.55482e+006 43.9445
405404 7.55482e+006 43.9445
405404 7.55482e+006 40.3655
405404 7.55482e+006 40.0611
405402 7.55482e+006 40.0611
405402 7.55482e+006 43.4456
405404 7.55482e+006 40.0611
405402 7.55482e+006 43.4456
405402 7.55482e+006 44.03
405402 7.55482e+006 44.03
405404 7.55482e+006 44.03
405404 7.55482e+006 43.4456
405404 7.55482e+006 40.0611
405402 7.55482e+006 44.03
405404 7.55482e+006 43.4456
405403 7.55482e+006 41.2861
405401 7.55482e+006 41.2861
405401 7.55482e+006 43.4456
405401 7.55482e+006 43.4456
405403 7.55482e+006 43.4456
405403 7.55482e+006 41.2861
405402 7.55482e+006 43.4456
405404 7.55482e+006 43.4456
405403 7.55482e+006 43.4456
405403 7.55482e+006 43.4456
405401 7.55482e+006 43.4456
405402 7.55482e+006 43.4456
405404 7.55482e+006 41.2861
405402 7.55482e+006 41.2861
405401 7.55482e+006 41.2861
405401 7.55482e+006 41.2861
405403 7.55482e+006 41.2861
405404 7.55482e+006 41.2861
405402 7.55482e+006 41.2861
405402 7.55482e+006 43.4456
405401 7.55482e+006 43.4456
405401 7.55482e+006 43.4456
405401 7.55482e+006 41.2861
405402 7.55482e+006 41.2861
405405 7.55482e+006 41.2861
405405 7.55482e+006 43.4456
405403 7.55482e+006 43.4456
405403 7.55482e+006 43.4456
405403 7.55482e+006 41.2861
405405 7.55482e+006 41.2861
405403 7.55482e+006 43.4456
405403 7.55482e+006 41.2861
405403 7.55482e+006 41.2861
405403 7.55482e+006 41.2861
405403 7.55482e+006 43.4456
405403 7.55482e+006 43.4456
405403 7.55482e+006 41.2861
405405 7.55482e+006 41.2861
405405 7.55482e+006 41.2861
405405 7.55482e+006 41.2861
405403 7.55482e+006 41.2861
405403 7.55482e+006 41.2861
405405 7.55482e+006 43.4456
405403 7.55482e+006 43.4456
405403 7.55482e+006 43.4456
405403 7.55482e+006 43.4456
405405 7.55482e+006 43.4456
405405 7.55482e+006 43.4456
