398022 7.55154e+006 -282.455
398022 7.55154e+006 -282.52
398022 7.55154e+006 -282.52
398022 7.55154e+006 -282.52
398022 7.55154e+006 -282.455
398022 7.55154e+006 -282.455
398022 7.55154e+006 -282.455
398022 7.55154e+006 -282.455
398022 7.55154e+006 -282.52
398022 7.55154e+006 -282.52
398022 7.55154e+006 -282.52
398022 7.55154e+006 -282.455
398022 7.55154e+006 -282.52
398022 7.55154e+006 -282.52
398022 7.55154e+006 -282.52
398022 7.55154e+006 -282.52
398022 7.55154e+006 -282.52
398022 7.55154e+006 -282.52
398022 7.55154e+006 -282.52
398022 7.55154e+006 -282.52
398022 7.55154e+006 -282.455
398022 7.55154e+006 -282.455
398022 7.55154e+006 -282.455
398022 7.55154e+006 -282.52
398022 7.55154e+006 -282.505
398022 7.55154e+006 -282.505
398022 7.55154e+006 -282.545
398022 7.55154e+006 -282.545
398022 7.55154e+006 -282.545
398022 7.55154e+006 -282.505
398022 7.55154e+006 -282.545
398022 7.55154e+006 -282.545
398022 7.55154e+006 -282.545
398022 7.55154e+006 -282.545
398022 7.55154e+006 -282.545
398022 7.55154e+006 -282.545
398022 7.55154e+006 -282.545
398022 7.55154e+006 -282.545
398022 7.55154e+006 -282.505
398022 7.55154e+006 -282.505
398022 7.55154e+006 -282.505
398022 7.55154e+006 -282.545
398022 7.55154e+006 -282.505
398022 7.55154e+006 -282.505
398022 7.55154e+006 -282.465
398022 7.55154e+006 -282.465
398022 7.55154e+006 -282.465
398022 7.55154e+006 -282.505
398022 7.55154e+006 -282.465
398022 7.55154e+006 -282.465
398022 7.55154e+006 -282.465
398022 7.55154e+006 -282.465
398022 7.55154e+006 -282.465
398022 7.55154e+006 -282.465
398022 7.55154e+006 -282.465
398022 7.55154e+006 -282.465
398022 7.55154e+006 -282.505
398022 7.55154e+006 -282.505
398022 7.55154e+006 -282.505
398022 7.55154e+006 -282.465
398022 7.55154e+006 -282.465
398022 7.55154e+006 -282.465
398022 7.55154e+006 -282.505
398022 7.55154e+006 -282.505
398022 7.55154e+006 -282.545
398022 7.55154e+006 -282.545
398022 7.55154e+006 -282.465
398022 7.55154e+006 -282.505
398022 7.55154e+006 -282.545
398022 7.55154e+006 -282.505
398022 7.55154e+006 -282.465
398022 7.55154e+006 -282.545
398022 7.55154e+006 -282.455
398022 7.55154e+006 -282.455
398022 7.55154e+006 -282.52
398022 7.55154e+006 -282.52
398022 7.55154e+006 -282.52
398022 7.55154e+006 -282.455
398022 7.55154e+006 -282.455
398022 7.55154e+006 -282.52
398022 7.55154e+006 -282.52
398022 7.55154e+006 -282.52
398022 7.55154e+006 -282.455
398022 7.55154e+006 -282.455
398022 7.55154e+006 -282.52
398022 7.55154e+006 -282.52
398022 7.55154e+006 -282.52
398022 7.55154e+006 -282.52
398022 7.55154e+006 -282.52
398022 7.55154e+006 -282.52
398022 7.55154e+006 -282.52
398022 7.55154e+006 -282.455
398022 7.55154e+006 -282.455
398022 7.55154e+006 -282.455
398022 7.55154e+006 -282.52
398022 7.55154e+006 -282.52
398022 7.55154e+006 -282.505
398023 7.55154e+006 -282.545
398022 7.55154e+006 -282.545
398022 7.55154e+006 -282.545
398022 7.55154e+006 -282.505
398022 7.55154e+006 -282.505
398023 7.55154e+006 -282.545
398023 7.55154e+006 -282.545
398023 7.55154e+006 -282.545
398023 7.55154e+006 -282.545
398022 7.55154e+006 -282.545
398023 7.55154e+006 -282.545
398023 7.55154e+006 -282.545
398023 7.55154e+006 -282.505
398023 7.55154e+006 -282.505
398023 7.55154e+006 -282.505
398023 7.55154e+006 -282.545
398023 7.55154e+006 -282.545
398023 7.55154e+006 -282.505
398023 7.55154e+006 -282.465
398023 7.55154e+006 -282.465
398023 7.55154e+006 -282.465
398023 7.55154e+006 -282.505
398023 7.55154e+006 -282.505
398023 7.55154e+006 -282.465
398023 7.55154e+006 -282.465
398022 7.55154e+006 -282.465
398022 7.55154e+006 -282.465
398023 7.55154e+006 -282.465
398023 7.55154e+006 -282.465
398023 7.55154e+006 -282.465
398022 7.55154e+006 -282.505
398022 7.55154e+006 -282.505
398022 7.55154e+006 -282.505
398022 7.55154e+006 -282.465
398023 7.55154e+006 -282.465
398022 7.55154e+006 -282.545
398023 7.55154e+006 -282.545
398023 7.55154e+006 -282.505
398023 7.55154e+006 -282.505
398023 7.55154e+006 -282.465
398022 7.55154e+006 -282.465
398022 7.55154e+006 -282.545
398023 7.55154e+006 -282.505
398022 7.55154e+006 -282.465
398022 7.55154e+006 -282.505
398022 7.55154e+006 -282.545
398022 7.55154e+006 -282.465
398022 7.55154e+006 -282.167
398022 7.55154e+006 -282.101
398022 7.55154e+006 -282.101
398022 7.55154e+006 -282.101
398022 7.55154e+006 -282.167
398022 7.55154e+006 -282.167
398022 7.55154e+006 -282.167
398022 7.55154e+006 -282.167
398022 7.55154e+006 -282.101
398022 7.55154e+006 -282.101
398022 7.55154e+006 -282.101
398022 7.55154e+006 -282.167
398022 7.55154e+006 -282.101
398022 7.55154e+006 -282.101
398022 7.55154e+006 -282.101
398022 7.55154e+006 -282.101
398022 7.55154e+006 -282.101
398022 7.55154e+006 -282.101
398022 7.55154e+006 -282.101
398022 7.55154e+006 -282.101
398022 7.55154e+006 -282.167
398022 7.55154e+006 -282.167
398022 7.55154e+006 -282.167
398022 7.55154e+006 -282.101
398022 7.55154e+006 -282.117
398022 7.55154e+006 -282.117
398022 7.55154e+006 -282.077
398022 7.55154e+006 -282.077
398023 7.55154e+006 -282.077
398022 7.55154e+006 -282.117
398023 7.55154e+006 -282.077
398022 7.55154e+006 -282.077
398023 7.55154e+006 -282.077
398023 7.55154e+006 -282.077
398023 7.55154e+006 -282.077
398023 7.55154e+006 -282.077
398023 7.55154e+006 -282.077
398023 7.55154e+006 -282.077
398023 7.55154e+006 -282.117
398023 7.55154e+006 -282.117
398023 7.55154e+006 -282.117
398023 7.55154e+006 -282.077
398023 7.55154e+006 -282.117
398023 7.55154e+006 -282.117
398023 7.55154e+006 -282.157
398023 7.55154e+006 -282.157
398023 7.55154e+006 -282.157
398023 7.55154e+006 -282.117
398023 7.55154e+006 -282.157
398023 7.55154e+006 -282.157
398022 7.55154e+006 -282.157
398022 7.55154e+006 -282.157
398023 7.55154e+006 -282.157
398023 7.55154e+006 -282.157
398023 7.55154e+006 -282.157
398022 7.55154e+006 -282.157
398022 7.55154e+006 -282.117
398022 7.55154e+006 -282.117
398022 7.55154e+006 -282.117
398023 7.55154e+006 -282.157
398022 7.55154e+006 -282.157
398023 7.55154e+006 -282.157
398023 7.55154e+006 -282.117
398023 7.55154e+006 -282.117
398023 7.55154e+006 -282.077
398022 7.55154e+006 -282.077
398022 7.55154e+006 -282.157
398023 7.55154e+006 -282.117
398022 7.55154e+006 -282.077
398022 7.55154e+006 -282.117
398022 7.55154e+006 -282.157
398022 7.55154e+006 -282.077
398022 7.55154e+006 -282.167
398022 7.55154e+006 -282.167
398022 7.55154e+006 -282.101
398022 7.55154e+006 -282.101
398022 7.55154e+006 -282.101
398022 7.55154e+006 -282.167
398022 7.55154e+006 -282.167
398022 7.55154e+006 -282.101
398022 7.55154e+006 -282.101
398022 7.55154e+006 -282.101
398022 7.55154e+006 -282.167
398022 7.55154e+006 -282.167
398022 7.55154e+006 -282.101
398022 7.55154e+006 -282.101
398022 7.55154e+006 -282.101
398022 7.55154e+006 -282.101
398022 7.55154e+006 -282.101
398022 7.55154e+006 -282.101
398022 7.55154e+006 -282.101
398022 7.55154e+006 -282.167
398022 7.55154e+006 -282.167
398022 7.55154e+006 -282.167
398022 7.55154e+006 -282.101
398022 7.55154e+006 -282.101
398022 7.55154e+006 -282.117
398022 7.55154e+006 -282.077
398022 7.55154e+006 -282.077
398022 7.55154e+006 -282.077
398022 7.55154e+006 -282.117
398022 7.55154e+006 -282.117
398022 7.55154e+006 -282.077
398022 7.55154e+006 -282.077
398022 7.55154e+006 -282.077
398022 7.55154e+006 -282.077
398022 7.55154e+006 -282.077
398022 7.55154e+006 -282.077
398022 7.55154e+006 -282.077
398022 7.55154e+006 -282.117
398022 7.55154e+006 -282.117
398022 7.55154e+006 -282.117
398022 7.55154e+006 -282.077
398022 7.55154e+006 -282.077
398022 7.55154e+006 -282.117
398022 7.55154e+006 -282.157
398022 7.55154e+006 -282.157
398022 7.55154e+006 -282.157
398022 7.55154e+006 -282.117
398022 7.55154e+006 -282.117
398022 7.55154e+006 -282.157
398022 7.55154e+006 -282.157
398022 7.55154e+006 -282.157
398022 7.55154e+006 -282.157
398022 7.55154e+006 -282.157
398022 7.55154e+006 -282.157
398022 7.55154e+006 -282.157
398022 7.55154e+006 -282.117
398022 7.55154e+006 -282.117
398022 7.55154e+006 -282.117
398022 7.55154e+006 -282.157
398022 7.55154e+006 -282.157
398022 7.55154e+006 -282.077
398022 7.55154e+006 -282.077
398022 7.55154e+006 -282.117
398022 7.55154e+006 -282.117
398022 7.55154e+006 -282.157
398022 7.55154e+006 -282.157
398022 7.55154e+006 -282.077
398022 7.55154e+006 -282.117
398022 7.55154e+006 -282.157
398022 7.55154e+006 -282.117
398022 7.55154e+006 -282.077
398022 7.55154e+006 -282.157
398021 7.55154e+006 -282.455
398021 7.55154e+006 -282.52
398021 7.55154e+006 -282.52
398021 7.55154e+006 -282.52
398021 7.55154e+006 -282.455
398021 7.55154e+006 -282.455
398021 7.55154e+006 -282.455
398021 7.55154e+006 -282.455
398021 7.55154e+006 -282.52
398021 7.55154e+006 -282.52
398021 7.55154e+006 -282.52
398021 7.55154e+006 -282.455
398021 7.55154e+006 -282.52
398021 7.55154e+006 -282.52
398021 7.55154e+006 -282.52
398021 7.55154e+006 -282.52
398021 7.55154e+006 -282.52
398021 7.55154e+006 -282.52
398021 7.55154e+006 -282.52
398021 7.55154e+006 -282.52
398021 7.55154e+006 -282.455
398021 7.55154e+006 -282.455
398021 7.55154e+006 -282.455
398021 7.55154e+006 -282.52
398021 7.55154e+006 -282.505
398021 7.55154e+006 -282.505
398021 7.55154e+006 -282.545
398021 7.55154e+006 -282.545
398021 7.55154e+006 -282.545
398021 7.55154e+006 -282.505
398021 7.55154e+006 -282.545
398021 7.55154e+006 -282.545
398021 7.55154e+006 -282.545
398021 7.55154e+006 -282.545
398021 7.55154e+006 -282.545
398021 7.55154e+006 -282.545
398021 7.55154e+006 -282.545
398021 7.55154e+006 -282.545
398021 7.55154e+006 -282.505
398021 7.55154e+006 -282.505
398021 7.55154e+006 -282.505
398021 7.55154e+006 -282.545
398021 7.55154e+006 -282.505
398021 7.55154e+006 -282.505
398021 7.55154e+006 -282.465
398021 7.55154e+006 -282.465
398021 7.55154e+006 -282.465
398021 7.55154e+006 -282.505
398021 7.55154e+006 -282.465
398021 7.55154e+006 -282.465
398021 7.55154e+006 -282.465
398021 7.55154e+006 -282.465
398021 7.55154e+006 -282.465
398021 7.55154e+006 -282.465
398021 7.55154e+006 -282.465
398021 7.55154e+006 -282.465
398021 7.55154e+006 -282.505
398021 7.55154e+006 -282.505
398021 7.55154e+006 -282.505
398021 7.55154e+006 -282.465
398021 7.55154e+006 -282.465
398021 7.55154e+006 -282.465
398021 7.55154e+006 -282.505
398021 7.55154e+006 -282.505
398021 7.55154e+006 -282.545
398021 7.55154e+006 -282.545
398021 7.55154e+006 -282.465
398021 7.55154e+006 -282.505
398021 7.55154e+006 -282.545
398021 7.55154e+006 -282.505
398021 7.55154e+006 -282.465
398021 7.55154e+006 -282.545
398021 7.55154e+006 -282.455
398021 7.55154e+006 -282.455
398021 7.55154e+006 -282.52
398021 7.55154e+006 -282.52
398021 7.55154e+006 -282.52
398021 7.55154e+006 -282.455
398021 7.55154e+006 -282.455
398021 7.55154e+006 -282.52
398021 7.55154e+006 -282.52
398021 7.55154e+006 -282.52
398021 7.55154e+006 -282.455
398021 7.55154e+006 -282.455
398021 7.55154e+006 -282.52
398021 7.55154e+006 -282.52
398021 7.55154e+006 -282.52
398021 7.55154e+006 -282.52
398021 7.55154e+006 -282.52
398021 7.55154e+006 -282.52
398021 7.55154e+006 -282.52
398021 7.55154e+006 -282.455
398021 7.55154e+006 -282.455
398021 7.55154e+006 -282.455
398021 7.55154e+006 -282.52
398021 7.55154e+006 -282.52
398021 7.55154e+006 -282.505
398021 7.55154e+006 -282.545
398021 7.55154e+006 -282.545
398021 7.55154e+006 -282.545
398021 7.55154e+006 -282.505
398021 7.55154e+006 -282.505
398021 7.55154e+006 -282.545
398021 7.55154e+006 -282.545
398021 7.55154e+006 -282.545
398021 7.55154e+006 -282.545
398021 7.55154e+006 -282.545
398021 7.55154e+006 -282.545
398021 7.55154e+006 -282.545
398021 7.55154e+006 -282.505
398021 7.55154e+006 -282.505
398021 7.55154e+006 -282.505
398021 7.55154e+006 -282.545
398021 7.55154e+006 -282.545
398021 7.55154e+006 -282.505
398021 7.55154e+006 -282.465
398021 7.55154e+006 -282.465
398021 7.55154e+006 -282.465
398021 7.55154e+006 -282.505
398021 7.55154e+006 -282.505
398021 7.55154e+006 -282.465
398021 7.55154e+006 -282.465
398021 7.55154e+006 -282.465
398021 7.55154e+006 -282.465
398021 7.55154e+006 -282.465
398021 7.55154e+006 -282.465
398021 7.55154e+006 -282.465
398021 7.55154e+006 -282.505
398021 7.55154e+006 -282.505
398021 7.55154e+006 -282.505
398021 7.55154e+006 -282.465
398021 7.55154e+006 -282.465
398021 7.55154e+006 -282.545
398021 7.55154e+006 -282.545
398021 7.55154e+006 -282.505
398021 7.55154e+006 -282.505
398021 7.55154e+006 -282.465
398021 7.55154e+006 -282.465
398021 7.55154e+006 -282.545
398021 7.55154e+006 -282.505
398021 7.55154e+006 -282.465
398021 7.55154e+006 -282.505
398021 7.55154e+006 -282.545
398021 7.55154e+006 -282.465
398021 7.55154e+006 -282.167
398021 7.55154e+006 -282.101
398021 7.55154e+006 -282.101
398021 7.55154e+006 -282.101
398021 7.55154e+006 -282.167
398021 7.55154e+006 -282.167
398021 7.55154e+006 -282.167
398021 7.55154e+006 -282.167
398021 7.55154e+006 -282.101
398021 7.55154e+006 -282.101
398021 7.55154e+006 -282.101
398021 7.55154e+006 -282.167
398021 7.55154e+006 -282.101
398021 7.55154e+006 -282.101
398021 7.55154e+006 -282.101
398021 7.55154e+006 -282.101
398021 7.55154e+006 -282.101
398021 7.55154e+006 -282.101
398021 7.55154e+006 -282.101
398021 7.55154e+006 -282.101
398021 7.55154e+006 -282.167
398021 7.55154e+006 -282.167
398021 7.55154e+006 -282.167
398021 7.55154e+006 -282.101
398021 7.55154e+006 -282.117
398021 7.55154e+006 -282.117
398021 7.55154e+006 -282.077
398021 7.55154e+006 -282.077
398021 7.55154e+006 -282.077
398021 7.55154e+006 -282.117
398021 7.55154e+006 -282.077
398021 7.55154e+006 -282.077
398021 7.55154e+006 -282.077
398021 7.55154e+006 -282.077
398021 7.55154e+006 -282.077
398021 7.55154e+006 -282.077
398021 7.55154e+006 -282.077
398021 7.55154e+006 -282.077
398021 7.55154e+006 -282.117
398021 7.55154e+006 -282.117
398021 7.55154e+006 -282.117
398021 7.55154e+006 -282.077
398021 7.55154e+006 -282.117
398021 7.55154e+006 -282.117
398021 7.55154e+006 -282.157
398021 7.55154e+006 -282.157
398021 7.55154e+006 -282.157
398021 7.55154e+006 -282.117
398021 7.55154e+006 -282.157
398021 7.55154e+006 -282.157
398021 7.55154e+006 -282.157
398021 7.55154e+006 -282.157
398021 7.55154e+006 -282.157
398021 7.55154e+006 -282.157
398021 7.55154e+006 -282.157
398021 7.55154e+006 -282.157
398021 7.55154e+006 -282.117
398021 7.55154e+006 -282.117
398021 7.55154e+006 -282.117
398021 7.55154e+006 -282.157
398021 7.55154e+006 -282.157
398021 7.55154e+006 -282.157
398021 7.55154e+006 -282.117
398021 7.55154e+006 -282.117
398021 7.55154e+006 -282.077
398021 7.55154e+006 -282.077
398021 7.55154e+006 -282.157
398021 7.55154e+006 -282.117
398021 7.55154e+006 -282.077
398021 7.55154e+006 -282.117
398021 7.55154e+006 -282.157
398021 7.55154e+006 -282.077
398021 7.55154e+006 -282.167
398021 7.55154e+006 -282.167
398021 7.55154e+006 -282.101
398021 7.55154e+006 -282.101
398021 7.55154e+006 -282.101
398021 7.55154e+006 -282.167
398021 7.55154e+006 -282.167
398021 7.55154e+006 -282.101
398021 7.55154e+006 -282.101
398021 7.55154e+006 -282.101
398021 7.55154e+006 -282.167
398021 7.55154e+006 -282.167
398021 7.55154e+006 -282.101
398021 7.55154e+006 -282.101
398021 7.55154e+006 -282.101
398021 7.55154e+006 -282.101
398021 7.55154e+006 -282.101
398021 7.55154e+006 -282.101
398021 7.55154e+006 -282.101
398021 7.55154e+006 -282.167
398021 7.55154e+006 -282.167
398021 7.55154e+006 -282.167
398021 7.55154e+006 -282.101
398021 7.55154e+006 -282.101
398021 7.55154e+006 -282.117
398021 7.55154e+006 -282.077
398021 7.55154e+006 -282.077
398021 7.55154e+006 -282.077
398021 7.55154e+006 -282.117
398021 7.55154e+006 -282.117
398021 7.55154e+006 -282.077
398021 7.55154e+006 -282.077
398021 7.55154e+006 -282.077
398021 7.55154e+006 -282.077
398021 7.55154e+006 -282.077
398021 7.55154e+006 -282.077
398021 7.55154e+006 -282.077
398021 7.55154e+006 -282.117
398021 7.55154e+006 -282.117
398021 7.55154e+006 -282.117
398021 7.55154e+006 -282.077
398021 7.55154e+006 -282.077
398021 7.55154e+006 -282.117
398021 7.55154e+006 -282.157
398021 7.55154e+006 -282.157
398021 7.55154e+006 -282.157
398021 7.55154e+006 -282.117
398021 7.55154e+006 -282.117
398021 7.55154e+006 -282.157
398021 7.55154e+006 -282.157
398021 7.55154e+006 -282.157
398021 7.55154e+006 -282.157
398021 7.55154e+006 -282.157
398021 7.55154e+006 -282.157
398021 7.55154e+006 -282.157
398021 7.55154e+006 -282.117
398021 7.55154e+006 -282.117
398021 7.55154e+006 -282.117
398021 7.55154e+006 -282.157
398021 7.55154e+006 -282.157
398021 7.55154e+006 -282.077
398021 7.55154e+006 -282.077
398021 7.55154e+006 -282.117
398021 7.55154e+006 -282.117
398021 7.55154e+006 -282.157
398021 7.55154e+006 -282.157
398021 7.55154e+006 -282.077
398021 7.55154e+006 -282.117
398021 7.55154e+006 -282.157
398021 7.55154e+006 -282.117
398021 7.55154e+006 -282.077
398021 7.55154e+006 -282.157
398023 7.55154e+006 -282.455
398023 7.55154e+006 -282.52
398023 7.55154e+006 -282.52
398023 7.55154e+006 -282.52
398023 7.55154e+006 -282.455
398023 7.55154e+006 -282.455
398023 7.55154e+006 -282.455
398023 7.55154e+006 -282.455
398023 7.55154e+006 -282.52
398023 7.55154e+006 -282.52
398023 7.55154e+006 -282.52
398023 7.55154e+006 -282.455
398023 7.55154e+006 -282.52
398023 7.55154e+006 -282.52
398023 7.55154e+006 -282.52
398023 7.55154e+006 -282.52
398023 7.55154e+006 -282.52
398023 7.55154e+006 -282.52
398023 7.55154e+006 -282.52
398023 7.55154e+006 -282.52
398023 7.55154e+006 -282.455
398023 7.55154e+006 -282.455
398023 7.55154e+006 -282.455
398023 7.55154e+006 -282.52
398023 7.55154e+006 -282.505
398023 7.55154e+006 -282.505
398023 7.55154e+006 -282.545
398023 7.55154e+006 -282.545
398023 7.55154e+006 -282.545
398023 7.55154e+006 -282.505
398023 7.55154e+006 -282.545
398023 7.55154e+006 -282.545
398023 7.55154e+006 -282.545
398023 7.55154e+006 -282.545
398023 7.55154e+006 -282.545
398023 7.55154e+006 -282.545
398023 7.55154e+006 -282.545
398023 7.55154e+006 -282.545
398023 7.55154e+006 -282.505
398023 7.55154e+006 -282.505
398023 7.55154e+006 -282.505
398023 7.55154e+006 -282.545
398023 7.55154e+006 -282.505
398023 7.55154e+006 -282.505
398023 7.55154e+006 -282.465
398023 7.55154e+006 -282.465
398023 7.55154e+006 -282.465
398023 7.55154e+006 -282.505
398023 7.55154e+006 -282.465
398023 7.55154e+006 -282.465
398023 7.55154e+006 -282.465
398023 7.55154e+006 -282.465
398023 7.55154e+006 -282.465
398023 7.55154e+006 -282.465
398023 7.55154e+006 -282.465
398023 7.55154e+006 -282.465
398023 7.55154e+006 -282.505
398023 7.55154e+006 -282.505
398023 7.55154e+006 -282.505
398023 7.55154e+006 -282.465
398023 7.55154e+006 -282.465
398023 7.55154e+006 -282.465
398023 7.55154e+006 -282.505
398023 7.55154e+006 -282.505
398023 7.55154e+006 -282.545
398023 7.55154e+006 -282.545
398023 7.55154e+006 -282.465
398023 7.55154e+006 -282.505
398023 7.55154e+006 -282.545
398023 7.55154e+006 -282.505
398023 7.55154e+006 -282.465
398023 7.55154e+006 -282.545
398023 7.55154e+006 -282.455
398023 7.55154e+006 -282.455
398023 7.55154e+006 -282.52
398023 7.55154e+006 -282.52
398023 7.55154e+006 -282.52
398023 7.55154e+006 -282.455
398023 7.55154e+006 -282.455
398023 7.55154e+006 -282.52
398023 7.55154e+006 -282.52
398023 7.55154e+006 -282.52
398023 7.55154e+006 -282.455
398023 7.55154e+006 -282.455
398023 7.55154e+006 -282.52
398023 7.55154e+006 -282.52
398023 7.55154e+006 -282.52
398023 7.55154e+006 -282.52
398023 7.55154e+006 -282.52
398023 7.55154e+006 -282.52
398023 7.55154e+006 -282.52
398023 7.55154e+006 -282.455
398023 7.55154e+006 -282.455
398023 7.55154e+006 -282.455
398023 7.55154e+006 -282.52
398023 7.55154e+006 -282.52
398023 7.55154e+006 -282.505
398023 7.55154e+006 -282.545
398023 7.55154e+006 -282.545
398023 7.55154e+006 -282.545
398023 7.55154e+006 -282.505
398023 7.55154e+006 -282.505
398023 7.55154e+006 -282.545
398023 7.55154e+006 -282.545
398023 7.55154e+006 -282.545
398023 7.55154e+006 -282.545
398023 7.55154e+006 -282.545
398023 7.55154e+006 -282.545
398023 7.55154e+006 -282.545
398023 7.55154e+006 -282.505
398023 7.55154e+006 -282.505
398023 7.55154e+006 -282.505
398023 7.55154e+006 -282.545
398023 7.55154e+006 -282.545
398023 7.55154e+006 -282.505
398023 7.55154e+006 -282.465
398023 7.55154e+006 -282.465
398023 7.55154e+006 -282.465
398023 7.55154e+006 -282.505
398023 7.55154e+006 -282.505
398023 7.55154e+006 -282.465
398023 7.55154e+006 -282.465
398023 7.55154e+006 -282.465
398023 7.55154e+006 -282.465
398023 7.55154e+006 -282.465
398023 7.55154e+006 -282.465
398023 7.55154e+006 -282.465
398023 7.55154e+006 -282.505
398023 7.55154e+006 -282.505
398023 7.55154e+006 -282.505
398023 7.55154e+006 -282.465
398023 7.55154e+006 -282.465
398023 7.55154e+006 -282.545
398023 7.55154e+006 -282.545
398023 7.55154e+006 -282.505
398023 7.55154e+006 -282.505
398023 7.55154e+006 -282.465
398023 7.55154e+006 -282.465
398023 7.55154e+006 -282.545
398023 7.55154e+006 -282.505
398023 7.55154e+006 -282.465
398023 7.55154e+006 -282.505
398023 7.55154e+006 -282.545
398023 7.55154e+006 -282.465
398023 7.55154e+006 -282.167
398023 7.55154e+006 -282.101
398023 7.55154e+006 -282.101
398023 7.55154e+006 -282.101
398023 7.55154e+006 -282.167
398023 7.55154e+006 -282.167
398023 7.55154e+006 -282.167
398023 7.55154e+006 -282.167
398023 7.55154e+006 -282.101
398023 7.55154e+006 -282.101
398023 7.55154e+006 -282.101
398023 7.55154e+006 -282.167
398023 7.55154e+006 -282.101
398023 7.55154e+006 -282.101
398023 7.55154e+006 -282.101
398023 7.55154e+006 -282.101
398023 7.55154e+006 -282.101
398023 7.55154e+006 -282.101
398023 7.55154e+006 -282.101
398023 7.55154e+006 -282.101
398023 7.55154e+006 -282.167
398023 7.55154e+006 -282.167
398023 7.55154e+006 -282.167
398023 7.55154e+006 -282.101
398023 7.55154e+006 -282.117
398023 7.55154e+006 -282.117
398023 7.55154e+006 -282.077
398023 7.55154e+006 -282.077
398023 7.55154e+006 -282.077
398023 7.55154e+006 -282.117
398023 7.55154e+006 -282.077
398023 7.55154e+006 -282.077
398023 7.55154e+006 -282.077
398023 7.55154e+006 -282.077
398023 7.55154e+006 -282.077
398023 7.55154e+006 -282.077
398023 7.55154e+006 -282.077
398023 7.55154e+006 -282.077
398023 7.55154e+006 -282.117
398023 7.55154e+006 -282.117
398023 7.55154e+006 -282.117
398023 7.55154e+006 -282.077
398023 7.55154e+006 -282.117
398023 7.55154e+006 -282.117
398023 7.55154e+006 -282.157
398023 7.55154e+006 -282.157
398023 7.55154e+006 -282.157
398023 7.55154e+006 -282.117
398023 7.55154e+006 -282.157
398023 7.55154e+006 -282.157
398023 7.55154e+006 -282.157
398023 7.55154e+006 -282.157
398023 7.55154e+006 -282.157
398023 7.55154e+006 -282.157
398023 7.55154e+006 -282.157
398023 7.55154e+006 -282.157
398023 7.55154e+006 -282.117
398023 7.55154e+006 -282.117
398023 7.55154e+006 -282.117
398023 7.55154e+006 -282.157
398023 7.55154e+006 -282.157
398023 7.55154e+006 -282.157
398023 7.55154e+006 -282.117
398023 7.55154e+006 -282.117
398023 7.55154e+006 -282.077
398023 7.55154e+006 -282.077
398023 7.55154e+006 -282.157
398023 7.55154e+006 -282.117
398023 7.55154e+006 -282.077
398023 7.55154e+006 -282.117
398023 7.55154e+006 -282.157
398023 7.55154e+006 -282.077
398023 7.55154e+006 -282.167
398023 7.55154e+006 -282.167
398023 7.55154e+006 -282.101
398023 7.55154e+006 -282.101
398023 7.55154e+006 -282.101
398023 7.55154e+006 -282.167
398023 7.55154e+006 -282.167
398023 7.55154e+006 -282.101
398023 7.55154e+006 -282.101
398023 7.55154e+006 -282.101
398023 7.55154e+006 -282.167
398023 7.55154e+006 -282.167
398023 7.55154e+006 -282.101
398023 7.55154e+006 -282.101
398023 7.55154e+006 -282.101
398023 7.55154e+006 -282.101
398023 7.55154e+006 -282.101
398023 7.55154e+006 -282.101
398023 7.55154e+006 -282.101
398023 7.55154e+006 -282.167
398023 7.55154e+006 -282.167
398023 7.55154e+006 -282.167
398023 7.55154e+006 -282.101
398023 7.55154e+006 -282.101
398023 7.55154e+006 -282.117
398023 7.55154e+006 -282.077
398023 7.55154e+006 -282.077
398023 7.55154e+006 -282.077
398023 7.55154e+006 -282.117
398023 7.55154e+006 -282.117
398023 7.55154e+006 -282.077
398023 7.55154e+006 -282.077
398023 7.55154e+006 -282.077
398023 7.55154e+006 -282.077
398023 7.55154e+006 -282.077
398023 7.55154e+006 -282.077
398023 7.55154e+006 -282.077
398023 7.55154e+006 -282.117
398023 7.55154e+006 -282.117
398023 7.55154e+006 -282.117
398023 7.55154e+006 -282.077
398023 7.55154e+006 -282.077
398023 7.55154e+006 -282.117
398023 7.55154e+006 -282.157
398023 7.55154e+006 -282.157
398023 7.55154e+006 -282.157
398023 7.55154e+006 -282.117
398023 7.55154e+006 -282.117
398023 7.55154e+006 -282.157
398023 7.55154e+006 -282.157
398023 7.55154e+006 -282.157
398023 7.55154e+006 -282.157
398023 7.55154e+006 -282.157
398023 7.55154e+006 -282.157
398023 7.55154e+006 -282.157
398023 7.55154e+006 -282.117
398023 7.55154e+006 -282.117
398023 7.55154e+006 -282.117
398023 7.55154e+006 -282.157
398023 7.55154e+006 -282.157
398023 7.55154e+006 -282.077
398023 7.55154e+006 -282.077
398023 7.55154e+006 -282.117
398023 7.55154e+006 -282.117
398023 7.55154e+006 -282.157
398023 7.55154e+006 -282.157
398023 7.55154e+006 -282.077
398023 7.55154e+006 -282.117
398023 7.55154e+006 -282.157
398023 7.55154e+006 -282.117
398023 7.55154e+006 -282.077
398023 7.55154e+006 -282.157
398024 7.55154e+006 -282.455
398024 7.55154e+006 -282.52
398024 7.55154e+006 -282.52
398024 7.55154e+006 -282.52
398024 7.55154e+006 -282.455
398024 7.55154e+006 -282.455
398024 7.55154e+006 -282.455
398024 7.55154e+006 -282.455
398024 7.55154e+006 -282.52
398024 7.55154e+006 -282.52
398024 7.55154e+006 -282.52
398024 7.55154e+006 -282.455
398024 7.55154e+006 -282.52
398024 7.55154e+006 -282.52
398024 7.55154e+006 -282.52
398024 7.55154e+006 -282.52
398024 7.55154e+006 -282.52
398024 7.55154e+006 -282.52
398024 7.55154e+006 -282.52
398024 7.55154e+006 -282.52
398024 7.55154e+006 -282.455
398024 7.55154e+006 -282.455
398024 7.55154e+006 -282.455
398024 7.55154e+006 -282.52
398024 7.55154e+006 -282.505
398024 7.55154e+006 -282.505
398024 7.55154e+006 -282.545
398024 7.55154e+006 -282.545
398024 7.55154e+006 -282.545
398024 7.55154e+006 -282.505
398024 7.55154e+006 -282.545
398024 7.55154e+006 -282.545
398024 7.55154e+006 -282.545
398024 7.55154e+006 -282.545
398024 7.55154e+006 -282.545
398024 7.55154e+006 -282.545
398024 7.55154e+006 -282.545
398024 7.55154e+006 -282.545
398024 7.55154e+006 -282.505
398024 7.55154e+006 -282.505
398024 7.55154e+006 -282.505
398024 7.55154e+006 -282.545
398024 7.55154e+006 -282.505
398024 7.55154e+006 -282.505
398024 7.55154e+006 -282.465
398024 7.55154e+006 -282.465
398024 7.55154e+006 -282.465
398024 7.55154e+006 -282.505
398024 7.55154e+006 -282.465
398024 7.55154e+006 -282.465
398024 7.55154e+006 -282.465
398024 7.55154e+006 -282.465
398024 7.55154e+006 -282.465
398024 7.55154e+006 -282.465
398024 7.55154e+006 -282.465
398024 7.55154e+006 -282.465
398024 7.55154e+006 -282.505
398024 7.55154e+006 -282.505
398024 7.55154e+006 -282.505
398024 7.55154e+006 -282.465
398024 7.55154e+006 -282.465
398024 7.55154e+006 -282.465
398024 7.55154e+006 -282.505
398024 7.55154e+006 -282.505
398024 7.55154e+006 -282.545
398024 7.55154e+006 -282.545
398024 7.55154e+006 -282.465
398024 7.55154e+006 -282.505
398024 7.55154e+006 -282.545
398024 7.55154e+006 -282.505
398024 7.55154e+006 -282.465
398024 7.55154e+006 -282.545
398024 7.55154e+006 -282.455
398024 7.55154e+006 -282.455
398024 7.55154e+006 -282.52
398024 7.55154e+006 -282.52
398024 7.55154e+006 -282.52
398024 7.55154e+006 -282.455
398024 7.55154e+006 -282.455
398024 7.55154e+006 -282.52
398024 7.55154e+006 -282.52
398024 7.55154e+006 -282.52
398024 7.55154e+006 -282.455
398024 7.55154e+006 -282.455
398024 7.55154e+006 -282.52
398024 7.55154e+006 -282.52
398024 7.55154e+006 -282.52
398024 7.55154e+006 -282.52
398024 7.55154e+006 -282.52
398024 7.55154e+006 -282.52
398024 7.55154e+006 -282.52
398024 7.55154e+006 -282.455
398024 7.55154e+006 -282.455
398024 7.55154e+006 -282.455
398024 7.55154e+006 -282.52
398024 7.55154e+006 -282.52
398024 7.55154e+006 -282.505
398024 7.55154e+006 -282.545
398024 7.55154e+006 -282.545
398024 7.55154e+006 -282.545
398024 7.55154e+006 -282.505
398024 7.55154e+006 -282.505
398024 7.55154e+006 -282.545
398024 7.55154e+006 -282.545
398024 7.55154e+006 -282.545
398024 7.55154e+006 -282.545
398024 7.55154e+006 -282.545
398024 7.55154e+006 -282.545
398024 7.55154e+006 -282.545
398024 7.55154e+006 -282.505
398024 7.55154e+006 -282.505
398024 7.55154e+006 -282.505
398024 7.55154e+006 -282.545
398024 7.55154e+006 -282.545
398024 7.55154e+006 -282.505
398024 7.55154e+006 -282.465
398024 7.55154e+006 -282.465
398024 7.55154e+006 -282.465
398024 7.55154e+006 -282.505
398024 7.55154e+006 -282.505
398024 7.55154e+006 -282.465
398024 7.55154e+006 -282.465
398024 7.55154e+006 -282.465
398024 7.55154e+006 -282.465
398024 7.55154e+006 -282.465
398024 7.55154e+006 -282.465
398024 7.55154e+006 -282.465
398024 7.55154e+006 -282.505
398024 7.55154e+006 -282.505
398024 7.55154e+006 -282.505
398024 7.55154e+006 -282.465
398024 7.55154e+006 -282.465
398024 7.55154e+006 -282.545
398024 7.55154e+006 -282.545
398024 7.55154e+006 -282.505
398024 7.55154e+006 -282.505
398024 7.55154e+006 -282.465
398024 7.55154e+006 -282.465
398024 7.55154e+006 -282.545
398024 7.55154e+006 -282.505
398024 7.55154e+006 -282.465
398024 7.55154e+006 -282.505
398024 7.55154e+006 -282.545
398024 7.55154e+006 -282.465
398024 7.55154e+006 -282.167
398024 7.55154e+006 -282.101
398024 7.55154e+006 -282.101
398024 7.55154e+006 -282.101
398024 7.55154e+006 -282.167
398024 7.55154e+006 -282.167
398024 7.55154e+006 -282.167
398024 7.55154e+006 -282.167
398024 7.55154e+006 -282.101
398024 7.55154e+006 -282.101
398024 7.55154e+006 -282.101
398024 7.55154e+006 -282.167
398024 7.55154e+006 -282.101
398024 7.55154e+006 -282.101
398024 7.55154e+006 -282.101
398024 7.55154e+006 -282.101
398024 7.55154e+006 -282.101
398024 7.55154e+006 -282.101
398024 7.55154e+006 -282.101
398024 7.55154e+006 -282.101
398024 7.55154e+006 -282.167
398024 7.55154e+006 -282.167
398024 7.55154e+006 -282.167
398024 7.55154e+006 -282.101
398024 7.55154e+006 -282.117
398024 7.55154e+006 -282.117
398024 7.55154e+006 -282.077
398024 7.55154e+006 -282.077
398024 7.55154e+006 -282.077
398024 7.55154e+006 -282.117
398024 7.55154e+006 -282.077
398024 7.55154e+006 -282.077
398024 7.55154e+006 -282.077
398024 7.55154e+006 -282.077
398024 7.55154e+006 -282.077
398024 7.55154e+006 -282.077
398024 7.55154e+006 -282.077
398024 7.55154e+006 -282.077
398024 7.55154e+006 -282.117
398024 7.55154e+006 -282.117
398024 7.55154e+006 -282.117
398024 7.55154e+006 -282.077
398024 7.55154e+006 -282.117
398024 7.55154e+006 -282.117
398024 7.55154e+006 -282.157
398024 7.55154e+006 -282.157
398024 7.55154e+006 -282.157
398024 7.55154e+006 -282.117
398024 7.55154e+006 -282.157
398024 7.55154e+006 -282.157
398024 7.55154e+006 -282.157
398024 7.55154e+006 -282.157
398024 7.55154e+006 -282.157
398024 7.55154e+006 -282.157
398024 7.55154e+006 -282.157
398024 7.55154e+006 -282.157
398024 7.55154e+006 -282.117
398024 7.55154e+006 -282.117
398024 7.55154e+006 -282.117
398024 7.55154e+006 -282.157
398024 7.55154e+006 -282.157
398024 7.55154e+006 -282.157
398024 7.55154e+006 -282.117
398024 7.55154e+006 -282.117
398024 7.55154e+006 -282.077
398024 7.55154e+006 -282.077
398024 7.55154e+006 -282.157
398024 7.55154e+006 -282.117
398024 7.55154e+006 -282.077
398024 7.55154e+006 -282.117
398024 7.55154e+006 -282.157
398024 7.55154e+006 -282.077
398024 7.55154e+006 -282.167
398024 7.55154e+006 -282.167
398024 7.55154e+006 -282.101
398024 7.55154e+006 -282.101
398024 7.55154e+006 -282.101
398024 7.55154e+006 -282.167
398024 7.55154e+006 -282.167
398024 7.55154e+006 -282.101
398024 7.55154e+006 -282.101
398024 7.55154e+006 -282.101
398024 7.55154e+006 -282.167
398024 7.55154e+006 -282.167
398024 7.55154e+006 -282.101
398024 7.55154e+006 -282.101
398024 7.55154e+006 -282.101
398024 7.55154e+006 -282.101
398024 7.55154e+006 -282.101
398024 7.55154e+006 -282.101
398024 7.55154e+006 -282.101
398024 7.55154e+006 -282.167
398024 7.55154e+006 -282.167
398024 7.55154e+006 -282.167
398024 7.55154e+006 -282.101
398024 7.55154e+006 -282.101
398024 7.55154e+006 -282.117
398024 7.55154e+006 -282.077
398024 7.55154e+006 -282.077
398024 7.55154e+006 -282.077
398024 7.55154e+006 -282.117
398024 7.55154e+006 -282.117
398024 7.55154e+006 -282.077
398024 7.55154e+006 -282.077
398024 7.55154e+006 -282.077
398024 7.55154e+006 -282.077
398024 7.55154e+006 -282.077
398024 7.55154e+006 -282.077
398024 7.55154e+006 -282.077
398024 7.55154e+006 -282.117
398024 7.55154e+006 -282.117
398024 7.55154e+006 -282.117
398024 7.55154e+006 -282.077
398024 7.55154e+006 -282.077
398024 7.55154e+006 -282.117
398024 7.55154e+006 -282.157
398024 7.55154e+006 -282.157
398024 7.55154e+006 -282.157
398024 7.55154e+006 -282.117
398024 7.55154e+006 -282.117
398024 7.55154e+006 -282.157
398024 7.55154e+006 -282.157
398024 7.55154e+006 -282.157
398024 7.55154e+006 -282.157
398024 7.55154e+006 -282.157
398024 7.55154e+006 -282.157
398024 7.55154e+006 -282.157
398024 7.55154e+006 -282.117
398024 7.55154e+006 -282.117
398024 7.55154e+006 -282.117
398024 7.55154e+006 -282.157
398024 7.55154e+006 -282.157
398024 7.55154e+006 -282.077
398024 7.55154e+006 -282.077
398024 7.55154e+006 -282.117
398024 7.55154e+006 -282.117
398024 7.55154e+006 -282.157
398024 7.55154e+006 -282.157
398024 7.55154e+006 -282.077
398024 7.55154e+006 -282.117
398024 7.55154e+006 -282.157
398024 7.55154e+006 -282.117
398024 7.55154e+006 -282.077
398024 7.55154e+006 -282.157
