405445 7.55483e+006 23.2345
405446 7.55483e+006 23.2345
405446 7.55483e+006 23.2345
405446 7.55483e+006 23.2345
405445 7.55483e+006 23.2345
405445 7.55483e+006 23.2345
405445 7.55483e+006 23.8907
405445 7.55483e+006 23.8907
405446 7.55483e+006 23.8907
405446 7.55483e+006 23.8907
405446 7.55483e+006 23.8907
405445 7.55483e+006 23.8907
405445 7.55483e+006 23.2345
405445 7.55483e+006 23.2345
405445 7.55483e+006 23.8907
405445 7.55483e+006 23.8907
405445 7.55483e+006 23.8907
405445 7.55483e+006 23.2345
405445 7.55483e+006 23.2345
405446 7.55483e+006 23.2345
405446 7.55483e+006 23.8907
405446 7.55483e+006 23.8907
405445 7.55483e+006 23.8907
405445 7.55483e+006 23.2345
405446 7.55483e+006 23.2345
405446 7.55483e+006 23.2345
405446 7.55483e+006 23.8907
405446 7.55483e+006 23.8907
405446 7.55483e+006 23.8907
405446 7.55483e+006 23.2345
405446 7.55483e+006 23.2345
405445 7.55483e+006 23.2345
405445 7.55483e+006 23.8907
405445 7.55483e+006 23.8907
405446 7.55483e+006 23.8907
405446 7.55483e+006 23.2345
405444 7.55482e+006 23.2345
405444 7.55482e+006 23.2345
405444 7.55482e+006 23.2345
405444 7.55482e+006 23.2345
405444 7.55482e+006 23.2345
405444 7.55482e+006 23.2345
405444 7.55482e+006 23.8907
405444 7.55482e+006 23.8907
405444 7.55482e+006 23.8907
405444 7.55482e+006 23.8907
405444 7.55482e+006 23.8907
405444 7.55482e+006 23.8907
405444 7.55482e+006 23.2345
405444 7.55482e+006 23.2345
405444 7.55482e+006 23.8907
405444 7.55482e+006 23.8907
405444 7.55482e+006 23.8907
405444 7.55482e+006 23.2345
405444 7.55482e+006 23.2345
405444 7.55482e+006 23.2345
405444 7.55482e+006 23.8907
405444 7.55482e+006 23.8907
405444 7.55482e+006 23.8907
405444 7.55482e+006 23.2345
405444 7.55482e+006 23.2345
405444 7.55482e+006 23.2345
405444 7.55482e+006 23.8907
405444 7.55482e+006 23.8907
405444 7.55482e+006 23.8907
405444 7.55482e+006 23.2345
405444 7.55482e+006 23.2345
405444 7.55482e+006 23.2345
405444 7.55482e+006 23.8907
405444 7.55482e+006 23.8907
405444 7.55482e+006 23.8907
405444 7.55482e+006 23.2345
405445 7.55483e+006 26.4318
405446 7.55483e+006 26.4318
405446 7.55483e+006 26.4318
405446 7.55483e+006 26.4318
405445 7.55483e+006 26.4318
405445 7.55483e+006 26.4318
405445 7.55483e+006 27.088
405445 7.55483e+006 27.088
405446 7.55483e+006 27.088
405446 7.55483e+006 27.088
405446 7.55483e+006 27.088
405445 7.55483e+006 27.088
405445 7.55483e+006 26.4318
405445 7.55483e+006 26.4318
405445 7.55483e+006 27.088
405445 7.55483e+006 27.088
405445 7.55483e+006 27.088
405445 7.55483e+006 26.4318
405445 7.55483e+006 26.4318
405446 7.55483e+006 26.4318
405446 7.55483e+006 27.088
405446 7.55483e+006 27.088
405445 7.55483e+006 27.088
405445 7.55483e+006 26.4318
405446 7.55483e+006 26.4318
405446 7.55483e+006 26.4318
405446 7.55483e+006 27.088
405446 7.55483e+006 27.088
405446 7.55483e+006 27.088
405446 7.55483e+006 26.4318
405446 7.55483e+006 26.4318
405445 7.55483e+006 26.4318
405445 7.55483e+006 27.088
405445 7.55483e+006 27.088
405446 7.55483e+006 27.088
405446 7.55483e+006 26.4318
405444 7.55482e+006 26.4318
405444 7.55482e+006 26.4318
405444 7.55482e+006 26.4318
405444 7.55482e+006 26.4318
405444 7.55482e+006 26.4318
405444 7.55482e+006 26.4318
405444 7.55482e+006 27.088
405444 7.55482e+006 27.088
405444 7.55482e+006 27.088
405444 7.55482e+006 27.088
405444 7.55482e+006 27.088
405444 7.55482e+006 27.088
405444 7.55482e+006 26.4318
405444 7.55482e+006 26.4318
405444 7.55482e+006 27.088
405444 7.55482e+006 27.088
405444 7.55482e+006 27.088
405444 7.55482e+006 26.4318
405444 7.55482e+006 26.4318
405444 7.55482e+006 26.4318
405444 7.55482e+006 27.088
405444 7.55482e+006 27.088
405444 7.55482e+006 27.088
405444 7.55482e+006 26.4318
405444 7.55482e+006 26.4318
405444 7.55482e+006 26.4318
405444 7.55482e+006 27.088
405444 7.55482e+006 27.088
405444 7.55482e+006 27.088
405444 7.55482e+006 26.4318
405444 7.55482e+006 26.4318
405444 7.55482e+006 26.4318
405444 7.55482e+006 27.088
405444 7.55482e+006 27.088
405444 7.55482e+006 27.088
405444 7.55482e+006 26.4318
405433 7.55483e+006 23.2345
405434 7.55483e+006 23.2345
405434 7.55483e+006 23.2345
405434 7.55483e+006 23.2345
405433 7.55483e+006 23.2345
405433 7.55483e+006 23.2345
405433 7.55483e+006 23.8907
405433 7.55483e+006 23.8907
405434 7.55483e+006 23.8907
405434 7.55483e+006 23.8907
405434 7.55483e+006 23.8907
405433 7.55483e+006 23.8907
405433 7.55483e+006 23.2345
405433 7.55483e+006 23.2345
405433 7.55483e+006 23.8907
405433 7.55483e+006 23.8907
405433 7.55483e+006 23.8907
405433 7.55483e+006 23.2345
405433 7.55483e+006 23.2345
405434 7.55483e+006 23.2345
405434 7.55483e+006 23.8907
405434 7.55483e+006 23.8907
405433 7.55483e+006 23.8907
405433 7.55483e+006 23.2345
405434 7.55483e+006 23.2345
405434 7.55483e+006 23.2345
405434 7.55483e+006 23.8907
405434 7.55483e+006 23.8907
405434 7.55483e+006 23.8907
405434 7.55483e+006 23.2345
405434 7.55483e+006 23.2345
405433 7.55483e+006 23.2345
405433 7.55483e+006 23.8907
405433 7.55483e+006 23.8907
405434 7.55483e+006 23.8907
405434 7.55483e+006 23.2345
405432 7.55483e+006 23.2345
405432 7.55483e+006 23.2345
405432 7.55483e+006 23.2345
405432 7.55483e+006 23.2345
405432 7.55483e+006 23.2345
405432 7.55483e+006 23.2345
405432 7.55483e+006 23.8907
405432 7.55483e+006 23.8907
405432 7.55483e+006 23.8907
405432 7.55483e+006 23.8907
405432 7.55483e+006 23.8907
405432 7.55483e+006 23.8907
405432 7.55483e+006 23.2345
405432 7.55483e+006 23.2345
405432 7.55483e+006 23.8907
405432 7.55483e+006 23.8907
405432 7.55483e+006 23.8907
405432 7.55483e+006 23.2345
405432 7.55483e+006 23.2345
405432 7.55483e+006 23.2345
405432 7.55483e+006 23.8907
405432 7.55483e+006 23.8907
405432 7.55483e+006 23.8907
405432 7.55483e+006 23.2345
405432 7.55483e+006 23.2345
405432 7.55483e+006 23.2345
405432 7.55483e+006 23.8907
405432 7.55483e+006 23.8907
405432 7.55483e+006 23.8907
405432 7.55483e+006 23.2345
405432 7.55483e+006 23.2345
405432 7.55483e+006 23.2345
405432 7.55483e+006 23.8907
405432 7.55483e+006 23.8907
405432 7.55483e+006 23.8907
405432 7.55483e+006 23.2345
405433 7.55483e+006 26.4318
405434 7.55483e+006 26.4318
405434 7.55483e+006 26.4318
405434 7.55483e+006 26.4318
405433 7.55483e+006 26.4318
405433 7.55483e+006 26.4318
405433 7.55483e+006 27.088
405433 7.55483e+006 27.088
405434 7.55483e+006 27.088
405434 7.55483e+006 27.088
405434 7.55483e+006 27.088
405433 7.55483e+006 27.088
405433 7.55483e+006 26.4318
405433 7.55483e+006 26.4318
405433 7.55483e+006 27.088
405433 7.55483e+006 27.088
405433 7.55483e+006 27.088
405433 7.55483e+006 26.4318
405433 7.55483e+006 26.4318
405434 7.55483e+006 26.4318
405434 7.55483e+006 27.088
405434 7.55483e+006 27.088
405433 7.55483e+006 27.088
405433 7.55483e+006 26.4318
405434 7.55483e+006 26.4318
405434 7.55483e+006 26.4318
405434 7.55483e+006 27.088
405434 7.55483e+006 27.088
405434 7.55483e+006 27.088
405434 7.55483e+006 26.4318
405434 7.55483e+006 26.4318
405433 7.55483e+006 26.4318
405433 7.55483e+006 27.088
405433 7.55483e+006 27.088
405434 7.55483e+006 27.088
405434 7.55483e+006 26.4318
405432 7.55483e+006 26.4318
405432 7.55483e+006 26.4318
405432 7.55483e+006 26.4318
405432 7.55483e+006 26.4318
405432 7.55483e+006 26.4318
405432 7.55483e+006 26.4318
405432 7.55483e+006 27.088
405432 7.55483e+006 27.088
405432 7.55483e+006 27.088
405432 7.55483e+006 27.088
405432 7.55483e+006 27.088
405432 7.55483e+006 27.088
405432 7.55483e+006 26.4318
405432 7.55483e+006 26.4318
405432 7.55483e+006 27.088
405432 7.55483e+006 27.088
405432 7.55483e+006 27.088
405432 7.55483e+006 26.4318
405432 7.55483e+006 26.4318
405432 7.55483e+006 26.4318
405432 7.55483e+006 27.088
405432 7.55483e+006 27.088
405432 7.55483e+006 27.088
405432 7.55483e+006 26.4318
405432 7.55483e+006 26.4318
405432 7.55483e+006 26.4318
405432 7.55483e+006 27.088
405432 7.55483e+006 27.088
405432 7.55483e+006 27.088
405432 7.55483e+006 26.4318
405432 7.55483e+006 26.4318
405432 7.55483e+006 26.4318
405432 7.55483e+006 27.088
405432 7.55483e+006 27.088
405432 7.55483e+006 27.088
405432 7.55483e+006 26.4318
405422 7.55484e+006 23.2345
405422 7.55484e+006 23.2345
405422 7.55484e+006 23.2345
405422 7.55484e+006 23.2345
405421 7.55484e+006 23.2345
405422 7.55484e+006 23.2345
405422 7.55484e+006 23.8907
405421 7.55484e+006 23.8907
405422 7.55484e+006 23.8907
405422 7.55484e+006 23.8907
405422 7.55484e+006 23.8907
405422 7.55484e+006 23.8907
405422 7.55484e+006 23.2345
405421 7.55484e+006 23.2345
405421 7.55484e+006 23.8907
405421 7.55484e+006 23.8907
405422 7.55484e+006 23.8907
405422 7.55484e+006 23.2345
405421 7.55484e+006 23.2345
405422 7.55484e+006 23.2345
405422 7.55484e+006 23.8907
405422 7.55484e+006 23.8907
405421 7.55484e+006 23.8907
405421 7.55484e+006 23.2345
405422 7.55484e+006 23.2345
405422 7.55484e+006 23.2345
405422 7.55484e+006 23.8907
405422 7.55484e+006 23.8907
405422 7.55484e+006 23.8907
405422 7.55484e+006 23.2345
405422 7.55484e+006 23.2345
405422 7.55484e+006 23.2345
405422 7.55484e+006 23.8907
405422 7.55484e+006 23.8907
405422 7.55484e+006 23.8907
405422 7.55484e+006 23.2345
405420 7.55483e+006 23.2345
405420 7.55483e+006 23.2345
405420 7.55483e+006 23.2345
405420 7.55483e+006 23.2345
405420 7.55483e+006 23.2345
405420 7.55483e+006 23.2345
405420 7.55483e+006 23.8907
405420 7.55483e+006 23.8907
405420 7.55483e+006 23.8907
405420 7.55483e+006 23.8907
405420 7.55483e+006 23.8907
405420 7.55483e+006 23.8907
405420 7.55483e+006 23.2345
405420 7.55483e+006 23.2345
405420 7.55483e+006 23.8907
405420 7.55483e+006 23.8907
405420 7.55483e+006 23.8907
405420 7.55483e+006 23.2345
405420 7.55483e+006 23.2345
405420 7.55483e+006 23.2345
405420 7.55483e+006 23.8907
405420 7.55483e+006 23.8907
405420 7.55483e+006 23.8907
405420 7.55483e+006 23.2345
405420 7.55483e+006 23.2345
405420 7.55483e+006 23.2345
405420 7.55483e+006 23.8907
405420 7.55483e+006 23.8907
405420 7.55483e+006 23.8907
405420 7.55483e+006 23.2345
405420 7.55483e+006 23.2345
405420 7.55483e+006 23.2345
405420 7.55483e+006 23.8907
405420 7.55483e+006 23.8907
405420 7.55483e+006 23.8907
405420 7.55483e+006 23.2345
405422 7.55484e+006 26.4318
405422 7.55484e+006 26.4318
405422 7.55484e+006 26.4318
405422 7.55484e+006 26.4318
405421 7.55484e+006 26.4318
405422 7.55484e+006 26.4318
405422 7.55484e+006 27.088
405421 7.55484e+006 27.088
405422 7.55484e+006 27.088
405422 7.55484e+006 27.088
405422 7.55484e+006 27.088
405422 7.55484e+006 27.088
405422 7.55484e+006 26.4318
405421 7.55484e+006 26.4318
405421 7.55484e+006 27.088
405421 7.55484e+006 27.088
405422 7.55484e+006 27.088
405422 7.55484e+006 26.4318
405421 7.55484e+006 26.4318
405422 7.55484e+006 26.4318
405422 7.55484e+006 27.088
405422 7.55484e+006 27.088
405421 7.55484e+006 27.088
405421 7.55484e+006 26.4318
405422 7.55484e+006 26.4318
405422 7.55484e+006 26.4318
405422 7.55484e+006 27.088
405422 7.55484e+006 27.088
405422 7.55484e+006 27.088
405422 7.55484e+006 26.4318
405422 7.55484e+006 26.4318
405422 7.55484e+006 26.4318
405422 7.55484e+006 27.088
405422 7.55484e+006 27.088
405422 7.55484e+006 27.088
405422 7.55484e+006 26.4318
405420 7.55483e+006 26.4318
405420 7.55483e+006 26.4318
405420 7.55483e+006 26.4318
405420 7.55483e+006 26.4318
405420 7.55483e+006 26.4318
405420 7.55483e+006 26.4318
405420 7.55483e+006 27.088
405420 7.55483e+006 27.088
405420 7.55483e+006 27.088
405420 7.55483e+006 27.088
405420 7.55483e+006 27.088
405420 7.55483e+006 27.088
405420 7.55483e+006 26.4318
405420 7.55483e+006 26.4318
405420 7.55483e+006 27.088
405420 7.55483e+006 27.088
405420 7.55483e+006 27.088
405420 7.55483e+006 26.4318
405420 7.55483e+006 26.4318
405420 7.55483e+006 26.4318
405420 7.55483e+006 27.088
405420 7.55483e+006 27.088
405420 7.55483e+006 27.088
405420 7.55483e+006 26.4318
405420 7.55483e+006 26.4318
405420 7.55483e+006 26.4318
405420 7.55483e+006 27.088
405420 7.55483e+006 27.088
405420 7.55483e+006 27.088
405420 7.55483e+006 26.4318
405420 7.55483e+006 26.4318
405420 7.55483e+006 26.4318
405420 7.55483e+006 27.088
405420 7.55483e+006 27.088
405420 7.55483e+006 27.088
405420 7.55483e+006 26.4318
