405391 7.55479e+006 23.5626
405391 7.55479e+006 23.5626
405391 7.55479e+006 23.5626
405391 7.55479e+006 23.5626
405391 7.55479e+006 23.5626
405391 7.55479e+006 23.5626
405391 7.55479e+006 23.5755
405391 7.55479e+006 23.5755
405391 7.55479e+006 23.5755
405391 7.55479e+006 23.5755
405391 7.55479e+006 23.5755
405391 7.55479e+006 23.5755
405391 7.55479e+006 23.5626
405391 7.55479e+006 23.5626
405391 7.55479e+006 23.5755
405391 7.55479e+006 23.5755
405391 7.55479e+006 23.5755
405391 7.55479e+006 23.5626
405391 7.55479e+006 23.5626
405391 7.55479e+006 23.5626
405391 7.55479e+006 23.5755
405391 7.55479e+006 23.5755
405391 7.55479e+006 23.5755
405391 7.55479e+006 23.5626
405391 7.55479e+006 23.5626
405391 7.55479e+006 23.5626
405391 7.55479e+006 23.5755
405391 7.55479e+006 23.5755
405391 7.55479e+006 23.5755
405391 7.55479e+006 23.5626
405391 7.55479e+006 23.5626
405391 7.55479e+006 23.5626
405391 7.55479e+006 23.5755
405391 7.55479e+006 23.5755
405391 7.55479e+006 23.5755
405391 7.55479e+006 23.5626
405391 7.55479e+006 23.3846
405391 7.55479e+006 23.3846
405391 7.55479e+006 23.3846
405391 7.55479e+006 23.3846
405391 7.55479e+006 23.3846
405391 7.55479e+006 23.3846
405391 7.55479e+006 23.3975
405391 7.55479e+006 23.3975
405391 7.55479e+006 23.3975
405391 7.55479e+006 23.3975
405391 7.55479e+006 23.3975
405391 7.55479e+006 23.3975
405391 7.55479e+006 23.3846
405391 7.55479e+006 23.3846
405391 7.55479e+006 23.3975
405391 7.55479e+006 23.3975
405391 7.55479e+006 23.3975
405391 7.55479e+006 23.3846
405391 7.55479e+006 23.3846
405391 7.55479e+006 23.3846
405391 7.55479e+006 23.3975
405391 7.55479e+006 23.3975
405391 7.55479e+006 23.3975
405391 7.55479e+006 23.3846
405391 7.55479e+006 23.3846
405391 7.55479e+006 23.3846
405391 7.55479e+006 23.3975
405391 7.55479e+006 23.3975
405391 7.55479e+006 23.3975
405391 7.55479e+006 23.3846
405391 7.55479e+006 23.3846
405391 7.55479e+006 23.3846
405391 7.55479e+006 23.3975
405391 7.55479e+006 23.3975
405391 7.55479e+006 23.3975
405391 7.55479e+006 23.3846
405391 7.55479e+006 23.2282
405392 7.55479e+006 23.2282
405391 7.55479e+006 23.2282
405391 7.55479e+006 23.2282
405391 7.55479e+006 23.2282
405391 7.55479e+006 23.2282
405391 7.55479e+006 23.2411
405391 7.55479e+006 23.2411
405391 7.55479e+006 23.2411
405391 7.55479e+006 23.2411
405392 7.55479e+006 23.2411
405391 7.55479e+006 23.2411
405391 7.55479e+006 23.2282
405391 7.55479e+006 23.2282
405391 7.55479e+006 23.2411
405391 7.55479e+006 23.2411
405391 7.55479e+006 23.2411
405391 7.55479e+006 23.2282
405391 7.55479e+006 23.2282
405391 7.55479e+006 23.2282
405391 7.55479e+006 23.2411
405391 7.55479e+006 23.2411
405391 7.55479e+006 23.2411
405391 7.55479e+006 23.2282
405391 7.55479e+006 23.2282
405392 7.55479e+006 23.2282
405392 7.55479e+006 23.2411
405392 7.55479e+006 23.2411
405391 7.55479e+006 23.2411
405391 7.55479e+006 23.2282
405392 7.55479e+006 23.2282
405391 7.55479e+006 23.2282
405391 7.55479e+006 23.2411
405391 7.55479e+006 23.2411
405392 7.55479e+006 23.2411
405392 7.55479e+006 23.2282
405391 7.55479e+006 23.0697
405392 7.55479e+006 23.0697
405392 7.55479e+006 23.0697
405392 7.55479e+006 23.0697
405391 7.55479e+006 23.0697
405391 7.55479e+006 23.0697
405391 7.55479e+006 23.0826
405391 7.55479e+006 23.0826
405392 7.55479e+006 23.0826
405392 7.55479e+006 23.0826
405392 7.55479e+006 23.0826
405391 7.55479e+006 23.0826
405391 7.55479e+006 23.0697
405391 7.55479e+006 23.0697
405391 7.55479e+006 23.0826
405391 7.55479e+006 23.0826
405391 7.55479e+006 23.0826
405391 7.55479e+006 23.0697
405391 7.55479e+006 23.0697
405392 7.55479e+006 23.0697
405392 7.55479e+006 23.0826
405392 7.55479e+006 23.0826
405391 7.55479e+006 23.0826
405391 7.55479e+006 23.0697
405392 7.55479e+006 23.0697
405392 7.55479e+006 23.0697
405392 7.55479e+006 23.0826
405392 7.55479e+006 23.0826
405392 7.55479e+006 23.0826
405392 7.55479e+006 23.0697
405392 7.55479e+006 23.0697
405391 7.55479e+006 23.0697
405391 7.55479e+006 23.0826
405391 7.55479e+006 23.0826
405392 7.55479e+006 23.0826
405392 7.55479e+006 23.0697
405391 7.55479e+006 22.9135
405392 7.55479e+006 22.9135
405392 7.55479e+006 22.9135
405392 7.55479e+006 22.9135
405391 7.55479e+006 22.9135
405391 7.55479e+006 22.9135
405391 7.55479e+006 22.9264
405391 7.55479e+006 22.9264
405392 7.55479e+006 22.9264
405392 7.55479e+006 22.9264
405392 7.55479e+006 22.9264
405391 7.55479e+006 22.9264
405391 7.55479e+006 22.9135
405391 7.55479e+006 22.9135
405391 7.55479e+006 22.9264
405391 7.55479e+006 22.9264
405391 7.55479e+006 22.9264
405391 7.55479e+006 22.9135
405391 7.55479e+006 22.9135
405392 7.55479e+006 22.9135
405392 7.55479e+006 22.9264
405392 7.55479e+006 22.9264
405391 7.55479e+006 22.9264
405391 7.55479e+006 22.9135
405392 7.55479e+006 22.9135
405392 7.55479e+006 22.9135
405392 7.55479e+006 22.9264
405392 7.55479e+006 22.9264
405392 7.55479e+006 22.9264
405392 7.55479e+006 22.9135
405392 7.55479e+006 22.9135
405391 7.55479e+006 22.9135
405391 7.55479e+006 22.9264
405391 7.55479e+006 22.9264
405392 7.55479e+006 22.9264
405392 7.55479e+006 22.9135
405391 7.55479e+006 22.7541
405392 7.55479e+006 22.7541
405392 7.55479e+006 22.7541
405392 7.55479e+006 22.7541
405391 7.55479e+006 22.7541
405391 7.55479e+006 22.7541
405391 7.55479e+006 22.767
405391 7.55479e+006 22.767
405392 7.55479e+006 22.767
405392 7.55479e+006 22.767
405392 7.55479e+006 22.767
405391 7.55479e+006 22.767
405391 7.55479e+006 22.7541
405391 7.55479e+006 22.7541
405391 7.55479e+006 22.767
405391 7.55479e+006 22.767
405391 7.55479e+006 22.767
405391 7.55479e+006 22.7541
405391 7.55479e+006 22.7541
405392 7.55479e+006 22.7541
405392 7.55479e+006 22.767
405392 7.55479e+006 22.767
405391 7.55479e+006 22.767
405391 7.55479e+006 22.7541
405392 7.55479e+006 22.7541
405392 7.55479e+006 22.7541
405392 7.55479e+006 22.767
405392 7.55479e+006 22.767
405392 7.55479e+006 22.767
405392 7.55479e+006 22.7541
405392 7.55479e+006 22.7541
405391 7.55479e+006 22.7541
405391 7.55479e+006 22.767
405391 7.55479e+006 22.767
405392 7.55479e+006 22.767
405392 7.55479e+006 22.7541
405391 7.55479e+006 22.5964
405392 7.55479e+006 22.5964
405392 7.55479e+006 22.5964
405392 7.55479e+006 22.5964
405391 7.55479e+006 22.5964
405391 7.55479e+006 22.5964
405391 7.55479e+006 22.6093
405391 7.55479e+006 22.6093
405392 7.55479e+006 22.6093
405392 7.55479e+006 22.6093
405392 7.55479e+006 22.6093
405391 7.55479e+006 22.6093
405391 7.55479e+006 22.5964
405391 7.55479e+006 22.5964
405391 7.55479e+006 22.6093
405391 7.55479e+006 22.6093
405391 7.55479e+006 22.6093
405391 7.55479e+006 22.5964
405391 7.55479e+006 22.5964
405392 7.55479e+006 22.5964
405392 7.55479e+006 22.6093
405392 7.55479e+006 22.6093
405391 7.55479e+006 22.6093
405391 7.55479e+006 22.5964
405392 7.55479e+006 22.5964
405392 7.55479e+006 22.5964
405392 7.55479e+006 22.6093
405392 7.55479e+006 22.6093
405392 7.55479e+006 22.6093
405392 7.55479e+006 22.5964
405392 7.55479e+006 22.5964
405391 7.55479e+006 22.5964
405391 7.55479e+006 22.6093
405391 7.55479e+006 22.6093
405392 7.55479e+006 22.6093
405392 7.55479e+006 22.5964
405391 7.55479e+006 22.4406
405392 7.55479e+006 22.4406
405392 7.55479e+006 22.4406
405392 7.55479e+006 22.4406
405391 7.55479e+006 22.4406
405391 7.55479e+006 22.4406
405391 7.55479e+006 22.4535
405391 7.55479e+006 22.4535
405392 7.55479e+006 22.4535
405392 7.55479e+006 22.4535
405392 7.55479e+006 22.4535
405391 7.55479e+006 22.4535
405391 7.55479e+006 22.4406
405391 7.55479e+006 22.4406
405391 7.55479e+006 22.4535
405391 7.55479e+006 22.4535
405391 7.55479e+006 22.4535
405391 7.55479e+006 22.4406
405391 7.55479e+006 22.4406
405392 7.55479e+006 22.4406
405392 7.55479e+006 22.4535
405392 7.55479e+006 22.4535
405391 7.55479e+006 22.4535
405391 7.55479e+006 22.4406
405392 7.55479e+006 22.4406
405392 7.55479e+006 22.4406
405392 7.55479e+006 22.4535
405392 7.55479e+006 22.4535
405392 7.55479e+006 22.4535
405392 7.55479e+006 22.4406
405392 7.55479e+006 22.4406
405391 7.55479e+006 22.4406
405391 7.55479e+006 22.4535
405391 7.55479e+006 22.4535
405392 7.55479e+006 22.4535
405392 7.55479e+006 22.4406
405391 7.55479e+006 22.282
405392 7.55479e+006 22.282
405392 7.55479e+006 22.282
405392 7.55479e+006 22.282
405391 7.55479e+006 22.282
405391 7.55479e+006 22.282
405391 7.55479e+006 22.2949
405391 7.55479e+006 22.2949
405392 7.55479e+006 22.2949
405392 7.55479e+006 22.2949
405392 7.55479e+006 22.2949
405391 7.55479e+006 22.2949
405391 7.55479e+006 22.282
405391 7.55479e+006 22.282
405391 7.55479e+006 22.2949
405391 7.55479e+006 22.2949
405391 7.55479e+006 22.2949
405391 7.55479e+006 22.282
405391 7.55479e+006 22.282
405392 7.55479e+006 22.282
405392 7.55479e+006 22.2949
405392 7.55479e+006 22.2949
405391 7.55479e+006 22.2949
405391 7.55479e+006 22.282
405392 7.55479e+006 22.282
405392 7.55479e+006 22.282
405392 7.55479e+006 22.2949
405392 7.55479e+006 22.2949
405392 7.55479e+006 22.2949
405392 7.55479e+006 22.282
405392 7.55479e+006 22.282
405391 7.55479e+006 22.282
405391 7.55479e+006 22.2949
405391 7.55479e+006 22.2949
405392 7.55479e+006 22.2949
405392 7.55479e+006 22.282
405391 7.55479e+006 22.1247
405392 7.55479e+006 22.1247
405392 7.55479e+006 22.1247
405392 7.55479e+006 22.1247
405391 7.55479e+006 22.1247
405391 7.55479e+006 22.1247
405391 7.55479e+006 22.1376
405391 7.55479e+006 22.1376
405392 7.55479e+006 22.1376
405392 7.55479e+006 22.1376
405392 7.55479e+006 22.1376
405391 7.55479e+006 22.1376
405391 7.55479e+006 22.1247
405391 7.55479e+006 22.1247
405391 7.55479e+006 22.1376
405391 7.55479e+006 22.1376
405391 7.55479e+006 22.1376
405391 7.55479e+006 22.1247
405391 7.55479e+006 22.1247
405392 7.55479e+006 22.1247
405392 7.55479e+006 22.1376
405392 7.55479e+006 22.1376
405391 7.55479e+006 22.1376
405391 7.55479e+006 22.1247
405392 7.55479e+006 22.1247
405392 7.55479e+006 22.1247
405392 7.55479e+006 22.1376
405392 7.55479e+006 22.1376
405392 7.55479e+006 22.1376
405392 7.55479e+006 22.1247
405392 7.55479e+006 22.1247
405391 7.55479e+006 22.1247
405391 7.55479e+006 22.1376
405391 7.55479e+006 22.1376
405392 7.55479e+006 22.1376
405392 7.55479e+006 22.1247
405391 7.55479e+006 21.9675
405392 7.55479e+006 21.9675
405392 7.55479e+006 21.9675
405392 7.55479e+006 21.9675
405391 7.55479e+006 21.9675
405391 7.55479e+006 21.9675
405391 7.55479e+006 21.9804
405391 7.55479e+006 21.9804
405392 7.55479e+006 21.9804
405392 7.55479e+006 21.9804
405392 7.55479e+006 21.9804
405391 7.55479e+006 21.9804
405391 7.55479e+006 21.9675
405391 7.55479e+006 21.9675
405391 7.55479e+006 21.9804
405391 7.55479e+006 21.9804
405391 7.55479e+006 21.9804
405391 7.55479e+006 21.9675
405391 7.55479e+006 21.9675
405392 7.55479e+006 21.9675
405392 7.55479e+006 21.9804
405392 7.55479e+006 21.9804
405391 7.55479e+006 21.9804
405391 7.55479e+006 21.9675
405392 7.55479e+006 21.9675
405392 7.55479e+006 21.9675
405392 7.55479e+006 21.9804
405392 7.55479e+006 21.9804
405392 7.55479e+006 21.9804
405392 7.55479e+006 21.9675
405392 7.55479e+006 21.9675
405391 7.55479e+006 21.9675
405391 7.55479e+006 21.9804
405391 7.55479e+006 21.9804
405392 7.55479e+006 21.9804
405392 7.55479e+006 21.9675
405391 7.55479e+006 21.8116
405392 7.55479e+006 21.8116
405392 7.55479e+006 21.8116
405392 7.55479e+006 21.8116
405391 7.55479e+006 21.8116
405391 7.55479e+006 21.8116
405391 7.55479e+006 21.8245
405391 7.55479e+006 21.8245
405392 7.55479e+006 21.8245
405392 7.55479e+006 21.8245
405392 7.55479e+006 21.8245
405391 7.55479e+006 21.8245
405391 7.55479e+006 21.8116
405391 7.55479e+006 21.8116
405391 7.55479e+006 21.8245
405391 7.55479e+006 21.8245
405391 7.55479e+006 21.8245
405391 7.55479e+006 21.8116
405391 7.55479e+006 21.8116
405392 7.55479e+006 21.8116
405392 7.55479e+006 21.8245
405392 7.55479e+006 21.8245
405391 7.55479e+006 21.8245
405391 7.55479e+006 21.8116
405392 7.55479e+006 21.8116
405392 7.55479e+006 21.8116
405392 7.55479e+006 21.8245
405392 7.55479e+006 21.8245
405392 7.55479e+006 21.8245
405392 7.55479e+006 21.8116
405392 7.55479e+006 21.8116
405391 7.55479e+006 21.8116
405391 7.55479e+006 21.8245
405391 7.55479e+006 21.8245
405392 7.55479e+006 21.8245
405392 7.55479e+006 21.8116
405391 7.55479e+006 21.6532
405392 7.55479e+006 21.6532
405392 7.55479e+006 21.6532
405392 7.55479e+006 21.6532
405391 7.55479e+006 21.6532
405391 7.55479e+006 21.6532
405391 7.55479e+006 21.6661
405391 7.55479e+006 21.6661
405392 7.55479e+006 21.6661
405392 7.55479e+006 21.6661
405392 7.55479e+006 21.6661
405391 7.55479e+006 21.6661
405391 7.55479e+006 21.6532
405391 7.55479e+006 21.6532
405391 7.55479e+006 21.6661
405391 7.55479e+006 21.6661
405391 7.55479e+006 21.6661
405391 7.55479e+006 21.6532
405391 7.55479e+006 21.6532
405392 7.55479e+006 21.6532
405392 7.55479e+006 21.6661
405392 7.55479e+006 21.6661
405391 7.55479e+006 21.6661
405391 7.55479e+006 21.6532
405392 7.55479e+006 21.6532
405392 7.55479e+006 21.6532
405392 7.55479e+006 21.6661
405392 7.55479e+006 21.6661
405392 7.55479e+006 21.6661
405392 7.55479e+006 21.6532
405392 7.55479e+006 21.6532
405391 7.55479e+006 21.6532
405391 7.55479e+006 21.6661
405391 7.55479e+006 21.6661
405392 7.55479e+006 21.6661
405392 7.55479e+006 21.6532
405391 7.55479e+006 21.4962
405392 7.55479e+006 21.4962
405392 7.55479e+006 21.4962
405392 7.55479e+006 21.4962
405391 7.55479e+006 21.4962
405391 7.55479e+006 21.4962
405391 7.55479e+006 21.5091
405391 7.55479e+006 21.5091
405392 7.55479e+006 21.5091
405392 7.55479e+006 21.5091
405392 7.55479e+006 21.5091
405391 7.55479e+006 21.5091
405391 7.55479e+006 21.4962
405391 7.55479e+006 21.4962
405391 7.55479e+006 21.5091
405391 7.55479e+006 21.5091
405391 7.55479e+006 21.5091
405391 7.55479e+006 21.4962
405391 7.55479e+006 21.4962
405392 7.55479e+006 21.4962
405392 7.55479e+006 21.5091
405392 7.55479e+006 21.5091
405391 7.55479e+006 21.5091
405391 7.55479e+006 21.4962
405392 7.55479e+006 21.4962
405392 7.55479e+006 21.4962
405392 7.55479e+006 21.5091
405392 7.55479e+006 21.5091
405392 7.55479e+006 21.5091
405392 7.55479e+006 21.4962
405392 7.55479e+006 21.4962
405391 7.55479e+006 21.4962
405391 7.55479e+006 21.5091
405391 7.55479e+006 21.5091
405392 7.55479e+006 21.5091
405392 7.55479e+006 21.4962
405391 7.55479e+006 21.3371
405392 7.55479e+006 21.3371
405392 7.55479e+006 21.3371
405392 7.55479e+006 21.3371
405391 7.55479e+006 21.3371
405391 7.55479e+006 21.3371
405391 7.55479e+006 21.35
405391 7.55479e+006 21.35
405392 7.55479e+006 21.35
405392 7.55479e+006 21.35
405392 7.55479e+006 21.35
405391 7.55479e+006 21.35
405391 7.55479e+006 21.3371
405391 7.55479e+006 21.3371
405391 7.55479e+006 21.35
405391 7.55479e+006 21.35
405391 7.55479e+006 21.35
405391 7.55479e+006 21.3371
405391 7.55479e+006 21.3371
405392 7.55479e+006 21.3371
405392 7.55479e+006 21.35
405392 7.55479e+006 21.35
405391 7.55479e+006 21.35
405391 7.55479e+006 21.3371
405392 7.55479e+006 21.3371
405392 7.55479e+006 21.3371
405392 7.55479e+006 21.35
405392 7.55479e+006 21.35
405392 7.55479e+006 21.35
405392 7.55479e+006 21.3371
405392 7.55479e+006 21.3371
405391 7.55479e+006 21.3371
405391 7.55479e+006 21.35
405391 7.55479e+006 21.35
405392 7.55479e+006 21.35
405392 7.55479e+006 21.3371
405391 7.55479e+006 21.1929
405391 7.55479e+006 21.1929
405392 7.55479e+006 21.1929
405392 7.55479e+006 21.1929
405392 7.55479e+006 21.1929
405391 7.55479e+006 21.1929
405391 7.55479e+006 21.18
405391 7.55479e+006 21.18
405391 7.55479e+006 21.1929
405391 7.55479e+006 21.1929
405391 7.55479e+006 21.1929
405391 7.55479e+006 21.18
405391 7.55479e+006 21.18
405392 7.55479e+006 21.18
405392 7.55479e+006 21.1929
405392 7.55479e+006 21.1929
405391 7.55479e+006 21.1929
405391 7.55479e+006 21.18
405392 7.55479e+006 21.18
405392 7.55479e+006 21.18
405392 7.55479e+006 21.1929
405392 7.55479e+006 21.1929
405392 7.55479e+006 21.1929
405392 7.55479e+006 21.18
405392 7.55479e+006 21.18
405391 7.55479e+006 21.18
405391 7.55479e+006 21.1929
405391 7.55479e+006 21.1929
405392 7.55479e+006 21.1929
405392 7.55479e+006 21.18
405392 7.55479e+006 21.0235
405392 7.55479e+006 21.0235
405392 7.55479e+006 21.0235
405392 7.55479e+006 21.0235
405391 7.55479e+006 21.0235
405392 7.55479e+006 21.0235
405392 7.55479e+006 21.0364
405391 7.55479e+006 21.0364
405392 7.55479e+006 21.0364
405392 7.55479e+006 21.0364
405392 7.55479e+006 21.0364
405392 7.55479e+006 21.0364
405392 7.55479e+006 21.0235
405391 7.55479e+006 21.0235
405391 7.55479e+006 21.0364
405391 7.55479e+006 21.0364
405392 7.55479e+006 21.0364
405392 7.55479e+006 21.0235
405391 7.55479e+006 21.0235
405392 7.55479e+006 21.0235
405392 7.55479e+006 21.0364
405392 7.55479e+006 21.0364
405391 7.55479e+006 21.0364
405391 7.55479e+006 21.0235
405392 7.55479e+006 21.0235
405392 7.55479e+006 21.0235
405392 7.55479e+006 21.0364
405392 7.55479e+006 21.0364
405392 7.55479e+006 21.0364
405392 7.55479e+006 21.0235
405392 7.55479e+006 21.0235
405392 7.55479e+006 21.0235
405392 7.55479e+006 21.0364
405392 7.55479e+006 21.0364
405392 7.55479e+006 21.0364
405392 7.55479e+006 21.0235
405392 7.55479e+006 20.8671
405392 7.55479e+006 20.8671
405392 7.55479e+006 20.8671
405392 7.55479e+006 20.8671
405392 7.55479e+006 20.867
405392 7.55479e+006 20.8671
405392 7.55479e+006 20.88
405392 7.55479e+006 20.88
405392 7.55479e+006 20.88
405392 7.55479e+006 20.88
405392 7.55479e+006 20.88
405392 7.55479e+006 20.88
405392 7.55479e+006 20.8671
405392 7.55479e+006 20.867
405392 7.55479e+006 20.88
405392 7.55479e+006 20.88
405392 7.55479e+006 20.88
405392 7.55479e+006 20.8671
405392 7.55479e+006 20.867
405392 7.55479e+006 20.8671
405392 7.55479e+006 20.88
405392 7.55479e+006 20.88
405392 7.55479e+006 20.88
405392 7.55479e+006 20.867
405392 7.55479e+006 20.8671
405392 7.55479e+006 20.8671
405392 7.55479e+006 20.88
405392 7.55479e+006 20.88
405392 7.55479e+006 20.88
405392 7.55479e+006 20.8671
405392 7.55479e+006 20.8671
405392 7.55479e+006 20.8671
405392 7.55479e+006 20.88
405392 7.55479e+006 20.88
405392 7.55479e+006 20.88
405392 7.55479e+006 20.8671
405392 7.55479e+006 20.7092
405392 7.55479e+006 20.7092
405392 7.55479e+006 20.7092
405392 7.55479e+006 20.7092
405392 7.55479e+006 20.7092
405392 7.55479e+006 20.7092
405392 7.55479e+006 20.7221
405392 7.55479e+006 20.7221
405392 7.55479e+006 20.7221
405392 7.55479e+006 20.7221
405392 7.55479e+006 20.7221
405392 7.55479e+006 20.7221
405392 7.55479e+006 20.7092
405392 7.55479e+006 20.7092
405392 7.55479e+006 20.7221
405392 7.55479e+006 20.7221
405392 7.55479e+006 20.7221
405392 7.55479e+006 20.7092
405392 7.55479e+006 20.7092
405392 7.55479e+006 20.7092
405392 7.55479e+006 20.7221
405392 7.55479e+006 20.7221
405392 7.55479e+006 20.7221
405392 7.55479e+006 20.7092
405392 7.55479e+006 20.7092
405392 7.55479e+006 20.7092
405392 7.55479e+006 20.7221
405392 7.55479e+006 20.7221
405392 7.55479e+006 20.7221
405392 7.55479e+006 20.7092
405392 7.55479e+006 20.7092
405392 7.55479e+006 20.7092
405392 7.55479e+006 20.7221
405392 7.55479e+006 20.7221
405392 7.55479e+006 20.7221
405392 7.55479e+006 20.7092
405392 7.55479e+006 20.5529
405392 7.55479e+006 20.5529
405392 7.55479e+006 20.5529
405392 7.55479e+006 20.5529
405392 7.55479e+006 20.5529
405392 7.55479e+006 20.5529
405392 7.55479e+006 20.5658
405392 7.55479e+006 20.5658
405392 7.55479e+006 20.5658
405392 7.55479e+006 20.5658
405392 7.55479e+006 20.5658
405392 7.55479e+006 20.5658
405392 7.55479e+006 20.5529
405392 7.55479e+006 20.5529
405392 7.55479e+006 20.5658
405392 7.55479e+006 20.5658
405392 7.55479e+006 20.5658
405392 7.55479e+006 20.5529
405392 7.55479e+006 20.5529
405392 7.55479e+006 20.5529
405392 7.55479e+006 20.5658
405392 7.55479e+006 20.5658
405392 7.55479e+006 20.5658
405392 7.55479e+006 20.5529
405392 7.55479e+006 20.5529
405392 7.55479e+006 20.5529
405392 7.55479e+006 20.5658
405392 7.55479e+006 20.5658
405392 7.55479e+006 20.5658
405392 7.55479e+006 20.5529
405392 7.55479e+006 20.5529
405392 7.55479e+006 20.5529
405392 7.55479e+006 20.5658
405392 7.55479e+006 20.5658
405392 7.55479e+006 20.5658
405392 7.55479e+006 20.5529
405392 7.55479e+006 20.3963
405393 7.55479e+006 20.3963
405392 7.55479e+006 20.3963
405392 7.55479e+006 20.3963
405392 7.55479e+006 20.3963
405392 7.55479e+006 20.3963
405392 7.55479e+006 20.4093
405392 7.55479e+006 20.4093
405392 7.55479e+006 20.4093
405392 7.55479e+006 20.4093
405393 7.55479e+006 20.4093
405392 7.55479e+006 20.4093
405392 7.55479e+006 20.3963
405392 7.55479e+006 20.3963
405392 7.55479e+006 20.4093
405392 7.55479e+006 20.4093
405392 7.55479e+006 20.4093
405392 7.55479e+006 20.3963
405392 7.55479e+006 20.3963
405392 7.55479e+006 20.3963
405392 7.55479e+006 20.4093
405392 7.55479e+006 20.4093
405392 7.55479e+006 20.4093
405392 7.55479e+006 20.3963
405392 7.55479e+006 20.3963
405393 7.55479e+006 20.3963
405393 7.55479e+006 20.4093
405393 7.55479e+006 20.4093
405392 7.55479e+006 20.4093
405392 7.55479e+006 20.3963
405393 7.55479e+006 20.3963
405392 7.55479e+006 20.3963
405392 7.55479e+006 20.4093
405392 7.55479e+006 20.4093
405393 7.55479e+006 20.4093
405393 7.55479e+006 20.3963
405392 7.55479e+006 20.2364
405393 7.55479e+006 20.2364
405393 7.55479e+006 20.2364
405393 7.55479e+006 20.2364
405392 7.55479e+006 20.2364
405392 7.55479e+006 20.2364
405392 7.55479e+006 20.2493
405392 7.55479e+006 20.2493
405393 7.55479e+006 20.2493
405393 7.55479e+006 20.2493
405393 7.55479e+006 20.2493
405392 7.55479e+006 20.2493
405392 7.55479e+006 20.2364
405392 7.55479e+006 20.2364
405392 7.55479e+006 20.2493
405392 7.55479e+006 20.2493
405392 7.55479e+006 20.2493
405392 7.55479e+006 20.2364
405392 7.55479e+006 20.2364
405393 7.55479e+006 20.2364
405393 7.55479e+006 20.2493
405393 7.55479e+006 20.2493
405392 7.55479e+006 20.2493
405392 7.55479e+006 20.2364
405393 7.55479e+006 20.2364
405393 7.55479e+006 20.2364
405393 7.55479e+006 20.2493
405393 7.55479e+006 20.2493
405393 7.55479e+006 20.2493
405393 7.55479e+006 20.2364
405393 7.55479e+006 20.2364
405392 7.55479e+006 20.2364
405392 7.55479e+006 20.2493
405392 7.55479e+006 20.2493
405393 7.55479e+006 20.2493
405393 7.55479e+006 20.2364
405392 7.55479e+006 20.0814
405393 7.55479e+006 20.0814
405393 7.55479e+006 20.0814
405393 7.55479e+006 20.0814
405392 7.55479e+006 20.0814
405392 7.55479e+006 20.0814
405392 7.55479e+006 20.0943
405392 7.55479e+006 20.0943
405393 7.55479e+006 20.0943
405393 7.55479e+006 20.0943
405393 7.55479e+006 20.0943
405392 7.55479e+006 20.0943
405392 7.55479e+006 20.0814
405392 7.55479e+006 20.0814
405392 7.55479e+006 20.0943
405392 7.55479e+006 20.0943
405392 7.55479e+006 20.0943
405392 7.55479e+006 20.0814
405392 7.55479e+006 20.0814
405393 7.55479e+006 20.0814
405393 7.55479e+006 20.0943
405393 7.55479e+006 20.0943
405392 7.55479e+006 20.0943
405392 7.55479e+006 20.0814
405393 7.55479e+006 20.0814
405393 7.55479e+006 20.0814
405393 7.55479e+006 20.0943
405393 7.55479e+006 20.0943
405393 7.55479e+006 20.0943
405393 7.55479e+006 20.0814
