405430 7.55484e+006 28.8262
405431 7.55484e+006 28.8262
405431 7.55484e+006 32.547
405431 7.55484e+006 32.547
405430 7.55484e+006 32.547
405430 7.55484e+006 28.8262
405431 7.55484e+006 28.8262
405432 7.55484e+006 28.8262
405432 7.55484e+006 32.547
405432 7.55484e+006 32.547
405431 7.55484e+006 32.547
405431 7.55484e+006 28.8262
405432 7.55484e+006 28.8262
405432 7.55484e+006 28.8262
405432 7.55484e+006 32.547
405432 7.55484e+006 32.547
405432 7.55484e+006 32.547
405432 7.55484e+006 28.8262
405432 7.55484e+006 28.8262
405432 7.55484e+006 28.8262
405432 7.55484e+006 32.547
405432 7.55484e+006 32.547
405432 7.55484e+006 32.547
405432 7.55484e+006 28.8262
405432 7.55484e+006 28.8262
405431 7.55484e+006 28.8262
405431 7.55484e+006 32.547
405431 7.55484e+006 32.547
405432 7.55484e+006 32.547
405432 7.55484e+006 28.8262
405431 7.55484e+006 28.8262
405430 7.55484e+006 28.8262
405430 7.55484e+006 32.547
405430 7.55484e+006 32.547
405431 7.55484e+006 32.547
405431 7.55484e+006 28.8262
405430 7.55484e+006 28.8262
405430 7.55484e+006 28.8262
405430 7.55484e+006 32.547
405430 7.55484e+006 32.547
405430 7.55484e+006 32.547
405430 7.55484e+006 28.8262
405430 7.55484e+006 28.8262
405430 7.55484e+006 28.8262
405430 7.55484e+006 32.547
405430 7.55484e+006 32.547
405430 7.55484e+006 32.547
405430 7.55484e+006 28.8262
405454 7.55483e+006 28.8262
405455 7.55483e+006 28.8262
405455 7.55483e+006 32.547
405455 7.55483e+006 32.547
405454 7.55483e+006 32.547
405454 7.55483e+006 28.8262
405455 7.55483e+006 28.8262
405456 7.55483e+006 28.8262
405456 7.55483e+006 32.547
405456 7.55483e+006 32.547
405455 7.55483e+006 32.547
405455 7.55483e+006 28.8262
405456 7.55483e+006 28.8262
405456 7.55483e+006 28.8262
405456 7.55483e+006 32.547
405456 7.55483e+006 32.547
405456 7.55483e+006 32.547
405456 7.55483e+006 28.8262
405456 7.55483e+006 28.8262
405456 7.55483e+006 28.8262
405456 7.55483e+006 32.547
405456 7.55483e+006 32.547
405456 7.55483e+006 32.547
405456 7.55483e+006 28.8262
405456 7.55483e+006 28.8262
405455 7.55483e+006 28.8262
405455 7.55483e+006 32.547
405455 7.55483e+006 32.547
405456 7.55483e+006 32.547
405456 7.55483e+006 28.8262
405455 7.55483e+006 28.8262
405454 7.55483e+006 28.8262
405454 7.55483e+006 32.547
405454 7.55483e+006 32.547
405455 7.55483e+006 32.547
405455 7.55483e+006 28.8262
405454 7.55483e+006 28.8262
405454 7.55483e+006 28.8262
405454 7.55483e+006 32.547
405454 7.55483e+006 32.547
405454 7.55483e+006 32.547
405454 7.55483e+006 28.8262
405454 7.55483e+006 28.8262
405454 7.55483e+006 28.8262
405454 7.55483e+006 32.547
405454 7.55483e+006 32.547
405454 7.55483e+006 32.547
405454 7.55483e+006 28.8262
405451 7.55482e+006 31.1307
405450 7.55482e+006 31.1307
405450 7.55482e+006 28.3492
405450 7.55482e+006 28.3492
405451 7.55482e+006 28.3492
405451 7.55482e+006 31.1307
405452 7.55482e+006 31.1307
405451 7.55482e+006 31.1307
405451 7.55482e+006 28.3492
405451 7.55482e+006 28.3492
405452 7.55482e+006 28.3492
405452 7.55482e+006 31.1307
405452 7.55482e+006 31.1307
405452 7.55482e+006 31.1307
405452 7.55482e+006 28.3492
405452 7.55482e+006 28.3492
405452 7.55482e+006 28.3492
405452 7.55482e+006 31.1307
405452 7.55482e+006 31.1307
405452 7.55482e+006 31.1307
405452 7.55482e+006 28.3492
405452 7.55482e+006 28.3492
405452 7.55482e+006 28.3492
405452 7.55482e+006 31.1307
405451 7.55482e+006 31.1307
405452 7.55482e+006 31.1307
405452 7.55482e+006 28.3492
405452 7.55482e+006 28.3492
405451 7.55482e+006 28.3492
405451 7.55482e+006 31.1307
405450 7.55482e+006 31.1307
405451 7.55482e+006 31.1307
405451 7.55482e+006 28.3492
405451 7.55482e+006 28.3492
405450 7.55482e+006 28.3492
405450 7.55482e+006 31.1307
405450 7.55482e+006 31.1307
405450 7.55482e+006 31.1307
405450 7.55482e+006 28.3492
405450 7.55482e+006 28.3492
405450 7.55482e+006 28.3492
405450 7.55482e+006 31.1307
405450 7.55482e+006 31.1307
405450 7.55482e+006 31.1307
405450 7.55482e+006 28.3492
405450 7.55482e+006 28.3492
405450 7.55482e+006 28.3492
405450 7.55482e+006 31.1307
405451 7.55482e+006 35.638
405450 7.55482e+006 35.638
405450 7.55482e+006 31.3135
405450 7.55482e+006 31.3135
405451 7.55482e+006 31.3135
405451 7.55482e+006 35.638
405450 7.55482e+006 24.3622
405451 7.55482e+006 24.3622
405451 7.55482e+006 28.1665
405451 7.55482e+006 28.1665
405450 7.55482e+006 28.1665
405450 7.55482e+006 24.3622
405452 7.55482e+006 35.638
405451 7.55482e+006 35.638
405451 7.55482e+006 31.3135
405451 7.55482e+006 31.3135
405452 7.55482e+006 31.3135
405452 7.55482e+006 35.638
405451 7.55482e+006 24.3622
405452 7.55482e+006 24.3622
405452 7.55482e+006 28.1665
405452 7.55482e+006 28.1665
405451 7.55482e+006 28.1665
405451 7.55482e+006 24.3622
405452 7.55482e+006 35.638
405452 7.55482e+006 35.638
405452 7.55482e+006 31.3135
405452 7.55482e+006 31.3135
405452 7.55482e+006 31.3135
405452 7.55482e+006 35.638
405452 7.55482e+006 24.3622
405452 7.55482e+006 24.3622
405452 7.55482e+006 28.1665
405452 7.55482e+006 28.1665
405452 7.55482e+006 28.1665
405452 7.55482e+006 24.3622
405452 7.55482e+006 35.638
405452 7.55482e+006 35.638
405452 7.55482e+006 31.3135
405452 7.55482e+006 31.3135
405452 7.55482e+006 31.3135
405452 7.55482e+006 35.638
405452 7.55482e+006 24.3622
405452 7.55482e+006 24.3622
405452 7.55482e+006 28.1665
405452 7.55482e+006 28.1665
405452 7.55482e+006 28.1665
405452 7.55482e+006 24.3622
405451 7.55482e+006 35.638
405452 7.55482e+006 35.638
405452 7.55482e+006 31.3135
405452 7.55482e+006 31.3135
405451 7.55482e+006 31.3135
405451 7.55482e+006 35.638
405452 7.55482e+006 24.3622
405451 7.55482e+006 24.3622
405451 7.55482e+006 28.1665
405451 7.55482e+006 28.1665
405452 7.55482e+006 28.1665
405452 7.55482e+006 24.3622
405450 7.55482e+006 35.638
405451 7.55482e+006 35.638
405451 7.55482e+006 31.3135
405451 7.55482e+006 31.3135
405450 7.55482e+006 31.3135
405450 7.55482e+006 35.638
405451 7.55482e+006 24.3622
405450 7.55482e+006 24.3622
405450 7.55482e+006 28.1665
405450 7.55482e+006 28.1665
405451 7.55482e+006 28.1665
405451 7.55482e+006 24.3622
405450 7.55482e+006 35.638
405450 7.55482e+006 35.638
405450 7.55482e+006 31.3135
405450 7.55482e+006 31.3135
405450 7.55482e+006 31.3135
405450 7.55482e+006 35.638
405450 7.55482e+006 24.3622
405450 7.55482e+006 24.3622
405450 7.55482e+006 28.1665
405450 7.55482e+006 28.1665
405450 7.55482e+006 28.1665
405450 7.55482e+006 24.3622
405450 7.55482e+006 35.638
405450 7.55482e+006 35.638
405450 7.55482e+006 31.3135
405450 7.55482e+006 31.3135
405450 7.55482e+006 31.3135
405450 7.55482e+006 35.638
405450 7.55482e+006 24.3622
405450 7.55482e+006 24.3622
405450 7.55482e+006 28.1665
405450 7.55482e+006 28.1665
405450 7.55482e+006 28.1665
405450 7.55482e+006 24.3622
405451 7.55482e+006 31.3135
405450 7.55482e+006 31.3135
405450 7.55482e+006 31.1307
405450 7.55482e+006 31.1307
405451 7.55482e+006 31.1307
405451 7.55482e+006 31.3135
405450 7.55482e+006 31.3135
405450 7.55482e+006 31.3135
405450 7.55482e+006 31.1307
405450 7.55482e+006 31.1307
405450 7.55482e+006 31.1307
405450 7.55482e+006 31.3135
405450 7.55482e+006 31.3135
405450 7.55482e+006 31.3135
405450 7.55482e+006 31.1307
405450 7.55482e+006 31.1307
405450 7.55482e+006 31.1307
405450 7.55482e+006 31.3135
405450 7.55482e+006 31.3135
405451 7.55482e+006 31.3135
405451 7.55482e+006 31.1307
405451 7.55482e+006 31.1307
405450 7.55482e+006 31.1307
405450 7.55482e+006 31.3135
405451 7.55482e+006 31.3135
405452 7.55482e+006 31.3135
405452 7.55482e+006 31.1307
405452 7.55482e+006 31.1307
405451 7.55482e+006 31.1307
405451 7.55482e+006 31.3135
405452 7.55482e+006 31.3135
405452 7.55482e+006 31.3135
405452 7.55482e+006 31.1307
405452 7.55482e+006 31.1307
405452 7.55482e+006 31.1307
405452 7.55482e+006 31.3135
405452 7.55482e+006 31.3135
405452 7.55482e+006 31.3135
405452 7.55482e+006 31.1307
405452 7.55482e+006 31.1307
405452 7.55482e+006 31.1307
405452 7.55482e+006 31.3135
405452 7.55482e+006 31.3135
405451 7.55482e+006 31.3135
405451 7.55482e+006 31.1307
405451 7.55482e+006 31.1307
405452 7.55482e+006 31.1307
405452 7.55482e+006 31.3135
405450 7.55482e+006 28.1665
405451 7.55482e+006 28.1665
405451 7.55482e+006 28.3492
405451 7.55482e+006 28.3492
405450 7.55482e+006 28.3492
405450 7.55482e+006 28.1665
405451 7.55482e+006 28.1665
405452 7.55482e+006 28.1665
405452 7.55482e+006 28.3492
405452 7.55482e+006 28.3492
405451 7.55482e+006 28.3492
405451 7.55482e+006 28.1665
405452 7.55482e+006 28.1665
405452 7.55482e+006 28.1665
405452 7.55482e+006 28.3492
405452 7.55482e+006 28.3492
405452 7.55482e+006 28.3492
405452 7.55482e+006 28.1665
405452 7.55482e+006 28.1665
405452 7.55482e+006 28.1665
405452 7.55482e+006 28.3492
405452 7.55482e+006 28.3492
405452 7.55482e+006 28.3492
405452 7.55482e+006 28.1665
405452 7.55482e+006 28.1665
405451 7.55482e+006 28.1665
405451 7.55482e+006 28.3492
405451 7.55482e+006 28.3492
405452 7.55482e+006 28.3492
405452 7.55482e+006 28.1665
405451 7.55482e+006 28.1665
405450 7.55482e+006 28.1665
405450 7.55482e+006 28.3492
405450 7.55482e+006 28.3492
405451 7.55482e+006 28.3492
405451 7.55482e+006 28.1665
405450 7.55482e+006 28.1665
405450 7.55482e+006 28.1665
405450 7.55482e+006 28.3492
405450 7.55482e+006 28.3492
405450 7.55482e+006 28.3492
405450 7.55482e+006 28.1665
405450 7.55482e+006 28.1665
405450 7.55482e+006 28.1665
405450 7.55482e+006 28.3492
405450 7.55482e+006 28.3492
405450 7.55482e+006 28.3492
405450 7.55482e+006 28.1665
405450 7.55482e+006 23.842
405451 7.55482e+006 23.842
405451 7.55482e+006 24.3622
405451 7.55482e+006 24.3622
405450 7.55482e+006 24.3622
405450 7.55482e+006 23.842
405451 7.55482e+006 23.842
405452 7.55482e+006 23.842
405452 7.55482e+006 24.3622
405452 7.55482e+006 24.3622
405451 7.55482e+006 24.3622
405451 7.55482e+006 23.842
405452 7.55482e+006 23.842
405452 7.55482e+006 23.842
405452 7.55482e+006 24.3622
405452 7.55482e+006 24.3622
405452 7.55482e+006 24.3622
405452 7.55482e+006 23.842
405452 7.55482e+006 23.842
405452 7.55482e+006 23.842
405452 7.55482e+006 24.3622
405452 7.55482e+006 24.3622
405452 7.55482e+006 24.3622
405452 7.55482e+006 23.842
405452 7.55482e+006 23.842
405451 7.55482e+006 23.842
405451 7.55482e+006 24.3622
405451 7.55482e+006 24.3622
405452 7.55482e+006 24.3622
405452 7.55482e+006 23.842
405451 7.55482e+006 23.842
405450 7.55482e+006 23.842
405450 7.55482e+006 24.3622
405450 7.55482e+006 24.3622
405451 7.55482e+006 24.3622
405451 7.55482e+006 23.842
405450 7.55482e+006 23.842
405450 7.55482e+006 23.842
405450 7.55482e+006 24.3622
405450 7.55482e+006 24.3622
405450 7.55482e+006 24.3622
405450 7.55482e+006 23.842
405450 7.55482e+006 23.842
405450 7.55482e+006 23.842
405450 7.55482e+006 24.3622
405450 7.55482e+006 24.3622
405450 7.55482e+006 24.3622
405450 7.55482e+006 23.842
405451 7.55482e+006 24.3622
405450 7.55482e+006 24.3622
405450 7.55482e+006 24.3622
405450 7.55482e+006 24.3622
405451 7.55482e+006 24.3622
405451 7.55482e+006 24.3622
405450 7.55482e+006 24.3622
405450 7.55482e+006 24.3622
405450 7.55482e+006 24.3622
405450 7.55482e+006 24.3622
405450 7.55482e+006 24.3622
405450 7.55482e+006 24.3622
405450 7.55482e+006 24.3622
405450 7.55482e+006 24.3622
405450 7.55482e+006 24.3622
405450 7.55482e+006 24.3622
405450 7.55482e+006 24.3622
405450 7.55482e+006 24.3622
405450 7.55482e+006 24.3622
405451 7.55482e+006 24.3622
405451 7.55482e+006 24.3622
405451 7.55482e+006 24.3622
405450 7.55482e+006 24.3622
405450 7.55482e+006 24.3622
405451 7.55482e+006 24.3622
405452 7.55482e+006 24.3622
405452 7.55482e+006 24.3622
405452 7.55482e+006 24.3622
405451 7.55482e+006 24.3622
405451 7.55482e+006 24.3622
405452 7.55482e+006 24.3622
405452 7.55482e+006 24.3622
405452 7.55482e+006 24.3622
405452 7.55482e+006 24.3622
405452 7.55482e+006 24.3622
405452 7.55482e+006 24.3622
405452 7.55482e+006 24.3622
405452 7.55482e+006 24.3622
405452 7.55482e+006 24.3622
405452 7.55482e+006 24.3622
405452 7.55482e+006 24.3622
405452 7.55482e+006 24.3622
405452 7.55482e+006 24.3622
405451 7.55482e+006 24.3622
405451 7.55482e+006 24.3622
405451 7.55482e+006 24.3622
405452 7.55482e+006 24.3622
405452 7.55482e+006 24.3622
405451 7.55482e+006 23.842
405450 7.55482e+006 23.842
405450 7.55482e+006 23.5395
405450 7.55482e+006 23.5395
405451 7.55482e+006 23.5395
405451 7.55482e+006 23.842
405450 7.55482e+006 23.842
405450 7.55482e+006 23.842
405450 7.55482e+006 23.5395
405450 7.55482e+006 23.5395
405450 7.55482e+006 23.5395
405450 7.55482e+006 23.842
405450 7.55482e+006 23.842
405450 7.55482e+006 23.842
405450 7.55482e+006 23.5395
405450 7.55482e+006 23.5395
405450 7.55482e+006 23.5395
405450 7.55482e+006 23.842
405450 7.55482e+006 23.842
405451 7.55482e+006 23.842
405451 7.55482e+006 23.5395
405451 7.55482e+006 23.5395
405450 7.55482e+006 23.5395
405450 7.55482e+006 23.842
405451 7.55482e+006 23.842
405452 7.55482e+006 23.842
405452 7.55482e+006 23.5395
405452 7.55482e+006 23.5395
405451 7.55482e+006 23.5395
405451 7.55482e+006 23.842
405452 7.55482e+006 23.842
405452 7.55482e+006 23.842
405452 7.55482e+006 23.5395
405452 7.55482e+006 23.5395
405452 7.55482e+006 23.5395
405452 7.55482e+006 23.842
405452 7.55482e+006 23.842
405452 7.55482e+006 23.842
405452 7.55482e+006 23.5395
405452 7.55482e+006 23.5395
405452 7.55482e+006 23.5395
405452 7.55482e+006 23.842
405452 7.55482e+006 23.842
405451 7.55482e+006 23.842
405451 7.55482e+006 23.5395
405451 7.55482e+006 23.5395
405452 7.55482e+006 23.5395
405452 7.55482e+006 23.842
405450 7.55482e+006 23.2309
405451 7.55482e+006 23.2309
405451 7.55482e+006 23.4281
405451 7.55482e+006 23.4281
405450 7.55482e+006 23.4281
405450 7.55482e+006 23.2309
405450 7.55482e+006 23.2309
405450 7.55482e+006 23.2309
405450 7.55482e+006 23.4281
405450 7.55482e+006 23.4281
405450 7.55482e+006 23.4281
405450 7.55482e+006 23.2309
405450 7.55482e+006 23.2309
405450 7.55482e+006 23.2309
405450 7.55482e+006 23.4281
405450 7.55482e+006 23.4281
405450 7.55482e+006 23.4281
405450 7.55482e+006 23.2309
405451 7.55482e+006 23.2309
405450 7.55482e+006 23.2309
405450 7.55482e+006 23.4281
405450 7.55482e+006 23.4281
405451 7.55482e+006 23.4281
405451 7.55482e+006 23.2309
405452 7.55482e+006 23.2309
405451 7.55482e+006 23.2309
405451 7.55482e+006 23.4281
405451 7.55482e+006 23.4281
405452 7.55482e+006 23.4281
405452 7.55482e+006 23.2309
405452 7.55482e+006 23.2309
405452 7.55482e+006 23.2309
405452 7.55482e+006 23.4281
405452 7.55482e+006 23.4281
405452 7.55482e+006 23.4281
405452 7.55482e+006 23.2309
405452 7.55482e+006 23.2309
405452 7.55482e+006 23.2309
405452 7.55482e+006 23.4281
405452 7.55482e+006 23.4281
405452 7.55482e+006 23.4281
405452 7.55482e+006 23.2309
405451 7.55482e+006 23.2309
405452 7.55482e+006 23.2309
405452 7.55482e+006 23.4281
405452 7.55482e+006 23.4281
405451 7.55482e+006 23.4281
405451 7.55482e+006 23.2309
405450 7.55482e+006 23.1195
405451 7.55482e+006 23.1195
405451 7.55482e+006 23.1912
405451 7.55482e+006 23.1912
405450 7.55482e+006 23.1912
405450 7.55482e+006 23.1195
405451 7.55482e+006 23.5395
405450 7.55482e+006 23.5395
405450 7.55482e+006 23.4678
405450 7.55482e+006 23.4678
405451 7.55482e+006 23.4678
405451 7.55482e+006 23.5395
405450 7.55482e+006 23.1195
405450 7.55482e+006 23.1195
405450 7.55482e+006 23.1912
405450 7.55482e+006 23.1912
405450 7.55482e+006 23.1912
405450 7.55482e+006 23.1195
405450 7.55482e+006 23.5395
405450 7.55482e+006 23.5395
405450 7.55482e+006 23.4678
405450 7.55482e+006 23.4678
405450 7.55482e+006 23.4678
405450 7.55482e+006 23.5395
405450 7.55482e+006 23.1195
405450 7.55482e+006 23.1195
405450 7.55482e+006 23.1912
405450 7.55482e+006 23.1912
405450 7.55482e+006 23.1912
405450 7.55482e+006 23.1195
405450 7.55482e+006 23.5395
405450 7.55482e+006 23.5395
405450 7.55482e+006 23.4678
405450 7.55482e+006 23.4678
405450 7.55482e+006 23.4678
405450 7.55482e+006 23.5395
405451 7.55482e+006 23.1195
405450 7.55482e+006 23.1195
405450 7.55482e+006 23.1912
405450 7.55482e+006 23.1912
405451 7.55482e+006 23.1912
405451 7.55482e+006 23.1195
405450 7.55482e+006 23.5395
405451 7.55482e+006 23.5395
405451 7.55482e+006 23.4678
405451 7.55482e+006 23.4678
405450 7.55482e+006 23.4678
405450 7.55482e+006 23.5395
405452 7.55482e+006 23.1195
405451 7.55482e+006 23.1195
405451 7.55482e+006 23.1912
405451 7.55482e+006 23.1912
405452 7.55482e+006 23.1912
405452 7.55482e+006 23.1195
405451 7.55482e+006 23.5395
405452 7.55482e+006 23.5395
405452 7.55482e+006 23.4678
405452 7.55482e+006 23.4678
405451 7.55482e+006 23.4678
405451 7.55482e+006 23.5395
405452 7.55482e+006 23.1195
405452 7.55482e+006 23.1195
405452 7.55482e+006 23.1912
405452 7.55482e+006 23.1912
405452 7.55482e+006 23.1912
405452 7.55482e+006 23.1195
405452 7.55482e+006 23.5395
405452 7.55482e+006 23.5395
405452 7.55482e+006 23.4678
405452 7.55482e+006 23.4678
405452 7.55482e+006 23.4678
405452 7.55482e+006 23.5395
405452 7.55482e+006 23.1195
405452 7.55482e+006 23.1195
405452 7.55482e+006 23.1912
405452 7.55482e+006 23.1912
405452 7.55482e+006 23.1912
405452 7.55482e+006 23.1195
405452 7.55482e+006 23.5395
405452 7.55482e+006 23.5395
405452 7.55482e+006 23.4678
405452 7.55482e+006 23.4678
405452 7.55482e+006 23.4678
405452 7.55482e+006 23.5395
405451 7.55482e+006 23.1195
405452 7.55482e+006 23.1195
405452 7.55482e+006 23.1912
405452 7.55482e+006 23.1912
405451 7.55482e+006 23.1912
405451 7.55482e+006 23.1195
405452 7.55482e+006 23.5395
405451 7.55482e+006 23.5395
405451 7.55482e+006 23.4678
405451 7.55482e+006 23.4678
405452 7.55482e+006 23.4678
405452 7.55482e+006 23.5395
405450 7.55482e+006 23.2309
405450 7.55482e+006 23.1912
405451 7.55482e+006 23.1912
405451 7.55482e+006 23.1912
405451 7.55482e+006 23.2309
405450 7.55482e+006 23.2309
405451 7.55482e+006 23.4281
405451 7.55482e+006 23.4678
405450 7.55482e+006 23.4678
405450 7.55482e+006 23.4678
405450 7.55482e+006 23.4281
405451 7.55482e+006 23.4281
405450 7.55482e+006 23.2309
405450 7.55482e+006 23.1912
405450 7.55482e+006 23.1912
405450 7.55482e+006 23.1912
405450 7.55482e+006 23.2309
405450 7.55482e+006 23.2309
405450 7.55482e+006 23.4281
405450 7.55482e+006 23.4678
405450 7.55482e+006 23.4678
405450 7.55482e+006 23.4678
405450 7.55482e+006 23.4281
405450 7.55482e+006 23.4281
405450 7.55482e+006 23.2309
405450 7.55482e+006 23.1912
405450 7.55482e+006 23.1912
405450 7.55482e+006 23.1912
405450 7.55482e+006 23.2309
405450 7.55482e+006 23.2309
405450 7.55482e+006 23.4281
405450 7.55482e+006 23.4678
405450 7.55482e+006 23.4678
405450 7.55482e+006 23.4678
405450 7.55482e+006 23.4281
405450 7.55482e+006 23.4281
405451 7.55482e+006 23.2309
405451 7.55482e+006 23.1912
405450 7.55482e+006 23.1912
405450 7.55482e+006 23.1912
405450 7.55482e+006 23.2309
405451 7.55482e+006 23.2309
405450 7.55482e+006 23.4281
405450 7.55482e+006 23.4678
405451 7.55482e+006 23.4678
405451 7.55482e+006 23.4678
405451 7.55482e+006 23.4281
405450 7.55482e+006 23.4281
405452 7.55482e+006 23.2309
405452 7.55482e+006 23.1912
405451 7.55482e+006 23.1912
405451 7.55482e+006 23.1912
405451 7.55482e+006 23.2309
405452 7.55482e+006 23.2309
405451 7.55482e+006 23.4281
405451 7.55482e+006 23.4678
405452 7.55482e+006 23.4678
405452 7.55482e+006 23.4678
405452 7.55482e+006 23.4281
405451 7.55482e+006 23.4281
405452 7.55482e+006 23.2309
405452 7.55482e+006 23.1912
405452 7.55482e+006 23.1912
405452 7.55482e+006 23.1912
405452 7.55482e+006 23.2309
405452 7.55482e+006 23.2309
405452 7.55482e+006 23.4281
405452 7.55482e+006 23.4678
405452 7.55482e+006 23.4678
405452 7.55482e+006 23.4678
405452 7.55482e+006 23.4281
405452 7.55482e+006 23.4281
405452 7.55482e+006 23.2309
405452 7.55482e+006 23.1912
405452 7.55482e+006 23.1912
405452 7.55482e+006 23.1912
405452 7.55482e+006 23.2309
405452 7.55482e+006 23.2309
405452 7.55482e+006 23.4281
405452 7.55482e+006 23.4678
405452 7.55482e+006 23.4678
405452 7.55482e+006 23.4678
405452 7.55482e+006 23.4281
405452 7.55482e+006 23.4281
405451 7.55482e+006 23.2309
405451 7.55482e+006 23.1912
405452 7.55482e+006 23.1912
405452 7.55482e+006 23.1912
405452 7.55482e+006 23.2309
405451 7.55482e+006 23.2309
405452 7.55482e+006 23.4281
405452 7.55482e+006 23.4678
405451 7.55482e+006 23.4678
405451 7.55482e+006 23.4678
405451 7.55482e+006 23.4281
405452 7.55482e+006 23.4281
405451 7.55482e+006 23.2309
405450 7.55482e+006 23.2309
405450 7.55482e+006 23.2309
405450 7.55482e+006 23.2309
405451 7.55482e+006 23.2309
405451 7.55482e+006 23.2309
405450 7.55482e+006 23.2309
405450 7.55482e+006 23.2309
405450 7.55482e+006 23.2309
405450 7.55482e+006 23.2309
405450 7.55482e+006 23.2309
405450 7.55482e+006 23.2309
405450 7.55482e+006 23.2309
405450 7.55482e+006 23.2309
405450 7.55482e+006 23.2309
405450 7.55482e+006 23.2309
405450 7.55482e+006 23.2309
405450 7.55482e+006 23.2309
405450 7.55482e+006 23.2309
405451 7.55482e+006 23.2309
405451 7.55482e+006 23.2309
405451 7.55482e+006 23.2309
405450 7.55482e+006 23.2309
405450 7.55482e+006 23.2309
405451 7.55482e+006 23.2309
405452 7.55482e+006 23.2309
405452 7.55482e+006 23.2309
405452 7.55482e+006 23.2309
405451 7.55482e+006 23.2309
405451 7.55482e+006 23.2309
405452 7.55482e+006 23.2309
405452 7.55482e+006 23.2309
405452 7.55482e+006 23.2309
405452 7.55482e+006 23.2309
405452 7.55482e+006 23.2309
405452 7.55482e+006 23.2309
405452 7.55482e+006 23.2309
405452 7.55482e+006 23.2309
405452 7.55482e+006 23.2309
405452 7.55482e+006 23.2309
405452 7.55482e+006 23.2309
405452 7.55482e+006 23.2309
405452 7.55482e+006 23.2309
405451 7.55482e+006 23.2309
405451 7.55482e+006 23.2309
405451 7.55482e+006 23.2309
405452 7.55482e+006 23.2309
405452 7.55482e+006 23.2309
405450 7.55482e+006 23.1912
405451 7.55482e+006 23.1912
405451 7.55482e+006 23.1912
405451 7.55482e+006 23.1912
405450 7.55482e+006 23.1912
405450 7.55482e+006 23.1912
405451 7.55482e+006 23.1912
405452 7.55482e+006 23.1912
405452 7.55482e+006 23.1912
405452 7.55482e+006 23.1912
405451 7.55482e+006 23.1912
405451 7.55482e+006 23.1912
405452 7.55482e+006 23.1912
405452 7.55482e+006 23.1912
405452 7.55482e+006 23.1912
405452 7.55482e+006 23.1912
405452 7.55482e+006 23.1912
405452 7.55482e+006 23.1912
405452 7.55482e+006 23.1912
405452 7.55482e+006 23.1912
405452 7.55482e+006 23.1912
405452 7.55482e+006 23.1912
405452 7.55482e+006 23.1912
405452 7.55482e+006 23.1912
405452 7.55482e+006 23.1912
405451 7.55482e+006 23.1912
405451 7.55482e+006 23.1912
405451 7.55482e+006 23.1912
405452 7.55482e+006 23.1912
405452 7.55482e+006 23.1912
405451 7.55482e+006 23.1912
405450 7.55482e+006 23.1912
405450 7.55482e+006 23.1912
405450 7.55482e+006 23.1912
405451 7.55482e+006 23.1912
405451 7.55482e+006 23.1912
405450 7.55482e+006 23.1912
405450 7.55482e+006 23.1912
405450 7.55482e+006 23.1912
405450 7.55482e+006 23.1912
405450 7.55482e+006 23.1912
405450 7.55482e+006 23.1912
405450 7.55482e+006 23.1912
405450 7.55482e+006 23.1912
405450 7.55482e+006 23.1912
405450 7.55482e+006 23.1912
405450 7.55482e+006 23.1912
405450 7.55482e+006 23.1912
405450 7.55482e+006 23.4281
405451 7.55482e+006 23.4281
405451 7.55482e+006 23.4281
405451 7.55482e+006 23.4281
405450 7.55482e+006 23.4281
405450 7.55482e+006 23.4281
405451 7.55482e+006 23.4281
405452 7.55482e+006 23.4281
405452 7.55482e+006 23.4281
405452 7.55482e+006 23.4281
405451 7.55482e+006 23.4281
405451 7.55482e+006 23.4281
405452 7.55482e+006 23.4281
405452 7.55482e+006 23.4281
405452 7.55482e+006 23.4281
405452 7.55482e+006 23.4281
405452 7.55482e+006 23.4281
405452 7.55482e+006 23.4281
405452 7.55482e+006 23.4281
405452 7.55482e+006 23.4281
405452 7.55482e+006 23.4281
405452 7.55482e+006 23.4281
405452 7.55482e+006 23.4281
405452 7.55482e+006 23.4281
405452 7.55482e+006 23.4281
405451 7.55482e+006 23.4281
405451 7.55482e+006 23.4281
405451 7.55482e+006 23.4281
405452 7.55482e+006 23.4281
405452 7.55482e+006 23.4281
405451 7.55482e+006 23.4281
405450 7.55482e+006 23.4281
405450 7.55482e+006 23.4281
405450 7.55482e+006 23.4281
405451 7.55482e+006 23.4281
405451 7.55482e+006 23.4281
405450 7.55482e+006 23.4281
405450 7.55482e+006 23.4281
405450 7.55482e+006 23.4281
405450 7.55482e+006 23.4281
405450 7.55482e+006 23.4281
405450 7.55482e+006 23.4281
405450 7.55482e+006 23.4281
405450 7.55482e+006 23.4281
405450 7.55482e+006 23.4281
405450 7.55482e+006 23.4281
405450 7.55482e+006 23.4281
405450 7.55482e+006 23.4281
405451 7.55482e+006 23.4678
405450 7.55482e+006 23.4678
405450 7.55482e+006 23.4678
405450 7.55482e+006 23.4678
405451 7.55482e+006 23.4678
405451 7.55482e+006 23.4678
405450 7.55482e+006 23.4678
405450 7.55482e+006 23.4678
405450 7.55482e+006 23.4678
405450 7.55482e+006 23.4678
405450 7.55482e+006 23.4678
405450 7.55482e+006 23.4678
405450 7.55482e+006 23.4678
405450 7.55482e+006 23.4678
405450 7.55482e+006 23.4678
405450 7.55482e+006 23.4678
405450 7.55482e+006 23.4678
405450 7.55482e+006 23.4678
405450 7.55482e+006 23.4678
405451 7.55482e+006 23.4678
405451 7.55482e+006 23.4678
405451 7.55482e+006 23.4678
405450 7.55482e+006 23.4678
405450 7.55482e+006 23.4678
405451 7.55482e+006 23.4678
405452 7.55482e+006 23.4678
405452 7.55482e+006 23.4678
405452 7.55482e+006 23.4678
405451 7.55482e+006 23.4678
405451 7.55482e+006 23.4678
405452 7.55482e+006 23.4678
405452 7.55482e+006 23.4678
405452 7.55482e+006 23.4678
405452 7.55482e+006 23.4678
405452 7.55482e+006 23.4678
405452 7.55482e+006 23.4678
405452 7.55482e+006 23.4678
405452 7.55482e+006 23.4678
405452 7.55482e+006 23.4678
405452 7.55482e+006 23.4678
405452 7.55482e+006 23.4678
405452 7.55482e+006 23.4678
405452 7.55482e+006 23.4678
405451 7.55482e+006 23.4678
405451 7.55482e+006 23.4678
405451 7.55482e+006 23.4678
405452 7.55482e+006 23.4678
405452 7.55482e+006 23.4678
405439 7.55483e+006 31.1307
405438 7.55483e+006 31.1307
405438 7.55483e+006 28.3492
405438 7.55483e+006 28.3492
405439 7.55483e+006 28.3492
405439 7.55483e+006 31.1307
405440 7.55483e+006 31.1307
405439 7.55483e+006 31.1307
405439 7.55483e+006 28.3492
405439 7.55483e+006 28.3492
405440 7.55483e+006 28.3492
405440 7.55483e+006 31.1307
405440 7.55483e+006 31.1307
405440 7.55483e+006 31.1307
405440 7.55483e+006 28.3492
405440 7.55483e+006 28.3492
405440 7.55483e+006 28.3492
405440 7.55483e+006 31.1307
405440 7.55483e+006 31.1307
405440 7.55483e+006 31.1307
405440 7.55483e+006 28.3492
405440 7.55483e+006 28.3492
405440 7.55483e+006 28.3492
405440 7.55483e+006 31.1307
405439 7.55483e+006 31.1307
405440 7.55483e+006 31.1307
405440 7.55483e+006 28.3492
405440 7.55483e+006 28.3492
405439 7.55483e+006 28.3492
405439 7.55483e+006 31.1307
405438 7.55483e+006 31.1307
405439 7.55483e+006 31.1307
405439 7.55483e+006 28.3492
405439 7.55483e+006 28.3492
405438 7.55483e+006 28.3492
405438 7.55483e+006 31.1307
405438 7.55483e+006 31.1307
405438 7.55483e+006 31.1307
405438 7.55483e+006 28.3492
405438 7.55483e+006 28.3492
405438 7.55483e+006 28.3492
405438 7.55483e+006 31.1307
405438 7.55483e+006 31.1307
405438 7.55483e+006 31.1307
405438 7.55483e+006 28.3492
405438 7.55483e+006 28.3492
405438 7.55483e+006 28.3492
405438 7.55483e+006 31.1307
405439 7.55483e+006 35.638
405438 7.55483e+006 35.638
405438 7.55483e+006 31.3135
405438 7.55483e+006 31.3135
405439 7.55483e+006 31.3135
405439 7.55483e+006 35.638
405438 7.55483e+006 24.3622
405439 7.55483e+006 24.3622
405439 7.55483e+006 28.1665
405439 7.55483e+006 28.1665
405438 7.55483e+006 28.1665
405438 7.55483e+006 24.3622
405440 7.55483e+006 35.638
405439 7.55483e+006 35.638
405439 7.55483e+006 31.3135
405439 7.55483e+006 31.3135
405440 7.55483e+006 31.3135
405440 7.55483e+006 35.638
405439 7.55483e+006 24.3622
405440 7.55483e+006 24.3622
405440 7.55483e+006 28.1665
405440 7.55483e+006 28.1665
405439 7.55483e+006 28.1665
405439 7.55483e+006 24.3622
405440 7.55483e+006 35.638
405440 7.55483e+006 35.638
405440 7.55483e+006 31.3135
405440 7.55483e+006 31.3135
405440 7.55483e+006 31.3135
405440 7.55483e+006 35.638
405440 7.55483e+006 24.3622
405440 7.55483e+006 24.3622
405440 7.55483e+006 28.1665
405440 7.55483e+006 28.1665
405440 7.55483e+006 28.1665
405440 7.55483e+006 24.3622
405440 7.55483e+006 35.638
405440 7.55483e+006 35.638
405440 7.55483e+006 31.3135
405440 7.55483e+006 31.3135
405440 7.55483e+006 31.3135
405440 7.55483e+006 35.638
405440 7.55483e+006 24.3622
405440 7.55483e+006 24.3622
405440 7.55483e+006 28.1665
405440 7.55483e+006 28.1665
405440 7.55483e+006 28.1665
405440 7.55483e+006 24.3622
405439 7.55483e+006 35.638
405440 7.55483e+006 35.638
405440 7.55483e+006 31.3135
405440 7.55483e+006 31.3135
405439 7.55483e+006 31.3135
405439 7.55483e+006 35.638
405440 7.55483e+006 24.3622
405439 7.55483e+006 24.3622
405439 7.55483e+006 28.1665
405439 7.55483e+006 28.1665
405440 7.55483e+006 28.1665
405440 7.55483e+006 24.3622
405438 7.55483e+006 35.638
405439 7.55483e+006 35.638
405439 7.55483e+006 31.3135
405439 7.55483e+006 31.3135
405438 7.55483e+006 31.3135
405438 7.55483e+006 35.638
405439 7.55483e+006 24.3622
405438 7.55483e+006 24.3622
405438 7.55483e+006 28.1665
405438 7.55483e+006 28.1665
405439 7.55483e+006 28.1665
405439 7.55483e+006 24.3622
405438 7.55483e+006 35.638
405438 7.55483e+006 35.638
405438 7.55483e+006 31.3135
405438 7.55483e+006 31.3135
405438 7.55483e+006 31.3135
405438 7.55483e+006 35.638
405438 7.55483e+006 24.3622
405438 7.55483e+006 24.3622
405438 7.55483e+006 28.1665
405438 7.55483e+006 28.1665
405438 7.55483e+006 28.1665
405438 7.55483e+006 24.3622
405438 7.55483e+006 35.638
405438 7.55483e+006 35.638
405438 7.55483e+006 31.3135
405438 7.55483e+006 31.3135
405438 7.55483e+006 31.3135
405438 7.55483e+006 35.638
405438 7.55483e+006 24.3622
405438 7.55483e+006 24.3622
405438 7.55483e+006 28.1665
405438 7.55483e+006 28.1665
405438 7.55483e+006 28.1665
405438 7.55483e+006 24.3622
405439 7.55483e+006 31.3135
405438 7.55483e+006 31.3135
405438 7.55483e+006 31.1307
405438 7.55483e+006 31.1307
405439 7.55483e+006 31.1307
405439 7.55483e+006 31.3135
405438 7.55483e+006 31.3135
405438 7.55483e+006 31.3135
405438 7.55483e+006 31.1307
405438 7.55483e+006 31.1307
405438 7.55483e+006 31.1307
405438 7.55483e+006 31.3135
405438 7.55483e+006 31.3135
405438 7.55483e+006 31.3135
405438 7.55483e+006 31.1307
405438 7.55483e+006 31.1307
405438 7.55483e+006 31.1307
405438 7.55483e+006 31.3135
405438 7.55483e+006 31.3135
405439 7.55483e+006 31.3135
405439 7.55483e+006 31.1307
405439 7.55483e+006 31.1307
405438 7.55483e+006 31.1307
405438 7.55483e+006 31.3135
405439 7.55483e+006 31.3135
405440 7.55483e+006 31.3135
405440 7.55483e+006 31.1307
405440 7.55483e+006 31.1307
405439 7.55483e+006 31.1307
405439 7.55483e+006 31.3135
405440 7.55483e+006 31.3135
405440 7.55483e+006 31.3135
405440 7.55483e+006 31.1307
405440 7.55483e+006 31.1307
405440 7.55483e+006 31.1307
405440 7.55483e+006 31.3135
405440 7.55483e+006 31.3135
405440 7.55483e+006 31.3135
405440 7.55483e+006 31.1307
405440 7.55483e+006 31.1307
405440 7.55483e+006 31.1307
405440 7.55483e+006 31.3135
405440 7.55483e+006 31.3135
405439 7.55483e+006 31.3135
405439 7.55483e+006 31.1307
405439 7.55483e+006 31.1307
405440 7.55483e+006 31.1307
405440 7.55483e+006 31.3135
405438 7.55483e+006 28.1665
405439 7.55483e+006 28.1665
405439 7.55483e+006 28.3492
405439 7.55483e+006 28.3492
405438 7.55483e+006 28.3492
405438 7.55483e+006 28.1665
405439 7.55483e+006 28.1665
405440 7.55483e+006 28.1665
405440 7.55483e+006 28.3492
405440 7.55483e+006 28.3492
405439 7.55483e+006 28.3492
405439 7.55483e+006 28.1665
405440 7.55483e+006 28.1665
405440 7.55483e+006 28.1665
405440 7.55483e+006 28.3492
405440 7.55483e+006 28.3492
405440 7.55483e+006 28.3492
405440 7.55483e+006 28.1665
405440 7.55483e+006 28.1665
405440 7.55483e+006 28.1665
405440 7.55483e+006 28.3492
405440 7.55483e+006 28.3492
405440 7.55483e+006 28.3492
405440 7.55483e+006 28.1665
405440 7.55483e+006 28.1665
405439 7.55483e+006 28.1665
405439 7.55483e+006 28.3492
405439 7.55483e+006 28.3492
405440 7.55483e+006 28.3492
405440 7.55483e+006 28.1665
405439 7.55483e+006 28.1665
405438 7.55483e+006 28.1665
405438 7.55483e+006 28.3492
405438 7.55483e+006 28.3492
405439 7.55483e+006 28.3492
405439 7.55483e+006 28.1665
405438 7.55483e+006 28.1665
405438 7.55483e+006 28.1665
405438 7.55483e+006 28.3492
405438 7.55483e+006 28.3492
405438 7.55483e+006 28.3492
405438 7.55483e+006 28.1665
405438 7.55483e+006 28.1665
405438 7.55483e+006 28.1665
405438 7.55483e+006 28.3492
405438 7.55483e+006 28.3492
405438 7.55483e+006 28.3492
405438 7.55483e+006 28.1665
405438 7.55483e+006 23.842
405439 7.55483e+006 23.842
405439 7.55483e+006 24.3622
405439 7.55483e+006 24.3622
405438 7.55483e+006 24.3622
405438 7.55483e+006 23.842
405439 7.55483e+006 23.842
405440 7.55483e+006 23.842
405440 7.55483e+006 24.3622
405440 7.55483e+006 24.3622
405439 7.55483e+006 24.3622
405439 7.55483e+006 23.842
405440 7.55483e+006 23.842
405440 7.55483e+006 23.842
405440 7.55483e+006 24.3622
405440 7.55483e+006 24.3622
405440 7.55483e+006 24.3622
405440 7.55483e+006 23.842
405440 7.55483e+006 23.842
405440 7.55483e+006 23.842
405440 7.55483e+006 24.3622
405440 7.55483e+006 24.3622
405440 7.55483e+006 24.3622
405440 7.55483e+006 23.842
405440 7.55483e+006 23.842
405439 7.55483e+006 23.842
405439 7.55483e+006 24.3622
405439 7.55483e+006 24.3622
405440 7.55483e+006 24.3622
405440 7.55483e+006 23.842
405439 7.55483e+006 23.842
405438 7.55483e+006 23.842
405438 7.55483e+006 24.3622
405438 7.55483e+006 24.3622
405439 7.55483e+006 24.3622
405439 7.55483e+006 23.842
405438 7.55483e+006 23.842
405438 7.55483e+006 23.842
405438 7.55483e+006 24.3622
405438 7.55483e+006 24.3622
405438 7.55483e+006 24.3622
405438 7.55483e+006 23.842
405438 7.55483e+006 23.842
405438 7.55483e+006 23.842
405438 7.55483e+006 24.3622
405438 7.55483e+006 24.3622
405438 7.55483e+006 24.3622
405438 7.55483e+006 23.842
405439 7.55483e+006 24.3622
405438 7.55483e+006 24.3622
405438 7.55483e+006 24.3622
405438 7.55483e+006 24.3622
405439 7.55483e+006 24.3622
405439 7.55483e+006 24.3622
405438 7.55483e+006 24.3622
405438 7.55483e+006 24.3622
405438 7.55483e+006 24.3622
405438 7.55483e+006 24.3622
405438 7.55483e+006 24.3622
405438 7.55483e+006 24.3622
405438 7.55483e+006 24.3622
405438 7.55483e+006 24.3622
405438 7.55483e+006 24.3622
405438 7.55483e+006 24.3622
405438 7.55483e+006 24.3622
405438 7.55483e+006 24.3622
405438 7.55483e+006 24.3622
405439 7.55483e+006 24.3622
405439 7.55483e+006 24.3622
405439 7.55483e+006 24.3622
405438 7.55483e+006 24.3622
405438 7.55483e+006 24.3622
405439 7.55483e+006 24.3622
405440 7.55483e+006 24.3622
405440 7.55483e+006 24.3622
405440 7.55483e+006 24.3622
405439 7.55483e+006 24.3622
405439 7.55483e+006 24.3622
405440 7.55483e+006 24.3622
405440 7.55483e+006 24.3622
405440 7.55483e+006 24.3622
405440 7.55483e+006 24.3622
405440 7.55483e+006 24.3622
405440 7.55483e+006 24.3622
405440 7.55483e+006 24.3622
405440 7.55483e+006 24.3622
405440 7.55483e+006 24.3622
405440 7.55483e+006 24.3622
405440 7.55483e+006 24.3622
405440 7.55483e+006 24.3622
405440 7.55483e+006 24.3622
405439 7.55483e+006 24.3622
405439 7.55483e+006 24.3622
405439 7.55483e+006 24.3622
405440 7.55483e+006 24.3622
405440 7.55483e+006 24.3622
405439 7.55483e+006 23.842
405438 7.55483e+006 23.842
405439 7.55483e+006 23.5395
405439 7.55483e+006 23.5395
405439 7.55483e+006 23.5395
405439 7.55483e+006 23.842
405438 7.55483e+006 23.842
405438 7.55483e+006 23.842
405438 7.55483e+006 23.5395
405438 7.55483e+006 23.5395
405439 7.55483e+006 23.5395
405438 7.55483e+006 23.842
405438 7.55483e+006 23.842
405438 7.55483e+006 23.842
405438 7.55483e+006 23.5395
405438 7.55483e+006 23.5395
405438 7.55483e+006 23.5395
405438 7.55483e+006 23.842
405438 7.55483e+006 23.842
405439 7.55483e+006 23.842
405439 7.55483e+006 23.5395
405439 7.55483e+006 23.5395
405438 7.55483e+006 23.5395
405438 7.55483e+006 23.842
405439 7.55483e+006 23.842
405440 7.55483e+006 23.842
405440 7.55483e+006 23.5395
405440 7.55483e+006 23.5395
405439 7.55483e+006 23.5395
405439 7.55483e+006 23.842
405440 7.55483e+006 23.842
405440 7.55483e+006 23.842
405440 7.55483e+006 23.5395
405440 7.55483e+006 23.5395
405440 7.55483e+006 23.5395
405440 7.55483e+006 23.842
405440 7.55483e+006 23.842
405440 7.55483e+006 23.842
405440 7.55483e+006 23.5395
405440 7.55483e+006 23.5395
405440 7.55483e+006 23.5395
405440 7.55483e+006 23.842
405440 7.55483e+006 23.842
405439 7.55483e+006 23.842
405439 7.55483e+006 23.5395
405439 7.55483e+006 23.5395
405440 7.55483e+006 23.5395
405440 7.55483e+006 23.842
405439 7.55483e+006 23.2309
405439 7.55483e+006 23.2309
405439 7.55483e+006 23.428
405439 7.55483e+006 23.428
405439 7.55483e+006 23.428
405439 7.55483e+006 23.2309
405438 7.55483e+006 23.2309
405439 7.55483e+006 23.2309
405439 7.55483e+006 23.428
405439 7.55483e+006 23.428
405438 7.55483e+006 23.428
405438 7.55483e+006 23.2309
405438 7.55483e+006 23.2309
405438 7.55483e+006 23.2309
405438 7.55483e+006 23.428
405438 7.55483e+006 23.428
405438 7.55483e+006 23.428
405438 7.55483e+006 23.2309
405439 7.55483e+006 23.2309
405438 7.55483e+006 23.2309
405438 7.55483e+006 23.428
405438 7.55483e+006 23.428
405439 7.55483e+006 23.428
405439 7.55483e+006 23.2309
405440 7.55483e+006 23.2309
405439 7.55483e+006 23.2309
405439 7.55483e+006 23.428
405439 7.55483e+006 23.428
405440 7.55483e+006 23.428
405440 7.55483e+006 23.2309
405440 7.55483e+006 23.2309
405440 7.55483e+006 23.2309
405440 7.55483e+006 23.428
405440 7.55483e+006 23.428
405440 7.55483e+006 23.428
405440 7.55483e+006 23.2309
405440 7.55483e+006 23.2309
405440 7.55483e+006 23.2309
405440 7.55483e+006 23.428
405440 7.55483e+006 23.428
405440 7.55483e+006 23.428
405440 7.55483e+006 23.2309
405439 7.55483e+006 23.2309
405440 7.55483e+006 23.2309
405440 7.55483e+006 23.428
405440 7.55483e+006 23.428
405439 7.55483e+006 23.428
405439 7.55483e+006 23.2309
405439 7.55483e+006 23.1195
405439 7.55483e+006 23.1195
405439 7.55483e+006 23.1912
405439 7.55483e+006 23.1912
405439 7.55483e+006 23.1912
405439 7.55483e+006 23.1195
405439 7.55483e+006 23.5395
405439 7.55483e+006 23.5395
405439 7.55483e+006 23.4677
405439 7.55483e+006 23.4677
405439 7.55483e+006 23.4677
405439 7.55483e+006 23.5395
405438 7.55483e+006 23.1195
405439 7.55483e+006 23.1195
405439 7.55483e+006 23.1912
405439 7.55483e+006 23.1912
405438 7.55483e+006 23.1912
405438 7.55483e+006 23.1195
405439 7.55483e+006 23.5395
405438 7.55483e+006 23.5395
405438 7.55483e+006 23.4677
405438 7.55483e+006 23.4677
405439 7.55483e+006 23.4677
405439 7.55483e+006 23.5395
405438 7.55483e+006 23.1195
405438 7.55483e+006 23.1195
405438 7.55483e+006 23.1912
405438 7.55483e+006 23.1912
405438 7.55483e+006 23.1912
405438 7.55483e+006 23.1195
405438 7.55483e+006 23.5395
405438 7.55483e+006 23.5395
405438 7.55483e+006 23.4677
405438 7.55483e+006 23.4677
405438 7.55483e+006 23.4677
405438 7.55483e+006 23.5395
405439 7.55483e+006 23.1195
405438 7.55483e+006 23.1195
405438 7.55483e+006 23.1912
405438 7.55483e+006 23.1912
405439 7.55483e+006 23.1912
405439 7.55483e+006 23.1195
405438 7.55483e+006 23.5395
405439 7.55483e+006 23.5395
405439 7.55483e+006 23.4677
405439 7.55483e+006 23.4677
405438 7.55483e+006 23.4677
405438 7.55483e+006 23.5395
405440 7.55483e+006 23.1195
405439 7.55483e+006 23.1195
405439 7.55483e+006 23.1912
405439 7.55483e+006 23.1912
405440 7.55483e+006 23.1912
405440 7.55483e+006 23.1195
405439 7.55483e+006 23.5395
405440 7.55483e+006 23.5395
405440 7.55483e+006 23.4677
405440 7.55483e+006 23.4677
405439 7.55483e+006 23.4677
405439 7.55483e+006 23.5395
405440 7.55483e+006 23.1195
405440 7.55483e+006 23.1195
405440 7.55483e+006 23.1912
405440 7.55483e+006 23.1912
405440 7.55483e+006 23.1912
405440 7.55483e+006 23.1195
405440 7.55483e+006 23.5395
405440 7.55483e+006 23.5395
405440 7.55483e+006 23.4677
405440 7.55483e+006 23.4677
405440 7.55483e+006 23.4677
405440 7.55483e+006 23.5395
405440 7.55483e+006 23.1195
405440 7.55483e+006 23.1195
405440 7.55483e+006 23.1912
405440 7.55483e+006 23.1912
405440 7.55483e+006 23.1912
405440 7.55483e+006 23.1195
405440 7.55483e+006 23.5395
405440 7.55483e+006 23.5395
405440 7.55483e+006 23.4677
405440 7.55483e+006 23.4677
405440 7.55483e+006 23.4677
405440 7.55483e+006 23.5395
405439 7.55483e+006 23.1195
405440 7.55483e+006 23.1195
405440 7.55483e+006 23.1912
405440 7.55483e+006 23.1912
405439 7.55483e+006 23.1912
405439 7.55483e+006 23.1195
405440 7.55483e+006 23.5395
405439 7.55483e+006 23.5395
405439 7.55483e+006 23.4677
405439 7.55483e+006 23.4677
405440 7.55483e+006 23.4677
405440 7.55483e+006 23.5395
405438 7.55483e+006 23.2309
405438 7.55483e+006 23.1912
405439 7.55483e+006 23.1912
405439 7.55483e+006 23.1912
405439 7.55483e+006 23.2309
405438 7.55483e+006 23.2309
405439 7.55483e+006 23.428
405439 7.55483e+006 23.4677
405438 7.55483e+006 23.4677
405438 7.55483e+006 23.4677
405438 7.55483e+006 23.428
405439 7.55483e+006 23.428
405438 7.55483e+006 23.2309
405438 7.55483e+006 23.1912
405438 7.55483e+006 23.1912
405438 7.55483e+006 23.1912
405438 7.55483e+006 23.2309
405438 7.55483e+006 23.2309
405438 7.55483e+006 23.428
405438 7.55483e+006 23.4677
405438 7.55483e+006 23.4677
405438 7.55483e+006 23.4677
405438 7.55483e+006 23.428
405438 7.55483e+006 23.428
405438 7.55483e+006 23.2309
405438 7.55483e+006 23.1912
405438 7.55483e+006 23.1912
405438 7.55483e+006 23.1912
405438 7.55483e+006 23.2309
405438 7.55483e+006 23.2309
405438 7.55483e+006 23.428
405438 7.55483e+006 23.4677
405438 7.55483e+006 23.4677
405438 7.55483e+006 23.4677
405438 7.55483e+006 23.428
405438 7.55483e+006 23.428
405439 7.55483e+006 23.2309
405439 7.55483e+006 23.1912
405438 7.55483e+006 23.1912
405438 7.55483e+006 23.1912
405438 7.55483e+006 23.2309
405439 7.55483e+006 23.2309
405438 7.55483e+006 23.428
405438 7.55483e+006 23.4677
405439 7.55483e+006 23.4677
405439 7.55483e+006 23.4677
405439 7.55483e+006 23.428
405438 7.55483e+006 23.428
405440 7.55483e+006 23.2309
405440 7.55483e+006 23.1912
405439 7.55483e+006 23.1912
405439 7.55483e+006 23.1912
405439 7.55483e+006 23.2309
405440 7.55483e+006 23.2309
405439 7.55483e+006 23.428
405439 7.55483e+006 23.4677
405440 7.55483e+006 23.4677
405440 7.55483e+006 23.4677
405440 7.55483e+006 23.428
405439 7.55483e+006 23.428
405440 7.55483e+006 23.2309
405440 7.55483e+006 23.1912
405440 7.55483e+006 23.1912
405440 7.55483e+006 23.1912
405440 7.55483e+006 23.2309
405440 7.55483e+006 23.2309
405440 7.55483e+006 23.428
405440 7.55483e+006 23.4677
405440 7.55483e+006 23.4677
405440 7.55483e+006 23.4677
405440 7.55483e+006 23.428
405440 7.55483e+006 23.428
405440 7.55483e+006 23.2309
405440 7.55483e+006 23.1912
405440 7.55483e+006 23.1912
405440 7.55483e+006 23.1912
405440 7.55483e+006 23.2309
405440 7.55483e+006 23.2309
405440 7.55483e+006 23.428
405440 7.55483e+006 23.4677
405440 7.55483e+006 23.4677
405440 7.55483e+006 23.4677
405440 7.55483e+006 23.428
405440 7.55483e+006 23.428
405439 7.55483e+006 23.2309
405439 7.55483e+006 23.1912
405440 7.55483e+006 23.1912
405440 7.55483e+006 23.1912
405440 7.55483e+006 23.2309
405439 7.55483e+006 23.2309
405440 7.55483e+006 23.428
405440 7.55483e+006 23.4677
405439 7.55483e+006 23.4677
405439 7.55483e+006 23.4677
405439 7.55483e+006 23.428
405440 7.55483e+006 23.428
405439 7.55483e+006 23.2309
405439 7.55483e+006 23.2309
405438 7.55483e+006 23.2309
405438 7.55483e+006 23.2309
405439 7.55483e+006 23.2309
405439 7.55483e+006 23.2309
405439 7.55483e+006 23.2309
405438 7.55483e+006 23.2309
405438 7.55483e+006 23.2309
405438 7.55483e+006 23.2309
405438 7.55483e+006 23.2309
405439 7.55483e+006 23.2309
405438 7.55483e+006 23.2309
405438 7.55483e+006 23.2309
405438 7.55483e+006 23.2309
405438 7.55483e+006 23.2309
405438 7.55483e+006 23.2309
405438 7.55483e+006 23.2309
405438 7.55483e+006 23.2309
405439 7.55483e+006 23.2309
405439 7.55483e+006 23.2309
405439 7.55483e+006 23.2309
405438 7.55483e+006 23.2309
405438 7.55483e+006 23.2309
405439 7.55483e+006 23.2309
405440 7.55483e+006 23.2309
405440 7.55483e+006 23.2309
405440 7.55483e+006 23.2309
405439 7.55483e+006 23.2309
405439 7.55483e+006 23.2309
405440 7.55483e+006 23.2309
405440 7.55483e+006 23.2309
405440 7.55483e+006 23.2309
405440 7.55483e+006 23.2309
405440 7.55483e+006 23.2309
405440 7.55483e+006 23.2309
405440 7.55483e+006 23.2309
405440 7.55483e+006 23.2309
405440 7.55483e+006 23.2309
405440 7.55483e+006 23.2309
405440 7.55483e+006 23.2309
405440 7.55483e+006 23.2309
405440 7.55483e+006 23.2309
405439 7.55483e+006 23.2309
405439 7.55483e+006 23.2309
405439 7.55483e+006 23.2309
405440 7.55483e+006 23.2309
405440 7.55483e+006 23.2309
405439 7.55483e+006 23.1912
405439 7.55483e+006 23.1912
405439 7.55483e+006 23.1912
405439 7.55483e+006 23.1912
405438 7.55483e+006 23.1912
405439 7.55483e+006 23.1912
405439 7.55483e+006 23.1912
405440 7.55483e+006 23.1912
405440 7.55483e+006 23.1912
405440 7.55483e+006 23.1912
405439 7.55483e+006 23.1912
405439 7.55483e+006 23.1912
405440 7.55483e+006 23.1912
405440 7.55483e+006 23.1912
405440 7.55483e+006 23.1912
405440 7.55483e+006 23.1912
405440 7.55483e+006 23.1912
405440 7.55483e+006 23.1912
405440 7.55483e+006 23.1912
405440 7.55483e+006 23.1912
405440 7.55483e+006 23.1912
405440 7.55483e+006 23.1912
405440 7.55483e+006 23.1912
405440 7.55483e+006 23.1912
405440 7.55483e+006 23.1912
405439 7.55483e+006 23.1912
405439 7.55483e+006 23.1912
405439 7.55483e+006 23.1912
405440 7.55483e+006 23.1912
405440 7.55483e+006 23.1912
405439 7.55483e+006 23.1912
405438 7.55483e+006 23.1912
405438 7.55483e+006 23.1912
405438 7.55483e+006 23.1912
405439 7.55483e+006 23.1912
405439 7.55483e+006 23.1912
405438 7.55483e+006 23.1912
405438 7.55483e+006 23.1912
405438 7.55483e+006 23.1912
405438 7.55483e+006 23.1912
405438 7.55483e+006 23.1912
405438 7.55483e+006 23.1912
405438 7.55483e+006 23.1912
405439 7.55483e+006 23.1912
405438 7.55483e+006 23.1912
405438 7.55483e+006 23.1912
405438 7.55483e+006 23.1912
405438 7.55483e+006 23.1912
405439 7.55483e+006 23.428
405439 7.55483e+006 23.428
405439 7.55483e+006 23.428
405439 7.55483e+006 23.428
405438 7.55483e+006 23.428
405439 7.55483e+006 23.428
405439 7.55483e+006 23.428
405440 7.55483e+006 23.428
405440 7.55483e+006 23.428
405440 7.55483e+006 23.428
405439 7.55483e+006 23.428
405439 7.55483e+006 23.428
405440 7.55483e+006 23.428
405440 7.55483e+006 23.428
405440 7.55483e+006 23.428
405440 7.55483e+006 23.428
405440 7.55483e+006 23.428
405440 7.55483e+006 23.428
405440 7.55483e+006 23.428
405440 7.55483e+006 23.428
405440 7.55483e+006 23.428
405440 7.55483e+006 23.428
405440 7.55483e+006 23.428
405440 7.55483e+006 23.428
405440 7.55483e+006 23.428
405439 7.55483e+006 23.428
405439 7.55483e+006 23.428
405439 7.55483e+006 23.428
405440 7.55483e+006 23.428
405440 7.55483e+006 23.428
405439 7.55483e+006 23.428
405438 7.55483e+006 23.428
405438 7.55483e+006 23.428
405438 7.55483e+006 23.428
405439 7.55483e+006 23.428
405439 7.55483e+006 23.428
405438 7.55483e+006 23.428
405438 7.55483e+006 23.428
405438 7.55483e+006 23.428
405438 7.55483e+006 23.428
405438 7.55483e+006 23.428
405438 7.55483e+006 23.428
405438 7.55483e+006 23.428
405439 7.55483e+006 23.428
405438 7.55483e+006 23.428
405438 7.55483e+006 23.428
405438 7.55483e+006 23.428
405438 7.55483e+006 23.428
405439 7.55483e+006 23.4677
405439 7.55483e+006 23.4677
405438 7.55483e+006 23.4677
405438 7.55483e+006 23.4677
405439 7.55483e+006 23.4677
405439 7.55483e+006 23.4677
405439 7.55483e+006 23.4677
405438 7.55483e+006 23.4677
405438 7.55483e+006 23.4677
405438 7.55483e+006 23.4677
405438 7.55483e+006 23.4677
405439 7.55483e+006 23.4677
405438 7.55483e+006 23.4677
405438 7.55483e+006 23.4677
405438 7.55483e+006 23.4677
405438 7.55483e+006 23.4677
405438 7.55483e+006 23.4677
405438 7.55483e+006 23.4677
405438 7.55483e+006 23.4677
405439 7.55483e+006 23.4677
405439 7.55483e+006 23.4677
405439 7.55483e+006 23.4677
405438 7.55483e+006 23.4677
405438 7.55483e+006 23.4677
405439 7.55483e+006 23.4677
405440 7.55483e+006 23.4677
405440 7.55483e+006 23.4677
405440 7.55483e+006 23.4677
405439 7.55483e+006 23.4677
405439 7.55483e+006 23.4677
405440 7.55483e+006 23.4677
405440 7.55483e+006 23.4677
405440 7.55483e+006 23.4677
405440 7.55483e+006 23.4677
405440 7.55483e+006 23.4677
405440 7.55483e+006 23.4677
405440 7.55483e+006 23.4677
405440 7.55483e+006 23.4677
405440 7.55483e+006 23.4677
405440 7.55483e+006 23.4677
405440 7.55483e+006 23.4677
405440 7.55483e+006 23.4677
405440 7.55483e+006 23.4677
405439 7.55483e+006 23.4677
405439 7.55483e+006 23.4677
405439 7.55483e+006 23.4677
405440 7.55483e+006 23.4677
405440 7.55483e+006 23.4677
405427 7.55483e+006 31.1307
405426 7.55483e+006 31.1307
405426 7.55483e+006 28.3492
405426 7.55483e+006 28.3492
405427 7.55483e+006 28.3492
405427 7.55483e+006 31.1307
405428 7.55483e+006 31.1307
405427 7.55483e+006 31.1307
405427 7.55483e+006 28.3492
405427 7.55483e+006 28.3492
405428 7.55483e+006 28.3492
405428 7.55483e+006 31.1307
405428 7.55483e+006 31.1307
405428 7.55483e+006 31.1307
405428 7.55483e+006 28.3492
405428 7.55483e+006 28.3492
405428 7.55483e+006 28.3492
405428 7.55483e+006 31.1307
405428 7.55483e+006 31.1307
405428 7.55483e+006 31.1307
405428 7.55483e+006 28.3492
405428 7.55483e+006 28.3492
405428 7.55483e+006 28.3492
405428 7.55483e+006 31.1307
405427 7.55483e+006 31.1307
405428 7.55483e+006 31.1307
405428 7.55483e+006 28.3492
405428 7.55483e+006 28.3492
405427 7.55483e+006 28.3492
405427 7.55483e+006 31.1307
405426 7.55483e+006 31.1307
405427 7.55483e+006 31.1307
405427 7.55483e+006 28.3492
405427 7.55483e+006 28.3492
405426 7.55483e+006 28.3492
405426 7.55483e+006 31.1307
405426 7.55483e+006 31.1307
405426 7.55483e+006 31.1307
405426 7.55483e+006 28.3492
405426 7.55483e+006 28.3492
405426 7.55483e+006 28.3492
405426 7.55483e+006 31.1307
405426 7.55483e+006 31.1307
405426 7.55483e+006 31.1307
405426 7.55483e+006 28.3492
405426 7.55483e+006 28.3492
405426 7.55483e+006 28.3492
405426 7.55483e+006 31.1307
405427 7.55483e+006 35.638
405427 7.55483e+006 35.638
405427 7.55483e+006 31.3135
405427 7.55483e+006 31.3135
405427 7.55483e+006 31.3135
405427 7.55483e+006 35.638
405427 7.55483e+006 24.3622
405427 7.55483e+006 24.3622
405427 7.55483e+006 28.1664
405427 7.55483e+006 28.1664
405427 7.55483e+006 28.1664
405427 7.55483e+006 24.3622
405428 7.55483e+006 35.638
405427 7.55483e+006 35.638
405427 7.55483e+006 31.3135
405427 7.55483e+006 31.3135
405428 7.55483e+006 31.3135
405428 7.55483e+006 35.638
405427 7.55483e+006 24.3622
405428 7.55483e+006 24.3622
405428 7.55483e+006 28.1664
405428 7.55483e+006 28.1664
405427 7.55483e+006 28.1664
405427 7.55483e+006 24.3622
405428 7.55483e+006 35.638
405428 7.55483e+006 35.638
405428 7.55483e+006 31.3135
405428 7.55483e+006 31.3135
405428 7.55483e+006 31.3135
405428 7.55483e+006 35.638
405428 7.55483e+006 24.3622
405428 7.55483e+006 24.3622
405428 7.55483e+006 28.1664
405428 7.55483e+006 28.1664
405428 7.55483e+006 28.1664
405428 7.55483e+006 24.3622
405428 7.55483e+006 35.638
405428 7.55483e+006 35.638
405428 7.55483e+006 31.3135
405428 7.55483e+006 31.3135
405428 7.55483e+006 31.3135
405428 7.55483e+006 35.638
405428 7.55483e+006 24.3622
405428 7.55483e+006 24.3622
405428 7.55483e+006 28.1665
405428 7.55483e+006 28.1665
405428 7.55483e+006 28.1664
405428 7.55483e+006 24.3622
405427 7.55483e+006 35.638
405428 7.55483e+006 35.638
405428 7.55483e+006 31.3135
405428 7.55483e+006 31.3135
405427 7.55483e+006 31.3135
405427 7.55483e+006 35.638
405428 7.55483e+006 24.3622
405427 7.55483e+006 24.3622
405427 7.55483e+006 28.1665
405427 7.55483e+006 28.1665
405428 7.55483e+006 28.1665
405428 7.55483e+006 24.3622
405427 7.55483e+006 35.638
405427 7.55483e+006 35.638
405427 7.55483e+006 31.3135
405427 7.55483e+006 31.3135
405427 7.55483e+006 31.3135
405427 7.55483e+006 35.638
405427 7.55483e+006 24.3622
405427 7.55483e+006 24.3622
405427 7.55483e+006 28.1664
405427 7.55483e+006 28.1664
405427 7.55483e+006 28.1665
405427 7.55483e+006 24.3622
405426 7.55483e+006 35.638
405427 7.55483e+006 35.638
405427 7.55483e+006 31.3135
405427 7.55483e+006 31.3135
405426 7.55483e+006 31.3135
405426 7.55483e+006 35.638
405427 7.55483e+006 24.3622
405426 7.55483e+006 24.3622
405426 7.55483e+006 28.1664
405426 7.55483e+006 28.1664
405427 7.55483e+006 28.1664
405427 7.55483e+006 24.3622
405427 7.55483e+006 35.638
405426 7.55483e+006 35.638
405426 7.55483e+006 31.3135
405426 7.55483e+006 31.3135
405427 7.55483e+006 31.3135
405427 7.55483e+006 35.638
405426 7.55483e+006 24.3622
405427 7.55483e+006 24.3622
405427 7.55483e+006 28.1664
405427 7.55483e+006 28.1664
405426 7.55483e+006 28.1664
405426 7.55483e+006 24.3622
405427 7.55483e+006 31.3135
405427 7.55483e+006 31.3135
405426 7.55483e+006 31.1307
405426 7.55483e+006 31.1307
405427 7.55483e+006 31.1307
405427 7.55483e+006 31.3135
405427 7.55483e+006 31.3135
405426 7.55483e+006 31.3135
405426 7.55483e+006 31.1307
405426 7.55483e+006 31.1307
405426 7.55483e+006 31.1307
405427 7.55483e+006 31.3135
405426 7.55483e+006 31.3135
405427 7.55483e+006 31.3135
405426 7.55483e+006 31.1307
405426 7.55483e+006 31.1307
405426 7.55483e+006 31.1307
405426 7.55483e+006 31.3135
405427 7.55483e+006 31.3135
405427 7.55483e+006 31.3135
405427 7.55483e+006 31.1307
405427 7.55483e+006 31.1307
405426 7.55483e+006 31.1307
405427 7.55483e+006 31.3135
405427 7.55483e+006 31.3135
405428 7.55483e+006 31.3135
405428 7.55483e+006 31.1307
405428 7.55483e+006 31.1307
405427 7.55483e+006 31.1307
405427 7.55483e+006 31.3135
405428 7.55483e+006 31.3135
405428 7.55483e+006 31.3135
405428 7.55483e+006 31.1307
405428 7.55483e+006 31.1307
405428 7.55483e+006 31.1307
405428 7.55483e+006 31.3135
405428 7.55483e+006 31.3135
405428 7.55483e+006 31.3135
405428 7.55483e+006 31.1307
405428 7.55483e+006 31.1307
405428 7.55483e+006 31.1307
405428 7.55483e+006 31.3135
405428 7.55483e+006 31.3135
405427 7.55483e+006 31.3135
405427 7.55483e+006 31.1307
405427 7.55483e+006 31.1307
405428 7.55483e+006 31.1307
405428 7.55483e+006 31.3135
405427 7.55483e+006 28.1664
405427 7.55483e+006 28.1664
405427 7.55483e+006 28.3492
405427 7.55483e+006 28.3492
405426 7.55483e+006 28.3492
405427 7.55483e+006 28.1664
405427 7.55483e+006 28.1664
405428 7.55483e+006 28.1664
405428 7.55483e+006 28.3492
405428 7.55483e+006 28.3492
405427 7.55483e+006 28.3492
405427 7.55483e+006 28.1664
405428 7.55483e+006 28.1664
405428 7.55483e+006 28.1664
405428 7.55483e+006 28.3492
405428 7.55483e+006 28.3492
405428 7.55483e+006 28.3492
405428 7.55483e+006 28.1664
405428 7.55483e+006 28.1664
405428 7.55483e+006 28.1665
405428 7.55483e+006 28.3492
405428 7.55483e+006 28.3492
405428 7.55483e+006 28.3492
405428 7.55483e+006 28.1664
405428 7.55483e+006 28.1665
405427 7.55483e+006 28.1665
405427 7.55483e+006 28.3492
405427 7.55483e+006 28.3492
405428 7.55483e+006 28.3492
405428 7.55483e+006 28.1665
405427 7.55483e+006 28.1665
405427 7.55483e+006 28.1664
405426 7.55483e+006 28.3492
405426 7.55483e+006 28.3492
405427 7.55483e+006 28.3492
405427 7.55483e+006 28.1665
405427 7.55483e+006 28.1664
405426 7.55483e+006 28.1664
405426 7.55483e+006 28.3492
405426 7.55483e+006 28.3492
405426 7.55483e+006 28.3492
405427 7.55483e+006 28.1664
405426 7.55483e+006 28.1664
405427 7.55483e+006 28.1664
405426 7.55483e+006 28.3492
405426 7.55483e+006 28.3492
405426 7.55483e+006 28.3492
405426 7.55483e+006 28.1664
405426 7.55483e+006 23.842
405427 7.55483e+006 23.842
405427 7.55483e+006 24.3622
405427 7.55483e+006 24.3622
405426 7.55483e+006 24.3622
405426 7.55483e+006 23.842
405427 7.55483e+006 23.842
405428 7.55483e+006 23.842
405428 7.55483e+006 24.3622
405428 7.55483e+006 24.3622
405427 7.55483e+006 24.3622
405427 7.55483e+006 23.842
405428 7.55483e+006 23.842
405428 7.55483e+006 23.842
405428 7.55483e+006 24.3622
405428 7.55483e+006 24.3622
405428 7.55483e+006 24.3622
405428 7.55483e+006 23.842
405428 7.55483e+006 23.842
405428 7.55483e+006 23.842
405428 7.55483e+006 24.3622
405428 7.55483e+006 24.3622
405428 7.55483e+006 24.3622
405428 7.55483e+006 23.842
405428 7.55483e+006 23.842
405427 7.55483e+006 23.842
405427 7.55483e+006 24.3622
405427 7.55483e+006 24.3622
405428 7.55483e+006 24.3622
405428 7.55483e+006 23.842
405427 7.55483e+006 23.842
405426 7.55483e+006 23.842
405426 7.55483e+006 24.3622
405426 7.55483e+006 24.3622
405427 7.55483e+006 24.3622
405427 7.55483e+006 23.842
405426 7.55483e+006 23.842
405426 7.55483e+006 23.842
405426 7.55483e+006 24.3622
405426 7.55483e+006 24.3622
405426 7.55483e+006 24.3622
405426 7.55483e+006 23.842
405426 7.55483e+006 23.842
405426 7.55483e+006 23.842
405426 7.55483e+006 24.3622
405426 7.55483e+006 24.3622
405426 7.55483e+006 24.3622
405426 7.55483e+006 23.842
405427 7.55483e+006 24.3622
405427 7.55483e+006 24.3622
405426 7.55483e+006 24.3622
405426 7.55483e+006 24.3622
405427 7.55483e+006 24.3622
405427 7.55483e+006 24.3622
405427 7.55483e+006 24.3622
405426 7.55483e+006 24.3622
405426 7.55483e+006 24.3622
405426 7.55483e+006 24.3622
405426 7.55483e+006 24.3622
405427 7.55483e+006 24.3622
405426 7.55483e+006 24.3622
405427 7.55483e+006 24.3622
405426 7.55483e+006 24.3622
405426 7.55483e+006 24.3622
405426 7.55483e+006 24.3622
405426 7.55483e+006 24.3622
405427 7.55483e+006 24.3622
405427 7.55483e+006 24.3622
405427 7.55483e+006 24.3622
405427 7.55483e+006 24.3622
405426 7.55483e+006 24.3622
405427 7.55483e+006 24.3622
405427 7.55483e+006 24.3622
405428 7.55483e+006 24.3622
405428 7.55483e+006 24.3622
405428 7.55483e+006 24.3622
405427 7.55483e+006 24.3622
405427 7.55483e+006 24.3622
405428 7.55483e+006 24.3622
405428 7.55483e+006 24.3622
405428 7.55483e+006 24.3622
405428 7.55483e+006 24.3622
405428 7.55483e+006 24.3622
405428 7.55483e+006 24.3622
405428 7.55483e+006 24.3622
405428 7.55483e+006 24.3622
405428 7.55483e+006 24.3622
405428 7.55483e+006 24.3622
405428 7.55483e+006 24.3622
405428 7.55483e+006 24.3622
405428 7.55483e+006 24.3622
405427 7.55483e+006 24.3622
405427 7.55483e+006 24.3622
405427 7.55483e+006 24.3622
405428 7.55483e+006 24.3622
405428 7.55483e+006 24.3622
405427 7.55483e+006 23.842
405426 7.55483e+006 23.842
405427 7.55483e+006 23.5395
405427 7.55483e+006 23.5395
405427 7.55483e+006 23.5395
405427 7.55483e+006 23.842
405426 7.55483e+006 23.842
405426 7.55483e+006 23.842
405426 7.55483e+006 23.5395
405426 7.55483e+006 23.5395
405427 7.55483e+006 23.5395
405426 7.55483e+006 23.842
405426 7.55483e+006 23.842
405426 7.55483e+006 23.842
405427 7.55483e+006 23.5395
405427 7.55483e+006 23.5395
405426 7.55483e+006 23.5395
405426 7.55483e+006 23.842
405426 7.55483e+006 23.842
405427 7.55483e+006 23.842
405427 7.55483e+006 23.5395
405427 7.55483e+006 23.5395
405427 7.55483e+006 23.5395
405426 7.55483e+006 23.842
405427 7.55483e+006 23.842
405428 7.55483e+006 23.842
405428 7.55483e+006 23.5395
405428 7.55483e+006 23.5395
405427 7.55483e+006 23.5395
405427 7.55483e+006 23.842
405428 7.55483e+006 23.842
405428 7.55483e+006 23.842
405428 7.55483e+006 23.5395
405428 7.55483e+006 23.5395
405428 7.55483e+006 23.5395
405428 7.55483e+006 23.842
405428 7.55483e+006 23.842
405428 7.55483e+006 23.842
405428 7.55483e+006 23.5395
405428 7.55483e+006 23.5395
405428 7.55483e+006 23.5395
405428 7.55483e+006 23.842
405428 7.55483e+006 23.842
405427 7.55483e+006 23.842
405427 7.55483e+006 23.5395
405427 7.55483e+006 23.5395
405428 7.55483e+006 23.5395
405428 7.55483e+006 23.842
405427 7.55483e+006 23.2309
405427 7.55483e+006 23.2309
405427 7.55483e+006 23.428
405427 7.55483e+006 23.428
405427 7.55483e+006 23.428
405427 7.55483e+006 23.2309
405426 7.55483e+006 23.2309
405427 7.55483e+006 23.2309
405427 7.55483e+006 23.428
405427 7.55483e+006 23.428
405426 7.55483e+006 23.428
405426 7.55483e+006 23.2309
405427 7.55483e+006 23.2309
405426 7.55483e+006 23.2309
405426 7.55483e+006 23.428
405426 7.55483e+006 23.428
405427 7.55483e+006 23.428
405427 7.55483e+006 23.2309
405427 7.55483e+006 23.2309
405427 7.55483e+006 23.2309
405427 7.55483e+006 23.428
405427 7.55483e+006 23.428
405427 7.55483e+006 23.428
405427 7.55483e+006 23.2309
405428 7.55483e+006 23.2309
405427 7.55483e+006 23.2309
405427 7.55483e+006 23.428
405427 7.55483e+006 23.428
405428 7.55483e+006 23.428
405428 7.55483e+006 23.2309
405428 7.55483e+006 23.2309
405428 7.55483e+006 23.2309
405428 7.55483e+006 23.428
405428 7.55483e+006 23.428
405428 7.55483e+006 23.428
405428 7.55483e+006 23.2309
405428 7.55483e+006 23.2309
405428 7.55483e+006 23.2309
405428 7.55483e+006 23.428
405428 7.55483e+006 23.428
405428 7.55483e+006 23.428
405428 7.55483e+006 23.2309
405427 7.55483e+006 23.2309
405428 7.55483e+006 23.2309
405428 7.55483e+006 23.428
405428 7.55483e+006 23.428
405427 7.55483e+006 23.428
405427 7.55483e+006 23.2309
405427 7.55483e+006 23.1195
405427 7.55483e+006 23.1195
405427 7.55483e+006 23.1912
405427 7.55483e+006 23.1912
405427 7.55483e+006 23.1912
405427 7.55483e+006 23.1195
405427 7.55483e+006 23.5395
405427 7.55483e+006 23.5395
405427 7.55483e+006 23.4677
405427 7.55483e+006 23.4677
405427 7.55483e+006 23.4677
405427 7.55483e+006 23.5395
405426 7.55483e+006 23.1195
405427 7.55483e+006 23.1195
405427 7.55483e+006 23.1912
405427 7.55483e+006 23.1912
405426 7.55483e+006 23.1912
405426 7.55483e+006 23.1195
405427 7.55483e+006 23.5395
405426 7.55483e+006 23.5395
405426 7.55483e+006 23.4677
405426 7.55483e+006 23.4677
405427 7.55483e+006 23.4677
405427 7.55483e+006 23.5395
405427 7.55483e+006 23.1195
405426 7.55483e+006 23.1195
405426 7.55483e+006 23.1912
405426 7.55483e+006 23.1912
405427 7.55483e+006 23.1912
405427 7.55483e+006 23.1195
405426 7.55483e+006 23.5395
405427 7.55483e+006 23.5395
405427 7.55483e+006 23.4677
405427 7.55483e+006 23.4677
405426 7.55483e+006 23.4677
405426 7.55483e+006 23.5395
405427 7.55483e+006 23.1195
405427 7.55483e+006 23.1195
405427 7.55483e+006 23.1912
405427 7.55483e+006 23.1912
405427 7.55483e+006 23.1912
405427 7.55483e+006 23.1195
405427 7.55483e+006 23.5395
405427 7.55483e+006 23.5395
405427 7.55483e+006 23.4677
405427 7.55483e+006 23.4677
405427 7.55483e+006 23.4677
405427 7.55483e+006 23.5395
405428 7.55483e+006 23.1195
405427 7.55483e+006 23.1195
405427 7.55483e+006 23.1912
405427 7.55483e+006 23.1912
405428 7.55483e+006 23.1912
405428 7.55483e+006 23.1195
405427 7.55483e+006 23.5395
405428 7.55483e+006 23.5395
405428 7.55483e+006 23.4677
405428 7.55483e+006 23.4677
405427 7.55483e+006 23.4677
405427 7.55483e+006 23.5395
405428 7.55483e+006 23.1195
405428 7.55483e+006 23.1195
405428 7.55483e+006 23.1912
405428 7.55483e+006 23.1912
405428 7.55483e+006 23.1912
405428 7.55483e+006 23.1195
405428 7.55483e+006 23.5395
405428 7.55483e+006 23.5395
405428 7.55483e+006 23.4677
405428 7.55483e+006 23.4677
405428 7.55483e+006 23.4677
405428 7.55483e+006 23.5395
405428 7.55483e+006 23.1195
405428 7.55483e+006 23.1195
405428 7.55483e+006 23.1912
405428 7.55483e+006 23.1912
405428 7.55483e+006 23.1912
405428 7.55483e+006 23.1195
405428 7.55483e+006 23.5395
405428 7.55483e+006 23.5395
405428 7.55483e+006 23.4677
405428 7.55483e+006 23.4677
405428 7.55483e+006 23.4677
405428 7.55483e+006 23.5395
405427 7.55483e+006 23.1195
405428 7.55483e+006 23.1195
405428 7.55483e+006 23.1912
405428 7.55483e+006 23.1912
405427 7.55483e+006 23.1912
405427 7.55483e+006 23.1195
405428 7.55483e+006 23.5395
405427 7.55483e+006 23.5395
405427 7.55483e+006 23.4677
405427 7.55483e+006 23.4677
405428 7.55483e+006 23.4677
405428 7.55483e+006 23.5395
405427 7.55483e+006 23.2309
405427 7.55483e+006 23.1912
405427 7.55483e+006 23.1912
405427 7.55483e+006 23.1912
405427 7.55483e+006 23.2309
405427 7.55483e+006 23.2309
405427 7.55483e+006 23.428
405427 7.55483e+006 23.4677
405427 7.55483e+006 23.4677
405427 7.55483e+006 23.4677
405427 7.55483e+006 23.428
405427 7.55483e+006 23.428
405426 7.55483e+006 23.2309
405426 7.55483e+006 23.1912
405427 7.55483e+006 23.1912
405427 7.55483e+006 23.1912
405427 7.55483e+006 23.2309
405426 7.55483e+006 23.2309
405427 7.55483e+006 23.428
405427 7.55483e+006 23.4677
405426 7.55483e+006 23.4677
405426 7.55483e+006 23.4677
405426 7.55483e+006 23.428
405427 7.55483e+006 23.428
405426 7.55483e+006 23.2309
405426 7.55483e+006 23.1912
405426 7.55483e+006 23.1912
405426 7.55483e+006 23.1912
405426 7.55483e+006 23.2309
405426 7.55483e+006 23.2309
405426 7.55483e+006 23.428
405426 7.55483e+006 23.4677
405426 7.55483e+006 23.4677
405426 7.55483e+006 23.4677
405426 7.55483e+006 23.428
405426 7.55483e+006 23.428
405427 7.55483e+006 23.2309
405427 7.55483e+006 23.1912
405426 7.55483e+006 23.1912
405426 7.55483e+006 23.1912
405426 7.55483e+006 23.2309
405427 7.55483e+006 23.2309
405426 7.55483e+006 23.428
405426 7.55483e+006 23.4677
405427 7.55483e+006 23.4677
405427 7.55483e+006 23.4677
405427 7.55483e+006 23.428
405426 7.55483e+006 23.428
405428 7.55483e+006 23.2309
405428 7.55483e+006 23.1912
405427 7.55483e+006 23.1912
405427 7.55483e+006 23.1912
405427 7.55483e+006 23.2309
405428 7.55483e+006 23.2309
405427 7.55483e+006 23.428
405427 7.55483e+006 23.4677
405428 7.55483e+006 23.4677
405428 7.55483e+006 23.4677
405428 7.55483e+006 23.428
405427 7.55483e+006 23.428
405429 7.55483e+006 23.2309
405429 7.55483e+006 23.1912
405428 7.55483e+006 23.1912
405428 7.55483e+006 23.1912
405428 7.55483e+006 23.2309
405429 7.55483e+006 23.2309
405428 7.55483e+006 23.428
405428 7.55483e+006 23.4677
405429 7.55483e+006 23.4677
405429 7.55483e+006 23.4677
405429 7.55483e+006 23.428
405428 7.55483e+006 23.428
405428 7.55483e+006 23.2309
405428 7.55483e+006 23.1912
405429 7.55483e+006 23.1912
405429 7.55483e+006 23.1912
405429 7.55483e+006 23.2309
405428 7.55483e+006 23.2309
405429 7.55483e+006 23.428
405429 7.55483e+006 23.4677
405428 7.55483e+006 23.4677
405428 7.55483e+006 23.4677
405428 7.55483e+006 23.428
405429 7.55483e+006 23.428
405427 7.55483e+006 23.2309
405427 7.55483e+006 23.1912
405428 7.55483e+006 23.1912
405428 7.55483e+006 23.1912
405428 7.55483e+006 23.2309
405427 7.55483e+006 23.2309
405428 7.55483e+006 23.428
405428 7.55483e+006 23.4677
405427 7.55483e+006 23.4677
405427 7.55483e+006 23.4677
405427 7.55483e+006 23.428
405428 7.55483e+006 23.428
405427 7.55483e+006 23.2309
405427 7.55483e+006 23.2309
405427 7.55483e+006 23.2309
405427 7.55483e+006 23.2309
405427 7.55483e+006 23.2309
405427 7.55483e+006 23.2309
405427 7.55483e+006 23.2309
405426 7.55483e+006 23.2309
405426 7.55483e+006 23.2309
405426 7.55483e+006 23.2309
405427 7.55483e+006 23.2309
405427 7.55483e+006 23.2309
405426 7.55483e+006 23.2309
405427 7.55483e+006 23.2309
405426 7.55483e+006 23.2309
405426 7.55483e+006 23.2309
405426 7.55483e+006 23.2309
405426 7.55483e+006 23.2309
405427 7.55483e+006 23.2309
405427 7.55483e+006 23.2309
405427 7.55483e+006 23.2309
405427 7.55483e+006 23.2309
405426 7.55483e+006 23.2309
405427 7.55483e+006 23.2309
405427 7.55483e+006 23.2309
405428 7.55483e+006 23.2309
405428 7.55483e+006 23.2309
405428 7.55483e+006 23.2309
405427 7.55483e+006 23.2309
405427 7.55483e+006 23.2309
405428 7.55483e+006 23.2309
405428 7.55483e+006 23.2309
405429 7.55483e+006 23.2309
405429 7.55483e+006 23.2309
405428 7.55483e+006 23.2309
405428 7.55483e+006 23.2309
405428 7.55483e+006 23.2309
405428 7.55483e+006 23.2309
405428 7.55483e+006 23.2309
405428 7.55483e+006 23.2309
405429 7.55483e+006 23.2309
405428 7.55483e+006 23.2309
405428 7.55483e+006 23.2309
405427 7.55483e+006 23.2309
405427 7.55483e+006 23.2309
405427 7.55483e+006 23.2309
405428 7.55483e+006 23.2309
405428 7.55483e+006 23.2309
405427 7.55483e+006 23.1912
405427 7.55483e+006 23.1912
405427 7.55483e+006 23.1912
405427 7.55483e+006 23.1912
405427 7.55483e+006 23.1912
405427 7.55483e+006 23.1912
405427 7.55483e+006 23.1912
405428 7.55483e+006 23.1912
405428 7.55483e+006 23.1912
405428 7.55483e+006 23.1912
405427 7.55483e+006 23.1912
405427 7.55483e+006 23.1912
405428 7.55483e+006 23.1912
405428 7.55483e+006 23.1912
405429 7.55483e+006 23.1912
405429 7.55483e+006 23.1912
405428 7.55483e+006 23.1912
405428 7.55483e+006 23.1912
405428 7.55483e+006 23.1912
405428 7.55483e+006 23.1912
405428 7.55483e+006 23.1912
405428 7.55483e+006 23.1912
405429 7.55483e+006 23.1912
405428 7.55483e+006 23.1912
405428 7.55483e+006 23.1912
405427 7.55483e+006 23.1912
405427 7.55483e+006 23.1912
405427 7.55483e+006 23.1912
405428 7.55483e+006 23.1912
405428 7.55483e+006 23.1912
405427 7.55483e+006 23.1912
405427 7.55483e+006 23.1912
405426 7.55483e+006 23.1912
405426 7.55483e+006 23.1912
405427 7.55483e+006 23.1912
405427 7.55483e+006 23.1912
405427 7.55483e+006 23.1912
405426 7.55483e+006 23.1912
405426 7.55483e+006 23.1912
405426 7.55483e+006 23.1912
405426 7.55483e+006 23.1912
405427 7.55483e+006 23.1912
405426 7.55483e+006 23.1912
405427 7.55483e+006 23.1912
405427 7.55483e+006 23.1912
405427 7.55483e+006 23.1912
405426 7.55483e+006 23.1912
405426 7.55483e+006 23.1912
405427 7.55483e+006 23.428
405427 7.55483e+006 23.428
405427 7.55483e+006 23.428
405427 7.55483e+006 23.428
405427 7.55483e+006 23.428
405427 7.55483e+006 23.428
405427 7.55483e+006 23.428
405428 7.55483e+006 23.428
405428 7.55483e+006 23.428
405428 7.55483e+006 23.428
405427 7.55483e+006 23.428
405427 7.55483e+006 23.428
405428 7.55483e+006 23.428
405428 7.55483e+006 23.428
405429 7.55483e+006 23.428
405429 7.55483e+006 23.428
405428 7.55483e+006 23.428
405428 7.55483e+006 23.428
405428 7.55483e+006 23.428
405428 7.55483e+006 23.428
405428 7.55483e+006 23.428
405428 7.55483e+006 23.428
405429 7.55483e+006 23.428
405428 7.55483e+006 23.428
405428 7.55483e+006 23.428
405427 7.55483e+006 23.428
405427 7.55483e+006 23.428
405427 7.55483e+006 23.428
405428 7.55483e+006 23.428
405428 7.55483e+006 23.428
405427 7.55483e+006 23.428
405427 7.55483e+006 23.428
405426 7.55483e+006 23.428
405426 7.55483e+006 23.428
405427 7.55483e+006 23.428
405427 7.55483e+006 23.428
405427 7.55483e+006 23.428
405426 7.55483e+006 23.428
405426 7.55483e+006 23.428
405426 7.55483e+006 23.428
405426 7.55483e+006 23.428
405427 7.55483e+006 23.428
405426 7.55483e+006 23.428
405427 7.55483e+006 23.428
405427 7.55483e+006 23.428
405427 7.55483e+006 23.428
405426 7.55483e+006 23.428
405426 7.55483e+006 23.428
405427 7.55483e+006 23.4677
405427 7.55483e+006 23.4677
405427 7.55483e+006 23.4677
405427 7.55483e+006 23.4677
405427 7.55483e+006 23.4677
405427 7.55483e+006 23.4677
405427 7.55483e+006 23.4677
405426 7.55483e+006 23.4677
405426 7.55483e+006 23.4677
405426 7.55483e+006 23.4677
405427 7.55483e+006 23.4677
405427 7.55483e+006 23.4677
405426 7.55483e+006 23.4677
405427 7.55483e+006 23.4677
405426 7.55483e+006 23.4677
405426 7.55483e+006 23.4677
405426 7.55483e+006 23.4677
405426 7.55483e+006 23.4677
405427 7.55483e+006 23.4677
405427 7.55483e+006 23.4677
405427 7.55483e+006 23.4677
405427 7.55483e+006 23.4677
405426 7.55483e+006 23.4677
405427 7.55483e+006 23.4677
405427 7.55483e+006 23.4677
405428 7.55483e+006 23.4677
405428 7.55483e+006 23.4677
405428 7.55483e+006 23.4677
405427 7.55483e+006 23.4677
405427 7.55483e+006 23.4677
405428 7.55483e+006 23.4677
405428 7.55483e+006 23.4677
405429 7.55483e+006 23.4677
405429 7.55483e+006 23.4677
405428 7.55483e+006 23.4677
405428 7.55483e+006 23.4677
405428 7.55483e+006 23.4677
405428 7.55483e+006 23.4677
405428 7.55483e+006 23.4677
405428 7.55483e+006 23.4677
405429 7.55483e+006 23.4677
405428 7.55483e+006 23.4677
405428 7.55483e+006 23.4677
405427 7.55483e+006 23.4677
405427 7.55483e+006 23.4677
405427 7.55483e+006 23.4677
405428 7.55483e+006 23.4677
405428 7.55483e+006 23.4677
405442 7.55483e+006 28.8262
405443 7.55483e+006 28.8262
405443 7.55483e+006 32.547
405443 7.55483e+006 32.547
405442 7.55483e+006 32.547
405442 7.55483e+006 28.8262
405443 7.55483e+006 28.8262
405444 7.55483e+006 28.8262
405444 7.55483e+006 32.547
405444 7.55483e+006 32.547
405443 7.55483e+006 32.547
405443 7.55483e+006 28.8262
405444 7.55483e+006 28.8262
405444 7.55483e+006 28.8262
405444 7.55483e+006 32.547
405444 7.55483e+006 32.547
405444 7.55483e+006 32.547
405444 7.55483e+006 28.8262
405444 7.55483e+006 28.8262
405444 7.55484e+006 28.8262
405444 7.55484e+006 32.547
405444 7.55484e+006 32.547
405444 7.55483e+006 32.547
405444 7.55483e+006 28.8262
405444 7.55484e+006 28.8262
405443 7.55484e+006 28.8262
405443 7.55484e+006 32.547
405443 7.55484e+006 32.547
405444 7.55484e+006 32.547
405444 7.55484e+006 28.8262
405443 7.55484e+006 28.8262
405442 7.55484e+006 28.8262
405442 7.55484e+006 32.547
405442 7.55484e+006 32.547
405443 7.55484e+006 32.547
405443 7.55484e+006 28.8262
405442 7.55484e+006 28.8262
405442 7.55484e+006 28.8262
405442 7.55484e+006 32.547
405442 7.55484e+006 32.547
405442 7.55484e+006 32.547
405442 7.55484e+006 28.8262
405442 7.55484e+006 28.8262
405442 7.55483e+006 28.8262
405442 7.55483e+006 32.547
405442 7.55483e+006 32.547
405442 7.55484e+006 32.547
405442 7.55484e+006 28.8262
