405401 7.55479e+006 25.6128
405401 7.55479e+006 25.0628
405401 7.55479e+006 25.0628
405401 7.55479e+006 25.0628
405401 7.55479e+006 25.6128
405401 7.55479e+006 25.6128
405401 7.55479e+006 25.6128
405401 7.55479e+006 25.0628
405401 7.55479e+006 25.0628
405401 7.55479e+006 25.0628
405401 7.55479e+006 25.6128
405401 7.55479e+006 25.6128
405401 7.55479e+006 25.6128
405401 7.55479e+006 25.0628
405401 7.55479e+006 25.0628
405401 7.55479e+006 25.0628
405401 7.55479e+006 25.6128
405401 7.55479e+006 25.6128
405401 7.55479e+006 25.6128
405401 7.55479e+006 25.0628
405401 7.55479e+006 25.0628
405401 7.55479e+006 25.0628
405401 7.55479e+006 25.6128
405401 7.55479e+006 25.6128
405401 7.55479e+006 25.6128
405401 7.55479e+006 26.1628
405401 7.55479e+006 26.1628
405401 7.55479e+006 26.1628
405401 7.55479e+006 25.6128
405401 7.55479e+006 25.6128
405401 7.55479e+006 25.6128
405401 7.55479e+006 26.1628
405401 7.55479e+006 26.1628
405401 7.55479e+006 26.1628
405401 7.55479e+006 25.6128
405401 7.55479e+006 25.6128
405401 7.55479e+006 25.6128
405401 7.55479e+006 26.1628
405401 7.55479e+006 26.1628
405401 7.55479e+006 26.1628
405401 7.55479e+006 25.6128
405401 7.55479e+006 25.6128
405401 7.55479e+006 25.6128
405401 7.55479e+006 26.1628
405401 7.55479e+006 26.1628
405401 7.55479e+006 26.1628
405401 7.55479e+006 25.6128
405401 7.55479e+006 25.6128
405402 7.55479e+006 25.613
405401 7.55479e+006 25.6128
405401 7.55479e+006 25.6378
405401 7.55479e+006 25.6378
405402 7.55479e+006 25.638
405402 7.55479e+006 25.613
405402 7.55479e+006 25.588
405401 7.55479e+006 25.5878
405401 7.55479e+006 25.6128
405401 7.55479e+006 25.6128
405402 7.55479e+006 25.613
405402 7.55479e+006 25.588
405402 7.55479e+006 25.613
405401 7.55479e+006 25.6128
405401 7.55479e+006 25.5878
405401 7.55479e+006 25.5878
405402 7.55479e+006 25.588
405402 7.55479e+006 25.613
405402 7.55479e+006 25.638
405401 7.55479e+006 25.6378
405401 7.55479e+006 25.6128
405401 7.55479e+006 25.6128
405402 7.55479e+006 25.613
405402 7.55479e+006 25.638
405402 7.55479e+006 26.1475
405401 7.55479e+006 26.1473
405401 7.55479e+006 26.1724
405401 7.55479e+006 26.1724
405402 7.55479e+006 26.1725
405402 7.55479e+006 26.1475
405402 7.55479e+006 26.1225
405401 7.55479e+006 26.1224
405401 7.55479e+006 26.1473
405401 7.55479e+006 26.1473
405402 7.55479e+006 26.1475
405402 7.55479e+006 26.1225
405402 7.55479e+006 26.1476
405401 7.55479e+006 26.1474
405401 7.55479e+006 26.1224
405401 7.55479e+006 26.1224
405402 7.55479e+006 26.1225
405402 7.55479e+006 26.1476
405402 7.55479e+006 26.1725
405401 7.55479e+006 26.1724
405401 7.55479e+006 26.1474
405401 7.55479e+006 26.1474
405402 7.55479e+006 26.1476
405402 7.55479e+006 26.1725
405398 7.55479e+006 25.6093
405401 7.55479e+006 25.6128
405401 7.55479e+006 25.6378
405401 7.55479e+006 25.6378
405398 7.55479e+006 25.6343
405398 7.55479e+006 25.6093
405398 7.55479e+006 25.5843
405401 7.55479e+006 25.5878
405401 7.55479e+006 25.6128
405401 7.55479e+006 25.6128
405398 7.55479e+006 25.6093
405398 7.55479e+006 25.5843
405398 7.55479e+006 25.6093
405401 7.55479e+006 25.6128
405401 7.55479e+006 25.5878
405401 7.55479e+006 25.5878
405398 7.55479e+006 25.5843
405398 7.55479e+006 25.6093
405398 7.55479e+006 25.6343
405401 7.55479e+006 25.6378
405401 7.55479e+006 25.6128
405401 7.55479e+006 25.6128
405398 7.55479e+006 25.6093
405398 7.55479e+006 25.6343
405398 7.55479e+006 26.1439
405401 7.55479e+006 26.1474
405401 7.55479e+006 26.1724
405401 7.55479e+006 26.1724
405398 7.55479e+006 26.1689
405398 7.55479e+006 26.1439
405398 7.55479e+006 26.1189
405401 7.55479e+006 26.1224
405401 7.55479e+006 26.1474
405401 7.55479e+006 26.1474
405398 7.55479e+006 26.1439
405398 7.55479e+006 26.1189
405398 7.55479e+006 26.1439
405401 7.55479e+006 26.1474
405401 7.55479e+006 26.1224
405401 7.55479e+006 26.1224
405398 7.55479e+006 26.1189
405398 7.55479e+006 26.1439
405398 7.55479e+006 26.1689
405401 7.55479e+006 26.1724
405401 7.55479e+006 26.1474
405401 7.55479e+006 26.1474
405398 7.55479e+006 26.1439
405398 7.55479e+006 26.1689
405398 7.55479e+006 25.6093
405398 7.55479e+006 25.0593
405398 7.55479e+006 25.0594
405398 7.55479e+006 25.0594
405398 7.55479e+006 25.6094
405398 7.55479e+006 25.6093
405398 7.55479e+006 25.6093
405398 7.55479e+006 25.0593
405398 7.55479e+006 25.0593
405398 7.55479e+006 25.0593
405398 7.55479e+006 25.6093
405398 7.55479e+006 25.6093
405398 7.55479e+006 25.6093
405398 7.55479e+006 25.0593
405398 7.55479e+006 25.0593
405398 7.55479e+006 25.0593
405398 7.55479e+006 25.6093
405398 7.55479e+006 25.6093
405398 7.55479e+006 25.6094
405398 7.55479e+006 25.0594
405398 7.55479e+006 25.0593
405398 7.55479e+006 25.0593
405398 7.55479e+006 25.6093
405398 7.55479e+006 25.6094
405398 7.55479e+006 25.6093
405398 7.55479e+006 26.1593
405398 7.55479e+006 26.1593
405398 7.55479e+006 26.1593
405398 7.55479e+006 25.6093
405398 7.55479e+006 25.6093
405398 7.55479e+006 25.6094
405398 7.55479e+006 26.1594
405398 7.55479e+006 26.1593
405398 7.55479e+006 26.1593
405398 7.55479e+006 25.6093
405398 7.55479e+006 25.6094
405398 7.55479e+006 25.6093
405398 7.55479e+006 26.1593
405398 7.55479e+006 26.1594
405398 7.55479e+006 26.1594
405398 7.55479e+006 25.6094
405398 7.55479e+006 25.6093
405398 7.55479e+006 25.6093
405398 7.55479e+006 26.1593
405398 7.55479e+006 26.1593
405398 7.55479e+006 26.1593
405398 7.55479e+006 25.6093
405398 7.55479e+006 25.6093
405404 7.5548e+006 25.6133
405404 7.5548e+006 25.0633
405404 7.5548e+006 25.0633
405404 7.5548e+006 25.0633
405404 7.5548e+006 25.6133
405404 7.5548e+006 25.6133
405404 7.5548e+006 25.6132
405404 7.5548e+006 25.0632
405404 7.5548e+006 25.0633
405404 7.5548e+006 25.0633
405404 7.5548e+006 25.6133
405404 7.5548e+006 25.6132
405404 7.5548e+006 25.6133
405404 7.5548e+006 25.0633
405404 7.5548e+006 25.0632
405404 7.5548e+006 25.0632
405404 7.5548e+006 25.6132
405404 7.5548e+006 25.6133
405404 7.5548e+006 25.6133
405404 7.5548e+006 25.0633
405404 7.5548e+006 25.0633
405404 7.5548e+006 25.0633
405404 7.5548e+006 25.6133
405404 7.5548e+006 25.6133
405404 7.5548e+006 25.6133
405404 7.5548e+006 26.1633
405404 7.5548e+006 26.1632
405404 7.5548e+006 26.1632
405404 7.5548e+006 25.6132
405404 7.5548e+006 25.6133
405404 7.5548e+006 25.6133
405404 7.5548e+006 26.1633
405404 7.5548e+006 26.1633
405404 7.5548e+006 26.1633
405404 7.5548e+006 25.6133
405404 7.5548e+006 25.6133
405404 7.5548e+006 25.6133
405404 7.5548e+006 26.1633
405404 7.5548e+006 26.1633
405404 7.5548e+006 26.1633
405404 7.5548e+006 25.6133
405404 7.5548e+006 25.6133
405404 7.5548e+006 25.6132
405404 7.5548e+006 26.1632
405404 7.5548e+006 26.1633
405404 7.5548e+006 26.1633
405404 7.5548e+006 25.6133
405404 7.5548e+006 25.6132
405405 7.5548e+006 25.6134
405404 7.5548e+006 25.6132
405404 7.5548e+006 25.6383
405404 7.5548e+006 25.6383
405405 7.5548e+006 25.6384
405405 7.5548e+006 25.6134
405405 7.5548e+006 25.5884
405404 7.5548e+006 25.5883
405404 7.5548e+006 25.6132
405404 7.5548e+006 25.6132
405405 7.5548e+006 25.6134
405405 7.5548e+006 25.5884
405405 7.5548e+006 25.6135
405404 7.5548e+006 25.6133
405404 7.5548e+006 25.5883
405404 7.5548e+006 25.5883
405405 7.5548e+006 25.5884
405405 7.5548e+006 25.6135
405405 7.5548e+006 25.6384
405404 7.5548e+006 25.6383
405404 7.5548e+006 25.6133
405404 7.5548e+006 25.6133
405405 7.5548e+006 25.6135
405405 7.5548e+006 25.6384
405405 7.5548e+006 26.148
405404 7.5548e+006 26.1478
405404 7.5548e+006 26.1728
405404 7.5548e+006 26.1728
405405 7.5548e+006 26.173
405405 7.5548e+006 26.148
405405 7.5548e+006 26.123
405404 7.5548e+006 26.1228
405404 7.5548e+006 26.1478
405404 7.5548e+006 26.1478
405405 7.5548e+006 26.148
405405 7.5548e+006 26.123
405405 7.5548e+006 26.148
405404 7.5548e+006 26.1478
405404 7.5548e+006 26.1228
405404 7.5548e+006 26.1228
405405 7.5548e+006 26.123
405405 7.5548e+006 26.148
405405 7.5548e+006 26.173
405404 7.5548e+006 26.1728
405404 7.5548e+006 26.1478
405404 7.5548e+006 26.1478
405405 7.5548e+006 26.148
405405 7.5548e+006 26.173
405401 7.5548e+006 25.6098
405404 7.5548e+006 25.6133
405404 7.5548e+006 25.6383
405404 7.5548e+006 25.6383
405401 7.5548e+006 25.6348
405401 7.5548e+006 25.6098
405401 7.5548e+006 25.5848
405404 7.5548e+006 25.5883
405404 7.5548e+006 25.6133
405404 7.5548e+006 25.6133
405401 7.5548e+006 25.6098
405401 7.5548e+006 25.5848
405401 7.5548e+006 25.6098
405404 7.5548e+006 25.6133
405404 7.5548e+006 25.5883
405404 7.5548e+006 25.5883
405401 7.5548e+006 25.5848
405401 7.5548e+006 25.6098
405401 7.5548e+006 25.6348
405404 7.5548e+006 25.6383
405404 7.5548e+006 25.6133
405404 7.5548e+006 25.6133
405401 7.5548e+006 25.6098
405401 7.5548e+006 25.6348
405401 7.5548e+006 26.1443
405404 7.5548e+006 26.1478
405404 7.5548e+006 26.1728
405404 7.5548e+006 26.1728
405401 7.5548e+006 26.1693
405401 7.5548e+006 26.1443
405401 7.5548e+006 26.1193
405404 7.5548e+006 26.1228
405404 7.5548e+006 26.1478
405404 7.5548e+006 26.1478
405401 7.5548e+006 26.1443
405401 7.5548e+006 26.1193
405401 7.5548e+006 26.1443
405404 7.5548e+006 26.1478
405404 7.5548e+006 26.1228
405404 7.5548e+006 26.1228
405401 7.5548e+006 26.1193
405401 7.5548e+006 26.1443
405401 7.5548e+006 26.1693
405404 7.5548e+006 26.1728
405404 7.5548e+006 26.1478
405404 7.5548e+006 26.1478
405401 7.5548e+006 26.1443
405401 7.5548e+006 26.1693
405401 7.5548e+006 25.6098
405401 7.5548e+006 25.0598
405401 7.5548e+006 25.0598
405401 7.5548e+006 25.0598
405401 7.5548e+006 25.6098
405401 7.5548e+006 25.6098
405401 7.5548e+006 25.6098
405401 7.5548e+006 25.0598
405401 7.5548e+006 25.0598
405401 7.5548e+006 25.0598
405401 7.5548e+006 25.6098
405401 7.5548e+006 25.6098
405401 7.5548e+006 25.6098
405401 7.5548e+006 25.0598
405401 7.5548e+006 25.0598
405401 7.5548e+006 25.0598
405401 7.5548e+006 25.6098
405401 7.5548e+006 25.6098
405401 7.5548e+006 25.6098
405401 7.5548e+006 25.0598
405401 7.5548e+006 25.0598
405401 7.5548e+006 25.0598
405401 7.5548e+006 25.6098
405401 7.5548e+006 25.6098
405401 7.5548e+006 25.6098
405401 7.5548e+006 26.1598
405401 7.5548e+006 26.1598
405401 7.5548e+006 26.1598
405401 7.5548e+006 25.6098
405401 7.5548e+006 25.6098
405401 7.5548e+006 25.6098
405401 7.5548e+006 26.1598
405401 7.5548e+006 26.1598
405401 7.5548e+006 26.1598
405401 7.5548e+006 25.6098
405401 7.5548e+006 25.6098
405401 7.5548e+006 25.6098
405401 7.5548e+006 26.1598
405401 7.5548e+006 26.1598
405401 7.5548e+006 26.1598
405401 7.5548e+006 25.6098
405401 7.5548e+006 25.6098
405401 7.5548e+006 25.6098
405401 7.5548e+006 26.1598
405401 7.5548e+006 26.1598
405401 7.5548e+006 26.1598
405401 7.5548e+006 25.6098
405401 7.5548e+006 25.6098
