405433 7.55478e+006 25.6234
405433 7.55478e+006 25.6234
405433 7.55478e+006 25.0734
405433 7.55478e+006 25.0734
405433 7.55478e+006 25.0734
405433 7.55478e+006 25.6234
405433 7.55478e+006 25.6234
405433 7.55478e+006 25.6234
405433 7.55478e+006 25.0734
405433 7.55478e+006 25.0734
405433 7.55478e+006 25.0734
405433 7.55478e+006 25.6234
405433 7.55478e+006 25.6234
405433 7.55478e+006 25.6234
405433 7.55478e+006 25.0734
405433 7.55478e+006 25.0734
405433 7.55478e+006 25.0734
405433 7.55478e+006 25.6234
405433 7.55478e+006 25.6234
405433 7.55478e+006 25.6234
405433 7.55478e+006 25.0734
405433 7.55478e+006 25.0734
405433 7.55478e+006 25.0734
405433 7.55478e+006 25.6234
405433 7.55478e+006 25.6234
405433 7.55478e+006 25.6234
405433 7.55478e+006 26.1734
405433 7.55478e+006 26.1734
405433 7.55478e+006 26.1734
405433 7.55478e+006 25.6234
405433 7.55478e+006 25.6234
405433 7.55478e+006 25.6234
405433 7.55478e+006 26.1734
405433 7.55478e+006 26.1734
405433 7.55478e+006 26.1734
405433 7.55478e+006 25.6234
405433 7.55478e+006 25.6234
405433 7.55478e+006 25.6234
405433 7.55478e+006 26.1734
405433 7.55478e+006 26.1734
405433 7.55478e+006 26.1734
405433 7.55478e+006 25.6234
405433 7.55478e+006 25.6234
405433 7.55478e+006 25.6234
405433 7.55478e+006 26.1734
405433 7.55478e+006 26.1734
405433 7.55478e+006 26.1734
405433 7.55478e+006 25.6234
405434 7.55478e+006 25.6236
405434 7.55478e+006 25.6486
405433 7.55478e+006 25.6484
405433 7.55478e+006 25.6484
405433 7.55478e+006 25.6234
405434 7.55478e+006 25.6236
405434 7.55478e+006 25.5986
405434 7.55478e+006 25.6236
405433 7.55478e+006 25.6234
405433 7.55478e+006 25.6234
405433 7.55478e+006 25.5984
405434 7.55478e+006 25.5986
405434 7.55478e+006 25.6236
405434 7.55478e+006 25.5986
405433 7.55478e+006 25.5984
405433 7.55478e+006 25.5984
405433 7.55478e+006 25.6234
405434 7.55478e+006 25.6236
405434 7.55478e+006 25.6486
405434 7.55478e+006 25.6236
405433 7.55478e+006 25.6234
405433 7.55478e+006 25.6234
405433 7.55478e+006 25.6484
405434 7.55478e+006 25.6486
405434 7.55478e+006 26.1581
405434 7.55478e+006 26.1831
405433 7.55478e+006 26.1829
405433 7.55478e+006 26.1829
405433 7.55478e+006 26.1579
405434 7.55478e+006 26.1581
405434 7.55478e+006 26.1331
405434 7.55478e+006 26.1581
405433 7.55478e+006 26.1579
405433 7.55478e+006 26.1579
405433 7.55478e+006 26.1329
405434 7.55478e+006 26.1331
405434 7.55478e+006 26.1581
405434 7.55478e+006 26.1331
405433 7.55478e+006 26.1329
405433 7.55478e+006 26.1329
405433 7.55478e+006 26.1579
405434 7.55478e+006 26.1581
405434 7.55478e+006 26.1831
405434 7.55478e+006 26.1581
405433 7.55478e+006 26.1579
405433 7.55478e+006 26.1579
405433 7.55478e+006 26.1829
405434 7.55478e+006 26.1831
405436 7.55478e+006 25.6234
405436 7.55478e+006 25.6484
405433 7.55478e+006 25.6484
405433 7.55478e+006 25.6484
405433 7.55478e+006 25.6234
405436 7.55478e+006 25.6234
405436 7.55478e+006 25.5984
405436 7.55478e+006 25.6234
405433 7.55478e+006 25.6234
405433 7.55478e+006 25.6234
405433 7.55478e+006 25.5984
405436 7.55478e+006 25.5984
405436 7.55478e+006 25.6234
405436 7.55478e+006 25.5984
405433 7.55478e+006 25.5984
405433 7.55478e+006 25.5984
405433 7.55478e+006 25.6234
405436 7.55478e+006 25.6234
405436 7.55478e+006 25.6484
405436 7.55478e+006 25.6234
405433 7.55478e+006 25.6234
405433 7.55478e+006 25.6234
405433 7.55478e+006 25.6484
405436 7.55478e+006 25.6484
405436 7.55478e+006 26.1579
405436 7.55478e+006 26.1829
405433 7.55478e+006 26.1829
405433 7.55478e+006 26.1829
405433 7.55478e+006 26.1579
405436 7.55478e+006 26.1579
405436 7.55478e+006 26.1329
405436 7.55478e+006 26.1579
405433 7.55478e+006 26.1579
405433 7.55478e+006 26.1579
405433 7.55478e+006 26.1329
405436 7.55478e+006 26.1329
405436 7.55478e+006 26.1579
405436 7.55478e+006 26.1329
405433 7.55478e+006 26.1329
405433 7.55478e+006 26.1329
405433 7.55478e+006 26.1579
405436 7.55478e+006 26.1579
405436 7.55478e+006 26.1829
405436 7.55478e+006 26.1579
405433 7.55478e+006 26.1579
405433 7.55478e+006 26.1579
405433 7.55478e+006 26.1829
405436 7.55478e+006 26.1829
405436 7.55478e+006 25.6234
405436 7.55478e+006 25.6234
405436 7.55478e+006 25.0734
405436 7.55478e+006 25.0734
405436 7.55478e+006 25.0734
405436 7.55478e+006 25.6234
405436 7.55478e+006 25.6234
405436 7.55478e+006 25.6234
405436 7.55478e+006 25.0734
405436 7.55478e+006 25.0734
405436 7.55478e+006 25.0734
405436 7.55478e+006 25.6234
405436 7.55478e+006 25.6234
405436 7.55478e+006 25.6234
405436 7.55478e+006 25.0734
405436 7.55478e+006 25.0734
405436 7.55478e+006 25.0734
405436 7.55478e+006 25.6234
405436 7.55478e+006 25.6234
405436 7.55478e+006 25.6234
405436 7.55478e+006 25.0734
405436 7.55478e+006 25.0734
405436 7.55478e+006 25.0734
405436 7.55478e+006 25.6234
405436 7.55478e+006 25.6234
405436 7.55478e+006 25.6234
405436 7.55478e+006 26.1734
405436 7.55478e+006 26.1734
405436 7.55478e+006 26.1734
405436 7.55478e+006 25.6234
405436 7.55478e+006 25.6234
405436 7.55478e+006 25.6234
405436 7.55478e+006 26.1734
405436 7.55478e+006 26.1734
405436 7.55478e+006 26.1734
405436 7.55478e+006 25.6234
405436 7.55478e+006 25.6234
405436 7.55478e+006 25.6234
405436 7.55478e+006 26.1734
405436 7.55478e+006 26.1734
405436 7.55478e+006 26.1734
405436 7.55478e+006 25.6234
405436 7.55478e+006 25.6234
405436 7.55478e+006 25.6234
405436 7.55478e+006 26.1734
405436 7.55478e+006 26.1734
405436 7.55478e+006 26.1734
405436 7.55478e+006 25.6234
