405454 7.5548e+006 52.0045
405454 7.5548e+006 51.9012
405454 7.5548e+006 51.9926
405454 7.5548e+006 51.9926
405454 7.5548e+006 52.0958
405454 7.5548e+006 52.0045
405454 7.5548e+006 52.0045
405454 7.5548e+006 52.0958
405454 7.5548e+006 51.9926
405454 7.5548e+006 51.9926
405454 7.5548e+006 51.9012
405454 7.5548e+006 52.0045
405454 7.5548e+006 52.0045
405454 7.5548e+006 52.0045
405454 7.5548e+006 51.9012
405454 7.5548e+006 51.9012
405454 7.5548e+006 51.9012
405454 7.5548e+006 52.0045
405454 7.5548e+006 51.9012
405454 7.5548e+006 51.9012
405454 7.5548e+006 51.9926
405454 7.5548e+006 51.9926
405454 7.5548e+006 51.9926
405454 7.5548e+006 51.9012
405454 7.5548e+006 51.9926
405454 7.5548e+006 51.9926
405454 7.5548e+006 52.0958
405454 7.5548e+006 52.0958
405454 7.5548e+006 52.0958
405454 7.5548e+006 51.9926
405454 7.5548e+006 52.0958
405454 7.5548e+006 52.0958
405454 7.5548e+006 52.0045
405454 7.5548e+006 52.0045
405454 7.5548e+006 52.0045
405454 7.5548e+006 52.0958
405445 7.55475e+006 48.9795
405445 7.55475e+006 52.382
405445 7.55475e+006 52.3828
405445 7.55475e+006 52.3828
405445 7.55475e+006 48.9803
405445 7.55475e+006 48.9795
405445 7.55475e+006 48.978
405445 7.55475e+006 52.3805
405445 7.55475e+006 52.382
405445 7.55475e+006 52.382
405445 7.55475e+006 48.9795
405445 7.55475e+006 48.978
405445 7.55475e+006 48.9772
405445 7.55475e+006 52.3797
405445 7.55475e+006 52.3805
405445 7.55475e+006 52.3805
405445 7.55475e+006 48.978
405445 7.55475e+006 48.9772
405445 7.55475e+006 48.978
405445 7.55475e+006 52.3805
405445 7.55475e+006 52.3797
405445 7.55475e+006 52.3797
405445 7.55475e+006 48.9772
405445 7.55475e+006 48.978
405445 7.55475e+006 48.9795
405445 7.55475e+006 52.382
405445 7.55475e+006 52.3805
405445 7.55475e+006 52.3805
405445 7.55475e+006 48.978
405445 7.55475e+006 48.9795
405445 7.55475e+006 48.9803
405445 7.55475e+006 52.3828
405445 7.55475e+006 52.382
405445 7.55475e+006 52.382
405445 7.55475e+006 48.9795
405445 7.55475e+006 48.9803
405445 7.55475e+006 52.3805
405445 7.55475e+006 52.382
405445 7.55475e+006 52.3828
405445 7.55475e+006 52.3797
405445 7.55475e+006 52.3805
405445 7.55475e+006 52.3828
405445 7.55475e+006 52.3805
405445 7.55475e+006 52.3797
405445 7.55475e+006 52.3828
405445 7.55475e+006 52.382
405445 7.55475e+006 52.3805
405445 7.55475e+006 52.3828
405445 7.55475e+006 48.978
405445 7.55475e+006 48.9795
405445 7.55475e+006 48.9803
405445 7.55475e+006 48.9803
405445 7.55475e+006 48.978
405445 7.55475e+006 48.9772
405445 7.55475e+006 48.9772
405445 7.55475e+006 48.978
405445 7.55475e+006 48.9803
405445 7.55475e+006 48.9795
405445 7.55475e+006 48.978
405445 7.55475e+006 48.9803
