400357 7.55245e+006 21.2342
400357 7.55246e+006 21.2342
400389 7.55246e+006 21.2342
400389 7.55246e+006 21.2342
400389 7.55245e+006 21.2342
400357 7.55245e+006 21.2342
400357 7.55245e+006 21.3316
400357 7.55245e+006 21.2342
400389 7.55245e+006 21.2342
400389 7.55245e+006 21.2342
400389 7.55245e+006 21.3316
400357 7.55245e+006 21.3316
400389 7.55245e+006 21.3316
400389 7.55245e+006 21.2342
400389 7.55246e+006 21.2342
400389 7.55246e+006 21.2342
400389 7.55246e+006 21.3316
400389 7.55245e+006 21.3316
400389 7.55246e+006 21.3316
400389 7.55246e+006 21.2342
400357 7.55246e+006 21.2342
400357 7.55246e+006 21.2342
400357 7.55246e+006 21.3316
400389 7.55246e+006 21.3316
400357 7.55246e+006 21.3316
400357 7.55246e+006 21.2342
400357 7.55245e+006 21.2342
400357 7.55245e+006 21.2342
400357 7.55245e+006 21.3316
400357 7.55246e+006 21.3316
400355 7.55248e+006 21.3316
400355 7.55248e+006 21.1968
400355 7.55247e+006 21.1968
400355 7.55247e+006 21.1968
400355 7.55247e+006 21.3316
400355 7.55248e+006 21.3316
400387 7.55247e+006 21.3316
400387 7.55247e+006 21.1968
400389 7.55247e+006 21.1968
400389 7.55247e+006 21.1968
400389 7.55247e+006 21.3316
400387 7.55247e+006 21.3316
400387 7.55247e+006 21.3316
400387 7.55247e+006 21.1968
400387 7.55247e+006 21.1968
400387 7.55247e+006 21.1968
400387 7.55247e+006 21.3316
400387 7.55247e+006 21.3316
400387 7.55247e+006 21.3316
400389 7.55247e+006 21.3316
400389 7.55247e+006 21.1968
400389 7.55247e+006 21.1968
400387 7.55247e+006 21.1968
400387 7.55247e+006 21.3316
400389 7.55246e+006 21.3316
400389 7.55246e+006 21.1968
400389 7.55247e+006 21.1968
400389 7.55247e+006 21.1968
400389 7.55247e+006 21.3316
400389 7.55246e+006 21.3316
400357 7.55246e+006 21.3316
400357 7.55247e+006 21.3316
400357 7.55247e+006 21.1968
400357 7.55247e+006 21.1968
400357 7.55246e+006 21.1968
400357 7.55246e+006 21.3316
400355 7.55247e+006 21.3316
400355 7.55247e+006 21.1968
400357 7.55247e+006 21.1968
400357 7.55247e+006 21.1968
400357 7.55247e+006 21.3316
400355 7.55247e+006 21.3316
400353 7.55247e+006 21.3316
400353 7.55247e+006 21.3316
400353 7.55247e+006 21.1968
400353 7.55247e+006 21.1968
400353 7.55247e+006 21.1968
400353 7.55247e+006 21.3316
400355 7.55247e+006 21.1968
400355 7.55248e+006 21.1968
400357 7.55247e+006 21.1968
400387 7.55247e+006 21.1968
400389 7.55248e+006 21.1968
400389 7.55247e+006 21.1968
400357 7.55247e+006 21.1968
400355 7.55248e+006 21.1968
400389 7.55248e+006 21.1968
400389 7.55248e+006 21.1968
400387 7.55247e+006 21.1968
400357 7.55247e+006 21.1968
400387 7.55247e+006 21.1968
400357 7.55247e+006 21.1968
400357 7.55247e+006 21.1968
400357 7.55247e+006 21.1968
400387 7.55247e+006 21.1968
400387 7.55247e+006 21.1968
400387 7.55247e+006 21.1968
400389 7.55246e+006 21.1968
400357 7.55246e+006 21.1968
400357 7.55246e+006 21.1968
400357 7.55247e+006 21.1968
400387 7.55247e+006 21.1968
400387 7.55247e+006 21.1968
400389 7.55247e+006 21.1968
400389 7.55246e+006 21.1968
400357 7.55247e+006 21.1968
400355 7.55247e+006 21.1968
400353 7.55247e+006 21.1968
400353 7.55247e+006 21.1968
400357 7.55247e+006 21.1968
400357 7.55247e+006 21.1968
400355 7.55247e+006 21.1968
400355 7.55247e+006 21.1968
400353 7.55247e+006 21.1968
400353 7.55247e+006 21.1968
400353 7.55247e+006 21.1968
400355 7.55247e+006 21.1968
400357 7.55247e+006 21.1968
400357 7.55247e+006 21.1968
400387 7.55247e+006 21.1968
400389 7.55248e+006 21.3316
400389 7.55247e+006 21.3316
400389 7.55247e+006 21.1968
400389 7.55247e+006 21.1968
400389 7.55248e+006 21.1968
400389 7.55248e+006 21.3316
400357 7.55247e+006 21.3316
400355 7.55247e+006 21.3316
400355 7.55247e+006 21.1968
400355 7.55247e+006 21.1968
400357 7.55247e+006 21.1968
400357 7.55247e+006 21.3316
400357 7.55247e+006 21.3316
400357 7.55247e+006 21.3316
400357 7.55247e+006 21.1968
400357 7.55247e+006 21.1968
400357 7.55247e+006 21.1968
400357 7.55247e+006 21.3316
400353 7.55247e+006 21.1968
400353 7.55247e+006 21.3316
400357 7.55247e+006 21.3316
400357 7.55247e+006 21.3316
400357 7.55247e+006 21.1968
400353 7.55247e+006 21.1968
400355 7.55247e+006 21.3316
400355 7.55247e+006 21.3316
400355 7.55247e+006 21.1968
400355 7.55247e+006 21.1968
400355 7.55247e+006 21.1968
400355 7.55247e+006 21.3316
400355 7.55247e+006 21.3316
400353 7.55247e+006 21.3316
400353 7.55247e+006 21.1968
400353 7.55247e+006 21.1968
400355 7.55247e+006 21.1968
400355 7.55247e+006 21.3316
400355 7.55248e+006 21.1968
400355 7.55248e+006 21.3316
400389 7.55248e+006 21.3316
400389 7.55248e+006 21.3316
400389 7.55248e+006 21.1968
400355 7.55248e+006 21.1968
400389 7.55246e+006 21.3316
400357 7.55246e+006 21.3316
400357 7.55246e+006 21.1968
400357 7.55246e+006 21.1968
400389 7.55246e+006 21.1968
400389 7.55246e+006 21.3316
400357 7.55244e+006 21.3309
400357 7.55245e+006 21.3309
400357 7.55245e+006 21.1967
400357 7.55245e+006 21.1967
400357 7.55244e+006 21.1967
400357 7.55244e+006 21.3309
400389 7.55243e+006 21.3309
400389 7.55243e+006 21.3309
400389 7.55243e+006 21.1967
400389 7.55243e+006 21.1967
400389 7.55243e+006 21.1967
400389 7.55243e+006 21.3309
400387 7.55243e+006 21.3309
400357 7.55243e+006 21.3309
400357 7.55243e+006 21.1967
400357 7.55243e+006 21.1967
400387 7.55243e+006 21.1967
400387 7.55243e+006 21.3309
400357 7.55243e+006 21.3309
400357 7.55243e+006 21.3309
400357 7.55243e+006 21.1967
400357 7.55243e+006 21.1967
400357 7.55243e+006 21.1967
400357 7.55243e+006 21.3309
400357 7.55243e+006 21.3309
400357 7.55243e+006 21.3309
400357 7.55243e+006 21.1967
400357 7.55243e+006 21.1967
400357 7.55243e+006 21.1967
400357 7.55243e+006 21.3309
400389 7.55243e+006 21.3309
400389 7.55243e+006 21.3309
400389 7.55243e+006 21.1967
400389 7.55243e+006 21.1967
400389 7.55243e+006 21.1967
400389 7.55243e+006 21.3309
400389 7.55244e+006 21.3309
400389 7.55244e+006 21.3309
400389 7.55244e+006 21.1967
400389 7.55244e+006 21.1967
400389 7.55244e+006 21.1967
400389 7.55244e+006 21.3309
400387 7.55243e+006 21.3309
400389 7.55243e+006 21.3309
400389 7.55243e+006 21.1967
400389 7.55243e+006 21.1967
400387 7.55243e+006 21.1967
400387 7.55243e+006 21.3309
400389 7.55243e+006 21.3309
400389 7.55243e+006 21.3309
400389 7.55243e+006 21.1967
400389 7.55243e+006 21.1967
400389 7.55243e+006 21.1967
400389 7.55243e+006 21.3309
400357 7.55243e+006 21.3309
400357 7.55244e+006 21.3309
400357 7.55244e+006 21.1967
400357 7.55244e+006 21.1967
400357 7.55243e+006 21.1967
400357 7.55243e+006 21.3309
400389 7.55244e+006 21.3309
400387 7.55244e+006 21.3309
400387 7.55244e+006 21.1967
400387 7.55244e+006 21.1967
400389 7.55244e+006 21.1967
400389 7.55244e+006 21.3309
400389 7.55244e+006 21.3309
400389 7.55244e+006 21.3309
400389 7.55244e+006 21.1967
400389 7.55244e+006 21.1967
400389 7.55244e+006 21.1967
400389 7.55244e+006 21.3309
400389 7.55243e+006 21.3309
400387 7.55243e+006 21.3309
400387 7.55243e+006 21.1967
400387 7.55243e+006 21.1967
400389 7.55243e+006 21.1967
400389 7.55243e+006 21.3309
400387 7.55244e+006 21.3309
400387 7.55243e+006 21.3309
400387 7.55243e+006 21.1967
400387 7.55243e+006 21.1967
400387 7.55244e+006 21.1967
400387 7.55244e+006 21.3309
400357 7.55243e+006 21.3309
400355 7.55243e+006 21.3309
400355 7.55243e+006 21.1967
400355 7.55243e+006 21.1967
400357 7.55243e+006 21.1967
400357 7.55243e+006 21.3309
400355 7.55243e+006 21.3309
400357 7.55243e+006 21.3309
400357 7.55243e+006 21.1967
400357 7.55243e+006 21.1967
400355 7.55243e+006 21.1967
400355 7.55243e+006 21.3309
400355 7.55243e+006 21.3309
400355 7.55243e+006 21.3309
400355 7.55243e+006 21.1967
400355 7.55243e+006 21.1967
400355 7.55243e+006 21.1967
400355 7.55243e+006 21.3309
400357 7.55244e+006 21.3309
400355 7.55244e+006 21.3309
400355 7.55244e+006 21.1967
400355 7.55244e+006 21.1967
400357 7.55244e+006 21.1967
400357 7.55244e+006 21.3309
400355 7.55244e+006 21.3309
400357 7.55244e+006 21.3309
400357 7.55244e+006 21.1967
400357 7.55244e+006 21.1967
400355 7.55244e+006 21.1967
400355 7.55244e+006 21.3309
400355 7.55244e+006 21.3309
400355 7.55244e+006 21.3309
400355 7.55244e+006 21.1967
400355 7.55244e+006 21.1967
400355 7.55244e+006 21.1967
400355 7.55244e+006 21.3309
400357 7.55244e+006 21.3309
400357 7.55244e+006 21.3309
400357 7.55244e+006 21.1967
400357 7.55244e+006 21.1967
400357 7.55244e+006 21.1967
400357 7.55244e+006 21.3309
400389 7.55244e+006 21.3309
400389 7.55244e+006 21.3309
400389 7.55244e+006 21.1967
400389 7.55244e+006 21.1967
400389 7.55244e+006 21.1967
400389 7.55244e+006 21.3309
400389 7.55244e+006 21.1967
400389 7.55245e+006 21.1967
400389 7.55245e+006 21.3309
400389 7.55245e+006 21.3309
400389 7.55244e+006 21.3309
400389 7.55244e+006 21.1967
400356 7.55244e+006 21.3309
400357 7.55244e+006 21.3309
400357 7.55244e+006 21.1967
400357 7.55244e+006 21.1967
400356 7.55244e+006 21.1967
400356 7.55244e+006 21.3309
400357 7.55244e+006 21.3309
400356 7.55244e+006 21.3309
400356 7.55244e+006 21.1967
400356 7.55244e+006 21.1967
400357 7.55244e+006 21.1967
400357 7.55244e+006 21.3309
400356 7.55244e+006 21.3309
400356 7.55244e+006 21.3309
400356 7.55244e+006 21.1967
400356 7.55244e+006 21.1967
400356 7.55244e+006 21.1967
400356 7.55244e+006 21.3309
400387 7.55245e+006 21.1967
400389 7.55245e+006 21.1967
400389 7.55244e+006 21.1967
400389 7.55244e+006 21.1967
400389 7.55244e+006 21.1967
400387 7.55244e+006 21.1967
400389 7.55244e+006 21.1967
400389 7.55244e+006 21.1967
400387 7.55244e+006 21.1967
400387 7.55243e+006 21.1967
400389 7.55243e+006 21.1967
400389 7.55243e+006 21.1967
400387 7.55243e+006 21.1967
400389 7.55243e+006 21.1967
400389 7.55243e+006 21.1967
400389 7.55243e+006 21.1967
400389 7.55243e+006 21.1967
400387 7.55243e+006 21.1967
400387 7.55243e+006 21.1967
400357 7.55243e+006 21.1967
400357 7.55243e+006 21.1967
400389 7.55243e+006 21.1967
400387 7.55243e+006 21.1967
400357 7.55243e+006 21.1967
400387 7.55243e+006 21.1967
400389 7.55243e+006 21.1967
400357 7.55243e+006 21.1967
400387 7.55244e+006 21.1967
400387 7.55243e+006 21.1967
400357 7.55243e+006 21.1967
400389 7.55244e+006 21.1967
400387 7.55244e+006 21.1967
400357 7.55243e+006 21.1967
400357 7.55243e+006 21.1967
400355 7.55243e+006 21.1967
400355 7.55243e+006 21.1967
400357 7.55243e+006 21.1967
400355 7.55243e+006 21.1967
400357 7.55243e+006 21.1967
400389 7.55244e+006 21.1967
400357 7.55243e+006 21.1967
400357 7.55243e+006 21.1967
400389 7.55244e+006 21.1967
400357 7.55243e+006 21.1967
400357 7.55243e+006 21.1967
400389 7.55244e+006 21.1967
400357 7.55243e+006 21.1967
400357 7.55244e+006 21.1967
400357 7.55244e+006 21.1967
400355 7.55244e+006 21.1967
400355 7.55244e+006 21.1967
400357 7.55244e+006 21.1967
400355 7.55244e+006 21.1967
400357 7.55244e+006 21.1967
400389 7.55244e+006 21.1967
400357 7.55244e+006 21.1967
400357 7.55244e+006 21.1967
400389 7.55244e+006 21.1967
400357 7.55244e+006 21.1967
400357 7.55244e+006 21.1967
400357 7.55244e+006 21.1967
400356 7.55244e+006 21.1967
400356 7.55244e+006 21.1967
400357 7.55244e+006 21.1967
400356 7.55244e+006 21.1967
400357 7.55244e+006 21.1967
400389 7.55244e+006 21.1967
400357 7.55244e+006 21.1967
400357 7.55244e+006 21.1967
400389 7.55244e+006 21.1967
400389 7.55244e+006 21.1967
400357 7.55244e+006 21.1967
400387 7.55245e+006 21.1967
400389 7.55244e+006 21.1967
400357 7.55244e+006 21.1967
400357 7.55245e+006 21.1967
400387 7.55245e+006 21.1967
400357 7.55244e+006 21.1967
400387 7.55245e+006 21.1967
400357 7.55245e+006 21.1967
400357 7.55245e+006 21.3309
400389 7.55245e+006 21.1967
400387 7.55245e+006 21.1967
400357 7.55245e+006 21.3309
400389 7.55245e+006 21.1967
400357 7.55245e+006 21.3309
400387 7.55245e+006 21.3309
400389 7.55245e+006 21.3309
400389 7.55245e+006 21.1967
400387 7.55245e+006 21.3309
