405423 7.55479e+006 21.8881
405424 7.55479e+006 21.8882
405424 7.55479e+006 21.7382
405424 7.55479e+006 21.7382
405423 7.55479e+006 21.7381
405423 7.55479e+006 21.8881
405421 7.55479e+006 21.7354
405421 7.55479e+006 21.7355
405421 7.55479e+006 21.8855
405421 7.55479e+006 21.8855
405421 7.55479e+006 21.8854
405421 7.55479e+006 21.7354
405423 7.55479e+006 21.8881
405423 7.55479e+006 21.7381
405421 7.55479e+006 21.7354
405421 7.55479e+006 21.7354
405421 7.55479e+006 21.8854
405423 7.55479e+006 21.8881
405424 7.55479e+006 21.8882
405423 7.55479e+006 21.8881
405421 7.55479e+006 21.8854
405421 7.55479e+006 21.8854
405421 7.55479e+006 21.8855
405424 7.55479e+006 21.8882
405424 7.55479e+006 21.7382
405424 7.55479e+006 21.8882
405421 7.55479e+006 21.8855
405421 7.55479e+006 21.8855
405421 7.55479e+006 21.7355
405424 7.55479e+006 21.7382
