405467 7.55482e+006 19.9108
405466 7.55482e+006 19.9108
405461 7.55482e+006 19.9108
405461 7.55482e+006 19.9108
405462 7.55482e+006 19.9108
405467 7.55482e+006 19.9108
405467 7.55482e+006 22.3436
405462 7.55482e+006 22.3436
405461 7.55482e+006 22.3436
405461 7.55482e+006 22.3436
405466 7.55482e+006 22.3436
405467 7.55482e+006 22.3436
405467 7.55482e+006 19.9108
405462 7.55482e+006 19.9108
405462 7.55482e+006 22.3436
405462 7.55482e+006 22.3436
405467 7.55482e+006 22.3436
405467 7.55482e+006 19.9108
405462 7.55482e+006 19.9108
405461 7.55482e+006 19.9108
405461 7.55482e+006 22.3436
405461 7.55482e+006 22.3436
405462 7.55482e+006 22.3436
405462 7.55482e+006 19.9108
405461 7.55482e+006 19.9108
405466 7.55482e+006 19.9108
405466 7.55482e+006 22.3436
405466 7.55482e+006 22.3436
405461 7.55482e+006 22.3436
405461 7.55482e+006 19.9108
405466 7.55482e+006 19.9108
405467 7.55482e+006 19.9108
405467 7.55482e+006 22.3436
405467 7.55482e+006 22.3436
405466 7.55482e+006 22.3436
405466 7.55482e+006 19.9108
