405415 7.5548e+006 21.7312
405415 7.5548e+006 21.5812
405414 7.55479e+006 21.581
405414 7.55479e+006 21.581
405414 7.55479e+006 21.731
405415 7.5548e+006 21.7312
405419 7.55479e+006 21.585
405419 7.55479e+006 21.735
405418 7.55479e+006 21.7349
405418 7.55479e+006 21.7349
405418 7.55479e+006 21.5849
405419 7.55479e+006 21.585
405415 7.5548e+006 21.5812
405419 7.55479e+006 21.585
405418 7.55479e+006 21.5849
405418 7.55479e+006 21.5849
405414 7.55479e+006 21.581
405415 7.5548e+006 21.5812
405415 7.5548e+006 21.7312
405419 7.55479e+006 21.735
405419 7.55479e+006 21.585
405419 7.55479e+006 21.585
405415 7.5548e+006 21.5812
405415 7.5548e+006 21.7312
405414 7.55479e+006 21.731
405418 7.55479e+006 21.7349
405419 7.55479e+006 21.735
405419 7.55479e+006 21.735
405415 7.5548e+006 21.7312
405414 7.55479e+006 21.731
405414 7.55479e+006 21.581
405418 7.55479e+006 21.5849
405418 7.55479e+006 21.7349
405418 7.55479e+006 21.7349
405414 7.55479e+006 21.731
405414 7.55479e+006 21.581
