405426 7.55479e+006 34.5027
405426 7.55479e+006 37.8527
405427 7.55479e+006 37.8527
405427 7.55479e+006 37.8527
405427 7.55479e+006 34.5027
405426 7.55479e+006 34.5027
405426 7.55479e+006 37.8527
405426 7.55479e+006 34.5027
405427 7.55479e+006 34.5026
405427 7.55479e+006 34.5026
405427 7.55479e+006 37.8526
405426 7.55479e+006 37.8527
405427 7.55478e+006 34.5026
405427 7.55478e+006 37.8526
405427 7.55479e+006 37.8526
405427 7.55479e+006 37.8526
405427 7.55479e+006 34.5026
405427 7.55478e+006 34.5026
405427 7.55478e+006 37.8526
405427 7.55478e+006 34.5026
405427 7.55478e+006 34.5026
405427 7.55478e+006 34.5026
405427 7.55478e+006 37.8526
405427 7.55478e+006 37.8526
405428 7.55478e+006 34.5026
405428 7.55478e+006 37.8526
405427 7.55478e+006 37.8526
405427 7.55478e+006 37.8526
405427 7.55478e+006 34.5026
405428 7.55478e+006 34.5026
405428 7.55478e+006 37.8526
405428 7.55478e+006 34.5026
405428 7.55478e+006 34.5027
405428 7.55478e+006 34.5027
405428 7.55478e+006 37.8527
405428 7.55478e+006 37.8526
405428 7.55479e+006 34.5027
405428 7.55479e+006 37.8527
405428 7.55478e+006 37.8527
405428 7.55478e+006 37.8527
405428 7.55478e+006 34.5027
405428 7.55479e+006 34.5027
405428 7.55479e+006 37.8527
405428 7.55479e+006 34.5027
405428 7.55479e+006 34.5027
405428 7.55479e+006 34.5027
405428 7.55479e+006 37.8527
405428 7.55479e+006 37.8527
405428 7.55479e+006 34.5027
405428 7.55479e+006 37.8527
405428 7.55479e+006 37.8527
405428 7.55479e+006 37.8527
405428 7.55479e+006 34.5027
405428 7.55479e+006 34.5027
405428 7.55479e+006 37.8527
405428 7.55479e+006 34.5027
405428 7.55479e+006 34.5027
405428 7.55479e+006 34.5027
405428 7.55479e+006 37.8527
405428 7.55479e+006 37.8527
405428 7.55479e+006 34.5027
405428 7.55479e+006 37.8527
405428 7.55479e+006 37.8527
405428 7.55479e+006 37.8527
405428 7.55479e+006 34.5027
405428 7.55479e+006 34.5027
405428 7.55479e+006 37.8527
405428 7.55479e+006 34.5027
405427 7.55479e+006 34.5027
405427 7.55479e+006 34.5027
405427 7.55479e+006 37.8527
405428 7.55479e+006 37.8527
405427 7.55479e+006 37.8527
405427 7.55479e+006 34.5027
405427 7.55479e+006 34.5027
405427 7.55479e+006 34.5027
405427 7.55479e+006 37.8527
405427 7.55479e+006 37.8527
405427 7.55479e+006 34.5027
405427 7.55479e+006 37.8527
405427 7.55479e+006 37.8527
405427 7.55479e+006 37.8527
405427 7.55479e+006 34.5027
405427 7.55479e+006 34.5027
