405386 7.55479e+006 13.912
405385 7.55479e+006 13.912
405380 7.55479e+006 13.912
405380 7.55479e+006 13.912
405381 7.55479e+006 13.912
405386 7.55479e+006 13.912
405386 7.55479e+006 16.3449
405381 7.55479e+006 16.3449
405380 7.55479e+006 16.3449
405380 7.55479e+006 16.3449
405385 7.55479e+006 16.3449
405386 7.55479e+006 16.3449
405386 7.55479e+006 13.912
405381 7.55479e+006 13.912
405381 7.55479e+006 16.3449
405381 7.55479e+006 16.3449
405386 7.55479e+006 16.3449
405386 7.55479e+006 13.912
405381 7.55479e+006 13.912
405380 7.55479e+006 13.912
405380 7.55479e+006 16.3449
405380 7.55479e+006 16.3449
405381 7.55479e+006 16.3449
405381 7.55479e+006 13.912
405380 7.55479e+006 13.912
405385 7.55479e+006 13.912
405385 7.55479e+006 16.3449
405385 7.55479e+006 16.3449
405380 7.55479e+006 16.3449
405380 7.55479e+006 13.912
405385 7.55479e+006 13.912
405386 7.55479e+006 13.912
405386 7.55479e+006 16.3449
405386 7.55479e+006 16.3449
405385 7.55479e+006 16.3449
405385 7.55479e+006 13.912
