405415 7.55479e+006 19.9251
405415 7.55479e+006 23.7202
405419 7.55478e+006 23.7202
405419 7.55478e+006 23.7202
405419 7.55478e+006 19.9251
405415 7.55479e+006 19.9251
405398 7.55479e+006 23.7202
405400 7.55479e+006 23.7202
405400 7.55479e+006 19.9251
405400 7.55479e+006 19.9251
405398 7.55479e+006 19.9251
405398 7.55479e+006 23.7202
405395 7.5548e+006 23.7202
405398 7.55479e+006 23.7202
405398 7.55479e+006 19.9251
405398 7.55479e+006 19.9251
405395 7.5548e+006 19.9251
405395 7.5548e+006 23.7202
405394 7.55479e+006 23.7202
405394 7.55479e+006 19.9206
405390 7.55479e+006 19.8986
405390 7.55479e+006 19.8986
405390 7.55479e+006 23.7202
405394 7.55479e+006 23.7202
405390 7.55478e+006 23.7202
405390 7.55479e+006 23.7202
405390 7.55479e+006 19.8986
405390 7.55479e+006 19.8986
405390 7.55478e+006 19.8986
405390 7.55478e+006 23.7202
405441 7.55477e+006 23.7202
405441 7.55477e+006 19.9251
405441 7.55477e+006 19.9251
405441 7.55477e+006 19.9251
405441 7.55477e+006 23.7202
405441 7.55477e+006 23.7202
405437 7.55476e+006 23.7202
405437 7.55476e+006 23.7202
405437 7.55476e+006 19.9251
405437 7.55476e+006 19.9251
405437 7.55476e+006 19.9251
405437 7.55476e+006 23.7202
405396 7.55478e+006 23.7202
405394 7.55478e+006 23.7202
405394 7.55478e+006 19.9251
405394 7.55478e+006 19.9251
405396 7.55478e+006 19.8973
405396 7.55478e+006 23.7202
405395 7.55478e+006 23.7202
405396 7.55478e+006 23.7202
405396 7.55478e+006 19.8973
405396 7.55478e+006 19.8973
405395 7.55478e+006 19.9251
405395 7.55478e+006 23.7202
405394 7.55478e+006 23.7202
405393 7.55478e+006 23.7202
405393 7.55478e+006 19.9251
405393 7.55478e+006 19.9251
405394 7.55478e+006 19.9251
405394 7.55478e+006 23.7202
405410 7.55478e+006 23.7202
405410 7.55478e+006 19.9251
405414 7.55477e+006 19.9251
405414 7.55477e+006 19.9251
405414 7.55477e+006 23.7202
405410 7.55478e+006 23.7202
405393 7.55478e+006 23.7202
405390 7.55478e+006 23.7202
405390 7.55478e+006 19.8986
405390 7.55478e+006 19.8986
405393 7.55478e+006 19.9251
405393 7.55478e+006 23.7202
405400 7.55479e+006 19.9251
405400 7.55479e+006 23.7202
405408 7.55479e+006 23.7202
405408 7.55479e+006 23.7202
405412 7.55479e+006 19.9251
405400 7.55479e+006 19.9251
405412 7.55479e+006 19.9251
405408 7.55479e+006 23.7202
405415 7.55479e+006 23.7202
405415 7.55479e+006 23.7202
405415 7.55479e+006 19.9251
405412 7.55479e+006 19.9251
405422 7.55478e+006 23.7202
405438 7.55478e+006 23.7202
405434 7.55478e+006 19.9251
405434 7.55478e+006 19.9251
405422 7.55478e+006 19.9251
405422 7.55478e+006 23.7202
405422 7.55478e+006 23.7202
405422 7.55478e+006 19.9251
405419 7.55478e+006 19.9251
405419 7.55478e+006 19.9251
405419 7.55478e+006 23.7202
405422 7.55478e+006 23.7202
405395 7.55478e+006 23.7202
405395 7.55478e+006 19.9251
405407 7.55478e+006 19.9251
405407 7.55478e+006 19.9251
405403 7.55478e+006 23.7202
405395 7.55478e+006 23.7202
405403 7.55478e+006 23.7202
405407 7.55478e+006 19.9251
405410 7.55478e+006 19.9251
405410 7.55478e+006 19.9251
405410 7.55478e+006 23.7202
405403 7.55478e+006 23.7202
405429 7.55477e+006 19.9251
405433 7.55476e+006 23.7202
405417 7.55477e+006 23.7202
405417 7.55477e+006 23.7202
405417 7.55477e+006 19.9251
405429 7.55477e+006 19.9251
405417 7.55477e+006 19.9251
405417 7.55477e+006 23.7202
405414 7.55477e+006 23.7202
405414 7.55477e+006 23.7202
405414 7.55477e+006 19.9251
405417 7.55477e+006 19.9251
405441 7.55477e+006 23.7202
405441 7.55477e+006 19.9251
405435 7.55478e+006 19.9251
405435 7.55478e+006 19.9251
405439 7.55477e+006 23.7202
405441 7.55477e+006 23.7202
405437 7.55476e+006 19.9251
405437 7.55476e+006 23.7202
405434 7.55476e+006 23.7202
405434 7.55476e+006 23.7202
405430 7.55477e+006 19.9251
405437 7.55476e+006 19.9251
405395 7.5548e+006 23.7202
405395 7.5548e+006 19.9251
405394 7.55479e+006 19.9206
405394 7.55479e+006 19.9206
405394 7.55479e+006 23.7202
405395 7.5548e+006 23.7202
405437 7.55476e+006 23.7202
405437 7.55476e+006 19.9251
405441 7.55477e+006 19.9251
405441 7.55477e+006 19.9251
405441 7.55477e+006 23.7202
405437 7.55476e+006 23.7202
405438 7.55478e+006 23.7202
405439 7.55477e+006 23.7202
405435 7.55478e+006 19.9251
405435 7.55478e+006 19.9251
405434 7.55478e+006 19.9251
405438 7.55478e+006 23.7202
405430 7.55477e+006 19.9251
405434 7.55476e+006 23.7202
405433 7.55476e+006 23.7202
405433 7.55476e+006 23.7202
405429 7.55477e+006 19.9251
405430 7.55477e+006 19.9251
405415 7.55479e+006 23.7202
405408 7.55479e+006 23.7202
405408 7.55479e+006 26.9045
405408 7.55479e+006 26.9045
405415 7.55479e+006 26.9045
405415 7.55479e+006 23.7202
405408 7.55479e+006 23.7202
405407 7.55479e+006 23.7202
405407 7.55479e+006 26.9045
405407 7.55479e+006 26.9045
405408 7.55479e+006 26.9045
405408 7.55479e+006 23.7202
405407 7.55479e+006 23.7202
405404 7.55478e+006 23.7202
405404 7.55478e+006 26.9045
405404 7.55478e+006 26.9045
405407 7.55479e+006 26.9045
405407 7.55479e+006 23.7202
405404 7.55478e+006 23.7202
405403 7.55478e+006 23.7202
405403 7.55478e+006 26.9045
405403 7.55478e+006 26.9045
405404 7.55478e+006 26.9045
405404 7.55478e+006 23.7202
405403 7.55478e+006 23.7202
405410 7.55478e+006 23.7202
405410 7.55478e+006 26.9045
405410 7.55478e+006 26.9045
405403 7.55478e+006 26.9045
405403 7.55478e+006 23.7202
405410 7.55478e+006 23.7202
405414 7.55477e+006 23.7202
405414 7.55477e+006 26.9045
405414 7.55477e+006 26.9045
405410 7.55478e+006 26.9045
405410 7.55478e+006 23.7202
405414 7.55477e+006 23.7202
405417 7.55477e+006 23.7202
405417 7.55477e+006 26.9045
405417 7.55477e+006 26.9045
405414 7.55477e+006 26.9045
405414 7.55477e+006 23.7202
405417 7.55477e+006 23.7202
405433 7.55476e+006 23.7202
405433 7.55476e+006 26.9045
405433 7.55476e+006 26.9045
405417 7.55477e+006 26.9045
405417 7.55477e+006 23.7202
405433 7.55476e+006 23.7202
405434 7.55476e+006 23.7202
405434 7.55476e+006 26.9045
405434 7.55476e+006 26.9045
405433 7.55476e+006 26.9045
405433 7.55476e+006 23.7202
405434 7.55476e+006 23.7202
405435 7.55477e+006 23.7202
405435 7.55477e+006 26.9045
405435 7.55477e+006 26.9045
405434 7.55476e+006 26.9045
405434 7.55476e+006 23.7202
405435 7.55477e+006 23.7202
405438 7.55477e+006 23.7202
405438 7.55477e+006 26.9045
405438 7.55477e+006 26.9045
405435 7.55477e+006 26.9045
405435 7.55477e+006 23.7202
405438 7.55477e+006 23.7202
405437 7.55477e+006 23.7202
405437 7.55477e+006 26.9045
405437 7.55477e+006 26.9045
405438 7.55477e+006 26.9045
405438 7.55477e+006 23.7202
405437 7.55477e+006 23.7202
405438 7.55478e+006 23.7202
405438 7.55478e+006 26.9045
405438 7.55478e+006 26.9045
405437 7.55477e+006 26.9045
405437 7.55477e+006 23.7202
405438 7.55478e+006 23.7202
405422 7.55478e+006 23.7202
405422 7.55478e+006 26.9045
405422 7.55478e+006 26.9045
405438 7.55478e+006 26.9045
405438 7.55478e+006 23.7202
405422 7.55478e+006 23.7202
405419 7.55478e+006 23.7202
405419 7.55478e+006 26.9045
405419 7.55478e+006 26.9045
405422 7.55478e+006 26.9045
405422 7.55478e+006 23.7202
405419 7.55478e+006 23.7202
405415 7.55479e+006 23.7202
405415 7.55479e+006 26.9045
405415 7.55479e+006 26.9045
405419 7.55478e+006 26.9045
405419 7.55478e+006 23.7202
405442 7.55477e+006 19.0346
405441 7.55477e+006 19.0346
405441 7.55477e+006 13.9448
405441 7.55477e+006 13.9448
405442 7.55477e+006 13.9448
405442 7.55477e+006 19.0346
405395 7.5548e+006 19.0353
405395 7.5548e+006 19.0346
405395 7.5548e+006 13.9448
405395 7.5548e+006 13.9448
405395 7.5548e+006 13.9454
405395 7.5548e+006 19.0353
405446 7.55478e+006 19.0346
405442 7.55477e+006 19.0346
405442 7.55477e+006 13.9448
405442 7.55477e+006 13.9448
405446 7.55478e+006 13.9449
405446 7.55478e+006 19.0346
405395 7.5548e+006 19.0346
405399 7.5548e+006 19.0346
405399 7.5548e+006 13.9449
405399 7.5548e+006 13.9449
405395 7.5548e+006 13.9448
405395 7.5548e+006 19.0346
405454 7.5548e+006 19.0346
405446 7.55478e+006 19.0346
405446 7.55478e+006 13.9449
405446 7.55478e+006 13.9449
405454 7.5548e+006 13.9447
405454 7.5548e+006 19.0346
405399 7.5548e+006 19.0346
405407 7.55482e+006 19.0346
405407 7.55482e+006 13.9447
405407 7.55482e+006 13.9447
405399 7.5548e+006 13.9449
405399 7.5548e+006 19.0346
405454 7.5548e+006 19.0346
405454 7.5548e+006 13.9447
405463 7.55482e+006 13.9449
405463 7.55482e+006 13.9449
405463 7.55482e+006 19.0346
405454 7.5548e+006 19.0346
405407 7.55482e+006 19.0346
405416 7.55484e+006 19.0346
405416 7.55484e+006 13.9449
405416 7.55484e+006 13.9449
405407 7.55482e+006 13.9447
405407 7.55482e+006 19.0346
405467 7.55483e+006 19.0354
405463 7.55482e+006 19.0346
405463 7.55482e+006 13.9449
405463 7.55482e+006 13.9449
405467 7.55483e+006 13.9453
405467 7.55483e+006 19.0354
405444 7.55484e+006 19.035
405444 7.55484e+006 13.9451
405440 7.55484e+006 13.945
405440 7.55484e+006 13.945
405440 7.55484e+006 19.0349
405444 7.55484e+006 19.035
405423 7.55485e+006 19.0346
405425 7.55485e+006 19.0346
405425 7.55485e+006 13.9449
405425 7.55485e+006 13.9449
405423 7.55485e+006 13.9449
405423 7.55485e+006 19.0346
405420 7.55485e+006 19.0346
405423 7.55485e+006 19.0346
405423 7.55485e+006 13.9449
405423 7.55485e+006 13.9449
405420 7.55485e+006 13.9449
405420 7.55485e+006 19.0346
405416 7.55484e+006 19.0346
405420 7.55485e+006 19.0346
405420 7.55485e+006 13.9449
405420 7.55485e+006 13.9449
405416 7.55484e+006 13.9449
405416 7.55484e+006 19.0346
405441 7.55477e+006 19.0346
405441 7.55477e+006 13.9448
405441 7.55477e+006 13.9448
405441 7.55477e+006 13.9448
405441 7.55477e+006 19.0346
405441 7.55477e+006 19.0346
405437 7.55476e+006 19.0345
405437 7.55476e+006 19.0353
405437 7.55476e+006 13.9451
405437 7.55476e+006 13.9451
405437 7.55476e+006 13.9448
405437 7.55476e+006 19.0345
405394 7.55479e+006 19.029
405394 7.55479e+006 13.9431
405390 7.55479e+006 13.9315
405390 7.55479e+006 13.9315
405390 7.55479e+006 18.9984
405394 7.55479e+006 19.029
405459 7.55483e+006 19.0352
405459 7.55483e+006 13.9453
405448 7.55484e+006 13.9451
405448 7.55484e+006 13.9451
405447 7.55484e+006 19.035
405459 7.55483e+006 19.0352
405447 7.55484e+006 19.035
405448 7.55484e+006 13.9451
405444 7.55484e+006 13.9451
405444 7.55484e+006 13.9451
405444 7.55484e+006 19.035
405447 7.55484e+006 19.035
405425 7.55485e+006 13.9449
405425 7.55485e+006 19.0346
405437 7.55484e+006 19.0349
405437 7.55484e+006 19.0349
405437 7.55484e+006 13.945
405425 7.55485e+006 13.9449
405437 7.55484e+006 13.945
405437 7.55484e+006 19.0349
405440 7.55484e+006 19.0349
405440 7.55484e+006 19.0349
405440 7.55484e+006 13.945
405437 7.55484e+006 13.945
405467 7.55483e+006 19.0354
405467 7.55483e+006 13.9453
405460 7.55483e+006 13.9454
405460 7.55483e+006 13.9454
405460 7.55483e+006 19.0352
405467 7.55483e+006 19.0354
405418 7.55477e+006 13.9449
405417 7.55477e+006 19.0353
405414 7.55477e+006 19.0353
405414 7.55477e+006 19.0353
405414 7.55477e+006 13.9451
405418 7.55477e+006 13.9449
405414 7.55477e+006 13.9451
405414 7.55477e+006 19.0353
405410 7.55478e+006 19.0353
405410 7.55478e+006 19.0353
405411 7.55478e+006 13.9449
405414 7.55477e+006 13.9451
405407 7.55478e+006 13.9451
405407 7.55478e+006 19.0353
405394 7.55478e+006 19.0021
405394 7.55478e+006 19.0021
405394 7.55478e+006 13.9449
405407 7.55478e+006 13.9451
405437 7.55476e+006 13.9451
405437 7.55476e+006 19.0353
405430 7.55477e+006 19.0353
405430 7.55477e+006 19.0353
405430 7.55477e+006 13.9452
405437 7.55476e+006 13.9451
405430 7.55477e+006 19.0353
405429 7.55477e+006 19.0353
405429 7.55477e+006 13.9451
405429 7.55477e+006 13.9451
405430 7.55477e+006 13.9452
405430 7.55477e+006 19.0353
405411 7.55478e+006 13.9449
405410 7.55478e+006 19.0353
405407 7.55478e+006 19.0353
405407 7.55478e+006 19.0353
405407 7.55478e+006 13.9451
405411 7.55478e+006 13.9449
405394 7.55478e+006 13.9449
405394 7.55478e+006 19.0021
405394 7.55478e+006 19.002
405394 7.55478e+006 19.002
405394 7.55478e+006 13.9448
405394 7.55478e+006 13.9449
405394 7.55478e+006 13.9448
405394 7.55478e+006 19.002
405390 7.55478e+006 19.0021
405390 7.55478e+006 19.0021
405390 7.55478e+006 13.9449
405394 7.55478e+006 13.9448
405390 7.55478e+006 13.9449
405390 7.55478e+006 19.0021
405390 7.55479e+006 18.9984
405390 7.55479e+006 18.9984
405390 7.55479e+006 13.9315
405390 7.55478e+006 13.9449
405437 7.55476e+006 19.0345
405437 7.55476e+006 13.9448
405441 7.55477e+006 13.9448
405441 7.55477e+006 13.9448
405441 7.55477e+006 19.0346
405437 7.55476e+006 19.0345
405395 7.5548e+006 19.0353
405395 7.5548e+006 13.9454
405394 7.55479e+006 13.9431
405394 7.55479e+006 13.9431
405394 7.55479e+006 19.029
405395 7.5548e+006 19.0353
405460 7.55483e+006 19.0352
405460 7.55483e+006 13.9454
405459 7.55483e+006 13.9453
405459 7.55483e+006 13.9453
405459 7.55483e+006 19.0352
405460 7.55483e+006 19.0352
405429 7.55477e+006 19.0353
405417 7.55477e+006 19.0353
405418 7.55477e+006 13.9449
405418 7.55477e+006 13.9449
405429 7.55477e+006 13.9451
405429 7.55477e+006 19.0353
