405426 7.55483e+006 30.6255
405426 7.55483e+006 30.0755
405426 7.55484e+006 30.0755
405426 7.55484e+006 30.0755
405426 7.55484e+006 30.6255
405426 7.55483e+006 30.6255
405426 7.55484e+006 30.6254
405426 7.55484e+006 30.0754
405426 7.55483e+006 30.0755
405426 7.55483e+006 30.0755
405426 7.55483e+006 30.6255
405426 7.55484e+006 30.6254
405426 7.55484e+006 30.6255
405426 7.55484e+006 30.0755
405426 7.55484e+006 30.0754
405426 7.55484e+006 30.0754
405426 7.55484e+006 30.6254
405426 7.55484e+006 30.6255
405426 7.55484e+006 30.6255
405426 7.55484e+006 30.0755
405426 7.55484e+006 30.0755
405426 7.55484e+006 30.0755
405426 7.55484e+006 30.6255
405426 7.55484e+006 30.6255
405426 7.55483e+006 30.6255
405426 7.55483e+006 31.1755
405426 7.55484e+006 31.1754
405426 7.55484e+006 31.1754
405426 7.55484e+006 30.6254
405426 7.55483e+006 30.6255
405426 7.55484e+006 30.6255
405426 7.55484e+006 31.1755
405426 7.55483e+006 31.1755
405426 7.55483e+006 31.1755
405426 7.55483e+006 30.6255
405426 7.55484e+006 30.6255
405426 7.55484e+006 30.6255
405426 7.55484e+006 31.1755
405426 7.55484e+006 31.1755
405426 7.55484e+006 31.1755
405426 7.55484e+006 30.6255
405426 7.55484e+006 30.6255
405426 7.55484e+006 30.6254
405426 7.55484e+006 31.1754
405426 7.55484e+006 31.1755
405426 7.55484e+006 31.1755
405426 7.55484e+006 30.6255
405426 7.55484e+006 30.6254
405428 7.55483e+006 30.6174
405428 7.55483e+006 31.1674
405428 7.55483e+006 31.1674
405428 7.55483e+006 31.1674
405428 7.55483e+006 30.6174
405428 7.55483e+006 30.6174
405428 7.55483e+006 30.6175
405428 7.55483e+006 31.1675
405428 7.55483e+006 31.1674
405428 7.55483e+006 31.1674
405428 7.55483e+006 30.6174
405428 7.55483e+006 30.6175
405428 7.55483e+006 30.6174
405428 7.55483e+006 31.1674
405428 7.55483e+006 31.1675
405428 7.55483e+006 31.1675
405428 7.55483e+006 30.6175
405428 7.55483e+006 30.6174
405428 7.55483e+006 30.6174
405428 7.55483e+006 31.1674
405428 7.55483e+006 31.1674
405428 7.55483e+006 31.1674
405428 7.55483e+006 30.6174
405428 7.55483e+006 30.6174
405428 7.55483e+006 30.6174
405428 7.55483e+006 30.0674
405428 7.55483e+006 30.0675
405428 7.55483e+006 30.0675
405428 7.55483e+006 30.6175
405428 7.55483e+006 30.6174
405428 7.55483e+006 30.6174
405428 7.55483e+006 30.0674
405428 7.55483e+006 30.0674
405428 7.55483e+006 30.0674
405428 7.55483e+006 30.6174
405428 7.55483e+006 30.6174
405428 7.55483e+006 30.6174
405428 7.55483e+006 30.0674
405428 7.55483e+006 30.0674
405428 7.55483e+006 30.0674
405428 7.55483e+006 30.6174
405428 7.55483e+006 30.6174
405428 7.55483e+006 30.6175
405428 7.55483e+006 30.0675
405428 7.55483e+006 30.0674
405428 7.55483e+006 30.0674
405428 7.55483e+006 30.6174
405428 7.55483e+006 30.6175
405426 7.55483e+006 30.6098
405428 7.55483e+006 30.6174
405428 7.55483e+006 30.6424
405428 7.55483e+006 30.6424
405426 7.55484e+006 30.6348
405426 7.55483e+006 30.6098
405426 7.55484e+006 30.5848
405428 7.55483e+006 30.5924
405428 7.55483e+006 30.6174
405428 7.55483e+006 30.6174
405426 7.55483e+006 30.6098
405426 7.55484e+006 30.5848
405426 7.55484e+006 30.6098
405428 7.55483e+006 30.6174
405428 7.55483e+006 30.5924
405428 7.55483e+006 30.5924
405426 7.55484e+006 30.5848
405426 7.55484e+006 30.6098
405426 7.55484e+006 30.6348
405428 7.55483e+006 30.6424
405428 7.55483e+006 30.6174
405428 7.55483e+006 30.6174
405426 7.55484e+006 30.6098
405426 7.55484e+006 30.6348
405426 7.55483e+006 31.1598
405428 7.55483e+006 31.1674
405428 7.55483e+006 31.1924
405428 7.55483e+006 31.1924
405426 7.55484e+006 31.1848
405426 7.55483e+006 31.1598
405426 7.55484e+006 31.1348
405428 7.55483e+006 31.1424
405428 7.55483e+006 31.1674
405428 7.55483e+006 31.1674
405426 7.55483e+006 31.1598
405426 7.55484e+006 31.1348
405426 7.55484e+006 31.1598
405428 7.55483e+006 31.1674
405428 7.55483e+006 31.1424
405428 7.55483e+006 31.1424
405426 7.55484e+006 31.1348
405426 7.55484e+006 31.1598
405426 7.55484e+006 31.1848
405428 7.55483e+006 31.1924
405428 7.55483e+006 31.1674
405428 7.55483e+006 31.1674
405426 7.55484e+006 31.1598
405426 7.55484e+006 31.1848
405430 7.55483e+006 30.6194
405430 7.55483e+006 31.1694
405430 7.55483e+006 31.1694
405430 7.55483e+006 31.1694
405430 7.55483e+006 30.6194
405430 7.55483e+006 30.6194
405430 7.55483e+006 30.6195
405430 7.55483e+006 31.1695
405430 7.55483e+006 31.1694
405430 7.55483e+006 31.1694
405430 7.55483e+006 30.6194
405430 7.55483e+006 30.6195
405430 7.55483e+006 30.6194
405430 7.55483e+006 31.1695
405430 7.55483e+006 31.1695
405430 7.55483e+006 31.1695
405430 7.55483e+006 30.6195
405430 7.55483e+006 30.6194
405430 7.55483e+006 30.6194
405430 7.55483e+006 31.1694
405430 7.55483e+006 31.1695
405430 7.55483e+006 31.1695
405430 7.55483e+006 30.6194
405430 7.55483e+006 30.6194
405430 7.55483e+006 30.6194
405430 7.55483e+006 30.0695
405430 7.55483e+006 30.0695
405430 7.55483e+006 30.0695
405430 7.55483e+006 30.6195
405430 7.55483e+006 30.6194
405430 7.55483e+006 30.6194
405430 7.55483e+006 30.0694
405430 7.55483e+006 30.0695
405430 7.55483e+006 30.0695
405430 7.55483e+006 30.6194
405430 7.55483e+006 30.6194
405430 7.55483e+006 30.6194
405430 7.55483e+006 30.0695
405430 7.55483e+006 30.0694
405430 7.55483e+006 30.0694
405430 7.55483e+006 30.6194
405430 7.55483e+006 30.6194
405430 7.55483e+006 30.6195
405430 7.55483e+006 30.0695
405430 7.55483e+006 30.0695
405430 7.55483e+006 30.0695
405430 7.55483e+006 30.6194
405430 7.55483e+006 30.6195
405428 7.55483e+006 30.6163
405430 7.55483e+006 30.6194
405430 7.55483e+006 30.6444
405430 7.55483e+006 30.6444
405428 7.55483e+006 30.6413
405428 7.55483e+006 30.6163
405428 7.55483e+006 30.5913
405430 7.55483e+006 30.5944
405430 7.55483e+006 30.6194
405430 7.55483e+006 30.6194
405428 7.55483e+006 30.6163
405428 7.55483e+006 30.5913
405428 7.55483e+006 30.6163
405430 7.55483e+006 30.6194
405430 7.55483e+006 30.5944
405430 7.55483e+006 30.5944
405428 7.55483e+006 30.5913
405428 7.55483e+006 30.6163
405428 7.55483e+006 30.6413
405430 7.55483e+006 30.6444
405430 7.55483e+006 30.6194
405430 7.55483e+006 30.6194
405428 7.55483e+006 30.6163
405428 7.55483e+006 30.6413
405428 7.55483e+006 31.1663
405430 7.55483e+006 31.1694
405430 7.55483e+006 31.1945
405430 7.55483e+006 31.1945
405428 7.55483e+006 31.1913
405428 7.55483e+006 31.1663
405428 7.55483e+006 31.1413
405430 7.55483e+006 31.1444
405430 7.55483e+006 31.1694
405430 7.55483e+006 31.1694
405428 7.55483e+006 31.1663
405428 7.55483e+006 31.1413
405428 7.55483e+006 31.1663
405430 7.55483e+006 31.1695
405430 7.55483e+006 31.1444
405430 7.55483e+006 31.1444
405428 7.55483e+006 31.1413
405428 7.55483e+006 31.1663
405428 7.55483e+006 31.1913
405430 7.55483e+006 31.1945
405430 7.55483e+006 31.1695
405430 7.55483e+006 31.1695
405428 7.55483e+006 31.1663
405428 7.55483e+006 31.1913
405430 7.55483e+006 30.6201
405428 7.55483e+006 30.6198
405428 7.55483e+006 30.6448
405428 7.55483e+006 30.6448
405430 7.55483e+006 30.6451
405430 7.55483e+006 30.6201
405430 7.55483e+006 30.5951
405428 7.55483e+006 30.5948
405428 7.55483e+006 30.6198
405428 7.55483e+006 30.6198
405430 7.55483e+006 30.6201
405430 7.55483e+006 30.5951
405430 7.55483e+006 30.6201
405428 7.55483e+006 30.6199
405428 7.55483e+006 30.5948
405428 7.55483e+006 30.5948
405430 7.55483e+006 30.5951
405430 7.55483e+006 30.6201
405430 7.55483e+006 30.6451
405428 7.55483e+006 30.6448
405428 7.55483e+006 30.6199
405428 7.55483e+006 30.6199
405430 7.55483e+006 30.6201
405430 7.55483e+006 30.6451
405430 7.55483e+006 31.1546
405428 7.55483e+006 31.1544
405428 7.55483e+006 31.1794
405428 7.55483e+006 31.1794
405430 7.55483e+006 31.1797
405430 7.55483e+006 31.1546
405430 7.55483e+006 31.1297
405428 7.55483e+006 31.1294
405428 7.55483e+006 31.1544
405428 7.55483e+006 31.1544
405430 7.55483e+006 31.1546
405430 7.55483e+006 31.1297
405430 7.55483e+006 31.1547
405428 7.55483e+006 31.1544
405428 7.55483e+006 31.1294
405428 7.55483e+006 31.1294
405430 7.55483e+006 31.1297
405430 7.55483e+006 31.1547
405430 7.55483e+006 31.1797
405428 7.55483e+006 31.1794
405428 7.55483e+006 31.1544
405428 7.55483e+006 31.1544
405430 7.55483e+006 31.1547
405430 7.55483e+006 31.1797
405428 7.55483e+006 30.6192
405428 7.55483e+006 31.1692
405428 7.55483e+006 31.1692
405428 7.55483e+006 31.1692
405428 7.55483e+006 30.6192
405428 7.55483e+006 30.6192
405428 7.55483e+006 30.6192
405428 7.55483e+006 31.1692
405428 7.55483e+006 31.1692
405428 7.55483e+006 31.1692
405428 7.55483e+006 30.6192
405428 7.55483e+006 30.6192
405428 7.55483e+006 30.6192
405428 7.55483e+006 31.1692
405428 7.55483e+006 31.1692
405428 7.55483e+006 31.1692
405428 7.55483e+006 30.6192
405428 7.55483e+006 30.6192
405428 7.55483e+006 30.6192
405428 7.55483e+006 31.1692
405428 7.55483e+006 31.1692
405428 7.55483e+006 31.1692
405428 7.55483e+006 30.6192
405428 7.55483e+006 30.6192
405428 7.55483e+006 30.6192
405428 7.55483e+006 30.0692
405428 7.55483e+006 30.0692
405428 7.55483e+006 30.0692
405428 7.55483e+006 30.6192
405428 7.55483e+006 30.6192
405428 7.55483e+006 30.6192
405428 7.55483e+006 30.0692
405428 7.55483e+006 30.0692
405428 7.55483e+006 30.0692
405428 7.55483e+006 30.6192
405428 7.55483e+006 30.6192
405428 7.55483e+006 30.6192
405428 7.55483e+006 30.0692
405428 7.55483e+006 30.0692
405428 7.55483e+006 30.0692
405428 7.55483e+006 30.6192
405428 7.55483e+006 30.6192
405428 7.55483e+006 30.6192
405428 7.55483e+006 30.0692
405428 7.55483e+006 30.0692
405428 7.55483e+006 30.0692
405428 7.55483e+006 30.6192
405428 7.55483e+006 30.6192
405424 7.55483e+006 30.6252
405424 7.55483e+006 30.0752
405424 7.55483e+006 30.0752
405424 7.55483e+006 30.0752
405424 7.55483e+006 30.6252
405424 7.55483e+006 30.6252
405424 7.55483e+006 30.6252
405424 7.55483e+006 30.0752
405424 7.55483e+006 30.0752
405424 7.55483e+006 30.0752
405424 7.55483e+006 30.6252
405424 7.55483e+006 30.6252
405424 7.55483e+006 30.6252
405424 7.55483e+006 30.0752
405424 7.55483e+006 30.0752
405424 7.55483e+006 30.0752
405424 7.55483e+006 30.6252
405424 7.55483e+006 30.6252
405424 7.55483e+006 30.6252
405424 7.55483e+006 30.0752
405424 7.55483e+006 30.0752
405424 7.55483e+006 30.0752
405424 7.55483e+006 30.6252
405424 7.55483e+006 30.6252
405424 7.55483e+006 30.6252
405424 7.55483e+006 31.1752
405424 7.55483e+006 31.1752
405424 7.55483e+006 31.1752
405424 7.55483e+006 30.6252
405424 7.55483e+006 30.6252
405424 7.55483e+006 30.6252
405424 7.55483e+006 31.1752
405424 7.55483e+006 31.1752
405424 7.55483e+006 31.1752
405424 7.55483e+006 30.6252
405424 7.55483e+006 30.6252
405424 7.55483e+006 30.6252
405424 7.55483e+006 31.1752
405424 7.55483e+006 31.1752
405424 7.55483e+006 31.1752
405424 7.55483e+006 30.6252
405424 7.55483e+006 30.6252
405424 7.55483e+006 30.6252
405424 7.55483e+006 31.1752
405424 7.55483e+006 31.1752
405424 7.55483e+006 31.1752
405424 7.55483e+006 30.6252
405424 7.55483e+006 30.6252
405426 7.55483e+006 30.6171
405426 7.55483e+006 31.1671
405426 7.55483e+006 31.1671
405426 7.55483e+006 31.1671
405426 7.55483e+006 30.6171
405426 7.55483e+006 30.6171
405426 7.55483e+006 30.6171
405426 7.55483e+006 31.1671
405426 7.55483e+006 31.1671
405426 7.55483e+006 31.1671
405426 7.55483e+006 30.6171
405426 7.55483e+006 30.6171
405426 7.55483e+006 30.6171
405426 7.55483e+006 31.1671
405426 7.55483e+006 31.1671
405426 7.55483e+006 31.1671
405426 7.55483e+006 30.6171
405426 7.55483e+006 30.6171
405426 7.55483e+006 30.6171
405426 7.55483e+006 31.1671
405426 7.55483e+006 31.1671
405426 7.55483e+006 31.1671
405426 7.55483e+006 30.6171
405426 7.55483e+006 30.6171
405426 7.55483e+006 30.6171
405426 7.55483e+006 30.0671
405426 7.55483e+006 30.0671
405426 7.55483e+006 30.0671
405426 7.55483e+006 30.6171
405426 7.55483e+006 30.6171
405426 7.55483e+006 30.6171
405426 7.55483e+006 30.0671
405426 7.55483e+006 30.0671
405426 7.55483e+006 30.0671
405426 7.55483e+006 30.6171
405426 7.55483e+006 30.6171
405426 7.55483e+006 30.6171
405426 7.55483e+006 30.0671
405426 7.55483e+006 30.0671
405426 7.55483e+006 30.0671
405426 7.55483e+006 30.6171
405426 7.55483e+006 30.6171
405426 7.55483e+006 30.6171
405426 7.55483e+006 30.0671
405426 7.55483e+006 30.0671
405426 7.55483e+006 30.0671
405426 7.55483e+006 30.6171
405426 7.55483e+006 30.6171
405424 7.55483e+006 30.6096
405426 7.55483e+006 30.6171
405426 7.55483e+006 30.6421
405426 7.55483e+006 30.6421
405424 7.55483e+006 30.6346
405424 7.55483e+006 30.6096
405424 7.55483e+006 30.5846
405426 7.55483e+006 30.5921
405426 7.55483e+006 30.6171
405426 7.55483e+006 30.6171
405424 7.55483e+006 30.6096
405424 7.55483e+006 30.5846
405424 7.55483e+006 30.6096
405426 7.55483e+006 30.6171
405426 7.55483e+006 30.5921
405426 7.55483e+006 30.5921
405424 7.55483e+006 30.5846
405424 7.55483e+006 30.6096
405424 7.55483e+006 30.6346
405426 7.55483e+006 30.6421
405426 7.55483e+006 30.6171
405426 7.55483e+006 30.6171
405424 7.55483e+006 30.6096
405424 7.55483e+006 30.6346
405424 7.55483e+006 31.1596
405426 7.55483e+006 31.1671
405426 7.55483e+006 31.1921
405426 7.55483e+006 31.1921
405424 7.55483e+006 31.1846
405424 7.55483e+006 31.1596
405424 7.55483e+006 31.1346
405426 7.55483e+006 31.1421
405426 7.55483e+006 31.1671
405426 7.55483e+006 31.1671
405424 7.55483e+006 31.1596
405424 7.55483e+006 31.1346
405424 7.55483e+006 31.1596
405426 7.55483e+006 31.1671
405426 7.55483e+006 31.1421
405426 7.55483e+006 31.1421
405424 7.55483e+006 31.1346
405424 7.55483e+006 31.1596
405424 7.55483e+006 31.1846
405426 7.55483e+006 31.1921
405426 7.55483e+006 31.1671
405426 7.55483e+006 31.1671
405424 7.55483e+006 31.1596
405424 7.55483e+006 31.1846
405426 7.55483e+006 30.616
405428 7.55483e+006 30.6192
405428 7.55483e+006 30.6442
405428 7.55483e+006 30.6442
405426 7.55483e+006 30.641
405426 7.55483e+006 30.616
405426 7.55483e+006 30.591
405428 7.55483e+006 30.5942
405428 7.55483e+006 30.6192
405428 7.55483e+006 30.6192
405426 7.55483e+006 30.616
405426 7.55483e+006 30.591
405426 7.55483e+006 30.616
405428 7.55483e+006 30.6192
405428 7.55483e+006 30.5942
405428 7.55483e+006 30.5942
405426 7.55483e+006 30.591
405426 7.55483e+006 30.616
405426 7.55483e+006 30.641
405428 7.55483e+006 30.6442
405428 7.55483e+006 30.6192
405428 7.55483e+006 30.6192
405426 7.55483e+006 30.616
405426 7.55483e+006 30.641
405426 7.55483e+006 31.166
405428 7.55483e+006 31.1692
405428 7.55483e+006 31.1942
405428 7.55483e+006 31.1942
405426 7.55483e+006 31.191
405426 7.55483e+006 31.166
405426 7.55483e+006 31.141
405428 7.55483e+006 31.1442
405428 7.55483e+006 31.1692
405428 7.55483e+006 31.1692
405426 7.55483e+006 31.166
405426 7.55483e+006 31.141
405426 7.55483e+006 31.166
405428 7.55483e+006 31.1692
405428 7.55483e+006 31.1442
405428 7.55483e+006 31.1442
405426 7.55483e+006 31.141
405426 7.55483e+006 31.166
405426 7.55483e+006 31.191
405428 7.55483e+006 31.1942
405428 7.55483e+006 31.1692
405428 7.55483e+006 31.1692
405426 7.55483e+006 31.166
405426 7.55483e+006 31.191
405426 7.55484e+006 30.6163
405424 7.55483e+006 30.616
405424 7.55483e+006 30.641
405424 7.55483e+006 30.641
405426 7.55484e+006 30.6413
405426 7.55484e+006 30.6163
405426 7.55484e+006 30.5913
405424 7.55483e+006 30.591
405424 7.55483e+006 30.616
405424 7.55483e+006 30.616
405426 7.55484e+006 30.6163
405426 7.55484e+006 30.5913
405426 7.55484e+006 30.6163
405424 7.55483e+006 30.6161
405424 7.55483e+006 30.591
405424 7.55483e+006 30.591
405426 7.55484e+006 30.5913
405426 7.55484e+006 30.6163
405426 7.55484e+006 30.6413
405424 7.55483e+006 30.641
405424 7.55483e+006 30.6161
405424 7.55483e+006 30.6161
405426 7.55484e+006 30.6163
405426 7.55484e+006 30.6413
405426 7.55484e+006 31.1508
405424 7.55483e+006 31.1506
405424 7.55483e+006 31.1756
405424 7.55483e+006 31.1756
405426 7.55484e+006 31.1759
405426 7.55484e+006 31.1508
405426 7.55484e+006 31.1259
405424 7.55483e+006 31.1256
405424 7.55483e+006 31.1506
405424 7.55483e+006 31.1506
405426 7.55484e+006 31.1508
405426 7.55484e+006 31.1259
405426 7.55484e+006 31.1509
405424 7.55483e+006 31.1506
405424 7.55483e+006 31.1256
405424 7.55483e+006 31.1256
405426 7.55484e+006 31.1259
405426 7.55484e+006 31.1509
405426 7.55484e+006 31.1759
405424 7.55483e+006 31.1756
405424 7.55483e+006 31.1506
405424 7.55483e+006 31.1506
405426 7.55484e+006 31.1509
405426 7.55484e+006 31.1759
405425 7.55483e+006 30.6253
405425 7.55483e+006 30.0753
405425 7.55483e+006 30.0753
405425 7.55483e+006 30.0753
405425 7.55483e+006 30.6253
405425 7.55483e+006 30.6253
405425 7.55483e+006 30.6253
405425 7.55483e+006 30.0753
405425 7.55483e+006 30.0753
405425 7.55483e+006 30.0753
405425 7.55483e+006 30.6253
405425 7.55483e+006 30.6253
405425 7.55483e+006 30.6253
405425 7.55483e+006 30.0753
405425 7.55483e+006 30.0753
405425 7.55483e+006 30.0753
405425 7.55483e+006 30.6253
405425 7.55483e+006 30.6253
405425 7.55483e+006 30.6253
405425 7.55483e+006 30.0753
405425 7.55483e+006 30.0753
405425 7.55483e+006 30.0753
405425 7.55483e+006 30.6253
405425 7.55483e+006 30.6253
405425 7.55483e+006 30.6253
405425 7.55483e+006 31.1753
405425 7.55483e+006 31.1753
405425 7.55483e+006 31.1753
405425 7.55483e+006 30.6253
405425 7.55483e+006 30.6253
405425 7.55483e+006 30.6253
405425 7.55483e+006 31.1753
405425 7.55483e+006 31.1753
405425 7.55483e+006 31.1753
405425 7.55483e+006 30.6253
405425 7.55483e+006 30.6253
405425 7.55483e+006 30.6253
405425 7.55483e+006 31.1753
405425 7.55483e+006 31.1753
405425 7.55483e+006 31.1753
405425 7.55483e+006 30.6253
405425 7.55483e+006 30.6253
405425 7.55483e+006 30.6253
405425 7.55483e+006 31.1753
405425 7.55483e+006 31.1753
405425 7.55483e+006 31.1753
405425 7.55483e+006 30.6253
405425 7.55483e+006 30.6253
405429 7.55483e+006 30.6291
405429 7.55483e+006 30.0791
405429 7.55483e+006 30.0792
405429 7.55483e+006 30.0792
405429 7.55483e+006 30.6292
405429 7.55483e+006 30.6291
405429 7.55483e+006 30.6291
405429 7.55483e+006 30.0791
405429 7.55483e+006 30.0791
405429 7.55483e+006 30.0791
405429 7.55483e+006 30.6291
405429 7.55483e+006 30.6291
405429 7.55483e+006 30.6291
405429 7.55483e+006 30.0791
405429 7.55483e+006 30.0791
405429 7.55483e+006 30.0791
405429 7.55483e+006 30.6291
405429 7.55483e+006 30.6291
405429 7.55483e+006 30.6292
405429 7.55483e+006 30.0792
405429 7.55483e+006 30.0791
405429 7.55483e+006 30.0791
405429 7.55483e+006 30.6291
405429 7.55483e+006 30.6292
405429 7.55483e+006 30.6291
405429 7.55483e+006 31.1791
405429 7.55483e+006 31.1791
405429 7.55483e+006 31.1791
405429 7.55483e+006 30.6291
405429 7.55483e+006 30.6291
405429 7.55483e+006 30.6292
405429 7.55483e+006 31.1792
405429 7.55483e+006 31.1791
405429 7.55483e+006 31.1791
405429 7.55483e+006 30.6291
405429 7.55483e+006 30.6292
405429 7.55483e+006 30.6291
405429 7.55483e+006 31.1791
405429 7.55483e+006 31.1792
405429 7.55483e+006 31.1792
405429 7.55483e+006 30.6292
405429 7.55483e+006 30.6291
405429 7.55483e+006 30.6291
405429 7.55483e+006 31.1791
405429 7.55483e+006 31.1791
405429 7.55483e+006 31.1791
405429 7.55483e+006 30.6291
405429 7.55483e+006 30.6291
405438 7.55483e+006 30.6375
405438 7.55483e+006 30.0875
405438 7.55483e+006 30.0875
405438 7.55483e+006 30.0875
405438 7.55483e+006 30.6375
405438 7.55483e+006 30.6375
405438 7.55483e+006 30.6375
405438 7.55483e+006 30.0875
405438 7.55483e+006 30.0875
405438 7.55483e+006 30.0875
405438 7.55483e+006 30.6375
405438 7.55483e+006 30.6375
405438 7.55483e+006 30.6375
405438 7.55483e+006 30.0875
405438 7.55483e+006 30.0875
405438 7.55483e+006 30.0875
405438 7.55483e+006 30.6375
405438 7.55483e+006 30.6375
405438 7.55483e+006 30.6375
405438 7.55483e+006 30.0875
405438 7.55483e+006 30.0875
405438 7.55483e+006 30.0875
405438 7.55483e+006 30.6375
405438 7.55483e+006 30.6375
405438 7.55483e+006 30.6375
405438 7.55483e+006 31.1875
405438 7.55483e+006 31.1875
405438 7.55483e+006 31.1875
405438 7.55483e+006 30.6375
405438 7.55483e+006 30.6375
405438 7.55483e+006 30.6375
405438 7.55483e+006 31.1875
405438 7.55483e+006 31.1875
405438 7.55483e+006 31.1875
405438 7.55483e+006 30.6375
405438 7.55483e+006 30.6375
405438 7.55483e+006 30.6375
405438 7.55483e+006 31.1875
405438 7.55483e+006 31.1875
405438 7.55483e+006 31.1875
405438 7.55483e+006 30.6375
405438 7.55483e+006 30.6375
405438 7.55483e+006 30.6375
405438 7.55483e+006 31.1875
405438 7.55483e+006 31.1875
405438 7.55483e+006 31.1875
405438 7.55483e+006 30.6375
405438 7.55483e+006 30.6375
405440 7.55483e+006 30.6295
405440 7.55483e+006 31.1795
405440 7.55483e+006 31.1794
405440 7.55483e+006 31.1794
405440 7.55483e+006 30.6294
405440 7.55483e+006 30.6295
405440 7.55483e+006 30.6295
405440 7.55483e+006 31.1795
405440 7.55483e+006 31.1795
405440 7.55483e+006 31.1795
405440 7.55483e+006 30.6295
405440 7.55483e+006 30.6295
405440 7.55483e+006 30.6295
405440 7.55483e+006 31.1795
405440 7.55483e+006 31.1795
405440 7.55483e+006 31.1795
405440 7.55483e+006 30.6295
405440 7.55483e+006 30.6295
405440 7.55483e+006 30.6294
405440 7.55483e+006 31.1794
405440 7.55483e+006 31.1795
405440 7.55483e+006 31.1795
405440 7.55483e+006 30.6295
405440 7.55483e+006 30.6294
405440 7.55483e+006 30.6295
405440 7.55483e+006 30.0795
405440 7.55483e+006 30.0795
405440 7.55483e+006 30.0795
405440 7.55483e+006 30.6295
405440 7.55483e+006 30.6295
405440 7.55483e+006 30.6294
405440 7.55483e+006 30.0794
405440 7.55483e+006 30.0795
405440 7.55483e+006 30.0795
405440 7.55483e+006 30.6295
405440 7.55483e+006 30.6294
405440 7.55483e+006 30.6295
405440 7.55483e+006 30.0795
405440 7.55483e+006 30.0794
405440 7.55483e+006 30.0794
405440 7.55483e+006 30.6294
405440 7.55483e+006 30.6295
405440 7.55483e+006 30.6295
405440 7.55483e+006 30.0795
405440 7.55483e+006 30.0795
405440 7.55483e+006 30.0795
405440 7.55483e+006 30.6295
405440 7.55483e+006 30.6295
405438 7.55483e+006 30.6218
405440 7.55483e+006 30.6295
405440 7.55483e+006 30.6545
405440 7.55483e+006 30.6545
405438 7.55483e+006 30.6468
405438 7.55483e+006 30.6218
405438 7.55483e+006 30.5968
405440 7.55483e+006 30.6045
405440 7.55483e+006 30.6295
405440 7.55483e+006 30.6295
405438 7.55483e+006 30.6218
405438 7.55483e+006 30.5968
405438 7.55483e+006 30.6219
405440 7.55483e+006 30.6295
405440 7.55483e+006 30.6045
405440 7.55483e+006 30.6045
405438 7.55483e+006 30.5968
405438 7.55483e+006 30.6219
405438 7.55483e+006 30.6468
405440 7.55483e+006 30.6545
405440 7.55483e+006 30.6295
405440 7.55483e+006 30.6295
405438 7.55483e+006 30.6219
405438 7.55483e+006 30.6468
405438 7.55483e+006 31.1718
405440 7.55483e+006 31.1795
405440 7.55483e+006 31.2045
405440 7.55483e+006 31.2045
405438 7.55483e+006 31.1969
405438 7.55483e+006 31.1718
405438 7.55483e+006 31.1468
405440 7.55483e+006 31.1545
405440 7.55483e+006 31.1795
405440 7.55483e+006 31.1795
405438 7.55483e+006 31.1718
405438 7.55483e+006 31.1468
405438 7.55483e+006 31.1719
405440 7.55483e+006 31.1795
405440 7.55483e+006 31.1545
405440 7.55483e+006 31.1545
405438 7.55483e+006 31.1468
405438 7.55483e+006 31.1719
405438 7.55483e+006 31.1969
405440 7.55483e+006 31.2045
405440 7.55483e+006 31.1795
405440 7.55483e+006 31.1795
405438 7.55483e+006 31.1719
405438 7.55483e+006 31.1969
405442 7.55483e+006 30.6315
405442 7.55483e+006 31.1815
405442 7.55483e+006 31.1814
405442 7.55483e+006 31.1814
405442 7.55483e+006 30.6314
405442 7.55483e+006 30.6315
405442 7.55483e+006 30.6315
405442 7.55483e+006 31.1815
405442 7.55483e+006 31.1815
405442 7.55483e+006 31.1815
405442 7.55483e+006 30.6315
405442 7.55483e+006 30.6315
405442 7.55483e+006 30.6315
405442 7.55483e+006 31.1815
405442 7.55483e+006 31.1815
405442 7.55483e+006 31.1815
405442 7.55483e+006 30.6315
405442 7.55483e+006 30.6315
405442 7.55483e+006 30.6314
405442 7.55483e+006 31.1814
405442 7.55483e+006 31.1815
405442 7.55483e+006 31.1815
405442 7.55483e+006 30.6315
405442 7.55483e+006 30.6314
405442 7.55483e+006 30.6315
405442 7.55483e+006 30.0815
405442 7.55483e+006 30.0815
405442 7.55483e+006 30.0815
405442 7.55483e+006 30.6315
405442 7.55483e+006 30.6315
405442 7.55483e+006 30.6314
405442 7.55483e+006 30.0814
405442 7.55483e+006 30.0815
405442 7.55483e+006 30.0815
405442 7.55483e+006 30.6315
405442 7.55483e+006 30.6314
405442 7.55483e+006 30.6315
405442 7.55483e+006 30.0815
405442 7.55483e+006 30.0814
405442 7.55483e+006 30.0814
405442 7.55483e+006 30.6314
405442 7.55483e+006 30.6315
405442 7.55483e+006 30.6315
405442 7.55483e+006 30.0815
405442 7.55483e+006 30.0815
405442 7.55483e+006 30.0815
405442 7.55483e+006 30.6315
405442 7.55483e+006 30.6315
405440 7.55483e+006 30.6283
405442 7.55483e+006 30.6315
405442 7.55483e+006 30.6565
405442 7.55483e+006 30.6565
405440 7.55483e+006 30.6533
405440 7.55483e+006 30.6283
405440 7.55483e+006 30.6033
405442 7.55483e+006 30.6065
405442 7.55483e+006 30.6315
405442 7.55483e+006 30.6315
405440 7.55483e+006 30.6283
405440 7.55483e+006 30.6033
405440 7.55483e+006 30.6283
405442 7.55483e+006 30.6315
405442 7.55483e+006 30.6065
405442 7.55483e+006 30.6065
405440 7.55483e+006 30.6033
405440 7.55483e+006 30.6283
405440 7.55483e+006 30.6533
405442 7.55483e+006 30.6565
405442 7.55483e+006 30.6315
405442 7.55483e+006 30.6315
405440 7.55483e+006 30.6283
405440 7.55483e+006 30.6533
405440 7.55483e+006 31.1783
405442 7.55483e+006 31.1815
405442 7.55483e+006 31.2065
405442 7.55483e+006 31.2065
405440 7.55483e+006 31.2033
405440 7.55483e+006 31.1783
405440 7.55483e+006 31.1533
405442 7.55483e+006 31.1565
405442 7.55483e+006 31.1815
405442 7.55483e+006 31.1815
405440 7.55483e+006 31.1783
405440 7.55483e+006 31.1533
405440 7.55483e+006 31.1783
405442 7.55483e+006 31.1815
405442 7.55483e+006 31.1565
405442 7.55483e+006 31.1565
405440 7.55483e+006 31.1533
405440 7.55483e+006 31.1783
405440 7.55483e+006 31.2033
405442 7.55483e+006 31.2065
405442 7.55483e+006 31.1815
405442 7.55483e+006 31.1815
405440 7.55483e+006 31.1783
405440 7.55483e+006 31.2033
405442 7.55483e+006 30.6321
405440 7.55482e+006 30.6318
405440 7.55482e+006 30.6569
405440 7.55482e+006 30.6569
405442 7.55483e+006 30.6571
405442 7.55483e+006 30.6321
405442 7.55483e+006 30.6071
405440 7.55482e+006 30.6069
405440 7.55482e+006 30.6318
405440 7.55482e+006 30.6318
405442 7.55483e+006 30.6321
405442 7.55483e+006 30.6071
405442 7.55483e+006 30.6322
405440 7.55482e+006 30.6319
405440 7.55482e+006 30.6069
405440 7.55482e+006 30.6069
405442 7.55483e+006 30.6071
405442 7.55483e+006 30.6322
405442 7.55483e+006 30.6571
405440 7.55482e+006 30.6569
405440 7.55482e+006 30.6319
405440 7.55482e+006 30.6319
405442 7.55483e+006 30.6322
405442 7.55483e+006 30.6571
405442 7.55483e+006 31.1667
405440 7.55482e+006 31.1664
405440 7.55482e+006 31.1914
405440 7.55482e+006 31.1914
405442 7.55483e+006 31.1917
405442 7.55483e+006 31.1667
405442 7.55483e+006 31.1417
405440 7.55482e+006 31.1414
405440 7.55482e+006 31.1664
405440 7.55482e+006 31.1664
405442 7.55483e+006 31.1667
405442 7.55483e+006 31.1417
405442 7.55483e+006 31.1667
405440 7.55482e+006 31.1664
405440 7.55482e+006 31.1414
405440 7.55482e+006 31.1414
405442 7.55483e+006 31.1417
405442 7.55483e+006 31.1667
405442 7.55483e+006 31.1917
405440 7.55482e+006 31.1914
405440 7.55482e+006 31.1664
405440 7.55482e+006 31.1664
405442 7.55483e+006 31.1667
405442 7.55483e+006 31.1917
405440 7.55482e+006 30.6312
405440 7.55482e+006 31.1812
405440 7.55482e+006 31.1812
405440 7.55482e+006 31.1812
405440 7.55482e+006 30.6312
405440 7.55482e+006 30.6312
405440 7.55482e+006 30.6312
405440 7.55482e+006 31.1812
405440 7.55482e+006 31.1812
405440 7.55482e+006 31.1812
405440 7.55482e+006 30.6312
405440 7.55482e+006 30.6312
405440 7.55482e+006 30.6312
405440 7.55482e+006 31.1812
405440 7.55482e+006 31.1812
405440 7.55482e+006 31.1812
405440 7.55482e+006 30.6312
405440 7.55482e+006 30.6312
405440 7.55482e+006 30.6312
405440 7.55482e+006 31.1812
405440 7.55482e+006 31.1812
405440 7.55482e+006 31.1812
405440 7.55482e+006 30.6312
405440 7.55482e+006 30.6312
405440 7.55482e+006 30.6312
405440 7.55482e+006 30.0812
405440 7.55482e+006 30.0812
405440 7.55482e+006 30.0812
405440 7.55482e+006 30.6312
405440 7.55482e+006 30.6312
405440 7.55482e+006 30.6312
405440 7.55482e+006 30.0812
405440 7.55482e+006 30.0812
405440 7.55482e+006 30.0812
405440 7.55482e+006 30.6312
405440 7.55482e+006 30.6312
405440 7.55482e+006 30.6312
405440 7.55482e+006 30.0812
405440 7.55482e+006 30.0812
405440 7.55482e+006 30.0812
405440 7.55482e+006 30.6312
405440 7.55482e+006 30.6312
405440 7.55482e+006 30.6312
405440 7.55482e+006 30.0812
405440 7.55482e+006 30.0812
405440 7.55482e+006 30.0812
405440 7.55482e+006 30.6312
405440 7.55482e+006 30.6312
405436 7.55483e+006 30.6372
405436 7.55483e+006 30.0872
405436 7.55483e+006 30.0872
405436 7.55483e+006 30.0872
405436 7.55483e+006 30.6372
405436 7.55483e+006 30.6372
405436 7.55483e+006 30.6372
405436 7.55483e+006 30.0872
405436 7.55483e+006 30.0872
405436 7.55483e+006 30.0872
405436 7.55483e+006 30.6372
405436 7.55483e+006 30.6372
405436 7.55483e+006 30.6372
405436 7.55483e+006 30.0872
405436 7.55483e+006 30.0872
405436 7.55483e+006 30.0872
405436 7.55483e+006 30.6372
405436 7.55483e+006 30.6372
405436 7.55483e+006 30.6372
405436 7.55483e+006 30.0872
405436 7.55483e+006 30.0872
405436 7.55483e+006 30.0872
405436 7.55483e+006 30.6372
405436 7.55483e+006 30.6372
405436 7.55483e+006 30.6372
405436 7.55483e+006 31.1872
405436 7.55483e+006 31.1872
405436 7.55483e+006 31.1872
405436 7.55483e+006 30.6372
405436 7.55483e+006 30.6372
405436 7.55483e+006 30.6372
405436 7.55483e+006 31.1872
405436 7.55483e+006 31.1872
405436 7.55483e+006 31.1872
405436 7.55483e+006 30.6372
405436 7.55483e+006 30.6372
405436 7.55483e+006 30.6372
405436 7.55483e+006 31.1872
405436 7.55483e+006 31.1872
405436 7.55483e+006 31.1872
405436 7.55483e+006 30.6372
405436 7.55483e+006 30.6372
405436 7.55483e+006 30.6372
405436 7.55483e+006 31.1872
405436 7.55483e+006 31.1872
405436 7.55483e+006 31.1872
405436 7.55483e+006 30.6372
405436 7.55483e+006 30.6372
405438 7.55482e+006 30.6291
405438 7.55482e+006 31.1791
405438 7.55482e+006 31.1791
405438 7.55482e+006 31.1791
405438 7.55482e+006 30.6291
405438 7.55482e+006 30.6291
405438 7.55482e+006 30.6291
405438 7.55482e+006 31.1791
405438 7.55482e+006 31.1791
405438 7.55482e+006 31.1791
405438 7.55482e+006 30.6291
405438 7.55482e+006 30.6291
405438 7.55482e+006 30.6291
405438 7.55482e+006 31.1791
405438 7.55482e+006 31.1791
405438 7.55482e+006 31.1791
405438 7.55482e+006 30.6291
405438 7.55482e+006 30.6291
405438 7.55482e+006 30.6291
405438 7.55482e+006 31.1791
405438 7.55482e+006 31.1791
405438 7.55482e+006 31.1791
405438 7.55482e+006 30.6291
405438 7.55482e+006 30.6291
405438 7.55482e+006 30.6291
405438 7.55482e+006 30.0791
405438 7.55482e+006 30.0791
405438 7.55482e+006 30.0791
405438 7.55482e+006 30.6291
405438 7.55482e+006 30.6291
405438 7.55482e+006 30.6291
405438 7.55482e+006 30.0791
405438 7.55482e+006 30.0791
405438 7.55482e+006 30.0791
405438 7.55482e+006 30.6291
405438 7.55482e+006 30.6291
405438 7.55482e+006 30.6291
405438 7.55482e+006 30.0791
405438 7.55482e+006 30.0791
405438 7.55482e+006 30.0791
405438 7.55482e+006 30.6291
405438 7.55482e+006 30.6291
405438 7.55482e+006 30.6291
405438 7.55482e+006 30.0791
405438 7.55482e+006 30.0791
405438 7.55482e+006 30.0791
405438 7.55482e+006 30.6291
405438 7.55482e+006 30.6291
405436 7.55483e+006 30.6216
405438 7.55482e+006 30.6291
405438 7.55482e+006 30.6541
405438 7.55482e+006 30.6541
405436 7.55483e+006 30.6466
405436 7.55483e+006 30.6216
405436 7.55483e+006 30.5966
405438 7.55482e+006 30.6041
405438 7.55482e+006 30.6291
405438 7.55482e+006 30.6291
405436 7.55483e+006 30.6216
405436 7.55483e+006 30.5966
405436 7.55483e+006 30.6216
405438 7.55482e+006 30.6291
405438 7.55482e+006 30.6041
405438 7.55482e+006 30.6041
405436 7.55483e+006 30.5966
405436 7.55483e+006 30.6216
405436 7.55483e+006 30.6466
405438 7.55482e+006 30.6541
405438 7.55482e+006 30.6291
405438 7.55482e+006 30.6291
405436 7.55483e+006 30.6216
405436 7.55483e+006 30.6466
405436 7.55483e+006 31.1716
405438 7.55482e+006 31.1791
405438 7.55482e+006 31.2041
405438 7.55482e+006 31.2041
405436 7.55483e+006 31.1966
405436 7.55483e+006 31.1716
405436 7.55483e+006 31.1466
405438 7.55482e+006 31.1541
405438 7.55482e+006 31.1791
405438 7.55482e+006 31.1791
405436 7.55483e+006 31.1716
405436 7.55483e+006 31.1466
405436 7.55483e+006 31.1716
405438 7.55482e+006 31.1791
405438 7.55482e+006 31.1541
405438 7.55482e+006 31.1541
405436 7.55483e+006 31.1466
405436 7.55483e+006 31.1716
405436 7.55483e+006 31.1966
405438 7.55482e+006 31.2041
405438 7.55482e+006 31.1791
405438 7.55482e+006 31.1791
405436 7.55483e+006 31.1716
405436 7.55483e+006 31.1966
405438 7.55482e+006 30.628
405440 7.55482e+006 30.6312
405440 7.55482e+006 30.6562
405440 7.55482e+006 30.6562
405438 7.55482e+006 30.653
405438 7.55482e+006 30.628
405438 7.55482e+006 30.603
405440 7.55482e+006 30.6062
405440 7.55482e+006 30.6312
405440 7.55482e+006 30.6312
405438 7.55482e+006 30.628
405438 7.55482e+006 30.603
405438 7.55482e+006 30.628
405440 7.55482e+006 30.6312
405440 7.55482e+006 30.6062
405440 7.55482e+006 30.6062
405438 7.55482e+006 30.603
405438 7.55482e+006 30.628
405438 7.55482e+006 30.653
405440 7.55482e+006 30.6562
405440 7.55482e+006 30.6312
405440 7.55482e+006 30.6312
405438 7.55482e+006 30.628
405438 7.55482e+006 30.653
405438 7.55482e+006 31.178
405440 7.55482e+006 31.1812
405440 7.55482e+006 31.2062
405440 7.55482e+006 31.2062
405438 7.55482e+006 31.203
405438 7.55482e+006 31.178
405438 7.55482e+006 31.153
405440 7.55482e+006 31.1562
405440 7.55482e+006 31.1812
405440 7.55482e+006 31.1812
405438 7.55482e+006 31.178
405438 7.55482e+006 31.153
405438 7.55482e+006 31.178
405440 7.55482e+006 31.1812
405440 7.55482e+006 31.1562
405440 7.55482e+006 31.1562
405438 7.55482e+006 31.153
405438 7.55482e+006 31.178
405438 7.55482e+006 31.203
405440 7.55482e+006 31.2062
405440 7.55482e+006 31.1812
405440 7.55482e+006 31.1812
405438 7.55482e+006 31.178
405438 7.55482e+006 31.203
405438 7.55483e+006 30.6283
405436 7.55483e+006 30.628
405436 7.55483e+006 30.6531
405436 7.55483e+006 30.6531
405438 7.55483e+006 30.6533
405438 7.55483e+006 30.6283
405438 7.55483e+006 30.6033
405436 7.55483e+006 30.6031
405436 7.55483e+006 30.628
405436 7.55483e+006 30.628
405438 7.55483e+006 30.6283
405438 7.55483e+006 30.6033
405438 7.55483e+006 30.6284
405436 7.55483e+006 30.6281
405436 7.55483e+006 30.6031
405436 7.55483e+006 30.6031
405438 7.55483e+006 30.6033
405438 7.55483e+006 30.6284
405438 7.55483e+006 30.6533
405436 7.55483e+006 30.6531
405436 7.55483e+006 30.6281
405436 7.55483e+006 30.6281
405438 7.55483e+006 30.6284
405438 7.55483e+006 30.6533
405438 7.55483e+006 31.1629
405436 7.55483e+006 31.1626
405436 7.55483e+006 31.1876
405436 7.55483e+006 31.1876
405438 7.55483e+006 31.1879
405438 7.55483e+006 31.1629
405438 7.55483e+006 31.1379
405436 7.55483e+006 31.1376
405436 7.55483e+006 31.1626
405436 7.55483e+006 31.1626
405438 7.55483e+006 31.1629
405438 7.55483e+006 31.1379
405438 7.55483e+006 31.1629
405436 7.55483e+006 31.1626
405436 7.55483e+006 31.1376
405436 7.55483e+006 31.1376
405438 7.55483e+006 31.1379
405438 7.55483e+006 31.1629
405438 7.55483e+006 31.1879
405436 7.55483e+006 31.1876
405436 7.55483e+006 31.1626
405436 7.55483e+006 31.1626
405438 7.55483e+006 31.1629
405438 7.55483e+006 31.1879
405437 7.55483e+006 30.6373
405437 7.55483e+006 30.0873
405437 7.55483e+006 30.0874
405437 7.55483e+006 30.0874
405437 7.55483e+006 30.6374
405437 7.55483e+006 30.6373
405437 7.55483e+006 30.6373
405437 7.55483e+006 30.0873
405437 7.55483e+006 30.0873
405437 7.55483e+006 30.0873
405437 7.55483e+006 30.6373
405437 7.55483e+006 30.6373
405437 7.55483e+006 30.6373
405437 7.55483e+006 30.0873
405437 7.55483e+006 30.0873
405437 7.55483e+006 30.0873
405437 7.55483e+006 30.6373
405437 7.55483e+006 30.6373
405437 7.55483e+006 30.6374
405437 7.55483e+006 30.0874
405437 7.55483e+006 30.0873
405437 7.55483e+006 30.0873
405437 7.55483e+006 30.6373
405437 7.55483e+006 30.6374
405437 7.55483e+006 30.6373
405437 7.55483e+006 31.1873
405437 7.55483e+006 31.1873
405437 7.55483e+006 31.1873
405437 7.55483e+006 30.6373
405437 7.55483e+006 30.6373
405437 7.55483e+006 30.6374
405437 7.55483e+006 31.1874
405437 7.55483e+006 31.1873
405437 7.55483e+006 31.1873
405437 7.55483e+006 30.6373
405437 7.55483e+006 30.6374
405437 7.55483e+006 30.6373
405437 7.55483e+006 31.1873
405437 7.55483e+006 31.1874
405437 7.55483e+006 31.1874
405437 7.55483e+006 30.6374
405437 7.55483e+006 30.6373
405437 7.55483e+006 30.6373
405437 7.55483e+006 31.1873
405437 7.55483e+006 31.1873
405437 7.55483e+006 31.1873
405437 7.55483e+006 30.6373
405437 7.55483e+006 30.6373
405441 7.55483e+006 30.6412
405441 7.55483e+006 30.0912
405441 7.55483e+006 30.0912
405441 7.55483e+006 30.0912
405441 7.55483e+006 30.6412
405441 7.55483e+006 30.6412
405441 7.55483e+006 30.6411
405441 7.55483e+006 30.0911
405441 7.55483e+006 30.0912
405441 7.55483e+006 30.0912
405441 7.55483e+006 30.6412
405441 7.55483e+006 30.6411
405441 7.55483e+006 30.6412
405441 7.55483e+006 30.0912
405441 7.55483e+006 30.0911
405441 7.55483e+006 30.0911
405441 7.55483e+006 30.6411
405441 7.55483e+006 30.6412
405441 7.55483e+006 30.6412
405441 7.55483e+006 30.0912
405441 7.55483e+006 30.0912
405441 7.55483e+006 30.0912
405441 7.55483e+006 30.6412
405441 7.55483e+006 30.6412
405441 7.55483e+006 30.6412
405441 7.55483e+006 31.1912
405441 7.55483e+006 31.1911
405441 7.55483e+006 31.1911
405441 7.55483e+006 30.6411
405441 7.55483e+006 30.6412
405441 7.55483e+006 30.6412
405441 7.55483e+006 31.1912
405441 7.55483e+006 31.1912
405441 7.55483e+006 31.1912
405441 7.55483e+006 30.6412
405441 7.55483e+006 30.6412
405441 7.55483e+006 30.6412
405441 7.55483e+006 31.1912
405441 7.55483e+006 31.1912
405441 7.55483e+006 31.1912
405441 7.55483e+006 30.6412
405441 7.55483e+006 30.6412
405441 7.55483e+006 30.6411
405441 7.55483e+006 31.1911
405441 7.55483e+006 31.1912
405441 7.55483e+006 31.1912
405441 7.55483e+006 30.6412
405441 7.55483e+006 30.6411
405450 7.55482e+006 30.6495
405450 7.55482e+006 30.0995
405450 7.55482e+006 30.0995
405450 7.55482e+006 30.0995
405450 7.55482e+006 30.6495
405450 7.55482e+006 30.6495
405450 7.55482e+006 30.6495
405450 7.55482e+006 30.0995
405450 7.55482e+006 30.0995
405450 7.55482e+006 30.0995
405450 7.55482e+006 30.6495
405450 7.55482e+006 30.6495
405450 7.55482e+006 30.6495
405450 7.55482e+006 30.0995
405450 7.55482e+006 30.0995
405450 7.55482e+006 30.0995
405450 7.55482e+006 30.6495
405450 7.55482e+006 30.6495
405450 7.55482e+006 30.6495
405450 7.55482e+006 30.0995
405450 7.55482e+006 30.0995
405450 7.55482e+006 30.0995
405450 7.55482e+006 30.6495
405450 7.55482e+006 30.6495
405450 7.55482e+006 30.6495
405450 7.55482e+006 31.1995
405450 7.55482e+006 31.1994
405450 7.55482e+006 31.1994
405450 7.55482e+006 30.6495
405450 7.55482e+006 30.6495
405450 7.55482e+006 30.6495
405450 7.55482e+006 31.1995
405450 7.55482e+006 31.1995
405450 7.55482e+006 31.1995
405450 7.55482e+006 30.6495
405450 7.55482e+006 30.6495
405450 7.55482e+006 30.6495
405450 7.55482e+006 31.1995
405450 7.55482e+006 31.1995
405450 7.55482e+006 31.1995
405450 7.55482e+006 30.6495
405450 7.55482e+006 30.6495
405450 7.55482e+006 30.6495
405450 7.55482e+006 31.1994
405450 7.55482e+006 31.1995
405450 7.55482e+006 31.1995
405450 7.55482e+006 30.6495
405450 7.55482e+006 30.6495
405452 7.55482e+006 30.6415
405452 7.55482e+006 31.1915
405452 7.55482e+006 31.1914
405452 7.55482e+006 31.1914
405452 7.55482e+006 30.6414
405452 7.55482e+006 30.6415
405452 7.55482e+006 30.6415
405452 7.55482e+006 31.1915
405452 7.55482e+006 31.1915
405452 7.55482e+006 31.1915
405452 7.55482e+006 30.6415
405452 7.55482e+006 30.6415
405452 7.55482e+006 30.6415
405452 7.55482e+006 31.1915
405452 7.55482e+006 31.1915
405452 7.55482e+006 31.1915
405452 7.55482e+006 30.6415
405452 7.55482e+006 30.6415
405452 7.55482e+006 30.6414
405452 7.55482e+006 31.1914
405452 7.55482e+006 31.1915
405452 7.55482e+006 31.1915
405452 7.55482e+006 30.6415
405452 7.55482e+006 30.6414
405452 7.55482e+006 30.6415
405452 7.55482e+006 30.0915
405452 7.55482e+006 30.0915
405452 7.55482e+006 30.0915
405452 7.55482e+006 30.6415
405452 7.55482e+006 30.6415
405452 7.55482e+006 30.6414
405452 7.55482e+006 30.0914
405452 7.55482e+006 30.0915
405452 7.55482e+006 30.0915
405452 7.55482e+006 30.6415
405452 7.55482e+006 30.6414
405452 7.55482e+006 30.6415
405452 7.55482e+006 30.0915
405452 7.55482e+006 30.0914
405452 7.55482e+006 30.0914
405452 7.55482e+006 30.6414
405452 7.55482e+006 30.6415
405452 7.55482e+006 30.6415
405452 7.55482e+006 30.0915
405452 7.55482e+006 30.0915
405452 7.55482e+006 30.0915
405452 7.55482e+006 30.6415
405452 7.55482e+006 30.6415
405450 7.55482e+006 30.6338
405452 7.55482e+006 30.6415
405452 7.55482e+006 30.6665
405452 7.55482e+006 30.6665
405450 7.55482e+006 30.6588
405450 7.55482e+006 30.6338
405450 7.55482e+006 30.6088
405452 7.55482e+006 30.6165
405452 7.55482e+006 30.6415
405452 7.55482e+006 30.6415
405450 7.55482e+006 30.6338
405450 7.55482e+006 30.6088
405450 7.55482e+006 30.6338
405452 7.55482e+006 30.6415
405452 7.55482e+006 30.6165
405452 7.55482e+006 30.6165
405450 7.55482e+006 30.6088
405450 7.55482e+006 30.6338
405450 7.55482e+006 30.6588
405452 7.55482e+006 30.6665
405452 7.55482e+006 30.6415
405452 7.55482e+006 30.6415
405450 7.55482e+006 30.6338
405450 7.55482e+006 30.6588
405450 7.55482e+006 31.1838
405452 7.55482e+006 31.1915
405452 7.55482e+006 31.2165
405452 7.55482e+006 31.2165
405450 7.55482e+006 31.2088
405450 7.55482e+006 31.1838
405450 7.55482e+006 31.1588
405452 7.55482e+006 31.1665
405452 7.55482e+006 31.1915
405452 7.55482e+006 31.1915
405450 7.55482e+006 31.1838
405450 7.55482e+006 31.1588
405450 7.55482e+006 31.1838
405452 7.55482e+006 31.1915
405452 7.55482e+006 31.1665
405452 7.55482e+006 31.1665
405450 7.55482e+006 31.1588
405450 7.55482e+006 31.1838
405450 7.55482e+006 31.2088
405452 7.55482e+006 31.2165
405452 7.55482e+006 31.1915
405452 7.55482e+006 31.1915
405450 7.55482e+006 31.1838
405450 7.55482e+006 31.2088
405454 7.55482e+006 30.6435
405454 7.55482e+006 31.1935
405454 7.55482e+006 31.1934
405454 7.55482e+006 31.1934
405454 7.55482e+006 30.6434
405454 7.55482e+006 30.6435
405454 7.55482e+006 30.6435
405454 7.55482e+006 31.1935
405454 7.55482e+006 31.1935
405454 7.55482e+006 31.1935
405454 7.55482e+006 30.6435
405454 7.55482e+006 30.6435
405454 7.55482e+006 30.6435
405454 7.55482e+006 31.1935
405454 7.55482e+006 31.1935
405454 7.55482e+006 31.1935
405454 7.55482e+006 30.6435
405454 7.55482e+006 30.6435
405454 7.55482e+006 30.6434
405454 7.55482e+006 31.1934
405454 7.55482e+006 31.1935
405454 7.55482e+006 31.1935
405454 7.55482e+006 30.6435
405454 7.55482e+006 30.6434
405454 7.55482e+006 30.6435
405454 7.55482e+006 30.0935
405454 7.55482e+006 30.0935
405454 7.55482e+006 30.0935
405454 7.55482e+006 30.6435
405454 7.55482e+006 30.6435
405454 7.55482e+006 30.6434
405454 7.55482e+006 30.0934
405454 7.55482e+006 30.0935
405454 7.55482e+006 30.0935
405454 7.55482e+006 30.6435
405454 7.55482e+006 30.6434
405454 7.55482e+006 30.6435
405454 7.55482e+006 30.0935
405454 7.55482e+006 30.0934
405454 7.55482e+006 30.0934
405454 7.55482e+006 30.6434
405454 7.55482e+006 30.6435
405454 7.55482e+006 30.6435
405454 7.55482e+006 30.0935
405454 7.55482e+006 30.0935
405454 7.55482e+006 30.0935
405454 7.55482e+006 30.6435
405454 7.55482e+006 30.6435
405452 7.55482e+006 30.6403
405454 7.55482e+006 30.6435
405454 7.55482e+006 30.6685
405454 7.55482e+006 30.6685
405452 7.55482e+006 30.6653
405452 7.55482e+006 30.6403
405452 7.55482e+006 30.6153
405454 7.55482e+006 30.6185
405454 7.55482e+006 30.6435
405454 7.55482e+006 30.6435
405452 7.55482e+006 30.6403
405452 7.55482e+006 30.6153
405452 7.55482e+006 30.6403
405454 7.55482e+006 30.6435
405454 7.55482e+006 30.6185
405454 7.55482e+006 30.6185
405452 7.55482e+006 30.6153
405452 7.55482e+006 30.6403
405452 7.55482e+006 30.6653
405454 7.55482e+006 30.6685
405454 7.55482e+006 30.6435
405454 7.55482e+006 30.6435
405452 7.55482e+006 30.6403
405452 7.55482e+006 30.6653
405452 7.55482e+006 31.1903
405454 7.55482e+006 31.1935
405454 7.55482e+006 31.2185
405454 7.55482e+006 31.2185
405452 7.55482e+006 31.2153
405452 7.55482e+006 31.1903
405452 7.55482e+006 31.1653
405454 7.55482e+006 31.1685
405454 7.55482e+006 31.1935
405454 7.55482e+006 31.1935
405452 7.55482e+006 31.1903
405452 7.55482e+006 31.1653
405452 7.55482e+006 31.1903
405454 7.55482e+006 31.1935
405454 7.55482e+006 31.1685
405454 7.55482e+006 31.1685
405452 7.55482e+006 31.1653
405452 7.55482e+006 31.1903
405452 7.55482e+006 31.2153
405454 7.55482e+006 31.2185
405454 7.55482e+006 31.1935
405454 7.55482e+006 31.1935
405452 7.55482e+006 31.1903
405452 7.55482e+006 31.2153
405454 7.55482e+006 30.6441
405452 7.55482e+006 30.6438
405452 7.55482e+006 30.6689
405452 7.55482e+006 30.6689
405454 7.55482e+006 30.6691
405454 7.55482e+006 30.6441
405454 7.55482e+006 30.6191
405452 7.55482e+006 30.6189
405452 7.55482e+006 30.6438
405452 7.55482e+006 30.6438
405454 7.55482e+006 30.6441
405454 7.55482e+006 30.6191
405454 7.55482e+006 30.6442
405452 7.55482e+006 30.6439
405452 7.55482e+006 30.6189
405452 7.55482e+006 30.6189
405454 7.55482e+006 30.6191
405454 7.55482e+006 30.6442
405454 7.55482e+006 30.6691
405452 7.55482e+006 30.6689
405452 7.55482e+006 30.6439
405452 7.55482e+006 30.6439
405454 7.55482e+006 30.6442
405454 7.55482e+006 30.6691
405454 7.55482e+006 31.1787
405452 7.55482e+006 31.1784
405452 7.55482e+006 31.2034
405452 7.55482e+006 31.2034
405454 7.55482e+006 31.2037
405454 7.55482e+006 31.1787
405454 7.55482e+006 31.1537
405452 7.55482e+006 31.1534
405452 7.55482e+006 31.1784
405452 7.55482e+006 31.1784
405454 7.55482e+006 31.1787
405454 7.55482e+006 31.1537
405454 7.55482e+006 31.1787
405452 7.55482e+006 31.1784
405452 7.55482e+006 31.1534
405452 7.55482e+006 31.1534
405454 7.55482e+006 31.1537
405454 7.55482e+006 31.1787
405454 7.55482e+006 31.2037
405452 7.55482e+006 31.2034
405452 7.55482e+006 31.1784
405452 7.55482e+006 31.1784
405454 7.55482e+006 31.1787
405454 7.55482e+006 31.2037
405452 7.55482e+006 30.6432
405452 7.55482e+006 31.1932
405452 7.55482e+006 31.1932
405452 7.55482e+006 31.1932
405452 7.55482e+006 30.6432
405452 7.55482e+006 30.6432
405452 7.55482e+006 30.6432
405452 7.55482e+006 31.1932
405452 7.55482e+006 31.1932
405452 7.55482e+006 31.1932
405452 7.55482e+006 30.6432
405452 7.55482e+006 30.6432
405452 7.55482e+006 30.6432
405452 7.55482e+006 31.1932
405452 7.55482e+006 31.1932
405452 7.55482e+006 31.1932
405452 7.55482e+006 30.6432
405452 7.55482e+006 30.6432
405452 7.55482e+006 30.6432
405452 7.55482e+006 31.1932
405452 7.55482e+006 31.1932
405452 7.55482e+006 31.1932
405452 7.55482e+006 30.6432
405452 7.55482e+006 30.6432
405452 7.55482e+006 30.6432
405452 7.55482e+006 30.0932
405452 7.55482e+006 30.0932
405452 7.55482e+006 30.0932
405452 7.55482e+006 30.6432
405452 7.55482e+006 30.6432
405452 7.55482e+006 30.6432
405452 7.55482e+006 30.0932
405452 7.55482e+006 30.0932
405452 7.55482e+006 30.0932
405452 7.55482e+006 30.6432
405452 7.55482e+006 30.6432
405452 7.55482e+006 30.6432
405452 7.55482e+006 30.0932
405452 7.55482e+006 30.0932
405452 7.55482e+006 30.0932
405452 7.55482e+006 30.6432
405452 7.55482e+006 30.6432
405452 7.55482e+006 30.6432
405452 7.55482e+006 30.0932
405452 7.55482e+006 30.0932
405452 7.55482e+006 30.0932
405452 7.55482e+006 30.6432
405452 7.55482e+006 30.6432
405448 7.55482e+006 30.6492
405448 7.55482e+006 30.0992
405448 7.55482e+006 30.0992
405448 7.55482e+006 30.0992
405448 7.55482e+006 30.6492
405448 7.55482e+006 30.6492
405448 7.55482e+006 30.6492
405448 7.55482e+006 30.0992
405448 7.55482e+006 30.0992
405448 7.55482e+006 30.0992
405448 7.55482e+006 30.6492
405448 7.55482e+006 30.6492
405448 7.55482e+006 30.6492
405448 7.55482e+006 30.0992
405448 7.55482e+006 30.0992
405448 7.55482e+006 30.0992
405448 7.55482e+006 30.6492
405448 7.55482e+006 30.6492
405448 7.55482e+006 30.6492
405448 7.55482e+006 30.0992
405448 7.55482e+006 30.0992
405448 7.55482e+006 30.0992
405448 7.55482e+006 30.6492
405448 7.55482e+006 30.6492
405448 7.55482e+006 30.6492
405448 7.55482e+006 31.1992
405448 7.55482e+006 31.1992
405448 7.55482e+006 31.1992
405448 7.55482e+006 30.6492
405448 7.55482e+006 30.6492
405448 7.55482e+006 30.6492
405448 7.55482e+006 31.1992
405448 7.55482e+006 31.1992
405448 7.55482e+006 31.1992
405448 7.55482e+006 30.6492
405448 7.55482e+006 30.6492
405448 7.55482e+006 30.6492
405448 7.55482e+006 31.1992
405448 7.55482e+006 31.1992
405448 7.55482e+006 31.1992
405448 7.55482e+006 30.6492
405448 7.55482e+006 30.6492
405448 7.55482e+006 30.6492
405448 7.55482e+006 31.1992
405448 7.55482e+006 31.1992
405448 7.55482e+006 31.1992
405448 7.55482e+006 30.6492
405448 7.55482e+006 30.6492
405450 7.55482e+006 30.6411
405450 7.55482e+006 31.1911
405450 7.55482e+006 31.1911
405450 7.55482e+006 31.1911
405450 7.55482e+006 30.6411
405450 7.55482e+006 30.6411
405450 7.55482e+006 30.6411
405450 7.55482e+006 31.1911
405450 7.55482e+006 31.1911
405450 7.55482e+006 31.1911
405450 7.55482e+006 30.6411
405450 7.55482e+006 30.6411
405450 7.55482e+006 30.6411
405450 7.55482e+006 31.1911
405450 7.55482e+006 31.1911
405450 7.55482e+006 31.1911
405450 7.55482e+006 30.6411
405450 7.55482e+006 30.6411
405450 7.55482e+006 30.6411
405450 7.55482e+006 31.1911
405450 7.55482e+006 31.1911
405450 7.55482e+006 31.1911
405450 7.55482e+006 30.6411
405450 7.55482e+006 30.6411
405450 7.55482e+006 30.6411
405450 7.55482e+006 30.0911
405450 7.55482e+006 30.0911
405450 7.55482e+006 30.0911
405450 7.55482e+006 30.6411
405450 7.55482e+006 30.6411
405450 7.55482e+006 30.6411
405450 7.55482e+006 30.0911
405450 7.55482e+006 30.0911
405450 7.55482e+006 30.0911
405450 7.55482e+006 30.6411
405450 7.55482e+006 30.6411
405450 7.55482e+006 30.6411
405450 7.55482e+006 30.0911
405450 7.55482e+006 30.0911
405450 7.55482e+006 30.0911
405450 7.55482e+006 30.6411
405450 7.55482e+006 30.6411
405450 7.55482e+006 30.6411
405450 7.55482e+006 30.0911
405450 7.55482e+006 30.0911
405450 7.55482e+006 30.0911
405450 7.55482e+006 30.6411
405450 7.55482e+006 30.6411
405448 7.55482e+006 30.6336
405450 7.55482e+006 30.6411
405450 7.55482e+006 30.6661
405450 7.55482e+006 30.6661
405448 7.55482e+006 30.6586
405448 7.55482e+006 30.6336
405448 7.55482e+006 30.6086
405450 7.55482e+006 30.6161
405450 7.55482e+006 30.6411
405450 7.55482e+006 30.6411
405448 7.55482e+006 30.6336
405448 7.55482e+006 30.6086
405448 7.55482e+006 30.6336
405450 7.55482e+006 30.6411
405450 7.55482e+006 30.6161
405450 7.55482e+006 30.6161
405448 7.55482e+006 30.6086
405448 7.55482e+006 30.6336
405448 7.55482e+006 30.6586
405450 7.55482e+006 30.6661
405450 7.55482e+006 30.6411
405450 7.55482e+006 30.6411
405448 7.55482e+006 30.6336
405448 7.55482e+006 30.6586
405448 7.55482e+006 31.1836
405450 7.55482e+006 31.1911
405450 7.55482e+006 31.2161
405450 7.55482e+006 31.2161
405448 7.55482e+006 31.2086
405448 7.55482e+006 31.1836
405448 7.55482e+006 31.1586
405450 7.55482e+006 31.1661
405450 7.55482e+006 31.1911
405450 7.55482e+006 31.1911
405448 7.55482e+006 31.1836
405448 7.55482e+006 31.1586
405448 7.55482e+006 31.1836
405450 7.55482e+006 31.1911
405450 7.55482e+006 31.1661
405450 7.55482e+006 31.1661
405448 7.55482e+006 31.1586
405448 7.55482e+006 31.1836
405448 7.55482e+006 31.2086
405450 7.55482e+006 31.2161
405450 7.55482e+006 31.1911
405450 7.55482e+006 31.1911
405448 7.55482e+006 31.1836
405448 7.55482e+006 31.2086
405450 7.55482e+006 30.64
405452 7.55482e+006 30.6432
405452 7.55482e+006 30.6682
405452 7.55482e+006 30.6682
405450 7.55482e+006 30.665
405450 7.55482e+006 30.64
405450 7.55482e+006 30.615
405452 7.55482e+006 30.6182
405452 7.55482e+006 30.6432
405452 7.55482e+006 30.6432
405450 7.55482e+006 30.64
405450 7.55482e+006 30.615
405450 7.55482e+006 30.64
405452 7.55482e+006 30.6432
405452 7.55482e+006 30.6182
405452 7.55482e+006 30.6182
405450 7.55482e+006 30.615
405450 7.55482e+006 30.64
405450 7.55482e+006 30.665
405452 7.55482e+006 30.6682
405452 7.55482e+006 30.6432
405452 7.55482e+006 30.6432
405450 7.55482e+006 30.64
405450 7.55482e+006 30.665
405450 7.55482e+006 31.19
405452 7.55482e+006 31.1932
405452 7.55482e+006 31.2182
405452 7.55482e+006 31.2182
405450 7.55482e+006 31.215
405450 7.55482e+006 31.19
405450 7.55482e+006 31.165
405452 7.55482e+006 31.1682
405452 7.55482e+006 31.1932
405452 7.55482e+006 31.1932
405450 7.55482e+006 31.19
405450 7.55482e+006 31.165
405450 7.55482e+006 31.19
405452 7.55482e+006 31.1932
405452 7.55482e+006 31.1682
405452 7.55482e+006 31.1682
405450 7.55482e+006 31.165
405450 7.55482e+006 31.19
405450 7.55482e+006 31.215
405452 7.55482e+006 31.2182
405452 7.55482e+006 31.1932
405452 7.55482e+006 31.1932
405450 7.55482e+006 31.19
405450 7.55482e+006 31.215
405450 7.55482e+006 30.6403
405448 7.55482e+006 30.64
405448 7.55482e+006 30.6651
405448 7.55482e+006 30.6651
405450 7.55482e+006 30.6653
405450 7.55482e+006 30.6403
405450 7.55482e+006 30.6153
405448 7.55482e+006 30.6151
405448 7.55482e+006 30.64
405448 7.55482e+006 30.64
405450 7.55482e+006 30.6403
405450 7.55482e+006 30.6153
405450 7.55482e+006 30.6403
405448 7.55482e+006 30.6401
405448 7.55482e+006 30.6151
405448 7.55482e+006 30.6151
405450 7.55482e+006 30.6153
405450 7.55482e+006 30.6403
405450 7.55482e+006 30.6653
405448 7.55482e+006 30.6651
405448 7.55482e+006 30.6401
405448 7.55482e+006 30.6401
405450 7.55482e+006 30.6403
405450 7.55482e+006 30.6653
405450 7.55482e+006 31.1748
405448 7.55482e+006 31.1746
405448 7.55482e+006 31.1996
405448 7.55482e+006 31.1996
405450 7.55482e+006 31.1999
405450 7.55482e+006 31.1748
405450 7.55482e+006 31.1499
405448 7.55482e+006 31.1496
405448 7.55482e+006 31.1746
405448 7.55482e+006 31.1746
405450 7.55482e+006 31.1748
405450 7.55482e+006 31.1499
405450 7.55482e+006 31.1749
405448 7.55482e+006 31.1746
405448 7.55482e+006 31.1496
405448 7.55482e+006 31.1496
405450 7.55482e+006 31.1499
405450 7.55482e+006 31.1749
405450 7.55482e+006 31.1999
405448 7.55482e+006 31.1996
405448 7.55482e+006 31.1746
405448 7.55482e+006 31.1746
405450 7.55482e+006 31.1749
405450 7.55482e+006 31.1999
405449 7.55482e+006 30.6493
405449 7.55482e+006 30.0993
405449 7.55482e+006 30.0994
405449 7.55482e+006 30.0994
405449 7.55482e+006 30.6494
405449 7.55482e+006 30.6493
405449 7.55482e+006 30.6493
405449 7.55482e+006 30.0993
405449 7.55482e+006 30.0993
405449 7.55482e+006 30.0993
405449 7.55482e+006 30.6493
405449 7.55482e+006 30.6493
405449 7.55482e+006 30.6493
405449 7.55482e+006 30.0993
405449 7.55482e+006 30.0993
405449 7.55482e+006 30.0993
405449 7.55482e+006 30.6493
405449 7.55482e+006 30.6493
405449 7.55482e+006 30.6494
405449 7.55482e+006 30.0994
405449 7.55482e+006 30.0993
405449 7.55482e+006 30.0993
405449 7.55482e+006 30.6493
405449 7.55482e+006 30.6494
405449 7.55482e+006 30.6493
405449 7.55482e+006 31.1993
405449 7.55482e+006 31.1993
405449 7.55482e+006 31.1993
405449 7.55482e+006 30.6493
405449 7.55482e+006 30.6493
405449 7.55482e+006 30.6494
405449 7.55482e+006 31.1994
405449 7.55482e+006 31.1993
405449 7.55482e+006 31.1993
405449 7.55482e+006 30.6493
405449 7.55482e+006 30.6494
405449 7.55482e+006 30.6493
405449 7.55482e+006 31.1993
405449 7.55482e+006 31.1994
405449 7.55482e+006 31.1994
405449 7.55482e+006 30.6494
405449 7.55482e+006 30.6493
405449 7.55482e+006 30.6493
405449 7.55482e+006 31.1993
405449 7.55482e+006 31.1993
405449 7.55482e+006 31.1993
405449 7.55482e+006 30.6493
405449 7.55482e+006 30.6493
405453 7.55482e+006 30.6531
405453 7.55482e+006 30.1031
405453 7.55482e+006 30.1032
405453 7.55482e+006 30.1032
405453 7.55482e+006 30.6532
405453 7.55482e+006 30.6531
405453 7.55482e+006 30.6531
405453 7.55482e+006 30.1031
405453 7.55482e+006 30.1031
405453 7.55482e+006 30.1031
405453 7.55482e+006 30.6531
405453 7.55482e+006 30.6531
405453 7.55482e+006 30.6532
405453 7.55482e+006 30.1032
405453 7.55482e+006 30.1031
405453 7.55482e+006 30.1031
405453 7.55482e+006 30.6531
405453 7.55482e+006 30.6532
405453 7.55482e+006 30.6532
405453 7.55482e+006 30.1032
405453 7.55482e+006 30.1032
405453 7.55482e+006 30.1032
405453 7.55482e+006 30.6532
405453 7.55482e+006 30.6532
405453 7.55482e+006 30.6531
405453 7.55482e+006 31.2031
405453 7.55482e+006 31.2031
405453 7.55482e+006 31.2031
405453 7.55482e+006 30.6531
405453 7.55482e+006 30.6531
405453 7.55482e+006 30.6532
405453 7.55482e+006 31.2032
405453 7.55482e+006 31.2031
405453 7.55482e+006 31.2031
405453 7.55482e+006 30.6531
405453 7.55482e+006 30.6532
405453 7.55482e+006 30.6532
405453 7.55482e+006 31.2032
405453 7.55482e+006 31.2032
405453 7.55482e+006 31.2032
405453 7.55482e+006 30.6532
405453 7.55482e+006 30.6532
405453 7.55482e+006 30.6531
405453 7.55482e+006 31.2031
405453 7.55482e+006 31.2032
405453 7.55482e+006 31.2032
405453 7.55482e+006 30.6532
405453 7.55482e+006 30.6531
