405398 7.55482e+006 41.8209
405397 7.55482e+006 42.7052
405398 7.55482e+006 42.7052
405398 7.55482e+006 42.7052
405398 7.55482e+006 41.8209
405398 7.55482e+006 41.8209
405398 7.55482e+006 42.7052
405397 7.55482e+006 42.7052
405397 7.55482e+006 41.8209
405397 7.55482e+006 41.8209
405398 7.55482e+006 41.8209
405398 7.55482e+006 42.7052
405397 7.55482e+006 43.3489
405398 7.55482e+006 43.8303
405398 7.55482e+006 42.7052
405398 7.55482e+006 42.7052
405397 7.55482e+006 42.7052
405397 7.55482e+006 43.3489
405398 7.55482e+006 42.7052
405398 7.55482e+006 43.8303
405397 7.55482e+006 43.3489
405397 7.55482e+006 43.3489
405397 7.55482e+006 42.7052
405398 7.55482e+006 42.7052
