400433 7.55244e+006 29.676
400433 7.55244e+006 29.6862
400433 7.55244e+006 29.3846
400433 7.55244e+006 29.3846
400433 7.55244e+006 29.3845
400433 7.55244e+006 29.676
400433 7.55244e+006 29.6758
400433 7.55244e+006 29.676
400433 7.55244e+006 29.3845
400433 7.55244e+006 29.3845
400433 7.55244e+006 29.3843
400433 7.55244e+006 29.6758
400433 7.55244e+006 29.6859
400433 7.55244e+006 29.6758
400433 7.55244e+006 29.3843
400433 7.55244e+006 29.3843
400433 7.55244e+006 29.3843
400433 7.55244e+006 29.6859
400433 7.55244e+006 29.6962
400433 7.55244e+006 29.6859
400433 7.55244e+006 29.3843
400433 7.55244e+006 29.3843
400433 7.55244e+006 29.3843
400433 7.55244e+006 29.6962
400433 7.55244e+006 29.6964
400433 7.55244e+006 29.6962
400433 7.55244e+006 29.3843
400433 7.55244e+006 29.3843
400433 7.55244e+006 29.3845
400433 7.55244e+006 29.6964
400433 7.55244e+006 29.6862
400433 7.55244e+006 29.6964
400433 7.55244e+006 29.3845
400433 7.55244e+006 29.3845
400433 7.55244e+006 29.3846
400433 7.55244e+006 29.6862
400433 7.55244e+006 29.6901
400433 7.55244e+006 29.7148
400433 7.55244e+006 29.6862
400433 7.55244e+006 29.6862
400433 7.55244e+006 29.676
400433 7.55244e+006 29.6901
400433 7.55244e+006 29.6899
400433 7.55244e+006 29.6901
400433 7.55244e+006 29.676
400433 7.55244e+006 29.676
400433 7.55244e+006 29.6758
400433 7.55244e+006 29.6899
400433 7.55244e+006 29.7144
400433 7.55244e+006 29.6899
400433 7.55244e+006 29.6758
400433 7.55244e+006 29.6758
400433 7.55244e+006 29.6859
400433 7.55244e+006 29.7144
400433 7.55244e+006 29.7392
400433 7.55244e+006 29.7144
400433 7.55244e+006 29.6859
400433 7.55244e+006 29.6859
400433 7.55244e+006 29.6962
400433 7.55244e+006 29.7392
400433 7.55244e+006 29.7393
400433 7.55244e+006 29.7392
400433 7.55244e+006 29.6962
400433 7.55244e+006 29.6962
400433 7.55244e+006 29.6964
400433 7.55244e+006 29.7393
400433 7.55244e+006 29.7148
400433 7.55244e+006 29.7393
400433 7.55244e+006 29.6964
400433 7.55244e+006 29.6964
400433 7.55244e+006 29.6862
400433 7.55244e+006 29.7148
400433 7.55244e+006 29.6915
400433 7.55244e+006 29.7162
400433 7.55244e+006 29.7148
400433 7.55244e+006 29.7148
400433 7.55244e+006 29.6901
400433 7.55244e+006 29.6915
400433 7.55244e+006 29.6913
400433 7.55244e+006 29.6915
400433 7.55244e+006 29.6901
400433 7.55244e+006 29.6901
400433 7.55244e+006 29.6899
400433 7.55244e+006 29.6913
400433 7.55244e+006 29.7159
400433 7.55244e+006 29.6913
400433 7.55244e+006 29.6899
400433 7.55244e+006 29.6899
400433 7.55244e+006 29.7144
400433 7.55244e+006 29.7159
400433 7.55244e+006 29.7406
400433 7.55244e+006 29.7159
400433 7.55244e+006 29.7144
400433 7.55244e+006 29.7144
400433 7.55244e+006 29.7392
400433 7.55244e+006 29.7406
400433 7.55244e+006 29.7407
400433 7.55244e+006 29.7406
400433 7.55244e+006 29.7392
400433 7.55244e+006 29.7392
400433 7.55244e+006 29.7393
400433 7.55244e+006 29.7407
400433 7.55244e+006 29.7162
400433 7.55244e+006 29.7407
400433 7.55244e+006 29.7393
400433 7.55244e+006 29.7393
400433 7.55244e+006 29.7148
400433 7.55244e+006 29.7162
400433 7.55244e+006 29.7344
400433 7.55244e+006 29.7447
400433 7.55244e+006 29.7162
400433 7.55244e+006 29.7162
400433 7.55244e+006 29.6915
400433 7.55244e+006 29.7344
400433 7.55244e+006 29.7343
400433 7.55244e+006 29.7344
400433 7.55244e+006 29.6915
400433 7.55244e+006 29.6915
400433 7.55244e+006 29.6913
400433 7.55244e+006 29.7343
400433 7.55244e+006 29.7444
400433 7.55244e+006 29.7343
400433 7.55244e+006 29.6913
400433 7.55244e+006 29.6913
400433 7.55244e+006 29.7159
400433 7.55244e+006 29.7444
400433 7.55244e+006 29.7547
400433 7.55244e+006 29.7444
400433 7.55244e+006 29.7159
400433 7.55244e+006 29.7159
400433 7.55244e+006 29.7406
400433 7.55244e+006 29.7547
400433 7.55244e+006 29.7548
400433 7.55244e+006 29.7547
400433 7.55244e+006 29.7406
400433 7.55244e+006 29.7406
400433 7.55244e+006 29.7407
400433 7.55244e+006 29.7548
400433 7.55244e+006 29.7447
400433 7.55244e+006 29.7548
400433 7.55244e+006 29.7407
400433 7.55244e+006 29.7407
400433 7.55244e+006 29.7162
400433 7.55244e+006 29.7447
400433 7.55244e+006 31.9799
400433 7.55244e+006 31.9867
400433 7.55244e+006 29.7447
400433 7.55244e+006 29.7447
400433 7.55244e+006 29.7344
400433 7.55244e+006 31.9799
400433 7.55244e+006 31.968
400433 7.55244e+006 31.9799
400433 7.55244e+006 29.7344
400433 7.55244e+006 29.7344
400433 7.55244e+006 29.7343
400433 7.55244e+006 31.968
400433 7.55244e+006 31.9629
400433 7.55244e+006 31.968
400433 7.55244e+006 29.7343
400433 7.55244e+006 29.7343
400433 7.55244e+006 29.7444
400433 7.55244e+006 31.9629
400433 7.55244e+006 31.9697
400433 7.55244e+006 31.9629
400433 7.55244e+006 29.7444
400433 7.55244e+006 29.7444
400433 7.55244e+006 29.7547
400433 7.55244e+006 31.9697
400433 7.55244e+006 31.9816
400433 7.55244e+006 31.9697
400433 7.55244e+006 29.7547
400433 7.55244e+006 29.7547
400433 7.55244e+006 29.7548
400433 7.55244e+006 31.9816
400433 7.55244e+006 31.9867
400433 7.55244e+006 31.9816
400433 7.55244e+006 29.7548
400433 7.55244e+006 29.7548
400433 7.55244e+006 29.7447
400433 7.55244e+006 31.9867
400433 7.55244e+006 32.0154
400433 7.55244e+006 32.0316
400433 7.55244e+006 31.9867
400433 7.55244e+006 31.9867
400433 7.55244e+006 31.9799
400433 7.55244e+006 32.0154
400433 7.55244e+006 31.9869
400433 7.55244e+006 32.0154
400433 7.55244e+006 31.9799
400433 7.55244e+006 31.9799
400433 7.55244e+006 31.968
400433 7.55244e+006 31.9869
400433 7.55244e+006 31.9746
400433 7.55244e+006 31.9869
400433 7.55244e+006 31.968
400433 7.55244e+006 31.968
400433 7.55244e+006 31.9629
400433 7.55244e+006 31.9746
400433 7.55244e+006 31.9908
400433 7.55244e+006 31.9746
400433 7.55244e+006 31.9629
400433 7.55244e+006 31.9629
400433 7.55244e+006 31.9697
400433 7.55244e+006 31.9908
400433 7.55244e+006 32.0193
400433 7.55244e+006 31.9908
400433 7.55244e+006 31.9697
400433 7.55244e+006 31.9697
400433 7.55244e+006 31.9816
400433 7.55244e+006 32.0193
400433 7.55244e+006 32.0316
400433 7.55244e+006 32.0193
400433 7.55244e+006 31.9816
400433 7.55244e+006 31.9816
400433 7.55244e+006 31.9867
400433 7.55244e+006 32.0316
400432 7.55244e+006 32.0088
400432 7.55244e+006 32.0249
400433 7.55244e+006 32.0316
400433 7.55244e+006 32.0316
400433 7.55244e+006 32.0154
400432 7.55244e+006 32.0088
400432 7.55244e+006 31.9805
400432 7.55244e+006 32.0088
400433 7.55244e+006 32.0154
400433 7.55244e+006 32.0154
400433 7.55244e+006 31.9869
400432 7.55244e+006 31.9805
400432 7.55244e+006 31.9683
400432 7.55244e+006 31.9805
400433 7.55244e+006 31.9869
400433 7.55244e+006 31.9869
400433 7.55244e+006 31.9746
400432 7.55244e+006 31.9683
400432 7.55244e+006 31.9844
400432 7.55244e+006 31.9683
400433 7.55244e+006 31.9746
400433 7.55244e+006 31.9746
400433 7.55244e+006 31.9908
400432 7.55244e+006 31.9844
400432 7.55244e+006 32.0127
400432 7.55244e+006 31.9844
400433 7.55244e+006 31.9908
400433 7.55244e+006 31.9908
400433 7.55244e+006 32.0193
400432 7.55244e+006 32.0127
400432 7.55244e+006 32.0249
400432 7.55244e+006 32.0127
400433 7.55244e+006 32.0193
400433 7.55244e+006 32.0193
400433 7.55244e+006 32.0316
400432 7.55244e+006 32.0249
400432 7.55244e+006 31.9729
400432 7.55244e+006 31.9795
400432 7.55244e+006 32.0249
400432 7.55244e+006 32.0249
400432 7.55244e+006 32.0088
400432 7.55244e+006 31.9729
400432 7.55244e+006 31.9613
400432 7.55244e+006 31.9729
400432 7.55244e+006 32.0088
400432 7.55244e+006 32.0088
400432 7.55244e+006 31.9805
400432 7.55244e+006 31.9613
400432 7.55244e+006 31.9563
400432 7.55244e+006 31.9613
400432 7.55244e+006 31.9805
400432 7.55244e+006 31.9805
400432 7.55244e+006 31.9683
400432 7.55244e+006 31.9563
400432 7.55244e+006 31.9629
400432 7.55244e+006 31.9563
400432 7.55244e+006 31.9683
400432 7.55244e+006 31.9683
400432 7.55244e+006 31.9844
400432 7.55244e+006 31.9629
400432 7.55244e+006 31.9745
400432 7.55244e+006 31.9629
400432 7.55244e+006 31.9844
400432 7.55244e+006 31.9844
400432 7.55244e+006 32.0127
400432 7.55244e+006 31.9745
400432 7.55244e+006 31.9795
400432 7.55244e+006 31.9745
400432 7.55244e+006 32.0127
400432 7.55244e+006 32.0127
400432 7.55244e+006 32.0249
400432 7.55244e+006 31.9795
400432 7.55244e+006 29.7237
400432 7.55244e+006 29.7263
400432 7.55244e+006 31.9795
400432 7.55244e+006 31.9795
400432 7.55244e+006 31.9729
400432 7.55244e+006 29.7237
400432 7.55244e+006 29.7324
400432 7.55244e+006 29.7237
400432 7.55244e+006 31.9729
400432 7.55244e+006 31.9729
400432 7.55244e+006 31.9613
400432 7.55244e+006 29.7324
400432 7.55244e+006 29.7437
400432 7.55244e+006 29.7324
400432 7.55244e+006 31.9613
400432 7.55244e+006 31.9613
400432 7.55244e+006 31.9563
400432 7.55244e+006 29.7437
400432 7.55244e+006 29.7463
400432 7.55244e+006 29.7437
400432 7.55244e+006 31.9563
400432 7.55244e+006 31.9563
400432 7.55244e+006 31.9629
400432 7.55244e+006 29.7463
400432 7.55244e+006 29.7376
400432 7.55244e+006 29.7463
400432 7.55244e+006 31.9629
400432 7.55244e+006 31.9629
400432 7.55244e+006 31.9745
400432 7.55244e+006 29.7376
400432 7.55244e+006 29.7263
400432 7.55244e+006 29.7376
400432 7.55244e+006 31.9745
400432 7.55244e+006 31.9745
400432 7.55244e+006 31.9795
400432 7.55244e+006 29.7263
400432 7.55244e+006 29.679
400432 7.55244e+006 29.6854
400432 7.55244e+006 29.7263
400432 7.55244e+006 29.7263
400432 7.55244e+006 29.7237
400432 7.55244e+006 29.679
400432 7.55244e+006 29.6999
400432 7.55244e+006 29.679
400432 7.55244e+006 29.7237
400432 7.55244e+006 29.7237
400432 7.55244e+006 29.7324
400432 7.55244e+006 29.6999
400432 7.55244e+006 29.7272
400432 7.55244e+006 29.6999
400432 7.55244e+006 29.7324
400432 7.55244e+006 29.7324
400432 7.55244e+006 29.7437
400432 7.55244e+006 29.7272
400432 7.55244e+006 29.7335
400432 7.55244e+006 29.7272
400432 7.55244e+006 29.7437
400432 7.55244e+006 29.7437
400432 7.55244e+006 29.7463
400432 7.55244e+006 29.7335
400432 7.55244e+006 29.7126
400432 7.55244e+006 29.7335
400432 7.55244e+006 29.7463
400432 7.55244e+006 29.7463
400432 7.55244e+006 29.7376
400432 7.55244e+006 29.7126
400432 7.55244e+006 29.6854
400432 7.55244e+006 29.7126
400432 7.55244e+006 29.7376
400432 7.55244e+006 29.7376
400432 7.55244e+006 29.7263
400432 7.55244e+006 29.6854
400432 7.55244e+006 29.6794
400432 7.55244e+006 29.6879
400432 7.55244e+006 29.6854
400432 7.55244e+006 29.6854
400432 7.55244e+006 29.679
400432 7.55244e+006 29.6794
400432 7.55244e+006 29.6987
400432 7.55244e+006 29.6794
400432 7.55244e+006 29.679
400432 7.55244e+006 29.679
400432 7.55244e+006 29.6999
400432 7.55244e+006 29.6987
400432 7.55244e+006 29.7264
400432 7.55244e+006 29.6987
400432 7.55244e+006 29.6999
400432 7.55244e+006 29.6999
400432 7.55244e+006 29.7272
400432 7.55244e+006 29.7264
400432 7.55244e+006 29.7349
400432 7.55244e+006 29.7264
400432 7.55244e+006 29.7272
400432 7.55244e+006 29.7272
400432 7.55244e+006 29.7335
400432 7.55244e+006 29.7349
400432 7.55244e+006 29.7157
400432 7.55244e+006 29.7349
400432 7.55244e+006 29.7335
400432 7.55244e+006 29.7335
400432 7.55244e+006 29.7126
400432 7.55244e+006 29.7157
400432 7.55244e+006 29.6879
400432 7.55244e+006 29.7157
400432 7.55244e+006 29.7126
400432 7.55244e+006 29.7126
400432 7.55244e+006 29.6854
400432 7.55244e+006 29.6879
400432 7.55244e+006 29.6765
400432 7.55244e+006 29.6872
400432 7.55244e+006 29.6879
400432 7.55244e+006 29.6879
400432 7.55244e+006 29.6794
400432 7.55244e+006 29.6765
400432 7.55244e+006 29.694
400432 7.55244e+006 29.6765
400432 7.55244e+006 29.6794
400432 7.55244e+006 29.6794
400432 7.55244e+006 29.6987
400432 7.55244e+006 29.694
400432 7.55244e+006 29.7222
400432 7.55244e+006 29.694
400432 7.55244e+006 29.6987
400432 7.55244e+006 29.6987
400432 7.55244e+006 29.7264
400432 7.55244e+006 29.7222
400432 7.55244e+006 29.7329
400432 7.55244e+006 29.7222
400432 7.55244e+006 29.7264
400432 7.55244e+006 29.7264
400432 7.55244e+006 29.7349
400432 7.55244e+006 29.7329
400432 7.55244e+006 29.7154
400432 7.55244e+006 29.7329
400432 7.55244e+006 29.7349
400432 7.55244e+006 29.7349
400432 7.55244e+006 29.7157
400432 7.55244e+006 29.7154
400432 7.55244e+006 29.6872
400432 7.55244e+006 29.7154
400432 7.55244e+006 29.7157
400432 7.55244e+006 29.7157
400432 7.55244e+006 29.6879
400432 7.55244e+006 29.6872
400432 7.55244e+006 29.6645
400432 7.55244e+006 29.6688
400432 7.55244e+006 29.6872
400432 7.55244e+006 29.6872
400432 7.55244e+006 29.6765
400432 7.55244e+006 29.6645
400432 7.55244e+006 29.6718
400432 7.55244e+006 29.6645
400432 7.55244e+006 29.6765
400432 7.55244e+006 29.6765
400432 7.55244e+006 29.694
400432 7.55244e+006 29.6718
400432 7.55244e+006 29.6835
400432 7.55244e+006 29.6718
400432 7.55244e+006 29.694
400432 7.55244e+006 29.694
400432 7.55244e+006 29.7222
400432 7.55244e+006 29.6835
400432 7.55244e+006 29.6878
400432 7.55244e+006 29.6835
400432 7.55244e+006 29.7222
400432 7.55244e+006 29.7222
400432 7.55244e+006 29.7329
400432 7.55244e+006 29.6878
400432 7.55244e+006 29.6805
400432 7.55244e+006 29.6878
400432 7.55244e+006 29.7329
400432 7.55244e+006 29.7329
400432 7.55244e+006 29.7154
400432 7.55244e+006 29.6805
400432 7.55244e+006 29.6688
400432 7.55244e+006 29.6805
400432 7.55244e+006 29.7154
400432 7.55244e+006 29.7154
400432 7.55244e+006 29.6872
400432 7.55244e+006 29.6688
400432 7.55244e+006 18.8735
400432 7.55244e+006 18.8734
400432 7.55244e+006 29.6688
400432 7.55244e+006 29.6688
400432 7.55244e+006 29.6645
400432 7.55244e+006 18.8735
400432 7.55244e+006 18.8736
400432 7.55244e+006 18.8735
400432 7.55244e+006 29.6645
400432 7.55244e+006 29.6645
400432 7.55244e+006 29.6718
400432 7.55244e+006 18.8736
400432 7.55244e+006 18.8736
400432 7.55244e+006 18.8736
400432 7.55244e+006 29.6718
400432 7.55244e+006 29.6718
400432 7.55244e+006 29.6835
400432 7.55244e+006 18.8736
400432 7.55244e+006 18.8735
400432 7.55244e+006 18.8736
400432 7.55244e+006 29.6835
400432 7.55244e+006 29.6835
400432 7.55244e+006 29.6878
400432 7.55244e+006 18.8735
400432 7.55244e+006 18.8733
400432 7.55244e+006 18.8735
400432 7.55244e+006 29.6878
400432 7.55244e+006 29.6878
400432 7.55244e+006 29.6805
400432 7.55244e+006 18.8733
400432 7.55244e+006 18.8734
400432 7.55244e+006 18.8733
400432 7.55244e+006 29.6805
400432 7.55244e+006 29.6805
400432 7.55244e+006 29.6688
400432 7.55244e+006 18.8734
400433 7.55244e+006 29.3846
400433 7.55244e+006 29.3845
400433 7.55244e+006 29.3843
400433 7.55244e+006 29.3846
400433 7.55244e+006 29.3843
400433 7.55244e+006 29.3843
400433 7.55244e+006 29.3846
400433 7.55244e+006 29.3843
400433 7.55244e+006 29.3843
400433 7.55244e+006 29.3845
400433 7.55244e+006 29.3846
400433 7.55244e+006 29.3843
400432 7.55244e+006 18.8736
400432 7.55244e+006 18.8734
400432 7.55244e+006 18.8735
400432 7.55244e+006 18.8734
400432 7.55244e+006 18.8736
400432 7.55244e+006 18.8736
400432 7.55244e+006 18.8736
400432 7.55244e+006 18.8735
400432 7.55244e+006 18.8734
400432 7.55244e+006 18.8733
400432 7.55244e+006 18.8734
400432 7.55244e+006 18.8735
400433 7.55244e+006 29.674
400433 7.55244e+006 29.3825
400433 7.55244e+006 29.3826
400433 7.55244e+006 29.3826
400433 7.55244e+006 29.6843
400433 7.55244e+006 29.674
400433 7.55244e+006 29.6738
400433 7.55244e+006 29.3824
400433 7.55244e+006 29.3825
400433 7.55244e+006 29.3825
400433 7.55244e+006 29.674
400433 7.55244e+006 29.6738
400433 7.55244e+006 29.6839
400433 7.55244e+006 29.3823
400433 7.55244e+006 29.3824
400433 7.55244e+006 29.3824
400433 7.55244e+006 29.6738
400433 7.55244e+006 29.6839
400433 7.55244e+006 29.6942
400433 7.55244e+006 29.3824
400433 7.55244e+006 29.3823
400433 7.55244e+006 29.3823
400433 7.55244e+006 29.6839
400433 7.55244e+006 29.6942
400433 7.55244e+006 29.6944
400433 7.55244e+006 29.3825
400433 7.55244e+006 29.3824
400433 7.55244e+006 29.3824
400433 7.55244e+006 29.6942
400433 7.55244e+006 29.6944
400433 7.55244e+006 29.6843
400433 7.55244e+006 29.3826
400433 7.55244e+006 29.3825
400433 7.55244e+006 29.3825
400433 7.55244e+006 29.6944
400433 7.55244e+006 29.6843
400433 7.55244e+006 29.6881
400433 7.55244e+006 29.674
400433 7.55244e+006 29.6843
400433 7.55244e+006 29.6843
400433 7.55244e+006 29.7128
400433 7.55244e+006 29.6881
400433 7.55244e+006 29.6879
400433 7.55244e+006 29.6738
400433 7.55244e+006 29.674
400433 7.55244e+006 29.674
400433 7.55244e+006 29.6881
400433 7.55244e+006 29.6879
400433 7.55244e+006 29.7125
400433 7.55244e+006 29.6839
400433 7.55244e+006 29.6738
400433 7.55244e+006 29.6738
400433 7.55244e+006 29.6879
400433 7.55244e+006 29.7125
400433 7.55244e+006 29.7372
400433 7.55244e+006 29.6942
400433 7.55244e+006 29.6839
400433 7.55244e+006 29.6839
400433 7.55244e+006 29.7125
400433 7.55244e+006 29.7372
400433 7.55244e+006 29.7374
400433 7.55244e+006 29.6944
400433 7.55244e+006 29.6942
400433 7.55244e+006 29.6942
400433 7.55244e+006 29.7372
400433 7.55244e+006 29.7374
400433 7.55244e+006 29.7128
400433 7.55244e+006 29.6843
400433 7.55244e+006 29.6944
400433 7.55244e+006 29.6944
400433 7.55244e+006 29.7374
400433 7.55244e+006 29.7128
400433 7.55244e+006 29.6895
400433 7.55244e+006 29.6881
400433 7.55244e+006 29.7128
400433 7.55244e+006 29.7128
400433 7.55244e+006 29.7142
400433 7.55244e+006 29.6895
400433 7.55244e+006 29.6893
400433 7.55244e+006 29.6879
400433 7.55244e+006 29.6881
400433 7.55244e+006 29.6881
400433 7.55244e+006 29.6895
400433 7.55244e+006 29.6893
400433 7.55244e+006 29.7139
400433 7.55244e+006 29.7125
400433 7.55244e+006 29.6879
400433 7.55244e+006 29.6879
400433 7.55244e+006 29.6893
400433 7.55244e+006 29.7139
400433 7.55244e+006 29.7386
400433 7.55244e+006 29.7372
400433 7.55244e+006 29.7125
400433 7.55244e+006 29.7125
400433 7.55244e+006 29.7139
400433 7.55244e+006 29.7386
400433 7.55244e+006 29.7388
400433 7.55244e+006 29.7374
400433 7.55244e+006 29.7372
400433 7.55244e+006 29.7372
400433 7.55244e+006 29.7386
400433 7.55244e+006 29.7388
400433 7.55244e+006 29.7142
400433 7.55244e+006 29.7128
400433 7.55244e+006 29.7374
400433 7.55244e+006 29.7374
400433 7.55244e+006 29.7388
400433 7.55244e+006 29.7142
400433 7.55244e+006 29.7325
400433 7.55244e+006 29.6895
400433 7.55244e+006 29.7142
400433 7.55244e+006 29.7142
400433 7.55244e+006 29.7427
400433 7.55244e+006 29.7325
400433 7.55244e+006 29.7323
400433 7.55244e+006 29.6893
400433 7.55244e+006 29.6895
400433 7.55244e+006 29.6895
400433 7.55244e+006 29.7325
400433 7.55244e+006 29.7323
400433 7.55244e+006 29.7424
400433 7.55244e+006 29.7139
400433 7.55244e+006 29.6893
400433 7.55244e+006 29.6893
400433 7.55244e+006 29.7323
400433 7.55244e+006 29.7424
400433 7.55244e+006 29.7527
400433 7.55244e+006 29.7386
400433 7.55244e+006 29.7139
400433 7.55244e+006 29.7139
400433 7.55244e+006 29.7424
400433 7.55244e+006 29.7527
400433 7.55244e+006 29.7529
400433 7.55244e+006 29.7388
400433 7.55244e+006 29.7386
400433 7.55244e+006 29.7386
400433 7.55244e+006 29.7527
400433 7.55244e+006 29.7529
400433 7.55244e+006 29.7427
400433 7.55244e+006 29.7142
400433 7.55244e+006 29.7388
400433 7.55244e+006 29.7388
400433 7.55244e+006 29.7529
400433 7.55244e+006 29.7427
400433 7.55244e+006 31.9228
400433 7.55244e+006 29.7325
400433 7.55244e+006 29.7427
400433 7.55244e+006 29.7427
400433 7.55244e+006 31.9296
400433 7.55244e+006 31.9228
400433 7.55244e+006 31.9109
400433 7.55244e+006 29.7323
400433 7.55244e+006 29.7325
400433 7.55244e+006 29.7325
400433 7.55244e+006 31.9228
400433 7.55244e+006 31.9109
400433 7.55244e+006 31.9057
400433 7.55244e+006 29.7424
400433 7.55244e+006 29.7323
400433 7.55244e+006 29.7323
400433 7.55244e+006 31.9109
400433 7.55244e+006 31.9057
400433 7.55244e+006 31.9125
400433 7.55244e+006 29.7527
400433 7.55244e+006 29.7424
400433 7.55244e+006 29.7424
400433 7.55244e+006 31.9057
400433 7.55244e+006 31.9125
400433 7.55244e+006 31.9244
400433 7.55244e+006 29.7529
400433 7.55244e+006 29.7527
400433 7.55244e+006 29.7527
400433 7.55244e+006 31.9125
400433 7.55244e+006 31.9244
400433 7.55244e+006 31.9296
400433 7.55244e+006 29.7427
400433 7.55244e+006 29.7529
400433 7.55244e+006 29.7529
400433 7.55244e+006 31.9244
400433 7.55244e+006 31.9296
400433 7.55244e+006 31.9582
400433 7.55244e+006 31.9228
400433 7.55244e+006 31.9296
400433 7.55244e+006 31.9296
400433 7.55244e+006 31.9744
400433 7.55244e+006 31.9582
400433 7.55244e+006 31.9298
400433 7.55244e+006 31.9109
400433 7.55244e+006 31.9228
400433 7.55244e+006 31.9228
400433 7.55244e+006 31.9582
400433 7.55244e+006 31.9298
400433 7.55244e+006 31.9175
400433 7.55244e+006 31.9057
400433 7.55244e+006 31.9109
400433 7.55244e+006 31.9109
400433 7.55244e+006 31.9298
400433 7.55244e+006 31.9175
400433 7.55244e+006 31.9337
400433 7.55244e+006 31.9125
400433 7.55244e+006 31.9057
400433 7.55244e+006 31.9057
400433 7.55244e+006 31.9175
400433 7.55244e+006 31.9337
400433 7.55244e+006 31.9621
400433 7.55244e+006 31.9244
400433 7.55244e+006 31.9125
400433 7.55244e+006 31.9125
400433 7.55244e+006 31.9337
400433 7.55244e+006 31.9621
400433 7.55244e+006 31.9744
400433 7.55244e+006 31.9296
400433 7.55244e+006 31.9244
400433 7.55244e+006 31.9244
400433 7.55244e+006 31.9621
400433 7.55244e+006 31.9744
400432 7.55244e+006 31.9498
400433 7.55244e+006 31.9582
400433 7.55244e+006 31.9744
400433 7.55244e+006 31.9744
400432 7.55244e+006 31.9659
400432 7.55244e+006 31.9498
400432 7.55244e+006 31.9215
400433 7.55244e+006 31.9298
400433 7.55244e+006 31.9582
400433 7.55244e+006 31.9582
400432 7.55244e+006 31.9498
400432 7.55244e+006 31.9215
400432 7.55244e+006 31.9092
400433 7.55244e+006 31.9175
400433 7.55244e+006 31.9298
400433 7.55244e+006 31.9298
400432 7.55244e+006 31.9215
400432 7.55244e+006 31.9092
400432 7.55244e+006 31.9253
400433 7.55244e+006 31.9337
400433 7.55244e+006 31.9175
400433 7.55244e+006 31.9175
400432 7.55244e+006 31.9092
400432 7.55244e+006 31.9253
400432 7.55244e+006 31.9537
400433 7.55244e+006 31.9621
400433 7.55244e+006 31.9337
400433 7.55244e+006 31.9337
400432 7.55244e+006 31.9253
400432 7.55244e+006 31.9537
400432 7.55244e+006 31.9659
400433 7.55244e+006 31.9744
400433 7.55244e+006 31.9621
400433 7.55244e+006 31.9621
400432 7.55244e+006 31.9537
400432 7.55244e+006 31.9659
400432 7.55244e+006 31.9139
400432 7.55244e+006 31.9498
400432 7.55244e+006 31.9659
400432 7.55244e+006 31.9659
400432 7.55244e+006 31.9205
400432 7.55244e+006 31.9139
400432 7.55244e+006 31.9023
400432 7.55244e+006 31.9215
400432 7.55244e+006 31.9498
400432 7.55244e+006 31.9498
400432 7.55244e+006 31.9139
400432 7.55244e+006 31.9023
400432 7.55244e+006 31.8973
400432 7.55244e+006 31.9092
400432 7.55244e+006 31.9215
400432 7.55244e+006 31.9215
400432 7.55244e+006 31.9023
400432 7.55244e+006 31.8973
400432 7.55244e+006 31.9039
400432 7.55244e+006 31.9253
400432 7.55244e+006 31.9092
400432 7.55244e+006 31.9092
400432 7.55244e+006 31.8973
400432 7.55244e+006 31.9039
400432 7.55244e+006 31.9155
400432 7.55244e+006 31.9537
400432 7.55244e+006 31.9253
400432 7.55244e+006 31.9253
400432 7.55244e+006 31.9039
400432 7.55244e+006 31.9155
400432 7.55244e+006 31.9205
400432 7.55244e+006 31.9659
400432 7.55244e+006 31.9537
400432 7.55244e+006 31.9537
400432 7.55244e+006 31.9155
400432 7.55244e+006 31.9205
400432 7.55244e+006 18.8684
400432 7.55244e+006 31.9139
400432 7.55244e+006 31.9205
400432 7.55244e+006 31.9205
400432 7.55244e+006 18.8683
400432 7.55244e+006 18.8684
400432 7.55244e+006 18.8686
400432 7.55244e+006 31.9023
400432 7.55244e+006 31.9139
400432 7.55244e+006 31.9139
400432 7.55244e+006 18.8684
400432 7.55244e+006 18.8686
400432 7.55244e+006 18.8687
400432 7.55244e+006 31.8973
400432 7.55244e+006 31.9023
400432 7.55244e+006 31.9023
400432 7.55244e+006 18.8686
400432 7.55244e+006 18.8687
400432 7.55244e+006 18.8686
400432 7.55244e+006 31.9039
400432 7.55244e+006 31.8973
400432 7.55244e+006 31.8973
400432 7.55244e+006 18.8687
400432 7.55244e+006 18.8686
400432 7.55244e+006 18.8684
400432 7.55244e+006 31.9155
400432 7.55244e+006 31.9039
400432 7.55244e+006 31.9039
400432 7.55244e+006 18.8686
400432 7.55244e+006 18.8684
400432 7.55244e+006 18.8683
400432 7.55244e+006 31.9205
400432 7.55244e+006 31.9155
400432 7.55244e+006 31.9155
400432 7.55244e+006 18.8684
400432 7.55244e+006 18.8683
400433 7.55244e+006 29.3824
400433 7.55244e+006 29.3825
400433 7.55244e+006 29.3826
400433 7.55244e+006 29.3823
400433 7.55244e+006 29.3824
400433 7.55244e+006 29.3826
400433 7.55244e+006 29.3824
400433 7.55244e+006 29.3823
400433 7.55244e+006 29.3826
400433 7.55244e+006 29.3825
400433 7.55244e+006 29.3824
400433 7.55244e+006 29.3826
400432 7.55244e+006 18.8686
400432 7.55244e+006 18.8684
400432 7.55244e+006 18.8683
400432 7.55244e+006 18.8683
400432 7.55244e+006 18.8686
400432 7.55244e+006 18.8687
400432 7.55244e+006 18.8687
400432 7.55244e+006 18.8686
400432 7.55244e+006 18.8683
400432 7.55244e+006 18.8684
400432 7.55244e+006 18.8686
400432 7.55244e+006 18.8683
400433 7.55244e+006 30.9917
400432 7.55244e+006 30.9831
400432 7.55244e+006 30.9575
400432 7.55244e+006 30.9575
400433 7.55244e+006 30.9661
400433 7.55244e+006 30.9917
400433 7.55244e+006 31.0045
400432 7.55244e+006 30.996
400432 7.55244e+006 30.9831
400432 7.55244e+006 30.9831
400433 7.55244e+006 30.9917
400433 7.55244e+006 31.0045
400433 7.55244e+006 30.9917
400432 7.55244e+006 30.9831
400432 7.55244e+006 30.996
400432 7.55244e+006 30.996
400433 7.55244e+006 31.0045
400433 7.55244e+006 30.9917
400433 7.55244e+006 30.9661
400432 7.55244e+006 30.9575
400432 7.55244e+006 30.9831
400432 7.55244e+006 30.9831
400433 7.55244e+006 30.9917
400433 7.55244e+006 30.9661
400433 7.55244e+006 30.9532
400432 7.55244e+006 30.9447
400432 7.55244e+006 30.9575
400432 7.55244e+006 30.9575
400433 7.55244e+006 30.9661
400433 7.55244e+006 30.9532
400433 7.55244e+006 30.9661
400432 7.55244e+006 30.9575
400432 7.55244e+006 30.9447
400432 7.55244e+006 30.9447
400433 7.55244e+006 30.9532
400433 7.55244e+006 30.9661
400432 7.55244e+006 30.9575
400432 7.55244e+006 30.9447
400432 7.55244e+006 30.9575
400432 7.55244e+006 30.9831
400432 7.55244e+006 30.9575
400432 7.55244e+006 30.9575
400432 7.55244e+006 30.996
400432 7.55244e+006 30.9831
400432 7.55244e+006 30.9575
400432 7.55244e+006 30.9831
400432 7.55244e+006 30.996
400432 7.55244e+006 30.9575
400433 7.55244e+006 31.0045
400433 7.55244e+006 30.9917
400433 7.55244e+006 30.9661
400433 7.55244e+006 30.9661
400433 7.55244e+006 30.9661
400433 7.55244e+006 30.9917
400433 7.55244e+006 30.9917
400433 7.55244e+006 31.0045
400433 7.55244e+006 30.9661
400433 7.55244e+006 30.9532
400433 7.55244e+006 30.9661
400433 7.55244e+006 30.9661
