400428 7.55243e+006 25.4318
400428 7.55243e+006 25.7735
400429 7.55243e+006 25.7777
400429 7.55243e+006 25.7777
400429 7.55243e+006 25.436
400428 7.55243e+006 25.4318
400428 7.55243e+006 25.4318
400429 7.55243e+006 25.436
400429 7.55243e+006 25.7777
400429 7.55243e+006 25.7777
400428 7.55243e+006 25.7735
400428 7.55243e+006 25.4318
400428 7.55243e+006 25.4318
400429 7.55243e+006 25.436
400429 7.55243e+006 25.436
400429 7.55243e+006 25.436
400428 7.55243e+006 25.4318
400428 7.55243e+006 25.4318
400429 7.55243e+006 25.436
400429 7.55243e+006 25.7777
400429 7.55243e+006 25.7777
400429 7.55243e+006 25.7777
400429 7.55243e+006 25.436
400429 7.55243e+006 25.436
400429 7.55243e+006 25.7777
400428 7.55243e+006 25.7735
400428 7.55243e+006 25.7735
400428 7.55243e+006 25.7735
400429 7.55243e+006 25.7777
400429 7.55243e+006 25.7777
400428 7.55243e+006 25.7735
400428 7.55243e+006 25.4318
400428 7.55243e+006 25.4318
400428 7.55243e+006 25.4318
400428 7.55243e+006 25.7735
400428 7.55243e+006 25.7735
400428 7.55243e+006 25.4318
400428 7.55243e+006 25.7735
400429 7.55243e+006 25.7777
400429 7.55243e+006 25.7777
400429 7.55243e+006 25.436
400428 7.55243e+006 25.4318
400428 7.55243e+006 25.4318
400429 7.55243e+006 25.436
400429 7.55243e+006 25.7777
400429 7.55243e+006 25.7777
400428 7.55243e+006 25.7735
400428 7.55243e+006 25.4318
400428 7.55243e+006 25.4318
400429 7.55243e+006 25.436
400429 7.55243e+006 25.436
400429 7.55243e+006 25.436
400428 7.55243e+006 25.4318
400428 7.55243e+006 25.4318
400429 7.55243e+006 25.436
400429 7.55243e+006 25.7777
400429 7.55243e+006 25.7777
400429 7.55243e+006 25.7777
400429 7.55243e+006 25.436
400429 7.55243e+006 25.436
400429 7.55243e+006 25.7777
400428 7.55243e+006 25.7735
400428 7.55243e+006 25.7735
400428 7.55243e+006 25.7735
400429 7.55243e+006 25.7777
400429 7.55243e+006 25.7777
400428 7.55243e+006 25.7735
400428 7.55243e+006 25.4318
400428 7.55243e+006 25.4318
400428 7.55243e+006 25.4318
400428 7.55243e+006 25.7735
400428 7.55243e+006 25.7735
400451 7.55243e+006 25.5966
400451 7.55243e+006 25.9383
400451 7.55243e+006 25.9425
400451 7.55243e+006 25.9425
400451 7.55243e+006 25.6008
400451 7.55243e+006 25.5966
400451 7.55243e+006 25.5966
400451 7.55243e+006 25.6008
400451 7.55243e+006 25.9425
400451 7.55243e+006 25.9425
400451 7.55243e+006 25.9383
400451 7.55243e+006 25.5966
400451 7.55243e+006 25.5966
400451 7.55243e+006 25.6008
400451 7.55243e+006 25.6008
400451 7.55243e+006 25.6008
400451 7.55243e+006 25.5966
400451 7.55243e+006 25.5966
400451 7.55243e+006 25.6008
400451 7.55243e+006 25.9425
400451 7.55243e+006 25.9425
400451 7.55243e+006 25.9425
400451 7.55243e+006 25.6008
400451 7.55243e+006 25.6008
400451 7.55243e+006 25.9425
400451 7.55243e+006 25.9383
400451 7.55243e+006 25.9383
400451 7.55243e+006 25.9383
400451 7.55243e+006 25.9425
400451 7.55243e+006 25.9425
400451 7.55243e+006 25.9383
400451 7.55243e+006 25.5966
400451 7.55243e+006 25.5966
400451 7.55243e+006 25.5966
400451 7.55243e+006 25.9383
400451 7.55243e+006 25.9383
400451 7.55243e+006 25.5966
400451 7.55243e+006 25.9383
400451 7.55243e+006 25.9425
400451 7.55243e+006 25.9425
400451 7.55243e+006 25.6008
400451 7.55243e+006 25.5966
400451 7.55243e+006 25.5966
400451 7.55243e+006 25.6008
400451 7.55243e+006 25.9425
400451 7.55243e+006 25.9425
400451 7.55243e+006 25.9383
400451 7.55243e+006 25.5966
400451 7.55243e+006 25.5966
400451 7.55243e+006 25.6008
400451 7.55243e+006 25.6008
400451 7.55243e+006 25.6008
400451 7.55243e+006 25.5966
400451 7.55243e+006 25.5966
400451 7.55243e+006 25.6008
400451 7.55243e+006 25.9425
400451 7.55243e+006 25.9425
400451 7.55243e+006 25.9425
400451 7.55243e+006 25.6008
400451 7.55243e+006 25.6008
400451 7.55243e+006 25.9425
400451 7.55243e+006 25.9383
400451 7.55243e+006 25.9383
400451 7.55243e+006 25.9383
400451 7.55243e+006 25.9425
400451 7.55243e+006 25.9425
400451 7.55243e+006 25.9383
400451 7.55243e+006 25.5966
400451 7.55243e+006 25.5966
400451 7.55243e+006 25.5966
400451 7.55243e+006 25.9383
400451 7.55243e+006 25.9383
400449 7.55243e+006 25.5828
400449 7.55243e+006 25.9245
400449 7.55243e+006 25.9287
400449 7.55243e+006 25.9287
400449 7.55243e+006 25.587
400449 7.55243e+006 25.5828
400449 7.55243e+006 25.5828
400449 7.55243e+006 25.587
400449 7.55243e+006 25.9287
400449 7.55243e+006 25.9287
400449 7.55243e+006 25.9245
400449 7.55243e+006 25.5828
400449 7.55243e+006 25.5828
400449 7.55243e+006 25.587
400449 7.55243e+006 25.587
400449 7.55243e+006 25.587
400449 7.55243e+006 25.5828
400449 7.55243e+006 25.5828
400449 7.55243e+006 25.587
400449 7.55243e+006 25.9287
400449 7.55243e+006 25.9287
400449 7.55243e+006 25.9287
400449 7.55243e+006 25.587
400449 7.55243e+006 25.587
400449 7.55243e+006 25.9287
400449 7.55243e+006 25.9245
400449 7.55243e+006 25.9245
400449 7.55243e+006 25.9245
400449 7.55243e+006 25.9287
400449 7.55243e+006 25.9287
400449 7.55243e+006 25.9245
400449 7.55243e+006 25.5828
400449 7.55243e+006 25.5828
400449 7.55243e+006 25.5828
400449 7.55243e+006 25.9245
400449 7.55243e+006 25.9245
400449 7.55243e+006 25.5828
400449 7.55243e+006 25.9245
400449 7.55243e+006 25.9287
400449 7.55243e+006 25.9287
400449 7.55243e+006 25.587
400449 7.55243e+006 25.5828
400449 7.55243e+006 25.5828
400449 7.55243e+006 25.587
400449 7.55243e+006 25.9287
400449 7.55243e+006 25.9287
400449 7.55243e+006 25.9245
400449 7.55243e+006 25.5828
400449 7.55243e+006 25.5828
400449 7.55243e+006 25.587
400449 7.55243e+006 25.587
400449 7.55243e+006 25.587
400449 7.55243e+006 25.5828
400449 7.55243e+006 25.5828
400449 7.55243e+006 25.587
400449 7.55243e+006 25.9287
400449 7.55243e+006 25.9287
400449 7.55243e+006 25.9287
400449 7.55243e+006 25.587
400449 7.55243e+006 25.587
400449 7.55243e+006 25.9287
400449 7.55243e+006 25.9245
400449 7.55243e+006 25.9245
400449 7.55243e+006 25.9245
400449 7.55243e+006 25.9287
400449 7.55243e+006 25.9287
400449 7.55243e+006 25.9245
400449 7.55243e+006 25.5828
400449 7.55243e+006 25.5828
400449 7.55243e+006 25.5828
400449 7.55243e+006 25.9245
400449 7.55243e+006 25.9245
400447 7.55243e+006 25.5695
400447 7.55243e+006 25.9112
400447 7.55243e+006 25.9153
400447 7.55243e+006 25.9153
400447 7.55243e+006 25.5736
400447 7.55243e+006 25.5695
400447 7.55243e+006 25.5695
400447 7.55243e+006 25.5736
400447 7.55243e+006 25.9153
400447 7.55243e+006 25.9153
400447 7.55243e+006 25.9112
400447 7.55243e+006 25.5695
400447 7.55243e+006 25.5695
400447 7.55243e+006 25.5736
400447 7.55243e+006 25.5736
400447 7.55243e+006 25.5736
400447 7.55243e+006 25.5695
400447 7.55243e+006 25.5695
400447 7.55243e+006 25.5736
400447 7.55243e+006 25.9153
400447 7.55243e+006 25.9153
400447 7.55243e+006 25.9153
400447 7.55243e+006 25.5736
400447 7.55243e+006 25.5736
400447 7.55243e+006 25.9153
400447 7.55243e+006 25.9112
400447 7.55243e+006 25.9112
400447 7.55243e+006 25.9112
400447 7.55243e+006 25.9153
400447 7.55243e+006 25.9153
400447 7.55243e+006 25.9112
400447 7.55243e+006 25.5695
400447 7.55243e+006 25.5695
400447 7.55243e+006 25.5695
400447 7.55243e+006 25.9112
400447 7.55243e+006 25.9112
400447 7.55243e+006 25.5695
400447 7.55243e+006 25.9112
400447 7.55243e+006 25.9153
400447 7.55243e+006 25.9153
400447 7.55243e+006 25.5736
400447 7.55243e+006 25.5695
400447 7.55243e+006 25.5695
400447 7.55243e+006 25.5736
400447 7.55243e+006 25.9153
400447 7.55243e+006 25.9153
400447 7.55243e+006 25.9112
400447 7.55243e+006 25.5695
400447 7.55243e+006 25.5695
400447 7.55243e+006 25.5736
400447 7.55243e+006 25.5736
400447 7.55243e+006 25.5736
400447 7.55243e+006 25.5695
400447 7.55243e+006 25.5695
400447 7.55243e+006 25.5736
400447 7.55243e+006 25.9153
400447 7.55243e+006 25.9153
400447 7.55243e+006 25.9153
400447 7.55243e+006 25.5736
400447 7.55243e+006 25.5736
400447 7.55243e+006 25.9153
400447 7.55243e+006 25.9112
400447 7.55243e+006 25.9112
400447 7.55243e+006 25.9112
400447 7.55243e+006 25.9153
400447 7.55243e+006 25.9153
400447 7.55243e+006 25.9112
400447 7.55243e+006 25.5695
400447 7.55243e+006 25.5695
400447 7.55243e+006 25.5695
400447 7.55243e+006 25.9112
400447 7.55243e+006 25.9112
400445 7.55243e+006 25.5554
400445 7.55243e+006 25.8971
400445 7.55243e+006 25.9013
400445 7.55243e+006 25.9013
400445 7.55243e+006 25.5596
400445 7.55243e+006 25.5554
400445 7.55243e+006 25.5554
400445 7.55243e+006 25.5596
400445 7.55243e+006 25.9013
400445 7.55243e+006 25.9013
400445 7.55243e+006 25.8971
400445 7.55243e+006 25.5554
400445 7.55243e+006 25.5554
400445 7.55243e+006 25.5596
400445 7.55243e+006 25.5596
400445 7.55243e+006 25.5596
400445 7.55243e+006 25.5554
400445 7.55243e+006 25.5554
400445 7.55243e+006 25.5596
400445 7.55243e+006 25.9013
400445 7.55243e+006 25.9013
400445 7.55243e+006 25.9013
400445 7.55243e+006 25.5596
400445 7.55243e+006 25.5596
400445 7.55243e+006 25.9013
400445 7.55243e+006 25.8971
400445 7.55243e+006 25.8971
400445 7.55243e+006 25.8971
400445 7.55243e+006 25.9013
400445 7.55243e+006 25.9013
400445 7.55243e+006 25.8971
400445 7.55243e+006 25.5554
400445 7.55243e+006 25.5554
400445 7.55243e+006 25.5554
400445 7.55243e+006 25.8971
400445 7.55243e+006 25.8971
400445 7.55243e+006 25.5554
400445 7.55243e+006 25.8971
400445 7.55243e+006 25.9013
400445 7.55243e+006 25.9013
400445 7.55243e+006 25.5596
400445 7.55243e+006 25.5554
400445 7.55243e+006 25.5554
400445 7.55243e+006 25.5596
400445 7.55243e+006 25.9013
400445 7.55243e+006 25.9013
400445 7.55243e+006 25.8971
400445 7.55243e+006 25.5554
400445 7.55243e+006 25.5554
400445 7.55243e+006 25.5596
400445 7.55243e+006 25.5596
400445 7.55243e+006 25.5596
400445 7.55243e+006 25.5554
400445 7.55243e+006 25.5554
400445 7.55243e+006 25.5596
400445 7.55243e+006 25.9013
400445 7.55243e+006 25.9013
400445 7.55243e+006 25.9013
400445 7.55243e+006 25.5596
400445 7.55243e+006 25.5596
400445 7.55243e+006 25.9013
400445 7.55243e+006 25.8971
400445 7.55243e+006 25.8971
400445 7.55243e+006 25.8971
400445 7.55243e+006 25.9013
400445 7.55243e+006 25.9013
400445 7.55243e+006 25.8971
400445 7.55243e+006 25.5554
400445 7.55243e+006 25.5554
400445 7.55243e+006 25.5554
400445 7.55243e+006 25.8971
400445 7.55243e+006 25.8971
400430 7.55243e+006 25.4455
400430 7.55243e+006 25.7872
400430 7.55243e+006 25.7913
400430 7.55243e+006 25.7913
400430 7.55243e+006 25.4496
400430 7.55243e+006 25.4455
400430 7.55243e+006 25.4455
400430 7.55243e+006 25.4496
400430 7.55243e+006 25.7913
400430 7.55243e+006 25.7913
400430 7.55243e+006 25.7872
400430 7.55243e+006 25.4455
400430 7.55243e+006 25.4455
400430 7.55243e+006 25.4496
400430 7.55243e+006 25.4496
400430 7.55243e+006 25.4496
400430 7.55243e+006 25.4455
400430 7.55243e+006 25.4455
400430 7.55243e+006 25.4496
400430 7.55243e+006 25.7913
400430 7.55243e+006 25.7913
400430 7.55243e+006 25.7913
400430 7.55243e+006 25.4496
400430 7.55243e+006 25.4496
400430 7.55243e+006 25.7913
400430 7.55243e+006 25.7872
400430 7.55243e+006 25.7872
400430 7.55243e+006 25.7872
400430 7.55243e+006 25.7913
400430 7.55243e+006 25.7913
400430 7.55243e+006 25.7872
400430 7.55243e+006 25.4455
400430 7.55243e+006 25.4455
400430 7.55243e+006 25.4455
400430 7.55243e+006 25.7872
400430 7.55243e+006 25.7872
400430 7.55243e+006 25.4455
400430 7.55243e+006 25.7872
400430 7.55243e+006 25.7913
400430 7.55243e+006 25.7913
400430 7.55243e+006 25.4496
400430 7.55243e+006 25.4455
400430 7.55243e+006 25.4455
400430 7.55243e+006 25.4496
400430 7.55243e+006 25.7913
400430 7.55243e+006 25.7913
400430 7.55243e+006 25.7872
400430 7.55243e+006 25.4455
400430 7.55243e+006 25.4455
400430 7.55243e+006 25.4496
400430 7.55243e+006 25.4496
400430 7.55243e+006 25.4496
400430 7.55243e+006 25.4455
400430 7.55243e+006 25.4455
400430 7.55243e+006 25.4496
400430 7.55243e+006 25.7913
400430 7.55243e+006 25.7913
400430 7.55243e+006 25.7913
400430 7.55243e+006 25.4496
400430 7.55243e+006 25.4496
400430 7.55243e+006 25.7913
400430 7.55243e+006 25.7872
400430 7.55243e+006 25.7872
400430 7.55243e+006 25.7872
400430 7.55243e+006 25.7913
400430 7.55243e+006 25.7913
400430 7.55243e+006 25.7872
400430 7.55243e+006 25.4455
400430 7.55243e+006 25.4455
400430 7.55243e+006 25.4455
400430 7.55243e+006 25.7872
400430 7.55243e+006 25.7872
400434 7.55243e+006 25.4726
400434 7.55243e+006 25.8143
400434 7.55243e+006 25.8185
400434 7.55243e+006 25.8185
400434 7.55243e+006 25.4768
400434 7.55243e+006 25.4726
400434 7.55243e+006 25.4726
400434 7.55243e+006 25.4768
400434 7.55243e+006 25.8185
400434 7.55243e+006 25.8185
400434 7.55243e+006 25.8143
400434 7.55243e+006 25.4726
400434 7.55243e+006 25.4726
400434 7.55243e+006 25.4768
400434 7.55243e+006 25.4768
400434 7.55243e+006 25.4768
400434 7.55243e+006 25.4726
400434 7.55243e+006 25.4726
400434 7.55243e+006 25.4768
400434 7.55243e+006 25.8185
400434 7.55243e+006 25.8185
400434 7.55243e+006 25.8185
400434 7.55243e+006 25.4768
400434 7.55243e+006 25.4768
400434 7.55243e+006 25.8185
400434 7.55243e+006 25.8143
400434 7.55243e+006 25.8143
400434 7.55243e+006 25.8143
400434 7.55243e+006 25.8185
400434 7.55243e+006 25.8185
400434 7.55243e+006 25.8143
400434 7.55243e+006 25.4726
400434 7.55243e+006 25.4726
400434 7.55243e+006 25.4726
400434 7.55243e+006 25.8143
400434 7.55243e+006 25.8143
400434 7.55243e+006 25.4726
400434 7.55243e+006 25.8143
400434 7.55243e+006 25.8185
400434 7.55243e+006 25.8185
400434 7.55243e+006 25.4768
400434 7.55243e+006 25.4726
400434 7.55243e+006 25.4726
400434 7.55243e+006 25.4768
400434 7.55243e+006 25.8185
400434 7.55243e+006 25.8185
400434 7.55243e+006 25.8143
400434 7.55243e+006 25.4726
400434 7.55243e+006 25.4726
400434 7.55243e+006 25.4768
400434 7.55243e+006 25.4768
400434 7.55243e+006 25.4768
400434 7.55243e+006 25.4726
400434 7.55243e+006 25.4726
400434 7.55243e+006 25.4768
400434 7.55243e+006 25.8185
400434 7.55243e+006 25.8185
400434 7.55243e+006 25.8185
400434 7.55243e+006 25.4768
400434 7.55243e+006 25.4768
400434 7.55243e+006 25.8185
400434 7.55243e+006 25.8143
400434 7.55243e+006 25.8143
400434 7.55243e+006 25.8143
400434 7.55243e+006 25.8185
400434 7.55243e+006 25.8185
400434 7.55243e+006 25.8143
400434 7.55243e+006 25.4726
400434 7.55243e+006 25.4726
400434 7.55243e+006 25.4726
400434 7.55243e+006 25.8143
400434 7.55243e+006 25.8143
400435 7.55243e+006 25.4863
400435 7.55243e+006 25.828
400436 7.55243e+006 25.8322
400436 7.55243e+006 25.8322
400436 7.55243e+006 25.4905
400435 7.55243e+006 25.4863
400435 7.55243e+006 25.4863
400436 7.55243e+006 25.4905
400436 7.55243e+006 25.8322
400436 7.55243e+006 25.8322
400435 7.55243e+006 25.828
400435 7.55243e+006 25.4863
400435 7.55243e+006 25.4863
400436 7.55243e+006 25.4905
400436 7.55243e+006 25.4905
400436 7.55243e+006 25.4905
400435 7.55243e+006 25.4863
400435 7.55243e+006 25.4863
400436 7.55243e+006 25.4905
400436 7.55243e+006 25.8322
400436 7.55243e+006 25.8322
400436 7.55243e+006 25.8322
400436 7.55243e+006 25.4905
400436 7.55243e+006 25.4905
400436 7.55243e+006 25.8322
400435 7.55243e+006 25.828
400435 7.55243e+006 25.828
400435 7.55243e+006 25.828
400436 7.55243e+006 25.8322
400436 7.55243e+006 25.8322
400435 7.55243e+006 25.828
400435 7.55243e+006 25.4863
400435 7.55243e+006 25.4863
400435 7.55243e+006 25.4863
400435 7.55243e+006 25.828
400435 7.55243e+006 25.828
400435 7.55243e+006 25.4863
400435 7.55243e+006 25.828
400436 7.55243e+006 25.8322
400436 7.55243e+006 25.8322
400436 7.55243e+006 25.4905
400435 7.55243e+006 25.4863
400435 7.55243e+006 25.4863
400436 7.55243e+006 25.4905
400436 7.55243e+006 25.8322
400436 7.55243e+006 25.8322
400435 7.55243e+006 25.828
400435 7.55243e+006 25.4863
400435 7.55243e+006 25.4863
400436 7.55243e+006 25.4905
400436 7.55243e+006 25.4905
400436 7.55243e+006 25.4905
400435 7.55243e+006 25.4863
400435 7.55243e+006 25.4863
400436 7.55243e+006 25.4905
400436 7.55243e+006 25.8322
400436 7.55243e+006 25.8322
400436 7.55243e+006 25.8322
400436 7.55243e+006 25.4905
400436 7.55243e+006 25.4905
400436 7.55243e+006 25.8322
400435 7.55243e+006 25.828
400435 7.55243e+006 25.828
400435 7.55243e+006 25.828
400436 7.55243e+006 25.8322
400436 7.55243e+006 25.8322
400435 7.55243e+006 25.828
400435 7.55243e+006 25.4863
400435 7.55243e+006 25.4863
400435 7.55243e+006 25.4863
400435 7.55243e+006 25.828
400435 7.55243e+006 25.828
400437 7.55243e+006 25.5001
400437 7.55243e+006 25.8418
400438 7.55243e+006 25.846
400438 7.55243e+006 25.846
400438 7.55243e+006 25.5043
400437 7.55243e+006 25.5001
400437 7.55243e+006 25.5001
400438 7.55243e+006 25.5043
400438 7.55243e+006 25.846
400438 7.55243e+006 25.846
400437 7.55243e+006 25.8418
400437 7.55243e+006 25.5001
400437 7.55243e+006 25.5001
400438 7.55243e+006 25.5043
400438 7.55243e+006 25.5043
400438 7.55243e+006 25.5043
400437 7.55243e+006 25.5001
400437 7.55243e+006 25.5001
400438 7.55243e+006 25.5043
400438 7.55243e+006 25.846
400438 7.55243e+006 25.846
400438 7.55243e+006 25.846
400438 7.55243e+006 25.5043
400438 7.55243e+006 25.5043
400438 7.55243e+006 25.846
400437 7.55243e+006 25.8418
400437 7.55243e+006 25.8418
400437 7.55243e+006 25.8418
400438 7.55243e+006 25.846
400438 7.55243e+006 25.846
400437 7.55243e+006 25.8418
400437 7.55243e+006 25.5001
400437 7.55243e+006 25.5001
400437 7.55243e+006 25.5001
400437 7.55243e+006 25.8418
400437 7.55243e+006 25.8418
400437 7.55243e+006 25.5001
400437 7.55243e+006 25.8418
400438 7.55243e+006 25.846
400438 7.55243e+006 25.846
400438 7.55243e+006 25.5043
400437 7.55243e+006 25.5001
400437 7.55243e+006 25.5001
400438 7.55243e+006 25.5043
400438 7.55243e+006 25.846
400438 7.55243e+006 25.846
400437 7.55243e+006 25.8418
400437 7.55243e+006 25.5001
400437 7.55243e+006 25.5001
400438 7.55243e+006 25.5043
400438 7.55243e+006 25.5043
400438 7.55243e+006 25.5043
400437 7.55243e+006 25.5001
400437 7.55243e+006 25.5001
400438 7.55243e+006 25.5043
400438 7.55243e+006 25.846
400438 7.55243e+006 25.846
400438 7.55243e+006 25.846
400438 7.55243e+006 25.5043
400438 7.55243e+006 25.5043
400438 7.55243e+006 25.846
400437 7.55243e+006 25.8418
400437 7.55243e+006 25.8418
400437 7.55243e+006 25.8418
400438 7.55243e+006 25.846
400438 7.55243e+006 25.846
400437 7.55243e+006 25.8418
400437 7.55243e+006 25.5001
400437 7.55243e+006 25.5001
400437 7.55243e+006 25.5001
400437 7.55243e+006 25.8418
400437 7.55243e+006 25.8418
400439 7.55243e+006 25.5141
400439 7.55243e+006 25.8558
400440 7.55243e+006 25.86
400440 7.55243e+006 25.86
400440 7.55243e+006 25.5183
400439 7.55243e+006 25.5141
400439 7.55243e+006 25.5141
400440 7.55243e+006 25.5183
400440 7.55243e+006 25.86
400440 7.55243e+006 25.86
400439 7.55243e+006 25.8558
400439 7.55243e+006 25.5141
400439 7.55243e+006 25.5141
400440 7.55243e+006 25.5183
400440 7.55243e+006 25.5183
400440 7.55243e+006 25.5183
400439 7.55243e+006 25.5141
400439 7.55243e+006 25.5141
400440 7.55243e+006 25.5183
400440 7.55243e+006 25.86
400440 7.55243e+006 25.86
400440 7.55243e+006 25.86
400440 7.55243e+006 25.5183
400440 7.55243e+006 25.5183
400440 7.55243e+006 25.86
400439 7.55243e+006 25.8558
400439 7.55243e+006 25.8558
400439 7.55243e+006 25.8558
400440 7.55243e+006 25.86
400440 7.55243e+006 25.86
400439 7.55243e+006 25.8558
400439 7.55243e+006 25.5141
400439 7.55243e+006 25.5141
400439 7.55243e+006 25.5141
400439 7.55243e+006 25.8558
400439 7.55243e+006 25.8558
400439 7.55243e+006 25.5142
400439 7.55243e+006 25.8558
400440 7.55243e+006 25.86
400440 7.55243e+006 25.86
400440 7.55243e+006 25.5183
400439 7.55243e+006 25.5142
400439 7.55243e+006 25.5142
400440 7.55243e+006 25.5183
400440 7.55243e+006 25.86
400440 7.55243e+006 25.86
400439 7.55243e+006 25.8558
400439 7.55243e+006 25.5142
400439 7.55243e+006 25.5142
400440 7.55243e+006 25.5183
400440 7.55243e+006 25.5183
400440 7.55243e+006 25.5183
400439 7.55243e+006 25.5142
400439 7.55243e+006 25.5142
400440 7.55243e+006 25.5183
400440 7.55243e+006 25.86
400440 7.55243e+006 25.86
400440 7.55243e+006 25.86
400440 7.55243e+006 25.5183
400440 7.55243e+006 25.5183
400440 7.55243e+006 25.86
400439 7.55243e+006 25.8558
400439 7.55243e+006 25.8558
400439 7.55243e+006 25.8558
400440 7.55243e+006 25.86
400440 7.55243e+006 25.86
400439 7.55243e+006 25.8558
400439 7.55243e+006 25.5142
400439 7.55243e+006 25.5142
400439 7.55243e+006 25.5142
400439 7.55243e+006 25.8558
400439 7.55243e+006 25.8558
400441 7.55243e+006 25.5279
400441 7.55243e+006 25.8696
400442 7.55243e+006 25.8738
400442 7.55243e+006 25.8738
400442 7.55243e+006 25.5321
400441 7.55243e+006 25.5279
400441 7.55243e+006 25.5279
400442 7.55243e+006 25.5321
400442 7.55243e+006 25.8738
400442 7.55243e+006 25.8738
400441 7.55243e+006 25.8696
400441 7.55243e+006 25.5279
400441 7.55243e+006 25.5279
400442 7.55243e+006 25.5321
400442 7.55243e+006 25.5321
400442 7.55243e+006 25.5321
400441 7.55243e+006 25.5279
400441 7.55243e+006 25.5279
400442 7.55243e+006 25.5321
400442 7.55243e+006 25.8738
400442 7.55243e+006 25.8738
400442 7.55243e+006 25.8738
400442 7.55243e+006 25.5321
400442 7.55243e+006 25.5321
400442 7.55243e+006 25.8738
400441 7.55243e+006 25.8696
400441 7.55243e+006 25.8696
400441 7.55243e+006 25.8696
400442 7.55243e+006 25.8738
400442 7.55243e+006 25.8738
400441 7.55243e+006 25.8696
400441 7.55243e+006 25.5279
400441 7.55243e+006 25.5279
400441 7.55243e+006 25.5279
400441 7.55243e+006 25.8696
400441 7.55243e+006 25.8696
400441 7.55243e+006 25.5279
400441 7.55243e+006 25.8696
400442 7.55243e+006 25.8738
400442 7.55243e+006 25.8738
400442 7.55243e+006 25.5321
400441 7.55243e+006 25.5279
400441 7.55243e+006 25.5279
400442 7.55243e+006 25.5321
400442 7.55243e+006 25.8738
400442 7.55243e+006 25.8738
400441 7.55243e+006 25.8696
400441 7.55243e+006 25.5279
400441 7.55243e+006 25.5279
400442 7.55243e+006 25.5321
400442 7.55243e+006 25.5321
400442 7.55243e+006 25.5321
400441 7.55243e+006 25.5279
400441 7.55243e+006 25.5279
400442 7.55243e+006 25.5321
400442 7.55243e+006 25.8738
400442 7.55243e+006 25.8738
400442 7.55243e+006 25.8738
400442 7.55243e+006 25.5321
400442 7.55243e+006 25.5321
400442 7.55243e+006 25.8738
400441 7.55243e+006 25.8696
400441 7.55243e+006 25.8696
400441 7.55243e+006 25.8696
400442 7.55243e+006 25.8738
400442 7.55243e+006 25.8738
400441 7.55243e+006 25.8696
400441 7.55243e+006 25.5279
400441 7.55243e+006 25.5279
400441 7.55243e+006 25.5279
400441 7.55243e+006 25.8696
400441 7.55243e+006 25.8696
400443 7.55243e+006 25.5419
400443 7.55243e+006 25.8836
400444 7.55243e+006 25.8878
400444 7.55243e+006 25.8878
400444 7.55243e+006 25.5461
400443 7.55243e+006 25.5419
400443 7.55243e+006 25.5419
400444 7.55243e+006 25.5461
400444 7.55243e+006 25.8878
400444 7.55243e+006 25.8878
400443 7.55243e+006 25.8836
400443 7.55243e+006 25.5419
400443 7.55243e+006 25.5419
400444 7.55243e+006 25.5461
400444 7.55243e+006 25.5461
400444 7.55243e+006 25.5461
400443 7.55243e+006 25.5419
400443 7.55243e+006 25.5419
400444 7.55243e+006 25.5461
400444 7.55243e+006 25.8878
400444 7.55243e+006 25.8878
400444 7.55243e+006 25.8878
400444 7.55243e+006 25.5461
400444 7.55243e+006 25.5461
400444 7.55243e+006 25.8878
400443 7.55243e+006 25.8836
400443 7.55243e+006 25.8836
400443 7.55243e+006 25.8836
400444 7.55243e+006 25.8878
400444 7.55243e+006 25.8878
400443 7.55243e+006 25.8836
400443 7.55243e+006 25.5419
400443 7.55243e+006 25.5419
400443 7.55243e+006 25.5419
400443 7.55243e+006 25.8836
400443 7.55243e+006 25.8836
400443 7.55243e+006 25.5419
400443 7.55243e+006 25.8836
400444 7.55243e+006 25.8878
400444 7.55243e+006 25.8878
400444 7.55243e+006 25.5461
400443 7.55243e+006 25.5419
400443 7.55243e+006 25.5419
400444 7.55243e+006 25.5461
400444 7.55243e+006 25.8878
400444 7.55243e+006 25.8878
400443 7.55243e+006 25.8836
400443 7.55243e+006 25.5419
400443 7.55243e+006 25.5419
400444 7.55243e+006 25.5461
400444 7.55243e+006 25.5461
400444 7.55243e+006 25.5461
400443 7.55243e+006 25.5419
400443 7.55243e+006 25.5419
400444 7.55243e+006 25.5461
400444 7.55243e+006 25.8878
400444 7.55243e+006 25.8878
400444 7.55243e+006 25.8878
400444 7.55243e+006 25.5461
400444 7.55243e+006 25.5461
400444 7.55243e+006 25.8878
400443 7.55243e+006 25.8836
400443 7.55243e+006 25.8836
400443 7.55243e+006 25.8836
400444 7.55243e+006 25.8878
400444 7.55243e+006 25.8878
400443 7.55243e+006 25.8836
400443 7.55243e+006 25.5419
400443 7.55243e+006 25.5419
400443 7.55243e+006 25.5419
400443 7.55243e+006 25.8836
400443 7.55243e+006 25.8836
400432 7.55243e+006 25.4593
400432 7.55243e+006 25.801
400432 7.55243e+006 25.8051
400432 7.55243e+006 25.8051
400432 7.55243e+006 25.4634
400432 7.55243e+006 25.4593
400432 7.55243e+006 25.4593
400432 7.55243e+006 25.4634
400432 7.55243e+006 25.8051
400432 7.55243e+006 25.8051
400432 7.55243e+006 25.801
400432 7.55243e+006 25.4593
400432 7.55243e+006 25.4593
400432 7.55243e+006 25.4634
400432 7.55243e+006 25.4634
400432 7.55243e+006 25.4634
400432 7.55243e+006 25.4593
400432 7.55243e+006 25.4593
400432 7.55243e+006 25.4634
400432 7.55243e+006 25.8051
400432 7.55243e+006 25.8051
400432 7.55243e+006 25.8051
400432 7.55243e+006 25.4634
400432 7.55243e+006 25.4634
400432 7.55243e+006 25.8051
400432 7.55243e+006 25.801
400432 7.55243e+006 25.801
400432 7.55243e+006 25.801
400432 7.55243e+006 25.8051
400432 7.55243e+006 25.8051
400432 7.55243e+006 25.801
400432 7.55243e+006 25.4593
400432 7.55243e+006 25.4593
400432 7.55243e+006 25.4593
400432 7.55243e+006 25.801
400432 7.55243e+006 25.801
400432 7.55243e+006 25.4593
400432 7.55243e+006 25.801
400432 7.55243e+006 25.8051
400432 7.55243e+006 25.8051
400432 7.55243e+006 25.4634
400432 7.55243e+006 25.4593
400432 7.55243e+006 25.4593
400432 7.55243e+006 25.4634
400432 7.55243e+006 25.8051
400432 7.55243e+006 25.8051
400432 7.55243e+006 25.801
400432 7.55243e+006 25.4593
400432 7.55243e+006 25.4593
400432 7.55243e+006 25.4634
400432 7.55243e+006 25.4634
400432 7.55243e+006 25.4634
400432 7.55243e+006 25.4593
400432 7.55243e+006 25.4593
400432 7.55243e+006 25.4634
400432 7.55243e+006 25.8051
400432 7.55243e+006 25.8051
400432 7.55243e+006 25.8051
400432 7.55243e+006 25.4634
400432 7.55243e+006 25.4634
400432 7.55243e+006 25.8051
400432 7.55243e+006 25.801
400432 7.55243e+006 25.801
400432 7.55243e+006 25.801
400432 7.55243e+006 25.8051
400432 7.55243e+006 25.8051
400432 7.55243e+006 25.801
400432 7.55243e+006 25.4593
400432 7.55243e+006 25.4593
400432 7.55243e+006 25.4593
400432 7.55243e+006 25.801
400432 7.55243e+006 25.801
