405411 7.55479e+006 24.3292
405411 7.55479e+006 24.1792
405411 7.55479e+006 24.1292
405411 7.55479e+006 24.1292
405411 7.55479e+006 24.3293
405411 7.55479e+006 24.3292
405411 7.55479e+006 24.1792
405410 7.55479e+006 24.0693
405410 7.55479e+006 23.9827
405410 7.55479e+006 23.9827
405411 7.55479e+006 24.1292
405411 7.55479e+006 24.1792
405411 7.55479e+006 23.8961
405411 7.55479e+006 24.0793
405411 7.55479e+006 24.1292
405411 7.55479e+006 24.1292
405410 7.55479e+006 23.9827
405411 7.55479e+006 23.8961
405411 7.55479e+006 24.0793
405411 7.55479e+006 24.3294
405411 7.55479e+006 24.3293
405411 7.55479e+006 24.3293
405411 7.55479e+006 24.1292
405411 7.55479e+006 24.0793
405411 7.55479e+006 24.3291
405411 7.55479e+006 24.2291
405410 7.55479e+006 24.2157
405410 7.55479e+006 24.2157
405411 7.55479e+006 24.3291
405411 7.55479e+006 24.3291
405411 7.55479e+006 24.2291
405410 7.55479e+006 24.1558
405410 7.55479e+006 24.1326
405410 7.55479e+006 24.1326
405410 7.55479e+006 24.2157
405411 7.55479e+006 24.2291
405410 7.55479e+006 24.0693
405411 7.55479e+006 24.1792
405410 7.55479e+006 24.2157
405410 7.55479e+006 24.2157
405410 7.55479e+006 24.1326
405410 7.55479e+006 24.0693
405411 7.55479e+006 24.1792
405411 7.55479e+006 24.3292
405411 7.55479e+006 24.3291
405411 7.55479e+006 24.3291
405410 7.55479e+006 24.2157
405411 7.55479e+006 24.1792
405411 7.55479e+006 24.3292
405411 7.55479e+006 24.1792
405411 7.55479e+006 24.2157
405411 7.55479e+006 24.2157
405411 7.55479e+006 24.3292
405411 7.55479e+006 24.3292
405411 7.55479e+006 24.1792
405411 7.55479e+006 24.0693
405411 7.55479e+006 24.1326
405411 7.55479e+006 24.1326
405411 7.55479e+006 24.2157
405411 7.55479e+006 24.1792
405410 7.55479e+006 24.1558
405411 7.55479e+006 24.2291
405411 7.55479e+006 24.2157
405411 7.55479e+006 24.2157
405411 7.55479e+006 24.1326
405410 7.55479e+006 24.1558
405411 7.55479e+006 24.2291
405411 7.55479e+006 24.3291
405411 7.55479e+006 24.3292
405411 7.55479e+006 24.3292
405411 7.55479e+006 24.2157
405411 7.55479e+006 24.2291
405411 7.55479e+006 24.3294
405411 7.55479e+006 24.0793
405411 7.55479e+006 24.1293
405411 7.55479e+006 24.1293
405411 7.55479e+006 24.3293
405411 7.55479e+006 24.3294
405411 7.55479e+006 24.0793
405411 7.55479e+006 23.8962
405411 7.55479e+006 23.9827
405411 7.55479e+006 23.9827
405411 7.55479e+006 24.1293
405411 7.55479e+006 24.0793
405411 7.55479e+006 24.0693
405411 7.55479e+006 24.1792
405411 7.55479e+006 24.1293
405411 7.55479e+006 24.1293
405411 7.55479e+006 23.9827
405411 7.55479e+006 24.0693
405411 7.55479e+006 24.1792
405411 7.55479e+006 24.3292
405411 7.55479e+006 24.3293
405411 7.55479e+006 24.3293
405411 7.55479e+006 24.1293
405411 7.55479e+006 24.1792
405411 7.55479e+006 24.3295
405411 7.55479e+006 24.0294
405411 7.55479e+006 24.0428
405411 7.55479e+006 24.0428
405411 7.55479e+006 24.3295
405411 7.55479e+006 24.3295
405411 7.55479e+006 24.0294
405411 7.55479e+006 23.8096
405411 7.55479e+006 23.8328
405411 7.55479e+006 23.8328
405411 7.55479e+006 24.0428
405411 7.55479e+006 24.0294
405411 7.55479e+006 23.8962
405411 7.55479e+006 24.0793
405411 7.55479e+006 24.0428
405411 7.55479e+006 24.0428
405411 7.55479e+006 23.8328
405411 7.55479e+006 23.8962
405411 7.55479e+006 24.0793
405411 7.55479e+006 24.3294
405411 7.55479e+006 24.3295
405411 7.55479e+006 24.3295
405411 7.55479e+006 24.0428
405411 7.55479e+006 24.0793
405411 7.55479e+006 24.3294
405411 7.55479e+006 24.0793
405411 7.55479e+006 24.0428
405411 7.55479e+006 24.0428
405411 7.55479e+006 24.3295
405411 7.55479e+006 24.3294
405411 7.55479e+006 24.0793
405411 7.55479e+006 23.8961
405411 7.55479e+006 23.8328
405411 7.55479e+006 23.8328
405411 7.55479e+006 24.0428
405411 7.55479e+006 24.0793
405411 7.55479e+006 23.8096
405411 7.55479e+006 24.0294
405411 7.55479e+006 24.0428
405411 7.55479e+006 24.0428
405411 7.55479e+006 23.8328
405411 7.55479e+006 23.8096
405411 7.55479e+006 24.0294
405411 7.55479e+006 24.3295
405411 7.55479e+006 24.3295
405411 7.55479e+006 24.3295
405411 7.55479e+006 24.0428
405411 7.55479e+006 24.0294
405410 7.55479e+006 23.8289
405411 7.55479e+006 23.8961
405410 7.55479e+006 23.9827
405410 7.55479e+006 23.9827
405410 7.55479e+006 23.9289
405410 7.55479e+006 23.8289
405410 7.55479e+006 23.7289
405411 7.55479e+006 23.8096
405411 7.55479e+006 23.8328
405411 7.55479e+006 23.8328
405410 7.55479e+006 23.7557
405410 7.55479e+006 23.7289
405410 7.55479e+006 23.8289
405411 7.55479e+006 23.8962
405411 7.55479e+006 23.8328
405411 7.55479e+006 23.8328
405410 7.55479e+006 23.7557
405410 7.55479e+006 23.8289
405410 7.55479e+006 24.0289
405411 7.55479e+006 24.0693
405411 7.55479e+006 23.9827
405411 7.55479e+006 23.9827
405410 7.55479e+006 23.9289
405410 7.55479e+006 24.0289
405410 7.55479e+006 24.1289
405410 7.55479e+006 24.1558
405411 7.55479e+006 24.1326
405411 7.55479e+006 24.1326
405410 7.55479e+006 24.1021
405410 7.55479e+006 24.1289
405410 7.55479e+006 24.0289
405410 7.55479e+006 24.0693
405410 7.55479e+006 24.1326
405410 7.55479e+006 24.1326
405410 7.55479e+006 24.1021
405410 7.55479e+006 24.0289
405410 7.55479e+006 24.1558
405410 7.55479e+006 24.1289
405410 7.55479e+006 24.1021
405410 7.55479e+006 24.1021
405410 7.55479e+006 24.1326
405410 7.55479e+006 24.1558
405410 7.55479e+006 24.0693
405410 7.55479e+006 24.0289
405410 7.55479e+006 23.9289
405410 7.55479e+006 23.9289
405410 7.55479e+006 23.9827
405410 7.55479e+006 24.0693
405411 7.55479e+006 23.8961
405410 7.55479e+006 23.8289
405410 7.55479e+006 23.7557
405410 7.55479e+006 23.7557
405411 7.55479e+006 23.8328
405411 7.55479e+006 23.8961
405411 7.55479e+006 23.8096
405410 7.55479e+006 23.7289
405410 7.55479e+006 23.7557
405410 7.55479e+006 23.7557
405411 7.55479e+006 23.8328
405411 7.55479e+006 23.8096
405411 7.55479e+006 23.8962
405410 7.55479e+006 23.8289
405410 7.55479e+006 23.9289
405410 7.55479e+006 23.9289
405411 7.55479e+006 23.9827
405411 7.55479e+006 23.8962
405411 7.55479e+006 24.0693
405410 7.55479e+006 24.0289
405410 7.55479e+006 24.1021
405410 7.55479e+006 24.1021
405411 7.55479e+006 24.1326
405411 7.55479e+006 24.0693
405411 7.55479e+006 24.3295
405411 7.55479e+006 24.3295
405411 7.55479e+006 30.1791
405411 7.55479e+006 30.1791
405411 7.55479e+006 30.1791
405411 7.55479e+006 24.3295
405411 7.55479e+006 30.1791
405411 7.55479e+006 30.179
405411 7.55479e+006 24.3294
405411 7.55479e+006 24.3294
405411 7.55479e+006 24.3295
405411 7.55479e+006 30.1791
405411 7.55479e+006 24.3293
405411 7.55479e+006 24.3294
405411 7.55479e+006 30.179
405411 7.55479e+006 30.179
405411 7.55479e+006 30.179
405411 7.55479e+006 24.3293
405411 7.55479e+006 30.179
405411 7.55479e+006 30.1789
405411 7.55479e+006 24.3292
405411 7.55479e+006 24.3292
405411 7.55479e+006 24.3293
405411 7.55479e+006 30.179
405411 7.55479e+006 24.3291
405411 7.55479e+006 24.3292
405411 7.55479e+006 30.1789
405411 7.55479e+006 30.1789
405411 7.55479e+006 30.1788
405411 7.55479e+006 24.3291
405411 7.55479e+006 30.1788
405411 7.55479e+006 30.1791
405411 7.55479e+006 24.3291
405411 7.55479e+006 24.3291
405411 7.55479e+006 24.3291
405411 7.55479e+006 30.1788
405411 7.55479e+006 24.3292
405411 7.55479e+006 24.3291
405411 7.55479e+006 30.1791
405411 7.55479e+006 30.1791
405411 7.55479e+006 30.1788
405411 7.55479e+006 24.3292
405411 7.55479e+006 30.1788
405411 7.55479e+006 30.1789
405411 7.55479e+006 24.3292
405411 7.55479e+006 24.3292
405411 7.55479e+006 24.3292
405411 7.55479e+006 30.1788
405411 7.55479e+006 24.3293
405411 7.55479e+006 24.3292
405411 7.55479e+006 30.1789
405411 7.55479e+006 30.1789
405411 7.55479e+006 30.179
405411 7.55479e+006 24.3293
405411 7.55479e+006 30.179
405411 7.55479e+006 30.1791
405411 7.55479e+006 24.3294
405411 7.55479e+006 24.3294
405411 7.55479e+006 24.3293
405411 7.55479e+006 30.179
405411 7.55479e+006 24.3295
405411 7.55479e+006 24.3294
405411 7.55479e+006 30.1791
405411 7.55479e+006 30.1791
405411 7.55479e+006 30.1791
405411 7.55479e+006 24.3295
405411 7.55479e+006 30.1791
405411 7.55479e+006 30.1791
405411 7.55479e+006 24.3295
405411 7.55479e+006 24.3295
405411 7.55479e+006 24.3295
405411 7.55479e+006 30.1791
405411 7.55479e+006 30.1789
405411 7.55479e+006 30.3285
405411 7.55479e+006 30.3786
405411 7.55479e+006 30.3786
405411 7.55479e+006 30.179
405411 7.55479e+006 30.1789
405411 7.55479e+006 30.3285
405411 7.55479e+006 30.4382
405411 7.55479e+006 30.5249
405411 7.55479e+006 30.5249
405411 7.55479e+006 30.3786
405411 7.55479e+006 30.3285
405411 7.55479e+006 30.6115
405411 7.55479e+006 30.4287
405411 7.55479e+006 30.3786
405411 7.55479e+006 30.3786
405411 7.55479e+006 30.5249
405411 7.55479e+006 30.6115
405411 7.55479e+006 30.4287
405411 7.55479e+006 30.1791
405411 7.55479e+006 30.179
405411 7.55479e+006 30.179
405411 7.55479e+006 30.3786
405411 7.55479e+006 30.4287
405411 7.55479e+006 30.2784
405410 7.55479e+006 30.3516
405410 7.55479e+006 30.3748
405410 7.55479e+006 30.3748
405411 7.55479e+006 30.2919
405411 7.55479e+006 30.2784
405411 7.55479e+006 30.4382
405411 7.55479e+006 30.3285
405411 7.55479e+006 30.2919
405411 7.55479e+006 30.2919
405410 7.55479e+006 30.3748
405411 7.55479e+006 30.4382
405411 7.55479e+006 30.3285
405411 7.55479e+006 30.1789
405411 7.55479e+006 30.1788
405411 7.55479e+006 30.1788
405411 7.55479e+006 30.2919
405411 7.55479e+006 30.3285
405411 7.55479e+006 30.1789
405411 7.55479e+006 30.3285
405410 7.55479e+006 30.2919
405410 7.55479e+006 30.2919
405411 7.55479e+006 30.1788
405411 7.55479e+006 30.1789
405411 7.55479e+006 30.3285
405410 7.55479e+006 30.4382
405410 7.55479e+006 30.3748
405410 7.55479e+006 30.3748
405410 7.55479e+006 30.2919
405411 7.55479e+006 30.3285
405410 7.55479e+006 30.3516
405411 7.55479e+006 30.2784
405410 7.55479e+006 30.2919
405410 7.55479e+006 30.2919
405410 7.55479e+006 30.3748
405410 7.55479e+006 30.3516
405411 7.55479e+006 30.179
405411 7.55479e+006 30.4287
405411 7.55479e+006 30.3786
405411 7.55479e+006 30.3786
405411 7.55479e+006 30.179
405411 7.55479e+006 30.179
405411 7.55479e+006 30.4287
405411 7.55479e+006 30.6115
405410 7.55479e+006 30.5249
405410 7.55479e+006 30.5249
405411 7.55479e+006 30.3786
405411 7.55479e+006 30.4287
405410 7.55479e+006 30.4382
405411 7.55479e+006 30.3285
405411 7.55479e+006 30.3786
405411 7.55479e+006 30.3786
405410 7.55479e+006 30.5249
405410 7.55479e+006 30.4382
405411 7.55479e+006 30.3285
405411 7.55479e+006 30.1789
405411 7.55479e+006 30.179
405411 7.55479e+006 30.179
405411 7.55479e+006 30.3786
405411 7.55479e+006 30.3285
405411 7.55479e+006 30.1791
405411 7.55479e+006 30.4788
405411 7.55479e+006 30.4653
405411 7.55479e+006 30.4653
405411 7.55479e+006 30.1791
405411 7.55479e+006 30.1791
405411 7.55479e+006 30.4788
405411 7.55479e+006 30.6982
405411 7.55479e+006 30.6749
405411 7.55479e+006 30.6749
405411 7.55479e+006 30.4653
405411 7.55479e+006 30.4788
405411 7.55479e+006 30.6115
405411 7.55479e+006 30.4287
405411 7.55479e+006 30.4653
405411 7.55479e+006 30.4653
405411 7.55479e+006 30.6749
405411 7.55479e+006 30.6115
405411 7.55479e+006 30.4287
405411 7.55479e+006 30.179
405411 7.55479e+006 30.1791
405411 7.55479e+006 30.1791
405411 7.55479e+006 30.4653
405411 7.55479e+006 30.4287
405411 7.55479e+006 30.1791
405411 7.55479e+006 30.4287
405411 7.55479e+006 30.4653
405411 7.55479e+006 30.4653
405411 7.55479e+006 30.1791
405411 7.55479e+006 30.1791
405411 7.55479e+006 30.4287
405411 7.55479e+006 30.6115
405411 7.55479e+006 30.675
405411 7.55479e+006 30.675
405411 7.55479e+006 30.4653
405411 7.55479e+006 30.4287
405411 7.55479e+006 30.6982
405411 7.55479e+006 30.4788
405411 7.55479e+006 30.4653
405411 7.55479e+006 30.4653
405411 7.55479e+006 30.675
405411 7.55479e+006 30.6982
405411 7.55479e+006 30.4788
405411 7.55479e+006 30.1791
405411 7.55479e+006 30.1791
405411 7.55479e+006 30.1791
405411 7.55479e+006 30.4653
405411 7.55479e+006 30.4788
405410 7.55479e+006 30.6782
405411 7.55479e+006 30.6115
405411 7.55479e+006 30.5249
405411 7.55479e+006 30.5249
405410 7.55479e+006 30.5782
405410 7.55479e+006 30.6782
405410 7.55479e+006 30.7782
405411 7.55479e+006 30.6982
405411 7.55479e+006 30.675
405411 7.55479e+006 30.675
405410 7.55479e+006 30.7514
405410 7.55479e+006 30.7782
405410 7.55479e+006 30.6782
405411 7.55479e+006 30.6115
405411 7.55479e+006 30.6749
405411 7.55479e+006 30.6749
405410 7.55479e+006 30.7514
405410 7.55479e+006 30.6782
405410 7.55479e+006 30.4782
405410 7.55479e+006 30.4382
405410 7.55479e+006 30.5249
405410 7.55479e+006 30.5249
405410 7.55479e+006 30.5782
405410 7.55479e+006 30.4782
405410 7.55479e+006 30.3782
405410 7.55479e+006 30.3516
405410 7.55479e+006 30.3748
405410 7.55479e+006 30.3748
405410 7.55479e+006 30.405
405410 7.55479e+006 30.3782
405410 7.55479e+006 30.4782
405411 7.55479e+006 30.4382
405410 7.55479e+006 30.3748
405410 7.55479e+006 30.3748
405410 7.55479e+006 30.405
405410 7.55479e+006 30.4782
405410 7.55479e+006 30.3516
405410 7.55479e+006 30.3782
405410 7.55479e+006 30.405
405410 7.55479e+006 30.405
405410 7.55479e+006 30.3748
405410 7.55479e+006 30.3516
405411 7.55479e+006 30.4382
405410 7.55479e+006 30.4782
405410 7.55479e+006 30.5782
405410 7.55479e+006 30.5782
405411 7.55479e+006 30.5249
405411 7.55479e+006 30.4382
405411 7.55479e+006 30.6115
405410 7.55479e+006 30.6782
405410 7.55479e+006 30.7514
405410 7.55479e+006 30.7514
405411 7.55479e+006 30.675
405411 7.55479e+006 30.6115
405411 7.55479e+006 30.6982
405410 7.55479e+006 30.7782
405410 7.55479e+006 30.7514
405410 7.55479e+006 30.7514
405411 7.55479e+006 30.6749
405411 7.55479e+006 30.6982
405411 7.55479e+006 30.6115
405410 7.55479e+006 30.6782
405410 7.55479e+006 30.5782
405410 7.55479e+006 30.5782
405410 7.55479e+006 30.5249
405411 7.55479e+006 30.6115
405410 7.55479e+006 30.4382
405410 7.55479e+006 30.4782
405410 7.55479e+006 30.405
405410 7.55479e+006 30.405
405410 7.55479e+006 30.3748
405410 7.55479e+006 30.4382
405411 7.55479e+006 30.2919
405411 7.55479e+006 30.1788
405411 7.55479e+006 30.1791
405411 7.55479e+006 30.1791
405411 7.55479e+006 30.2784
405411 7.55479e+006 30.2919
405411 7.55479e+006 30.2784
405411 7.55479e+006 30.1791
405411 7.55479e+006 30.1788
405411 7.55479e+006 30.1788
405410 7.55479e+006 30.2919
405411 7.55479e+006 30.2784
