408897 7.55793e+006 -923.49
408897 7.55793e+006 -924.058
408897 7.55793e+006 -924.058
408897 7.55793e+006 -924.058
408897 7.55793e+006 -923.49
408897 7.55793e+006 -923.49
408897 7.55793e+006 -923.49
408897 7.55793e+006 -924.058
408897 7.55793e+006 -924.058
408897 7.55793e+006 -924.058
408897 7.55793e+006 -923.49
408897 7.55793e+006 -923.49
408897 7.55793e+006 -923.49
408897 7.55793e+006 -924.058
408898 7.55793e+006 -924.058
408898 7.55793e+006 -924.058
408898 7.55793e+006 -923.49
408897 7.55793e+006 -923.49
408898 7.55793e+006 -923.49
408898 7.55793e+006 -924.058
408898 7.55793e+006 -924.058
408898 7.55793e+006 -924.058
408898 7.55793e+006 -923.49
408898 7.55793e+006 -923.49
408898 7.55793e+006 -923.49
408898 7.55793e+006 -924.058
408898 7.55793e+006 -924.058
408898 7.55793e+006 -924.058
408898 7.55793e+006 -923.49
408898 7.55793e+006 -923.49
408898 7.55793e+006 -923.49
408898 7.55793e+006 -924.058
408898 7.55793e+006 -924.058
408898 7.55793e+006 -924.058
408898 7.55793e+006 -923.49
408898 7.55793e+006 -923.49
408898 7.55793e+006 -923.49
408898 7.55793e+006 -924.058
408898 7.55793e+006 -924.058
408898 7.55793e+006 -924.058
408898 7.55793e+006 -923.49
408898 7.55793e+006 -923.49
408898 7.55793e+006 -923.49
408898 7.55793e+006 -924.058
408898 7.55793e+006 -924.058
408898 7.55793e+006 -924.058
408898 7.55793e+006 -923.49
408898 7.55793e+006 -923.49
408898 7.55793e+006 -923.49
408898 7.55793e+006 -924.058
408898 7.55793e+006 -924.058
408898 7.55793e+006 -924.058
408898 7.55793e+006 -923.49
408898 7.55793e+006 -923.49
408898 7.55793e+006 -923.49
408898 7.55793e+006 -924.058
408898 7.55793e+006 -924.058
408898 7.55793e+006 -924.058
408898 7.55793e+006 -923.49
408898 7.55793e+006 -923.49
408898 7.55793e+006 -923.49
408898 7.55793e+006 -924.058
408898 7.55793e+006 -924.058
408898 7.55793e+006 -924.058
408898 7.55793e+006 -923.49
408898 7.55793e+006 -923.49
408898 7.55793e+006 -923.49
408898 7.55793e+006 -924.058
408898 7.55793e+006 -924.058
408898 7.55793e+006 -924.058
408898 7.55793e+006 -923.49
408898 7.55793e+006 -923.49
408898 7.55793e+006 -923.49
408898 7.55793e+006 -924.058
408898 7.55793e+006 -924.058
408898 7.55793e+006 -924.058
408898 7.55793e+006 -923.49
408898 7.55793e+006 -923.49
408898 7.55793e+006 -923.49
408898 7.55793e+006 -924.058
408897 7.55793e+006 -924.058
408897 7.55793e+006 -924.058
408897 7.55793e+006 -923.49
408898 7.55793e+006 -923.49
408897 7.55793e+006 -923.49
408897 7.55793e+006 -924.058
408897 7.55793e+006 -924.058
408897 7.55793e+006 -924.058
408897 7.55793e+006 -923.49
408897 7.55793e+006 -923.49
408897 7.55793e+006 -923.49
408897 7.55793e+006 -924.058
408897 7.55793e+006 -924.058
408897 7.55793e+006 -924.058
408897 7.55793e+006 -923.49
408897 7.55793e+006 -923.49
