405415 7.55479e+006 23.3842
405415 7.55479e+006 21.8842
405416 7.55479e+006 21.8843
405416 7.55479e+006 21.8843
405416 7.55479e+006 23.3843
405415 7.55479e+006 23.3842
405413 7.55479e+006 21.8817
405413 7.55479e+006 23.3817
405413 7.55479e+006 23.3818
405413 7.55479e+006 23.3818
405413 7.55479e+006 21.8818
405413 7.55479e+006 21.8817
405415 7.55479e+006 23.3842
405413 7.55479e+006 23.3817
405413 7.55479e+006 21.8817
405413 7.55479e+006 21.8817
405415 7.55479e+006 21.8842
405415 7.55479e+006 23.3842
405416 7.55479e+006 23.3843
405413 7.55479e+006 23.3818
405413 7.55479e+006 23.3817
405413 7.55479e+006 23.3817
405415 7.55479e+006 23.3842
405416 7.55479e+006 23.3843
405416 7.55479e+006 21.8843
405413 7.55479e+006 21.8818
405413 7.55479e+006 23.3818
405413 7.55479e+006 23.3818
405416 7.55479e+006 23.3843
405416 7.55479e+006 21.8843
405416 7.55479e+006 23.0673
405416 7.55479e+006 23.1342
405416 7.55479e+006 23.1344
405416 7.55479e+006 23.1344
405416 7.55479e+006 23.0675
405416 7.55479e+006 23.0673
405416 7.55479e+006 23.0675
405416 7.55479e+006 22.8845
405416 7.55479e+006 22.8843
405416 7.55479e+006 22.8843
405416 7.55479e+006 23.0673
405416 7.55479e+006 23.0675
405416 7.55479e+006 22.6343
405416 7.55479e+006 22.8843
405416 7.55479e+006 22.8845
405416 7.55479e+006 22.8845
405416 7.55479e+006 22.6345
405416 7.55479e+006 22.6343
405416 7.55479e+006 22.6345
405416 7.55479e+006 22.3845
405416 7.55479e+006 22.3843
405416 7.55479e+006 22.3843
405416 7.55479e+006 22.6343
405416 7.55479e+006 22.6345
405416 7.55479e+006 22.2012
405416 7.55479e+006 22.3843
405416 7.55479e+006 22.3845
405416 7.55479e+006 22.3845
405416 7.55479e+006 22.2014
405416 7.55479e+006 22.2012
405416 7.55479e+006 22.2014
405416 7.55479e+006 22.1344
405416 7.55479e+006 22.1342
405416 7.55479e+006 22.1342
405416 7.55479e+006 22.2012
405416 7.55479e+006 22.2014
405415 7.55479e+006 22.2012
405416 7.55479e+006 22.1342
405416 7.55479e+006 22.1344
405416 7.55479e+006 22.1344
405416 7.55479e+006 22.2014
405415 7.55479e+006 22.2012
405416 7.55479e+006 22.2014
405416 7.55479e+006 22.3844
405415 7.55479e+006 22.3842
405415 7.55479e+006 22.3842
405415 7.55479e+006 22.2012
405416 7.55479e+006 22.2014
405415 7.55479e+006 22.6342
405415 7.55479e+006 22.3842
405416 7.55479e+006 22.3844
405416 7.55479e+006 22.3844
405416 7.55479e+006 22.6344
405415 7.55479e+006 22.6342
405416 7.55479e+006 22.6344
405416 7.55479e+006 22.8844
405415 7.55479e+006 22.8842
405415 7.55479e+006 22.8842
405415 7.55479e+006 22.6342
405416 7.55479e+006 22.6344
405415 7.55479e+006 23.0672
405415 7.55479e+006 22.8842
405416 7.55479e+006 22.8844
405416 7.55479e+006 22.8844
405416 7.55479e+006 23.0674
405415 7.55479e+006 23.0672
405416 7.55479e+006 23.0674
405416 7.55479e+006 23.1344
405416 7.55479e+006 23.1342
405416 7.55479e+006 23.1342
405415 7.55479e+006 23.0672
405416 7.55479e+006 23.0674
405416 7.55479e+006 22.3845
405416 7.55479e+006 22.6345
405416 7.55479e+006 22.8845
405416 7.55479e+006 22.8844
405416 7.55479e+006 22.6344
405416 7.55479e+006 22.3844
405416 7.55479e+006 23.0674
405416 7.55479e+006 22.8844
405416 7.55479e+006 22.3844
405416 7.55479e+006 23.0674
405416 7.55479e+006 22.3844
405416 7.55479e+006 22.2014
405416 7.55479e+006 23.1344
405416 7.55479e+006 23.0674
405416 7.55479e+006 22.2014
405416 7.55479e+006 23.1344
405416 7.55479e+006 22.2014
405416 7.55479e+006 22.1344
405416 7.55479e+006 23.0675
405416 7.55479e+006 23.1344
405416 7.55479e+006 22.1344
405416 7.55479e+006 23.0675
405416 7.55479e+006 22.1344
405416 7.55479e+006 22.2014
405416 7.55479e+006 22.8845
405416 7.55479e+006 23.0675
405416 7.55479e+006 22.2014
405416 7.55479e+006 22.3845
405416 7.55479e+006 22.8845
405416 7.55479e+006 22.2014
405415 7.55479e+006 22.3842
405415 7.55479e+006 22.6342
405415 7.55479e+006 22.8842
405416 7.55479e+006 22.8843
405416 7.55479e+006 22.6343
405416 7.55479e+006 22.3843
405416 7.55479e+006 23.0673
405416 7.55479e+006 22.8843
405416 7.55479e+006 22.3843
405416 7.55479e+006 23.0673
405416 7.55479e+006 22.3843
405416 7.55479e+006 22.2012
405416 7.55479e+006 23.1342
405416 7.55479e+006 23.0673
405416 7.55479e+006 22.2012
405416 7.55479e+006 23.1342
405416 7.55479e+006 22.2012
405416 7.55479e+006 22.1342
405415 7.55479e+006 23.0672
405416 7.55479e+006 23.1342
405416 7.55479e+006 22.1342
405415 7.55479e+006 23.0672
405416 7.55479e+006 22.1342
405415 7.55479e+006 22.2012
405415 7.55479e+006 22.8842
405415 7.55479e+006 23.0672
405415 7.55479e+006 22.2012
405415 7.55479e+006 22.3842
405415 7.55479e+006 22.8842
405415 7.55479e+006 22.2012
405416 7.55479e+006 22.8943
405416 7.55479e+006 22.9345
405416 7.55479e+006 22.9344
405416 7.55479e+006 22.9344
405416 7.55479e+006 22.8942
405416 7.55479e+006 22.8943
405416 7.55479e+006 22.8942
405416 7.55479e+006 22.7844
405416 7.55479e+006 22.7845
405416 7.55479e+006 22.7845
405416 7.55479e+006 22.8943
405416 7.55479e+006 22.8942
405416 7.55479e+006 22.6345
405416 7.55479e+006 22.7845
405416 7.55479e+006 22.7844
405416 7.55479e+006 22.7844
405416 7.55479e+006 22.6344
405416 7.55479e+006 22.6345
405416 7.55479e+006 22.6344
405416 7.55479e+006 22.4844
405416 7.55479e+006 22.4845
405416 7.55479e+006 22.4845
405416 7.55479e+006 22.6345
405416 7.55479e+006 22.6344
405416 7.55479e+006 22.3747
405416 7.55479e+006 22.4845
405416 7.55479e+006 22.4844
405416 7.55479e+006 22.4844
405416 7.55479e+006 22.3746
405416 7.55479e+006 22.3747
405416 7.55479e+006 22.3746
405416 7.55479e+006 22.3344
405416 7.55479e+006 22.3345
405416 7.55479e+006 22.3345
405416 7.55479e+006 22.3747
405416 7.55479e+006 22.3746
405416 7.55479e+006 22.3747
405416 7.55479e+006 22.3345
405416 7.55479e+006 22.3344
405416 7.55479e+006 22.3344
405416 7.55479e+006 22.3746
405416 7.55479e+006 22.3747
405416 7.55479e+006 22.3746
405416 7.55479e+006 22.4844
405416 7.55479e+006 22.4845
405416 7.55479e+006 22.4845
405416 7.55479e+006 22.3747
405416 7.55479e+006 22.3746
405416 7.55479e+006 22.6345
405416 7.55479e+006 22.4845
405416 7.55479e+006 22.4844
405416 7.55479e+006 22.4844
405416 7.55479e+006 22.6344
405416 7.55479e+006 22.6345
405416 7.55479e+006 22.6344
405416 7.55479e+006 22.7844
405416 7.55479e+006 22.7845
405416 7.55479e+006 22.7845
405416 7.55479e+006 22.6345
405416 7.55479e+006 22.6344
405416 7.55479e+006 22.8943
405416 7.55479e+006 22.7845
405416 7.55479e+006 22.7844
405416 7.55479e+006 22.7844
405416 7.55479e+006 22.8942
405416 7.55479e+006 22.8943
405416 7.55479e+006 22.8942
405416 7.55479e+006 22.9344
405416 7.55479e+006 22.9345
405416 7.55479e+006 22.9345
405416 7.55479e+006 22.8943
405416 7.55479e+006 22.8942
405416 7.55479e+006 22.4844
405416 7.55479e+006 22.6344
405416 7.55479e+006 22.7844
405416 7.55479e+006 22.7844
405416 7.55479e+006 22.6344
405416 7.55479e+006 22.4844
405416 7.55479e+006 22.8942
405416 7.55479e+006 22.7844
405416 7.55479e+006 22.4844
405416 7.55479e+006 22.8942
405416 7.55479e+006 22.4844
405416 7.55479e+006 22.3746
405416 7.55479e+006 22.9344
405416 7.55479e+006 22.8942
405416 7.55479e+006 22.3746
405416 7.55479e+006 22.9344
405416 7.55479e+006 22.3746
405416 7.55479e+006 22.3344
405416 7.55479e+006 22.8942
405416 7.55479e+006 22.9344
405416 7.55479e+006 22.3344
405416 7.55479e+006 22.8942
405416 7.55479e+006 22.3344
405416 7.55479e+006 22.3746
405416 7.55479e+006 22.7844
405416 7.55479e+006 22.8942
405416 7.55479e+006 22.3746
405416 7.55479e+006 22.4844
405416 7.55479e+006 22.7844
405416 7.55479e+006 22.3746
405416 7.55479e+006 22.4845
405416 7.55479e+006 22.6345
405416 7.55479e+006 22.7845
405416 7.55479e+006 22.7845
405416 7.55479e+006 22.6345
405416 7.55479e+006 22.4845
405416 7.55479e+006 22.8943
405416 7.55479e+006 22.7845
405416 7.55479e+006 22.4845
405416 7.55479e+006 22.8943
405416 7.55479e+006 22.4845
405416 7.55479e+006 22.3747
405416 7.55479e+006 22.9345
405416 7.55479e+006 22.8943
405416 7.55479e+006 22.3747
405416 7.55479e+006 22.9345
405416 7.55479e+006 22.3747
405416 7.55479e+006 22.3345
405416 7.55479e+006 22.8943
405416 7.55479e+006 22.9345
405416 7.55479e+006 22.3345
405416 7.55479e+006 22.8943
405416 7.55479e+006 22.3345
405416 7.55479e+006 22.3747
405416 7.55479e+006 22.7845
405416 7.55479e+006 22.8943
405416 7.55479e+006 22.3747
405416 7.55479e+006 22.4845
405416 7.55479e+006 22.7845
405416 7.55479e+006 22.3747
405416 7.55479e+006 22.9376
405416 7.55479e+006 22.9845
405416 7.55479e+006 22.9847
405416 7.55479e+006 22.9847
405416 7.55479e+006 22.9378
405416 7.55479e+006 22.9376
405416 7.55479e+006 22.9378
405416 7.55479e+006 22.8097
405416 7.55479e+006 22.8095
405416 7.55479e+006 22.8095
405416 7.55479e+006 22.9376
405416 7.55479e+006 22.9378
405416 7.55479e+006 22.6345
405416 7.55479e+006 22.8095
405416 7.55479e+006 22.8097
405416 7.55479e+006 22.8097
405416 7.55479e+006 22.6347
405416 7.55479e+006 22.6345
405416 7.55479e+006 22.6347
405416 7.55479e+006 22.4597
405416 7.55479e+006 22.4595
405416 7.55479e+006 22.4595
405416 7.55479e+006 22.6345
405416 7.55479e+006 22.6347
405416 7.55479e+006 22.3314
405416 7.55479e+006 22.4595
405416 7.55479e+006 22.4597
405416 7.55479e+006 22.4597
405416 7.55479e+006 22.3316
405416 7.55479e+006 22.3314
405416 7.55479e+006 22.3316
405416 7.55479e+006 22.2847
405416 7.55479e+006 22.2845
405416 7.55479e+006 22.2845
405416 7.55479e+006 22.3314
405416 7.55479e+006 22.3316
405416 7.55479e+006 22.3314
405416 7.55479e+006 22.2845
405416 7.55479e+006 22.2847
405416 7.55479e+006 22.2847
405416 7.55479e+006 22.3316
405416 7.55479e+006 22.3314
405416 7.55479e+006 22.3316
405416 7.55479e+006 22.4597
405416 7.55479e+006 22.4595
405416 7.55479e+006 22.4595
405416 7.55479e+006 22.3314
405416 7.55479e+006 22.3316
405416 7.55479e+006 22.6345
405416 7.55479e+006 22.4595
405416 7.55479e+006 22.4597
405416 7.55479e+006 22.4597
405416 7.55479e+006 22.6347
405416 7.55479e+006 22.6345
405416 7.55479e+006 22.6347
405416 7.55479e+006 22.8097
405416 7.55479e+006 22.8095
405416 7.55479e+006 22.8095
405416 7.55479e+006 22.6345
405416 7.55479e+006 22.6347
405416 7.55479e+006 22.9376
405416 7.55479e+006 22.8095
405416 7.55479e+006 22.8097
405416 7.55479e+006 22.8097
405416 7.55479e+006 22.9378
405416 7.55479e+006 22.9376
405416 7.55479e+006 22.9378
405416 7.55479e+006 22.9847
405416 7.55479e+006 22.9845
405416 7.55479e+006 22.9845
405416 7.55479e+006 22.9376
405416 7.55479e+006 22.9378
405416 7.55479e+006 22.4597
405416 7.55479e+006 22.6347
405416 7.55479e+006 22.8097
405416 7.55479e+006 22.8097
405416 7.55479e+006 22.6347
405416 7.55479e+006 22.4597
405416 7.55479e+006 22.9378
405416 7.55479e+006 22.8097
405416 7.55479e+006 22.4597
405416 7.55479e+006 22.9378
405416 7.55479e+006 22.4597
405416 7.55479e+006 22.3316
405416 7.55479e+006 22.9847
405416 7.55479e+006 22.9378
405416 7.55479e+006 22.3316
405416 7.55479e+006 22.9847
405416 7.55479e+006 22.3316
405416 7.55479e+006 22.2847
405416 7.55479e+006 22.9378
405416 7.55479e+006 22.9847
405416 7.55479e+006 22.2847
405416 7.55479e+006 22.9378
405416 7.55479e+006 22.2847
405416 7.55479e+006 22.3316
405416 7.55479e+006 22.8097
405416 7.55479e+006 22.9378
405416 7.55479e+006 22.3316
405416 7.55479e+006 22.4597
405416 7.55479e+006 22.8097
405416 7.55479e+006 22.3316
405416 7.55479e+006 22.4595
405416 7.55479e+006 22.6345
405416 7.55479e+006 22.8095
405416 7.55479e+006 22.8095
405416 7.55479e+006 22.6345
405416 7.55479e+006 22.4595
405416 7.55479e+006 22.9376
405416 7.55479e+006 22.8095
405416 7.55479e+006 22.4595
405416 7.55479e+006 22.9376
405416 7.55479e+006 22.4595
405416 7.55479e+006 22.3314
405416 7.55479e+006 22.9845
405416 7.55479e+006 22.9376
405416 7.55479e+006 22.3314
405416 7.55479e+006 22.9845
405416 7.55479e+006 22.3314
405416 7.55479e+006 22.2845
405416 7.55479e+006 22.9376
405416 7.55479e+006 22.9845
405416 7.55479e+006 22.2845
405416 7.55479e+006 22.9376
405416 7.55479e+006 22.2845
405416 7.55479e+006 22.3314
405416 7.55479e+006 22.8095
405416 7.55479e+006 22.9376
405416 7.55479e+006 22.3314
405416 7.55479e+006 22.4595
405416 7.55479e+006 22.8095
405416 7.55479e+006 22.3314
405416 7.55479e+006 22.7646
405416 7.55479e+006 22.7847
405416 7.55479e+006 22.7849
405416 7.55479e+006 22.7849
405416 7.55479e+006 22.7648
405416 7.55479e+006 22.7646
405416 7.55479e+006 22.7648
405416 7.55479e+006 22.7099
405416 7.55479e+006 22.7097
405416 7.55479e+006 22.7097
405416 7.55479e+006 22.7646
405416 7.55479e+006 22.7648
405416 7.55479e+006 22.6347
405416 7.55479e+006 22.7097
405416 7.55479e+006 22.7099
405416 7.55479e+006 22.7099
405416 7.55479e+006 22.6349
405416 7.55479e+006 22.6347
405416 7.55479e+006 22.6349
405416 7.55479e+006 22.5599
405416 7.55479e+006 22.5597
405416 7.55479e+006 22.5597
405416 7.55479e+006 22.6347
405416 7.55479e+006 22.6349
405416 7.55479e+006 22.5048
405416 7.55479e+006 22.5597
405416 7.55479e+006 22.5599
405416 7.55479e+006 22.5599
405416 7.55479e+006 22.505
405416 7.55479e+006 22.5048
405416 7.55479e+006 22.505
405416 7.55479e+006 22.4849
405416 7.55479e+006 22.4847
405416 7.55479e+006 22.4847
405416 7.55479e+006 22.5048
405416 7.55479e+006 22.505
405416 7.55479e+006 22.5048
405416 7.55479e+006 22.4847
405416 7.55479e+006 22.4849
405416 7.55479e+006 22.4849
405416 7.55479e+006 22.505
405416 7.55479e+006 22.5048
405416 7.55479e+006 22.505
405416 7.55479e+006 22.5599
405416 7.55479e+006 22.5597
405416 7.55479e+006 22.5597
405416 7.55479e+006 22.5048
405416 7.55479e+006 22.505
405416 7.55479e+006 22.6347
405416 7.55479e+006 22.5597
405416 7.55479e+006 22.5599
405416 7.55479e+006 22.5599
405416 7.55479e+006 22.6349
405416 7.55479e+006 22.6347
405416 7.55479e+006 22.6349
405416 7.55479e+006 22.7099
405416 7.55479e+006 22.7097
405416 7.55479e+006 22.7097
405416 7.55479e+006 22.6347
405416 7.55479e+006 22.6349
405416 7.55479e+006 22.7646
405416 7.55479e+006 22.7097
405416 7.55479e+006 22.7099
405416 7.55479e+006 22.7099
405416 7.55479e+006 22.7648
405416 7.55479e+006 22.7646
405416 7.55479e+006 22.7648
405416 7.55479e+006 22.7849
405416 7.55479e+006 22.7847
405416 7.55479e+006 22.7847
405416 7.55479e+006 22.7646
405416 7.55479e+006 22.7648
405416 7.55479e+006 22.5599
405416 7.55479e+006 22.6349
405416 7.55479e+006 22.7099
405416 7.55479e+006 22.7099
405416 7.55479e+006 22.6349
405416 7.55479e+006 22.5599
405416 7.55479e+006 22.7648
405416 7.55479e+006 22.7099
405416 7.55479e+006 22.5599
405416 7.55479e+006 22.7648
405416 7.55479e+006 22.5599
405416 7.55479e+006 22.505
405416 7.55479e+006 22.7849
405416 7.55479e+006 22.7648
405416 7.55479e+006 22.505
405416 7.55479e+006 22.7849
405416 7.55479e+006 22.505
405416 7.55479e+006 22.4849
405416 7.55479e+006 22.7648
405416 7.55479e+006 22.7849
405416 7.55479e+006 22.4849
405416 7.55479e+006 22.7648
405416 7.55479e+006 22.4849
405416 7.55479e+006 22.505
405416 7.55479e+006 22.7099
405416 7.55479e+006 22.7648
405416 7.55479e+006 22.505
405416 7.55479e+006 22.5599
405416 7.55479e+006 22.7099
405416 7.55479e+006 22.505
405416 7.55479e+006 22.5597
405416 7.55479e+006 22.6347
405416 7.55479e+006 22.7097
405416 7.55479e+006 22.7097
405416 7.55479e+006 22.6347
405416 7.55479e+006 22.5597
405416 7.55479e+006 22.7646
405416 7.55479e+006 22.7097
405416 7.55479e+006 22.5597
405416 7.55479e+006 22.7646
405416 7.55479e+006 22.5597
405416 7.55479e+006 22.5048
405416 7.55479e+006 22.7847
405416 7.55479e+006 22.7646
405416 7.55479e+006 22.5048
405416 7.55479e+006 22.7847
405416 7.55479e+006 22.5048
405416 7.55479e+006 22.4847
405416 7.55479e+006 22.7646
405416 7.55479e+006 22.7847
405416 7.55479e+006 22.4847
405416 7.55479e+006 22.7646
405416 7.55479e+006 22.4847
405416 7.55479e+006 22.5048
405416 7.55479e+006 22.7097
405416 7.55479e+006 22.7646
405416 7.55479e+006 22.5048
405416 7.55479e+006 22.5597
405416 7.55479e+006 22.7097
405416 7.55479e+006 22.5048
405413 7.55479e+006 23.0646
405413 7.55479e+006 23.1315
405413 7.55479e+006 23.1317
405413 7.55479e+006 23.1317
405413 7.55479e+006 23.0647
405413 7.55479e+006 23.0646
405413 7.55479e+006 23.0647
405413 7.55479e+006 22.8817
405413 7.55479e+006 22.8816
405413 7.55479e+006 22.8816
405413 7.55479e+006 23.0646
405413 7.55479e+006 23.0647
405413 7.55479e+006 22.6316
405413 7.55479e+006 22.8816
405413 7.55479e+006 22.8817
405413 7.55479e+006 22.8817
405413 7.55479e+006 22.6317
405413 7.55479e+006 22.6316
405413 7.55479e+006 22.6317
405413 7.55479e+006 22.3817
405413 7.55479e+006 22.3816
405413 7.55479e+006 22.3816
405413 7.55479e+006 22.6316
405413 7.55479e+006 22.6317
405413 7.55479e+006 22.1985
405413 7.55479e+006 22.3816
405413 7.55479e+006 22.3817
405413 7.55479e+006 22.3817
405413 7.55479e+006 22.1987
405413 7.55479e+006 22.1985
405413 7.55479e+006 22.1987
405413 7.55479e+006 22.1317
405413 7.55479e+006 22.1315
405413 7.55479e+006 22.1315
405413 7.55479e+006 22.1985
405413 7.55479e+006 22.1987
405413 7.55479e+006 22.1985
405413 7.55479e+006 22.1315
405413 7.55479e+006 22.1317
405413 7.55479e+006 22.1317
405413 7.55479e+006 22.1987
405413 7.55479e+006 22.1985
405413 7.55479e+006 22.1987
405413 7.55479e+006 22.3817
405413 7.55479e+006 22.3815
405413 7.55479e+006 22.3815
405413 7.55479e+006 22.1985
405413 7.55479e+006 22.1987
405413 7.55479e+006 22.6315
405413 7.55479e+006 22.3815
405413 7.55479e+006 22.3817
405413 7.55479e+006 22.3817
405413 7.55479e+006 22.6317
405413 7.55479e+006 22.6315
405413 7.55479e+006 22.6317
405413 7.55479e+006 22.8817
405413 7.55479e+006 22.8815
405413 7.55479e+006 22.8815
405413 7.55479e+006 22.6315
405413 7.55479e+006 22.6317
405413 7.55479e+006 23.0645
405413 7.55479e+006 22.8815
405413 7.55479e+006 22.8817
405413 7.55479e+006 22.8817
405413 7.55479e+006 23.0647
405413 7.55479e+006 23.0645
405413 7.55479e+006 23.0647
405413 7.55479e+006 23.1317
405413 7.55479e+006 23.1315
405413 7.55479e+006 23.1315
405413 7.55479e+006 23.0645
405413 7.55479e+006 23.0647
405413 7.55479e+006 22.3817
405413 7.55479e+006 22.6317
405413 7.55479e+006 22.8817
405413 7.55479e+006 22.8817
405413 7.55479e+006 22.6317
405413 7.55479e+006 22.3817
405413 7.55479e+006 23.0647
405413 7.55479e+006 22.8817
405413 7.55479e+006 22.3817
405413 7.55479e+006 23.0647
405413 7.55479e+006 22.3817
405413 7.55479e+006 22.1987
405413 7.55479e+006 23.1317
405413 7.55479e+006 23.0647
405413 7.55479e+006 22.1987
405413 7.55479e+006 23.1317
405413 7.55479e+006 22.1987
405413 7.55479e+006 22.1317
405413 7.55479e+006 23.0647
405413 7.55479e+006 23.1317
405413 7.55479e+006 22.1317
405413 7.55479e+006 23.0647
405413 7.55479e+006 22.1317
405413 7.55479e+006 22.1987
405413 7.55479e+006 22.8817
405413 7.55479e+006 23.0647
405413 7.55479e+006 22.1987
405413 7.55479e+006 22.3817
405413 7.55479e+006 22.8817
405413 7.55479e+006 22.1987
405413 7.55479e+006 22.3815
405413 7.55479e+006 22.6315
405413 7.55479e+006 22.8815
405413 7.55479e+006 22.8816
405413 7.55479e+006 22.6316
405413 7.55479e+006 22.3816
405413 7.55479e+006 23.0646
405413 7.55479e+006 22.8816
405413 7.55479e+006 22.3816
405413 7.55479e+006 23.0646
405413 7.55479e+006 22.3816
405413 7.55479e+006 22.1985
405413 7.55479e+006 23.1315
405413 7.55479e+006 23.0646
405413 7.55479e+006 22.1985
405413 7.55479e+006 23.1315
405413 7.55479e+006 22.1985
405413 7.55479e+006 22.1315
405413 7.55479e+006 23.0645
405413 7.55479e+006 23.1315
405413 7.55479e+006 22.1315
405413 7.55479e+006 23.0645
405413 7.55479e+006 22.1315
405413 7.55479e+006 22.1985
405413 7.55479e+006 22.8815
405413 7.55479e+006 23.0645
405413 7.55479e+006 22.1985
405413 7.55479e+006 22.3815
405413 7.55479e+006 22.8815
405413 7.55479e+006 22.1985
405413 7.55479e+006 22.8913
405413 7.55479e+006 22.9315
405413 7.55479e+006 22.9314
405413 7.55479e+006 22.9314
405413 7.55479e+006 22.8912
405413 7.55479e+006 22.8913
405413 7.55479e+006 22.8912
405413 7.55479e+006 22.7814
405413 7.55479e+006 22.7815
405413 7.55479e+006 22.7815
405413 7.55479e+006 22.8913
405413 7.55479e+006 22.8912
405413 7.55479e+006 22.6315
405413 7.55479e+006 22.7815
405413 7.55479e+006 22.7814
405413 7.55479e+006 22.7814
405413 7.55479e+006 22.6314
405413 7.55479e+006 22.6315
405413 7.55479e+006 22.6314
405413 7.55479e+006 22.4814
405413 7.55479e+006 22.4815
405413 7.55479e+006 22.4815
405413 7.55479e+006 22.6315
405413 7.55479e+006 22.6314
405413 7.55479e+006 22.3717
405413 7.55479e+006 22.4815
405413 7.55479e+006 22.4814
405413 7.55479e+006 22.4814
405413 7.55479e+006 22.3716
405413 7.55479e+006 22.3717
405413 7.55479e+006 22.3716
405413 7.55479e+006 22.3314
405413 7.55479e+006 22.3315
405413 7.55479e+006 22.3315
405413 7.55479e+006 22.3717
405413 7.55479e+006 22.3716
405413 7.55479e+006 22.3717
405413 7.55479e+006 22.3315
405413 7.55479e+006 22.3314
405413 7.55479e+006 22.3314
405413 7.55479e+006 22.3716
405413 7.55479e+006 22.3717
405413 7.55479e+006 22.3716
405413 7.55479e+006 22.4815
405413 7.55479e+006 22.4816
405413 7.55479e+006 22.4816
405413 7.55479e+006 22.3717
405413 7.55479e+006 22.3716
405413 7.55479e+006 22.6316
405413 7.55479e+006 22.4816
405413 7.55479e+006 22.4815
405413 7.55479e+006 22.4815
405413 7.55479e+006 22.6315
405413 7.55479e+006 22.6316
405413 7.55479e+006 22.6315
405413 7.55479e+006 22.7815
405413 7.55479e+006 22.7815
405413 7.55479e+006 22.7815
405413 7.55479e+006 22.6316
405413 7.55479e+006 22.6315
405413 7.55479e+006 22.8913
405413 7.55479e+006 22.7815
405413 7.55479e+006 22.7815
405413 7.55479e+006 22.7815
405413 7.55479e+006 22.8913
405413 7.55479e+006 22.8913
405413 7.55479e+006 22.8913
405413 7.55479e+006 22.9314
405413 7.55479e+006 22.9315
405413 7.55479e+006 22.9315
405413 7.55479e+006 22.8913
405413 7.55479e+006 22.8913
405413 7.55479e+006 22.4814
405413 7.55479e+006 22.6314
405413 7.55479e+006 22.7814
405413 7.55479e+006 22.7815
405413 7.55479e+006 22.6315
405413 7.55479e+006 22.4815
405413 7.55479e+006 22.8913
405413 7.55479e+006 22.7815
405413 7.55479e+006 22.4815
405413 7.55479e+006 22.8913
405413 7.55479e+006 22.4815
405413 7.55479e+006 22.3716
405413 7.55479e+006 22.9314
405413 7.55479e+006 22.8913
405413 7.55479e+006 22.3716
405413 7.55479e+006 22.9314
405413 7.55479e+006 22.3716
405413 7.55479e+006 22.3314
405413 7.55479e+006 22.8912
405413 7.55479e+006 22.9314
405413 7.55479e+006 22.3314
405413 7.55479e+006 22.8912
405413 7.55479e+006 22.3314
405413 7.55479e+006 22.3716
405413 7.55479e+006 22.7814
405413 7.55479e+006 22.8912
405413 7.55479e+006 22.3716
405413 7.55479e+006 22.4814
405413 7.55479e+006 22.7814
405413 7.55479e+006 22.3716
405413 7.55479e+006 22.4816
405413 7.55479e+006 22.6316
405413 7.55479e+006 22.7815
405413 7.55479e+006 22.7815
405413 7.55479e+006 22.6315
405413 7.55479e+006 22.4815
405413 7.55479e+006 22.8913
405413 7.55479e+006 22.7815
405413 7.55479e+006 22.4815
405413 7.55479e+006 22.8913
405413 7.55479e+006 22.4815
405413 7.55479e+006 22.3717
405413 7.55479e+006 22.9315
405413 7.55479e+006 22.8913
405413 7.55479e+006 22.3717
405413 7.55479e+006 22.9315
405413 7.55479e+006 22.3717
405413 7.55479e+006 22.3315
405413 7.55479e+006 22.8913
405413 7.55479e+006 22.9315
405413 7.55479e+006 22.3315
405413 7.55479e+006 22.8913
405413 7.55479e+006 22.3315
405413 7.55479e+006 22.3717
405413 7.55479e+006 22.7815
405413 7.55479e+006 22.8913
405413 7.55479e+006 22.3717
405413 7.55479e+006 22.4816
405413 7.55479e+006 22.7815
405413 7.55479e+006 22.3717
405413 7.55479e+006 22.6962
405413 7.55479e+006 22.7062
405413 7.55479e+006 22.7064
405413 7.55479e+006 22.7064
405413 7.55479e+006 22.6964
405413 7.55479e+006 22.6962
405413 7.55479e+006 22.6964
405413 7.55479e+006 22.6689
405413 7.55479e+006 22.6687
405413 7.55479e+006 22.6687
405413 7.55479e+006 22.6962
405413 7.55479e+006 22.6964
405413 7.55479e+006 22.6312
405413 7.55479e+006 22.6687
405413 7.55479e+006 22.6689
405413 7.55479e+006 22.6689
405413 7.55479e+006 22.6314
405413 7.55479e+006 22.6312
405413 7.55479e+006 22.6314
405413 7.55479e+006 22.5939
405413 7.55479e+006 22.5937
405413 7.55479e+006 22.5937
405413 7.55479e+006 22.6312
405413 7.55479e+006 22.6314
405413 7.55479e+006 22.5663
405413 7.55479e+006 22.5937
405413 7.55479e+006 22.5939
405413 7.55479e+006 22.5939
405413 7.55479e+006 22.5665
405413 7.55479e+006 22.5663
405413 7.55479e+006 22.5665
405413 7.55479e+006 22.5564
405413 7.55479e+006 22.5562
405413 7.55479e+006 22.5562
405413 7.55479e+006 22.5663
405413 7.55479e+006 22.5665
405413 7.55479e+006 22.5663
405413 7.55479e+006 22.5562
405413 7.55479e+006 22.5564
405413 7.55479e+006 22.5564
405413 7.55479e+006 22.5665
405413 7.55479e+006 22.5663
405413 7.55479e+006 22.5665
405413 7.55479e+006 22.5939
405413 7.55479e+006 22.5937
405413 7.55479e+006 22.5937
405413 7.55479e+006 22.5663
405413 7.55479e+006 22.5665
405413 7.55479e+006 22.6312
405413 7.55479e+006 22.5937
405413 7.55479e+006 22.5939
405413 7.55479e+006 22.5939
405413 7.55479e+006 22.6314
405413 7.55479e+006 22.6312
405413 7.55479e+006 22.6314
405413 7.55479e+006 22.6689
405413 7.55479e+006 22.6687
405413 7.55479e+006 22.6687
405413 7.55479e+006 22.6312
405413 7.55479e+006 22.6314
405413 7.55479e+006 22.6962
405413 7.55479e+006 22.6687
405413 7.55479e+006 22.6689
405413 7.55479e+006 22.6689
405413 7.55479e+006 22.6964
405413 7.55479e+006 22.6962
405413 7.55479e+006 22.6964
405413 7.55479e+006 22.7064
405413 7.55479e+006 22.7062
405413 7.55479e+006 22.7062
405413 7.55479e+006 22.6962
405413 7.55479e+006 22.6964
405413 7.55479e+006 22.5939
405413 7.55479e+006 22.6314
405413 7.55479e+006 22.6689
405413 7.55479e+006 22.6689
405413 7.55479e+006 22.6314
405413 7.55479e+006 22.5939
405413 7.55479e+006 22.6964
405413 7.55479e+006 22.6689
405413 7.55479e+006 22.5939
405413 7.55479e+006 22.6964
405413 7.55479e+006 22.5939
405413 7.55479e+006 22.5665
405413 7.55479e+006 22.7064
405413 7.55479e+006 22.6964
405413 7.55479e+006 22.5665
405413 7.55479e+006 22.7064
405413 7.55479e+006 22.5665
405413 7.55479e+006 22.5564
405413 7.55479e+006 22.6964
405413 7.55479e+006 22.7064
405413 7.55479e+006 22.5564
405413 7.55479e+006 22.6964
405413 7.55479e+006 22.5564
405413 7.55479e+006 22.5665
405413 7.55479e+006 22.6689
405413 7.55479e+006 22.6964
405413 7.55479e+006 22.5665
405413 7.55479e+006 22.5939
405413 7.55479e+006 22.6689
405413 7.55479e+006 22.5665
405413 7.55479e+006 22.5937
405413 7.55479e+006 22.6312
405413 7.55479e+006 22.6687
405413 7.55479e+006 22.6687
405413 7.55479e+006 22.6312
405413 7.55479e+006 22.5937
405413 7.55479e+006 22.6962
405413 7.55479e+006 22.6687
405413 7.55479e+006 22.5937
405413 7.55479e+006 22.6962
405413 7.55479e+006 22.5937
405413 7.55479e+006 22.5663
405413 7.55479e+006 22.7062
405413 7.55479e+006 22.6962
405413 7.55479e+006 22.5663
405413 7.55479e+006 22.7062
405413 7.55479e+006 22.5663
405413 7.55479e+006 22.5562
405413 7.55479e+006 22.6962
405413 7.55479e+006 22.7062
405413 7.55479e+006 22.5562
405413 7.55479e+006 22.6962
405413 7.55479e+006 22.5562
405413 7.55479e+006 22.5663
405413 7.55479e+006 22.6687
405413 7.55479e+006 22.6962
405413 7.55479e+006 22.5663
405413 7.55479e+006 22.5937
405413 7.55479e+006 22.6687
405413 7.55479e+006 22.5663
405413 7.55479e+006 22.8477
405413 7.55479e+006 22.8812
405412 7.55479e+006 22.8811
405412 7.55479e+006 22.8811
405412 7.55479e+006 22.8476
405413 7.55479e+006 22.8477
405412 7.55479e+006 22.8476
405412 7.55479e+006 22.7561
405413 7.55479e+006 22.7562
405413 7.55479e+006 22.7562
405413 7.55479e+006 22.8477
405412 7.55479e+006 22.8476
405413 7.55479e+006 22.6312
405413 7.55479e+006 22.7562
405412 7.55479e+006 22.7561
405412 7.55479e+006 22.7561
405412 7.55479e+006 22.6311
405413 7.55479e+006 22.6312
405412 7.55479e+006 22.6311
405412 7.55479e+006 22.5061
405413 7.55479e+006 22.5062
405413 7.55479e+006 22.5062
405413 7.55479e+006 22.6312
405412 7.55479e+006 22.6311
405413 7.55479e+006 22.4147
405413 7.55479e+006 22.5062
405412 7.55479e+006 22.5061
405412 7.55479e+006 22.5061
405412 7.55479e+006 22.4146
405413 7.55479e+006 22.4147
405412 7.55479e+006 22.4146
405412 7.55479e+006 22.3811
405413 7.55479e+006 22.3812
405413 7.55479e+006 22.3812
405413 7.55479e+006 22.4147
405412 7.55479e+006 22.4146
405413 7.55479e+006 22.4147
405413 7.55479e+006 22.3812
405412 7.55479e+006 22.3811
405412 7.55479e+006 22.3811
405413 7.55479e+006 22.4146
405413 7.55479e+006 22.4147
405413 7.55479e+006 22.4146
405413 7.55479e+006 22.5061
405413 7.55479e+006 22.5062
405413 7.55479e+006 22.5062
405413 7.55479e+006 22.4147
405413 7.55479e+006 22.4146
405413 7.55479e+006 22.6312
405413 7.55479e+006 22.5062
405413 7.55479e+006 22.5061
405413 7.55479e+006 22.5061
405413 7.55479e+006 22.6311
405413 7.55479e+006 22.6312
405413 7.55479e+006 22.6311
405413 7.55479e+006 22.7561
405413 7.55479e+006 22.7562
405413 7.55479e+006 22.7562
405413 7.55479e+006 22.6312
405413 7.55479e+006 22.6311
405413 7.55479e+006 22.8477
405413 7.55479e+006 22.7562
405413 7.55479e+006 22.7561
405413 7.55479e+006 22.7561
405413 7.55479e+006 22.8476
405413 7.55479e+006 22.8477
405413 7.55479e+006 22.8476
405412 7.55479e+006 22.8811
405413 7.55479e+006 22.8812
405413 7.55479e+006 22.8812
405413 7.55479e+006 22.8477
405413 7.55479e+006 22.8476
405412 7.55479e+006 22.5061
405412 7.55479e+006 22.6311
405412 7.55479e+006 22.7561
405413 7.55479e+006 22.7561
405413 7.55479e+006 22.6311
405413 7.55479e+006 22.5061
405413 7.55479e+006 22.8476
405413 7.55479e+006 22.7561
405413 7.55479e+006 22.5061
405413 7.55479e+006 22.8476
405413 7.55479e+006 22.5061
405413 7.55479e+006 22.4146
405412 7.55479e+006 22.8811
405413 7.55479e+006 22.8476
405413 7.55479e+006 22.4146
405412 7.55479e+006 22.8811
405413 7.55479e+006 22.4146
405412 7.55479e+006 22.3811
405412 7.55479e+006 22.8476
405412 7.55479e+006 22.8811
405412 7.55479e+006 22.3811
405412 7.55479e+006 22.8476
405412 7.55479e+006 22.3811
405412 7.55479e+006 22.4146
405412 7.55479e+006 22.7561
405412 7.55479e+006 22.8476
405412 7.55479e+006 22.4146
405412 7.55479e+006 22.5061
405412 7.55479e+006 22.7561
405412 7.55479e+006 22.4146
405413 7.55479e+006 22.5062
405413 7.55479e+006 22.6312
405413 7.55479e+006 22.7562
405413 7.55479e+006 22.7562
405413 7.55479e+006 22.6312
405413 7.55479e+006 22.5062
405413 7.55479e+006 22.8477
405413 7.55479e+006 22.7562
405413 7.55479e+006 22.5062
405413 7.55479e+006 22.8477
405413 7.55479e+006 22.5062
405413 7.55479e+006 22.4147
405413 7.55479e+006 22.8812
405413 7.55479e+006 22.8477
405413 7.55479e+006 22.4147
405413 7.55479e+006 22.8812
405413 7.55479e+006 22.4147
405413 7.55479e+006 22.3812
405413 7.55479e+006 22.8477
405413 7.55479e+006 22.8812
405413 7.55479e+006 22.3812
405413 7.55479e+006 22.8477
405413 7.55479e+006 22.3812
405413 7.55479e+006 22.4147
405413 7.55479e+006 22.7562
405413 7.55479e+006 22.8477
405413 7.55479e+006 22.4147
405413 7.55479e+006 22.5062
405413 7.55479e+006 22.7562
405413 7.55479e+006 22.4147
405410 7.55479e+006 22.8454
405410 7.55479e+006 22.8789
405411 7.55479e+006 22.8793
405411 7.55479e+006 22.8793
405411 7.55479e+006 22.8458
405410 7.55479e+006 22.8454
405411 7.55479e+006 22.8458
405411 7.55479e+006 22.7543
405410 7.55479e+006 22.7539
405410 7.55479e+006 22.7539
405410 7.55479e+006 22.8454
405411 7.55479e+006 22.8458
405410 7.55479e+006 22.6289
405410 7.55479e+006 22.7539
405411 7.55479e+006 22.7543
405411 7.55479e+006 22.7543
405411 7.55479e+006 22.6293
405410 7.55479e+006 22.6289
405411 7.55479e+006 22.6293
405411 7.55479e+006 22.5043
405410 7.55479e+006 22.5039
405410 7.55479e+006 22.5039
405410 7.55479e+006 22.6289
405411 7.55479e+006 22.6293
405410 7.55479e+006 22.4124
405410 7.55479e+006 22.5039
405411 7.55479e+006 22.5043
405411 7.55479e+006 22.5043
405411 7.55479e+006 22.4128
405410 7.55479e+006 22.4124
405411 7.55479e+006 22.4128
405411 7.55479e+006 22.3793
405410 7.55479e+006 22.3789
405410 7.55479e+006 22.3789
405410 7.55479e+006 22.4124
405411 7.55479e+006 22.4128
405410 7.55479e+006 22.4124
405410 7.55479e+006 22.3789
405411 7.55479e+006 22.3793
405411 7.55479e+006 22.3793
405411 7.55479e+006 22.4127
405410 7.55479e+006 22.4124
405411 7.55479e+006 22.4127
405411 7.55479e+006 22.5042
405410 7.55479e+006 22.5039
405410 7.55479e+006 22.5039
405410 7.55479e+006 22.4124
405411 7.55479e+006 22.4127
405410 7.55479e+006 22.6289
405410 7.55479e+006 22.5039
405411 7.55479e+006 22.5042
405411 7.55479e+006 22.5042
405411 7.55479e+006 22.6292
405410 7.55479e+006 22.6289
405411 7.55479e+006 22.6292
405411 7.55479e+006 22.7542
405410 7.55479e+006 22.7539
405410 7.55479e+006 22.7539
405410 7.55479e+006 22.6289
405411 7.55479e+006 22.6292
405410 7.55479e+006 22.8454
405410 7.55479e+006 22.7539
405411 7.55479e+006 22.7542
405411 7.55479e+006 22.7542
405411 7.55479e+006 22.8458
405410 7.55479e+006 22.8454
405411 7.55479e+006 22.8458
405411 7.55479e+006 22.8793
405410 7.55479e+006 22.8789
405410 7.55479e+006 22.8789
405410 7.55479e+006 22.8454
405411 7.55479e+006 22.8458
405411 7.55479e+006 22.5043
405411 7.55479e+006 22.6293
405411 7.55479e+006 22.7543
405411 7.55479e+006 22.7542
405411 7.55479e+006 22.6292
405411 7.55479e+006 22.5042
405411 7.55479e+006 22.8458
405411 7.55479e+006 22.7542
405411 7.55479e+006 22.5042
405411 7.55479e+006 22.8458
405411 7.55479e+006 22.5042
405411 7.55479e+006 22.4127
405411 7.55479e+006 22.8793
405411 7.55479e+006 22.8458
405411 7.55479e+006 22.4127
405411 7.55479e+006 22.8793
405411 7.55479e+006 22.4127
405411 7.55479e+006 22.3793
405411 7.55479e+006 22.8458
405411 7.55479e+006 22.8793
405411 7.55479e+006 22.3793
405411 7.55479e+006 22.8458
405411 7.55479e+006 22.3793
405411 7.55479e+006 22.4128
405411 7.55479e+006 22.7543
405411 7.55479e+006 22.8458
405411 7.55479e+006 22.4128
405411 7.55479e+006 22.5043
405411 7.55479e+006 22.7543
405411 7.55479e+006 22.4128
405410 7.55479e+006 22.5039
405410 7.55479e+006 22.6289
405410 7.55479e+006 22.7539
405410 7.55479e+006 22.7539
405410 7.55479e+006 22.6289
405410 7.55479e+006 22.5039
405410 7.55479e+006 22.8454
405410 7.55479e+006 22.7539
405410 7.55479e+006 22.5039
405410 7.55479e+006 22.8454
405410 7.55479e+006 22.5039
405410 7.55479e+006 22.4124
405410 7.55479e+006 22.8789
405410 7.55479e+006 22.8454
405410 7.55479e+006 22.4124
405410 7.55479e+006 22.8789
405410 7.55479e+006 22.4124
405410 7.55479e+006 22.3789
405410 7.55479e+006 22.8454
405410 7.55479e+006 22.8789
405410 7.55479e+006 22.3789
405410 7.55479e+006 22.8454
405410 7.55479e+006 22.3789
405410 7.55479e+006 22.4124
405410 7.55479e+006 22.7539
405410 7.55479e+006 22.8454
405410 7.55479e+006 22.4124
405410 7.55479e+006 22.5039
405410 7.55479e+006 22.7539
405410 7.55479e+006 22.4124
405411 7.55479e+006 22.9757
405411 7.55479e+006 23.0293
405411 7.55479e+006 23.0293
405411 7.55479e+006 23.0293
405411 7.55479e+006 22.9758
405411 7.55479e+006 22.9757
405411 7.55479e+006 22.9758
405411 7.55479e+006 22.8294
405411 7.55479e+006 22.8293
405411 7.55479e+006 22.8293
405411 7.55479e+006 22.9757
405411 7.55479e+006 22.9758
405411 7.55479e+006 22.6293
405411 7.55479e+006 22.8293
405411 7.55479e+006 22.8294
405411 7.55479e+006 22.8294
405411 7.55479e+006 22.6294
405411 7.55479e+006 22.6293
405411 7.55479e+006 22.6294
405411 7.55479e+006 22.4294
405411 7.55479e+006 22.4293
405411 7.55479e+006 22.4293
405411 7.55479e+006 22.6293
405411 7.55479e+006 22.6294
405411 7.55479e+006 22.2829
405411 7.55479e+006 22.4293
405411 7.55479e+006 22.4294
405411 7.55479e+006 22.4294
405411 7.55479e+006 22.2829
405411 7.55479e+006 22.2829
405411 7.55479e+006 22.2829
405411 7.55479e+006 22.2293
405411 7.55479e+006 22.2293
405411 7.55479e+006 22.2293
405411 7.55479e+006 22.2829
405411 7.55479e+006 22.2829
405411 7.55479e+006 22.2828
405411 7.55479e+006 22.2293
405411 7.55479e+006 22.2293
405411 7.55479e+006 22.2293
405411 7.55479e+006 22.2829
405411 7.55479e+006 22.2828
405411 7.55479e+006 22.2829
405411 7.55479e+006 22.4293
405411 7.55479e+006 22.4292
405411 7.55479e+006 22.4292
405411 7.55479e+006 22.2828
405411 7.55479e+006 22.2829
405411 7.55479e+006 22.6292
405411 7.55479e+006 22.4292
405411 7.55479e+006 22.4293
405411 7.55479e+006 22.4293
405411 7.55479e+006 22.6293
405411 7.55479e+006 22.6292
405411 7.55479e+006 22.6293
405411 7.55479e+006 22.8293
405411 7.55479e+006 22.8292
405411 7.55479e+006 22.8292
405411 7.55479e+006 22.6292
405411 7.55479e+006 22.6293
405411 7.55479e+006 22.9757
405411 7.55479e+006 22.8292
405411 7.55479e+006 22.8293
405411 7.55479e+006 22.8293
405411 7.55479e+006 22.9757
405411 7.55479e+006 22.9757
405411 7.55479e+006 22.9757
405411 7.55479e+006 23.0293
405411 7.55479e+006 23.0293
405411 7.55479e+006 23.0293
405411 7.55479e+006 22.9757
405411 7.55479e+006 22.9757
405411 7.55479e+006 22.4294
405411 7.55479e+006 22.6294
405411 7.55479e+006 22.8294
405411 7.55479e+006 22.8293
405411 7.55479e+006 22.6293
405411 7.55479e+006 22.4293
405411 7.55479e+006 22.9757
405411 7.55479e+006 22.8293
405411 7.55479e+006 22.4293
405411 7.55479e+006 22.9757
405411 7.55479e+006 22.4293
405411 7.55479e+006 22.2829
405411 7.55479e+006 23.0293
405411 7.55479e+006 22.9757
405411 7.55479e+006 22.2829
405411 7.55479e+006 23.0293
405411 7.55479e+006 22.2829
405411 7.55479e+006 22.2293
405411 7.55479e+006 22.9758
405411 7.55479e+006 23.0293
405411 7.55479e+006 22.2293
405411 7.55479e+006 22.9758
405411 7.55479e+006 22.2293
405411 7.55479e+006 22.2829
405411 7.55479e+006 22.8294
405411 7.55479e+006 22.9758
405411 7.55479e+006 22.2829
405411 7.55479e+006 22.4294
405411 7.55479e+006 22.8294
405411 7.55479e+006 22.2829
405411 7.55479e+006 22.4292
405411 7.55479e+006 22.6292
405411 7.55479e+006 22.8292
405411 7.55479e+006 22.8293
405411 7.55479e+006 22.6293
405411 7.55479e+006 22.4293
405411 7.55479e+006 22.9757
405411 7.55479e+006 22.8293
405411 7.55479e+006 22.4293
405411 7.55479e+006 22.9757
405411 7.55479e+006 22.4293
405411 7.55479e+006 22.2829
405411 7.55479e+006 23.0293
405411 7.55479e+006 22.9757
405411 7.55479e+006 22.2829
405411 7.55479e+006 23.0293
405411 7.55479e+006 22.2829
405411 7.55479e+006 22.2293
405411 7.55479e+006 22.9757
405411 7.55479e+006 23.0293
405411 7.55479e+006 22.2293
405411 7.55479e+006 22.9757
405411 7.55479e+006 22.2293
405411 7.55479e+006 22.2828
405411 7.55479e+006 22.8292
405411 7.55479e+006 22.9757
405411 7.55479e+006 22.2828
405411 7.55479e+006 22.4292
405411 7.55479e+006 22.8292
405411 7.55479e+006 22.2828
405411 7.55479e+006 23.0624
405411 7.55479e+006 23.1293
405411 7.55479e+006 23.1294
405411 7.55479e+006 23.1294
405411 7.55479e+006 23.0625
405411 7.55479e+006 23.0624
405411 7.55479e+006 23.0625
405411 7.55479e+006 22.8795
405411 7.55479e+006 22.8794
405411 7.55479e+006 22.8794
405411 7.55479e+006 23.0624
405411 7.55479e+006 23.0625
405411 7.55479e+006 22.6294
405411 7.55479e+006 22.8794
405411 7.55479e+006 22.8795
405411 7.55479e+006 22.8795
405411 7.55479e+006 22.6295
405411 7.55479e+006 22.6294
405411 7.55479e+006 22.6295
405411 7.55479e+006 22.3795
405411 7.55479e+006 22.3794
405411 7.55479e+006 22.3794
405411 7.55479e+006 22.6294
405411 7.55479e+006 22.6295
405411 7.55479e+006 22.1963
405411 7.55479e+006 22.3794
405411 7.55479e+006 22.3795
405411 7.55479e+006 22.3795
405411 7.55479e+006 22.1964
405411 7.55479e+006 22.1963
405411 7.55479e+006 22.1964
405411 7.55479e+006 22.1294
405411 7.55479e+006 22.1293
405411 7.55479e+006 22.1293
405411 7.55479e+006 22.1963
405411 7.55479e+006 22.1964
405411 7.55479e+006 22.1963
405411 7.55479e+006 22.1293
405411 7.55479e+006 22.1294
405411 7.55479e+006 22.1294
405411 7.55479e+006 22.1964
405411 7.55479e+006 22.1963
405411 7.55479e+006 22.1964
405411 7.55479e+006 22.3794
405411 7.55479e+006 22.3793
405411 7.55479e+006 22.3793
405411 7.55479e+006 22.1963
405411 7.55479e+006 22.1964
405411 7.55479e+006 22.6293
405411 7.55479e+006 22.3793
405411 7.55479e+006 22.3794
405411 7.55479e+006 22.3794
405411 7.55479e+006 22.6294
405411 7.55479e+006 22.6293
405411 7.55479e+006 22.6294
405411 7.55479e+006 22.8794
405411 7.55479e+006 22.8793
405411 7.55479e+006 22.8793
405411 7.55479e+006 22.6293
405411 7.55479e+006 22.6294
405411 7.55479e+006 23.0623
405411 7.55479e+006 22.8793
405411 7.55479e+006 22.8794
405411 7.55479e+006 22.8794
405411 7.55479e+006 23.0624
405411 7.55479e+006 23.0623
405411 7.55479e+006 23.0624
405411 7.55479e+006 23.1294
405411 7.55479e+006 23.1293
405411 7.55479e+006 23.1293
405411 7.55479e+006 23.0623
405411 7.55479e+006 23.0624
405411 7.55479e+006 22.3795
405411 7.55479e+006 22.6295
405411 7.55479e+006 22.8795
405411 7.55479e+006 22.8794
405411 7.55479e+006 22.6294
405411 7.55479e+006 22.3794
405411 7.55479e+006 23.0624
405411 7.55479e+006 22.8794
405411 7.55479e+006 22.3794
405411 7.55479e+006 23.0624
405411 7.55479e+006 22.3794
405411 7.55479e+006 22.1964
405411 7.55479e+006 23.1294
405411 7.55479e+006 23.0624
405411 7.55479e+006 22.1964
405411 7.55479e+006 23.1294
405411 7.55479e+006 22.1964
405411 7.55479e+006 22.1294
405411 7.55479e+006 23.0625
405411 7.55479e+006 23.1294
405411 7.55479e+006 22.1294
405411 7.55479e+006 23.0625
405411 7.55479e+006 22.1294
405411 7.55479e+006 22.1964
405411 7.55479e+006 22.8795
405411 7.55479e+006 23.0625
405411 7.55479e+006 22.1964
405411 7.55479e+006 22.3795
405411 7.55479e+006 22.8795
405411 7.55479e+006 22.1964
405411 7.55479e+006 22.3793
405411 7.55479e+006 22.6293
405411 7.55479e+006 22.8793
405411 7.55479e+006 22.8794
405411 7.55479e+006 22.6294
405411 7.55479e+006 22.3794
405411 7.55479e+006 23.0624
405411 7.55479e+006 22.8794
405411 7.55479e+006 22.3794
405411 7.55479e+006 23.0624
405411 7.55479e+006 22.3794
405411 7.55479e+006 22.1963
405411 7.55479e+006 23.1293
405411 7.55479e+006 23.0624
405411 7.55479e+006 22.1963
405411 7.55479e+006 23.1293
405411 7.55479e+006 22.1963
405411 7.55479e+006 22.1293
405411 7.55479e+006 23.0623
405411 7.55479e+006 23.1293
405411 7.55479e+006 22.1293
405411 7.55479e+006 23.0623
405411 7.55479e+006 22.1293
405411 7.55479e+006 22.1963
405411 7.55479e+006 22.8793
405411 7.55479e+006 23.0623
405411 7.55479e+006 22.1963
405411 7.55479e+006 22.3793
405411 7.55479e+006 22.8793
405411 7.55479e+006 22.1963
405411 7.55479e+006 23.1795
405411 7.55479e+006 21.8295
405411 7.55479e+006 21.8294
405411 7.55479e+006 21.8294
405411 7.55479e+006 23.1794
405411 7.55479e+006 23.1795
405412 7.55479e+006 21.8303
405412 7.55479e+006 23.1803
405411 7.55479e+006 23.1802
405411 7.55479e+006 23.1802
405411 7.55479e+006 21.8302
405412 7.55479e+006 21.8303
405411 7.55479e+006 23.1795
405412 7.55479e+006 23.1803
405412 7.55479e+006 21.8303
405412 7.55479e+006 21.8303
405411 7.55479e+006 21.8295
405411 7.55479e+006 23.1795
405411 7.55479e+006 23.1794
405411 7.55479e+006 23.1802
405412 7.55479e+006 23.1803
405412 7.55479e+006 23.1803
405411 7.55479e+006 23.1795
405411 7.55479e+006 23.1794
405411 7.55479e+006 21.8294
405411 7.55479e+006 21.8302
405411 7.55479e+006 23.1802
405411 7.55479e+006 23.1802
405411 7.55479e+006 23.1794
405411 7.55479e+006 21.8294
405412 7.55479e+006 22.8042
405412 7.55479e+006 22.831
405412 7.55479e+006 22.8309
405412 7.55479e+006 22.8309
405412 7.55479e+006 22.8041
405412 7.55479e+006 22.8042
405412 7.55479e+006 22.8041
405412 7.55479e+006 22.7309
405412 7.55479e+006 22.7309
405412 7.55479e+006 22.7309
405412 7.55479e+006 22.8042
405412 7.55479e+006 22.8041
405412 7.55479e+006 22.6309
405412 7.55479e+006 22.7309
405412 7.55479e+006 22.7309
405412 7.55479e+006 22.7309
405412 7.55479e+006 22.6309
405412 7.55479e+006 22.6309
405412 7.55479e+006 22.6309
405412 7.55479e+006 22.5309
405412 7.55479e+006 22.5309
405412 7.55479e+006 22.5309
405412 7.55479e+006 22.6309
405412 7.55479e+006 22.6309
405412 7.55479e+006 22.4577
405412 7.55479e+006 22.5309
405412 7.55479e+006 22.5309
405412 7.55479e+006 22.5309
405412 7.55479e+006 22.4577
405412 7.55479e+006 22.4577
405412 7.55479e+006 22.4577
405412 7.55479e+006 22.4309
405412 7.55479e+006 22.431
405412 7.55479e+006 22.431
405412 7.55479e+006 22.4577
405412 7.55479e+006 22.4577
405412 7.55479e+006 22.4578
405412 7.55479e+006 22.431
405412 7.55479e+006 22.4309
405412 7.55479e+006 22.4309
405412 7.55479e+006 22.4577
405412 7.55479e+006 22.4578
405412 7.55479e+006 22.4577
405412 7.55479e+006 22.5309
405412 7.55479e+006 22.531
405412 7.55479e+006 22.531
405412 7.55479e+006 22.4578
405412 7.55479e+006 22.4577
405412 7.55479e+006 22.631
405412 7.55479e+006 22.531
405412 7.55479e+006 22.5309
405412 7.55479e+006 22.5309
405412 7.55479e+006 22.6309
405412 7.55479e+006 22.631
405412 7.55479e+006 22.6309
405412 7.55479e+006 22.7309
405412 7.55479e+006 22.731
405412 7.55479e+006 22.731
405412 7.55479e+006 22.631
405412 7.55479e+006 22.6309
405412 7.55479e+006 22.8042
405412 7.55479e+006 22.731
405412 7.55479e+006 22.7309
405412 7.55479e+006 22.7309
405412 7.55479e+006 22.8041
405412 7.55479e+006 22.8042
405412 7.55479e+006 22.8041
405412 7.55479e+006 22.8309
405412 7.55479e+006 22.831
405412 7.55479e+006 22.831
405412 7.55479e+006 22.8042
405412 7.55479e+006 22.8041
405412 7.55479e+006 22.5309
405412 7.55479e+006 22.6309
405412 7.55479e+006 22.7309
405412 7.55479e+006 22.7309
405412 7.55479e+006 22.6309
405412 7.55479e+006 22.5309
405412 7.55479e+006 22.8041
405412 7.55479e+006 22.7309
405412 7.55479e+006 22.5309
405412 7.55479e+006 22.8041
405412 7.55479e+006 22.5309
405412 7.55479e+006 22.4577
405412 7.55479e+006 22.8309
405412 7.55479e+006 22.8041
405412 7.55479e+006 22.4577
405412 7.55479e+006 22.8309
405412 7.55479e+006 22.4577
405412 7.55479e+006 22.4309
405412 7.55479e+006 22.8041
405412 7.55479e+006 22.8309
405412 7.55479e+006 22.4309
405412 7.55479e+006 22.8041
405412 7.55479e+006 22.4309
405412 7.55479e+006 22.4577
405412 7.55479e+006 22.7309
405412 7.55479e+006 22.8041
405412 7.55479e+006 22.4577
405412 7.55479e+006 22.5309
405412 7.55479e+006 22.7309
405412 7.55479e+006 22.4577
405412 7.55479e+006 22.531
405412 7.55479e+006 22.631
405412 7.55479e+006 22.731
405412 7.55479e+006 22.7309
405412 7.55479e+006 22.6309
405412 7.55479e+006 22.5309
405412 7.55479e+006 22.8042
405412 7.55479e+006 22.7309
405412 7.55479e+006 22.5309
405412 7.55479e+006 22.8042
405412 7.55479e+006 22.5309
405412 7.55479e+006 22.4577
405412 7.55479e+006 22.831
405412 7.55479e+006 22.8042
405412 7.55479e+006 22.4577
405412 7.55479e+006 22.831
405412 7.55479e+006 22.4577
405412 7.55479e+006 22.431
405412 7.55479e+006 22.8042
405412 7.55479e+006 22.831
405412 7.55479e+006 22.431
405412 7.55479e+006 22.8042
405412 7.55479e+006 22.431
405412 7.55479e+006 22.4578
405412 7.55479e+006 22.731
405412 7.55479e+006 22.8042
405412 7.55479e+006 22.4578
405412 7.55479e+006 22.531
405412 7.55479e+006 22.731
405412 7.55479e+006 22.4578
405412 7.55479e+006 22.696
405412 7.55479e+006 22.7061
405412 7.55479e+006 22.706
405412 7.55479e+006 22.706
405412 7.55479e+006 22.6959
405412 7.55479e+006 22.696
405412 7.55479e+006 22.6959
405412 7.55479e+006 22.6685
405412 7.55479e+006 22.6686
405412 7.55479e+006 22.6686
405412 7.55479e+006 22.696
405412 7.55479e+006 22.6959
405412 7.55479e+006 22.6311
405412 7.55479e+006 22.6686
405412 7.55479e+006 22.6685
405412 7.55479e+006 22.6685
405412 7.55479e+006 22.631
405412 7.55479e+006 22.6311
405412 7.55479e+006 22.631
405412 7.55479e+006 22.5935
405412 7.55479e+006 22.5936
405412 7.55479e+006 22.5936
405412 7.55479e+006 22.6311
405412 7.55479e+006 22.631
405412 7.55479e+006 22.5661
405412 7.55479e+006 22.5936
405412 7.55479e+006 22.5935
405412 7.55479e+006 22.5935
405412 7.55479e+006 22.566
405412 7.55479e+006 22.5661
405412 7.55479e+006 22.566
405412 7.55479e+006 22.556
405412 7.55479e+006 22.5561
405412 7.55479e+006 22.5561
405412 7.55479e+006 22.5661
405412 7.55479e+006 22.566
405412 7.55479e+006 22.5661
405412 7.55479e+006 22.5561
405412 7.55479e+006 22.556
405412 7.55479e+006 22.556
405412 7.55479e+006 22.566
405412 7.55479e+006 22.5661
405412 7.55479e+006 22.566
405412 7.55479e+006 22.5935
405412 7.55479e+006 22.5936
405412 7.55479e+006 22.5936
405412 7.55479e+006 22.5661
405412 7.55479e+006 22.566
405413 7.55479e+006 22.6311
405412 7.55479e+006 22.5936
405412 7.55479e+006 22.5935
405412 7.55479e+006 22.5935
405412 7.55479e+006 22.631
405413 7.55479e+006 22.6311
405412 7.55479e+006 22.631
405412 7.55479e+006 22.6685
405412 7.55479e+006 22.6686
405412 7.55479e+006 22.6686
405413 7.55479e+006 22.6311
405412 7.55479e+006 22.631
405412 7.55479e+006 22.696
405412 7.55479e+006 22.6686
405412 7.55479e+006 22.6685
405412 7.55479e+006 22.6685
405412 7.55479e+006 22.6959
405412 7.55479e+006 22.696
405412 7.55479e+006 22.6959
405412 7.55479e+006 22.706
405412 7.55479e+006 22.7061
405412 7.55479e+006 22.7061
405412 7.55479e+006 22.696
405412 7.55479e+006 22.6959
405412 7.55479e+006 22.5935
405412 7.55479e+006 22.631
405412 7.55479e+006 22.6685
405412 7.55479e+006 22.6685
405412 7.55479e+006 22.631
405412 7.55479e+006 22.5935
405412 7.55479e+006 22.6959
405412 7.55479e+006 22.6685
405412 7.55479e+006 22.5935
405412 7.55479e+006 22.6959
405412 7.55479e+006 22.5935
405412 7.55479e+006 22.566
405412 7.55479e+006 22.706
405412 7.55479e+006 22.6959
405412 7.55479e+006 22.566
405412 7.55479e+006 22.706
405412 7.55479e+006 22.566
405412 7.55479e+006 22.556
405412 7.55479e+006 22.6959
405412 7.55479e+006 22.706
405412 7.55479e+006 22.556
405412 7.55479e+006 22.6959
405412 7.55479e+006 22.556
405412 7.55479e+006 22.566
405412 7.55479e+006 22.6685
405412 7.55479e+006 22.6959
405412 7.55479e+006 22.566
405412 7.55479e+006 22.5935
405412 7.55479e+006 22.6685
405412 7.55479e+006 22.566
405412 7.55479e+006 22.5936
405413 7.55479e+006 22.6311
405412 7.55479e+006 22.6686
405412 7.55479e+006 22.6686
405412 7.55479e+006 22.6311
405412 7.55479e+006 22.5936
405412 7.55479e+006 22.696
405412 7.55479e+006 22.6686
405412 7.55479e+006 22.5936
405412 7.55479e+006 22.696
405412 7.55479e+006 22.5936
405412 7.55479e+006 22.5661
405412 7.55479e+006 22.7061
405412 7.55479e+006 22.696
405412 7.55479e+006 22.5661
405412 7.55479e+006 22.7061
405412 7.55479e+006 22.5661
405412 7.55479e+006 22.5561
405412 7.55479e+006 22.696
405412 7.55479e+006 22.7061
405412 7.55479e+006 22.5561
405412 7.55479e+006 22.696
405412 7.55479e+006 22.5561
405412 7.55479e+006 22.5661
405412 7.55479e+006 22.6686
405412 7.55479e+006 22.696
405412 7.55479e+006 22.5661
405412 7.55479e+006 22.5936
405412 7.55479e+006 22.6686
405412 7.55479e+006 22.5661
405412 7.55479e+006 22.8303
405412 7.55479e+006 21.8303
405412 7.55479e+006 21.8302
405412 7.55479e+006 21.8302
405412 7.55479e+006 22.8302
405412 7.55479e+006 22.8303
405412 7.55479e+006 21.8309
405412 7.55479e+006 22.8309
405412 7.55479e+006 22.8308
405412 7.55479e+006 22.8308
405412 7.55479e+006 21.8308
405412 7.55479e+006 21.8309
405412 7.55479e+006 22.8303
405412 7.55479e+006 22.8309
405412 7.55479e+006 21.8309
405412 7.55479e+006 21.8309
405412 7.55479e+006 21.8303
405412 7.55479e+006 22.8303
405412 7.55479e+006 22.8302
405412 7.55479e+006 22.8308
405412 7.55479e+006 22.8309
405412 7.55479e+006 22.8309
405412 7.55479e+006 22.8303
405412 7.55479e+006 22.8302
405412 7.55479e+006 21.8302
405412 7.55479e+006 21.8308
405412 7.55479e+006 22.8308
405412 7.55479e+006 22.8308
405412 7.55479e+006 22.8302
405412 7.55479e+006 21.8302
405414 7.55479e+006 22.9582
405414 7.55479e+006 23.0832
405414 7.55479e+006 23.0832
405414 7.55479e+006 23.0832
405414 7.55479e+006 22.9583
405414 7.55479e+006 22.9582
405414 7.55479e+006 22.9583
405414 7.55479e+006 22.8668
405414 7.55479e+006 22.8668
405414 7.55479e+006 22.8668
405414 7.55479e+006 22.9582
405414 7.55479e+006 22.9583
405414 7.55479e+006 22.8334
405414 7.55479e+006 22.8668
405414 7.55479e+006 22.8668
405414 7.55479e+006 22.8668
405415 7.55479e+006 22.8335
405414 7.55479e+006 22.8334
405415 7.55479e+006 22.8335
405415 7.55479e+006 22.8671
405414 7.55479e+006 22.867
405414 7.55479e+006 22.867
405414 7.55479e+006 22.8334
405415 7.55479e+006 22.8335
405415 7.55479e+006 22.9586
405414 7.55479e+006 22.867
405415 7.55479e+006 22.8671
405415 7.55479e+006 22.8671
405415 7.55479e+006 22.9587
405415 7.55479e+006 22.9586
405415 7.55479e+006 22.9587
405415 7.55479e+006 23.0837
405415 7.55479e+006 23.0837
405415 7.55479e+006 23.0837
405415 7.55479e+006 22.9586
405415 7.55479e+006 22.9587
405415 7.55479e+006 23.2086
405415 7.55479e+006 23.0837
405415 7.55479e+006 23.0837
405415 7.55479e+006 23.0837
405415 7.55479e+006 23.2087
405415 7.55479e+006 23.2086
405415 7.55479e+006 23.2087
405415 7.55479e+006 23.3001
405414 7.55479e+006 23.3001
405414 7.55479e+006 23.3001
405415 7.55479e+006 23.2086
405415 7.55479e+006 23.2087
405414 7.55479e+006 23.3334
405414 7.55479e+006 23.3001
405415 7.55479e+006 23.3001
405415 7.55479e+006 23.3001
405415 7.55479e+006 23.3335
405414 7.55479e+006 23.3334
405415 7.55479e+006 23.3335
405414 7.55479e+006 23.2999
405414 7.55479e+006 23.2998
405414 7.55479e+006 23.2998
405414 7.55479e+006 23.3334
405415 7.55479e+006 23.3335
405414 7.55479e+006 23.2082
405414 7.55479e+006 23.2998
405414 7.55479e+006 23.2999
405414 7.55479e+006 23.2999
405414 7.55479e+006 23.2083
405414 7.55479e+006 23.2082
405414 7.55479e+006 23.2083
405414 7.55479e+006 23.0832
405414 7.55479e+006 23.0832
405414 7.55479e+006 23.0832
405414 7.55479e+006 23.2082
405414 7.55479e+006 23.2083
405415 7.55479e+006 22.8671
405415 7.55479e+006 22.8335
405414 7.55479e+006 22.8668
405414 7.55479e+006 23.2999
405415 7.55479e+006 23.3335
405415 7.55479e+006 23.3001
405414 7.55479e+006 23.2083
405414 7.55479e+006 23.2999
405415 7.55479e+006 23.3001
405414 7.55479e+006 23.2083
405415 7.55479e+006 23.3001
405415 7.55479e+006 23.2087
405414 7.55479e+006 23.0832
405414 7.55479e+006 23.2083
405415 7.55479e+006 23.2087
405414 7.55479e+006 23.0832
405415 7.55479e+006 23.2087
405415 7.55479e+006 23.0837
405414 7.55479e+006 22.9583
405414 7.55479e+006 23.0832
405415 7.55479e+006 23.0837
405414 7.55479e+006 22.9583
405415 7.55479e+006 23.0837
405415 7.55479e+006 22.9587
405414 7.55479e+006 22.8668
405414 7.55479e+006 22.9583
405415 7.55479e+006 22.9587
405415 7.55479e+006 22.8671
405414 7.55479e+006 22.8668
405415 7.55479e+006 22.9587
405414 7.55479e+006 23.3001
405414 7.55479e+006 23.3334
405414 7.55479e+006 23.2998
405414 7.55479e+006 22.8668
405414 7.55479e+006 22.8334
405414 7.55479e+006 22.867
405414 7.55479e+006 22.9582
405414 7.55479e+006 22.8668
405414 7.55479e+006 22.867
405414 7.55479e+006 22.9582
405414 7.55479e+006 22.867
405415 7.55479e+006 22.9586
405414 7.55479e+006 23.0832
405414 7.55479e+006 22.9582
405415 7.55479e+006 22.9586
405414 7.55479e+006 23.0832
405415 7.55479e+006 22.9586
405415 7.55479e+006 23.0837
405414 7.55479e+006 23.2082
405414 7.55479e+006 23.0832
405415 7.55479e+006 23.0837
405414 7.55479e+006 23.2082
405415 7.55479e+006 23.0837
405415 7.55479e+006 23.2086
405414 7.55479e+006 23.2998
405414 7.55479e+006 23.2082
405415 7.55479e+006 23.2086
405414 7.55479e+006 23.3001
405414 7.55479e+006 23.2998
405415 7.55479e+006 23.2086
