405448 7.55483e+006 25.3774
405448 7.55483e+006 25.3774
405447 7.55483e+006 25.4017
405447 7.55483e+006 25.4017
405447 7.55483e+006 25.3774
405448 7.55483e+006 25.3774
405448 7.55483e+006 25.3774
405447 7.55483e+006 25.3774
405447 7.55483e+006 25.4017
405447 7.55483e+006 25.4017
405448 7.55483e+006 25.3774
405448 7.55483e+006 25.3774
405447 7.55483e+006 25.3774
405447 7.55483e+006 25.3774
405447 7.55483e+006 25.4017
405447 7.55483e+006 25.4017
405447 7.55483e+006 25.3774
405447 7.55483e+006 25.3774
405447 7.55483e+006 25.2491
405448 7.55483e+006 25.2491
405448 7.55483e+006 25.3774
405448 7.55483e+006 25.3774
405447 7.55483e+006 25.3774
405447 7.55483e+006 25.2491
405448 7.55483e+006 25.3774
405448 7.55483e+006 25.2491
405448 7.55483e+006 25.2491
405448 7.55483e+006 25.2491
405448 7.55483e+006 25.3774
405448 7.55483e+006 25.3774
405448 7.55483e+006 25.3774
405448 7.55483e+006 25.2491
405448 7.55483e+006 25.2491
405448 7.55483e+006 25.2491
405448 7.55483e+006 25.3774
405448 7.55483e+006 25.3774
405448 7.55483e+006 25.3774
405448 7.55483e+006 25.2491
405447 7.55483e+006 25.2491
405447 7.55483e+006 25.2491
405447 7.55483e+006 25.3774
405448 7.55483e+006 25.3774
405447 7.55483e+006 25.3774
405447 7.55483e+006 25.2491
405447 7.55483e+006 25.2491
405447 7.55483e+006 25.2491
405447 7.55483e+006 25.3774
405447 7.55483e+006 25.3774
405447 7.55483e+006 25.3774
405447 7.55483e+006 25.2491
405447 7.55483e+006 25.2491
405447 7.55483e+006 25.2491
405447 7.55483e+006 25.3774
405447 7.55483e+006 25.3774
405447 7.55483e+006 20.0877
405448 7.55483e+006 20.0877
405448 7.55483e+006 25.0437
405448 7.55483e+006 25.0437
405447 7.55483e+006 25.0437
405447 7.55483e+006 20.0877
405448 7.55483e+006 20.0877
405448 7.55483e+006 20.0877
405448 7.55483e+006 25.0437
405448 7.55483e+006 25.0437
405448 7.55483e+006 25.0437
405448 7.55483e+006 20.0877
405448 7.55483e+006 20.0877
405448 7.55483e+006 20.0877
405448 7.55483e+006 25.0437
405448 7.55483e+006 25.0437
405448 7.55483e+006 25.0437
405448 7.55483e+006 20.0877
405448 7.55483e+006 20.0877
405447 7.55483e+006 20.0877
405447 7.55483e+006 25.0437
405447 7.55483e+006 25.0437
405448 7.55483e+006 25.0437
405448 7.55483e+006 20.0877
405447 7.55483e+006 20.0877
405447 7.55483e+006 20.0877
405447 7.55483e+006 25.0437
405447 7.55483e+006 25.0437
405447 7.55483e+006 25.0437
405447 7.55483e+006 20.0877
405447 7.55483e+006 20.0877
405447 7.55483e+006 20.0877
405447 7.55483e+006 25.0437
405447 7.55483e+006 25.0437
405447 7.55483e+006 25.0437
405447 7.55483e+006 20.0877
405445 7.55482e+006 20.0449
405445 7.55482e+006 23.9944
405445 7.55482e+006 23.9944
405445 7.55482e+006 23.9944
405445 7.55482e+006 20.0449
405445 7.55482e+006 20.0449
405446 7.55482e+006 23.9944
405445 7.55482e+006 23.9944
405445 7.55482e+006 20.0449
405445 7.55482e+006 20.0449
405446 7.55482e+006 20.0449
405446 7.55482e+006 23.9944
405446 7.55482e+006 23.9944
405446 7.55482e+006 23.9944
405446 7.55482e+006 20.0449
405446 7.55482e+006 20.0449
405446 7.55482e+006 20.0449
405446 7.55482e+006 23.9944
405445 7.55482e+006 23.9944
405446 7.55482e+006 23.9944
405446 7.55482e+006 20.0449
405446 7.55482e+006 20.0449
405445 7.55482e+006 20.0449
405445 7.55482e+006 23.9944
405445 7.55482e+006 23.9944
405445 7.55482e+006 23.9944
405445 7.55482e+006 20.0449
405445 7.55482e+006 20.0449
405445 7.55482e+006 20.0449
405445 7.55482e+006 23.9944
405445 7.55482e+006 23.9944
405445 7.55482e+006 23.9944
405445 7.55482e+006 20.0449
405445 7.55482e+006 20.0449
405445 7.55482e+006 20.0449
405445 7.55482e+006 23.9944
405445 7.55482e+006 24.2997
405445 7.55482e+006 24.2997
405445 7.55482e+006 23.9944
405445 7.55482e+006 23.9944
405445 7.55482e+006 23.9944
405445 7.55482e+006 24.2997
405446 7.55482e+006 23.9944
405446 7.55482e+006 24.2997
405445 7.55482e+006 24.2997
405445 7.55482e+006 24.2997
405445 7.55482e+006 23.9944
405446 7.55482e+006 23.9944
405446 7.55482e+006 23.9944
405446 7.55482e+006 24.2997
405446 7.55482e+006 24.2997
405446 7.55482e+006 24.2997
405446 7.55482e+006 23.9944
405446 7.55482e+006 23.9944
405445 7.55482e+006 23.9944
405445 7.55482e+006 24.2997
405446 7.55482e+006 24.2997
405446 7.55482e+006 24.2997
405446 7.55482e+006 23.9944
405445 7.55482e+006 23.9944
405445 7.55482e+006 23.9944
405445 7.55482e+006 24.2997
405445 7.55482e+006 24.2997
405445 7.55482e+006 24.2997
405445 7.55482e+006 23.9944
405445 7.55482e+006 23.9944
405445 7.55482e+006 23.9944
405445 7.55482e+006 24.2997
405445 7.55482e+006 24.2997
405445 7.55482e+006 24.2997
405445 7.55482e+006 23.9944
405445 7.55482e+006 23.9944
405445 7.55482e+006 24.2997
405445 7.55482e+006 24.2997
405445 7.55482e+006 24.2997
405445 7.55482e+006 24.2997
405445 7.55482e+006 24.2997
405445 7.55482e+006 24.2997
405445 7.55482e+006 24.2997
405446 7.55482e+006 24.2997
405445 7.55482e+006 24.2997
405445 7.55482e+006 24.2997
405445 7.55482e+006 24.2997
405445 7.55482e+006 24.2997
405445 7.55482e+006 24.2997
405445 7.55482e+006 24.2997
405446 7.55482e+006 24.2997
405446 7.55482e+006 24.2997
405446 7.55482e+006 24.2997
405445 7.55482e+006 24.2997
405445 7.55482e+006 23.9944
405446 7.55482e+006 23.9944
405446 7.55482e+006 23.9944
405446 7.55482e+006 23.9944
405445 7.55482e+006 23.9944
405445 7.55482e+006 23.9944
405446 7.55482e+006 23.9944
405446 7.55482e+006 23.9944
405446 7.55482e+006 23.9944
405446 7.55482e+006 23.9944
405446 7.55482e+006 23.9944
405446 7.55482e+006 23.9944
405446 7.55482e+006 23.9944
405445 7.55482e+006 23.9944
405445 7.55482e+006 23.9944
405445 7.55482e+006 23.9944
405446 7.55482e+006 23.9944
405446 7.55482e+006 23.9944
405445 7.55482e+006 23.9944
405445 7.55482e+006 23.9944
405445 7.55482e+006 23.9944
405445 7.55482e+006 23.9944
405445 7.55482e+006 23.9944
405445 7.55482e+006 23.9944
405445 7.55482e+006 23.9944
405445 7.55482e+006 23.9944
405445 7.55482e+006 23.9944
405445 7.55482e+006 23.9944
405445 7.55482e+006 23.9944
405445 7.55482e+006 23.9944
405445 7.55482e+006 23.9944
405445 7.55482e+006 23.9944
405445 7.55482e+006 23.9944
405445 7.55482e+006 23.9944
405445 7.55482e+006 23.9944
405445 7.55482e+006 23.9944
405446 7.55482e+006 24.3772
405446 7.55482e+006 24.2762
405446 7.55482e+006 24.2762
405446 7.55482e+006 24.2762
405446 7.55482e+006 24.3772
405446 7.55482e+006 24.3772
405446 7.55482e+006 24.3772
405446 7.55482e+006 24.2762
405447 7.55482e+006 24.2762
405447 7.55482e+006 24.2762
405446 7.55482e+006 24.3772
405446 7.55482e+006 24.3772
405446 7.55482e+006 24.3772
405447 7.55482e+006 24.2762
405446 7.55482e+006 24.2762
405446 7.55482e+006 24.2762
405446 7.55482e+006 24.3772
405446 7.55482e+006 24.3772
405446 7.55482e+006 24.3772
405446 7.55482e+006 24.2762
405446 7.55482e+006 24.2762
405446 7.55482e+006 24.2762
405446 7.55482e+006 24.3772
405446 7.55482e+006 24.3772
405446 7.55482e+006 24.3772
405446 7.55482e+006 24.2762
405446 7.55482e+006 24.2762
405446 7.55482e+006 24.2762
405446 7.55482e+006 24.3772
405446 7.55482e+006 24.3772
405446 7.55482e+006 24.3772
405446 7.55482e+006 24.2762
405446 7.55482e+006 24.2762
405446 7.55482e+006 24.2762
405446 7.55482e+006 24.3772
405446 7.55482e+006 24.3772
405446 7.55482e+006 20.0807
405447 7.55482e+006 20.0807
405447 7.55482e+006 24.1146
405447 7.55482e+006 24.1146
405446 7.55482e+006 24.1146
405446 7.55482e+006 20.0807
405447 7.55482e+006 20.0807
405447 7.55482e+006 20.0807
405447 7.55482e+006 24.1146
405447 7.55482e+006 24.1146
405447 7.55482e+006 24.1146
405447 7.55482e+006 20.0807
405447 7.55482e+006 20.0807
405446 7.55482e+006 20.0807
405446 7.55482e+006 24.1146
405446 7.55482e+006 24.1146
405447 7.55482e+006 24.1146
405447 7.55482e+006 20.0807
405446 7.55482e+006 20.0807
405446 7.55482e+006 20.0807
405446 7.55482e+006 24.1146
405446 7.55482e+006 24.1146
405446 7.55482e+006 24.1146
405446 7.55482e+006 20.0807
405446 7.55482e+006 20.0807
405446 7.55482e+006 20.0807
405446 7.55482e+006 24.1146
405446 7.55482e+006 24.1146
405446 7.55482e+006 24.1146
405446 7.55482e+006 20.0807
405446 7.55482e+006 20.0807
405446 7.55482e+006 20.0807
405446 7.55482e+006 24.1146
405446 7.55482e+006 24.1146
405446 7.55482e+006 24.1146
405446 7.55482e+006 20.0807
405446 7.55482e+006 24.1146
405447 7.55482e+006 24.1146
405446 7.55482e+006 24.2762
405446 7.55482e+006 24.2762
405446 7.55482e+006 24.2762
405446 7.55482e+006 24.1146
405447 7.55482e+006 24.1146
405447 7.55482e+006 24.1146
405447 7.55482e+006 24.2762
405447 7.55482e+006 24.2762
405446 7.55482e+006 24.2762
405447 7.55482e+006 24.1146
405447 7.55482e+006 24.1146
405446 7.55482e+006 24.1146
405446 7.55482e+006 24.2762
405446 7.55482e+006 24.2762
405447 7.55482e+006 24.2762
405447 7.55482e+006 24.1146
405446 7.55482e+006 24.1146
405446 7.55482e+006 24.1146
405446 7.55482e+006 24.2762
405446 7.55482e+006 24.2762
405446 7.55482e+006 24.2762
405446 7.55482e+006 24.1146
405446 7.55482e+006 24.1146
405446 7.55482e+006 24.1146
405446 7.55482e+006 24.2762
405446 7.55482e+006 24.2762
405446 7.55482e+006 24.2762
405446 7.55482e+006 24.1146
405446 7.55482e+006 24.1146
405446 7.55482e+006 24.1146
405446 7.55482e+006 24.2762
405446 7.55482e+006 24.2762
405446 7.55482e+006 24.2762
405446 7.55482e+006 24.1146
405446 7.55482e+006 24.3772
405446 7.55482e+006 24.3772
405446 7.55482e+006 24.4076
405446 7.55482e+006 24.4076
405446 7.55482e+006 24.3772
405446 7.55482e+006 24.3772
405446 7.55482e+006 24.3772
405446 7.55482e+006 24.3772
405446 7.55482e+006 24.4076
405446 7.55482e+006 24.4076
405446 7.55482e+006 24.3772
405446 7.55482e+006 24.3772
405446 7.55482e+006 24.3772
405446 7.55482e+006 24.3772
405446 7.55482e+006 24.4076
405446 7.55482e+006 24.4076
405446 7.55482e+006 24.3772
405446 7.55482e+006 24.3772
405447 7.55483e+006 25.2491
405447 7.55483e+006 25.0437
405448 7.55483e+006 25.0437
405448 7.55483e+006 25.0437
405448 7.55483e+006 25.2491
405447 7.55483e+006 25.2491
405448 7.55483e+006 25.0437
405448 7.55483e+006 25.0437
405448 7.55483e+006 25.2491
405448 7.55483e+006 25.2491
405448 7.55483e+006 25.2491
405448 7.55483e+006 25.0437
405448 7.55483e+006 25.0437
405448 7.55483e+006 25.0437
405448 7.55483e+006 25.2491
405448 7.55483e+006 25.2491
405448 7.55483e+006 25.2491
405448 7.55483e+006 25.0437
405448 7.55483e+006 25.0437
405447 7.55483e+006 25.0437
405447 7.55483e+006 25.2491
405447 7.55483e+006 25.2491
405448 7.55483e+006 25.2491
405448 7.55483e+006 25.0437
405447 7.55483e+006 25.0437
405447 7.55483e+006 25.0437
405447 7.55483e+006 25.2491
405447 7.55483e+006 25.2491
405447 7.55483e+006 25.2491
405447 7.55483e+006 25.0437
405447 7.55483e+006 25.0437
405447 7.55483e+006 25.0437
405447 7.55483e+006 25.2491
405447 7.55483e+006 25.2491
405447 7.55483e+006 25.2491
405447 7.55483e+006 25.0437
405436 7.55483e+006 25.3774
405436 7.55483e+006 25.3774
405436 7.55483e+006 25.4017
405436 7.55483e+006 25.4017
405436 7.55483e+006 25.3774
405436 7.55483e+006 25.3774
405436 7.55483e+006 25.3774
405436 7.55483e+006 25.3774
405436 7.55483e+006 25.4017
405436 7.55483e+006 25.4017
405436 7.55483e+006 25.3774
405436 7.55483e+006 25.3774
405436 7.55483e+006 25.3774
405436 7.55483e+006 25.3774
405436 7.55483e+006 25.4017
405436 7.55483e+006 25.4017
405436 7.55483e+006 25.3774
405436 7.55483e+006 25.3774
405435 7.55483e+006 25.2491
405436 7.55483e+006 25.2491
405436 7.55483e+006 25.3774
405436 7.55483e+006 25.3774
405436 7.55483e+006 25.3774
405435 7.55483e+006 25.2491
405436 7.55483e+006 25.3774
405436 7.55483e+006 25.2491
405436 7.55483e+006 25.2491
405436 7.55483e+006 25.2491
405436 7.55483e+006 25.3774
405436 7.55483e+006 25.3774
405436 7.55483e+006 25.3774
405436 7.55483e+006 25.2491
405436 7.55483e+006 25.2491
405436 7.55483e+006 25.2491
405436 7.55483e+006 25.3774
405436 7.55483e+006 25.3774
405436 7.55483e+006 25.3774
405436 7.55483e+006 25.2491
405436 7.55483e+006 25.2491
405436 7.55483e+006 25.2491
405436 7.55483e+006 25.3774
405436 7.55483e+006 25.3774
405436 7.55483e+006 25.3774
405436 7.55483e+006 25.2491
405435 7.55483e+006 25.2491
405435 7.55483e+006 25.2491
405436 7.55483e+006 25.3774
405436 7.55483e+006 25.3774
405436 7.55483e+006 25.3774
405435 7.55483e+006 25.2491
405435 7.55483e+006 25.2491
405435 7.55483e+006 25.2491
405436 7.55483e+006 25.3774
405436 7.55483e+006 25.3774
405435 7.55483e+006 20.0877
405436 7.55483e+006 20.0877
405436 7.55483e+006 25.0437
405436 7.55483e+006 25.0437
405435 7.55483e+006 25.0437
405435 7.55483e+006 20.0877
405436 7.55483e+006 20.0877
405436 7.55483e+006 20.0877
405436 7.55483e+006 25.0437
405436 7.55483e+006 25.0437
405436 7.55483e+006 25.0437
405436 7.55483e+006 20.0877
405436 7.55483e+006 20.0877
405436 7.55483e+006 20.0877
405436 7.55483e+006 25.0437
405436 7.55483e+006 25.0437
405436 7.55483e+006 25.0437
405436 7.55483e+006 20.0877
405436 7.55483e+006 20.0877
405436 7.55483e+006 20.0877
405436 7.55483e+006 25.0437
405436 7.55483e+006 25.0437
405436 7.55483e+006 25.0437
405436 7.55483e+006 20.0877
405436 7.55483e+006 20.0877
405435 7.55483e+006 20.0877
405435 7.55483e+006 25.0437
405435 7.55483e+006 25.0437
405436 7.55483e+006 25.0437
405436 7.55483e+006 20.0877
405435 7.55483e+006 20.0877
405435 7.55483e+006 20.0877
405435 7.55483e+006 25.0437
405435 7.55483e+006 25.0437
405435 7.55483e+006 25.0437
405435 7.55483e+006 20.0877
405433 7.55483e+006 20.0449
405433 7.55483e+006 23.9944
405433 7.55483e+006 23.9944
405433 7.55483e+006 23.9944
405433 7.55483e+006 20.0449
405433 7.55483e+006 20.0449
405434 7.55483e+006 23.9944
405433 7.55483e+006 23.9944
405433 7.55483e+006 20.0449
405433 7.55483e+006 20.0449
405434 7.55483e+006 20.0449
405434 7.55483e+006 23.9944
405434 7.55483e+006 23.9944
405434 7.55483e+006 23.9944
405434 7.55483e+006 20.0449
405434 7.55483e+006 20.0449
405434 7.55483e+006 20.0449
405434 7.55483e+006 23.9944
405434 7.55483e+006 23.9944
405434 7.55483e+006 23.9944
405434 7.55483e+006 20.0449
405434 7.55483e+006 20.0449
405434 7.55483e+006 20.0449
405434 7.55483e+006 23.9944
405433 7.55483e+006 23.9944
405434 7.55483e+006 23.9944
405434 7.55483e+006 20.0449
405434 7.55483e+006 20.0449
405433 7.55483e+006 20.0449
405433 7.55483e+006 23.9944
405433 7.55483e+006 23.9944
405433 7.55483e+006 23.9944
405433 7.55483e+006 20.0449
405433 7.55483e+006 20.0449
405433 7.55483e+006 20.0449
405433 7.55483e+006 23.9944
405433 7.55483e+006 24.2997
405433 7.55483e+006 24.2997
405433 7.55483e+006 23.9944
405433 7.55483e+006 23.9944
405433 7.55483e+006 23.9944
405433 7.55483e+006 24.2997
405434 7.55483e+006 23.9944
405434 7.55483e+006 24.2997
405433 7.55483e+006 24.2997
405433 7.55483e+006 24.2997
405433 7.55483e+006 23.9944
405434 7.55483e+006 23.9944
405434 7.55483e+006 23.9944
405434 7.55483e+006 24.2997
405434 7.55483e+006 24.2997
405434 7.55483e+006 24.2997
405434 7.55483e+006 23.9944
405434 7.55483e+006 23.9944
405434 7.55483e+006 23.9944
405434 7.55483e+006 24.2997
405434 7.55483e+006 24.2997
405434 7.55483e+006 24.2997
405434 7.55483e+006 23.9944
405434 7.55483e+006 23.9944
405433 7.55483e+006 23.9944
405433 7.55483e+006 24.2997
405434 7.55483e+006 24.2997
405434 7.55483e+006 24.2997
405434 7.55483e+006 23.9944
405433 7.55483e+006 23.9944
405433 7.55483e+006 23.9944
405433 7.55483e+006 24.2997
405433 7.55483e+006 24.2997
405433 7.55483e+006 24.2997
405433 7.55483e+006 23.9944
405433 7.55483e+006 23.9944
405434 7.55483e+006 24.2997
405433 7.55483e+006 24.2997
405433 7.55483e+006 24.2997
405433 7.55483e+006 24.2997
405433 7.55483e+006 24.2997
405434 7.55483e+006 24.2997
405434 7.55483e+006 24.2997
405434 7.55483e+006 24.2997
405434 7.55483e+006 24.2997
405434 7.55483e+006 24.2997
405433 7.55483e+006 24.2997
405434 7.55483e+006 24.2997
405434 7.55483e+006 24.2997
405433 7.55483e+006 24.2997
405434 7.55483e+006 24.2997
405434 7.55483e+006 24.2997
405434 7.55483e+006 24.2997
405434 7.55483e+006 24.2997
405433 7.55483e+006 23.9944
405434 7.55483e+006 23.9944
405434 7.55483e+006 23.9944
405434 7.55483e+006 23.9944
405433 7.55483e+006 23.9944
405433 7.55483e+006 23.9944
405434 7.55483e+006 23.9944
405434 7.55483e+006 23.9944
405434 7.55483e+006 23.9944
405434 7.55483e+006 23.9944
405434 7.55483e+006 23.9944
405434 7.55483e+006 23.9944
405434 7.55483e+006 23.9944
405434 7.55483e+006 23.9944
405434 7.55483e+006 23.9944
405434 7.55483e+006 23.9944
405434 7.55483e+006 23.9944
405434 7.55483e+006 23.9944
405434 7.55483e+006 23.9944
405433 7.55483e+006 23.9944
405433 7.55483e+006 23.9944
405433 7.55483e+006 23.9944
405434 7.55483e+006 23.9944
405434 7.55483e+006 23.9944
405433 7.55483e+006 23.9944
405433 7.55483e+006 23.9944
405433 7.55483e+006 23.9944
405433 7.55483e+006 23.9944
405433 7.55483e+006 23.9944
405433 7.55483e+006 23.9944
405433 7.55483e+006 23.9944
405433 7.55483e+006 23.9944
405433 7.55483e+006 23.9944
405433 7.55483e+006 23.9944
405433 7.55483e+006 23.9944
405433 7.55483e+006 23.9944
405434 7.55483e+006 24.3772
405434 7.55483e+006 24.2762
405435 7.55483e+006 24.2762
405435 7.55483e+006 24.2762
405435 7.55483e+006 24.3772
405434 7.55483e+006 24.3772
405435 7.55483e+006 24.3772
405435 7.55483e+006 24.2762
405435 7.55483e+006 24.2762
405435 7.55483e+006 24.2762
405435 7.55483e+006 24.3772
405435 7.55483e+006 24.3772
405435 7.55483e+006 24.3772
405435 7.55483e+006 24.2762
405435 7.55483e+006 24.2762
405435 7.55483e+006 24.2762
405435 7.55483e+006 24.3772
405435 7.55483e+006 24.3772
405435 7.55483e+006 24.3772
405435 7.55483e+006 24.2762
405434 7.55483e+006 24.2762
405434 7.55483e+006 24.2762
405434 7.55483e+006 24.3772
405435 7.55483e+006 24.3772
405434 7.55483e+006 24.3772
405434 7.55483e+006 24.2762
405434 7.55483e+006 24.2762
405434 7.55483e+006 24.2762
405434 7.55483e+006 24.3772
405434 7.55483e+006 24.3772
405434 7.55483e+006 24.3772
405434 7.55483e+006 24.2762
405434 7.55483e+006 24.2762
405434 7.55483e+006 24.2762
405434 7.55483e+006 24.3772
405434 7.55483e+006 24.3772
405434 7.55483e+006 20.0807
405435 7.55483e+006 20.0807
405435 7.55483e+006 24.1146
405435 7.55483e+006 24.1146
405434 7.55483e+006 24.1146
405434 7.55483e+006 20.0807
405435 7.55483e+006 20.0807
405435 7.55483e+006 20.0807
405435 7.55483e+006 24.1146
405435 7.55483e+006 24.1146
405435 7.55483e+006 24.1146
405435 7.55483e+006 20.0807
405435 7.55483e+006 20.0807
405435 7.55483e+006 20.0807
405435 7.55483e+006 24.1146
405435 7.55483e+006 24.1146
405435 7.55483e+006 24.1146
405435 7.55483e+006 20.0807
405435 7.55483e+006 20.0807
405434 7.55483e+006 20.0807
405434 7.55483e+006 24.1146
405434 7.55483e+006 24.1146
405435 7.55483e+006 24.1146
405435 7.55483e+006 20.0807
405434 7.55483e+006 20.0807
405434 7.55483e+006 20.0807
405434 7.55483e+006 24.1146
405434 7.55483e+006 24.1146
405434 7.55483e+006 24.1146
405434 7.55483e+006 20.0807
405434 7.55483e+006 20.0807
405434 7.55483e+006 20.0807
405434 7.55483e+006 24.1146
405434 7.55483e+006 24.1146
405434 7.55483e+006 24.1146
405434 7.55483e+006 20.0807
405434 7.55483e+006 24.1146
405435 7.55483e+006 24.1146
405435 7.55483e+006 24.2762
405435 7.55483e+006 24.2762
405434 7.55483e+006 24.2762
405434 7.55483e+006 24.1146
405435 7.55483e+006 24.1146
405435 7.55483e+006 24.1146
405435 7.55483e+006 24.2762
405435 7.55483e+006 24.2762
405435 7.55483e+006 24.2762
405435 7.55483e+006 24.1146
405435 7.55483e+006 24.1146
405435 7.55483e+006 24.1146
405435 7.55483e+006 24.2762
405435 7.55483e+006 24.2762
405435 7.55483e+006 24.2762
405435 7.55483e+006 24.1146
405435 7.55483e+006 24.1146
405434 7.55483e+006 24.1146
405434 7.55483e+006 24.2762
405434 7.55483e+006 24.2762
405435 7.55483e+006 24.2762
405435 7.55483e+006 24.1146
405434 7.55483e+006 24.1146
405434 7.55483e+006 24.1146
405434 7.55483e+006 24.2762
405434 7.55483e+006 24.2762
405434 7.55483e+006 24.2762
405434 7.55483e+006 24.1146
405434 7.55483e+006 24.1146
405434 7.55483e+006 24.1146
405434 7.55483e+006 24.2762
405434 7.55483e+006 24.2762
405434 7.55483e+006 24.2762
405434 7.55483e+006 24.1146
405435 7.55483e+006 24.3772
405435 7.55483e+006 24.3772
405434 7.55483e+006 24.4076
405434 7.55483e+006 24.4076
405435 7.55483e+006 24.3772
405435 7.55483e+006 24.3772
405434 7.55483e+006 24.3772
405434 7.55483e+006 24.3772
405434 7.55483e+006 24.4076
405434 7.55483e+006 24.4076
405435 7.55483e+006 24.3772
405434 7.55483e+006 24.3772
405434 7.55483e+006 24.3772
405435 7.55483e+006 24.3772
405434 7.55483e+006 24.4076
405434 7.55483e+006 24.4076
405434 7.55483e+006 24.3772
405434 7.55483e+006 24.3772
405435 7.55483e+006 25.2491
405435 7.55483e+006 25.0437
405436 7.55483e+006 25.0437
405436 7.55483e+006 25.0437
405436 7.55483e+006 25.2491
405435 7.55483e+006 25.2491
405436 7.55483e+006 25.0437
405436 7.55483e+006 25.0437
405436 7.55483e+006 25.2491
405436 7.55483e+006 25.2491
405436 7.55483e+006 25.2491
405436 7.55483e+006 25.0437
405436 7.55483e+006 25.0437
405436 7.55483e+006 25.0437
405436 7.55483e+006 25.2491
405436 7.55483e+006 25.2491
405436 7.55483e+006 25.2491
405436 7.55483e+006 25.0437
405436 7.55483e+006 25.0437
405436 7.55483e+006 25.0437
405436 7.55483e+006 25.2491
405436 7.55483e+006 25.2491
405436 7.55483e+006 25.2491
405436 7.55483e+006 25.0437
405436 7.55483e+006 25.0437
405435 7.55483e+006 25.0437
405435 7.55483e+006 25.2491
405435 7.55483e+006 25.2491
405436 7.55483e+006 25.2491
405436 7.55483e+006 25.0437
405435 7.55483e+006 25.0437
405435 7.55483e+006 25.0437
405435 7.55483e+006 25.2491
405435 7.55483e+006 25.2491
405435 7.55483e+006 25.2491
405435 7.55483e+006 25.0437
405424 7.55484e+006 25.3774
405424 7.55484e+006 25.3774
405424 7.55484e+006 25.4017
405424 7.55484e+006 25.4017
405424 7.55484e+006 25.3774
405424 7.55484e+006 25.3774
405424 7.55484e+006 25.3774
405424 7.55484e+006 25.3774
405424 7.55484e+006 25.4017
405424 7.55484e+006 25.4017
405424 7.55484e+006 25.3774
405424 7.55484e+006 25.3774
405424 7.55484e+006 25.3774
405424 7.55484e+006 25.3774
405424 7.55484e+006 25.4017
405424 7.55484e+006 25.4017
405424 7.55484e+006 25.3774
405424 7.55484e+006 25.3774
405423 7.55484e+006 25.249
405424 7.55484e+006 25.249
405424 7.55484e+006 25.3774
405424 7.55484e+006 25.3774
405424 7.55484e+006 25.3774
405423 7.55484e+006 25.249
405424 7.55484e+006 25.3774
405424 7.55484e+006 25.249
405424 7.55484e+006 25.249
405424 7.55484e+006 25.249
405424 7.55484e+006 25.3774
405424 7.55484e+006 25.3774
405424 7.55484e+006 25.3774
405424 7.55484e+006 25.249
405424 7.55484e+006 25.249
405424 7.55484e+006 25.249
405424 7.55484e+006 25.3774
405424 7.55484e+006 25.3774
405424 7.55484e+006 25.3774
405424 7.55484e+006 25.249
405424 7.55484e+006 25.249
405424 7.55484e+006 25.249
405424 7.55484e+006 25.3774
405424 7.55484e+006 25.3774
405424 7.55484e+006 25.3774
405424 7.55484e+006 25.249
405423 7.55484e+006 25.249
405423 7.55484e+006 25.249
405424 7.55484e+006 25.3774
405424 7.55484e+006 25.3774
405424 7.55484e+006 25.3774
405423 7.55484e+006 25.249
405423 7.55484e+006 25.249
405423 7.55484e+006 25.249
405424 7.55484e+006 25.3774
405424 7.55484e+006 25.3774
405423 7.55484e+006 20.0877
405424 7.55484e+006 20.0877
405424 7.55484e+006 25.0437
405424 7.55484e+006 25.0437
405423 7.55484e+006 25.0437
405423 7.55484e+006 20.0877
405424 7.55484e+006 20.0877
405424 7.55484e+006 20.0877
405424 7.55484e+006 25.0437
405424 7.55484e+006 25.0437
405424 7.55484e+006 25.0437
405424 7.55484e+006 20.0877
405424 7.55484e+006 20.0877
405424 7.55484e+006 20.0877
405424 7.55484e+006 25.0437
405424 7.55484e+006 25.0437
405424 7.55484e+006 25.0437
405424 7.55484e+006 20.0877
405424 7.55484e+006 20.0877
405424 7.55484e+006 20.0877
405424 7.55484e+006 25.0437
405424 7.55484e+006 25.0437
405424 7.55484e+006 25.0437
405424 7.55484e+006 20.0877
405424 7.55484e+006 20.0877
405423 7.55484e+006 20.0877
405423 7.55484e+006 25.0437
405423 7.55484e+006 25.0437
405424 7.55484e+006 25.0437
405424 7.55484e+006 20.0877
405423 7.55484e+006 20.0877
405423 7.55484e+006 20.0877
405423 7.55484e+006 25.0437
405423 7.55484e+006 25.0437
405423 7.55484e+006 25.0437
405423 7.55484e+006 20.0877
405422 7.55483e+006 20.0448
405422 7.55483e+006 23.9944
405421 7.55483e+006 23.9944
405421 7.55483e+006 23.9944
405421 7.55483e+006 20.0448
405422 7.55483e+006 20.0448
405422 7.55483e+006 23.9944
405422 7.55483e+006 23.9944
405422 7.55483e+006 20.0448
405422 7.55483e+006 20.0448
405422 7.55483e+006 20.0448
405422 7.55483e+006 23.9944
405422 7.55483e+006 23.9944
405422 7.55483e+006 23.9944
405422 7.55483e+006 20.0448
405422 7.55483e+006 20.0448
405422 7.55483e+006 20.0448
405422 7.55483e+006 23.9944
405422 7.55483e+006 23.9944
405422 7.55483e+006 23.9944
405422 7.55483e+006 20.0448
405422 7.55483e+006 20.0448
405422 7.55483e+006 20.0448
405422 7.55483e+006 23.9944
405421 7.55483e+006 23.9944
405422 7.55483e+006 23.9944
405422 7.55483e+006 20.0448
405422 7.55483e+006 20.0448
405421 7.55483e+006 20.0448
405421 7.55483e+006 23.9944
405421 7.55483e+006 23.9944
405421 7.55483e+006 23.9944
405421 7.55483e+006 20.0448
405421 7.55483e+006 20.0448
405421 7.55483e+006 20.0448
405421 7.55483e+006 23.9944
405422 7.55483e+006 24.2997
405421 7.55483e+006 24.2997
405421 7.55483e+006 23.9944
405421 7.55483e+006 23.9944
405422 7.55483e+006 23.9944
405422 7.55483e+006 24.2997
405422 7.55483e+006 23.9944
405422 7.55483e+006 24.2997
405422 7.55483e+006 24.2997
405422 7.55483e+006 24.2997
405422 7.55483e+006 23.9944
405422 7.55483e+006 23.9944
405422 7.55483e+006 23.9944
405422 7.55483e+006 24.2997
405422 7.55483e+006 24.2997
405422 7.55483e+006 24.2997
405422 7.55483e+006 23.9944
405422 7.55483e+006 23.9944
405422 7.55483e+006 23.9944
405422 7.55483e+006 24.2997
405422 7.55483e+006 24.2997
405422 7.55483e+006 24.2997
405422 7.55483e+006 23.9944
405422 7.55483e+006 23.9944
405421 7.55483e+006 23.9944
405421 7.55483e+006 24.2997
405422 7.55483e+006 24.2997
405422 7.55483e+006 24.2997
405422 7.55483e+006 23.9944
405421 7.55483e+006 23.9944
405421 7.55483e+006 23.9944
405421 7.55483e+006 24.2997
405421 7.55483e+006 24.2997
405421 7.55483e+006 24.2997
405421 7.55483e+006 23.9944
405421 7.55483e+006 23.9944
405422 7.55483e+006 24.2997
405421 7.55483e+006 24.2997
405421 7.55483e+006 24.2997
405421 7.55483e+006 24.2997
405422 7.55483e+006 24.2997
405422 7.55483e+006 24.2997
405422 7.55483e+006 24.2997
405422 7.55483e+006 24.2997
405422 7.55483e+006 24.2997
405422 7.55483e+006 24.2997
405421 7.55483e+006 24.2997
405422 7.55483e+006 24.2997
405422 7.55483e+006 24.2997
405422 7.55483e+006 24.2997
405422 7.55483e+006 24.2997
405422 7.55483e+006 24.2997
405422 7.55483e+006 24.2997
405422 7.55483e+006 24.2997
405422 7.55483e+006 23.9944
405422 7.55483e+006 23.9944
405422 7.55483e+006 23.9944
405422 7.55483e+006 23.9944
405422 7.55483e+006 23.9944
405422 7.55483e+006 23.9944
405422 7.55483e+006 23.9944
405422 7.55483e+006 23.9944
405422 7.55483e+006 23.9944
405422 7.55483e+006 23.9944
405422 7.55483e+006 23.9944
405422 7.55483e+006 23.9944
405422 7.55483e+006 23.9944
405422 7.55483e+006 23.9944
405422 7.55483e+006 23.9944
405422 7.55483e+006 23.9944
405422 7.55483e+006 23.9944
405422 7.55483e+006 23.9944
405422 7.55483e+006 23.9944
405421 7.55483e+006 23.9944
405421 7.55483e+006 23.9944
405421 7.55483e+006 23.9944
405422 7.55483e+006 23.9944
405422 7.55483e+006 23.9944
405421 7.55483e+006 23.9944
405421 7.55483e+006 23.9944
405421 7.55483e+006 23.9944
405421 7.55483e+006 23.9944
405421 7.55483e+006 23.9944
405421 7.55483e+006 23.9944
405421 7.55483e+006 23.9944
405422 7.55483e+006 23.9944
405422 7.55483e+006 23.9944
405422 7.55483e+006 23.9944
405421 7.55483e+006 23.9944
405421 7.55483e+006 23.9944
405423 7.55483e+006 24.3772
405422 7.55483e+006 24.2762
405423 7.55483e+006 24.2762
405423 7.55483e+006 24.2762
405423 7.55483e+006 24.3772
405423 7.55483e+006 24.3772
405423 7.55483e+006 24.3772
405423 7.55483e+006 24.2762
405423 7.55483e+006 24.2762
405423 7.55483e+006 24.2762
405423 7.55483e+006 24.3772
405423 7.55483e+006 24.3772
405423 7.55483e+006 24.3772
405423 7.55483e+006 24.2762
405423 7.55483e+006 24.2762
405423 7.55483e+006 24.2762
405423 7.55483e+006 24.3772
405423 7.55483e+006 24.3772
405423 7.55483e+006 24.3772
405423 7.55483e+006 24.2762
405422 7.55483e+006 24.2762
405422 7.55483e+006 24.2762
405423 7.55483e+006 24.3772
405423 7.55483e+006 24.3772
405423 7.55483e+006 24.3772
405422 7.55483e+006 24.2762
405422 7.55483e+006 24.2762
405422 7.55483e+006 24.2762
405422 7.55483e+006 24.3772
405423 7.55483e+006 24.3772
405422 7.55483e+006 24.3772
405422 7.55483e+006 24.2762
405422 7.55483e+006 24.2762
405422 7.55483e+006 24.2762
405423 7.55483e+006 24.3772
405422 7.55483e+006 24.3772
405422 7.55483e+006 20.0806
405423 7.55483e+006 20.0806
405423 7.55483e+006 24.1146
405423 7.55483e+006 24.1146
405422 7.55483e+006 24.1146
405422 7.55483e+006 20.0806
405423 7.55483e+006 20.0806
405423 7.55483e+006 20.0806
405423 7.55483e+006 24.1146
405423 7.55483e+006 24.1146
405423 7.55483e+006 24.1146
405423 7.55483e+006 20.0806
405423 7.55483e+006 20.0806
405423 7.55483e+006 20.0806
405423 7.55483e+006 24.1146
405423 7.55483e+006 24.1146
405423 7.55483e+006 24.1146
405423 7.55483e+006 20.0806
405423 7.55483e+006 20.0806
405422 7.55483e+006 20.0806
405422 7.55483e+006 24.1146
405422 7.55483e+006 24.1146
405423 7.55483e+006 24.1146
405423 7.55483e+006 20.0806
405422 7.55483e+006 20.0806
405422 7.55483e+006 20.0806
405422 7.55483e+006 24.1146
405422 7.55483e+006 24.1146
405422 7.55483e+006 24.1146
405422 7.55483e+006 20.0806
405422 7.55483e+006 20.0806
405422 7.55483e+006 20.0806
405422 7.55483e+006 24.1146
405422 7.55483e+006 24.1146
405422 7.55483e+006 24.1146
405422 7.55483e+006 20.0806
405422 7.55483e+006 24.1146
405423 7.55483e+006 24.1146
405423 7.55483e+006 24.2762
405423 7.55483e+006 24.2762
405422 7.55483e+006 24.2762
405422 7.55483e+006 24.1146
405423 7.55483e+006 24.1146
405423 7.55483e+006 24.1146
405423 7.55483e+006 24.2762
405423 7.55483e+006 24.2762
405423 7.55483e+006 24.2762
405423 7.55483e+006 24.1146
405423 7.55483e+006 24.1146
405423 7.55483e+006 24.1146
405423 7.55483e+006 24.2762
405423 7.55483e+006 24.2762
405423 7.55483e+006 24.2762
405423 7.55483e+006 24.1146
405423 7.55483e+006 24.1146
405422 7.55483e+006 24.1146
405422 7.55483e+006 24.2762
405422 7.55483e+006 24.2762
405423 7.55483e+006 24.2762
405423 7.55483e+006 24.1146
405422 7.55483e+006 24.1146
405422 7.55483e+006 24.1146
405422 7.55483e+006 24.2762
405422 7.55483e+006 24.2762
405422 7.55483e+006 24.2762
405422 7.55483e+006 24.1146
405422 7.55483e+006 24.1146
405422 7.55483e+006 24.1146
405422 7.55483e+006 24.2762
405422 7.55483e+006 24.2762
405422 7.55483e+006 24.2762
405422 7.55483e+006 24.1146
405423 7.55483e+006 24.3772
405423 7.55483e+006 24.3772
405423 7.55483e+006 24.4076
405423 7.55483e+006 24.4076
405423 7.55483e+006 24.3772
405423 7.55483e+006 24.3772
405423 7.55483e+006 24.3772
405422 7.55483e+006 24.3772
405423 7.55483e+006 24.4076
405423 7.55483e+006 24.4076
405423 7.55483e+006 24.3772
405423 7.55483e+006 24.3772
405423 7.55483e+006 24.3772
405423 7.55483e+006 24.3772
405423 7.55483e+006 24.4076
405423 7.55483e+006 24.4076
405422 7.55483e+006 24.3772
405423 7.55483e+006 24.3772
405423 7.55484e+006 25.249
405423 7.55484e+006 25.0437
405424 7.55484e+006 25.0437
405424 7.55484e+006 25.0437
405424 7.55484e+006 25.249
405423 7.55484e+006 25.249
405424 7.55484e+006 25.0437
405424 7.55484e+006 25.0437
405424 7.55484e+006 25.249
405424 7.55484e+006 25.249
405424 7.55484e+006 25.249
405424 7.55484e+006 25.0437
405424 7.55484e+006 25.0437
405424 7.55484e+006 25.0437
405424 7.55484e+006 25.249
405424 7.55484e+006 25.249
405424 7.55484e+006 25.249
405424 7.55484e+006 25.0437
405424 7.55484e+006 25.0437
405424 7.55484e+006 25.0437
405424 7.55484e+006 25.249
405424 7.55484e+006 25.249
405424 7.55484e+006 25.249
405424 7.55484e+006 25.0437
405424 7.55484e+006 25.0437
405423 7.55484e+006 25.0437
405423 7.55484e+006 25.249
405423 7.55484e+006 25.249
405424 7.55484e+006 25.249
405424 7.55484e+006 25.0437
405423 7.55484e+006 25.0437
405423 7.55484e+006 25.0437
405423 7.55484e+006 25.249
405423 7.55484e+006 25.249
405423 7.55484e+006 25.249
405423 7.55484e+006 25.0437
