405442 7.55479e+006 25.9502
405441 7.55479e+006 25.9493
405440 7.55479e+006 25.9492
405440 7.55479e+006 25.9492
405441 7.55479e+006 25.9501
405442 7.55479e+006 25.9502
405445 7.55479e+006 25.2303
405445 7.55478e+006 25.2308
405447 7.55479e+006 25.2291
405447 7.55479e+006 25.2291
405446 7.55479e+006 25.2305
405445 7.55479e+006 25.2303
405432 7.55479e+006 25.2205
405431 7.55479e+006 25.2183
405439 7.55479e+006 25.2277
405439 7.55479e+006 25.2277
405440 7.55479e+006 25.2276
405432 7.55479e+006 25.2205
405448 7.55479e+006 25.2301
405449 7.55479e+006 25.2303
405448 7.55479e+006 25.2292
405448 7.55479e+006 25.2292
405447 7.55479e+006 25.2291
405448 7.55479e+006 25.2301
405434 7.5548e+006 25.2209
405434 7.5548e+006 25.2208
405446 7.55479e+006 25.2305
405446 7.55479e+006 25.2305
405448 7.55479e+006 25.2313
405434 7.5548e+006 25.2209
405442 7.55479e+006 25.2291
405441 7.55479e+006 25.229
405445 7.55478e+006 25.2308
405445 7.55478e+006 25.2308
405445 7.55479e+006 25.2303
405442 7.55479e+006 25.2291
405448 7.55479e+006 25.2292
405448 7.55479e+006 25.2313
405446 7.55479e+006 25.2305
405446 7.55479e+006 25.2305
405447 7.55479e+006 25.2291
405448 7.55479e+006 25.2292
