405437 7.55478e+006 25.1478
405436 7.55478e+006 25.1477
405436 7.55478e+006 25.0477
405436 7.55478e+006 25.0477
405437 7.55478e+006 25.0478
405437 7.55478e+006 25.1478
405437 7.55478e+006 25.1478
405437 7.55478e+006 25.0478
405434 7.55478e+006 25.0478
405434 7.55478e+006 25.0478
405434 7.55478e+006 25.1478
405437 7.55478e+006 25.1478
405436 7.55478e+006 25.1477
405437 7.55478e+006 25.1478
405434 7.55478e+006 25.1478
405434 7.55478e+006 25.1478
405434 7.55478e+006 25.1477
405436 7.55478e+006 25.1477
405434 7.55478e+006 25.0477
405434 7.55478e+006 25.1477
405433 7.55478e+006 25.1477
405433 7.55478e+006 25.1477
405433 7.55478e+006 25.0477
405434 7.55478e+006 25.0477
405434 7.55478e+006 25.1478
405434 7.55478e+006 25.1479
405433 7.55478e+006 25.1477
405433 7.55478e+006 25.1477
405434 7.55478e+006 25.1477
405434 7.55478e+006 25.1478
405434 7.55478e+006 25.0478
405434 7.55478e+006 25.0477
405433 7.55478e+006 25.0477
405433 7.55478e+006 25.0477
405434 7.55478e+006 25.0479
405434 7.55478e+006 25.0478
405434 7.55478e+006 25.1479
405434 7.55478e+006 25.1478
405434 7.55478e+006 25.0478
405434 7.55478e+006 25.0478
405434 7.55478e+006 25.0479
405434 7.55478e+006 25.1479
405433 7.55478e+006 25.1477
405434 7.55478e+006 25.1479
405434 7.55478e+006 25.0479
405434 7.55478e+006 25.0479
405433 7.55478e+006 25.0477
405433 7.55478e+006 25.1477
405436 7.55478e+006 25.1477
405434 7.55478e+006 25.1477
405434 7.55478e+006 25.0477
405434 7.55478e+006 25.0477
405436 7.55478e+006 25.0477
405436 7.55478e+006 25.1477
405436 7.55478e+006 25.0477
405434 7.55478e+006 25.0477
405434 7.55478e+006 25.0478
405434 7.55478e+006 25.0478
405437 7.55478e+006 25.0478
405436 7.55478e+006 25.0477
