405415 7.55479e+006 21.8843
405415 7.55479e+006 21.7343
405415 7.55479e+006 21.7344
405415 7.55479e+006 21.7344
405415 7.55479e+006 21.8844
405415 7.55479e+006 21.8843
405412 7.55479e+006 21.7315
405412 7.55479e+006 21.8815
405413 7.55479e+006 21.8816
405413 7.55479e+006 21.8816
405413 7.55479e+006 21.7316
405412 7.55479e+006 21.7315
405415 7.55479e+006 21.7343
405412 7.55479e+006 21.7315
405413 7.55479e+006 21.7316
405413 7.55479e+006 21.7316
405415 7.55479e+006 21.7344
405415 7.55479e+006 21.7343
405415 7.55479e+006 21.8843
405412 7.55479e+006 21.8815
405412 7.55479e+006 21.7315
405412 7.55479e+006 21.7315
405415 7.55479e+006 21.7343
405415 7.55479e+006 21.8843
405415 7.55479e+006 21.8844
405413 7.55479e+006 21.8816
405412 7.55479e+006 21.8815
405412 7.55479e+006 21.8815
405415 7.55479e+006 21.8843
405415 7.55479e+006 21.8844
405415 7.55479e+006 21.7344
405413 7.55479e+006 21.7316
405413 7.55479e+006 21.8816
405413 7.55479e+006 21.8816
405415 7.55479e+006 21.8844
405415 7.55479e+006 21.7344
