405449 7.5548e+006 34.5506
405449 7.55479e+006 34.5506
405451 7.55479e+006 34.5474
405451 7.55479e+006 34.5474
405452 7.5548e+006 34.5474
405449 7.5548e+006 34.5506
405450 7.5548e+006 34.5506
405450 7.5548e+006 34.5506
405452 7.5548e+006 34.5474
405452 7.5548e+006 34.5474
405452 7.5548e+006 34.5474
405450 7.5548e+006 34.5506
405452 7.5548e+006 34.5474
405450 7.5548e+006 34.5506
405449 7.5548e+006 34.5506
405449 7.5548e+006 34.5506
405452 7.5548e+006 34.5474
405452 7.5548e+006 34.5474
405452 7.5548e+006 34.5316
405452 7.5548e+006 34.5316
405452 7.5548e+006 34.5474
405452 7.5548e+006 34.5474
405452 7.5548e+006 34.5474
405452 7.5548e+006 34.5316
405453 7.5548e+006 34.5747
405450 7.5548e+006 34.5778
405450 7.5548e+006 34.5937
405450 7.5548e+006 34.5937
405453 7.5548e+006 34.5905
405453 7.5548e+006 34.5747
405450 7.5548e+006 34.5347
405450 7.5548e+006 34.5347
405450 7.5548e+006 34.5506
405450 7.5548e+006 34.5506
405450 7.5548e+006 34.5506
405450 7.5548e+006 34.5347
405450 7.5548e+006 34.5347
405449 7.5548e+006 34.5347
405449 7.5548e+006 34.5506
405449 7.5548e+006 34.5506
405450 7.5548e+006 34.5506
405450 7.5548e+006 34.5347
405449 7.5548e+006 34.5347
405449 7.55479e+006 34.5347
405449 7.55479e+006 34.5506
405449 7.55479e+006 34.5506
405449 7.5548e+006 34.5506
405449 7.5548e+006 34.5347
405449 7.55479e+006 34.5347
405451 7.55479e+006 34.5316
405451 7.55479e+006 34.5474
405451 7.55479e+006 34.5474
405449 7.55479e+006 34.5506
405449 7.55479e+006 34.5347
405451 7.55479e+006 34.5316
405452 7.5548e+006 34.5316
405452 7.5548e+006 34.5474
405452 7.5548e+006 34.5474
405451 7.55479e+006 34.5474
405451 7.55479e+006 34.5316
405452 7.5548e+006 34.5316
405452 7.5548e+006 34.5316
405452 7.5548e+006 34.5474
405452 7.5548e+006 34.5474
405452 7.5548e+006 34.5474
405452 7.5548e+006 34.5316
405450 7.5548e+006 34.5347
405452 7.5548e+006 34.5316
405452 7.5548e+006 34.5316
405452 7.5548e+006 34.5316
405450 7.5548e+006 34.5347
405450 7.5548e+006 34.5347
405450 7.5548e+006 34.5347
405452 7.5548e+006 34.5316
405452 7.5548e+006 34.5316
405452 7.5548e+006 34.5316
405449 7.5548e+006 34.5347
405450 7.5548e+006 34.5347
405449 7.5548e+006 34.5347
405452 7.5548e+006 34.5316
405451 7.55479e+006 34.5316
405451 7.55479e+006 34.5316
405449 7.55479e+006 34.5347
405449 7.5548e+006 34.5347
405452 7.5548e+006 34.5316
405450 7.5548e+006 34.5347
405450 7.5548e+006 34.5778
405450 7.5548e+006 34.5778
405453 7.5548e+006 34.5747
405452 7.5548e+006 34.5316
405450 7.5548e+006 34.5347
405450 7.5548e+006 34.5506
405450 7.5548e+006 34.5937
405450 7.5548e+006 34.5937
405450 7.5548e+006 34.5778
405450 7.5548e+006 34.5347
405450 7.5548e+006 34.5506
405452 7.5548e+006 34.5474
405453 7.5548e+006 34.5905
405453 7.5548e+006 34.5905
405450 7.5548e+006 34.5937
405450 7.5548e+006 34.5506
405452 7.5548e+006 34.5474
405452 7.5548e+006 34.5316
405453 7.5548e+006 34.5747
405453 7.5548e+006 34.5747
405453 7.5548e+006 34.5905
405452 7.5548e+006 34.5474
405452 7.5548e+006 28.2661
405452 7.5548e+006 28.2676
405452 7.5548e+006 28.2482
405452 7.5548e+006 28.2482
405452 7.5548e+006 28.2467
405452 7.5548e+006 28.2661
405451 7.5548e+006 28.2635
405451 7.5548e+006 28.2438
405452 7.5548e+006 28.2453
405452 7.5548e+006 28.2453
405452 7.5548e+006 28.265
405451 7.5548e+006 28.2635
405452 7.5548e+006 28.2661
405452 7.5548e+006 28.2467
405451 7.5548e+006 28.2438
405451 7.5548e+006 28.2438
405451 7.5548e+006 28.2635
405452 7.5548e+006 28.2661
405452 7.5548e+006 28.2467
405452 7.5548e+006 28.2482
405452 7.5548e+006 28.2453
405452 7.5548e+006 28.2453
405451 7.5548e+006 28.2438
405452 7.5548e+006 28.2467
405452 7.5548e+006 28.2482
405452 7.5548e+006 28.2676
405452 7.5548e+006 28.265
405452 7.5548e+006 28.265
405452 7.5548e+006 28.2453
405452 7.5548e+006 28.2482
405452 7.5548e+006 28.2676
405452 7.5548e+006 28.2661
405451 7.5548e+006 28.2635
405451 7.5548e+006 28.2635
405452 7.5548e+006 28.265
405452 7.5548e+006 28.2676
405452 7.5548e+006 28.5316
405452 7.5548e+006 28.5331
405452 7.5548e+006 28.5138
405452 7.5548e+006 28.5138
405452 7.5548e+006 28.5123
405452 7.5548e+006 28.5316
405452 7.5548e+006 28.529
405452 7.5548e+006 28.5094
405452 7.5548e+006 28.5109
405452 7.5548e+006 28.5109
405452 7.5548e+006 28.5305
405452 7.5548e+006 28.529
405452 7.5548e+006 28.5316
405452 7.5548e+006 28.5123
405452 7.5548e+006 28.5094
405452 7.5548e+006 28.5094
405452 7.5548e+006 28.529
405452 7.5548e+006 28.5316
405452 7.5548e+006 28.5123
405452 7.5548e+006 28.5138
405452 7.5548e+006 28.5109
405452 7.5548e+006 28.5109
405452 7.5548e+006 28.5094
405452 7.5548e+006 28.5123
405452 7.5548e+006 28.5138
405452 7.5548e+006 28.5331
405452 7.5548e+006 28.5305
405452 7.5548e+006 28.5305
405452 7.5548e+006 28.5109
405452 7.5548e+006 28.5138
405452 7.5548e+006 28.5331
405452 7.5548e+006 28.5316
405452 7.5548e+006 28.529
405452 7.5548e+006 28.529
405452 7.5548e+006 28.5305
405452 7.5548e+006 28.5331
405452 7.5548e+006 28.7911
405452 7.5548e+006 28.7926
405452 7.5548e+006 28.7732
405452 7.5548e+006 28.7732
405452 7.5548e+006 28.7717
405452 7.5548e+006 28.7911
405452 7.5548e+006 28.7885
405452 7.5548e+006 28.7689
405452 7.5548e+006 28.7703
405452 7.5548e+006 28.7703
405452 7.5548e+006 28.79
405452 7.5548e+006 28.7885
405452 7.5548e+006 28.7911
405452 7.5548e+006 28.7717
405452 7.5548e+006 28.7689
405452 7.5548e+006 28.7689
405452 7.5548e+006 28.7885
405452 7.5548e+006 28.7911
405452 7.5548e+006 28.7717
405452 7.5548e+006 28.7732
405452 7.5548e+006 28.7703
405452 7.5548e+006 28.7703
405452 7.5548e+006 28.7689
405452 7.5548e+006 28.7717
405452 7.5548e+006 28.7732
405452 7.5548e+006 28.7926
405452 7.5548e+006 28.79
405452 7.5548e+006 28.79
405452 7.5548e+006 28.7703
405452 7.5548e+006 28.7732
405452 7.5548e+006 28.7926
405452 7.5548e+006 28.7911
405452 7.5548e+006 28.7885
405452 7.5548e+006 28.7885
405452 7.5548e+006 28.79
405452 7.5548e+006 28.7926
405452 7.5548e+006 29.0502
405453 7.5548e+006 29.0517
405453 7.5548e+006 29.0323
405453 7.5548e+006 29.0323
405452 7.5548e+006 29.0309
405452 7.5548e+006 29.0502
405452 7.5548e+006 29.0476
405452 7.5548e+006 29.028
405453 7.5548e+006 29.0295
405453 7.5548e+006 29.0295
405453 7.5548e+006 29.0491
405452 7.5548e+006 29.0476
405452 7.5548e+006 29.0502
405452 7.5548e+006 29.0309
405452 7.5548e+006 29.028
405452 7.5548e+006 29.028
405452 7.5548e+006 29.0476
405452 7.5548e+006 29.0502
405452 7.5548e+006 29.0309
405453 7.5548e+006 29.0323
405453 7.5548e+006 29.0295
405453 7.5548e+006 29.0295
405452 7.5548e+006 29.028
405452 7.5548e+006 29.0309
405453 7.5548e+006 29.0323
405453 7.5548e+006 29.0517
405453 7.5548e+006 29.0491
405453 7.5548e+006 29.0491
405453 7.5548e+006 29.0295
405453 7.5548e+006 29.0323
405453 7.5548e+006 29.0517
405452 7.5548e+006 29.0502
405452 7.5548e+006 29.0476
405452 7.5548e+006 29.0476
405453 7.5548e+006 29.0491
405453 7.5548e+006 29.0517
405452 7.5548e+006 29.3126
405453 7.5548e+006 29.3141
405453 7.5548e+006 29.2947
405453 7.5548e+006 29.2947
405452 7.5548e+006 29.2932
405452 7.5548e+006 29.3126
405452 7.5548e+006 29.31
405452 7.5548e+006 29.2904
405453 7.5548e+006 29.2919
405453 7.5548e+006 29.2919
405453 7.5548e+006 29.3115
405452 7.5548e+006 29.31
405452 7.5548e+006 29.3126
405452 7.5548e+006 29.2932
405452 7.5548e+006 29.2904
405452 7.5548e+006 29.2904
405452 7.5548e+006 29.31
405452 7.5548e+006 29.3126
405452 7.5548e+006 29.2932
405453 7.5548e+006 29.2947
405453 7.5548e+006 29.2919
405453 7.5548e+006 29.2919
405452 7.5548e+006 29.2904
405452 7.5548e+006 29.2932
405453 7.5548e+006 29.2947
405453 7.5548e+006 29.3141
405453 7.5548e+006 29.3115
405453 7.5548e+006 29.3115
405453 7.5548e+006 29.2919
405453 7.5548e+006 29.2947
405453 7.5548e+006 29.3141
405452 7.5548e+006 29.3126
405452 7.5548e+006 29.31
405452 7.5548e+006 29.31
405453 7.5548e+006 29.3115
405453 7.5548e+006 29.3141
405453 7.5548e+006 29.5726
405453 7.5548e+006 29.5741
405453 7.5548e+006 29.5547
405453 7.5548e+006 29.5547
405453 7.5548e+006 29.5533
405453 7.5548e+006 29.5726
405453 7.5548e+006 29.57
405453 7.5548e+006 29.5504
405453 7.5548e+006 29.5519
405453 7.5548e+006 29.5519
405453 7.5548e+006 29.5715
405453 7.5548e+006 29.57
405453 7.5548e+006 29.5726
405453 7.5548e+006 29.5533
405453 7.5548e+006 29.5504
405453 7.5548e+006 29.5504
405453 7.5548e+006 29.57
405453 7.5548e+006 29.5726
405453 7.5548e+006 29.5533
405453 7.5548e+006 29.5547
405453 7.5548e+006 29.5519
405453 7.5548e+006 29.5519
405453 7.5548e+006 29.5504
405453 7.5548e+006 29.5533
405453 7.5548e+006 29.5547
405453 7.5548e+006 29.5741
405453 7.5548e+006 29.5715
405453 7.5548e+006 29.5715
405453 7.5548e+006 29.5519
405453 7.5548e+006 29.5547
405453 7.5548e+006 29.5741
405453 7.5548e+006 29.5726
405453 7.5548e+006 29.57
405453 7.5548e+006 29.57
405453 7.5548e+006 29.5715
405453 7.5548e+006 29.5741
405452 7.55479e+006 32.9623
405453 7.55479e+006 32.9623
405453 7.55479e+006 32.9623
405453 7.55479e+006 32.9623
405452 7.55479e+006 32.9623
405452 7.55479e+006 32.9623
405454 7.55479e+006 32.9397
405454 7.55479e+006 32.9397
405454 7.55479e+006 32.9623
405454 7.55479e+006 32.9623
405454 7.55479e+006 32.9623
405454 7.55479e+006 32.9397
405454 7.55479e+006 32.9397
405454 7.55479e+006 32.9397
405454 7.55479e+006 32.9623
405454 7.55479e+006 32.9623
405454 7.55479e+006 32.9623
405454 7.55479e+006 32.9397
405453 7.55479e+006 32.9397
405453 7.55479e+006 32.9623
405453 7.55479e+006 32.9623
405453 7.55479e+006 32.9623
405453 7.55479e+006 32.9397
405453 7.55479e+006 32.9397
405453 7.55479e+006 32.9397
405453 7.55479e+006 32.9397
405453 7.55479e+006 32.9623
405453 7.55479e+006 32.9623
405453 7.55479e+006 32.9623
405453 7.55479e+006 32.9397
405453 7.55479e+006 32.9397
405452 7.55479e+006 32.9397
405452 7.55479e+006 32.9623
405452 7.55479e+006 32.9623
405453 7.55479e+006 32.9623
405453 7.55479e+006 32.9397
405452 7.55479e+006 32.9397
405452 7.55479e+006 32.9397
405452 7.55479e+006 32.9623
405452 7.55479e+006 32.9623
405452 7.55479e+006 32.9623
405452 7.55479e+006 32.9397
405452 7.55479e+006 32.9397
405454 7.55479e+006 32.9397
405454 7.55479e+006 32.9623
405454 7.55479e+006 32.9623
405452 7.55479e+006 32.9623
405452 7.55479e+006 32.9397
405452 7.55479e+006 32.9397
405452 7.55479e+006 32.9397
405453 7.55479e+006 32.9397
405453 7.55479e+006 32.9397
405453 7.55479e+006 32.9397
405452 7.55479e+006 32.9397
405454 7.55479e+006 32.9623
405453 7.55479e+006 32.9623
405453 7.55479e+006 32.9623
405453 7.55479e+006 32.9623
405452 7.55479e+006 32.9623
405454 7.55479e+006 32.9623
405453 7.55479e+006 32.9397
405453 7.55479e+006 32.9397
405454 7.55479e+006 32.9397
405454 7.55479e+006 32.9397
405452 7.55479e+006 32.9397
405453 7.55479e+006 32.9397
405454 7.55479e+006 32.9623
405454 7.55479e+006 32.9623
405454 7.55479e+006 32.9623
405454 7.55479e+006 32.9623
405453 7.55479e+006 32.9623
405454 7.55479e+006 32.9623
405454 7.55479e+006 32.9623
405454 7.55479e+006 32.9397
405453 7.55479e+006 32.9397
405453 7.55479e+006 32.9397
405453 7.55479e+006 32.9623
405454 7.55479e+006 32.9623
405454 7.55479e+006 32.9397
405454 7.55479e+006 32.9397
405454 7.55479e+006 32.9397
405454 7.55479e+006 32.9397
405453 7.55479e+006 32.9397
405454 7.55479e+006 32.9397
405453 7.5548e+006 29.7194
405453 7.5548e+006 29.7194
405453 7.5548e+006 29.7194
405453 7.5548e+006 29.7194
405454 7.5548e+006 29.7194
405453 7.5548e+006 29.7194
405454 7.5548e+006 29.7194
405455 7.5548e+006 29.7194
405455 7.5548e+006 29.7194
405455 7.5548e+006 29.7194
405454 7.5548e+006 29.7194
405454 7.5548e+006 29.7194
405454 7.5548e+006 29.7194
405455 7.5548e+006 29.7194
405453 7.5548e+006 29.7194
405453 7.5548e+006 29.7194
405454 7.5548e+006 29.7194
405454 7.5548e+006 29.7194
405455 7.5548e+006 29.6989
405453 7.5548e+006 29.6989
405453 7.5548e+006 29.7194
405453 7.5548e+006 29.7194
405455 7.5548e+006 29.7194
405455 7.5548e+006 29.6989
405453 7.5548e+006 29.6989
405453 7.5548e+006 29.6989
405453 7.5548e+006 29.7194
405453 7.5548e+006 29.7194
405453 7.5548e+006 29.7194
405453 7.5548e+006 29.6989
405453 7.5548e+006 29.6989
405453 7.5548e+006 29.6989
405453 7.5548e+006 29.7194
405453 7.5548e+006 29.7194
405453 7.5548e+006 29.7194
405453 7.5548e+006 29.6989
405453 7.5548e+006 29.6989
405454 7.5548e+006 29.6989
405454 7.5548e+006 29.7194
405454 7.5548e+006 29.7194
405453 7.5548e+006 29.7194
405453 7.5548e+006 29.6989
405454 7.5548e+006 29.6989
405454 7.5548e+006 29.6989
405454 7.5548e+006 29.7194
405454 7.5548e+006 29.7194
405454 7.5548e+006 29.7194
405454 7.5548e+006 29.6989
405454 7.5548e+006 29.6989
405454 7.5548e+006 29.6989
405454 7.5548e+006 29.7194
405454 7.5548e+006 29.7194
405454 7.5548e+006 29.7194
405454 7.5548e+006 29.6989
405454 7.5548e+006 29.6989
405455 7.5548e+006 29.6989
405455 7.5548e+006 29.7194
405455 7.5548e+006 29.7194
405454 7.5548e+006 29.7194
405454 7.5548e+006 29.6989
405455 7.5548e+006 29.6989
405455 7.5548e+006 29.6989
405455 7.5548e+006 29.7194
405455 7.5548e+006 29.7194
405455 7.5548e+006 29.7194
405455 7.5548e+006 29.6989
405453 7.5548e+006 29.6989
405453 7.5548e+006 29.6989
405453 7.5548e+006 29.6989
405453 7.5548e+006 29.6989
405454 7.5548e+006 29.6989
405453 7.5548e+006 29.6989
405454 7.5548e+006 29.6989
405454 7.5548e+006 29.6989
405453 7.5548e+006 29.6989
405453 7.5548e+006 29.6989
405455 7.5548e+006 29.6989
405454 7.5548e+006 29.6989
405454 7.5548e+006 29.6989
405454 7.5548e+006 29.6989
405455 7.5548e+006 29.6989
405455 7.5548e+006 29.6989
405455 7.5548e+006 29.6989
405454 7.5548e+006 29.6989
405451 7.5548e+006 28.1105
405452 7.5548e+006 28.1105
405452 7.5548e+006 28.1105
405452 7.5548e+006 28.1105
405451 7.5548e+006 28.1105
405451 7.5548e+006 28.1105
405452 7.5548e+006 28.0879
405451 7.5548e+006 28.0879
405451 7.5548e+006 28.1105
405451 7.5548e+006 28.1105
405452 7.5548e+006 28.1105
405452 7.5548e+006 28.0879
405451 7.5548e+006 28.0879
405451 7.5548e+006 28.0879
405451 7.5548e+006 28.1105
405451 7.5548e+006 28.1105
405451 7.5548e+006 28.1105
405451 7.5548e+006 28.0879
405451 7.5548e+006 28.0879
405452 7.5548e+006 28.0879
405452 7.5548e+006 28.1105
405452 7.5548e+006 28.1105
405451 7.5548e+006 28.1105
405451 7.5548e+006 28.0879
405452 7.5548e+006 28.0879
405452 7.5548e+006 28.0879
405452 7.5548e+006 28.1105
405452 7.5548e+006 28.1105
405452 7.5548e+006 28.1105
405452 7.5548e+006 28.0879
405452 7.5548e+006 28.0879
405452 7.5548e+006 28.0879
405451 7.5548e+006 28.0879
405451 7.5548e+006 28.0879
405451 7.5548e+006 28.0879
405452 7.5548e+006 28.0879
405455 7.5548e+006 29.9167
405455 7.5548e+006 29.9182
405455 7.5548e+006 29.8988
405455 7.5548e+006 29.8988
405455 7.5548e+006 29.8974
405455 7.5548e+006 29.9167
405455 7.5548e+006 29.9141
405455 7.5548e+006 29.8945
405455 7.5548e+006 29.896
405455 7.5548e+006 29.896
405455 7.5548e+006 29.9156
405455 7.5548e+006 29.9141
405455 7.5548e+006 29.9167
405455 7.5548e+006 29.8974
405455 7.5548e+006 29.8945
405455 7.5548e+006 29.8945
405455 7.5548e+006 29.9141
405455 7.5548e+006 29.9167
405455 7.5548e+006 29.8974
405455 7.5548e+006 29.8988
405455 7.5548e+006 29.896
405455 7.5548e+006 29.896
405455 7.5548e+006 29.8945
405455 7.5548e+006 29.8974
405455 7.5548e+006 29.8988
405455 7.5548e+006 29.9182
405455 7.5548e+006 29.9156
405455 7.5548e+006 29.9156
405455 7.5548e+006 29.896
405455 7.5548e+006 29.8988
405455 7.5548e+006 29.9182
405455 7.5548e+006 29.9167
405455 7.5548e+006 29.9141
405455 7.5548e+006 29.9141
405455 7.5548e+006 29.9156
405455 7.5548e+006 29.9182
405456 7.5548e+006 30.1823
405455 7.5548e+006 30.1838
405455 7.5548e+006 30.1644
405455 7.5548e+006 30.1644
405456 7.5548e+006 30.1629
405456 7.5548e+006 30.1823
405456 7.5548e+006 30.1797
405456 7.5548e+006 30.1601
405455 7.5548e+006 30.1616
405455 7.5548e+006 30.1616
405455 7.5548e+006 30.1812
405456 7.5548e+006 30.1797
405456 7.5548e+006 30.1823
405456 7.5548e+006 30.1629
405456 7.5548e+006 30.1601
405456 7.5548e+006 30.1601
405456 7.5548e+006 30.1797
405456 7.5548e+006 30.1823
405456 7.5548e+006 30.1629
405455 7.5548e+006 30.1644
405455 7.5548e+006 30.1616
405455 7.5548e+006 30.1616
405456 7.5548e+006 30.1601
405456 7.5548e+006 30.1629
405455 7.5548e+006 30.1644
405455 7.5548e+006 30.1838
405455 7.5548e+006 30.1812
405455 7.5548e+006 30.1812
405455 7.5548e+006 30.1616
405455 7.5548e+006 30.1644
405455 7.5548e+006 30.1838
405456 7.5548e+006 30.1823
405456 7.5548e+006 30.1797
405456 7.5548e+006 30.1797
405455 7.5548e+006 30.1812
405455 7.5548e+006 30.1838
405456 7.5548e+006 30.4417
405455 7.5548e+006 30.4432
405455 7.5548e+006 30.4238
405455 7.5548e+006 30.4238
405456 7.5548e+006 30.4224
405456 7.5548e+006 30.4417
405456 7.5548e+006 30.4391
405456 7.5548e+006 30.4195
405455 7.5548e+006 30.421
405455 7.5548e+006 30.421
405455 7.5548e+006 30.4406
405456 7.5548e+006 30.4391
405456 7.5548e+006 30.4417
405456 7.5548e+006 30.4224
405456 7.5548e+006 30.4195
405456 7.5548e+006 30.4195
405456 7.5548e+006 30.4391
405456 7.5548e+006 30.4417
405456 7.5548e+006 30.4224
405455 7.5548e+006 30.4238
405455 7.5548e+006 30.421
405455 7.5548e+006 30.421
405456 7.5548e+006 30.4195
405456 7.5548e+006 30.4224
405455 7.5548e+006 30.4238
405455 7.5548e+006 30.4432
405455 7.5548e+006 30.4406
405455 7.5548e+006 30.4406
405455 7.5548e+006 30.421
405455 7.5548e+006 30.4238
405455 7.5548e+006 30.4432
405456 7.5548e+006 30.4417
405456 7.5548e+006 30.4391
405456 7.5548e+006 30.4391
405455 7.5548e+006 30.4406
405455 7.5548e+006 30.4432
405456 7.5548e+006 30.7009
405455 7.5548e+006 30.7024
405455 7.5548e+006 30.683
405455 7.5548e+006 30.683
405456 7.5548e+006 30.6815
405456 7.5548e+006 30.7009
405456 7.5548e+006 30.6983
405456 7.5548e+006 30.6787
405455 7.5548e+006 30.6801
405455 7.5548e+006 30.6801
405455 7.5548e+006 30.6998
405456 7.5548e+006 30.6983
405456 7.5548e+006 30.7009
405456 7.5548e+006 30.6815
405456 7.5548e+006 30.6787
405456 7.5548e+006 30.6787
405456 7.5548e+006 30.6983
405456 7.5548e+006 30.7009
405456 7.5548e+006 30.6815
405455 7.5548e+006 30.683
405455 7.5548e+006 30.6801
405455 7.5548e+006 30.6801
405456 7.5548e+006 30.6787
405456 7.5548e+006 30.6815
405455 7.5548e+006 30.683
405455 7.5548e+006 30.7024
405455 7.5548e+006 30.6998
405455 7.5548e+006 30.6998
405455 7.5548e+006 30.6801
405455 7.5548e+006 30.683
405455 7.5548e+006 30.7024
405456 7.5548e+006 30.7009
405456 7.5548e+006 30.6983
405456 7.5548e+006 30.6983
405455 7.5548e+006 30.6998
405455 7.5548e+006 30.7024
405456 7.5548e+006 30.9633
405455 7.5548e+006 30.9648
405455 7.5548e+006 30.9454
405455 7.5548e+006 30.9454
405456 7.5548e+006 30.9439
405456 7.5548e+006 30.9633
405456 7.5548e+006 30.9607
405456 7.5548e+006 30.941
405455 7.5548e+006 30.9425
405455 7.5548e+006 30.9425
405455 7.5548e+006 30.9621
405456 7.5548e+006 30.9607
405456 7.5548e+006 30.9633
405456 7.5548e+006 30.9439
405456 7.5548e+006 30.941
405456 7.5548e+006 30.941
405456 7.5548e+006 30.9607
405456 7.5548e+006 30.9633
405456 7.5548e+006 30.9439
405455 7.5548e+006 30.9454
405455 7.5548e+006 30.9425
405455 7.5548e+006 30.9425
405456 7.5548e+006 30.941
405456 7.5548e+006 30.9439
405455 7.5548e+006 30.9454
405455 7.5548e+006 30.9648
405455 7.5548e+006 30.9621
405455 7.5548e+006 30.9621
405455 7.5548e+006 30.9425
405455 7.5548e+006 30.9454
405455 7.5548e+006 30.9648
405456 7.5548e+006 30.9633
405456 7.5548e+006 30.9607
405456 7.5548e+006 30.9607
405455 7.5548e+006 30.9621
405455 7.5548e+006 30.9648
405456 7.5548e+006 31.2233
405456 7.5548e+006 31.2248
405456 7.5548e+006 31.2054
405456 7.5548e+006 31.2054
405456 7.5548e+006 31.2039
405456 7.5548e+006 31.2233
405456 7.5548e+006 31.2207
405456 7.5548e+006 31.2011
405455 7.5548e+006 31.2025
405455 7.5548e+006 31.2025
405455 7.5548e+006 31.2222
405456 7.5548e+006 31.2207
405456 7.5548e+006 31.2233
405456 7.5548e+006 31.2039
405456 7.5548e+006 31.2011
405456 7.5548e+006 31.2011
405456 7.5548e+006 31.2207
405456 7.5548e+006 31.2233
405456 7.5548e+006 31.2039
405456 7.5548e+006 31.2054
405455 7.5548e+006 31.2025
405455 7.5548e+006 31.2025
405456 7.5548e+006 31.2011
405456 7.5548e+006 31.2039
405456 7.5548e+006 31.2054
405456 7.5548e+006 31.2248
405455 7.5548e+006 31.2222
405455 7.5548e+006 31.2222
405455 7.5548e+006 31.2025
405456 7.5548e+006 31.2054
405456 7.5548e+006 31.2248
405456 7.5548e+006 31.2233
405456 7.5548e+006 31.2207
405456 7.5548e+006 31.2207
405455 7.5548e+006 31.2222
405456 7.5548e+006 31.2248
405455 7.55479e+006 31.479
405455 7.55479e+006 31.4805
405455 7.55479e+006 31.4611
405455 7.55479e+006 31.4611
405455 7.55479e+006 31.4596
405455 7.55479e+006 31.479
405456 7.55479e+006 31.4764
405456 7.55479e+006 31.4568
405455 7.55479e+006 31.4583
405455 7.55479e+006 31.4583
405455 7.55479e+006 31.4779
405456 7.55479e+006 31.4764
405455 7.55479e+006 31.479
405455 7.55479e+006 31.4596
405456 7.55479e+006 31.4568
405456 7.55479e+006 31.4568
405456 7.55479e+006 31.4764
405455 7.55479e+006 31.479
405455 7.55479e+006 31.4596
405455 7.55479e+006 31.4611
405455 7.55479e+006 31.4583
405455 7.55479e+006 31.4583
405456 7.55479e+006 31.4568
405455 7.55479e+006 31.4596
405455 7.55479e+006 31.4611
405455 7.55479e+006 31.4805
405455 7.55479e+006 31.4779
405455 7.55479e+006 31.4779
405455 7.55479e+006 31.4583
405455 7.55479e+006 31.4611
405455 7.55479e+006 31.4805
405455 7.55479e+006 31.479
405456 7.55479e+006 31.4764
405456 7.55479e+006 31.4764
405455 7.55479e+006 31.4779
405455 7.55479e+006 31.4805
405455 7.55479e+006 31.7446
405455 7.55479e+006 31.746
405455 7.55479e+006 31.7267
405455 7.55479e+006 31.7267
405455 7.55479e+006 31.7252
405455 7.55479e+006 31.7446
405455 7.55479e+006 31.7419
405455 7.55479e+006 31.7223
405455 7.55479e+006 31.7238
405455 7.55479e+006 31.7238
405455 7.55479e+006 31.7434
405455 7.55479e+006 31.7419
405455 7.55479e+006 31.7446
405455 7.55479e+006 31.7252
405455 7.55479e+006 31.7223
405455 7.55479e+006 31.7223
405455 7.55479e+006 31.7419
405455 7.55479e+006 31.7446
405455 7.55479e+006 31.7252
405455 7.55479e+006 31.7267
405455 7.55479e+006 31.7238
405455 7.55479e+006 31.7238
405455 7.55479e+006 31.7223
405455 7.55479e+006 31.7252
405455 7.55479e+006 31.7267
405455 7.55479e+006 31.746
405455 7.55479e+006 31.7434
405455 7.55479e+006 31.7434
405455 7.55479e+006 31.7238
405455 7.55479e+006 31.7267
405455 7.55479e+006 31.746
405455 7.55479e+006 31.7446
405455 7.55479e+006 31.7419
405455 7.55479e+006 31.7419
405455 7.55479e+006 31.7434
405455 7.55479e+006 31.746
405455 7.55479e+006 32.004
405454 7.55479e+006 32.0055
405454 7.55479e+006 31.9861
405454 7.55479e+006 31.9861
405455 7.55479e+006 31.9846
405455 7.55479e+006 32.004
405455 7.55479e+006 32.0014
405455 7.55479e+006 31.9818
405455 7.55479e+006 31.9833
405455 7.55479e+006 31.9833
405455 7.55479e+006 32.0029
405455 7.55479e+006 32.0014
405455 7.55479e+006 32.004
405455 7.55479e+006 31.9846
405455 7.55479e+006 31.9818
405455 7.55479e+006 31.9818
405455 7.55479e+006 32.0014
405455 7.55479e+006 32.004
405455 7.55479e+006 31.9846
405454 7.55479e+006 31.9861
405455 7.55479e+006 31.9833
405455 7.55479e+006 31.9833
405455 7.55479e+006 31.9818
405455 7.55479e+006 31.9846
405454 7.55479e+006 31.9861
405454 7.55479e+006 32.0055
405455 7.55479e+006 32.0029
405455 7.55479e+006 32.0029
405455 7.55479e+006 31.9833
405454 7.55479e+006 31.9861
405454 7.55479e+006 32.0055
405455 7.55479e+006 32.004
405455 7.55479e+006 32.0014
405455 7.55479e+006 32.0014
405455 7.55479e+006 32.0029
405454 7.55479e+006 32.0055
405455 7.55479e+006 32.2631
405454 7.55479e+006 32.2646
405454 7.55479e+006 32.2453
405454 7.55479e+006 32.2453
405455 7.55479e+006 32.2438
405455 7.55479e+006 32.2631
405455 7.55479e+006 32.2605
405455 7.55479e+006 32.2409
405454 7.55479e+006 32.2424
405454 7.55479e+006 32.2424
405454 7.55479e+006 32.262
405455 7.55479e+006 32.2605
405455 7.55479e+006 32.2631
405455 7.55479e+006 32.2438
405455 7.55479e+006 32.2409
405455 7.55479e+006 32.2409
405455 7.55479e+006 32.2605
405455 7.55479e+006 32.2631
405455 7.55479e+006 32.2438
405454 7.55479e+006 32.2453
405454 7.55479e+006 32.2424
405454 7.55479e+006 32.2424
405455 7.55479e+006 32.2409
405455 7.55479e+006 32.2438
405454 7.55479e+006 32.2453
405454 7.55479e+006 32.2646
405454 7.55479e+006 32.262
405454 7.55479e+006 32.262
405454 7.55479e+006 32.2424
405454 7.55479e+006 32.2453
405454 7.55479e+006 32.2646
405455 7.55479e+006 32.2631
405455 7.55479e+006 32.2605
405455 7.55479e+006 32.2605
405454 7.55479e+006 32.262
405454 7.55479e+006 32.2646
405455 7.55479e+006 32.5255
405454 7.55479e+006 32.527
405454 7.55479e+006 32.5076
405454 7.55479e+006 32.5076
405455 7.55479e+006 32.5061
405455 7.55479e+006 32.5255
405455 7.55479e+006 32.5229
405455 7.55479e+006 32.5033
405454 7.55479e+006 32.5048
405454 7.55479e+006 32.5048
405454 7.55479e+006 32.5244
405455 7.55479e+006 32.5229
405455 7.55479e+006 32.5255
405455 7.55479e+006 32.5061
405455 7.55479e+006 32.5033
405455 7.55479e+006 32.5033
405455 7.55479e+006 32.5229
405455 7.55479e+006 32.5255
405455 7.55479e+006 32.5061
405454 7.55479e+006 32.5076
405454 7.55479e+006 32.5048
405454 7.55479e+006 32.5048
405455 7.55479e+006 32.5033
405455 7.55479e+006 32.5061
405454 7.55479e+006 32.5076
405454 7.55479e+006 32.527
405454 7.55479e+006 32.5244
405454 7.55479e+006 32.5244
405454 7.55479e+006 32.5048
405454 7.55479e+006 32.5076
405454 7.55479e+006 32.527
405455 7.55479e+006 32.5255
405455 7.55479e+006 32.5229
405455 7.55479e+006 32.5229
405454 7.55479e+006 32.5244
405454 7.55479e+006 32.527
405454 7.55479e+006 32.7855
405454 7.55479e+006 32.787
405454 7.55479e+006 32.7677
405454 7.55479e+006 32.7677
405454 7.55479e+006 32.7662
405454 7.55479e+006 32.7855
405454 7.55479e+006 32.7829
405454 7.55479e+006 32.7633
405454 7.55479e+006 32.7648
405454 7.55479e+006 32.7648
405454 7.55479e+006 32.7844
405454 7.55479e+006 32.7829
405454 7.55479e+006 32.7855
405454 7.55479e+006 32.7662
405454 7.55479e+006 32.7633
405454 7.55479e+006 32.7633
405454 7.55479e+006 32.7829
405454 7.55479e+006 32.7855
405454 7.55479e+006 32.7662
405454 7.55479e+006 32.7677
405454 7.55479e+006 32.7648
405454 7.55479e+006 32.7648
405454 7.55479e+006 32.7633
405454 7.55479e+006 32.7662
405454 7.55479e+006 32.7677
405454 7.55479e+006 32.787
405454 7.55479e+006 32.7844
405454 7.55479e+006 32.7844
405454 7.55479e+006 32.7648
405454 7.55479e+006 32.7677
405454 7.55479e+006 32.787
405454 7.55479e+006 32.7855
405454 7.55479e+006 32.7829
405454 7.55479e+006 32.7829
405454 7.55479e+006 32.7844
405454 7.55479e+006 32.787
405452 7.55479e+006 33.1006
405452 7.55479e+006 33.1021
405452 7.55479e+006 33.0827
405452 7.55479e+006 33.0827
405452 7.55479e+006 33.0812
405452 7.55479e+006 33.1006
405452 7.55479e+006 33.098
405452 7.55479e+006 33.0783
405452 7.55479e+006 33.0798
405452 7.55479e+006 33.0798
405452 7.55479e+006 33.0994
405452 7.55479e+006 33.098
405452 7.55479e+006 33.1006
405452 7.55479e+006 33.0812
405452 7.55479e+006 33.0783
405452 7.55479e+006 33.0783
405452 7.55479e+006 33.098
405452 7.55479e+006 33.1006
405452 7.55479e+006 33.0812
405452 7.55479e+006 33.0827
405452 7.55479e+006 33.0798
405452 7.55479e+006 33.0798
405452 7.55479e+006 33.0783
405452 7.55479e+006 33.0812
405452 7.55479e+006 33.0827
405452 7.55479e+006 33.1021
405452 7.55479e+006 33.0994
405452 7.55479e+006 33.0994
405452 7.55479e+006 33.0798
405452 7.55479e+006 33.0827
405452 7.55479e+006 33.1021
405452 7.55479e+006 33.1006
405452 7.55479e+006 33.098
405452 7.55479e+006 33.098
405452 7.55479e+006 33.0994
405452 7.55479e+006 33.1021
405451 7.55479e+006 33.3661
405452 7.55479e+006 33.3676
405452 7.55479e+006 33.3482
405452 7.55479e+006 33.3482
405451 7.55479e+006 33.3467
405451 7.55479e+006 33.3661
405451 7.55479e+006 33.3635
405451 7.55479e+006 33.3439
405452 7.55479e+006 33.3454
405452 7.55479e+006 33.3454
405452 7.55479e+006 33.365
405451 7.55479e+006 33.3635
405451 7.55479e+006 33.3661
405451 7.55479e+006 33.3467
405451 7.55479e+006 33.3439
405451 7.55479e+006 33.3439
405451 7.55479e+006 33.3635
405451 7.55479e+006 33.3661
405451 7.55479e+006 33.3467
405452 7.55479e+006 33.3482
405452 7.55479e+006 33.3454
405452 7.55479e+006 33.3454
405451 7.55479e+006 33.3439
405451 7.55479e+006 33.3467
405452 7.55479e+006 33.3482
405452 7.55479e+006 33.3676
405452 7.55479e+006 33.365
405452 7.55479e+006 33.365
405452 7.55479e+006 33.3454
405452 7.55479e+006 33.3482
405452 7.55479e+006 33.3676
405451 7.55479e+006 33.3661
405451 7.55479e+006 33.3635
405451 7.55479e+006 33.3635
405452 7.55479e+006 33.365
405452 7.55479e+006 33.3676
405451 7.55479e+006 33.6256
405452 7.55479e+006 33.6271
405452 7.55479e+006 33.6077
405452 7.55479e+006 33.6077
405451 7.55479e+006 33.6062
405451 7.55479e+006 33.6256
405451 7.55479e+006 33.623
405451 7.55479e+006 33.6033
405452 7.55479e+006 33.6048
405452 7.55479e+006 33.6048
405452 7.55479e+006 33.6245
405451 7.55479e+006 33.623
405451 7.55479e+006 33.6256
405451 7.55479e+006 33.6062
405451 7.55479e+006 33.6033
405451 7.55479e+006 33.6033
405451 7.55479e+006 33.623
405451 7.55479e+006 33.6256
405451 7.55479e+006 33.6062
405452 7.55479e+006 33.6077
405452 7.55479e+006 33.6048
405452 7.55479e+006 33.6048
405451 7.55479e+006 33.6033
405451 7.55479e+006 33.6062
405452 7.55479e+006 33.6077
405452 7.55479e+006 33.6271
405452 7.55479e+006 33.6245
405452 7.55479e+006 33.6245
405452 7.55479e+006 33.6048
405452 7.55479e+006 33.6077
405452 7.55479e+006 33.6271
405451 7.55479e+006 33.6256
405451 7.55479e+006 33.623
405451 7.55479e+006 33.623
405452 7.55479e+006 33.6245
405452 7.55479e+006 33.6271
405451 7.55479e+006 33.8847
405452 7.55479e+006 33.8862
405452 7.55479e+006 33.8668
405452 7.55479e+006 33.8668
405451 7.55479e+006 33.8653
405451 7.55479e+006 33.8847
405451 7.55479e+006 33.8821
405451 7.55479e+006 33.8625
405452 7.55479e+006 33.864
405452 7.55479e+006 33.864
405452 7.55479e+006 33.8836
405451 7.55479e+006 33.8821
405451 7.55479e+006 33.8847
405451 7.55479e+006 33.8653
405451 7.55479e+006 33.8625
405451 7.55479e+006 33.8625
405451 7.55479e+006 33.8821
405451 7.55479e+006 33.8847
405451 7.55479e+006 33.8653
405452 7.55479e+006 33.8668
405452 7.55479e+006 33.864
405452 7.55479e+006 33.864
405451 7.55479e+006 33.8625
405451 7.55479e+006 33.8653
405452 7.55479e+006 33.8668
405452 7.55479e+006 33.8862
405452 7.55479e+006 33.8836
405452 7.55479e+006 33.8836
405452 7.55479e+006 33.864
405452 7.55479e+006 33.8668
405452 7.55479e+006 33.8862
405451 7.55479e+006 33.8847
405451 7.55479e+006 33.8821
405451 7.55479e+006 33.8821
405452 7.55479e+006 33.8836
405452 7.55479e+006 33.8862
405451 7.55479e+006 34.1471
405452 7.55479e+006 34.1486
405452 7.55479e+006 34.1292
405452 7.55479e+006 34.1292
405451 7.55479e+006 34.1277
405451 7.55479e+006 34.1471
405451 7.55479e+006 34.1445
405451 7.55479e+006 34.1249
405452 7.55479e+006 34.1263
405452 7.55479e+006 34.1263
405452 7.55479e+006 34.146
405451 7.55479e+006 34.1445
405451 7.55479e+006 34.1471
405451 7.55479e+006 34.1277
405451 7.55479e+006 34.1249
405451 7.55479e+006 34.1249
405451 7.55479e+006 34.1445
405451 7.55479e+006 34.1471
405451 7.55479e+006 34.1277
405452 7.55479e+006 34.1292
405452 7.55479e+006 34.1263
405452 7.55479e+006 34.1263
405451 7.55479e+006 34.1249
405451 7.55479e+006 34.1277
405452 7.55479e+006 34.1292
405452 7.55479e+006 34.1486
405452 7.55479e+006 34.146
405452 7.55479e+006 34.146
405452 7.55479e+006 34.1263
405452 7.55479e+006 34.1292
405452 7.55479e+006 34.1486
405451 7.55479e+006 34.1471
405451 7.55479e+006 34.1445
405451 7.55479e+006 34.1445
405452 7.55479e+006 34.146
405452 7.55479e+006 34.1486
405451 7.55479e+006 34.4071
405451 7.5548e+006 34.4086
405451 7.5548e+006 34.3892
405451 7.5548e+006 34.3892
405451 7.55479e+006 34.3877
405451 7.55479e+006 34.4071
405451 7.55479e+006 34.4045
405451 7.55479e+006 34.3849
405452 7.55479e+006 34.3864
405452 7.55479e+006 34.3864
405452 7.55479e+006 34.406
405451 7.55479e+006 34.4045
405451 7.55479e+006 34.4071
405451 7.55479e+006 34.3877
405451 7.55479e+006 34.3849
405451 7.55479e+006 34.3849
405451 7.55479e+006 34.4045
405451 7.55479e+006 34.4071
405451 7.55479e+006 34.3877
405451 7.5548e+006 34.3892
405452 7.55479e+006 34.3864
405452 7.55479e+006 34.3864
405451 7.55479e+006 34.3849
405451 7.55479e+006 34.3877
405451 7.5548e+006 34.3892
405451 7.5548e+006 34.4086
405452 7.55479e+006 34.406
405452 7.55479e+006 34.406
405452 7.55479e+006 34.3864
405451 7.5548e+006 34.3892
405451 7.5548e+006 34.4086
405451 7.55479e+006 34.4071
405451 7.55479e+006 34.4045
405451 7.55479e+006 34.4045
405452 7.55479e+006 34.406
405451 7.5548e+006 34.4086
405455 7.55479e+006 41.0044
405452 7.55478e+006 43.7762
405452 7.55478e+006 43.7762
405452 7.55478e+006 43.7762
405455 7.55479e+006 41.0044
405455 7.55479e+006 41.0044
405445 7.55475e+006 52.9981
405444 7.55475e+006 52.9981
405444 7.55475e+006 53.2888
405444 7.55475e+006 53.2888
405445 7.55475e+006 53.2888
405446 7.55475e+006 52.9981
405445 7.55475e+006 52.9981
405444 7.55475e+006 53.2888
405446 7.55475e+006 52.9981
405445 7.55475e+006 52.9981
405446 7.55475e+006 52.9981
405446 7.55475e+006 52.3167
405446 7.55475e+006 52.3167
405445 7.55475e+006 52.3167
405445 7.55475e+006 52.9981
405447 7.55476e+006 51.2028
405445 7.55475e+006 52.3167
405446 7.55475e+006 52.3167
405448 7.55476e+006 49.6628
405447 7.55476e+006 51.2028
405446 7.55475e+006 52.3167
405446 7.55475e+006 52.3167
405447 7.55476e+006 51.2028
405449 7.55476e+006 49.6628
405448 7.55476e+006 49.6628
405446 7.55475e+006 52.3167
405449 7.55476e+006 49.6628
405448 7.55476e+006 49.6628
405449 7.55476e+006 49.6628
405452 7.55478e+006 43.7762
405452 7.55478e+006 43.7762
405452 7.55478e+006 43.7762
405448 7.55476e+006 49.6628
405457 7.5548e+006 31.3776
405456 7.5548e+006 31.3776
405455 7.5548e+006 31.3776
405455 7.5548e+006 31.3776
405455 7.55479e+006 31.3776
405457 7.5548e+006 31.3776
405455 7.55479e+006 31.3776
405455 7.55479e+006 31.3776
405456 7.55479e+006 31.3776
405456 7.55479e+006 31.3776
405457 7.5548e+006 31.3776
405455 7.55479e+006 31.3776
405455 7.55479e+006 31.3776
405456 7.55479e+006 31.3776
405456 7.55479e+006 31.3776
405456 7.55479e+006 31.3776
405455 7.55479e+006 31.3776
405455 7.55479e+006 31.3776
