405412 7.55479e+006 21.7312
405412 7.55479e+006 21.5812
405411 7.55479e+006 21.5811
405411 7.55479e+006 21.5811
405411 7.55479e+006 21.7311
405412 7.55479e+006 21.7312
405416 7.55479e+006 21.5851
405416 7.55479e+006 21.7351
405415 7.55479e+006 21.735
405415 7.55479e+006 21.735
405415 7.55479e+006 21.585
405416 7.55479e+006 21.5851
405412 7.55479e+006 21.5812
405416 7.55479e+006 21.5851
405415 7.55479e+006 21.585
405415 7.55479e+006 21.585
405411 7.55479e+006 21.5811
405412 7.55479e+006 21.5812
405412 7.55479e+006 21.7312
405416 7.55479e+006 21.7351
405416 7.55479e+006 21.5851
405416 7.55479e+006 21.5851
405412 7.55479e+006 21.5812
405412 7.55479e+006 21.7312
405411 7.55479e+006 21.7311
405415 7.55479e+006 21.735
405416 7.55479e+006 21.7351
405416 7.55479e+006 21.7351
405412 7.55479e+006 21.7312
405411 7.55479e+006 21.7311
405411 7.55479e+006 21.5811
405415 7.55479e+006 21.585
405415 7.55479e+006 21.735
405415 7.55479e+006 21.735
405411 7.55479e+006 21.7311
405411 7.55479e+006 21.5811
