400542 7.55245e+006 21.2261
400542 7.55244e+006 21.2261
400536 7.55244e+006 21.2261
400536 7.55244e+006 21.2261
400536 7.55245e+006 21.2261
400542 7.55245e+006 21.2261
400542 7.55245e+006 23.659
400536 7.55245e+006 23.659
400536 7.55244e+006 23.659
400536 7.55244e+006 23.659
400542 7.55244e+006 23.659
400542 7.55245e+006 23.659
400542 7.55244e+006 23.659
400536 7.55244e+006 23.659
400536 7.55244e+006 21.2261
400536 7.55244e+006 21.2261
400542 7.55244e+006 21.2261
400542 7.55244e+006 23.659
400542 7.55245e+006 23.659
400542 7.55244e+006 23.659
400542 7.55244e+006 21.2261
400542 7.55244e+006 21.2261
400542 7.55245e+006 21.2261
400542 7.55245e+006 23.659
400536 7.55245e+006 23.659
400542 7.55245e+006 23.659
400542 7.55245e+006 21.2261
400542 7.55245e+006 21.2261
400536 7.55245e+006 21.2261
400536 7.55245e+006 23.659
400536 7.55244e+006 23.659
400536 7.55245e+006 23.659
400536 7.55245e+006 21.2261
400536 7.55245e+006 21.2261
400536 7.55244e+006 21.2261
400536 7.55244e+006 23.659
