405396 7.55481e+006 19.9107
405398 7.55481e+006 19.9107
405396 7.5548e+006 19.9107
405396 7.5548e+006 19.9107
405394 7.5548e+006 19.9107
405396 7.55481e+006 19.9107
405396 7.55481e+006 22.3436
405394 7.5548e+006 22.3436
405396 7.5548e+006 22.3436
405396 7.5548e+006 22.3436
405398 7.55481e+006 22.3436
405396 7.55481e+006 22.3436
405396 7.55481e+006 19.9107
405394 7.5548e+006 19.9107
405394 7.5548e+006 22.3436
405394 7.5548e+006 22.3436
405396 7.55481e+006 22.3436
405396 7.55481e+006 19.9107
405394 7.5548e+006 19.9107
405396 7.5548e+006 19.9107
405396 7.5548e+006 22.3436
405396 7.5548e+006 22.3436
405394 7.5548e+006 22.3436
405394 7.5548e+006 19.9107
405396 7.5548e+006 19.9107
405398 7.55481e+006 19.9107
405398 7.55481e+006 22.3436
405398 7.55481e+006 22.3436
405396 7.5548e+006 22.3436
405396 7.5548e+006 19.9107
405398 7.55481e+006 19.9107
405396 7.55481e+006 19.9107
405396 7.55481e+006 22.3436
405396 7.55481e+006 22.3436
405398 7.55481e+006 22.3436
405398 7.55481e+006 19.9107
