405446 7.55484e+006 25.5595
405446 7.55484e+006 26.3703
405446 7.55484e+006 25.5595
405442 7.55484e+006 25.5595
405441 7.55484e+006 25.5595
405441 7.55484e+006 26.3703
405446 7.55484e+006 25.5595
405446 7.55484e+006 25.5595
405441 7.55484e+006 25.5595
405441 7.55484e+006 25.5595
405442 7.55484e+006 25.5595
405446 7.55484e+006 25.5595
405440 7.55483e+006 19.7483
405440 7.55483e+006 23.1343
405442 7.55484e+006 23.1343
405442 7.55484e+006 23.1343
405442 7.55484e+006 19.7483
405440 7.55483e+006 19.7483
405436 7.55482e+006 19.7483
405439 7.55482e+006 19.7483
405439 7.55482e+006 23.1343
405439 7.55482e+006 23.1343
405436 7.55482e+006 23.1343
405436 7.55482e+006 19.7483
405443 7.55483e+006 19.7483
405443 7.55483e+006 23.1343
405439 7.55482e+006 23.1343
405439 7.55482e+006 23.1343
405439 7.55482e+006 19.7483
405443 7.55483e+006 19.7483
405445 7.55484e+006 19.7483
405442 7.55484e+006 19.7483
405442 7.55484e+006 23.1343
405442 7.55484e+006 23.1343
405445 7.55484e+006 23.1343
405445 7.55484e+006 19.7483
405436 7.55482e+006 23.1343
405439 7.55482e+006 23.1343
405443 7.55483e+006 23.1343
405443 7.55483e+006 23.1343
405440 7.55483e+006 23.1343
405436 7.55482e+006 23.1343
405436 7.55482e+006 19.7483
405436 7.55482e+006 23.1343
405440 7.55483e+006 23.1343
405440 7.55483e+006 23.1343
405440 7.55483e+006 19.7483
405436 7.55482e+006 19.7483
405445 7.55484e+006 19.7483
405445 7.55484e+006 23.1343
405443 7.55483e+006 23.1343
405443 7.55483e+006 23.1343
405443 7.55483e+006 19.7483
405445 7.55484e+006 19.7483
405441 7.55484e+006 28.8073
405441 7.55484e+006 25.5529
405440 7.55483e+006 25.5529
405440 7.55483e+006 28.8073
405441 7.55484e+006 28.8073
405440 7.55483e+006 25.5529
405440 7.55483e+006 27.8384
405440 7.55483e+006 28.8073
405440 7.55483e+006 25.5529
405440 7.55483e+006 27.8384
405440 7.55483e+006 25.5529
405439 7.55483e+006 25.5529
405444 7.55483e+006 27.8384
405444 7.55483e+006 25.5529
405444 7.55483e+006 25.5529
405444 7.55483e+006 28.8073
405444 7.55483e+006 27.8384
405444 7.55483e+006 25.5529
405444 7.55483e+006 28.8073
405444 7.55483e+006 25.5529
405446 7.55484e+006 25.5529
405444 7.55483e+006 28.8073
405446 7.55484e+006 25.5529
405446 7.55484e+006 28.8073
405440 7.55483e+006 28.8073
405440 7.55483e+006 27.8384
405444 7.55483e+006 27.8384
405444 7.55483e+006 27.8384
405444 7.55483e+006 28.8073
405440 7.55483e+006 28.8073
405441 7.55484e+006 28.9083
405441 7.55484e+006 28.9083
405441 7.55484e+006 25.4457
405441 7.55484e+006 25.4457
405441 7.55484e+006 25.4457
405441 7.55484e+006 28.9083
405446 7.55484e+006 25.4457
405446 7.55484e+006 25.4457
405446 7.55484e+006 28.9225
405446 7.55484e+006 28.9225
405446 7.55484e+006 28.9225
405446 7.55484e+006 25.4457
405446 7.55484e+006 28.9225
405446 7.55484e+006 28.9225
405441 7.55484e+006 28.9083
405441 7.55484e+006 28.9083
405441 7.55484e+006 28.9083
405446 7.55484e+006 28.9225
405441 7.55484e+006 25.4457
405446 7.55484e+006 25.4457
405446 7.55484e+006 25.4457
405446 7.55484e+006 25.4457
405441 7.55484e+006 25.4457
405441 7.55484e+006 25.4457
405441 7.55484e+006 28.8073
405440 7.55483e+006 28.8073
405444 7.55483e+006 28.8073
405444 7.55483e+006 28.8073
405446 7.55484e+006 28.8073
405441 7.55484e+006 28.8073
405441 7.55484e+006 25.4457
405441 7.55484e+006 28.9083
405446 7.55484e+006 28.9225
405446 7.55484e+006 28.9225
405446 7.55484e+006 25.4457
405441 7.55484e+006 25.4457
405441 7.55484e+006 25.5529
405441 7.55484e+006 28.8073
405441 7.55484e+006 28.9083
405441 7.55484e+006 28.9083
405441 7.55484e+006 25.4457
405441 7.55484e+006 25.5529
405441 7.55484e+006 28.8073
405446 7.55484e+006 28.8073
405446 7.55484e+006 28.9225
405446 7.55484e+006 28.9225
405441 7.55484e+006 28.9083
405441 7.55484e+006 28.8073
405446 7.55484e+006 28.8073
405446 7.55484e+006 25.5529
405446 7.55484e+006 25.4457
405446 7.55484e+006 25.4457
405446 7.55484e+006 28.9225
405446 7.55484e+006 28.8073
405446 7.55484e+006 25.5529
405441 7.55484e+006 25.5529
405441 7.55484e+006 25.4457
405441 7.55484e+006 25.4457
405446 7.55484e+006 25.4457
405446 7.55484e+006 25.5529
405446 7.55484e+006 28.0476
405446 7.55484e+006 28.8584
405446 7.55484e+006 28.0476
405442 7.55484e+006 28.0476
405441 7.55484e+006 28.0476
405441 7.55484e+006 28.8584
405446 7.55484e+006 28.0476
405446 7.55484e+006 28.0476
405441 7.55484e+006 28.0476
405441 7.55484e+006 28.0476
405442 7.55484e+006 28.0476
405446 7.55484e+006 28.0476
405446 7.55484e+006 26.383
405446 7.55484e+006 27.1938
405446 7.55484e+006 26.383
405442 7.55484e+006 26.383
405441 7.55484e+006 26.383
405441 7.55484e+006 27.1938
405446 7.55484e+006 26.383
405446 7.55484e+006 26.383
405441 7.55484e+006 26.383
405441 7.55484e+006 26.383
405442 7.55484e+006 26.383
405446 7.55484e+006 26.383
405446 7.55484e+006 27.2247
405446 7.55484e+006 28.0355
405446 7.55484e+006 27.2247
405442 7.55484e+006 27.2247
405441 7.55484e+006 27.2247
405441 7.55484e+006 28.0355
405446 7.55484e+006 27.2247
405446 7.55484e+006 27.2247
405441 7.55484e+006 27.2247
405441 7.55484e+006 27.2247
405442 7.55484e+006 27.2247
405446 7.55484e+006 27.2247
405440 7.55483e+006 25.5529
405444 7.55483e+006 25.5529
405444 7.55483e+006 25.5529
405444 7.55483e+006 25.5529
405439 7.55483e+006 25.5529
405440 7.55483e+006 25.5529
405440 7.55483e+006 23.1343
405443 7.55483e+006 23.1343
405444 7.55483e+006 25.5529
405444 7.55483e+006 25.5529
405440 7.55483e+006 25.5529
405440 7.55483e+006 23.1343
405443 7.55483e+006 23.1343
405445 7.55484e+006 23.1343
405446 7.55484e+006 25.5529
405446 7.55484e+006 25.5529
405444 7.55483e+006 25.5529
405443 7.55483e+006 23.1343
405445 7.55484e+006 23.1343
405442 7.55484e+006 23.1343
405441 7.55484e+006 25.5529
405441 7.55484e+006 25.5529
405446 7.55484e+006 25.5529
405445 7.55484e+006 23.1343
405442 7.55484e+006 23.1343
405440 7.55483e+006 23.1343
405440 7.55483e+006 25.5529
405440 7.55483e+006 25.5529
405441 7.55484e+006 25.5529
405442 7.55484e+006 23.1343
405441 7.55483e+006 24.0199
405440 7.55483e+006 24.0199
405440 7.55483e+006 24.0199
405440 7.55483e+006 24.0199
405441 7.55483e+006 24.0199
405441 7.55483e+006 24.0199
405441 7.55483e+006 24.6199
405441 7.55483e+006 24.6199
405440 7.55483e+006 24.6199
405440 7.55483e+006 24.6199
405440 7.55483e+006 24.6199
405441 7.55483e+006 24.6199
405440 7.55483e+006 24.6199
405440 7.55483e+006 24.6199
405440 7.55483e+006 24.0199
405440 7.55483e+006 24.0199
405440 7.55483e+006 24.0199
405440 7.55483e+006 24.6199
405441 7.55483e+006 24.6199
405440 7.55483e+006 24.6199
405440 7.55483e+006 24.0199
405440 7.55483e+006 24.0199
405441 7.55483e+006 24.0199
405441 7.55483e+006 24.6199
405441 7.55483e+006 24.6199
405441 7.55483e+006 24.6199
405441 7.55483e+006 24.0199
405441 7.55483e+006 24.0199
405441 7.55483e+006 24.0199
405441 7.55483e+006 24.6199
405440 7.55483e+006 24.6199
405441 7.55483e+006 24.6199
405441 7.55483e+006 24.0199
405441 7.55483e+006 24.0199
405440 7.55483e+006 24.0199
405440 7.55483e+006 24.6199
405443 7.55483e+006 24.0199
405443 7.55483e+006 24.0199
405443 7.55483e+006 24.0199
405443 7.55483e+006 24.0199
405443 7.55483e+006 24.0199
405443 7.55483e+006 24.0199
405443 7.55483e+006 24.6199
405443 7.55483e+006 24.6199
405443 7.55483e+006 24.6199
405443 7.55483e+006 24.6199
405443 7.55483e+006 24.6199
405443 7.55483e+006 24.6199
405443 7.55483e+006 24.6199
405443 7.55483e+006 24.6199
405443 7.55483e+006 24.0199
405443 7.55483e+006 24.0199
405443 7.55483e+006 24.0199
405443 7.55483e+006 24.6199
405443 7.55483e+006 24.6199
405443 7.55483e+006 24.6199
405443 7.55483e+006 24.0199
405443 7.55483e+006 24.0199
405443 7.55483e+006 24.0199
405443 7.55483e+006 24.6199
405443 7.55483e+006 24.6199
405443 7.55483e+006 24.6199
405443 7.55483e+006 24.0199
405443 7.55483e+006 24.0199
405443 7.55483e+006 24.0199
405443 7.55483e+006 24.6199
405443 7.55483e+006 24.6199
405443 7.55483e+006 24.6199
405443 7.55483e+006 24.0199
405443 7.55483e+006 24.0199
405443 7.55483e+006 24.0199
405443 7.55483e+006 24.6199
405447 7.55484e+006 25.165
405444 7.55483e+006 25.165
405439 7.55483e+006 25.165
405439 7.55483e+006 25.165
405441 7.55484e+006 25.165
405447 7.55484e+006 25.165
405441 7.55484e+006 25.165
405439 7.55483e+006 25.165
405439 7.55483e+006 25.471
405439 7.55483e+006 25.471
405441 7.55484e+006 25.471
405441 7.55484e+006 25.165
405444 7.55483e+006 25.165
405447 7.55484e+006 25.165
405447 7.55484e+006 25.471
405447 7.55484e+006 25.471
405444 7.55483e+006 25.471
405444 7.55483e+006 25.165
405441 7.55484e+006 25.471
405447 7.55484e+006 25.471
405447 7.55484e+006 25.165
405447 7.55484e+006 25.165
405441 7.55484e+006 25.165
405441 7.55484e+006 25.471
405444 7.55483e+006 25.471
405439 7.55483e+006 25.471
405439 7.55483e+006 25.165
405439 7.55483e+006 25.165
405444 7.55483e+006 25.165
405444 7.55483e+006 25.471
405443 7.55484e+006 25.3409
405443 7.55484e+006 25.3409
405443 7.55484e+006 25.1877
405443 7.55484e+006 25.1877
405443 7.55484e+006 25.1877
405443 7.55484e+006 25.3409
405442 7.55484e+006 23.3537
405442 7.55484e+006 23.2005
405442 7.55484e+006 23.2005
405442 7.55484e+006 23.2005
405442 7.55484e+006 23.3537
405442 7.55484e+006 23.3537
405443 7.55484e+006 25.3409
405442 7.55484e+006 23.3537
405442 7.55484e+006 23.3537
405442 7.55484e+006 23.3537
405443 7.55484e+006 25.3409
405443 7.55484e+006 25.3409
405443 7.55484e+006 25.3409
405442 7.55484e+006 23.3537
405442 7.55484e+006 23.2005
405442 7.55484e+006 23.2005
405443 7.55484e+006 25.1877
405443 7.55484e+006 25.3409
405443 7.55484e+006 25.1877
405442 7.55484e+006 23.2005
405442 7.55484e+006 23.2005
405442 7.55484e+006 23.2005
405443 7.55484e+006 25.1877
405443 7.55484e+006 25.1877
405443 7.55484e+006 25.1877
405442 7.55484e+006 23.2005
405442 7.55484e+006 23.3537
405442 7.55484e+006 23.3537
405443 7.55484e+006 25.3409
405443 7.55484e+006 25.1877
405445 7.55484e+006 25.3409
405445 7.55484e+006 25.3409
405445 7.55484e+006 25.1877
405445 7.55484e+006 25.1877
405445 7.55484e+006 25.1877
405445 7.55484e+006 25.3409
405444 7.55484e+006 23.3537
405444 7.55484e+006 23.2005
405444 7.55484e+006 23.2005
405444 7.55484e+006 23.2005
405444 7.55484e+006 23.3537
405444 7.55484e+006 23.3537
405445 7.55484e+006 25.3409
405444 7.55484e+006 23.3537
405444 7.55484e+006 23.3537
405444 7.55484e+006 23.3537
405445 7.55484e+006 25.3409
405445 7.55484e+006 25.3409
405445 7.55484e+006 25.3409
405444 7.55484e+006 23.3537
405444 7.55484e+006 23.2005
405444 7.55484e+006 23.2005
405445 7.55484e+006 25.1877
405445 7.55484e+006 25.3409
405445 7.55484e+006 25.1877
405444 7.55484e+006 23.2005
405444 7.55484e+006 23.2005
405444 7.55484e+006 23.2005
405445 7.55484e+006 25.1877
405445 7.55484e+006 25.1877
405445 7.55484e+006 25.1877
405444 7.55484e+006 23.2005
405444 7.55484e+006 23.3537
405444 7.55484e+006 23.3537
405445 7.55484e+006 25.3409
405445 7.55484e+006 25.1877
405439 7.55483e+006 25.3409
405439 7.55483e+006 25.3409
405439 7.55483e+006 25.1877
405439 7.55483e+006 25.1877
405439 7.55483e+006 25.1877
405439 7.55483e+006 25.3409
405441 7.55483e+006 23.3537
405441 7.55483e+006 23.2005
405441 7.55483e+006 23.2005
405441 7.55483e+006 23.2005
405441 7.55483e+006 23.3537
405441 7.55483e+006 23.3537
405439 7.55483e+006 25.3409
405441 7.55483e+006 23.3537
405441 7.55483e+006 23.3537
405441 7.55483e+006 23.3537
405439 7.55483e+006 25.3409
405439 7.55483e+006 25.3409
405439 7.55483e+006 25.3409
405441 7.55483e+006 23.3537
405441 7.55483e+006 23.2005
405441 7.55483e+006 23.2005
405439 7.55483e+006 25.1877
405439 7.55483e+006 25.3409
405439 7.55483e+006 25.1877
405441 7.55483e+006 23.2005
405441 7.55483e+006 23.2005
405441 7.55483e+006 23.2005
405439 7.55483e+006 25.1877
405439 7.55483e+006 25.1877
405439 7.55483e+006 25.1877
405441 7.55483e+006 23.2005
405441 7.55483e+006 23.3537
405441 7.55483e+006 23.3537
405439 7.55483e+006 25.3409
405439 7.55483e+006 25.1877
405440 7.55484e+006 25.3409
405440 7.55484e+006 25.3409
405440 7.55484e+006 25.1877
405440 7.55484e+006 25.1877
405440 7.55484e+006 25.1877
405440 7.55484e+006 25.3409
405442 7.55484e+006 23.3537
405442 7.55484e+006 23.2005
405442 7.55484e+006 23.2005
405442 7.55484e+006 23.2005
405443 7.55484e+006 23.3537
405442 7.55484e+006 23.3537
405440 7.55484e+006 25.3409
405442 7.55484e+006 23.3537
405443 7.55484e+006 23.3537
405443 7.55484e+006 23.3537
405440 7.55484e+006 25.3409
405440 7.55484e+006 25.3409
405440 7.55484e+006 25.3409
405443 7.55484e+006 23.3537
405442 7.55484e+006 23.2005
405442 7.55484e+006 23.2005
405440 7.55484e+006 25.1877
405440 7.55484e+006 25.3409
405440 7.55484e+006 25.1877
405442 7.55484e+006 23.2005
405442 7.55484e+006 23.2005
405442 7.55484e+006 23.2005
405440 7.55484e+006 25.1877
405440 7.55484e+006 25.1877
405440 7.55484e+006 25.1877
405442 7.55484e+006 23.2005
405442 7.55484e+006 23.3537
405442 7.55484e+006 23.3537
405440 7.55484e+006 25.3409
405440 7.55484e+006 25.1877
405445 7.55483e+006 25.3409
405445 7.55483e+006 25.1877
405445 7.55483e+006 25.1877
405445 7.55483e+006 25.1877
405445 7.55483e+006 25.3409
405445 7.55483e+006 25.3409
405443 7.55483e+006 23.3537
405443 7.55483e+006 23.3537
405443 7.55483e+006 23.2005
405443 7.55483e+006 23.2005
405443 7.55483e+006 23.2005
405443 7.55483e+006 23.3537
405445 7.55483e+006 25.3409
405445 7.55483e+006 25.3409
405443 7.55483e+006 23.3537
405443 7.55483e+006 23.3537
405443 7.55483e+006 23.3537
405445 7.55483e+006 25.3409
405445 7.55483e+006 25.3409
405445 7.55483e+006 25.1877
405443 7.55483e+006 23.2005
405443 7.55483e+006 23.2005
405443 7.55483e+006 23.3537
405445 7.55483e+006 25.3409
405445 7.55483e+006 25.1877
405445 7.55483e+006 25.1877
405443 7.55483e+006 23.2005
405443 7.55483e+006 23.2005
405443 7.55483e+006 23.2005
405445 7.55483e+006 25.1877
405445 7.55483e+006 25.1877
405445 7.55483e+006 25.3409
405443 7.55483e+006 23.3537
405443 7.55483e+006 23.3537
405443 7.55483e+006 23.2005
405445 7.55483e+006 25.1877
405446 7.55483e+006 25.3409
405446 7.55483e+006 25.1877
405446 7.55483e+006 25.1877
405446 7.55483e+006 25.1877
405446 7.55483e+006 25.3409
405446 7.55483e+006 25.3409
405444 7.55483e+006 23.3537
405444 7.55484e+006 23.3537
405444 7.55484e+006 23.2005
405444 7.55484e+006 23.2005
405444 7.55483e+006 23.2005
405444 7.55483e+006 23.3537
405446 7.55483e+006 25.3409
405446 7.55483e+006 25.3409
405444 7.55484e+006 23.3537
405444 7.55484e+006 23.3537
405444 7.55483e+006 23.3537
405446 7.55483e+006 25.3409
405446 7.55483e+006 25.3409
405446 7.55483e+006 25.1877
405444 7.55484e+006 23.2005
405444 7.55484e+006 23.2005
405444 7.55484e+006 23.3537
405446 7.55483e+006 25.3409
405446 7.55483e+006 25.1877
405446 7.55483e+006 25.1877
405444 7.55483e+006 23.2005
405444 7.55483e+006 23.2005
405444 7.55484e+006 23.2005
405446 7.55483e+006 25.1877
405446 7.55483e+006 25.1877
405446 7.55483e+006 25.3409
405444 7.55483e+006 23.3537
405444 7.55483e+006 23.3537
405444 7.55483e+006 23.2005
405446 7.55483e+006 25.1877
405444 7.55483e+006 27.8384
405440 7.55483e+006 27.8384
405439 7.55483e+006 25.5529
405439 7.55483e+006 25.5529
405444 7.55483e+006 25.5529
405444 7.55483e+006 27.8384
