405433 7.55481e+006 19.9107
405434 7.55481e+006 19.9107
405439 7.55481e+006 19.9107
405439 7.55481e+006 19.9107
405438 7.55481e+006 19.9107
405433 7.55481e+006 19.9107
405433 7.55481e+006 22.3436
405438 7.55481e+006 22.3436
405439 7.55481e+006 22.3436
405439 7.55481e+006 22.3436
405434 7.55481e+006 22.3436
405433 7.55481e+006 22.3436
405433 7.55481e+006 19.9107
405438 7.55481e+006 19.9107
405438 7.55481e+006 22.3436
405438 7.55481e+006 22.3436
405433 7.55481e+006 22.3436
405433 7.55481e+006 19.9107
405438 7.55481e+006 19.9107
405439 7.55481e+006 19.9107
405439 7.55481e+006 22.3436
405439 7.55481e+006 22.3436
405438 7.55481e+006 22.3436
405438 7.55481e+006 19.9107
405439 7.55481e+006 19.9107
405434 7.55481e+006 19.9107
405434 7.55481e+006 22.3436
405434 7.55481e+006 22.3436
405439 7.55481e+006 22.3436
405439 7.55481e+006 19.9107
405434 7.55481e+006 19.9107
405433 7.55481e+006 19.9107
405433 7.55481e+006 22.3436
405433 7.55481e+006 22.3436
405434 7.55481e+006 22.3436
405434 7.55481e+006 19.9107
