405421 7.55479e+006 25.7026
405421 7.55479e+006 25.7027
405421 7.55479e+006 23.4527
405421 7.55479e+006 23.4527
405421 7.55479e+006 23.4526
405421 7.55479e+006 25.7026
405423 7.55479e+006 23.4526
405424 7.55479e+006 23.4527
405424 7.55479e+006 25.7027
405424 7.55479e+006 25.7027
405423 7.55479e+006 25.7026
405423 7.55479e+006 23.4526
405421 7.55479e+006 23.4526
405421 7.55479e+006 23.4527
405424 7.55479e+006 23.4527
405424 7.55479e+006 23.4527
405423 7.55479e+006 23.4526
405421 7.55479e+006 23.4526
405421 7.55479e+006 25.7026
405421 7.55479e+006 23.4526
405423 7.55479e+006 23.4526
405423 7.55479e+006 23.4526
405423 7.55479e+006 25.7026
405421 7.55479e+006 25.7026
405421 7.55479e+006 25.7027
405421 7.55479e+006 25.7026
405423 7.55479e+006 25.7026
405423 7.55479e+006 25.7026
405424 7.55479e+006 25.7027
405421 7.55479e+006 25.7027
405421 7.55479e+006 23.4527
405421 7.55479e+006 25.7027
405424 7.55479e+006 25.7027
405424 7.55479e+006 25.7027
405424 7.55479e+006 23.4527
405421 7.55479e+006 23.4527
