405436 7.55478e+006 25.1811
405437 7.55478e+006 25.1811
405437 7.55478e+006 25.1919
405437 7.55478e+006 25.1919
405436 7.55478e+006 25.1919
405436 7.55478e+006 25.1811
405436 7.55478e+006 25.1919
405437 7.55478e+006 25.1919
405437 7.55478e+006 25.2027
405437 7.55478e+006 25.2027
405436 7.55478e+006 25.2027
405436 7.55478e+006 25.1919
405436 7.55478e+006 25.2027
405437 7.55478e+006 25.2027
405437 7.55478e+006 25.1919
405437 7.55478e+006 25.1919
405436 7.55478e+006 25.1919
405436 7.55478e+006 25.2027
405436 7.55478e+006 25.1919
405437 7.55478e+006 25.1919
405437 7.55478e+006 25.1811
405437 7.55478e+006 25.1811
405436 7.55478e+006 25.1811
405436 7.55478e+006 25.1919
405436 7.55478e+006 24.9072
405437 7.55478e+006 24.9072
405437 7.55478e+006 24.918
405437 7.55478e+006 24.918
405436 7.55478e+006 24.918
405436 7.55478e+006 24.9072
405436 7.55478e+006 24.918
405437 7.55478e+006 24.918
405437 7.55478e+006 24.9288
405437 7.55478e+006 24.9288
405436 7.55478e+006 24.9287
405436 7.55478e+006 24.918
405436 7.55478e+006 24.9287
405437 7.55478e+006 24.9288
405437 7.55478e+006 24.918
405437 7.55478e+006 24.918
405436 7.55478e+006 24.918
405436 7.55478e+006 24.9287
405436 7.55478e+006 24.918
405437 7.55478e+006 24.918
405437 7.55478e+006 24.9072
405437 7.55478e+006 24.9072
405436 7.55478e+006 24.9072
405436 7.55478e+006 24.918
405436 7.55478e+006 24.6333
405437 7.55478e+006 24.6333
405437 7.55478e+006 24.644
405437 7.55478e+006 24.644
405436 7.55478e+006 24.644
405436 7.55478e+006 24.6333
405436 7.55478e+006 24.644
405437 7.55478e+006 24.644
405437 7.55478e+006 24.6548
405437 7.55478e+006 24.6548
405436 7.55478e+006 24.6548
405436 7.55478e+006 24.644
405436 7.55478e+006 24.6548
405437 7.55478e+006 24.6548
405437 7.55478e+006 24.644
405437 7.55478e+006 24.644
405436 7.55478e+006 24.644
405436 7.55478e+006 24.6548
405436 7.55478e+006 24.644
405437 7.55478e+006 24.644
405437 7.55478e+006 24.6333
405437 7.55478e+006 24.6333
405436 7.55478e+006 24.6333
405436 7.55478e+006 24.644
405436 7.55478e+006 24.3593
405437 7.55478e+006 24.3593
405437 7.55478e+006 24.3701
405437 7.55478e+006 24.3701
405436 7.55478e+006 24.3701
405436 7.55478e+006 24.3593
405436 7.55478e+006 24.3701
405437 7.55478e+006 24.3701
405437 7.55478e+006 24.3809
405437 7.55478e+006 24.3809
405436 7.55478e+006 24.3809
405436 7.55478e+006 24.3701
405436 7.55478e+006 24.3809
405437 7.55478e+006 24.3809
405437 7.55478e+006 24.3701
405437 7.55478e+006 24.3701
405436 7.55478e+006 24.3701
405436 7.55478e+006 24.3809
405436 7.55478e+006 24.3701
405437 7.55478e+006 24.3701
405437 7.55478e+006 24.3593
405437 7.55478e+006 24.3593
405436 7.55478e+006 24.3593
405436 7.55478e+006 24.3701
405436 7.55478e+006 24.0854
405437 7.55478e+006 24.0854
405437 7.55478e+006 24.0962
405437 7.55478e+006 24.0962
405436 7.55478e+006 24.0962
405436 7.55478e+006 24.0854
405436 7.55478e+006 24.0962
405437 7.55478e+006 24.0962
405437 7.55478e+006 24.1069
405437 7.55478e+006 24.1069
405436 7.55478e+006 24.1069
405436 7.55478e+006 24.0962
405436 7.55478e+006 24.1069
405437 7.55478e+006 24.1069
405437 7.55478e+006 24.0962
405437 7.55478e+006 24.0962
405436 7.55478e+006 24.0962
405436 7.55478e+006 24.1069
405436 7.55478e+006 24.0962
405437 7.55478e+006 24.0962
405437 7.55478e+006 24.0854
405437 7.55478e+006 24.0854
405436 7.55478e+006 24.0854
405436 7.55478e+006 24.0962
405436 7.55478e+006 23.8115
405437 7.55478e+006 23.8114
405437 7.55478e+006 23.8222
405437 7.55478e+006 23.8222
405436 7.55478e+006 23.8222
405436 7.55478e+006 23.8115
405436 7.55478e+006 23.8222
405437 7.55478e+006 23.8222
405437 7.55478e+006 23.833
405437 7.55478e+006 23.833
405436 7.55478e+006 23.833
405436 7.55478e+006 23.8222
405436 7.55478e+006 23.833
405437 7.55478e+006 23.833
405437 7.55478e+006 23.8222
405437 7.55478e+006 23.8222
405436 7.55478e+006 23.8222
405436 7.55478e+006 23.833
405436 7.55478e+006 23.8222
405437 7.55478e+006 23.8222
405437 7.55478e+006 23.8114
405437 7.55478e+006 23.8114
405436 7.55478e+006 23.8115
405436 7.55478e+006 23.8222
405436 7.55478e+006 23.5375
405437 7.55478e+006 23.5375
405437 7.55478e+006 23.5483
405437 7.55478e+006 23.5483
405436 7.55478e+006 23.5483
405436 7.55478e+006 23.5375
405436 7.55478e+006 23.5483
405437 7.55478e+006 23.5483
405437 7.55478e+006 23.5591
405437 7.55478e+006 23.5591
405436 7.55478e+006 23.5591
405436 7.55478e+006 23.5483
405436 7.55478e+006 23.5591
405437 7.55478e+006 23.5591
405437 7.55478e+006 23.5483
405437 7.55478e+006 23.5483
405436 7.55478e+006 23.5483
405436 7.55478e+006 23.5591
405436 7.55478e+006 23.5483
405437 7.55478e+006 23.5483
405437 7.55478e+006 23.5375
405437 7.55478e+006 23.5375
405436 7.55478e+006 23.5375
405436 7.55478e+006 23.5483
405436 7.55478e+006 23.2636
405437 7.55478e+006 23.2636
405437 7.55478e+006 23.2743
405437 7.55478e+006 23.2743
405436 7.55478e+006 23.2744
405436 7.55478e+006 23.2636
405436 7.55478e+006 23.2744
405437 7.55478e+006 23.2743
405437 7.55478e+006 23.2851
405437 7.55478e+006 23.2851
405436 7.55478e+006 23.2851
405436 7.55478e+006 23.2744
405436 7.55478e+006 23.2851
405437 7.55478e+006 23.2851
405437 7.55478e+006 23.2744
405437 7.55478e+006 23.2744
405436 7.55478e+006 23.2744
405436 7.55478e+006 23.2851
405436 7.55478e+006 23.2744
405437 7.55478e+006 23.2744
405437 7.55478e+006 23.2636
405437 7.55478e+006 23.2636
405436 7.55478e+006 23.2636
405436 7.55478e+006 23.2744
405436 7.55478e+006 22.9896
405437 7.55478e+006 22.9896
405437 7.55478e+006 23.0004
405437 7.55478e+006 23.0004
405436 7.55478e+006 23.0004
405436 7.55478e+006 22.9896
405436 7.55478e+006 23.0004
405437 7.55478e+006 23.0004
405437 7.55478e+006 23.0112
405437 7.55478e+006 23.0112
405436 7.55478e+006 23.0112
405436 7.55478e+006 23.0004
405436 7.55478e+006 23.0112
405437 7.55478e+006 23.0112
405437 7.55478e+006 23.0004
405437 7.55478e+006 23.0004
405436 7.55478e+006 23.0004
405436 7.55478e+006 23.0112
405436 7.55478e+006 23.0004
405437 7.55478e+006 23.0004
405437 7.55478e+006 22.9896
405437 7.55478e+006 22.9896
405436 7.55478e+006 22.9896
405436 7.55478e+006 23.0004
405436 7.55478e+006 22.7157
405437 7.55478e+006 22.7157
405437 7.55478e+006 22.7265
405437 7.55478e+006 22.7265
405436 7.55478e+006 22.7265
405436 7.55478e+006 22.7157
405436 7.55478e+006 22.7265
405437 7.55478e+006 22.7265
405437 7.55478e+006 22.7373
405437 7.55478e+006 22.7373
405436 7.55478e+006 22.7373
405436 7.55478e+006 22.7265
405436 7.55478e+006 22.7373
405437 7.55478e+006 22.7373
405437 7.55478e+006 22.7265
405437 7.55478e+006 22.7265
405436 7.55478e+006 22.7265
405436 7.55478e+006 22.7373
405436 7.55478e+006 22.7265
405437 7.55478e+006 22.7265
405437 7.55478e+006 22.7157
405437 7.55478e+006 22.7157
405436 7.55478e+006 22.7157
405436 7.55478e+006 22.7265
405436 7.55478e+006 22.4418
405437 7.55478e+006 22.4418
405437 7.55478e+006 22.4525
405437 7.55478e+006 22.4525
405436 7.55478e+006 22.4525
405436 7.55478e+006 22.4418
405436 7.55478e+006 22.4525
405437 7.55478e+006 22.4525
405437 7.55478e+006 22.4633
405437 7.55478e+006 22.4633
405436 7.55478e+006 22.4633
405436 7.55478e+006 22.4525
405436 7.55478e+006 22.4633
405437 7.55478e+006 22.4633
405437 7.55478e+006 22.4525
405437 7.55478e+006 22.4525
405436 7.55478e+006 22.4525
405436 7.55478e+006 22.4633
405436 7.55478e+006 22.4525
405437 7.55478e+006 22.4525
405437 7.55478e+006 22.4418
405437 7.55478e+006 22.4418
405436 7.55478e+006 22.4418
405436 7.55478e+006 22.4525
405436 7.55478e+006 22.1678
405437 7.55478e+006 22.1678
405437 7.55478e+006 22.1786
405437 7.55478e+006 22.1786
405436 7.55478e+006 22.1786
405436 7.55478e+006 22.1678
405436 7.55478e+006 22.1786
405437 7.55478e+006 22.1786
405437 7.55478e+006 22.1894
405437 7.55478e+006 22.1894
405436 7.55478e+006 22.1894
405436 7.55478e+006 22.1786
405436 7.55478e+006 22.1894
405437 7.55478e+006 22.1894
405437 7.55478e+006 22.1786
405437 7.55478e+006 22.1786
405436 7.55478e+006 22.1786
405436 7.55478e+006 22.1894
405436 7.55478e+006 22.1786
405437 7.55478e+006 22.1786
405437 7.55478e+006 22.1678
405437 7.55478e+006 22.1678
405436 7.55478e+006 22.1678
405436 7.55478e+006 22.1786
405436 7.55478e+006 21.8939
405437 7.55478e+006 21.8939
405437 7.55478e+006 21.9047
405437 7.55478e+006 21.9047
405436 7.55478e+006 21.9047
405436 7.55478e+006 21.8939
405436 7.55478e+006 21.9047
405437 7.55478e+006 21.9047
405437 7.55478e+006 21.9154
405437 7.55478e+006 21.9154
405436 7.55478e+006 21.9154
405436 7.55478e+006 21.9047
405436 7.55478e+006 21.9154
405437 7.55478e+006 21.9154
405437 7.55478e+006 21.9047
405437 7.55478e+006 21.9047
405436 7.55478e+006 21.9047
405436 7.55478e+006 21.9154
405436 7.55478e+006 21.9047
405437 7.55478e+006 21.9047
405437 7.55478e+006 21.8939
405437 7.55478e+006 21.8939
405436 7.55478e+006 21.8939
405436 7.55478e+006 21.9047
405436 7.55478e+006 21.62
405437 7.55478e+006 21.62
405437 7.55478e+006 21.6307
405437 7.55478e+006 21.6307
405436 7.55478e+006 21.6307
405436 7.55478e+006 21.62
405436 7.55478e+006 21.6307
405437 7.55478e+006 21.6307
405437 7.55478e+006 21.6415
405437 7.55478e+006 21.6415
405436 7.55478e+006 21.6415
405436 7.55478e+006 21.6307
405436 7.55478e+006 21.6415
405437 7.55478e+006 21.6415
405437 7.55478e+006 21.6307
405437 7.55478e+006 21.6307
405436 7.55478e+006 21.6307
405436 7.55478e+006 21.6415
405436 7.55478e+006 21.6307
405437 7.55478e+006 21.6307
405437 7.55478e+006 21.62
405437 7.55478e+006 21.62
405436 7.55478e+006 21.62
405436 7.55478e+006 21.6307
405436 7.55478e+006 21.346
405437 7.55478e+006 21.346
405437 7.55478e+006 21.3568
405437 7.55478e+006 21.3568
405436 7.55478e+006 21.3568
405436 7.55478e+006 21.346
405436 7.55478e+006 21.3568
405437 7.55478e+006 21.3568
405437 7.55478e+006 21.3676
405437 7.55478e+006 21.3676
405436 7.55478e+006 21.3676
405436 7.55478e+006 21.3568
405436 7.55478e+006 21.3676
405437 7.55478e+006 21.3676
405437 7.55478e+006 21.3568
405437 7.55478e+006 21.3568
405436 7.55478e+006 21.3568
405436 7.55478e+006 21.3676
405436 7.55478e+006 21.3568
405437 7.55478e+006 21.3568
405437 7.55478e+006 21.346
405437 7.55478e+006 21.346
405436 7.55478e+006 21.346
405436 7.55478e+006 21.3568
405436 7.55478e+006 21.0721
405437 7.55478e+006 21.0721
405437 7.55478e+006 21.0829
405437 7.55478e+006 21.0829
405436 7.55478e+006 21.0829
405436 7.55478e+006 21.0721
405436 7.55478e+006 21.0829
405437 7.55478e+006 21.0829
405437 7.55478e+006 21.0936
405437 7.55478e+006 21.0936
405436 7.55478e+006 21.0936
405436 7.55478e+006 21.0829
405436 7.55478e+006 21.0936
405437 7.55478e+006 21.0936
405437 7.55478e+006 21.0829
405437 7.55478e+006 21.0829
405436 7.55478e+006 21.0829
405436 7.55478e+006 21.0936
405436 7.55478e+006 21.0829
405437 7.55478e+006 21.0829
405437 7.55478e+006 21.0721
405437 7.55478e+006 21.0721
405436 7.55478e+006 21.0721
405436 7.55478e+006 21.0829
405436 7.55478e+006 20.7981
405437 7.55478e+006 20.7981
405437 7.55478e+006 20.8089
405437 7.55478e+006 20.8089
405436 7.55478e+006 20.8089
405436 7.55478e+006 20.7981
405436 7.55478e+006 20.8089
405437 7.55478e+006 20.8089
405437 7.55478e+006 20.8197
405437 7.55478e+006 20.8197
405436 7.55478e+006 20.8197
405436 7.55478e+006 20.8089
405436 7.55478e+006 20.8197
405437 7.55478e+006 20.8197
405437 7.55478e+006 20.8089
405437 7.55478e+006 20.8089
405436 7.55478e+006 20.8089
405436 7.55478e+006 20.8197
405436 7.55478e+006 20.8089
405437 7.55478e+006 20.8089
405437 7.55478e+006 20.7981
405437 7.55478e+006 20.7981
405436 7.55478e+006 20.7981
405436 7.55478e+006 20.8089
405436 7.55478e+006 20.5242
405437 7.55478e+006 20.5242
405437 7.55478e+006 20.535
405437 7.55478e+006 20.535
405436 7.55478e+006 20.535
405436 7.55478e+006 20.5242
405436 7.55478e+006 20.535
405437 7.55478e+006 20.535
405437 7.55478e+006 20.5458
405437 7.55478e+006 20.5458
405436 7.55478e+006 20.5458
405436 7.55478e+006 20.535
405436 7.55478e+006 20.5458
405437 7.55478e+006 20.5458
405437 7.55478e+006 20.535
405437 7.55478e+006 20.535
405436 7.55478e+006 20.535
405436 7.55478e+006 20.5458
405436 7.55478e+006 20.535
405437 7.55478e+006 20.535
405437 7.55478e+006 20.5242
405437 7.55478e+006 20.5242
405436 7.55478e+006 20.5242
405436 7.55478e+006 20.535
405436 7.55478e+006 20.2503
405437 7.55478e+006 20.2503
405437 7.55478e+006 20.261
405437 7.55478e+006 20.261
405436 7.55478e+006 20.261
405436 7.55478e+006 20.2503
405436 7.55478e+006 20.261
405437 7.55478e+006 20.261
405437 7.55478e+006 20.2718
405437 7.55478e+006 20.2718
405436 7.55478e+006 20.2718
405436 7.55478e+006 20.261
405436 7.55478e+006 20.2718
405437 7.55478e+006 20.2718
405437 7.55478e+006 20.261
405437 7.55478e+006 20.261
405436 7.55478e+006 20.261
405436 7.55478e+006 20.2718
405436 7.55478e+006 20.261
405437 7.55478e+006 20.261
405437 7.55478e+006 20.2503
405437 7.55478e+006 20.2503
405436 7.55478e+006 20.2503
405436 7.55478e+006 20.261
405436 7.55478e+006 19.9763
405437 7.55478e+006 19.9763
405437 7.55478e+006 19.9871
405437 7.55478e+006 19.9871
405436 7.55478e+006 19.9871
405436 7.55478e+006 19.9763
405436 7.55478e+006 19.9871
405437 7.55478e+006 19.9871
405437 7.55478e+006 19.9979
405437 7.55478e+006 19.9979
405436 7.55478e+006 19.9979
405436 7.55478e+006 19.9871
405436 7.55478e+006 19.9979
405437 7.55478e+006 19.9979
405437 7.55478e+006 19.9871
405437 7.55478e+006 19.9871
405436 7.55478e+006 19.9871
405436 7.55478e+006 19.9979
405436 7.55478e+006 19.9871
405437 7.55478e+006 19.9871
405437 7.55478e+006 19.9763
405437 7.55478e+006 19.9763
405436 7.55478e+006 19.9763
405436 7.55478e+006 19.9871
405436 7.55478e+006 19.7024
405437 7.55478e+006 19.7024
405437 7.55478e+006 19.7132
405437 7.55478e+006 19.7132
405436 7.55478e+006 19.7132
405436 7.55478e+006 19.7024
405436 7.55478e+006 19.7132
405437 7.55478e+006 19.7132
405437 7.55478e+006 19.7239
405437 7.55478e+006 19.7239
405436 7.55478e+006 19.7239
405436 7.55478e+006 19.7132
405436 7.55478e+006 19.7239
405437 7.55478e+006 19.7239
405437 7.55478e+006 19.7132
405437 7.55478e+006 19.7132
405436 7.55478e+006 19.7132
405436 7.55478e+006 19.7239
405436 7.55478e+006 19.7132
405437 7.55478e+006 19.7132
405437 7.55478e+006 19.7024
405437 7.55478e+006 19.7024
405436 7.55478e+006 19.7024
405436 7.55478e+006 19.7132
405436 7.55478e+006 19.4285
405437 7.55478e+006 19.4285
405437 7.55478e+006 19.4392
405437 7.55478e+006 19.4392
405436 7.55478e+006 19.4392
405436 7.55478e+006 19.4285
405436 7.55478e+006 19.4392
405437 7.55478e+006 19.4392
405437 7.55478e+006 19.45
405437 7.55478e+006 19.45
405436 7.55478e+006 19.45
405436 7.55478e+006 19.4392
405436 7.55478e+006 19.45
405437 7.55478e+006 19.45
405437 7.55478e+006 19.4392
405437 7.55478e+006 19.4392
405436 7.55478e+006 19.4392
405436 7.55478e+006 19.45
405436 7.55478e+006 19.4392
405437 7.55478e+006 19.4392
405437 7.55478e+006 19.4285
405437 7.55478e+006 19.4285
405436 7.55478e+006 19.4285
405436 7.55478e+006 19.4392
405436 7.55478e+006 19.1545
405437 7.55478e+006 19.1545
405437 7.55478e+006 19.1653
405437 7.55478e+006 19.1653
405436 7.55478e+006 19.1653
405436 7.55478e+006 19.1545
405436 7.55478e+006 19.1653
405437 7.55478e+006 19.1653
405437 7.55478e+006 19.1761
405437 7.55478e+006 19.1761
405436 7.55478e+006 19.1761
405436 7.55478e+006 19.1653
405436 7.55478e+006 19.1761
405437 7.55478e+006 19.1761
405437 7.55478e+006 19.1653
405437 7.55478e+006 19.1653
405436 7.55478e+006 19.1653
405436 7.55478e+006 19.1761
405436 7.55478e+006 19.1653
405437 7.55478e+006 19.1653
405437 7.55478e+006 19.1545
405437 7.55478e+006 19.1545
405436 7.55478e+006 19.1545
405436 7.55478e+006 19.1653
405436 7.55478e+006 18.8806
405437 7.55478e+006 18.8806
405437 7.55478e+006 18.8914
405437 7.55478e+006 18.8914
405436 7.55478e+006 18.8914
405436 7.55478e+006 18.8806
405436 7.55478e+006 18.8914
405437 7.55478e+006 18.8914
405437 7.55478e+006 18.9021
405437 7.55478e+006 18.9021
405436 7.55478e+006 18.9021
405436 7.55478e+006 18.8914
405436 7.55478e+006 18.9021
405437 7.55478e+006 18.9021
405437 7.55478e+006 18.8914
405437 7.55478e+006 18.8914
405436 7.55478e+006 18.8914
405436 7.55478e+006 18.9021
405436 7.55478e+006 18.8914
405437 7.55478e+006 18.8914
405437 7.55478e+006 18.8806
405437 7.55478e+006 18.8806
405436 7.55478e+006 18.8806
405436 7.55478e+006 18.8914
405436 7.55478e+006 18.3017
405437 7.55478e+006 18.3017
405437 7.55478e+006 18.3125
405437 7.55478e+006 18.3125
405436 7.55478e+006 18.3125
405436 7.55478e+006 18.3017
405436 7.55478e+006 18.3125
405437 7.55478e+006 18.3125
405437 7.55478e+006 18.3233
405437 7.55478e+006 18.3233
405436 7.55478e+006 18.3233
405436 7.55478e+006 18.3125
405436 7.55478e+006 18.3233
405437 7.55478e+006 18.3233
405437 7.55478e+006 18.3125
405437 7.55478e+006 18.3125
405436 7.55478e+006 18.3125
405436 7.55478e+006 18.3233
405436 7.55478e+006 18.3125
405437 7.55478e+006 18.3125
405437 7.55478e+006 18.3017
405437 7.55478e+006 18.3017
405436 7.55478e+006 18.3017
405436 7.55478e+006 18.3125
405436 7.55478e+006 18.0278
405437 7.55478e+006 18.0278
405437 7.55478e+006 18.0386
405437 7.55478e+006 18.0386
405436 7.55478e+006 18.0386
405436 7.55478e+006 18.0278
405436 7.55478e+006 18.0386
405437 7.55478e+006 18.0386
405437 7.55478e+006 18.0493
405437 7.55478e+006 18.0493
405436 7.55478e+006 18.0493
405436 7.55478e+006 18.0386
405436 7.55478e+006 18.0493
405437 7.55478e+006 18.0493
405437 7.55478e+006 18.0386
405437 7.55478e+006 18.0386
405436 7.55478e+006 18.0386
405436 7.55478e+006 18.0493
405436 7.55478e+006 18.0386
405437 7.55478e+006 18.0386
405437 7.55478e+006 18.0278
405437 7.55478e+006 18.0278
405436 7.55478e+006 18.0278
405436 7.55478e+006 18.0386
405436 7.55478e+006 17.7539
405437 7.55478e+006 17.7539
405437 7.55478e+006 17.7646
405437 7.55478e+006 17.7646
405436 7.55478e+006 17.7646
405436 7.55478e+006 17.7539
405436 7.55478e+006 17.7646
405437 7.55478e+006 17.7646
405437 7.55478e+006 17.7754
405437 7.55478e+006 17.7754
405436 7.55478e+006 17.7754
405436 7.55478e+006 17.7646
405436 7.55478e+006 17.7754
405437 7.55478e+006 17.7754
405437 7.55478e+006 17.7646
405437 7.55478e+006 17.7646
405436 7.55478e+006 17.7646
405436 7.55478e+006 17.7754
405436 7.55478e+006 17.7646
405437 7.55478e+006 17.7646
405437 7.55478e+006 17.7539
405437 7.55478e+006 17.7539
405436 7.55478e+006 17.7539
405436 7.55478e+006 17.7646
405436 7.55478e+006 18.5757
405437 7.55478e+006 18.5757
405437 7.55478e+006 18.5864
405437 7.55478e+006 18.5864
405436 7.55478e+006 18.5864
405436 7.55478e+006 18.5757
405436 7.55478e+006 18.5864
405437 7.55478e+006 18.5864
405437 7.55478e+006 18.5972
405437 7.55478e+006 18.5972
405436 7.55478e+006 18.5972
405436 7.55478e+006 18.5864
405436 7.55478e+006 18.5972
405437 7.55478e+006 18.5972
405437 7.55478e+006 18.5864
405437 7.55478e+006 18.5864
405436 7.55478e+006 18.5864
405436 7.55478e+006 18.5972
405436 7.55478e+006 18.5864
405437 7.55478e+006 18.5864
405437 7.55478e+006 18.5757
405437 7.55478e+006 18.5757
405436 7.55478e+006 18.5757
405436 7.55478e+006 18.5864
405436 7.55478e+006 25.322
405436 7.55478e+006 25.2196
405436 7.55478e+006 25.2196
405436 7.55478e+006 25.2196
405436 7.55478e+006 25.322
405436 7.55478e+006 25.322
405437 7.55478e+006 25.322
405437 7.55478e+006 25.2196
405436 7.55478e+006 25.2196
405436 7.55478e+006 25.2196
405436 7.55478e+006 25.322
405437 7.55478e+006 25.322
405436 7.55478e+006 25.2196
405436 7.55478e+006 17.3493
405436 7.55478e+006 17.3493
405436 7.55478e+006 17.3493
405436 7.55478e+006 25.322
405436 7.55478e+006 25.2196
405437 7.55478e+006 25.322
405437 7.55478e+006 17.3493
405437 7.55478e+006 17.3493
405437 7.55478e+006 17.3493
405437 7.55478e+006 25.2196
405437 7.55478e+006 25.322
405436 7.55478e+006 25.322
405436 7.55478e+006 25.322
405436 7.55478e+006 25.322
405436 7.55478e+006 25.322
405436 7.55478e+006 25.322
405436 7.55478e+006 25.322
405436 7.55478e+006 25.322
405436 7.55478e+006 25.322
405437 7.55478e+006 25.322
405437 7.55478e+006 25.322
405437 7.55478e+006 25.322
405436 7.55478e+006 25.322
405436 7.55478e+006 17.3493
405436 7.55478e+006 17.3493
405436 7.55478e+006 17.3493
405436 7.55478e+006 17.3493
405436 7.55478e+006 17.3493
405436 7.55478e+006 17.3493
405437 7.55478e+006 17.3493
405437 7.55478e+006 17.3493
405436 7.55478e+006 17.3493
405436 7.55478e+006 17.3493
405437 7.55478e+006 17.3493
405437 7.55478e+006 17.3493
405436 7.55478e+006 25.2196
405436 7.55478e+006 25.2196
405436 7.55478e+006 25.322
405436 7.55478e+006 25.322
405436 7.55478e+006 25.322
405436 7.55478e+006 25.2196
405436 7.55478e+006 25.322
405436 7.55478e+006 25.322
405436 7.55478e+006 25.2196
405436 7.55478e+006 25.2196
405436 7.55478e+006 25.2196
405436 7.55478e+006 25.322
405436 7.55478e+006 25.2196
405436 7.55478e+006 25.2196
405436 7.55478e+006 25.2196
405436 7.55478e+006 25.2196
405436 7.55478e+006 25.2196
405436 7.55478e+006 25.2196
405437 7.55478e+006 25.2196
405436 7.55478e+006 25.2196
405436 7.55478e+006 25.2196
405436 7.55478e+006 25.2196
405436 7.55478e+006 25.2196
405437 7.55478e+006 25.2196
405436 7.55478e+006 25.2196
405436 7.55478e+006 25.2196
405436 7.55478e+006 17.3493
405436 7.55478e+006 17.3493
405436 7.55478e+006 17.3493
405436 7.55478e+006 25.2196
405437 7.55478e+006 17.3493
405436 7.55478e+006 17.3493
405436 7.55478e+006 25.2196
405436 7.55478e+006 25.2196
405437 7.55478e+006 25.2196
405437 7.55478e+006 17.3493
405437 7.55478e+006 25.322
405437 7.55478e+006 25.322
405437 7.55478e+006 17.3493
405437 7.55478e+006 17.3493
405437 7.55478e+006 17.3493
405437 7.55478e+006 25.322
405436 7.55478e+006 17.3493
405436 7.55478e+006 17.3493
405436 7.55478e+006 25.322
405436 7.55478e+006 25.322
405436 7.55478e+006 25.322
405436 7.55478e+006 17.3493
405436 7.55478e+006 25.2196
405436 7.55478e+006 25.322
405436 7.55478e+006 25.322
405436 7.55478e+006 25.322
405436 7.55478e+006 25.2196
405436 7.55478e+006 25.2196
405437 7.55478e+006 25.322
405436 7.55478e+006 25.322
405436 7.55478e+006 25.2196
405436 7.55478e+006 25.2196
405436 7.55478e+006 25.2196
405437 7.55478e+006 25.322
405436 7.55478e+006 25.2196
405436 7.55478e+006 25.322
405436 7.55478e+006 17.3493
405436 7.55478e+006 17.3493
405436 7.55478e+006 17.3493
405436 7.55478e+006 25.2196
405437 7.55478e+006 25.322
405436 7.55478e+006 25.2196
405436 7.55478e+006 17.3493
405436 7.55478e+006 17.3493
405437 7.55478e+006 17.3493
405437 7.55478e+006 25.322
405436 7.55478e+006 26.1086
405436 7.55478e+006 26.11
405436 7.55478e+006 26.11
405436 7.55478e+006 26.11
405436 7.55478e+006 26.11
405436 7.55478e+006 26.1086
405436 7.55478e+006 26.11
405436 7.55478e+006 26.0614
405436 7.55478e+006 26.0618
405436 7.55478e+006 26.0618
405436 7.55478e+006 26.11
405436 7.55478e+006 26.11
405436 7.55478e+006 26.0614
405436 7.55478e+006 26.0614
405436 7.55478e+006 26.061
405436 7.55478e+006 26.061
405436 7.55478e+006 26.0618
405436 7.55478e+006 26.0614
405436 7.55478e+006 26.061
405436 7.55478e+006 26.0614
405436 7.55478e+006 26.11
405436 7.55478e+006 26.11
405436 7.55478e+006 26.1086
405436 7.55478e+006 26.061
405437 7.55478e+006 26.11
405437 7.55478e+006 26.11
405437 7.55478e+006 26.11
405437 7.55478e+006 26.11
405437 7.55478e+006 26.11
405437 7.55478e+006 26.11
405437 7.55478e+006 26.0614
405437 7.55478e+006 26.11
405437 7.55478e+006 26.11
405437 7.55478e+006 26.11
405437 7.55478e+006 26.0614
405437 7.55478e+006 26.0614
405437 7.55478e+006 26.0614
405437 7.55478e+006 26.0614
405437 7.55478e+006 26.0614
405437 7.55478e+006 26.0614
405437 7.55478e+006 26.0614
405437 7.55478e+006 26.0614
405437 7.55478e+006 26.11
405437 7.55478e+006 26.0614
405437 7.55478e+006 26.0614
405437 7.55478e+006 26.0614
405437 7.55478e+006 26.11
405437 7.55478e+006 26.11
405437 7.55478e+006 26.11
405437 7.55478e+006 26.11
405437 7.55478e+006 26.11
405437 7.55478e+006 26.11
405437 7.55478e+006 26.11
405437 7.55478e+006 26.11
405437 7.55478e+006 26.0614
405437 7.55478e+006 26.11
405437 7.55478e+006 26.11
405437 7.55478e+006 26.11
405437 7.55478e+006 26.0614
405437 7.55478e+006 26.0614
405437 7.55478e+006 26.0614
405437 7.55478e+006 26.0614
405437 7.55478e+006 26.0614
405437 7.55478e+006 26.0614
405437 7.55478e+006 26.0614
405437 7.55478e+006 26.0614
405437 7.55478e+006 26.11
405437 7.55478e+006 26.0614
405437 7.55478e+006 26.0614
405437 7.55478e+006 26.0614
405437 7.55478e+006 26.11
405437 7.55478e+006 26.11
405437 7.55478e+006 26.11
405437 7.55478e+006 26.11
405437 7.55478e+006 26.11
405437 7.55478e+006 26.11
405437 7.55478e+006 26.11
405437 7.55478e+006 26.11
405437 7.55478e+006 26.0614
405437 7.55478e+006 26.11
405437 7.55478e+006 26.11
405437 7.55478e+006 26.11
405437 7.55478e+006 26.0614
405437 7.55478e+006 26.0614
405437 7.55478e+006 26.0614
405437 7.55478e+006 26.0614
405437 7.55478e+006 26.0614
405437 7.55478e+006 26.0614
405437 7.55478e+006 26.0614
405437 7.55478e+006 26.0614
405437 7.55478e+006 26.11
405437 7.55478e+006 26.0614
405437 7.55478e+006 26.0614
405437 7.55478e+006 26.0614
405437 7.55478e+006 26.11
405437 7.55478e+006 26.11
405437 7.55478e+006 26.11
405437 7.55478e+006 26.11
405437 7.55478e+006 26.11
405437 7.55478e+006 26.11
405437 7.55478e+006 26.11
405437 7.55478e+006 26.11
405437 7.55478e+006 26.0614
405437 7.55478e+006 26.11
405437 7.55478e+006 26.11
405437 7.55478e+006 26.11
405437 7.55478e+006 26.0614
405437 7.55478e+006 26.0614
405437 7.55478e+006 26.0614
405437 7.55478e+006 26.0614
405437 7.55478e+006 26.0614
405437 7.55478e+006 26.0614
405437 7.55478e+006 26.0614
405437 7.55478e+006 26.0614
405437 7.55478e+006 26.11
405437 7.55478e+006 26.0614
405437 7.55478e+006 26.0614
405437 7.55478e+006 26.0614
405437 7.55478e+006 26.11
405437 7.55478e+006 26.11
405437 7.55478e+006 26.11
405437 7.55478e+006 26.11
405437 7.55478e+006 26.11
405437 7.55478e+006 26.11
405437 7.55478e+006 26.11
405437 7.55478e+006 26.11
405437 7.55478e+006 26.0614
405437 7.55478e+006 26.11
405437 7.55478e+006 26.11
405437 7.55478e+006 26.11
405437 7.55478e+006 26.0614
405437 7.55478e+006 26.0614
405437 7.55478e+006 26.0614
405437 7.55478e+006 26.0614
405437 7.55478e+006 26.0614
405437 7.55478e+006 26.0614
405437 7.55478e+006 26.0614
405437 7.55478e+006 26.0614
405437 7.55478e+006 26.11
405437 7.55478e+006 26.0614
405437 7.55478e+006 26.0614
405437 7.55478e+006 26.0614
405437 7.55478e+006 26.11
405437 7.55478e+006 26.11
405437 7.55478e+006 26.11
405437 7.55478e+006 26.11
405437 7.55478e+006 26.11
405437 7.55478e+006 26.11
405437 7.55478e+006 26.11
405437 7.55478e+006 26.11
405437 7.55478e+006 26.0614
405437 7.55478e+006 26.11
405437 7.55478e+006 26.11
405437 7.55478e+006 26.11
405437 7.55478e+006 26.0614
405437 7.55478e+006 26.0614
405437 7.55478e+006 26.0614
405437 7.55478e+006 26.0614
405437 7.55478e+006 26.0614
405437 7.55478e+006 26.0614
405437 7.55478e+006 26.0614
405437 7.55478e+006 26.0614
405437 7.55478e+006 26.11
405437 7.55478e+006 26.0614
405437 7.55478e+006 26.0614
405437 7.55478e+006 26.0614
405437 7.55478e+006 26.11
405437 7.55478e+006 26.11
405437 7.55478e+006 26.11
405437 7.55478e+006 26.11
405437 7.55478e+006 26.11
405437 7.55478e+006 26.11
405437 7.55478e+006 26.11
405437 7.55478e+006 26.11
405437 7.55478e+006 26.0614
405437 7.55478e+006 26.11
405437 7.55478e+006 26.11
405437 7.55478e+006 26.11
405437 7.55478e+006 26.0614
405437 7.55478e+006 26.0614
405437 7.55478e+006 26.0614
405437 7.55478e+006 26.0614
405437 7.55478e+006 26.0614
405437 7.55478e+006 26.0614
405437 7.55478e+006 26.0614
405437 7.55478e+006 26.0614
405437 7.55478e+006 26.11
405437 7.55478e+006 26.0614
405437 7.55478e+006 26.0614
405437 7.55478e+006 26.0614
405437 7.55478e+006 26.11
405437 7.55478e+006 26.11
405437 7.55478e+006 26.11
405437 7.55478e+006 26.11
405437 7.55478e+006 26.11
405437 7.55478e+006 26.11
405437 7.55478e+006 26.11
405437 7.55478e+006 26.11
405437 7.55478e+006 26.0614
405437 7.55478e+006 26.11
405437 7.55478e+006 26.11
405437 7.55478e+006 26.11
405437 7.55478e+006 26.0614
405437 7.55478e+006 26.0614
405437 7.55478e+006 26.0614
405437 7.55478e+006 26.0614
405437 7.55478e+006 26.0614
405437 7.55478e+006 26.0614
405437 7.55478e+006 26.0614
405437 7.55478e+006 26.0614
405437 7.55478e+006 26.11
405437 7.55478e+006 26.0614
405437 7.55478e+006 26.0614
405437 7.55478e+006 26.0614
405437 7.55478e+006 26.11
405437 7.55478e+006 26.11
405437 7.55478e+006 26.11
405437 7.55478e+006 26.11
405437 7.55478e+006 26.11
405437 7.55478e+006 26.11
405437 7.55478e+006 26.11
405437 7.55478e+006 26.11
405437 7.55478e+006 26.0614
405437 7.55478e+006 26.11
405437 7.55478e+006 26.11
405437 7.55478e+006 26.11
405437 7.55478e+006 26.0614
405437 7.55478e+006 26.0614
405437 7.55478e+006 26.0614
405437 7.55478e+006 26.0614
405437 7.55478e+006 26.0614
405437 7.55478e+006 26.0614
405437 7.55478e+006 26.0614
405437 7.55478e+006 26.0614
405437 7.55478e+006 26.11
405437 7.55478e+006 26.0614
405437 7.55478e+006 26.0614
405437 7.55478e+006 26.0614
405437 7.55478e+006 26.11
405437 7.55478e+006 26.11
405436 7.55478e+006 26.11
405436 7.55478e+006 26.11
405437 7.55478e+006 26.11
405437 7.55478e+006 26.11
405437 7.55478e+006 26.11
405436 7.55478e+006 26.11
405436 7.55478e+006 26.0614
405436 7.55478e+006 26.11
405437 7.55478e+006 26.11
405437 7.55478e+006 26.11
405437 7.55478e+006 26.0614
405436 7.55478e+006 26.0614
405436 7.55478e+006 26.0614
405436 7.55478e+006 26.0614
405437 7.55478e+006 26.0614
405437 7.55478e+006 26.0614
405437 7.55478e+006 26.0614
405436 7.55478e+006 26.0614
405436 7.55478e+006 26.11
405436 7.55478e+006 26.0614
405437 7.55478e+006 26.0614
405437 7.55478e+006 26.0614
405437 7.55478e+006 26.11
405436 7.55478e+006 26.11
405436 7.55478e+006 26.11
405436 7.55478e+006 26.11
405436 7.55478e+006 26.0618
405436 7.55478e+006 26.0618
405436 7.55478e+006 26.0602
405436 7.55478e+006 26.11
405436 7.55478e+006 26.061
405436 7.55478e+006 26.1086
405436 7.55478e+006 26.1073
405436 7.55478e+006 26.1073
405436 7.55478e+006 26.0602
405436 7.55478e+006 26.061
405437 7.55478e+006 26.1087
405437 7.55478e+006 26.11
405437 7.55478e+006 26.11
405437 7.55478e+006 26.11
405437 7.55478e+006 26.11
405437 7.55478e+006 26.1087
405437 7.55478e+006 26.11
405437 7.55478e+006 26.11
405437 7.55478e+006 26.0627
405437 7.55478e+006 26.0627
405437 7.55478e+006 26.0614
405437 7.55478e+006 26.11
405437 7.55478e+006 26.0614
405437 7.55478e+006 26.0627
405437 7.55478e+006 26.0613
405437 7.55478e+006 26.0613
405437 7.55478e+006 26.0614
405437 7.55478e+006 26.0614
405437 7.55478e+006 26.0613
405437 7.55478e+006 26.1087
405437 7.55478e+006 26.11
405437 7.55478e+006 26.11
405437 7.55478e+006 26.0614
405437 7.55478e+006 26.0613
405436 7.55478e+006 26.0602
405436 7.55478e+006 26.0602
405436 7.55478e+006 26.1073
405436 7.55478e+006 26.1073
405436 7.55478e+006 26.11
405436 7.55478e+006 26.0602
405436 7.55478e+006 26.1073
405436 7.55478e+006 26.061
405436 7.55478e+006 26.061
405436 7.55478e+006 26.061
405436 7.55478e+006 26.11
405436 7.55478e+006 26.1073
405436 7.55478e+006 26.11
405436 7.55478e+006 26.061
405437 7.55478e+006 26.0627
405437 7.55478e+006 26.0627
405437 7.55478e+006 26.11
405436 7.55478e+006 26.11
405436 7.55478e+006 26.1073
405437 7.55478e+006 26.1087
405437 7.55478e+006 26.0613
405437 7.55478e+006 26.0613
405436 7.55478e+006 26.061
405436 7.55478e+006 26.1073
405437 7.55478e+006 26.0627
405437 7.55478e+006 21.7004
405437 7.55478e+006 21.6991
405437 7.55478e+006 21.6991
405437 7.55478e+006 26.0613
405437 7.55478e+006 26.0627
405437 7.55478e+006 26.0613
405437 7.55478e+006 21.6991
405436 7.55478e+006 21.6977
405436 7.55478e+006 21.6977
405436 7.55478e+006 26.061
405437 7.55478e+006 26.0613
405436 7.55478e+006 26.061
405436 7.55478e+006 21.6977
405436 7.55478e+006 21.7004
405436 7.55478e+006 21.7004
405436 7.55478e+006 26.061
405436 7.55478e+006 26.061
405436 7.55478e+006 26.061
405436 7.55478e+006 21.7004
405437 7.55478e+006 21.7004
405437 7.55478e+006 21.7004
405437 7.55478e+006 26.0627
405436 7.55478e+006 26.061
405436 7.55478e+006 26.0602
405436 7.55478e+006 21.7004
405436 7.55478e+006 21.6977
405436 7.55478e+006 21.6977
405436 7.55478e+006 26.0602
405436 7.55478e+006 26.0602
405436 7.55478e+006 26.0602
405436 7.55478e+006 21.6977
405436 7.55478e+006 21.6991
405436 7.55478e+006 21.6991
405436 7.55478e+006 26.061
405436 7.55478e+006 26.0602
405436 7.55478e+006 26.061
405436 7.55478e+006 21.6991
405436 7.55478e+006 21.7004
405436 7.55478e+006 21.7004
405436 7.55478e+006 26.0618
405436 7.55478e+006 26.061
405436 7.55478e+006 26.0618
405436 7.55478e+006 21.7004
405436 7.55478e+006 21.7004
405436 7.55478e+006 21.7004
405436 7.55478e+006 26.0602
405436 7.55478e+006 26.0618
405436 7.55478e+006 26.11
405436 7.55478e+006 26.11
405436 7.55478e+006 26.1073
405436 7.55478e+006 26.1073
405436 7.55478e+006 26.1086
405436 7.55478e+006 26.11
405437 7.55478e+006 26.1087
405436 7.55478e+006 26.1073
405436 7.55478e+006 26.11
405436 7.55478e+006 26.11
405437 7.55478e+006 26.11
405437 7.55478e+006 26.1087
405437 7.55478e+006 21.7072
405437 7.55478e+006 21.7072
405437 7.55478e+006 26.1049
405437 7.55478e+006 26.1049
405437 7.55478e+006 26.1049
405437 7.55478e+006 21.7072
405437 7.55478e+006 21.7072
405437 7.55478e+006 26.1049
405437 7.55478e+006 26.1049
405437 7.55478e+006 26.1049
405437 7.55478e+006 21.7072
405437 7.55478e+006 21.7072
405437 7.55478e+006 21.7072
405437 7.55478e+006 21.7072
405437 7.55478e+006 26.1049
405437 7.55478e+006 26.1049
405437 7.55478e+006 26.1049
405437 7.55478e+006 21.7072
405437 7.55478e+006 21.7072
405437 7.55478e+006 26.1049
405437 7.55478e+006 26.1049
405437 7.55478e+006 26.1049
405437 7.55478e+006 21.7072
405437 7.55478e+006 21.7072
405437 7.55478e+006 26.1049
405437 7.55478e+006 21.7072
405437 7.55478e+006 21.7072
405437 7.55478e+006 21.7072
405437 7.55478e+006 26.1049
405437 7.55478e+006 26.1049
405436 7.55478e+006 21.7072
405436 7.55478e+006 26.1049
405436 7.55478e+006 26.1049
405436 7.55478e+006 26.1049
405436 7.55478e+006 21.7072
405436 7.55478e+006 21.7072
405436 7.55478e+006 26.1049
405436 7.55478e+006 21.7072
405437 7.55478e+006 21.7072
405437 7.55478e+006 21.7072
405437 7.55478e+006 26.1049
405436 7.55478e+006 26.1049
405437 7.55478e+006 21.7072
405437 7.55478e+006 21.7072
405437 7.55478e+006 21.7072
405437 7.55478e+006 21.7072
405437 7.55478e+006 21.7072
405437 7.55478e+006 21.7072
405437 7.55478e+006 21.7072
405437 7.55478e+006 21.7072
405437 7.55478e+006 26.1049
405437 7.55478e+006 26.1049
405437 7.55478e+006 26.1049
405437 7.55478e+006 21.7072
405437 7.55478e+006 26.1049
405437 7.55478e+006 26.1049
405437 7.55478e+006 26.1049
405437 7.55478e+006 26.1049
405437 7.55478e+006 26.1049
405437 7.55478e+006 26.1049
405437 7.55478e+006 26.1049
405437 7.55478e+006 26.1049
405437 7.55478e+006 21.7072
405437 7.55478e+006 21.7072
405437 7.55478e+006 21.7072
405437 7.55478e+006 26.1049
405437 7.55478e+006 21.7072
405437 7.55478e+006 21.7072
405437 7.55478e+006 21.7072
405437 7.55478e+006 21.7072
405437 7.55478e+006 21.7072
405437 7.55478e+006 21.7072
405437 7.55478e+006 21.7072
405437 7.55478e+006 21.7072
405437 7.55478e+006 26.1049
405437 7.55478e+006 26.1049
405437 7.55478e+006 26.1049
405437 7.55478e+006 21.7072
405437 7.55478e+006 26.1049
405437 7.55478e+006 26.1049
405437 7.55478e+006 26.1049
405437 7.55478e+006 26.1049
405437 7.55478e+006 26.1049
405437 7.55478e+006 26.1049
405437 7.55478e+006 26.1049
405437 7.55478e+006 26.1049
405437 7.55478e+006 21.7072
405437 7.55478e+006 21.7072
405437 7.55478e+006 21.7072
405437 7.55478e+006 26.1049
405437 7.55478e+006 21.7072
405437 7.55478e+006 21.7072
405437 7.55478e+006 21.7072
405437 7.55478e+006 21.7072
405437 7.55478e+006 21.7072
405437 7.55478e+006 21.7072
405437 7.55478e+006 21.7072
405437 7.55478e+006 21.7072
405437 7.55478e+006 26.1049
405437 7.55478e+006 26.1049
405437 7.55478e+006 26.1049
405437 7.55478e+006 21.7072
405437 7.55478e+006 26.1049
405437 7.55478e+006 26.1049
405437 7.55478e+006 26.1049
405437 7.55478e+006 26.1049
405437 7.55478e+006 26.1049
405437 7.55478e+006 26.1049
405437 7.55478e+006 26.1049
405437 7.55478e+006 26.1049
405437 7.55478e+006 21.7072
405437 7.55478e+006 21.7072
405437 7.55478e+006 21.7072
405437 7.55478e+006 26.1049
405437 7.55478e+006 26.1049
405437 7.55478e+006 26.1049
405437 7.55478e+006 21.7072
405437 7.55478e+006 21.7072
405437 7.55478e+006 21.7072
405437 7.55478e+006 26.1049
405437 7.55478e+006 21.7072
405437 7.55478e+006 21.7072
405437 7.55478e+006 21.7072
405437 7.55478e+006 21.7072
405437 7.55478e+006 21.7072
405437 7.55478e+006 21.7072
405437 7.55478e+006 21.7072
405437 7.55478e+006 21.7072
405437 7.55478e+006 26.1049
405437 7.55478e+006 26.1049
405437 7.55478e+006 26.1049
405437 7.55478e+006 21.7072
405437 7.55478e+006 26.1049
405437 7.55478e+006 26.1049
405437 7.55478e+006 26.1049
405437 7.55478e+006 26.1049
405437 7.55478e+006 26.1049
405437 7.55478e+006 26.1049
405437 7.55478e+006 21.7072
405437 7.55478e+006 21.7072
405437 7.55478e+006 26.1049
405437 7.55478e+006 26.1049
405437 7.55478e+006 26.1049
405437 7.55478e+006 21.7072
405437 7.55478e+006 26.1049
405437 7.55478e+006 26.1049
405437 7.55478e+006 26.1049
405437 7.55478e+006 26.1049
405437 7.55478e+006 26.1049
405437 7.55478e+006 26.1049
405437 7.55478e+006 26.1049
405437 7.55478e+006 26.1049
405437 7.55478e+006 21.7072
405437 7.55478e+006 21.7072
405437 7.55478e+006 21.7072
405437 7.55478e+006 26.1049
405437 7.55478e+006 21.7072
405437 7.55478e+006 21.7072
405437 7.55478e+006 21.7072
405437 7.55478e+006 21.7072
405437 7.55478e+006 21.7072
405437 7.55478e+006 21.7072
405436 7.55478e+006 26.1049
405436 7.55478e+006 26.1049
405436 7.55478e+006 21.7072
405436 7.55478e+006 21.7072
405436 7.55478e+006 21.7072
405436 7.55478e+006 26.1049
405436 7.55478e+006 21.7072
405436 7.55478e+006 21.7072
405436 7.55478e+006 21.7072
405436 7.55478e+006 21.7072
405436 7.55478e+006 21.7072
405436 7.55478e+006 21.7072
405436 7.55478e+006 21.7072
405436 7.55478e+006 21.7072
405436 7.55478e+006 26.1049
405436 7.55478e+006 26.1049
405436 7.55478e+006 26.1049
405436 7.55478e+006 21.7072
405436 7.55478e+006 26.1049
405436 7.55478e+006 26.1049
405436 7.55478e+006 26.1049
405436 7.55478e+006 26.1049
405436 7.55478e+006 26.1049
405436 7.55478e+006 26.1049
405436 7.55478e+006 21.7072
405436 7.55478e+006 21.7072
405436 7.55478e+006 26.1049
405436 7.55478e+006 26.1049
405436 7.55478e+006 26.1049
405436 7.55478e+006 21.7072
405436 7.55478e+006 26.1049
405436 7.55478e+006 26.1049
405437 7.55478e+006 26.1049
405437 7.55478e+006 26.1049
405437 7.55478e+006 26.1049
405436 7.55478e+006 26.1049
405437 7.55478e+006 26.1049
405437 7.55478e+006 26.1049
405437 7.55478e+006 21.7072
405437 7.55478e+006 21.7072
405437 7.55478e+006 21.7072
405437 7.55478e+006 26.1049
405437 7.55478e+006 21.7072
405437 7.55478e+006 21.7072
405436 7.55478e+006 21.7072
405436 7.55478e+006 21.7072
405436 7.55478e+006 21.7072
405437 7.55478e+006 21.7072
405437 7.55478e+006 26.1049
405437 7.55478e+006 21.7072
405437 7.55478e+006 21.7072
405437 7.55478e+006 21.7072
405437 7.55478e+006 26.1049
405437 7.55478e+006 26.1049
405437 7.55478e+006 26.1049
405437 7.55478e+006 21.7072
405437 7.55478e+006 21.7072
405437 7.55478e+006 21.7072
405437 7.55478e+006 26.1049
405437 7.55478e+006 26.1049
405437 7.55478e+006 26.1049
405437 7.55478e+006 21.7072
405437 7.55478e+006 21.7072
405437 7.55478e+006 21.7072
405437 7.55478e+006 26.1049
405437 7.55478e+006 26.1049
405437 7.55478e+006 26.1049
405437 7.55478e+006 26.1049
405437 7.55478e+006 21.7072
405437 7.55478e+006 21.7072
405437 7.55478e+006 21.7072
405437 7.55478e+006 26.1049
405437 7.55478e+006 21.7072
405437 7.55478e+006 21.7072
405437 7.55478e+006 26.1049
405437 7.55478e+006 26.1049
405437 7.55478e+006 26.1049
405437 7.55478e+006 21.7072
405436 7.55478e+006 26.1049
405436 7.55478e+006 26.1049
405436 7.55478e+006 21.7072
405436 7.55478e+006 21.7072
405436 7.55478e+006 21.7072
405436 7.55478e+006 26.1049
405437 7.55478e+006 21.7072
405436 7.55478e+006 21.7072
405436 7.55478e+006 26.1049
405436 7.55478e+006 26.1049
405437 7.55478e+006 26.1049
405437 7.55478e+006 21.7072
405436 7.55478e+006 25.023
405436 7.55478e+006 25.0244
405436 7.55478e+006 25.0244
405436 7.55478e+006 25.0244
405436 7.55478e+006 25.0244
405436 7.55478e+006 25.023
405436 7.55478e+006 25.0244
405436 7.55478e+006 24.9758
405436 7.55478e+006 24.9762
405436 7.55478e+006 24.9762
405436 7.55478e+006 25.0244
405436 7.55478e+006 25.0244
405436 7.55478e+006 24.9758
405436 7.55478e+006 24.9758
405436 7.55478e+006 24.9754
405436 7.55478e+006 24.9754
405436 7.55478e+006 24.9762
405436 7.55478e+006 24.9758
405436 7.55478e+006 24.9754
405436 7.55478e+006 24.9758
405436 7.55478e+006 25.0244
405436 7.55478e+006 25.0244
405436 7.55478e+006 25.023
405436 7.55478e+006 24.9754
405437 7.55478e+006 25.0244
405437 7.55478e+006 25.0244
405437 7.55478e+006 25.0244
405437 7.55478e+006 25.0244
405437 7.55478e+006 25.0244
405437 7.55478e+006 25.0244
405437 7.55478e+006 24.9758
405437 7.55478e+006 25.0244
405437 7.55478e+006 25.0244
405437 7.55478e+006 25.0244
405437 7.55478e+006 24.9758
405437 7.55478e+006 24.9758
405437 7.55478e+006 24.9758
405437 7.55478e+006 24.9758
405437 7.55478e+006 24.9758
405437 7.55478e+006 24.9758
405437 7.55478e+006 24.9758
405437 7.55478e+006 24.9758
405437 7.55478e+006 25.0244
405437 7.55478e+006 24.9758
405437 7.55478e+006 24.9758
405437 7.55478e+006 24.9758
405437 7.55478e+006 25.0244
405437 7.55478e+006 25.0244
405437 7.55478e+006 25.0244
405437 7.55478e+006 25.0244
405437 7.55478e+006 25.0244
405437 7.55478e+006 25.0244
405437 7.55478e+006 25.0244
405437 7.55478e+006 25.0244
405437 7.55478e+006 24.9758
405437 7.55478e+006 25.0244
405437 7.55478e+006 25.0244
405437 7.55478e+006 25.0244
405437 7.55478e+006 24.9758
405437 7.55478e+006 24.9758
405437 7.55478e+006 24.9758
405437 7.55478e+006 24.9758
405437 7.55478e+006 24.9758
405437 7.55478e+006 24.9758
405437 7.55478e+006 24.9758
405437 7.55478e+006 24.9758
405437 7.55478e+006 25.0244
405437 7.55478e+006 24.9758
405437 7.55478e+006 24.9758
405437 7.55478e+006 24.9758
405437 7.55478e+006 25.0244
405437 7.55478e+006 25.0244
405437 7.55478e+006 25.0244
405437 7.55478e+006 25.0244
405437 7.55478e+006 25.0244
405437 7.55478e+006 25.0244
405437 7.55478e+006 25.0244
405437 7.55478e+006 25.0244
405437 7.55478e+006 24.9758
405437 7.55478e+006 25.0244
405437 7.55478e+006 25.0244
405437 7.55478e+006 25.0244
405437 7.55478e+006 24.9758
405437 7.55478e+006 24.9758
405437 7.55478e+006 24.9758
405437 7.55478e+006 24.9758
405437 7.55478e+006 24.9758
405437 7.55478e+006 24.9758
405437 7.55478e+006 24.9758
405437 7.55478e+006 24.9758
405437 7.55478e+006 25.0244
405437 7.55478e+006 24.9758
405437 7.55478e+006 24.9758
405437 7.55478e+006 24.9758
405437 7.55478e+006 25.0244
405437 7.55478e+006 25.0244
405437 7.55478e+006 25.0244
405437 7.55478e+006 25.0244
405437 7.55478e+006 25.0244
405437 7.55478e+006 25.0244
405437 7.55478e+006 25.0244
405437 7.55478e+006 25.0244
405437 7.55478e+006 24.9758
405437 7.55478e+006 25.0244
405437 7.55478e+006 25.0244
405437 7.55478e+006 25.0244
405437 7.55478e+006 24.9758
405437 7.55478e+006 24.9758
405437 7.55478e+006 24.9758
405437 7.55478e+006 24.9758
405437 7.55478e+006 24.9758
405437 7.55478e+006 24.9758
405437 7.55478e+006 24.9758
405437 7.55478e+006 24.9758
405437 7.55478e+006 25.0244
405437 7.55478e+006 24.9758
405437 7.55478e+006 24.9758
405437 7.55478e+006 24.9758
405437 7.55478e+006 25.0244
405437 7.55478e+006 25.0244
405437 7.55478e+006 25.0244
405437 7.55478e+006 25.0244
405437 7.55478e+006 25.0244
405437 7.55478e+006 25.0244
405437 7.55478e+006 25.0244
405437 7.55478e+006 25.0244
405437 7.55478e+006 24.9758
405437 7.55478e+006 25.0244
405437 7.55478e+006 25.0244
405437 7.55478e+006 25.0244
405437 7.55478e+006 24.9758
405437 7.55478e+006 24.9758
405437 7.55478e+006 24.9758
405437 7.55478e+006 24.9758
405437 7.55478e+006 24.9758
405437 7.55478e+006 24.9758
405437 7.55478e+006 24.9758
405437 7.55478e+006 24.9758
405437 7.55478e+006 25.0244
405437 7.55478e+006 24.9758
405437 7.55478e+006 24.9758
405437 7.55478e+006 24.9758
405437 7.55478e+006 25.0244
405437 7.55478e+006 25.0244
405437 7.55478e+006 25.0244
405437 7.55478e+006 25.0244
405437 7.55478e+006 25.0244
405437 7.55478e+006 25.0244
405437 7.55478e+006 25.0244
405437 7.55478e+006 25.0244
405437 7.55478e+006 24.9758
405437 7.55478e+006 25.0244
405437 7.55478e+006 25.0244
405437 7.55478e+006 25.0244
405437 7.55478e+006 24.9758
405437 7.55478e+006 24.9758
405437 7.55478e+006 24.9758
405437 7.55478e+006 24.9758
405437 7.55478e+006 24.9758
405437 7.55478e+006 24.9758
405437 7.55478e+006 24.9758
405437 7.55478e+006 24.9758
405437 7.55478e+006 25.0244
405437 7.55478e+006 24.9758
405437 7.55478e+006 24.9758
405437 7.55478e+006 24.9758
405437 7.55478e+006 25.0244
405437 7.55478e+006 25.0244
405437 7.55478e+006 25.0244
405437 7.55478e+006 25.0244
405437 7.55478e+006 25.0244
405437 7.55478e+006 25.0244
405437 7.55478e+006 25.0244
405437 7.55478e+006 25.0244
405437 7.55478e+006 24.9758
405437 7.55478e+006 25.0244
405437 7.55478e+006 25.0244
405437 7.55478e+006 25.0244
405437 7.55478e+006 24.9758
405437 7.55478e+006 24.9758
405437 7.55478e+006 24.9758
405437 7.55478e+006 24.9758
405437 7.55478e+006 24.9758
405437 7.55478e+006 24.9758
405437 7.55478e+006 24.9758
405437 7.55478e+006 24.9758
405437 7.55478e+006 25.0244
405437 7.55478e+006 24.9758
405437 7.55478e+006 24.9758
405437 7.55478e+006 24.9758
405437 7.55478e+006 25.0244
405437 7.55478e+006 25.0244
405437 7.55478e+006 25.0244
405437 7.55478e+006 25.0244
405437 7.55478e+006 25.0244
405437 7.55478e+006 25.0244
405437 7.55478e+006 25.0244
405437 7.55478e+006 25.0244
405437 7.55478e+006 24.9758
405437 7.55478e+006 25.0244
405437 7.55478e+006 25.0244
405437 7.55478e+006 25.0244
405437 7.55478e+006 24.9758
405437 7.55478e+006 24.9758
405437 7.55478e+006 24.9758
405437 7.55478e+006 24.9758
405437 7.55478e+006 24.9758
405437 7.55478e+006 24.9758
405437 7.55478e+006 24.9758
405437 7.55478e+006 24.9758
405437 7.55478e+006 25.0244
405437 7.55478e+006 24.9758
405437 7.55478e+006 24.9758
405437 7.55478e+006 24.9758
405437 7.55478e+006 25.0244
405437 7.55478e+006 25.0244
405437 7.55478e+006 25.0244
405437 7.55478e+006 25.0244
405437 7.55478e+006 25.0244
405437 7.55478e+006 25.0244
405437 7.55478e+006 25.0244
405437 7.55478e+006 25.0244
405437 7.55478e+006 24.9758
405437 7.55478e+006 25.0244
405437 7.55478e+006 25.0244
405437 7.55478e+006 25.0244
405437 7.55478e+006 24.9758
405437 7.55478e+006 24.9758
405437 7.55478e+006 24.9758
405437 7.55478e+006 24.9758
405437 7.55478e+006 24.9758
405437 7.55478e+006 24.9758
405437 7.55478e+006 24.9758
405437 7.55478e+006 24.9758
405437 7.55478e+006 25.0244
405437 7.55478e+006 24.9758
405437 7.55478e+006 24.9758
405437 7.55478e+006 24.9758
405437 7.55478e+006 25.0244
405437 7.55478e+006 25.0244
405436 7.55478e+006 25.0244
405436 7.55478e+006 25.0244
405437 7.55478e+006 25.0244
405437 7.55478e+006 25.0244
405437 7.55478e+006 25.0244
405436 7.55478e+006 25.0244
405436 7.55478e+006 24.9758
405436 7.55478e+006 25.0244
405437 7.55478e+006 25.0244
405437 7.55478e+006 25.0244
405437 7.55478e+006 24.9758
405436 7.55478e+006 24.9758
405436 7.55478e+006 24.9758
405436 7.55478e+006 24.9758
405437 7.55478e+006 24.9758
405437 7.55478e+006 24.9758
405437 7.55478e+006 24.9758
405436 7.55478e+006 24.9758
405436 7.55478e+006 25.0244
405436 7.55478e+006 24.9758
405437 7.55478e+006 24.9758
405437 7.55478e+006 24.9758
405437 7.55478e+006 25.0244
405436 7.55478e+006 25.0244
405436 7.55478e+006 25.0243
405436 7.55478e+006 25.0244
405436 7.55478e+006 24.9762
405436 7.55478e+006 24.9762
405436 7.55478e+006 24.9745
405436 7.55478e+006 25.0243
405436 7.55478e+006 24.9754
405436 7.55478e+006 25.023
405436 7.55478e+006 25.0216
405436 7.55478e+006 25.0216
405436 7.55478e+006 24.9745
405436 7.55478e+006 24.9754
405437 7.55478e+006 25.023
405437 7.55478e+006 25.0244
405437 7.55478e+006 25.0244
405437 7.55478e+006 25.0244
405437 7.55478e+006 25.0244
405437 7.55478e+006 25.023
405437 7.55478e+006 25.0244
405437 7.55478e+006 25.0244
405437 7.55478e+006 24.977
405437 7.55478e+006 24.977
405437 7.55478e+006 24.9758
405437 7.55478e+006 25.0244
405437 7.55478e+006 24.9758
405437 7.55478e+006 24.977
405437 7.55478e+006 24.9757
405437 7.55478e+006 24.9757
405437 7.55478e+006 24.9758
405437 7.55478e+006 24.9758
405437 7.55478e+006 24.9757
405437 7.55478e+006 25.023
405437 7.55478e+006 25.0244
405437 7.55478e+006 25.0244
405437 7.55478e+006 24.9758
405437 7.55478e+006 24.9757
405436 7.55478e+006 24.9745
405436 7.55478e+006 24.9745
405436 7.55478e+006 25.0216
405436 7.55478e+006 25.0216
405436 7.55478e+006 25.0243
405436 7.55478e+006 24.9745
405436 7.55478e+006 25.0216
405436 7.55478e+006 24.9753
405436 7.55478e+006 24.9753
405436 7.55478e+006 24.9753
405436 7.55478e+006 25.0243
405436 7.55478e+006 25.0216
405436 7.55478e+006 25.0243
405436 7.55478e+006 24.9753
405437 7.55478e+006 24.977
405437 7.55478e+006 24.977
405437 7.55478e+006 25.0244
405436 7.55478e+006 25.0243
405436 7.55478e+006 25.0216
405437 7.55478e+006 25.023
405437 7.55478e+006 24.9757
405437 7.55478e+006 24.9757
405436 7.55478e+006 24.9753
405436 7.55478e+006 25.0216
405436 7.55478e+006 25.0244
405436 7.55478e+006 25.0243
405436 7.55478e+006 25.0216
405436 7.55478e+006 25.0216
405436 7.55478e+006 25.023
405436 7.55478e+006 25.0244
405437 7.55478e+006 25.023
405436 7.55478e+006 25.0216
405436 7.55478e+006 25.0243
405436 7.55478e+006 25.0243
405437 7.55478e+006 25.0244
405437 7.55478e+006 25.023
405436 7.55478e+006 24.9762
405436 7.55478e+006 24.9754
405436 7.55478e+006 24.9745
405436 7.55478e+006 24.9745
405436 7.55478e+006 24.9745
405436 7.55478e+006 24.9762
405436 7.55478e+006 24.9753
405437 7.55478e+006 24.9757
405437 7.55478e+006 24.977
405437 7.55478e+006 24.977
405436 7.55478e+006 24.9753
405436 7.55478e+006 24.9753
405436 7.55478e+006 23.9303
405436 7.55478e+006 23.9316
405436 7.55478e+006 23.9316
405436 7.55478e+006 23.9316
405436 7.55478e+006 23.9316
405436 7.55478e+006 23.9303
405436 7.55478e+006 23.9316
405436 7.55478e+006 23.8831
405436 7.55478e+006 23.8835
405436 7.55478e+006 23.8835
405436 7.55478e+006 23.9316
405436 7.55478e+006 23.9316
405436 7.55478e+006 23.8831
405436 7.55478e+006 23.8831
405436 7.55478e+006 23.8827
405436 7.55478e+006 23.8827
405436 7.55478e+006 23.8835
405436 7.55478e+006 23.8831
405436 7.55478e+006 23.8827
405436 7.55478e+006 23.8831
405436 7.55478e+006 23.9316
405436 7.55478e+006 23.9316
405436 7.55478e+006 23.9303
405436 7.55478e+006 23.8827
405437 7.55478e+006 23.9316
405437 7.55478e+006 23.9316
405437 7.55478e+006 23.9316
405437 7.55478e+006 23.9316
405437 7.55478e+006 23.9316
405437 7.55478e+006 23.9316
405437 7.55478e+006 23.8831
405437 7.55478e+006 23.9316
405437 7.55478e+006 23.9316
405437 7.55478e+006 23.9316
405437 7.55478e+006 23.8831
405437 7.55478e+006 23.8831
405437 7.55478e+006 23.8831
405437 7.55478e+006 23.8831
405437 7.55478e+006 23.8831
405437 7.55478e+006 23.8831
405437 7.55478e+006 23.8831
405437 7.55478e+006 23.8831
405437 7.55478e+006 23.9316
405437 7.55478e+006 23.8831
405437 7.55478e+006 23.8831
405437 7.55478e+006 23.8831
405437 7.55478e+006 23.9316
405437 7.55478e+006 23.9316
405437 7.55478e+006 23.9316
405437 7.55478e+006 23.9316
405437 7.55478e+006 23.9316
405437 7.55478e+006 23.9316
405437 7.55478e+006 23.9316
405437 7.55478e+006 23.9316
405437 7.55478e+006 23.8831
405437 7.55478e+006 23.9316
405437 7.55478e+006 23.9316
405437 7.55478e+006 23.9316
405437 7.55478e+006 23.8831
405437 7.55478e+006 23.8831
405437 7.55478e+006 23.8831
405437 7.55478e+006 23.8831
405437 7.55478e+006 23.8831
405437 7.55478e+006 23.8831
405437 7.55478e+006 23.8831
405437 7.55478e+006 23.8831
405437 7.55478e+006 23.9316
405437 7.55478e+006 23.8831
405437 7.55478e+006 23.8831
405437 7.55478e+006 23.8831
405437 7.55478e+006 23.9316
405437 7.55478e+006 23.9316
405437 7.55478e+006 23.9316
405437 7.55478e+006 23.9316
405437 7.55478e+006 23.9316
405437 7.55478e+006 23.9316
405437 7.55478e+006 23.9316
405437 7.55478e+006 23.9316
405437 7.55478e+006 23.8831
405437 7.55478e+006 23.9316
405437 7.55478e+006 23.9316
405437 7.55478e+006 23.9316
405437 7.55478e+006 23.8831
405437 7.55478e+006 23.8831
405437 7.55478e+006 23.8831
405437 7.55478e+006 23.8831
405437 7.55478e+006 23.8831
405437 7.55478e+006 23.8831
405437 7.55478e+006 23.8831
405437 7.55478e+006 23.8831
405437 7.55478e+006 23.9316
405437 7.55478e+006 23.8831
405437 7.55478e+006 23.8831
405437 7.55478e+006 23.8831
405437 7.55478e+006 23.9316
405437 7.55478e+006 23.9316
405437 7.55478e+006 23.9316
405437 7.55478e+006 23.9316
405437 7.55478e+006 23.9316
405437 7.55478e+006 23.9316
405437 7.55478e+006 23.9316
405437 7.55478e+006 23.9316
405437 7.55478e+006 23.8831
405437 7.55478e+006 23.9316
405437 7.55478e+006 23.9316
405437 7.55478e+006 23.9316
405437 7.55478e+006 23.8831
405437 7.55478e+006 23.8831
405437 7.55478e+006 23.8831
405437 7.55478e+006 23.8831
405437 7.55478e+006 23.8831
405437 7.55478e+006 23.8831
405437 7.55478e+006 23.8831
405437 7.55478e+006 23.8831
405437 7.55478e+006 23.9316
405437 7.55478e+006 23.8831
405437 7.55478e+006 23.8831
405437 7.55478e+006 23.8831
405437 7.55478e+006 23.9316
405437 7.55478e+006 23.9316
405437 7.55478e+006 23.9316
405437 7.55478e+006 23.9316
405437 7.55478e+006 23.9316
405437 7.55478e+006 23.9316
405437 7.55478e+006 23.9316
405437 7.55478e+006 23.9316
405437 7.55478e+006 23.8831
405437 7.55478e+006 23.9316
405437 7.55478e+006 23.9316
405437 7.55478e+006 23.9316
405437 7.55478e+006 23.8831
405437 7.55478e+006 23.8831
405437 7.55478e+006 23.8831
405437 7.55478e+006 23.8831
405437 7.55478e+006 23.8831
405437 7.55478e+006 23.8831
405437 7.55478e+006 23.8831
405437 7.55478e+006 23.8831
405437 7.55478e+006 23.9316
405437 7.55478e+006 23.8831
405437 7.55478e+006 23.8831
405437 7.55478e+006 23.8831
405437 7.55478e+006 23.9316
405437 7.55478e+006 23.9316
405437 7.55478e+006 23.9316
405437 7.55478e+006 23.9316
405437 7.55478e+006 23.9316
405437 7.55478e+006 23.9316
405437 7.55478e+006 23.9316
405437 7.55478e+006 23.9316
405437 7.55478e+006 23.8831
405437 7.55478e+006 23.9316
405437 7.55478e+006 23.9316
405437 7.55478e+006 23.9316
405437 7.55478e+006 23.8831
405437 7.55478e+006 23.8831
405437 7.55478e+006 23.8831
405437 7.55478e+006 23.8831
405437 7.55478e+006 23.8831
405437 7.55478e+006 23.8831
405437 7.55478e+006 23.8831
405437 7.55478e+006 23.8831
405437 7.55478e+006 23.9316
405437 7.55478e+006 23.8831
405437 7.55478e+006 23.8831
405437 7.55478e+006 23.8831
405437 7.55478e+006 23.9316
405437 7.55478e+006 23.9316
405437 7.55478e+006 23.9316
405437 7.55478e+006 23.9316
405437 7.55478e+006 23.9316
405437 7.55478e+006 23.9316
405437 7.55478e+006 23.9316
405437 7.55478e+006 23.9316
405437 7.55478e+006 23.8831
405437 7.55478e+006 23.9316
405437 7.55478e+006 23.9316
405437 7.55478e+006 23.9316
405437 7.55478e+006 23.8831
405437 7.55478e+006 23.8831
405437 7.55478e+006 23.8831
405437 7.55478e+006 23.8831
405437 7.55478e+006 23.8831
405437 7.55478e+006 23.8831
405437 7.55478e+006 23.8831
405437 7.55478e+006 23.8831
405437 7.55478e+006 23.9316
405437 7.55478e+006 23.8831
405437 7.55478e+006 23.8831
405437 7.55478e+006 23.8831
405437 7.55478e+006 23.9316
405437 7.55478e+006 23.9316
405437 7.55478e+006 23.9316
405437 7.55478e+006 23.9316
405437 7.55478e+006 23.9316
405437 7.55478e+006 23.9316
405437 7.55478e+006 23.9316
405437 7.55478e+006 23.9316
405437 7.55478e+006 23.8831
405437 7.55478e+006 23.9316
405437 7.55478e+006 23.9316
405437 7.55478e+006 23.9316
405437 7.55478e+006 23.8831
405437 7.55478e+006 23.8831
405437 7.55478e+006 23.8831
405437 7.55478e+006 23.8831
405437 7.55478e+006 23.8831
405437 7.55478e+006 23.8831
405437 7.55478e+006 23.8831
405437 7.55478e+006 23.8831
405437 7.55478e+006 23.9316
405437 7.55478e+006 23.8831
405437 7.55478e+006 23.8831
405437 7.55478e+006 23.8831
405437 7.55478e+006 23.9316
405437 7.55478e+006 23.9316
405437 7.55478e+006 23.9316
405437 7.55478e+006 23.9316
405437 7.55478e+006 23.9316
405437 7.55478e+006 23.9316
405437 7.55478e+006 23.9316
405437 7.55478e+006 23.9316
405437 7.55478e+006 23.8831
405437 7.55478e+006 23.9316
405437 7.55478e+006 23.9316
405437 7.55478e+006 23.9316
405437 7.55478e+006 23.8831
405437 7.55478e+006 23.8831
405437 7.55478e+006 23.8831
405437 7.55478e+006 23.8831
405437 7.55478e+006 23.8831
405437 7.55478e+006 23.8831
405437 7.55478e+006 23.8831
405437 7.55478e+006 23.8831
405437 7.55478e+006 23.9316
405437 7.55478e+006 23.8831
405437 7.55478e+006 23.8831
405437 7.55478e+006 23.8831
405437 7.55478e+006 23.9316
405437 7.55478e+006 23.9316
405436 7.55478e+006 23.9316
405436 7.55478e+006 23.9316
405437 7.55478e+006 23.9316
405437 7.55478e+006 23.9316
405437 7.55478e+006 23.9316
405436 7.55478e+006 23.9316
405436 7.55478e+006 23.8831
405436 7.55478e+006 23.9316
405437 7.55478e+006 23.9316
405437 7.55478e+006 23.9316
405437 7.55478e+006 23.8831
405436 7.55478e+006 23.8831
405436 7.55478e+006 23.8831
405436 7.55478e+006 23.8831
405437 7.55478e+006 23.8831
405437 7.55478e+006 23.8831
405437 7.55478e+006 23.8831
405436 7.55478e+006 23.8831
405436 7.55478e+006 23.9316
405436 7.55478e+006 23.8831
405437 7.55478e+006 23.8831
405437 7.55478e+006 23.8831
405437 7.55478e+006 23.9316
405436 7.55478e+006 23.9316
405436 7.55478e+006 23.9316
405436 7.55478e+006 23.9316
405436 7.55478e+006 23.8835
405436 7.55478e+006 23.8835
405436 7.55478e+006 23.8818
405436 7.55478e+006 23.9316
405436 7.55478e+006 23.8827
405436 7.55478e+006 23.9303
405436 7.55478e+006 23.9289
405436 7.55478e+006 23.9289
405436 7.55478e+006 23.8818
405436 7.55478e+006 23.8827
405437 7.55478e+006 23.9303
405437 7.55478e+006 23.9316
405437 7.55478e+006 23.9316
405437 7.55478e+006 23.9316
405437 7.55478e+006 23.9316
405437 7.55478e+006 23.9303
405437 7.55478e+006 23.9316
405437 7.55478e+006 23.9316
405437 7.55478e+006 23.8843
405437 7.55478e+006 23.8843
405437 7.55478e+006 23.8831
405437 7.55478e+006 23.9316
405437 7.55478e+006 23.8831
405437 7.55478e+006 23.8843
405437 7.55478e+006 23.8829
405437 7.55478e+006 23.8829
405437 7.55478e+006 23.8831
405437 7.55478e+006 23.8831
405437 7.55478e+006 23.8829
405437 7.55478e+006 23.9303
405437 7.55478e+006 23.9316
405437 7.55478e+006 23.9316
405437 7.55478e+006 23.8831
405437 7.55478e+006 23.8829
405436 7.55478e+006 23.8818
405436 7.55478e+006 23.8818
405436 7.55478e+006 23.9289
405436 7.55478e+006 23.9289
405436 7.55478e+006 23.9316
405436 7.55478e+006 23.8818
405436 7.55478e+006 23.9289
405436 7.55478e+006 23.8826
405436 7.55478e+006 23.8826
405436 7.55478e+006 23.8826
405436 7.55478e+006 23.9316
405436 7.55478e+006 23.9289
405436 7.55478e+006 23.9316
405436 7.55478e+006 23.8826
405437 7.55478e+006 23.8843
405437 7.55478e+006 23.8843
405437 7.55478e+006 23.9316
405436 7.55478e+006 23.9316
405436 7.55478e+006 23.9289
405437 7.55478e+006 23.9303
405437 7.55478e+006 23.8829
405437 7.55478e+006 23.8829
405436 7.55478e+006 23.8826
405436 7.55478e+006 23.9289
405436 7.55478e+006 23.9316
405436 7.55478e+006 23.9316
405436 7.55478e+006 23.9289
405436 7.55478e+006 23.9289
405436 7.55478e+006 23.9303
405436 7.55478e+006 23.9316
405437 7.55478e+006 23.9303
405436 7.55478e+006 23.9289
405436 7.55478e+006 23.9316
405436 7.55478e+006 23.9316
405437 7.55478e+006 23.9316
405437 7.55478e+006 23.9303
405436 7.55478e+006 23.8835
405436 7.55478e+006 23.8827
405436 7.55478e+006 23.8818
405436 7.55478e+006 23.8818
405436 7.55478e+006 23.8818
405436 7.55478e+006 23.8835
405436 7.55478e+006 23.8826
405437 7.55478e+006 23.8829
405437 7.55478e+006 23.8843
405437 7.55478e+006 23.8843
405436 7.55478e+006 23.8826
405436 7.55478e+006 23.8826
405436 7.55478e+006 22.8395
405436 7.55478e+006 22.8409
405436 7.55478e+006 22.8409
405436 7.55478e+006 22.8409
405436 7.55478e+006 22.8409
405436 7.55478e+006 22.8395
405436 7.55478e+006 22.8409
405436 7.55478e+006 22.7923
405436 7.55478e+006 22.7927
405436 7.55478e+006 22.7927
405436 7.55478e+006 22.8409
405436 7.55478e+006 22.8409
405436 7.55478e+006 22.7923
405436 7.55478e+006 22.7923
405436 7.55478e+006 22.7919
405436 7.55478e+006 22.7919
405436 7.55478e+006 22.7927
405436 7.55478e+006 22.7923
405436 7.55478e+006 22.7919
405436 7.55478e+006 22.7923
405436 7.55478e+006 22.8409
405436 7.55478e+006 22.8409
405436 7.55478e+006 22.8395
405436 7.55478e+006 22.7919
405437 7.55478e+006 22.8409
405437 7.55478e+006 22.8409
405437 7.55478e+006 22.8409
405437 7.55478e+006 22.8409
405437 7.55478e+006 22.8409
405437 7.55478e+006 22.8409
405437 7.55478e+006 22.7923
405437 7.55478e+006 22.8409
405437 7.55478e+006 22.8409
405437 7.55478e+006 22.8409
405437 7.55478e+006 22.7923
405437 7.55478e+006 22.7923
405437 7.55478e+006 22.7923
405437 7.55478e+006 22.7923
405437 7.55478e+006 22.7923
405437 7.55478e+006 22.7923
405437 7.55478e+006 22.7923
405437 7.55478e+006 22.7923
405437 7.55478e+006 22.8409
405437 7.55478e+006 22.7923
405437 7.55478e+006 22.7923
405437 7.55478e+006 22.7923
405437 7.55478e+006 22.8409
405437 7.55478e+006 22.8409
405437 7.55478e+006 22.8409
405437 7.55478e+006 22.8409
405437 7.55478e+006 22.8409
405437 7.55478e+006 22.8409
405437 7.55478e+006 22.8409
405437 7.55478e+006 22.8409
405437 7.55478e+006 22.7923
405437 7.55478e+006 22.8409
405437 7.55478e+006 22.8409
405437 7.55478e+006 22.8409
405437 7.55478e+006 22.7923
405437 7.55478e+006 22.7923
405437 7.55478e+006 22.7923
405437 7.55478e+006 22.7923
405437 7.55478e+006 22.7923
405437 7.55478e+006 22.7923
405437 7.55478e+006 22.7923
405437 7.55478e+006 22.7923
405437 7.55478e+006 22.8409
405437 7.55478e+006 22.7923
405437 7.55478e+006 22.7923
405437 7.55478e+006 22.7923
405437 7.55478e+006 22.8409
405437 7.55478e+006 22.8409
405437 7.55478e+006 22.8409
405437 7.55478e+006 22.8409
405437 7.55478e+006 22.8409
405437 7.55478e+006 22.8409
405437 7.55478e+006 22.8409
405437 7.55478e+006 22.8409
405437 7.55478e+006 22.7923
405437 7.55478e+006 22.8409
405437 7.55478e+006 22.8409
405437 7.55478e+006 22.8409
405437 7.55478e+006 22.7923
405437 7.55478e+006 22.7923
405437 7.55478e+006 22.7923
405437 7.55478e+006 22.7923
405437 7.55478e+006 22.7923
405437 7.55478e+006 22.7923
405437 7.55478e+006 22.7923
405437 7.55478e+006 22.7923
405437 7.55478e+006 22.8409
405437 7.55478e+006 22.7923
405437 7.55478e+006 22.7923
405437 7.55478e+006 22.7923
405437 7.55478e+006 22.8409
405437 7.55478e+006 22.8409
405437 7.55478e+006 22.8409
405437 7.55478e+006 22.8409
405437 7.55478e+006 22.8409
405437 7.55478e+006 22.8409
405437 7.55478e+006 22.8409
405437 7.55478e+006 22.8409
405437 7.55478e+006 22.7923
405437 7.55478e+006 22.8409
405437 7.55478e+006 22.8409
405437 7.55478e+006 22.8409
405437 7.55478e+006 22.7923
405437 7.55478e+006 22.7923
405437 7.55478e+006 22.7923
405437 7.55478e+006 22.7923
405437 7.55478e+006 22.7923
405437 7.55478e+006 22.7923
405437 7.55478e+006 22.7923
405437 7.55478e+006 22.7923
405437 7.55478e+006 22.8409
405437 7.55478e+006 22.7923
405437 7.55478e+006 22.7923
405437 7.55478e+006 22.7923
405437 7.55478e+006 22.8409
405437 7.55478e+006 22.8409
405437 7.55478e+006 22.8409
405437 7.55478e+006 22.8409
405437 7.55478e+006 22.8409
405437 7.55478e+006 22.8409
405437 7.55478e+006 22.8409
405437 7.55478e+006 22.8409
405437 7.55478e+006 22.7923
405437 7.55478e+006 22.8409
405437 7.55478e+006 22.8409
405437 7.55478e+006 22.8409
405437 7.55478e+006 22.7923
405437 7.55478e+006 22.7923
405437 7.55478e+006 22.7923
405437 7.55478e+006 22.7923
405437 7.55478e+006 22.7923
405437 7.55478e+006 22.7923
405437 7.55478e+006 22.7923
405437 7.55478e+006 22.7923
405437 7.55478e+006 22.8409
405437 7.55478e+006 22.7923
405437 7.55478e+006 22.7923
405437 7.55478e+006 22.7923
405437 7.55478e+006 22.8409
405437 7.55478e+006 22.8409
405437 7.55478e+006 22.8409
405437 7.55478e+006 22.8409
405437 7.55478e+006 22.8409
405437 7.55478e+006 22.8409
405437 7.55478e+006 22.8409
405437 7.55478e+006 22.8409
405437 7.55478e+006 22.7923
405437 7.55478e+006 22.8409
405437 7.55478e+006 22.8409
405437 7.55478e+006 22.8409
405437 7.55478e+006 22.7923
405437 7.55478e+006 22.7923
405437 7.55478e+006 22.7923
405437 7.55478e+006 22.7923
405437 7.55478e+006 22.7923
405437 7.55478e+006 22.7923
405437 7.55478e+006 22.7923
405437 7.55478e+006 22.7923
405437 7.55478e+006 22.8409
405437 7.55478e+006 22.7923
405437 7.55478e+006 22.7923
405437 7.55478e+006 22.7923
405437 7.55478e+006 22.8409
405437 7.55478e+006 22.8409
405437 7.55478e+006 22.8409
405437 7.55478e+006 22.8409
405437 7.55478e+006 22.8409
405437 7.55478e+006 22.8409
405437 7.55478e+006 22.8409
405437 7.55478e+006 22.8409
405437 7.55478e+006 22.7923
405437 7.55478e+006 22.8409
405437 7.55478e+006 22.8409
405437 7.55478e+006 22.8409
405437 7.55478e+006 22.7923
405437 7.55478e+006 22.7923
405437 7.55478e+006 22.7923
405437 7.55478e+006 22.7923
405437 7.55478e+006 22.7923
405437 7.55478e+006 22.7923
405437 7.55478e+006 22.7923
405437 7.55478e+006 22.7923
405437 7.55478e+006 22.8409
405437 7.55478e+006 22.7923
405437 7.55478e+006 22.7923
405437 7.55478e+006 22.7923
405437 7.55478e+006 22.8409
405437 7.55478e+006 22.8409
405437 7.55478e+006 22.8409
405437 7.55478e+006 22.8409
405437 7.55478e+006 22.8409
405437 7.55478e+006 22.8409
405437 7.55478e+006 22.8409
405437 7.55478e+006 22.8409
405437 7.55478e+006 22.7923
405437 7.55478e+006 22.8409
405437 7.55478e+006 22.8409
405437 7.55478e+006 22.8409
405437 7.55478e+006 22.7923
405437 7.55478e+006 22.7923
405437 7.55478e+006 22.7923
405437 7.55478e+006 22.7923
405437 7.55478e+006 22.7923
405437 7.55478e+006 22.7923
405437 7.55478e+006 22.7923
405437 7.55478e+006 22.7923
405437 7.55478e+006 22.8409
405437 7.55478e+006 22.7923
405437 7.55478e+006 22.7923
405437 7.55478e+006 22.7923
405437 7.55478e+006 22.8409
405437 7.55478e+006 22.8409
405437 7.55478e+006 22.8409
405437 7.55478e+006 22.8409
405437 7.55478e+006 22.8409
405437 7.55478e+006 22.8409
405437 7.55478e+006 22.8409
405437 7.55478e+006 22.8409
405437 7.55478e+006 22.7923
405437 7.55478e+006 22.8409
405437 7.55478e+006 22.8409
405437 7.55478e+006 22.8409
405437 7.55478e+006 22.7923
405437 7.55478e+006 22.7923
405437 7.55478e+006 22.7923
405437 7.55478e+006 22.7923
405437 7.55478e+006 22.7923
405437 7.55478e+006 22.7923
405437 7.55478e+006 22.7923
405437 7.55478e+006 22.7923
405437 7.55478e+006 22.8409
405437 7.55478e+006 22.7923
405437 7.55478e+006 22.7923
405437 7.55478e+006 22.7923
405437 7.55478e+006 22.8409
405437 7.55478e+006 22.8409
405436 7.55478e+006 22.8409
405436 7.55478e+006 22.8409
405437 7.55478e+006 22.8409
405437 7.55478e+006 22.8409
405437 7.55478e+006 22.8409
405436 7.55478e+006 22.8409
405436 7.55478e+006 22.7923
405436 7.55478e+006 22.8409
405437 7.55478e+006 22.8409
405437 7.55478e+006 22.8409
405437 7.55478e+006 22.7923
405436 7.55478e+006 22.7923
405436 7.55478e+006 22.7923
405436 7.55478e+006 22.7923
405437 7.55478e+006 22.7923
405437 7.55478e+006 22.7923
405437 7.55478e+006 22.7923
405436 7.55478e+006 22.7923
405436 7.55478e+006 22.8409
405436 7.55478e+006 22.7923
405437 7.55478e+006 22.7923
405437 7.55478e+006 22.7923
405437 7.55478e+006 22.8409
405436 7.55478e+006 22.8409
405436 7.55478e+006 22.8408
405436 7.55478e+006 22.8409
405436 7.55478e+006 22.7927
405436 7.55478e+006 22.7927
405436 7.55478e+006 22.791
405436 7.55478e+006 22.8408
405436 7.55478e+006 22.7919
405436 7.55478e+006 22.8395
405436 7.55478e+006 22.8381
405436 7.55478e+006 22.8381
405436 7.55478e+006 22.791
405436 7.55478e+006 22.7919
405437 7.55478e+006 22.8395
405437 7.55478e+006 22.8409
405437 7.55478e+006 22.8409
405437 7.55478e+006 22.8409
405437 7.55478e+006 22.8409
405437 7.55478e+006 22.8395
405437 7.55478e+006 22.8409
405437 7.55478e+006 22.8409
405437 7.55478e+006 22.7935
405437 7.55478e+006 22.7935
405437 7.55478e+006 22.7923
405437 7.55478e+006 22.8409
405437 7.55478e+006 22.7923
405437 7.55478e+006 22.7935
405437 7.55478e+006 22.7922
405437 7.55478e+006 22.7922
405437 7.55478e+006 22.7923
405437 7.55478e+006 22.7923
405437 7.55478e+006 22.7922
405437 7.55478e+006 22.8395
405437 7.55478e+006 22.8409
405437 7.55478e+006 22.8409
405437 7.55478e+006 22.7923
405437 7.55478e+006 22.7922
405436 7.55478e+006 22.791
405436 7.55478e+006 22.791
405436 7.55478e+006 22.8381
405436 7.55478e+006 22.8381
405436 7.55478e+006 22.8408
405436 7.55478e+006 22.791
405436 7.55478e+006 22.8381
405436 7.55478e+006 22.7918
405436 7.55478e+006 22.7918
405436 7.55478e+006 22.7918
405436 7.55478e+006 22.8408
405436 7.55478e+006 22.8381
405436 7.55478e+006 22.8408
405436 7.55478e+006 22.7918
405437 7.55478e+006 22.7935
405437 7.55478e+006 22.7935
405437 7.55478e+006 22.8409
405436 7.55478e+006 22.8408
405436 7.55478e+006 22.8381
405437 7.55478e+006 22.8395
405437 7.55478e+006 22.7922
405437 7.55478e+006 22.7922
405436 7.55478e+006 22.7918
405436 7.55478e+006 22.8381
405436 7.55478e+006 22.8409
405436 7.55478e+006 22.8408
405436 7.55478e+006 22.8381
405436 7.55478e+006 22.8381
405436 7.55478e+006 22.8395
405436 7.55478e+006 22.8409
405437 7.55478e+006 22.8395
405436 7.55478e+006 22.8381
405436 7.55478e+006 22.8408
405436 7.55478e+006 22.8408
405437 7.55478e+006 22.8409
405437 7.55478e+006 22.8395
405436 7.55478e+006 22.7927
405436 7.55478e+006 22.7919
405436 7.55478e+006 22.791
405436 7.55478e+006 22.791
405436 7.55478e+006 22.791
405436 7.55478e+006 22.7927
405436 7.55478e+006 22.7918
405437 7.55478e+006 22.7922
405437 7.55478e+006 22.7935
405437 7.55478e+006 22.7935
405436 7.55478e+006 22.7918
405436 7.55478e+006 22.7918
405436 7.55478e+006 21.7487
405436 7.55478e+006 21.7501
405436 7.55478e+006 21.7501
405436 7.55478e+006 21.7501
405436 7.55478e+006 21.7501
405436 7.55478e+006 21.7487
405436 7.55478e+006 21.7501
405436 7.55478e+006 21.7015
405436 7.55478e+006 21.7019
405436 7.55478e+006 21.7019
405436 7.55478e+006 21.7501
405436 7.55478e+006 21.7501
405436 7.55478e+006 21.7015
405436 7.55478e+006 21.7015
405436 7.55478e+006 21.7011
405436 7.55478e+006 21.7011
405436 7.55478e+006 21.7019
405436 7.55478e+006 21.7015
405436 7.55478e+006 21.7011
405436 7.55478e+006 21.7015
405436 7.55478e+006 21.7501
405436 7.55478e+006 21.7501
405436 7.55478e+006 21.7487
405436 7.55478e+006 21.7011
405437 7.55478e+006 21.7501
405437 7.55478e+006 21.7501
405437 7.55478e+006 21.7501
405437 7.55478e+006 21.7501
405437 7.55478e+006 21.7501
405437 7.55478e+006 21.7501
405437 7.55478e+006 21.7015
405437 7.55478e+006 21.7501
405437 7.55478e+006 21.7501
405437 7.55478e+006 21.7501
405437 7.55478e+006 21.7015
405437 7.55478e+006 21.7015
405437 7.55478e+006 21.7015
405437 7.55478e+006 21.7015
405437 7.55478e+006 21.7015
405437 7.55478e+006 21.7015
405437 7.55478e+006 21.7015
405437 7.55478e+006 21.7015
405437 7.55478e+006 21.7501
405437 7.55478e+006 21.7015
405437 7.55478e+006 21.7015
405437 7.55478e+006 21.7015
405437 7.55478e+006 21.7501
405437 7.55478e+006 21.7501
405437 7.55478e+006 21.7501
405437 7.55478e+006 21.7501
405437 7.55478e+006 21.7501
405437 7.55478e+006 21.7501
405437 7.55478e+006 21.7501
405437 7.55478e+006 21.7501
405437 7.55478e+006 21.7015
405437 7.55478e+006 21.7501
405437 7.55478e+006 21.7501
405437 7.55478e+006 21.7501
405437 7.55478e+006 21.7015
405437 7.55478e+006 21.7015
405437 7.55478e+006 21.7015
405437 7.55478e+006 21.7015
405437 7.55478e+006 21.7015
405437 7.55478e+006 21.7015
405437 7.55478e+006 21.7015
405437 7.55478e+006 21.7015
405437 7.55478e+006 21.7501
405437 7.55478e+006 21.7015
405437 7.55478e+006 21.7015
405437 7.55478e+006 21.7015
405437 7.55478e+006 21.7501
405437 7.55478e+006 21.7501
405437 7.55478e+006 21.7501
405437 7.55478e+006 21.7501
405437 7.55478e+006 21.7501
405437 7.55478e+006 21.7501
405437 7.55478e+006 21.7501
405437 7.55478e+006 21.7501
405437 7.55478e+006 21.7015
405437 7.55478e+006 21.7501
405437 7.55478e+006 21.7501
405437 7.55478e+006 21.7501
405437 7.55478e+006 21.7015
405437 7.55478e+006 21.7015
405437 7.55478e+006 21.7015
405437 7.55478e+006 21.7015
405437 7.55478e+006 21.7015
405437 7.55478e+006 21.7015
405437 7.55478e+006 21.7015
405437 7.55478e+006 21.7015
405437 7.55478e+006 21.7501
405437 7.55478e+006 21.7015
405437 7.55478e+006 21.7015
405437 7.55478e+006 21.7015
405437 7.55478e+006 21.7501
405437 7.55478e+006 21.7501
405437 7.55478e+006 21.7501
405437 7.55478e+006 21.7501
405437 7.55478e+006 21.7501
405437 7.55478e+006 21.7501
405437 7.55478e+006 21.7501
405437 7.55478e+006 21.7501
405437 7.55478e+006 21.7015
405437 7.55478e+006 21.7501
405437 7.55478e+006 21.7501
405437 7.55478e+006 21.7501
405437 7.55478e+006 21.7015
405437 7.55478e+006 21.7015
405437 7.55478e+006 21.7015
405437 7.55478e+006 21.7015
405437 7.55478e+006 21.7015
405437 7.55478e+006 21.7015
405437 7.55478e+006 21.7015
405437 7.55478e+006 21.7015
405437 7.55478e+006 21.7501
405437 7.55478e+006 21.7015
405437 7.55478e+006 21.7015
405437 7.55478e+006 21.7015
405437 7.55478e+006 21.7501
405437 7.55478e+006 21.7501
405437 7.55478e+006 21.7501
405437 7.55478e+006 21.7501
405437 7.55478e+006 21.7501
405437 7.55478e+006 21.7501
405437 7.55478e+006 21.7501
405437 7.55478e+006 21.7501
405437 7.55478e+006 21.7015
405437 7.55478e+006 21.7501
405437 7.55478e+006 21.7501
405437 7.55478e+006 21.7501
405437 7.55478e+006 21.7015
405437 7.55478e+006 21.7015
405437 7.55478e+006 21.7015
405437 7.55478e+006 21.7015
405437 7.55478e+006 21.7015
405437 7.55478e+006 21.7015
405437 7.55478e+006 21.7015
405437 7.55478e+006 21.7015
405437 7.55478e+006 21.7501
405437 7.55478e+006 21.7015
405437 7.55478e+006 21.7015
405437 7.55478e+006 21.7015
405437 7.55478e+006 21.7501
405437 7.55478e+006 21.7501
405437 7.55478e+006 21.7501
405437 7.55478e+006 21.7501
405437 7.55478e+006 21.7501
405437 7.55478e+006 21.7501
405437 7.55478e+006 21.7501
405437 7.55478e+006 21.7501
405437 7.55478e+006 21.7015
405437 7.55478e+006 21.7501
405437 7.55478e+006 21.7501
405437 7.55478e+006 21.7501
405437 7.55478e+006 21.7015
405437 7.55478e+006 21.7015
405437 7.55478e+006 21.7015
405437 7.55478e+006 21.7015
405437 7.55478e+006 21.7015
405437 7.55478e+006 21.7015
405437 7.55478e+006 21.7015
405437 7.55478e+006 21.7015
405437 7.55478e+006 21.7501
405437 7.55478e+006 21.7015
405437 7.55478e+006 21.7015
405437 7.55478e+006 21.7015
405437 7.55478e+006 21.7501
405437 7.55478e+006 21.7501
405437 7.55478e+006 21.7501
405437 7.55478e+006 21.7501
405437 7.55478e+006 21.7501
405437 7.55478e+006 21.7501
405437 7.55478e+006 21.7501
405437 7.55478e+006 21.7501
405437 7.55478e+006 21.7015
405437 7.55478e+006 21.7501
405437 7.55478e+006 21.7501
405437 7.55478e+006 21.7501
405437 7.55478e+006 21.7015
405437 7.55478e+006 21.7015
405437 7.55478e+006 21.7015
405437 7.55478e+006 21.7015
405437 7.55478e+006 21.7015
405437 7.55478e+006 21.7015
405437 7.55478e+006 21.7015
405437 7.55478e+006 21.7015
405437 7.55478e+006 21.7501
405437 7.55478e+006 21.7015
405437 7.55478e+006 21.7015
405437 7.55478e+006 21.7015
405437 7.55478e+006 21.7501
405437 7.55478e+006 21.7501
405437 7.55478e+006 21.7501
405437 7.55478e+006 21.7501
405437 7.55478e+006 21.7501
405437 7.55478e+006 21.7501
405437 7.55478e+006 21.7501
405437 7.55478e+006 21.7501
405437 7.55478e+006 21.7015
405437 7.55478e+006 21.7501
405437 7.55478e+006 21.7501
405437 7.55478e+006 21.7501
405437 7.55478e+006 21.7015
405437 7.55478e+006 21.7015
405437 7.55478e+006 21.7015
405437 7.55478e+006 21.7015
405437 7.55478e+006 21.7015
405437 7.55478e+006 21.7015
405437 7.55478e+006 21.7015
405437 7.55478e+006 21.7015
405437 7.55478e+006 21.7501
405437 7.55478e+006 21.7015
405437 7.55478e+006 21.7015
405437 7.55478e+006 21.7015
405437 7.55478e+006 21.7501
405437 7.55478e+006 21.7501
405437 7.55478e+006 21.7501
405437 7.55478e+006 21.7501
405437 7.55478e+006 21.7501
405437 7.55478e+006 21.7501
405437 7.55478e+006 21.7501
405437 7.55478e+006 21.7501
405437 7.55478e+006 21.7015
405437 7.55478e+006 21.7501
405437 7.55478e+006 21.7501
405437 7.55478e+006 21.7501
405437 7.55478e+006 21.7015
405437 7.55478e+006 21.7015
405437 7.55478e+006 21.7015
405437 7.55478e+006 21.7015
405437 7.55478e+006 21.7015
405437 7.55478e+006 21.7015
405437 7.55478e+006 21.7015
405437 7.55478e+006 21.7015
405437 7.55478e+006 21.7501
405437 7.55478e+006 21.7015
405437 7.55478e+006 21.7015
405437 7.55478e+006 21.7015
405437 7.55478e+006 21.7501
405437 7.55478e+006 21.7501
405436 7.55478e+006 21.7501
405436 7.55478e+006 21.7501
405437 7.55478e+006 21.7501
405437 7.55478e+006 21.7501
405437 7.55478e+006 21.7501
405436 7.55478e+006 21.7501
405436 7.55478e+006 21.7015
405436 7.55478e+006 21.7501
405437 7.55478e+006 21.7501
405437 7.55478e+006 21.7501
405437 7.55478e+006 21.7015
405436 7.55478e+006 21.7015
405436 7.55478e+006 21.7015
405436 7.55478e+006 21.7015
405437 7.55478e+006 21.7015
405437 7.55478e+006 21.7015
405437 7.55478e+006 21.7015
405436 7.55478e+006 21.7015
405436 7.55478e+006 21.7501
405436 7.55478e+006 21.7015
405437 7.55478e+006 21.7015
405437 7.55478e+006 21.7015
405437 7.55478e+006 21.7501
405436 7.55478e+006 21.7501
405436 7.55478e+006 21.7501
405436 7.55478e+006 21.7501
405436 7.55478e+006 21.7019
405436 7.55478e+006 21.7019
405436 7.55478e+006 21.7003
405436 7.55478e+006 21.7501
405436 7.55478e+006 21.7011
405436 7.55478e+006 21.7487
405436 7.55478e+006 21.7473
405436 7.55478e+006 21.7473
405436 7.55478e+006 21.7003
405436 7.55478e+006 21.7011
405437 7.55478e+006 21.7487
405437 7.55478e+006 21.7501
405437 7.55478e+006 21.7501
405437 7.55478e+006 21.7501
405437 7.55478e+006 21.7501
405437 7.55478e+006 21.7487
405437 7.55478e+006 21.7501
405437 7.55478e+006 21.7501
405437 7.55478e+006 21.7027
405437 7.55478e+006 21.7027
405437 7.55478e+006 21.7015
405437 7.55478e+006 21.7501
405437 7.55478e+006 21.7015
405437 7.55478e+006 21.7027
405437 7.55478e+006 21.7014
405437 7.55478e+006 21.7014
405437 7.55478e+006 21.7015
405437 7.55478e+006 21.7015
405437 7.55478e+006 21.7014
405437 7.55478e+006 21.7487
405437 7.55478e+006 21.7501
405437 7.55478e+006 21.7501
405437 7.55478e+006 21.7015
405437 7.55478e+006 21.7014
405436 7.55478e+006 21.7003
405436 7.55478e+006 21.7003
405436 7.55478e+006 21.7473
405436 7.55478e+006 21.7473
405436 7.55478e+006 21.7501
405436 7.55478e+006 21.7003
405436 7.55478e+006 21.7474
405436 7.55478e+006 21.7011
405436 7.55478e+006 21.7011
405436 7.55478e+006 21.7011
405436 7.55478e+006 21.7501
405436 7.55478e+006 21.7474
405436 7.55478e+006 21.7501
405436 7.55478e+006 21.7011
405437 7.55478e+006 21.7027
405437 7.55478e+006 21.7027
405437 7.55478e+006 21.7501
405436 7.55478e+006 21.7501
405436 7.55478e+006 21.7474
405437 7.55478e+006 21.7487
405437 7.55478e+006 21.7014
405437 7.55478e+006 21.7014
405436 7.55478e+006 21.7011
405436 7.55478e+006 21.7474
405436 7.55478e+006 21.7501
405436 7.55478e+006 21.7501
405436 7.55478e+006 21.7473
405436 7.55478e+006 21.7473
405436 7.55478e+006 21.7487
405436 7.55478e+006 21.7501
405437 7.55478e+006 21.7487
405436 7.55478e+006 21.7474
405436 7.55478e+006 21.7501
405436 7.55478e+006 21.7501
405437 7.55478e+006 21.7501
405437 7.55478e+006 21.7487
405436 7.55478e+006 21.7019
405436 7.55478e+006 21.7011
405436 7.55478e+006 21.7003
405436 7.55478e+006 21.7003
405436 7.55478e+006 21.7003
405436 7.55478e+006 21.7019
405436 7.55478e+006 21.7011
405437 7.55478e+006 21.7014
405437 7.55478e+006 21.7027
405437 7.55478e+006 21.7027
405436 7.55478e+006 21.7011
405436 7.55478e+006 21.7011
405436 7.55478e+006 21.6977
405436 7.55478e+006 21.7004
405436 7.55478e+006 21.7004
405436 7.55478e+006 21.7004
405436 7.55478e+006 21.6991
405436 7.55478e+006 21.6977
405436 7.55478e+006 21.6977
405437 7.55478e+006 21.6991
405437 7.55478e+006 21.7004
405437 7.55478e+006 21.7004
405436 7.55478e+006 21.7004
405436 7.55478e+006 21.6977
