405409 7.5548e+006 26.7749
405409 7.5548e+006 25.1249
405410 7.5548e+006 25.1251
405410 7.5548e+006 25.1251
405410 7.5548e+006 26.7751
405409 7.5548e+006 26.7749
405409 7.5548e+006 25.1249
405405 7.5548e+006 25.1212
405406 7.5548e+006 25.1213
405406 7.5548e+006 25.1213
405410 7.5548e+006 25.1251
405409 7.5548e+006 25.1249
405409 7.5548e+006 26.7749
405405 7.5548e+006 26.7712
405405 7.5548e+006 25.1212
405405 7.5548e+006 25.1212
405409 7.5548e+006 25.1249
405409 7.5548e+006 26.7749
405410 7.5548e+006 26.7751
405406 7.5548e+006 26.7713
405405 7.5548e+006 26.7712
405405 7.5548e+006 26.7712
405409 7.5548e+006 26.7749
405410 7.5548e+006 26.7751
405410 7.5548e+006 25.1251
405406 7.5548e+006 25.1213
405406 7.5548e+006 26.7713
405406 7.5548e+006 26.7713
405410 7.5548e+006 26.7751
405410 7.5548e+006 25.1251
