405432 7.55478e+006 20.75
405432 7.55478e+006 20.7499
405425 7.55478e+006 20.7436
405425 7.55478e+006 20.7436
405426 7.55478e+006 20.7437
405432 7.55478e+006 20.75
405425 7.55478e+006 20.7436
405425 7.55478e+006 20.8063
405426 7.55478e+006 20.8064
405426 7.55478e+006 20.8064
405426 7.55478e+006 20.7437
405425 7.55478e+006 20.7436
405433 7.55478e+006 20.7509
405433 7.55478e+006 20.8136
405432 7.55478e+006 20.8135
405432 7.55478e+006 20.8135
405432 7.55478e+006 20.7508
405433 7.55478e+006 20.7509
405432 7.55478e+006 20.75
405432 7.55478e+006 20.8127
405433 7.55478e+006 20.8137
405433 7.55478e+006 20.8137
405433 7.55478e+006 20.751
405432 7.55478e+006 20.75
405432 7.55478e+006 20.7508
405431 7.55478e+006 20.7498
405432 7.55478e+006 20.7499
405432 7.55478e+006 20.7499
405433 7.55478e+006 20.7509
405432 7.55478e+006 20.7508
405433 7.55478e+006 20.751
405433 7.55478e+006 20.8137
405433 7.55478e+006 20.8136
405433 7.55478e+006 20.8136
405433 7.55478e+006 20.7509
405433 7.55478e+006 20.751
405433 7.55478e+006 20.751
405433 7.55478e+006 20.7509
405432 7.55478e+006 20.7499
405432 7.55478e+006 20.7499
405432 7.55478e+006 20.75
405433 7.55478e+006 20.751
405432 7.55478e+006 20.7508
405432 7.55478e+006 20.8135
405431 7.55478e+006 20.8125
405431 7.55478e+006 20.8125
405431 7.55478e+006 20.7498
405432 7.55478e+006 20.7508
405426 7.55478e+006 20.7437
405426 7.55478e+006 20.8064
405432 7.55478e+006 20.8127
405432 7.55478e+006 20.8127
405432 7.55478e+006 20.75
405426 7.55478e+006 20.7437
405432 7.55478e+006 20.8126
405432 7.55478e+006 20.7499
405431 7.55478e+006 20.7498
405431 7.55478e+006 20.7498
405431 7.55478e+006 20.8125
405432 7.55478e+006 20.8126
405432 7.55478e+006 20.7499
405432 7.55478e+006 20.8126
405425 7.55478e+006 20.8063
405425 7.55478e+006 20.8063
405425 7.55478e+006 20.7436
405432 7.55478e+006 20.7499
405433 7.55478e+006 20.0182
405433 7.55478e+006 19.7582
405433 7.55478e+006 19.7582
405433 7.55478e+006 19.7582
405433 7.55478e+006 20.0182
405433 7.55478e+006 20.0182
405432 7.55478e+006 20.665
405432 7.55478e+006 20.7498
405432 7.55478e+006 20.7498
405432 7.55478e+006 20.7498
405432 7.55478e+006 20.665
405432 7.55478e+006 20.665
405433 7.55478e+006 19.932
405433 7.55478e+006 19.9028
405433 7.55478e+006 19.9027
405433 7.55478e+006 19.9027
405433 7.55478e+006 19.9319
405433 7.55478e+006 19.932
405433 7.55478e+006 19.903
405433 7.55478e+006 19.9321
405433 7.55478e+006 19.9321
405433 7.55478e+006 19.9321
405433 7.55478e+006 19.9029
405433 7.55478e+006 19.903
405433 7.55478e+006 19.9028
405433 7.55478e+006 19.903
405433 7.55478e+006 19.9029
405433 7.55478e+006 19.9029
405433 7.55478e+006 19.9027
405433 7.55478e+006 19.9028
405433 7.55478e+006 19.932
405433 7.55478e+006 19.9321
405433 7.55478e+006 19.903
405433 7.55478e+006 19.903
405433 7.55478e+006 19.9028
405433 7.55478e+006 19.932
405433 7.55478e+006 19.9027
405433 7.55478e+006 19.9029
405433 7.55478e+006 19.9321
405433 7.55478e+006 19.9321
405433 7.55478e+006 19.9319
405433 7.55478e+006 19.9027
405433 7.55478e+006 20.0918
405433 7.55478e+006 20.0626
405433 7.55478e+006 20.0626
405433 7.55478e+006 20.0626
405433 7.55478e+006 20.0917
405433 7.55478e+006 20.0918
405433 7.55478e+006 20.0628
405433 7.55478e+006 20.092
405433 7.55478e+006 20.0919
405433 7.55478e+006 20.0919
405433 7.55478e+006 20.0627
405433 7.55478e+006 20.0628
405433 7.55478e+006 20.0626
405433 7.55478e+006 20.0628
405433 7.55478e+006 20.0627
405433 7.55478e+006 20.0627
405433 7.55478e+006 20.0626
405433 7.55478e+006 20.0626
405433 7.55478e+006 20.0918
405433 7.55478e+006 20.092
405433 7.55478e+006 20.0628
405433 7.55478e+006 20.0628
405433 7.55478e+006 20.0626
405433 7.55478e+006 20.0918
405433 7.55478e+006 20.0626
405433 7.55478e+006 20.0627
405433 7.55478e+006 20.0919
405433 7.55478e+006 20.0919
405433 7.55478e+006 20.0917
405433 7.55478e+006 20.0626
405433 7.55478e+006 20.2516
405433 7.55478e+006 20.2224
405433 7.55478e+006 20.2224
405433 7.55478e+006 20.2224
405433 7.55478e+006 20.2515
405433 7.55478e+006 20.2516
405433 7.55478e+006 20.2226
405433 7.55478e+006 20.2518
405433 7.55478e+006 20.2517
405433 7.55478e+006 20.2517
405433 7.55478e+006 20.2226
405433 7.55478e+006 20.2226
405433 7.55478e+006 20.2224
405433 7.55478e+006 20.2226
405433 7.55478e+006 20.2226
405433 7.55478e+006 20.2226
405433 7.55478e+006 20.2224
405433 7.55478e+006 20.2224
405433 7.55478e+006 20.2516
405433 7.55478e+006 20.2518
405433 7.55478e+006 20.2226
405433 7.55478e+006 20.2226
405433 7.55478e+006 20.2224
405433 7.55478e+006 20.2516
405433 7.55478e+006 20.2224
405433 7.55478e+006 20.2226
405433 7.55478e+006 20.2517
405433 7.55478e+006 20.2517
405433 7.55478e+006 20.2515
405433 7.55478e+006 20.2224
405433 7.55478e+006 20.4114
405433 7.55478e+006 20.3822
405432 7.55478e+006 20.3822
405432 7.55478e+006 20.3822
405432 7.55478e+006 20.4114
405433 7.55478e+006 20.4114
405433 7.55478e+006 20.3824
405433 7.55478e+006 20.4116
405433 7.55478e+006 20.4115
405433 7.55478e+006 20.4115
405433 7.55478e+006 20.3824
405433 7.55478e+006 20.3824
405433 7.55478e+006 20.3822
405433 7.55478e+006 20.3824
405433 7.55478e+006 20.3824
405433 7.55478e+006 20.3824
405432 7.55478e+006 20.3822
405433 7.55478e+006 20.3822
405433 7.55478e+006 20.4114
405433 7.55478e+006 20.4116
405433 7.55478e+006 20.3824
405433 7.55478e+006 20.3824
405433 7.55478e+006 20.3822
405433 7.55478e+006 20.4114
405432 7.55478e+006 20.3822
405433 7.55478e+006 20.3824
405433 7.55478e+006 20.4115
405433 7.55478e+006 20.4115
405432 7.55478e+006 20.4114
405432 7.55478e+006 20.3822
405432 7.55478e+006 20.5712
405432 7.55478e+006 20.5421
405432 7.55478e+006 20.542
405432 7.55478e+006 20.542
405432 7.55478e+006 20.5712
405432 7.55478e+006 20.5712
405433 7.55478e+006 20.5422
405433 7.55478e+006 20.5714
405432 7.55478e+006 20.5714
405432 7.55478e+006 20.5714
405432 7.55478e+006 20.5422
405433 7.55478e+006 20.5422
405432 7.55478e+006 20.5421
405433 7.55478e+006 20.5422
405432 7.55478e+006 20.5422
405432 7.55478e+006 20.5422
405432 7.55478e+006 20.542
405432 7.55478e+006 20.5421
405432 7.55478e+006 20.5712
405433 7.55478e+006 20.5714
405433 7.55478e+006 20.5422
405433 7.55478e+006 20.5422
405432 7.55478e+006 20.5421
405432 7.55478e+006 20.5712
405432 7.55478e+006 20.542
405432 7.55478e+006 20.5422
405432 7.55478e+006 20.5714
405432 7.55478e+006 20.5714
405432 7.55478e+006 20.5712
405432 7.55478e+006 20.542
405433 7.55478e+006 20.0182
405433 7.55478e+006 20.0182
405432 7.55478e+006 20.7491
405432 7.55478e+006 20.7491
405432 7.55478e+006 20.7491
405433 7.55478e+006 20.0182
405433 7.55478e+006 20.0182
405433 7.55478e+006 19.7582
405432 7.55478e+006 20.665
405432 7.55478e+006 20.7491
405433 7.55478e+006 20.0182
405432 7.55478e+006 20.665
405432 7.55478e+006 20.7491
405432 7.55478e+006 20.665
405432 7.55478e+006 20.7498
405433 7.55478e+006 19.7582
405432 7.55478e+006 20.665
405432 7.55478e+006 20.665
405432 7.55478e+006 20.665
405433 7.55478e+006 19.7582
405433 7.55478e+006 19.7582
405433 7.55478e+006 19.7582
405433 7.55478e+006 20.0182
405432 7.55478e+006 20.7491
405433 7.55478e+006 19.7582
405432 7.55478e+006 20.7491
405432 7.55478e+006 20.7498
405433 7.55478e+006 19.7582
405432 7.55478e+006 20.7498
405432 7.55478e+006 20.665
405432 7.55478e+006 20.7491
405432 7.55478e+006 20.7498
405432 7.55478e+006 20.7498
405432 7.55478e+006 20.7498
405432 7.55478e+006 20.7491
405432 7.55478e+006 20.7491
405426 7.55478e+006 20.7416
405426 7.55478e+006 20.5965
405426 7.55478e+006 20.5965
405426 7.55478e+006 20.5965
405426 7.55478e+006 20.7416
405426 7.55478e+006 20.7416
405425 7.55478e+006 21.4877
405425 7.55478e+006 21.5725
405425 7.55478e+006 21.5726
405425 7.55478e+006 21.5726
405425 7.55478e+006 21.4877
405425 7.55478e+006 21.4877
405425 7.55479e+006 21.5132
405425 7.55479e+006 21.484
405425 7.55478e+006 21.484
405425 7.55478e+006 21.484
405425 7.55478e+006 21.5131
405425 7.55479e+006 21.5132
405425 7.55479e+006 21.4842
405425 7.55479e+006 21.5133
405425 7.55478e+006 21.5133
405425 7.55478e+006 21.5133
405425 7.55478e+006 21.4841
405425 7.55479e+006 21.4842
405425 7.55479e+006 21.484
405425 7.55479e+006 21.4842
405425 7.55478e+006 21.4841
405425 7.55478e+006 21.4841
405425 7.55478e+006 21.484
405425 7.55479e+006 21.484
405425 7.55479e+006 21.5132
405425 7.55479e+006 21.5133
405425 7.55479e+006 21.4842
405425 7.55479e+006 21.4842
405425 7.55479e+006 21.484
405425 7.55479e+006 21.5132
405425 7.55478e+006 21.484
405425 7.55478e+006 21.4841
405425 7.55478e+006 21.5133
405425 7.55478e+006 21.5133
405425 7.55478e+006 21.5131
405425 7.55478e+006 21.484
405426 7.55478e+006 20.7414
405426 7.55478e+006 20.7414
405425 7.55478e+006 21.5719
405425 7.55478e+006 21.5719
405425 7.55478e+006 21.5719
405426 7.55478e+006 20.7414
405426 7.55478e+006 20.7414
405426 7.55478e+006 20.5951
405425 7.55478e+006 21.4877
405425 7.55478e+006 21.5719
405426 7.55478e+006 20.7414
405425 7.55478e+006 21.4877
405425 7.55478e+006 21.5719
405425 7.55478e+006 21.4877
405425 7.55478e+006 21.5726
405426 7.55478e+006 20.5951
405425 7.55478e+006 21.4877
405425 7.55478e+006 21.4877
405425 7.55478e+006 21.4877
405426 7.55478e+006 20.5951
405426 7.55478e+006 20.5951
405426 7.55478e+006 20.5951
405426 7.55478e+006 20.7414
405425 7.55478e+006 21.5719
405426 7.55478e+006 20.5951
405425 7.55478e+006 21.5719
405425 7.55478e+006 21.5725
405426 7.55478e+006 20.5951
405425 7.55478e+006 21.5725
405425 7.55478e+006 21.4877
405425 7.55478e+006 21.5719
405425 7.55478e+006 21.5726
405425 7.55478e+006 21.5725
405425 7.55478e+006 21.5725
405425 7.55478e+006 21.5719
405425 7.55478e+006 21.5719
405426 7.55478e+006 20.7414
405426 7.55478e+006 20.7414
405426 7.55478e+006 20.7416
405426 7.55478e+006 20.7416
405426 7.55478e+006 20.7416
405426 7.55478e+006 20.7414
405426 7.55478e+006 20.7414
405426 7.55478e+006 20.5951
405426 7.55478e+006 20.5965
405426 7.55478e+006 20.5965
405426 7.55478e+006 20.7416
405426 7.55478e+006 20.7414
405426 7.55478e+006 20.5951
405426 7.55478e+006 20.5951
405426 7.55478e+006 20.5965
405426 7.55478e+006 20.5965
405426 7.55478e+006 20.5965
405426 7.55478e+006 20.5951
405426 7.55478e+006 20.5951
405426 7.55478e+006 20.7414
405426 7.55478e+006 20.7416
405426 7.55478e+006 20.7416
405426 7.55478e+006 20.5965
405426 7.55478e+006 20.5951
405425 7.55479e+006 21.362
405425 7.55479e+006 21.3328
405425 7.55478e+006 21.3327
405425 7.55478e+006 21.3327
405425 7.55478e+006 21.3619
405425 7.55479e+006 21.362
405426 7.55479e+006 21.333
405426 7.55479e+006 21.3621
405425 7.55478e+006 21.3621
405425 7.55478e+006 21.3621
405425 7.55478e+006 21.3329
405426 7.55479e+006 21.333
405425 7.55479e+006 21.3328
405426 7.55479e+006 21.333
405425 7.55478e+006 21.3329
405425 7.55478e+006 21.3329
405425 7.55478e+006 21.3327
405425 7.55479e+006 21.3328
405425 7.55479e+006 21.362
405426 7.55479e+006 21.3621
405426 7.55479e+006 21.333
405426 7.55479e+006 21.333
405425 7.55479e+006 21.3328
405425 7.55479e+006 21.362
405425 7.55478e+006 21.3327
405425 7.55478e+006 21.3329
405425 7.55478e+006 21.3621
405425 7.55478e+006 21.3621
405425 7.55478e+006 21.3619
405425 7.55478e+006 21.3327
405426 7.55479e+006 21.2107
405426 7.55479e+006 21.1816
405425 7.55478e+006 21.1815
405425 7.55478e+006 21.1815
405425 7.55478e+006 21.2107
405426 7.55479e+006 21.2107
405426 7.55478e+006 21.1818
405426 7.55478e+006 21.2109
405425 7.55478e+006 21.2109
405425 7.55478e+006 21.2109
405425 7.55478e+006 21.1817
405426 7.55478e+006 21.1818
405426 7.55479e+006 21.1816
405426 7.55478e+006 21.1818
405425 7.55478e+006 21.1817
405425 7.55478e+006 21.1817
405425 7.55478e+006 21.1815
405426 7.55479e+006 21.1816
405426 7.55479e+006 21.2107
405426 7.55478e+006 21.2109
405426 7.55478e+006 21.1818
405426 7.55478e+006 21.1818
405426 7.55479e+006 21.1816
405426 7.55479e+006 21.2107
405425 7.55478e+006 21.1815
405425 7.55478e+006 21.1817
405425 7.55478e+006 21.2109
405425 7.55478e+006 21.2109
405425 7.55478e+006 21.2107
405425 7.55478e+006 21.1815
405426 7.55478e+006 21.0582
405426 7.55478e+006 21.0291
405425 7.55478e+006 21.029
405425 7.55478e+006 21.029
405425 7.55478e+006 21.0582
405426 7.55478e+006 21.0582
405426 7.55478e+006 21.0293
405426 7.55478e+006 21.0584
405426 7.55478e+006 21.0584
405426 7.55478e+006 21.0584
405426 7.55478e+006 21.0292
405426 7.55478e+006 21.0293
405426 7.55478e+006 21.0291
405426 7.55478e+006 21.0293
405426 7.55478e+006 21.0292
405426 7.55478e+006 21.0292
405425 7.55478e+006 21.029
405426 7.55478e+006 21.0291
405426 7.55478e+006 21.0582
405426 7.55478e+006 21.0584
405426 7.55478e+006 21.0293
405426 7.55478e+006 21.0293
405426 7.55478e+006 21.0291
405426 7.55478e+006 21.0582
405425 7.55478e+006 21.029
405426 7.55478e+006 21.0292
405426 7.55478e+006 21.0584
405426 7.55478e+006 21.0584
405425 7.55478e+006 21.0582
405425 7.55478e+006 21.029
405426 7.55478e+006 20.907
405426 7.55478e+006 20.8779
405426 7.55478e+006 20.8778
405426 7.55478e+006 20.8778
405426 7.55478e+006 20.907
405426 7.55478e+006 20.907
405426 7.55478e+006 20.8781
405426 7.55478e+006 20.9072
405426 7.55478e+006 20.9072
405426 7.55478e+006 20.9072
405426 7.55478e+006 20.878
405426 7.55478e+006 20.8781
405426 7.55478e+006 20.8779
405426 7.55478e+006 20.8781
405426 7.55478e+006 20.878
405426 7.55478e+006 20.878
405426 7.55478e+006 20.8778
405426 7.55478e+006 20.8779
405426 7.55478e+006 20.907
405426 7.55478e+006 20.9072
405426 7.55478e+006 20.8781
405426 7.55478e+006 20.8781
405426 7.55478e+006 20.8779
405426 7.55478e+006 20.907
405426 7.55478e+006 20.8778
405426 7.55478e+006 20.878
405426 7.55478e+006 20.9072
405426 7.55478e+006 20.9072
405426 7.55478e+006 20.907
405426 7.55478e+006 20.8778
405433 7.55478e+006 19.7583
405433 7.55478e+006 20.0183
405433 7.55478e+006 20.0183
405433 7.55478e+006 20.0183
405433 7.55478e+006 19.7583
405433 7.55478e+006 19.7583
405432 7.55478e+006 20.7498
405432 7.55478e+006 20.665
405432 7.55478e+006 20.665
405432 7.55478e+006 20.665
405432 7.55478e+006 20.7498
405432 7.55478e+006 20.7498
405433 7.55478e+006 20.0183
405433 7.55478e+006 20.7492
405433 7.55478e+006 20.7492
405433 7.55478e+006 20.7492
405433 7.55478e+006 20.0183
405433 7.55478e+006 20.0183
405433 7.55478e+006 19.7583
405432 7.55478e+006 20.665
405432 7.55478e+006 20.7498
405433 7.55478e+006 19.7583
405432 7.55478e+006 20.7498
405433 7.55478e+006 20.7492
405433 7.55478e+006 19.7583
405433 7.55478e+006 20.7492
405433 7.55478e+006 20.0183
405433 7.55478e+006 20.7492
405432 7.55478e+006 20.7498
405432 7.55478e+006 20.7498
405432 7.55478e+006 20.7498
405433 7.55478e+006 20.7492
405433 7.55478e+006 20.7492
405433 7.55478e+006 20.7492
405432 7.55478e+006 20.7498
405432 7.55478e+006 20.665
405432 7.55478e+006 20.665
405433 7.55478e+006 19.7583
405433 7.55478e+006 20.0183
405433 7.55478e+006 20.7492
405432 7.55478e+006 20.665
405433 7.55478e+006 20.0183
405433 7.55478e+006 19.7583
405432 7.55478e+006 20.665
405432 7.55478e+006 20.665
405432 7.55478e+006 20.665
405433 7.55478e+006 19.7583
405433 7.55478e+006 19.7583
405425 7.55479e+006 21.7232
405425 7.55479e+006 21.5732
405421 7.55479e+006 21.5685
405421 7.55479e+006 21.5685
405421 7.55479e+006 21.7185
405425 7.55479e+006 21.7232
405425 7.55478e+006 21.5732
405425 7.55478e+006 21.7232
405420 7.55479e+006 21.7185
405420 7.55479e+006 21.7185
405420 7.55479e+006 21.5685
405425 7.55478e+006 21.5732
405425 7.55479e+006 21.5732
405425 7.55478e+006 21.5732
405420 7.55479e+006 21.5685
405420 7.55479e+006 21.5685
405421 7.55479e+006 21.5685
405425 7.55479e+006 21.5732
405425 7.55479e+006 21.7232
405425 7.55478e+006 21.7232
405425 7.55478e+006 21.5732
405425 7.55478e+006 21.5732
405425 7.55479e+006 21.5732
405425 7.55479e+006 21.7232
405421 7.55479e+006 21.5685
405420 7.55479e+006 21.5685
405420 7.55479e+006 21.7185
405420 7.55479e+006 21.7185
405421 7.55479e+006 21.7185
405421 7.55479e+006 21.5685
