400439 7.55244e+006 29.7159
400439 7.55244e+006 29.4244
400439 7.55244e+006 29.4245
400439 7.55244e+006 29.4245
400439 7.55244e+006 29.7261
400439 7.55244e+006 29.7159
400439 7.55244e+006 29.7157
400439 7.55244e+006 29.4242
400439 7.55244e+006 29.4244
400439 7.55244e+006 29.4244
400439 7.55244e+006 29.7159
400439 7.55244e+006 29.7157
400439 7.55244e+006 29.7258
400439 7.55244e+006 29.4242
400439 7.55244e+006 29.4242
400439 7.55244e+006 29.4242
400439 7.55244e+006 29.7157
400439 7.55244e+006 29.7258
400439 7.55244e+006 29.7361
400439 7.55244e+006 29.4242
400439 7.55244e+006 29.4242
400439 7.55244e+006 29.4242
400439 7.55244e+006 29.7258
400439 7.55244e+006 29.7361
400439 7.55244e+006 29.7363
400439 7.55244e+006 29.4244
400439 7.55244e+006 29.4242
400439 7.55244e+006 29.4242
400439 7.55244e+006 29.7361
400439 7.55244e+006 29.7363
400439 7.55244e+006 29.7261
400439 7.55244e+006 29.4245
400439 7.55244e+006 29.4244
400439 7.55244e+006 29.4244
400439 7.55244e+006 29.7363
400439 7.55244e+006 29.7261
400439 7.55244e+006 29.73
400439 7.55244e+006 29.7159
400439 7.55244e+006 29.7261
400439 7.55244e+006 29.7261
400439 7.55244e+006 29.7547
400439 7.55244e+006 29.73
400439 7.55244e+006 29.7298
400439 7.55244e+006 29.7157
400439 7.55244e+006 29.7159
400439 7.55244e+006 29.7159
400439 7.55244e+006 29.73
400439 7.55244e+006 29.7298
400439 7.55244e+006 29.7543
400439 7.55244e+006 29.7258
400439 7.55244e+006 29.7157
400439 7.55244e+006 29.7157
400439 7.55244e+006 29.7298
400439 7.55244e+006 29.7543
400439 7.55244e+006 29.7791
400439 7.55244e+006 29.7361
400439 7.55244e+006 29.7258
400439 7.55244e+006 29.7258
400439 7.55244e+006 29.7543
400439 7.55244e+006 29.7791
400439 7.55244e+006 29.7792
400439 7.55244e+006 29.7363
400439 7.55244e+006 29.7361
400439 7.55244e+006 29.7361
400439 7.55244e+006 29.7791
400439 7.55244e+006 29.7792
400439 7.55244e+006 29.7547
400439 7.55244e+006 29.7261
400439 7.55244e+006 29.7363
400439 7.55244e+006 29.7363
400439 7.55244e+006 29.7792
400439 7.55244e+006 29.7547
400439 7.55244e+006 29.7314
400439 7.55244e+006 29.73
400439 7.55244e+006 29.7547
400439 7.55244e+006 29.7547
400439 7.55244e+006 29.7561
400439 7.55244e+006 29.7314
400439 7.55244e+006 29.7312
400439 7.55244e+006 29.7298
400439 7.55244e+006 29.73
400439 7.55244e+006 29.73
400439 7.55244e+006 29.7314
400439 7.55244e+006 29.7312
400439 7.55244e+006 29.7558
400439 7.55244e+006 29.7543
400439 7.55244e+006 29.7298
400439 7.55244e+006 29.7298
400439 7.55244e+006 29.7312
400439 7.55244e+006 29.7558
400439 7.55244e+006 29.7805
400439 7.55244e+006 29.7791
400439 7.55244e+006 29.7543
400439 7.55244e+006 29.7543
400439 7.55244e+006 29.7558
400439 7.55244e+006 29.7805
400439 7.55244e+006 29.7806
400439 7.55244e+006 29.7792
400439 7.55244e+006 29.7791
400439 7.55244e+006 29.7791
400439 7.55244e+006 29.7805
400439 7.55244e+006 29.7806
400439 7.55244e+006 29.7561
400439 7.55244e+006 29.7547
400439 7.55244e+006 29.7792
400439 7.55244e+006 29.7792
400439 7.55244e+006 29.7806
400439 7.55244e+006 29.7561
400439 7.55244e+006 29.7743
400439 7.55244e+006 29.7314
400439 7.55244e+006 29.7561
400439 7.55244e+006 29.7561
400439 7.55244e+006 29.7846
400439 7.55244e+006 29.7743
400439 7.55244e+006 29.7742
400439 7.55244e+006 29.7312
400439 7.55244e+006 29.7314
400439 7.55244e+006 29.7314
400439 7.55244e+006 29.7743
400439 7.55244e+006 29.7742
400439 7.55244e+006 29.7843
400439 7.55244e+006 29.7558
400439 7.55244e+006 29.7312
400439 7.55244e+006 29.7312
400439 7.55244e+006 29.7742
400439 7.55244e+006 29.7843
400439 7.55244e+006 29.7946
400439 7.55244e+006 29.7805
400439 7.55244e+006 29.7558
400439 7.55244e+006 29.7558
400439 7.55244e+006 29.7843
400439 7.55244e+006 29.7946
400439 7.55244e+006 29.7947
400439 7.55244e+006 29.7806
400439 7.55244e+006 29.7805
400439 7.55244e+006 29.7805
400439 7.55244e+006 29.7946
400439 7.55244e+006 29.7947
400439 7.55244e+006 29.7846
400439 7.55244e+006 29.7561
400439 7.55244e+006 29.7806
400439 7.55244e+006 29.7806
400439 7.55244e+006 29.7947
400439 7.55244e+006 29.7846
400439 7.55244e+006 31.9647
400439 7.55244e+006 29.7743
400439 7.55244e+006 29.7846
400439 7.55244e+006 29.7846
400439 7.55244e+006 31.9714
400439 7.55244e+006 31.9647
400439 7.55244e+006 31.9527
400439 7.55244e+006 29.7742
400439 7.55244e+006 29.7743
400439 7.55244e+006 29.7743
400439 7.55244e+006 31.9647
400439 7.55244e+006 31.9527
400439 7.55244e+006 31.9476
400439 7.55244e+006 29.7843
400439 7.55244e+006 29.7742
400439 7.55244e+006 29.7742
400439 7.55244e+006 31.9527
400439 7.55244e+006 31.9476
400439 7.55244e+006 31.9544
400439 7.55244e+006 29.7946
400439 7.55244e+006 29.7843
400439 7.55244e+006 29.7843
400439 7.55244e+006 31.9476
400439 7.55244e+006 31.9544
400439 7.55244e+006 31.9663
400439 7.55244e+006 29.7947
400439 7.55244e+006 29.7946
400439 7.55244e+006 29.7946
400439 7.55244e+006 31.9544
400439 7.55244e+006 31.9663
400439 7.55244e+006 31.9714
400439 7.55244e+006 29.7846
400439 7.55244e+006 29.7947
400439 7.55244e+006 29.7947
400439 7.55244e+006 31.9663
400439 7.55244e+006 31.9714
400439 7.55244e+006 32.0001
400439 7.55244e+006 31.9647
400439 7.55244e+006 31.9714
400439 7.55244e+006 31.9714
400439 7.55244e+006 32.0163
400439 7.55244e+006 32.0001
400439 7.55244e+006 31.9717
400439 7.55244e+006 31.9527
400439 7.55244e+006 31.9647
400439 7.55244e+006 31.9647
400439 7.55244e+006 32.0001
400439 7.55244e+006 31.9717
400439 7.55244e+006 31.9594
400439 7.55244e+006 31.9476
400439 7.55244e+006 31.9527
400439 7.55244e+006 31.9527
400439 7.55244e+006 31.9717
400439 7.55244e+006 31.9594
400439 7.55244e+006 31.9756
400439 7.55244e+006 31.9544
400439 7.55244e+006 31.9476
400439 7.55244e+006 31.9476
400439 7.55244e+006 31.9594
400439 7.55244e+006 31.9756
400439 7.55244e+006 32.004
400439 7.55244e+006 31.9663
400439 7.55244e+006 31.9544
400439 7.55244e+006 31.9544
400439 7.55244e+006 31.9756
400439 7.55244e+006 32.004
400439 7.55244e+006 32.0163
400439 7.55244e+006 31.9714
400439 7.55244e+006 31.9663
400439 7.55244e+006 31.9663
400439 7.55244e+006 32.004
400439 7.55244e+006 32.0163
400437 7.55244e+006 31.991
400439 7.55244e+006 32.0001
400439 7.55244e+006 32.0163
400439 7.55244e+006 32.0163
400437 7.55244e+006 32.0071
400437 7.55244e+006 31.991
400437 7.55244e+006 31.9627
400439 7.55244e+006 31.9717
400439 7.55244e+006 32.0001
400439 7.55244e+006 32.0001
400437 7.55244e+006 31.991
400437 7.55244e+006 31.9627
400437 7.55244e+006 31.9505
400439 7.55244e+006 31.9594
400439 7.55244e+006 31.9717
400439 7.55244e+006 31.9717
400437 7.55244e+006 31.9627
400437 7.55244e+006 31.9505
400437 7.55244e+006 31.9666
400439 7.55244e+006 31.9756
400439 7.55244e+006 31.9594
400439 7.55244e+006 31.9594
400437 7.55244e+006 31.9505
400437 7.55244e+006 31.9666
400437 7.55244e+006 31.9949
400439 7.55244e+006 32.004
400439 7.55244e+006 31.9756
400439 7.55244e+006 31.9756
400437 7.55244e+006 31.9666
400437 7.55244e+006 31.9949
400437 7.55244e+006 32.0071
400439 7.55244e+006 32.0163
400439 7.55244e+006 32.004
400439 7.55244e+006 32.004
400437 7.55244e+006 31.9949
400437 7.55244e+006 32.0071
400437 7.55244e+006 31.9551
400437 7.55244e+006 31.991
400437 7.55244e+006 32.0071
400437 7.55244e+006 32.0071
400437 7.55244e+006 31.9617
400437 7.55244e+006 31.9551
400437 7.55244e+006 31.9435
400437 7.55244e+006 31.9627
400437 7.55244e+006 31.991
400437 7.55244e+006 31.991
400437 7.55244e+006 31.9551
400437 7.55244e+006 31.9435
400437 7.55244e+006 31.9385
400437 7.55244e+006 31.9505
400437 7.55244e+006 31.9627
400437 7.55244e+006 31.9627
400437 7.55244e+006 31.9435
400437 7.55244e+006 31.9385
400437 7.55244e+006 31.9451
400437 7.55244e+006 31.9666
400437 7.55244e+006 31.9505
400437 7.55244e+006 31.9505
400437 7.55244e+006 31.9385
400437 7.55244e+006 31.9451
400437 7.55244e+006 31.9567
400437 7.55244e+006 31.9949
400437 7.55244e+006 31.9666
400437 7.55244e+006 31.9666
400437 7.55244e+006 31.9451
400437 7.55244e+006 31.9567
400437 7.55244e+006 31.9617
400437 7.55244e+006 32.0071
400437 7.55244e+006 31.9949
400437 7.55244e+006 31.9949
400437 7.55244e+006 31.9567
400437 7.55244e+006 31.9617
400437 7.55244e+006 18.9096
400437 7.55244e+006 31.9551
400437 7.55244e+006 31.9617
400437 7.55244e+006 31.9617
400437 7.55244e+006 18.9096
400437 7.55244e+006 18.9096
400437 7.55244e+006 18.9098
400437 7.55244e+006 31.9435
400437 7.55244e+006 31.9551
400437 7.55244e+006 31.9551
400437 7.55244e+006 18.9096
400437 7.55244e+006 18.9098
400437 7.55244e+006 18.9099
400437 7.55244e+006 31.9385
400437 7.55244e+006 31.9435
400437 7.55244e+006 31.9435
400437 7.55244e+006 18.9098
400437 7.55244e+006 18.9099
400437 7.55244e+006 18.9098
400437 7.55244e+006 31.9451
400437 7.55244e+006 31.9385
400437 7.55244e+006 31.9385
400437 7.55244e+006 18.9099
400437 7.55244e+006 18.9098
400437 7.55244e+006 18.9096
400437 7.55244e+006 31.9567
400437 7.55244e+006 31.9451
400437 7.55244e+006 31.9451
400437 7.55244e+006 18.9098
400437 7.55244e+006 18.9096
400437 7.55244e+006 18.9096
400437 7.55244e+006 31.9617
400437 7.55244e+006 31.9567
400437 7.55244e+006 31.9567
400437 7.55244e+006 18.9096
400437 7.55244e+006 18.9096
400439 7.55244e+006 29.4242
400439 7.55244e+006 29.4244
400439 7.55244e+006 29.4245
400439 7.55244e+006 29.4242
400439 7.55244e+006 29.4242
400439 7.55244e+006 29.4245
400439 7.55244e+006 29.4242
400439 7.55244e+006 29.4242
400439 7.55244e+006 29.4245
400439 7.55244e+006 29.4244
400439 7.55244e+006 29.4242
400439 7.55244e+006 29.4245
400437 7.55244e+006 18.9098
400437 7.55244e+006 18.9096
400437 7.55244e+006 18.9096
400437 7.55244e+006 18.9096
400437 7.55244e+006 18.9098
400437 7.55244e+006 18.9099
400437 7.55244e+006 18.9099
400437 7.55244e+006 18.9098
400437 7.55244e+006 18.9096
400437 7.55244e+006 18.9096
400437 7.55244e+006 18.9098
400437 7.55244e+006 18.9096
400439 7.55244e+006 29.7182
400439 7.55244e+006 29.7284
400439 7.55244e+006 29.4268
400439 7.55244e+006 29.4268
400439 7.55244e+006 29.4267
400439 7.55244e+006 29.7182
400439 7.55244e+006 29.718
400439 7.55244e+006 29.7182
400439 7.55244e+006 29.4267
400439 7.55244e+006 29.4267
400439 7.55244e+006 29.4265
400439 7.55244e+006 29.718
400439 7.55244e+006 29.7281
400439 7.55244e+006 29.718
400439 7.55244e+006 29.4265
400439 7.55244e+006 29.4265
400439 7.55244e+006 29.4265
400439 7.55244e+006 29.7281
400439 7.55244e+006 29.7384
400439 7.55244e+006 29.7281
400439 7.55244e+006 29.4265
400439 7.55244e+006 29.4265
400439 7.55244e+006 29.4265
400439 7.55244e+006 29.7384
400439 7.55244e+006 29.7386
400439 7.55244e+006 29.7384
400439 7.55244e+006 29.4265
400439 7.55244e+006 29.4265
400439 7.55244e+006 29.4267
400439 7.55244e+006 29.7386
400439 7.55244e+006 29.7284
400439 7.55244e+006 29.7386
400439 7.55244e+006 29.4267
400439 7.55244e+006 29.4267
400439 7.55244e+006 29.4268
400439 7.55244e+006 29.7284
400439 7.55244e+006 29.7323
400439 7.55244e+006 29.757
400439 7.55244e+006 29.7284
400439 7.55244e+006 29.7284
400439 7.55244e+006 29.7182
400439 7.55244e+006 29.7323
400439 7.55244e+006 29.7321
400439 7.55244e+006 29.7323
400439 7.55244e+006 29.7182
400439 7.55244e+006 29.7182
400439 7.55244e+006 29.718
400439 7.55244e+006 29.7321
400439 7.55244e+006 29.7566
400439 7.55244e+006 29.7321
400439 7.55244e+006 29.718
400439 7.55244e+006 29.718
400439 7.55244e+006 29.7281
400439 7.55244e+006 29.7566
400439 7.55244e+006 29.7814
400439 7.55244e+006 29.7566
400439 7.55244e+006 29.7281
400439 7.55244e+006 29.7281
400439 7.55244e+006 29.7384
400439 7.55244e+006 29.7814
400439 7.55244e+006 29.7815
400439 7.55244e+006 29.7814
400439 7.55244e+006 29.7384
400439 7.55244e+006 29.7384
400439 7.55244e+006 29.7386
400439 7.55244e+006 29.7815
400439 7.55244e+006 29.757
400439 7.55244e+006 29.7815
400439 7.55244e+006 29.7386
400439 7.55244e+006 29.7386
400439 7.55244e+006 29.7284
400439 7.55244e+006 29.757
400439 7.55244e+006 29.7337
400439 7.55244e+006 29.7584
400439 7.55244e+006 29.757
400439 7.55244e+006 29.757
400439 7.55244e+006 29.7323
400439 7.55244e+006 29.7337
400439 7.55244e+006 29.7335
400439 7.55244e+006 29.7337
400439 7.55244e+006 29.7323
400439 7.55244e+006 29.7323
400439 7.55244e+006 29.7321
400439 7.55244e+006 29.7335
400439 7.55244e+006 29.7581
400439 7.55244e+006 29.7335
400439 7.55244e+006 29.7321
400439 7.55244e+006 29.7321
400439 7.55244e+006 29.7566
400439 7.55244e+006 29.7581
400439 7.55244e+006 29.7828
400439 7.55244e+006 29.7581
400439 7.55244e+006 29.7566
400439 7.55244e+006 29.7566
400439 7.55244e+006 29.7814
400439 7.55244e+006 29.7828
400439 7.55244e+006 29.7829
400439 7.55244e+006 29.7828
400439 7.55244e+006 29.7814
400439 7.55244e+006 29.7814
400439 7.55244e+006 29.7815
400439 7.55244e+006 29.7829
400439 7.55244e+006 29.7584
400439 7.55244e+006 29.7829
400439 7.55244e+006 29.7815
400439 7.55244e+006 29.7815
400439 7.55244e+006 29.757
400439 7.55244e+006 29.7584
400439 7.55244e+006 29.7766
400439 7.55244e+006 29.7869
400439 7.55244e+006 29.7584
400439 7.55244e+006 29.7584
400439 7.55244e+006 29.7337
400439 7.55244e+006 29.7766
400439 7.55244e+006 29.7765
400439 7.55244e+006 29.7766
400439 7.55244e+006 29.7337
400439 7.55244e+006 29.7337
400439 7.55244e+006 29.7335
400439 7.55244e+006 29.7765
400439 7.55244e+006 29.7866
400439 7.55244e+006 29.7765
400439 7.55244e+006 29.7335
400439 7.55244e+006 29.7335
400439 7.55244e+006 29.7581
400439 7.55244e+006 29.7866
400439 7.55244e+006 29.7969
400439 7.55244e+006 29.7866
400439 7.55244e+006 29.7581
400439 7.55244e+006 29.7581
400439 7.55244e+006 29.7828
400439 7.55244e+006 29.7969
400439 7.55244e+006 29.797
400439 7.55244e+006 29.7969
400439 7.55244e+006 29.7828
400439 7.55244e+006 29.7828
400439 7.55244e+006 29.7829
400439 7.55244e+006 29.797
400439 7.55244e+006 29.7869
400439 7.55244e+006 29.797
400439 7.55244e+006 29.7829
400439 7.55244e+006 29.7829
400439 7.55244e+006 29.7584
400439 7.55244e+006 29.7869
400439 7.55244e+006 32.0221
400439 7.55244e+006 32.0289
400439 7.55244e+006 29.7869
400439 7.55244e+006 29.7869
400439 7.55244e+006 29.7766
400439 7.55244e+006 32.0221
400439 7.55244e+006 32.0102
400439 7.55244e+006 32.0221
400439 7.55244e+006 29.7766
400439 7.55244e+006 29.7766
400439 7.55244e+006 29.7765
400439 7.55244e+006 32.0102
400439 7.55244e+006 32.0051
400439 7.55244e+006 32.0102
400439 7.55244e+006 29.7765
400439 7.55244e+006 29.7765
400439 7.55244e+006 29.7866
400439 7.55244e+006 32.0051
400439 7.55244e+006 32.0118
400439 7.55244e+006 32.0051
400439 7.55244e+006 29.7866
400439 7.55244e+006 29.7866
400439 7.55244e+006 29.7969
400439 7.55244e+006 32.0118
400439 7.55244e+006 32.0238
400439 7.55244e+006 32.0118
400439 7.55244e+006 29.7969
400439 7.55244e+006 29.7969
400439 7.55244e+006 29.797
400439 7.55244e+006 32.0238
400439 7.55244e+006 32.0289
400439 7.55244e+006 32.0238
400439 7.55244e+006 29.797
400439 7.55244e+006 29.797
400439 7.55244e+006 29.7869
400439 7.55244e+006 32.0289
400439 7.55244e+006 32.0576
400439 7.55244e+006 32.0738
400439 7.55244e+006 32.0289
400439 7.55244e+006 32.0289
400439 7.55244e+006 32.0221
400439 7.55244e+006 32.0576
400439 7.55244e+006 32.0291
400439 7.55244e+006 32.0576
400439 7.55244e+006 32.0221
400439 7.55244e+006 32.0221
400439 7.55244e+006 32.0102
400439 7.55244e+006 32.0291
400439 7.55244e+006 32.0168
400439 7.55244e+006 32.0291
400439 7.55244e+006 32.0102
400439 7.55244e+006 32.0102
400439 7.55244e+006 32.0051
400439 7.55244e+006 32.0168
400439 7.55244e+006 32.033
400439 7.55244e+006 32.0168
400439 7.55244e+006 32.0051
400439 7.55244e+006 32.0051
400439 7.55244e+006 32.0118
400439 7.55244e+006 32.033
400439 7.55244e+006 32.0615
400439 7.55244e+006 32.033
400439 7.55244e+006 32.0118
400439 7.55244e+006 32.0118
400439 7.55244e+006 32.0238
400439 7.55244e+006 32.0615
400439 7.55244e+006 32.0738
400439 7.55244e+006 32.0615
400439 7.55244e+006 32.0238
400439 7.55244e+006 32.0238
400439 7.55244e+006 32.0289
400439 7.55244e+006 32.0738
400438 7.55244e+006 32.051
400438 7.55244e+006 32.0671
400439 7.55244e+006 32.0738
400439 7.55244e+006 32.0738
400439 7.55244e+006 32.0576
400438 7.55244e+006 32.051
400438 7.55244e+006 32.0227
400438 7.55244e+006 32.051
400439 7.55244e+006 32.0576
400439 7.55244e+006 32.0576
400439 7.55244e+006 32.0291
400438 7.55244e+006 32.0227
400438 7.55244e+006 32.0105
400438 7.55244e+006 32.0227
400439 7.55244e+006 32.0291
400439 7.55244e+006 32.0291
400439 7.55244e+006 32.0168
400438 7.55244e+006 32.0105
400438 7.55244e+006 32.0266
400438 7.55244e+006 32.0105
400439 7.55244e+006 32.0168
400439 7.55244e+006 32.0168
400439 7.55244e+006 32.033
400438 7.55244e+006 32.0266
400438 7.55244e+006 32.0549
400438 7.55244e+006 32.0266
400439 7.55244e+006 32.033
400439 7.55244e+006 32.033
400439 7.55244e+006 32.0615
400438 7.55244e+006 32.0549
400438 7.55244e+006 32.0671
400438 7.55244e+006 32.0549
400439 7.55244e+006 32.0615
400439 7.55244e+006 32.0615
400439 7.55244e+006 32.0738
400438 7.55244e+006 32.0671
400438 7.55244e+006 32.0151
400438 7.55244e+006 32.0217
400438 7.55244e+006 32.0671
400438 7.55244e+006 32.0671
400438 7.55244e+006 32.051
400438 7.55244e+006 32.0151
400438 7.55244e+006 32.0035
400438 7.55244e+006 32.0151
400438 7.55244e+006 32.051
400438 7.55244e+006 32.051
400438 7.55244e+006 32.0227
400438 7.55244e+006 32.0035
400438 7.55244e+006 31.9985
400438 7.55244e+006 32.0035
400438 7.55244e+006 32.0227
400438 7.55244e+006 32.0227
400438 7.55244e+006 32.0105
400438 7.55244e+006 31.9985
400438 7.55244e+006 32.0051
400438 7.55244e+006 31.9985
400438 7.55244e+006 32.0105
400438 7.55244e+006 32.0105
400438 7.55244e+006 32.0266
400438 7.55244e+006 32.0051
400438 7.55244e+006 32.0167
400438 7.55244e+006 32.0051
400438 7.55244e+006 32.0266
400438 7.55244e+006 32.0266
400438 7.55244e+006 32.0549
400438 7.55244e+006 32.0167
400438 7.55244e+006 32.0217
400438 7.55244e+006 32.0167
400438 7.55244e+006 32.0549
400438 7.55244e+006 32.0549
400438 7.55244e+006 32.0671
400438 7.55244e+006 32.0217
400438 7.55244e+006 29.7659
400438 7.55244e+006 29.7685
400438 7.55244e+006 32.0217
400438 7.55244e+006 32.0217
400438 7.55244e+006 32.0151
400438 7.55244e+006 29.7659
400438 7.55244e+006 29.7746
400438 7.55244e+006 29.7659
400438 7.55244e+006 32.0151
400438 7.55244e+006 32.0151
400438 7.55244e+006 32.0035
400438 7.55244e+006 29.7746
400438 7.55244e+006 29.7859
400438 7.55244e+006 29.7746
400438 7.55244e+006 32.0035
400438 7.55244e+006 32.0035
400438 7.55244e+006 31.9985
400438 7.55244e+006 29.7859
400438 7.55244e+006 29.7885
400438 7.55244e+006 29.7859
400438 7.55244e+006 31.9985
400438 7.55244e+006 31.9985
400438 7.55244e+006 32.0051
400438 7.55244e+006 29.7885
400438 7.55244e+006 29.7798
400438 7.55244e+006 29.7885
400438 7.55244e+006 32.0051
400438 7.55244e+006 32.0051
400438 7.55244e+006 32.0167
400438 7.55244e+006 29.7798
400438 7.55244e+006 29.7685
400438 7.55244e+006 29.7798
400438 7.55244e+006 32.0167
400438 7.55244e+006 32.0167
400438 7.55244e+006 32.0217
400438 7.55244e+006 29.7685
400438 7.55244e+006 29.7212
400438 7.55244e+006 29.7276
400438 7.55244e+006 29.7685
400438 7.55244e+006 29.7685
400438 7.55244e+006 29.7659
400438 7.55244e+006 29.7212
400438 7.55244e+006 29.7421
400438 7.55244e+006 29.7212
400438 7.55244e+006 29.7659
400438 7.55244e+006 29.7659
400438 7.55244e+006 29.7746
400438 7.55244e+006 29.7421
400438 7.55244e+006 29.7694
400438 7.55244e+006 29.7421
400438 7.55244e+006 29.7746
400438 7.55244e+006 29.7746
400438 7.55244e+006 29.7859
400438 7.55244e+006 29.7694
400438 7.55244e+006 29.7757
400438 7.55244e+006 29.7694
400438 7.55244e+006 29.7859
400438 7.55244e+006 29.7859
400438 7.55244e+006 29.7885
400438 7.55244e+006 29.7757
400438 7.55244e+006 29.7548
400438 7.55244e+006 29.7757
400438 7.55244e+006 29.7885
400438 7.55244e+006 29.7885
400438 7.55244e+006 29.7798
400438 7.55244e+006 29.7548
400438 7.55244e+006 29.7276
400438 7.55244e+006 29.7548
400438 7.55244e+006 29.7798
400438 7.55244e+006 29.7798
400438 7.55244e+006 29.7685
400438 7.55244e+006 29.7276
400438 7.55244e+006 29.7216
400438 7.55244e+006 29.7301
400438 7.55244e+006 29.7276
400438 7.55244e+006 29.7276
400438 7.55244e+006 29.7212
400438 7.55244e+006 29.7216
400438 7.55244e+006 29.7409
400438 7.55244e+006 29.7216
400438 7.55244e+006 29.7212
400438 7.55244e+006 29.7212
400438 7.55244e+006 29.7421
400438 7.55244e+006 29.7409
400438 7.55244e+006 29.7686
400438 7.55244e+006 29.7409
400438 7.55244e+006 29.7421
400438 7.55244e+006 29.7421
400438 7.55244e+006 29.7694
400438 7.55244e+006 29.7686
400438 7.55244e+006 29.7771
400438 7.55244e+006 29.7686
400438 7.55244e+006 29.7694
400438 7.55244e+006 29.7694
400438 7.55244e+006 29.7757
400438 7.55244e+006 29.7771
400438 7.55244e+006 29.7579
400438 7.55244e+006 29.7771
400438 7.55244e+006 29.7757
400438 7.55244e+006 29.7757
400438 7.55244e+006 29.7548
400438 7.55244e+006 29.7579
400438 7.55244e+006 29.7301
400438 7.55244e+006 29.7579
400438 7.55244e+006 29.7548
400438 7.55244e+006 29.7548
400438 7.55244e+006 29.7276
400438 7.55244e+006 29.7301
400438 7.55244e+006 29.7187
400438 7.55244e+006 29.7294
400438 7.55244e+006 29.7301
400438 7.55244e+006 29.7301
400438 7.55244e+006 29.7216
400438 7.55244e+006 29.7187
400438 7.55244e+006 29.7362
400438 7.55244e+006 29.7187
400438 7.55244e+006 29.7216
400438 7.55244e+006 29.7216
400438 7.55244e+006 29.7409
400438 7.55244e+006 29.7362
400438 7.55244e+006 29.7644
400438 7.55244e+006 29.7362
400438 7.55244e+006 29.7409
400438 7.55244e+006 29.7409
400438 7.55244e+006 29.7686
400438 7.55244e+006 29.7644
400438 7.55244e+006 29.7751
400438 7.55244e+006 29.7644
400438 7.55244e+006 29.7686
400438 7.55244e+006 29.7686
400438 7.55244e+006 29.7771
400438 7.55244e+006 29.7751
400438 7.55244e+006 29.7576
400438 7.55244e+006 29.7751
400438 7.55244e+006 29.7771
400438 7.55244e+006 29.7771
400438 7.55244e+006 29.7579
400438 7.55244e+006 29.7576
400438 7.55244e+006 29.7294
400438 7.55244e+006 29.7576
400438 7.55244e+006 29.7579
400438 7.55244e+006 29.7579
400438 7.55244e+006 29.7301
400438 7.55244e+006 29.7294
400438 7.55244e+006 29.7067
400438 7.55244e+006 29.711
400438 7.55244e+006 29.7294
400438 7.55244e+006 29.7294
400438 7.55244e+006 29.7187
400438 7.55244e+006 29.7067
400438 7.55244e+006 29.714
400438 7.55244e+006 29.7067
400438 7.55244e+006 29.7187
400438 7.55244e+006 29.7187
400438 7.55244e+006 29.7362
400438 7.55244e+006 29.714
400438 7.55244e+006 29.7257
400438 7.55244e+006 29.714
400438 7.55244e+006 29.7362
400438 7.55244e+006 29.7362
400438 7.55244e+006 29.7644
400438 7.55244e+006 29.7257
400438 7.55244e+006 29.73
400438 7.55244e+006 29.7257
400438 7.55244e+006 29.7644
400438 7.55244e+006 29.7644
400438 7.55244e+006 29.7751
400438 7.55244e+006 29.73
400438 7.55244e+006 29.7227
400438 7.55244e+006 29.73
400438 7.55244e+006 29.7751
400438 7.55244e+006 29.7751
400438 7.55244e+006 29.7576
400438 7.55244e+006 29.7227
400438 7.55244e+006 29.711
400438 7.55244e+006 29.7227
400438 7.55244e+006 29.7576
400438 7.55244e+006 29.7576
400438 7.55244e+006 29.7294
400438 7.55244e+006 29.711
400438 7.55244e+006 18.9157
400438 7.55244e+006 18.9156
400438 7.55244e+006 29.711
400438 7.55244e+006 29.711
400438 7.55244e+006 29.7067
400438 7.55244e+006 18.9157
400438 7.55244e+006 18.9158
400438 7.55244e+006 18.9157
400438 7.55244e+006 29.7067
400438 7.55244e+006 29.7067
400438 7.55244e+006 29.714
400438 7.55244e+006 18.9158
400438 7.55244e+006 18.9158
400438 7.55244e+006 18.9158
400438 7.55244e+006 29.714
400438 7.55244e+006 29.714
400438 7.55244e+006 29.7257
400438 7.55244e+006 18.9158
400438 7.55244e+006 18.9157
400438 7.55244e+006 18.9158
400438 7.55244e+006 29.7257
400438 7.55244e+006 29.7257
400438 7.55244e+006 29.73
400438 7.55244e+006 18.9157
400438 7.55244e+006 18.9155
400438 7.55244e+006 18.9157
400438 7.55244e+006 29.73
400438 7.55244e+006 29.73
400438 7.55244e+006 29.7227
400438 7.55244e+006 18.9155
400438 7.55244e+006 18.9156
400438 7.55244e+006 18.9155
400438 7.55244e+006 29.7227
400438 7.55244e+006 29.7227
400438 7.55244e+006 29.711
400438 7.55244e+006 18.9156
400439 7.55244e+006 29.4268
400439 7.55244e+006 29.4267
400439 7.55244e+006 29.4265
400439 7.55244e+006 29.4268
400439 7.55244e+006 29.4265
400439 7.55244e+006 29.4265
400439 7.55244e+006 29.4268
400439 7.55244e+006 29.4265
400439 7.55244e+006 29.4265
400439 7.55244e+006 29.4267
400439 7.55244e+006 29.4268
400439 7.55244e+006 29.4265
400438 7.55244e+006 18.9158
400438 7.55244e+006 18.9156
400438 7.55244e+006 18.9157
400438 7.55244e+006 18.9156
400438 7.55244e+006 18.9158
400438 7.55244e+006 18.9158
400438 7.55244e+006 18.9158
400438 7.55244e+006 18.9157
400438 7.55244e+006 18.9156
400438 7.55244e+006 18.9155
400438 7.55244e+006 18.9156
400438 7.55244e+006 18.9157
400439 7.55244e+006 31.0336
400437 7.55244e+006 31.0244
400437 7.55244e+006 30.9987
400437 7.55244e+006 30.9987
400439 7.55244e+006 31.008
400439 7.55244e+006 31.0336
400439 7.55244e+006 31.0464
400437 7.55244e+006 31.0372
400437 7.55244e+006 31.0244
400437 7.55244e+006 31.0244
400439 7.55244e+006 31.0336
400439 7.55244e+006 31.0464
400439 7.55244e+006 31.0336
400437 7.55244e+006 31.0244
400437 7.55244e+006 31.0372
400437 7.55244e+006 31.0372
400439 7.55244e+006 31.0464
400439 7.55244e+006 31.0336
400439 7.55244e+006 31.008
400437 7.55244e+006 30.9987
400437 7.55244e+006 31.0244
400437 7.55244e+006 31.0244
400439 7.55244e+006 31.0336
400439 7.55244e+006 31.008
400439 7.55244e+006 30.9951
400437 7.55244e+006 30.9859
400437 7.55244e+006 30.9987
400437 7.55244e+006 30.9987
400439 7.55244e+006 31.008
400439 7.55244e+006 30.9951
400439 7.55244e+006 31.008
400437 7.55244e+006 30.9987
400437 7.55244e+006 30.9859
400437 7.55244e+006 30.9859
400439 7.55244e+006 30.9951
400439 7.55244e+006 31.008
400437 7.55244e+006 30.9987
400437 7.55244e+006 30.9859
400437 7.55244e+006 30.9987
400437 7.55244e+006 31.0244
400437 7.55244e+006 30.9987
400437 7.55244e+006 30.9987
400437 7.55244e+006 31.0372
400437 7.55244e+006 31.0244
400437 7.55244e+006 30.9987
400437 7.55244e+006 31.0244
400437 7.55244e+006 31.0372
400437 7.55244e+006 30.9987
400439 7.55244e+006 31.0464
400439 7.55244e+006 31.0336
400439 7.55244e+006 31.008
400439 7.55244e+006 31.008
400439 7.55244e+006 31.008
400439 7.55244e+006 31.0336
400439 7.55244e+006 31.0336
400439 7.55244e+006 31.0464
400439 7.55244e+006 31.008
400439 7.55244e+006 30.9951
400439 7.55244e+006 31.008
400439 7.55244e+006 31.008
