405434 7.55478e+006 29.5864
405435 7.55478e+006 29.5866
405435 7.55478e+006 31.9227
405435 7.55478e+006 31.9227
405434 7.55478e+006 31.9226
405434 7.55478e+006 29.5864
405428 7.55478e+006 31.9226
405429 7.55479e+006 31.9228
405429 7.55479e+006 29.5866
405429 7.55479e+006 29.5866
405428 7.55478e+006 29.5865
405428 7.55478e+006 31.9226
405434 7.55478e+006 31.9226
405435 7.55478e+006 31.9227
405429 7.55479e+006 31.9228
405429 7.55479e+006 31.9228
405428 7.55478e+006 31.9226
405434 7.55478e+006 31.9226
405434 7.55478e+006 29.5864
405434 7.55478e+006 31.9226
405428 7.55478e+006 31.9226
405428 7.55478e+006 31.9226
405428 7.55478e+006 29.5865
405434 7.55478e+006 29.5864
405435 7.55478e+006 29.5866
405434 7.55478e+006 29.5864
405428 7.55478e+006 29.5865
405428 7.55478e+006 29.5865
405429 7.55479e+006 29.5866
405435 7.55478e+006 29.5866
405435 7.55478e+006 31.9227
405435 7.55478e+006 29.5866
405429 7.55479e+006 29.5866
405429 7.55479e+006 29.5866
405429 7.55479e+006 31.9228
405435 7.55478e+006 31.9227
