405407 7.55479e+006 24.4251
405407 7.55479e+006 24.6751
405406 7.55479e+006 24.6749
405406 7.55479e+006 24.6749
405406 7.55479e+006 24.4249
405407 7.55479e+006 24.4251
405406 7.5548e+006 24.6741
405406 7.5548e+006 24.4241
405405 7.55479e+006 24.424
405405 7.55479e+006 24.424
405405 7.55479e+006 24.674
405406 7.5548e+006 24.6741
405407 7.55479e+006 24.4251
405406 7.5548e+006 24.4241
405406 7.5548e+006 24.6741
405406 7.5548e+006 24.6741
405407 7.55479e+006 24.6751
405407 7.55479e+006 24.4251
405406 7.55479e+006 24.6749
405405 7.55479e+006 24.674
405405 7.55479e+006 24.424
405405 7.55479e+006 24.424
405406 7.55479e+006 24.4249
405406 7.55479e+006 24.6749
