400442 7.55244e+006 29.7398
400442 7.55244e+006 29.4484
400442 7.55244e+006 29.4484
400442 7.55244e+006 29.4484
400442 7.55244e+006 29.7501
400442 7.55244e+006 29.7398
400442 7.55244e+006 29.7396
400442 7.55244e+006 29.4482
400442 7.55244e+006 29.4484
400442 7.55244e+006 29.4484
400442 7.55244e+006 29.7398
400442 7.55244e+006 29.7396
400442 7.55244e+006 29.7498
400442 7.55244e+006 29.4481
400442 7.55244e+006 29.4482
400442 7.55244e+006 29.4482
400442 7.55244e+006 29.7396
400442 7.55244e+006 29.7498
400442 7.55244e+006 29.7601
400442 7.55244e+006 29.4482
400442 7.55244e+006 29.4481
400442 7.55244e+006 29.4481
400442 7.55244e+006 29.7498
400442 7.55244e+006 29.7601
400442 7.55244e+006 29.7602
400442 7.55244e+006 29.4484
400442 7.55244e+006 29.4482
400442 7.55244e+006 29.4482
400442 7.55244e+006 29.7601
400442 7.55244e+006 29.7602
400442 7.55244e+006 29.7501
400442 7.55244e+006 29.4484
400442 7.55244e+006 29.4484
400442 7.55244e+006 29.4484
400442 7.55244e+006 29.7602
400442 7.55244e+006 29.7501
400442 7.55244e+006 29.7539
400442 7.55244e+006 29.7398
400442 7.55244e+006 29.7501
400442 7.55244e+006 29.7501
400442 7.55244e+006 29.7786
400442 7.55244e+006 29.7539
400442 7.55244e+006 29.7537
400442 7.55244e+006 29.7396
400442 7.55244e+006 29.7398
400442 7.55244e+006 29.7398
400442 7.55244e+006 29.7539
400442 7.55244e+006 29.7537
400442 7.55244e+006 29.7783
400442 7.55244e+006 29.7498
400442 7.55244e+006 29.7396
400442 7.55244e+006 29.7396
400442 7.55244e+006 29.7537
400442 7.55244e+006 29.7783
400442 7.55244e+006 29.803
400442 7.55244e+006 29.7601
400442 7.55244e+006 29.7498
400442 7.55244e+006 29.7498
400442 7.55244e+006 29.7783
400442 7.55244e+006 29.803
400442 7.55244e+006 29.8032
400442 7.55244e+006 29.7602
400442 7.55244e+006 29.7601
400442 7.55244e+006 29.7601
400442 7.55244e+006 29.803
400442 7.55244e+006 29.8032
400442 7.55244e+006 29.7786
400442 7.55244e+006 29.7501
400442 7.55244e+006 29.7602
400442 7.55244e+006 29.7602
400442 7.55244e+006 29.8032
400442 7.55244e+006 29.7786
400442 7.55244e+006 29.7553
400442 7.55244e+006 29.7539
400442 7.55244e+006 29.7786
400442 7.55244e+006 29.7786
400442 7.55244e+006 29.78
400442 7.55244e+006 29.7553
400442 7.55244e+006 29.7552
400442 7.55244e+006 29.7537
400442 7.55244e+006 29.7539
400442 7.55244e+006 29.7539
400442 7.55244e+006 29.7553
400442 7.55244e+006 29.7552
400442 7.55244e+006 29.7797
400442 7.55244e+006 29.7783
400442 7.55244e+006 29.7537
400442 7.55244e+006 29.7537
400442 7.55244e+006 29.7552
400442 7.55244e+006 29.7797
400442 7.55244e+006 29.8044
400442 7.55244e+006 29.803
400442 7.55244e+006 29.7783
400442 7.55244e+006 29.7783
400442 7.55244e+006 29.7797
400442 7.55244e+006 29.8044
400442 7.55244e+006 29.8046
400442 7.55244e+006 29.8032
400442 7.55244e+006 29.803
400442 7.55244e+006 29.803
400442 7.55244e+006 29.8044
400442 7.55244e+006 29.8046
400442 7.55244e+006 29.78
400442 7.55244e+006 29.7786
400442 7.55244e+006 29.8032
400442 7.55244e+006 29.8032
400442 7.55244e+006 29.8046
400442 7.55244e+006 29.78
400442 7.55244e+006 29.7983
400442 7.55244e+006 29.7553
400442 7.55244e+006 29.78
400442 7.55244e+006 29.78
400442 7.55244e+006 29.8086
400442 7.55244e+006 29.7983
400442 7.55244e+006 29.7981
400442 7.55244e+006 29.7552
400442 7.55244e+006 29.7553
400442 7.55244e+006 29.7553
400442 7.55244e+006 29.7983
400442 7.55244e+006 29.7981
400442 7.55244e+006 29.8082
400442 7.55244e+006 29.7797
400442 7.55244e+006 29.7552
400442 7.55244e+006 29.7552
400442 7.55244e+006 29.7981
400442 7.55244e+006 29.8082
400442 7.55244e+006 29.8185
400442 7.55244e+006 29.8044
400442 7.55244e+006 29.7797
400442 7.55244e+006 29.7797
400442 7.55244e+006 29.8082
400442 7.55244e+006 29.8185
400442 7.55244e+006 29.8187
400442 7.55244e+006 29.8046
400442 7.55244e+006 29.8044
400442 7.55244e+006 29.8044
400442 7.55244e+006 29.8185
400442 7.55244e+006 29.8187
400442 7.55244e+006 29.8086
400442 7.55244e+006 29.78
400442 7.55244e+006 29.8046
400442 7.55244e+006 29.8046
400442 7.55244e+006 29.8187
400442 7.55244e+006 29.8086
400442 7.55244e+006 31.9886
400442 7.55244e+006 29.7983
400442 7.55244e+006 29.8086
400442 7.55244e+006 29.8086
400442 7.55244e+006 31.9954
400442 7.55244e+006 31.9886
400442 7.55244e+006 31.9767
400442 7.55244e+006 29.7981
400442 7.55244e+006 29.7983
400442 7.55244e+006 29.7983
400442 7.55244e+006 31.9886
400442 7.55244e+006 31.9767
400442 7.55244e+006 31.9716
400442 7.55244e+006 29.8082
400442 7.55244e+006 29.7981
400442 7.55244e+006 29.7981
400442 7.55244e+006 31.9767
400442 7.55244e+006 31.9716
400442 7.55244e+006 31.9783
400442 7.55244e+006 29.8185
400442 7.55244e+006 29.8082
400442 7.55244e+006 29.8082
400442 7.55244e+006 31.9716
400442 7.55244e+006 31.9783
400442 7.55244e+006 31.9903
400442 7.55244e+006 29.8187
400442 7.55244e+006 29.8185
400442 7.55244e+006 29.8185
400442 7.55244e+006 31.9783
400442 7.55244e+006 31.9903
400442 7.55244e+006 31.9954
400442 7.55244e+006 29.8086
400442 7.55244e+006 29.8187
400442 7.55244e+006 29.8187
400442 7.55244e+006 31.9903
400442 7.55244e+006 31.9954
400442 7.55244e+006 32.0241
400442 7.55244e+006 31.9886
400442 7.55244e+006 31.9954
400442 7.55244e+006 31.9954
400442 7.55244e+006 32.0402
400442 7.55244e+006 32.0241
400442 7.55244e+006 31.9956
400442 7.55244e+006 31.9767
400442 7.55244e+006 31.9886
400442 7.55244e+006 31.9886
400442 7.55244e+006 32.0241
400442 7.55244e+006 31.9956
400442 7.55244e+006 31.9833
400442 7.55244e+006 31.9716
400442 7.55244e+006 31.9767
400442 7.55244e+006 31.9767
400442 7.55244e+006 31.9956
400442 7.55244e+006 31.9833
400442 7.55244e+006 31.9995
400442 7.55244e+006 31.9783
400442 7.55244e+006 31.9716
400442 7.55244e+006 31.9716
400442 7.55244e+006 31.9833
400442 7.55244e+006 31.9995
400442 7.55244e+006 32.028
400442 7.55244e+006 31.9903
400442 7.55244e+006 31.9783
400442 7.55244e+006 31.9783
400442 7.55244e+006 31.9995
400442 7.55244e+006 32.028
400442 7.55244e+006 32.0402
400442 7.55244e+006 31.9954
400442 7.55244e+006 31.9903
400442 7.55244e+006 31.9903
400442 7.55244e+006 32.028
400442 7.55244e+006 32.0402
400441 7.55244e+006 32.015
400442 7.55244e+006 32.0241
400442 7.55244e+006 32.0402
400442 7.55244e+006 32.0402
400441 7.55244e+006 32.031
400441 7.55244e+006 32.015
400441 7.55244e+006 31.9866
400442 7.55244e+006 31.9956
400442 7.55244e+006 32.0241
400442 7.55244e+006 32.0241
400441 7.55244e+006 32.015
400441 7.55244e+006 31.9866
400441 7.55244e+006 31.9744
400442 7.55244e+006 31.9833
400442 7.55244e+006 31.9956
400442 7.55244e+006 31.9956
400441 7.55244e+006 31.9866
400441 7.55244e+006 31.9744
400441 7.55244e+006 31.9905
400442 7.55244e+006 31.9995
400442 7.55244e+006 31.9833
400442 7.55244e+006 31.9833
400441 7.55244e+006 31.9744
400441 7.55244e+006 31.9905
400441 7.55244e+006 32.0188
400442 7.55244e+006 32.028
400442 7.55244e+006 31.9995
400442 7.55244e+006 31.9995
400441 7.55244e+006 31.9905
400441 7.55244e+006 32.0188
400441 7.55244e+006 32.031
400442 7.55244e+006 32.0402
400442 7.55244e+006 32.028
400442 7.55244e+006 32.028
400441 7.55244e+006 32.0188
400441 7.55244e+006 32.031
400441 7.55244e+006 31.9791
400441 7.55244e+006 32.015
400441 7.55244e+006 32.031
400441 7.55244e+006 32.031
400441 7.55244e+006 31.9857
400441 7.55244e+006 31.9791
400441 7.55244e+006 31.9675
400441 7.55244e+006 31.9866
400441 7.55244e+006 32.015
400441 7.55244e+006 32.015
400441 7.55244e+006 31.9791
400441 7.55244e+006 31.9675
400441 7.55244e+006 31.9625
400441 7.55244e+006 31.9744
400441 7.55244e+006 31.9866
400441 7.55244e+006 31.9866
400441 7.55244e+006 31.9675
400441 7.55244e+006 31.9625
400441 7.55244e+006 31.9691
400441 7.55244e+006 31.9905
400441 7.55244e+006 31.9744
400441 7.55244e+006 31.9744
400441 7.55244e+006 31.9625
400441 7.55244e+006 31.9691
400441 7.55244e+006 31.9807
400441 7.55244e+006 32.0188
400441 7.55244e+006 31.9905
400441 7.55244e+006 31.9905
400441 7.55244e+006 31.9691
400441 7.55244e+006 31.9807
400441 7.55244e+006 31.9857
400441 7.55244e+006 32.031
400441 7.55244e+006 32.0188
400441 7.55244e+006 32.0188
400441 7.55244e+006 31.9807
400441 7.55244e+006 31.9857
400441 7.55244e+006 18.9336
400441 7.55244e+006 31.9791
400441 7.55244e+006 31.9857
400441 7.55244e+006 31.9857
400441 7.55244e+006 18.9335
400441 7.55244e+006 18.9336
400441 7.55244e+006 18.9338
400441 7.55244e+006 31.9675
400441 7.55244e+006 31.9791
400441 7.55244e+006 31.9791
400441 7.55244e+006 18.9336
400441 7.55244e+006 18.9338
400441 7.55244e+006 18.9338
400441 7.55244e+006 31.9625
400441 7.55244e+006 31.9675
400441 7.55244e+006 31.9675
400441 7.55244e+006 18.9338
400441 7.55244e+006 18.9338
400441 7.55244e+006 18.9337
400441 7.55244e+006 31.9691
400441 7.55244e+006 31.9625
400441 7.55244e+006 31.9625
400441 7.55244e+006 18.9338
400441 7.55244e+006 18.9337
400441 7.55244e+006 18.9336
400441 7.55244e+006 31.9807
400441 7.55244e+006 31.9691
400441 7.55244e+006 31.9691
400441 7.55244e+006 18.9337
400441 7.55244e+006 18.9336
400441 7.55244e+006 18.9335
400441 7.55244e+006 31.9857
400441 7.55244e+006 31.9807
400441 7.55244e+006 31.9807
400441 7.55244e+006 18.9336
400441 7.55244e+006 18.9335
400442 7.55244e+006 29.4482
400442 7.55244e+006 29.4484
400442 7.55244e+006 29.4484
400442 7.55244e+006 29.4481
400442 7.55244e+006 29.4482
400442 7.55244e+006 29.4484
400442 7.55244e+006 29.4482
400442 7.55244e+006 29.4481
400442 7.55244e+006 29.4484
400442 7.55244e+006 29.4484
400442 7.55244e+006 29.4482
400442 7.55244e+006 29.4484
400441 7.55244e+006 18.9338
400441 7.55244e+006 18.9336
400441 7.55244e+006 18.9335
400441 7.55244e+006 18.9335
400441 7.55244e+006 18.9337
400441 7.55244e+006 18.9338
400441 7.55244e+006 18.9338
400441 7.55244e+006 18.9338
400441 7.55244e+006 18.9335
400441 7.55244e+006 18.9336
400441 7.55244e+006 18.9337
400441 7.55244e+006 18.9335
400442 7.55244e+006 29.7413
400442 7.55244e+006 29.7516
400442 7.55244e+006 29.4499
400442 7.55244e+006 29.4499
400442 7.55244e+006 29.4498
400442 7.55244e+006 29.7413
400442 7.55244e+006 29.7411
400442 7.55244e+006 29.7413
400442 7.55244e+006 29.4498
400442 7.55244e+006 29.4498
400442 7.55244e+006 29.4496
400442 7.55244e+006 29.7411
400442 7.55244e+006 29.7512
400442 7.55244e+006 29.7411
400442 7.55244e+006 29.4496
400442 7.55244e+006 29.4496
400442 7.55244e+006 29.4496
400442 7.55244e+006 29.7512
400442 7.55244e+006 29.7615
400442 7.55244e+006 29.7512
400442 7.55244e+006 29.4496
400442 7.55244e+006 29.4496
400442 7.55244e+006 29.4496
400442 7.55244e+006 29.7615
400442 7.55244e+006 29.7617
400442 7.55244e+006 29.7615
400442 7.55244e+006 29.4496
400442 7.55244e+006 29.4496
400442 7.55244e+006 29.4498
400442 7.55244e+006 29.7617
400442 7.55244e+006 29.7516
400442 7.55244e+006 29.7617
400442 7.55244e+006 29.4498
400442 7.55244e+006 29.4498
400442 7.55244e+006 29.4499
400442 7.55244e+006 29.7516
400442 7.55244e+006 29.7554
400442 7.55244e+006 29.7801
400442 7.55244e+006 29.7516
400442 7.55244e+006 29.7516
400442 7.55244e+006 29.7413
400442 7.55244e+006 29.7554
400442 7.55244e+006 29.7552
400442 7.55244e+006 29.7554
400442 7.55244e+006 29.7413
400442 7.55244e+006 29.7413
400442 7.55244e+006 29.7411
400442 7.55244e+006 29.7552
400442 7.55244e+006 29.7798
400442 7.55244e+006 29.7552
400442 7.55244e+006 29.7411
400442 7.55244e+006 29.7411
400442 7.55244e+006 29.7512
400442 7.55244e+006 29.7798
400442 7.55244e+006 29.8045
400442 7.55244e+006 29.7798
400442 7.55244e+006 29.7512
400442 7.55244e+006 29.7512
400442 7.55244e+006 29.7615
400442 7.55244e+006 29.8045
400442 7.55244e+006 29.8046
400442 7.55244e+006 29.8045
400442 7.55244e+006 29.7615
400442 7.55244e+006 29.7615
400442 7.55244e+006 29.7617
400442 7.55244e+006 29.8046
400442 7.55244e+006 29.7801
400442 7.55244e+006 29.8046
400442 7.55244e+006 29.7617
400442 7.55244e+006 29.7617
400442 7.55244e+006 29.7516
400442 7.55244e+006 29.7801
400442 7.55244e+006 29.7568
400442 7.55244e+006 29.7815
400442 7.55244e+006 29.7801
400442 7.55244e+006 29.7801
400442 7.55244e+006 29.7554
400442 7.55244e+006 29.7568
400442 7.55244e+006 29.7566
400442 7.55244e+006 29.7568
400442 7.55244e+006 29.7554
400442 7.55244e+006 29.7554
400442 7.55244e+006 29.7552
400442 7.55244e+006 29.7566
400442 7.55244e+006 29.7812
400442 7.55244e+006 29.7566
400442 7.55244e+006 29.7552
400442 7.55244e+006 29.7552
400442 7.55244e+006 29.7798
400442 7.55244e+006 29.7812
400442 7.55244e+006 29.8059
400442 7.55244e+006 29.7812
400442 7.55244e+006 29.7798
400442 7.55244e+006 29.7798
400442 7.55244e+006 29.8045
400442 7.55244e+006 29.8059
400442 7.55244e+006 29.8061
400442 7.55244e+006 29.8059
400442 7.55244e+006 29.8045
400442 7.55244e+006 29.8045
400442 7.55244e+006 29.8046
400442 7.55244e+006 29.8061
400442 7.55244e+006 29.7815
400442 7.55244e+006 29.8061
400442 7.55244e+006 29.8046
400442 7.55244e+006 29.8046
400442 7.55244e+006 29.7801
400442 7.55244e+006 29.7815
400442 7.55244e+006 29.7997
400442 7.55244e+006 29.81
400442 7.55244e+006 29.7815
400442 7.55244e+006 29.7815
400442 7.55244e+006 29.7568
400442 7.55244e+006 29.7997
400442 7.55244e+006 29.7996
400442 7.55244e+006 29.7997
400442 7.55244e+006 29.7568
400442 7.55244e+006 29.7568
400442 7.55244e+006 29.7566
400442 7.55244e+006 29.7996
400442 7.55244e+006 29.8097
400442 7.55244e+006 29.7996
400442 7.55244e+006 29.7566
400442 7.55244e+006 29.7566
400442 7.55244e+006 29.7812
400442 7.55244e+006 29.8097
400442 7.55244e+006 29.82
400442 7.55244e+006 29.8097
400442 7.55244e+006 29.7812
400442 7.55244e+006 29.7812
400442 7.55244e+006 29.8059
400442 7.55244e+006 29.82
400442 7.55244e+006 29.8201
400442 7.55244e+006 29.82
400442 7.55244e+006 29.8059
400442 7.55244e+006 29.8059
400442 7.55244e+006 29.8061
400442 7.55244e+006 29.8201
400442 7.55244e+006 29.81
400442 7.55244e+006 29.8201
400442 7.55244e+006 29.8061
400442 7.55244e+006 29.8061
400442 7.55244e+006 29.7815
400442 7.55244e+006 29.81
400442 7.55244e+006 32.0452
400442 7.55244e+006 32.052
400442 7.55244e+006 29.81
400442 7.55244e+006 29.81
400442 7.55244e+006 29.7997
400442 7.55244e+006 32.0452
400442 7.55244e+006 32.0333
400442 7.55244e+006 32.0452
400442 7.55244e+006 29.7997
400442 7.55244e+006 29.7997
400442 7.55244e+006 29.7996
400442 7.55244e+006 32.0333
400442 7.55244e+006 32.0282
400442 7.55244e+006 32.0333
400442 7.55244e+006 29.7996
400442 7.55244e+006 29.7996
400442 7.55244e+006 29.8097
400442 7.55244e+006 32.0282
400442 7.55244e+006 32.035
400442 7.55244e+006 32.0282
400442 7.55244e+006 29.8097
400442 7.55244e+006 29.8097
400442 7.55244e+006 29.82
400442 7.55244e+006 32.035
400442 7.55244e+006 32.0469
400442 7.55244e+006 32.035
400442 7.55244e+006 29.82
400442 7.55244e+006 29.82
400442 7.55244e+006 29.8201
400442 7.55244e+006 32.0469
400442 7.55244e+006 32.052
400442 7.55244e+006 32.0469
400442 7.55244e+006 29.8201
400442 7.55244e+006 29.8201
400442 7.55244e+006 29.81
400442 7.55244e+006 32.052
400442 7.55244e+006 32.0807
400442 7.55244e+006 32.0969
400442 7.55244e+006 32.052
400442 7.55244e+006 32.052
400442 7.55244e+006 32.0452
400442 7.55244e+006 32.0807
400442 7.55244e+006 32.0522
400442 7.55244e+006 32.0807
400442 7.55244e+006 32.0452
400442 7.55244e+006 32.0452
400442 7.55244e+006 32.0333
400442 7.55244e+006 32.0522
400442 7.55244e+006 32.04
400442 7.55244e+006 32.0522
400442 7.55244e+006 32.0333
400442 7.55244e+006 32.0333
400442 7.55244e+006 32.0282
400442 7.55244e+006 32.04
400442 7.55244e+006 32.0561
400442 7.55244e+006 32.04
400442 7.55244e+006 32.0282
400442 7.55244e+006 32.0282
400442 7.55244e+006 32.035
400442 7.55244e+006 32.0561
400442 7.55244e+006 32.0846
400442 7.55244e+006 32.0561
400442 7.55244e+006 32.035
400442 7.55244e+006 32.035
400442 7.55244e+006 32.0469
400442 7.55244e+006 32.0846
400442 7.55244e+006 32.0969
400442 7.55244e+006 32.0846
400442 7.55244e+006 32.0469
400442 7.55244e+006 32.0469
400442 7.55244e+006 32.052
400442 7.55244e+006 32.0969
400441 7.55244e+006 32.0741
400441 7.55244e+006 32.0902
400442 7.55244e+006 32.0969
400442 7.55244e+006 32.0969
400442 7.55244e+006 32.0807
400441 7.55244e+006 32.0741
400441 7.55244e+006 32.0458
400441 7.55244e+006 32.0741
400442 7.55244e+006 32.0807
400442 7.55244e+006 32.0807
400442 7.55244e+006 32.0522
400441 7.55244e+006 32.0458
400441 7.55244e+006 32.0336
400441 7.55244e+006 32.0458
400442 7.55244e+006 32.0522
400442 7.55244e+006 32.0522
400442 7.55244e+006 32.04
400441 7.55244e+006 32.0336
400441 7.55244e+006 32.0497
400441 7.55244e+006 32.0336
400442 7.55244e+006 32.04
400442 7.55244e+006 32.04
400442 7.55244e+006 32.0561
400441 7.55244e+006 32.0497
400441 7.55244e+006 32.078
400441 7.55244e+006 32.0497
400442 7.55244e+006 32.0561
400442 7.55244e+006 32.0561
400442 7.55244e+006 32.0846
400441 7.55244e+006 32.078
400441 7.55244e+006 32.0902
400441 7.55244e+006 32.078
400442 7.55244e+006 32.0846
400442 7.55244e+006 32.0846
400442 7.55244e+006 32.0969
400441 7.55244e+006 32.0902
400441 7.55244e+006 32.0382
400441 7.55244e+006 32.0448
400441 7.55244e+006 32.0902
400441 7.55244e+006 32.0902
400441 7.55244e+006 32.0741
400441 7.55244e+006 32.0382
400441 7.55244e+006 32.0267
400441 7.55244e+006 32.0382
400441 7.55244e+006 32.0741
400441 7.55244e+006 32.0741
400441 7.55244e+006 32.0458
400441 7.55244e+006 32.0267
400441 7.55244e+006 32.0217
400441 7.55244e+006 32.0267
400441 7.55244e+006 32.0458
400441 7.55244e+006 32.0458
400441 7.55244e+006 32.0336
400441 7.55244e+006 32.0217
400441 7.55244e+006 32.0282
400441 7.55244e+006 32.0217
400441 7.55244e+006 32.0336
400441 7.55244e+006 32.0336
400441 7.55244e+006 32.0497
400441 7.55244e+006 32.0282
400441 7.55244e+006 32.0398
400441 7.55244e+006 32.0282
400441 7.55244e+006 32.0497
400441 7.55244e+006 32.0497
400441 7.55244e+006 32.078
400441 7.55244e+006 32.0398
400441 7.55244e+006 32.0448
400441 7.55244e+006 32.0398
400441 7.55244e+006 32.078
400441 7.55244e+006 32.078
400441 7.55244e+006 32.0902
400441 7.55244e+006 32.0448
400441 7.55244e+006 29.789
400441 7.55244e+006 29.7916
400441 7.55244e+006 32.0448
400441 7.55244e+006 32.0448
400441 7.55244e+006 32.0382
400441 7.55244e+006 29.789
400441 7.55244e+006 29.7977
400441 7.55244e+006 29.789
400441 7.55244e+006 32.0382
400441 7.55244e+006 32.0382
400441 7.55244e+006 32.0267
400441 7.55244e+006 29.7977
400441 7.55244e+006 29.809
400441 7.55244e+006 29.7977
400441 7.55244e+006 32.0267
400441 7.55244e+006 32.0267
400441 7.55244e+006 32.0217
400441 7.55244e+006 29.809
400441 7.55244e+006 29.8116
400441 7.55244e+006 29.809
400441 7.55244e+006 32.0217
400441 7.55244e+006 32.0217
400441 7.55244e+006 32.0282
400441 7.55244e+006 29.8116
400441 7.55244e+006 29.8029
400441 7.55244e+006 29.8116
400441 7.55244e+006 32.0282
400441 7.55244e+006 32.0282
400441 7.55244e+006 32.0398
400441 7.55244e+006 29.8029
400441 7.55244e+006 29.7916
400441 7.55244e+006 29.8029
400441 7.55244e+006 32.0398
400441 7.55244e+006 32.0398
400441 7.55244e+006 32.0448
400441 7.55244e+006 29.7916
400441 7.55244e+006 29.7443
400441 7.55244e+006 29.7507
400441 7.55244e+006 29.7916
400441 7.55244e+006 29.7916
400441 7.55244e+006 29.789
400441 7.55244e+006 29.7443
400441 7.55244e+006 29.7652
400441 7.55244e+006 29.7443
400441 7.55244e+006 29.789
400441 7.55244e+006 29.789
400441 7.55244e+006 29.7977
400441 7.55244e+006 29.7652
400441 7.55244e+006 29.7925
400441 7.55244e+006 29.7652
400441 7.55244e+006 29.7977
400441 7.55244e+006 29.7977
400441 7.55244e+006 29.809
400441 7.55244e+006 29.7925
400441 7.55244e+006 29.7988
400441 7.55244e+006 29.7925
400441 7.55244e+006 29.809
400441 7.55244e+006 29.809
400441 7.55244e+006 29.8116
400441 7.55244e+006 29.7988
400441 7.55244e+006 29.7779
400441 7.55244e+006 29.7988
400441 7.55244e+006 29.8116
400441 7.55244e+006 29.8116
400441 7.55244e+006 29.8029
400441 7.55244e+006 29.7779
400441 7.55244e+006 29.7507
400441 7.55244e+006 29.7779
400441 7.55244e+006 29.8029
400441 7.55244e+006 29.8029
400441 7.55244e+006 29.7916
400441 7.55244e+006 29.7507
400441 7.55244e+006 29.7447
400441 7.55244e+006 29.7532
400441 7.55244e+006 29.7507
400441 7.55244e+006 29.7507
400441 7.55244e+006 29.7443
400441 7.55244e+006 29.7447
400441 7.55244e+006 29.764
400441 7.55244e+006 29.7447
400441 7.55244e+006 29.7443
400441 7.55244e+006 29.7443
400441 7.55244e+006 29.7652
400441 7.55244e+006 29.764
400441 7.55244e+006 29.7917
400441 7.55244e+006 29.764
400441 7.55244e+006 29.7652
400441 7.55244e+006 29.7652
400441 7.55244e+006 29.7925
400441 7.55244e+006 29.7917
400441 7.55244e+006 29.8003
400441 7.55244e+006 29.7917
400441 7.55244e+006 29.7925
400441 7.55244e+006 29.7925
400441 7.55244e+006 29.7988
400441 7.55244e+006 29.8003
400441 7.55244e+006 29.781
400441 7.55244e+006 29.8003
400441 7.55244e+006 29.7988
400441 7.55244e+006 29.7988
400441 7.55244e+006 29.7779
400441 7.55244e+006 29.781
400441 7.55244e+006 29.7532
400441 7.55244e+006 29.781
400441 7.55244e+006 29.7779
400441 7.55244e+006 29.7779
400441 7.55244e+006 29.7507
400441 7.55244e+006 29.7532
400441 7.55244e+006 29.7418
400441 7.55244e+006 29.7525
400441 7.55244e+006 29.7532
400441 7.55244e+006 29.7532
400441 7.55244e+006 29.7447
400441 7.55244e+006 29.7418
400441 7.55244e+006 29.7593
400441 7.55244e+006 29.7418
400441 7.55244e+006 29.7447
400441 7.55244e+006 29.7447
400441 7.55244e+006 29.764
400441 7.55244e+006 29.7593
400441 7.55244e+006 29.7875
400441 7.55244e+006 29.7593
400441 7.55244e+006 29.764
400441 7.55244e+006 29.764
400441 7.55244e+006 29.7917
400441 7.55244e+006 29.7875
400441 7.55244e+006 29.7982
400441 7.55244e+006 29.7875
400441 7.55244e+006 29.7917
400441 7.55244e+006 29.7917
400441 7.55244e+006 29.8003
400441 7.55244e+006 29.7982
400441 7.55244e+006 29.7807
400441 7.55244e+006 29.7982
400441 7.55244e+006 29.8003
400441 7.55244e+006 29.8003
400441 7.55244e+006 29.781
400441 7.55244e+006 29.7807
400441 7.55244e+006 29.7525
400441 7.55244e+006 29.7807
400441 7.55244e+006 29.781
400441 7.55244e+006 29.781
400441 7.55244e+006 29.7532
400441 7.55244e+006 29.7525
400441 7.55244e+006 29.7298
400441 7.55244e+006 29.7341
400441 7.55244e+006 29.7525
400441 7.55244e+006 29.7525
400441 7.55244e+006 29.7418
400441 7.55244e+006 29.7298
400441 7.55244e+006 29.7371
400441 7.55244e+006 29.7298
400441 7.55244e+006 29.7418
400441 7.55244e+006 29.7418
400441 7.55244e+006 29.7593
400441 7.55244e+006 29.7371
400441 7.55244e+006 29.7488
400441 7.55244e+006 29.7371
400441 7.55244e+006 29.7593
400441 7.55244e+006 29.7593
400441 7.55244e+006 29.7875
400441 7.55244e+006 29.7488
400441 7.55244e+006 29.7531
400441 7.55244e+006 29.7488
400441 7.55244e+006 29.7875
400441 7.55244e+006 29.7875
400441 7.55244e+006 29.7982
400441 7.55244e+006 29.7531
400441 7.55244e+006 29.7458
400441 7.55244e+006 29.7531
400441 7.55244e+006 29.7982
400441 7.55244e+006 29.7982
400441 7.55244e+006 29.7807
400441 7.55244e+006 29.7458
400441 7.55244e+006 29.7341
400441 7.55244e+006 29.7458
400441 7.55244e+006 29.7807
400441 7.55244e+006 29.7807
400441 7.55244e+006 29.7525
400441 7.55244e+006 29.7341
400441 7.55244e+006 18.9388
400441 7.55244e+006 18.9387
400441 7.55244e+006 29.7341
400441 7.55244e+006 29.7341
400441 7.55244e+006 29.7298
400441 7.55244e+006 18.9388
400441 7.55244e+006 18.939
400441 7.55244e+006 18.9388
400441 7.55244e+006 29.7298
400441 7.55244e+006 29.7298
400441 7.55244e+006 29.7371
400441 7.55244e+006 18.939
400441 7.55244e+006 18.9389
400441 7.55244e+006 18.939
400441 7.55244e+006 29.7371
400441 7.55244e+006 29.7371
400441 7.55244e+006 29.7488
400441 7.55244e+006 18.9389
400441 7.55244e+006 18.9388
400441 7.55244e+006 18.9389
400441 7.55244e+006 29.7488
400441 7.55244e+006 29.7488
400441 7.55244e+006 29.7531
400441 7.55244e+006 18.9388
400441 7.55244e+006 18.9386
400441 7.55244e+006 18.9388
400441 7.55244e+006 29.7531
400441 7.55244e+006 29.7531
400441 7.55244e+006 29.7458
400441 7.55244e+006 18.9386
400441 7.55244e+006 18.9387
400441 7.55244e+006 18.9386
400441 7.55244e+006 29.7458
400441 7.55244e+006 29.7458
400441 7.55244e+006 29.7341
400441 7.55244e+006 18.9387
400442 7.55244e+006 29.4499
400442 7.55244e+006 29.4498
400442 7.55244e+006 29.4496
400442 7.55244e+006 29.4499
400442 7.55244e+006 29.4496
400442 7.55244e+006 29.4496
400442 7.55244e+006 29.4499
400442 7.55244e+006 29.4496
400442 7.55244e+006 29.4496
400442 7.55244e+006 29.4498
400442 7.55244e+006 29.4499
400442 7.55244e+006 29.4496
400441 7.55244e+006 18.939
400441 7.55244e+006 18.9387
400441 7.55244e+006 18.9388
400441 7.55244e+006 18.9387
400441 7.55244e+006 18.939
400441 7.55244e+006 18.9389
400441 7.55244e+006 18.9389
400441 7.55244e+006 18.9388
400441 7.55244e+006 18.9387
400441 7.55244e+006 18.9386
400441 7.55244e+006 18.9387
400441 7.55244e+006 18.9388
