405450 7.55482e+006 24.0766
405450 7.55482e+006 24.5652
405450 7.55482e+006 24.5652
405450 7.55482e+006 24.5652
405450 7.55482e+006 24.0766
405450 7.55482e+006 24.0766
405455 7.55483e+006 24.0766
405455 7.55483e+006 24.0766
405455 7.55483e+006 24.5652
405455 7.55483e+006 24.5652
405455 7.55483e+006 24.5652
405455 7.55483e+006 24.0766
405455 7.55483e+006 24.0766
405455 7.55483e+006 24.0766
405450 7.55482e+006 24.0766
405450 7.55482e+006 24.0766
405450 7.55482e+006 24.0766
405455 7.55483e+006 24.0766
405455 7.55483e+006 24.5652
405455 7.55483e+006 24.0766
405450 7.55482e+006 24.0766
405450 7.55482e+006 24.0766
405450 7.55482e+006 24.5652
405455 7.55483e+006 24.5652
405455 7.55483e+006 24.5652
405455 7.55483e+006 24.5652
405450 7.55482e+006 24.5652
405450 7.55482e+006 24.5652
405450 7.55482e+006 24.5652
405455 7.55483e+006 24.5652
405455 7.55483e+006 24.0766
405455 7.55483e+006 24.5652
405450 7.55482e+006 24.5652
405450 7.55482e+006 24.5652
405450 7.55482e+006 24.0766
405455 7.55483e+006 24.0766
405439 7.55482e+006 24.0766
405439 7.55482e+006 24.5652
405438 7.55482e+006 24.5652
405438 7.55482e+006 24.5652
405438 7.55482e+006 24.0766
405439 7.55482e+006 24.0766
405444 7.55483e+006 24.0766
405443 7.55483e+006 24.0766
405443 7.55483e+006 24.5652
405443 7.55483e+006 24.5652
405444 7.55483e+006 24.5652
405444 7.55483e+006 24.0766
405443 7.55483e+006 24.0766
405444 7.55483e+006 24.0766
405439 7.55482e+006 24.0766
405439 7.55482e+006 24.0766
405438 7.55482e+006 24.0766
405443 7.55483e+006 24.0766
405443 7.55483e+006 24.5652
405443 7.55483e+006 24.0766
405438 7.55482e+006 24.0766
405438 7.55482e+006 24.0766
405438 7.55482e+006 24.5652
405443 7.55483e+006 24.5652
405444 7.55483e+006 24.5652
405443 7.55483e+006 24.5652
405438 7.55482e+006 24.5652
405438 7.55482e+006 24.5652
405439 7.55482e+006 24.5652
405444 7.55483e+006 24.5652
405444 7.55483e+006 24.0766
405444 7.55483e+006 24.5652
405439 7.55482e+006 24.5652
405439 7.55482e+006 24.5652
405439 7.55482e+006 24.0766
405444 7.55483e+006 24.0766
405427 7.55483e+006 24.0766
405427 7.55483e+006 24.5652
405426 7.55483e+006 24.5652
405426 7.55483e+006 24.5652
405426 7.55483e+006 24.0766
405427 7.55483e+006 24.0766
405432 7.55484e+006 24.0766
405431 7.55484e+006 24.0766
405431 7.55484e+006 24.5652
405431 7.55484e+006 24.5652
405432 7.55484e+006 24.5652
405432 7.55484e+006 24.0766
405431 7.55484e+006 24.0766
405432 7.55484e+006 24.0766
405427 7.55483e+006 24.0766
405427 7.55483e+006 24.0766
405426 7.55483e+006 24.0766
405431 7.55484e+006 24.0766
405431 7.55484e+006 24.5652
405431 7.55484e+006 24.0766
405426 7.55483e+006 24.0766
405426 7.55483e+006 24.0766
405426 7.55483e+006 24.5652
405431 7.55484e+006 24.5652
405432 7.55484e+006 24.5652
405431 7.55484e+006 24.5652
405426 7.55483e+006 24.5652
405426 7.55483e+006 24.5652
405427 7.55483e+006 24.5652
405432 7.55484e+006 24.5652
405432 7.55484e+006 24.0766
405432 7.55484e+006 24.5652
405427 7.55483e+006 24.5652
405427 7.55483e+006 24.5652
405427 7.55483e+006 24.0766
405432 7.55484e+006 24.0766
