405446 7.55483e+006 23.5644
405446 7.55483e+006 23.8075
405446 7.55483e+006 23.8075
405446 7.55483e+006 23.8075
405446 7.55483e+006 23.5644
405446 7.55483e+006 23.5644
405446 7.55483e+006 23.8075
405446 7.55483e+006 24.2935
405446 7.55483e+006 24.2935
405446 7.55483e+006 24.2935
405446 7.55483e+006 23.8075
405446 7.55483e+006 23.8075
405446 7.55483e+006 24.2935
405446 7.55483e+006 24.5365
405446 7.55483e+006 24.5365
405446 7.55483e+006 24.5365
405446 7.55483e+006 24.2935
405446 7.55483e+006 24.2935
405446 7.55483e+006 24.5365
405446 7.55483e+006 24.2935
405445 7.55483e+006 24.2935
405445 7.55483e+006 24.2935
405446 7.55483e+006 24.5365
405446 7.55483e+006 24.5365
405446 7.55483e+006 24.2935
405446 7.55483e+006 23.8075
405445 7.55483e+006 23.8075
405445 7.55483e+006 23.8075
405445 7.55483e+006 24.2935
405446 7.55483e+006 24.2935
405446 7.55483e+006 23.8075
405446 7.55483e+006 23.5644
405446 7.55483e+006 23.5644
405446 7.55483e+006 23.5644
405445 7.55483e+006 23.8075
405446 7.55483e+006 23.8075
405446 7.55483e+006 23.8987
405444 7.55482e+006 23.8987
405444 7.55482e+006 23.7469
405444 7.55482e+006 23.7469
405446 7.55483e+006 23.7469
405446 7.55483e+006 23.8987
405446 7.55483e+006 24.2023
405444 7.55482e+006 24.2023
405444 7.55482e+006 23.8987
405444 7.55482e+006 23.8987
405446 7.55483e+006 23.8987
405446 7.55483e+006 24.2023
405446 7.55483e+006 24.3541
405444 7.55482e+006 24.3541
405444 7.55482e+006 24.2023
405444 7.55482e+006 24.2023
405446 7.55483e+006 24.2023
405446 7.55483e+006 24.3541
405446 7.55483e+006 24.2023
405443 7.55482e+006 24.2023
405444 7.55482e+006 24.3541
405444 7.55482e+006 24.3541
405446 7.55483e+006 24.3541
405446 7.55483e+006 24.2023
405446 7.55483e+006 23.8987
405443 7.55482e+006 23.8987
405443 7.55482e+006 24.2023
405443 7.55482e+006 24.2023
405446 7.55483e+006 24.2023
405446 7.55483e+006 23.8987
405444 7.55482e+006 23.7469
405443 7.55482e+006 23.8987
405446 7.55483e+006 23.8987
405446 7.55483e+006 23.8987
405446 7.55483e+006 23.7469
405444 7.55482e+006 23.7469
405446 7.55483e+006 24.0505
405446 7.55483e+006 24.5365
405446 7.55483e+006 24.2935
405446 7.55483e+006 24.2935
405446 7.55483e+006 23.8075
405446 7.55483e+006 24.0505
405446 7.55483e+006 24.0505
405446 7.55483e+006 23.8075
405446 7.55483e+006 24.2935
405446 7.55483e+006 24.2935
405446 7.55483e+006 24.5365
405446 7.55483e+006 24.0505
405446 7.55483e+006 24.0505
405446 7.55483e+006 23.8075
405446 7.55483e+006 23.5644
405446 7.55483e+006 23.5644
405446 7.55483e+006 23.8075
405446 7.55483e+006 24.0505
405446 7.55483e+006 23.8987
405445 7.55483e+006 23.8075
405446 7.55483e+006 23.5644
405446 7.55483e+006 23.5644
405446 7.55483e+006 23.7469
405446 7.55483e+006 23.8987
405446 7.55483e+006 23.8987
405446 7.55483e+006 24.2023
405445 7.55483e+006 24.2935
405445 7.55483e+006 24.2935
405445 7.55483e+006 23.8075
405446 7.55483e+006 23.8987
405446 7.55483e+006 24.2023
405446 7.55483e+006 24.3541
405446 7.55483e+006 24.5365
405446 7.55483e+006 24.5365
405445 7.55483e+006 24.2935
405446 7.55483e+006 24.2023
405446 7.55483e+006 24.3541
405446 7.55483e+006 24.2023
405446 7.55483e+006 24.2935
405446 7.55483e+006 24.2935
405446 7.55483e+006 24.5365
405446 7.55483e+006 24.3541
405446 7.55483e+006 24.2023
405446 7.55483e+006 23.8987
405446 7.55483e+006 23.8075
405446 7.55483e+006 23.8075
405446 7.55483e+006 24.2935
405446 7.55483e+006 24.2023
405446 7.55483e+006 23.8987
405446 7.55483e+006 23.7469
405446 7.55483e+006 23.5644
405446 7.55483e+006 23.5644
405446 7.55483e+006 23.8075
405446 7.55483e+006 23.8987
405444 7.55482e+006 23.8075
405444 7.55482e+006 23.5644
405444 7.55482e+006 23.5644
405444 7.55482e+006 23.5644
405444 7.55482e+006 23.8075
405444 7.55482e+006 23.8075
405444 7.55482e+006 24.2935
405444 7.55482e+006 24.2935
405444 7.55482e+006 23.8075
405444 7.55482e+006 23.8075
405444 7.55482e+006 23.8075
405444 7.55482e+006 24.2935
405444 7.55482e+006 24.5365
405444 7.55482e+006 24.5365
405444 7.55482e+006 24.2935
405444 7.55482e+006 24.2935
405444 7.55482e+006 24.2935
405444 7.55482e+006 24.5365
405443 7.55482e+006 24.2935
405443 7.55482e+006 24.2935
405444 7.55482e+006 24.5365
405444 7.55482e+006 24.5365
405444 7.55482e+006 24.5365
405443 7.55482e+006 24.2935
405443 7.55482e+006 23.8075
405443 7.55482e+006 23.8075
405443 7.55482e+006 24.2935
405443 7.55482e+006 24.2935
405443 7.55482e+006 24.2935
405443 7.55482e+006 23.8075
405444 7.55482e+006 23.5644
405444 7.55482e+006 23.5644
405443 7.55482e+006 23.8075
405443 7.55482e+006 23.8075
405443 7.55482e+006 23.8075
405444 7.55482e+006 23.5644
405444 7.55482e+006 23.8987
405443 7.55482e+006 23.7469
405444 7.55482e+006 23.7469
405444 7.55482e+006 23.7469
405444 7.55482e+006 23.8987
405444 7.55482e+006 23.8987
405444 7.55482e+006 24.2023
405444 7.55482e+006 23.8987
405444 7.55482e+006 23.8987
405444 7.55482e+006 23.8987
405444 7.55482e+006 24.2023
405444 7.55482e+006 24.2023
405443 7.55482e+006 24.3541
405444 7.55482e+006 24.2023
405444 7.55482e+006 24.2023
405444 7.55482e+006 24.2023
405444 7.55482e+006 24.3541
405443 7.55482e+006 24.3541
405443 7.55482e+006 24.2023
405443 7.55482e+006 24.3541
405444 7.55482e+006 24.3541
405444 7.55482e+006 24.3541
405443 7.55482e+006 24.2023
405443 7.55482e+006 24.2023
405443 7.55482e+006 23.8987
405443 7.55482e+006 24.2023
405443 7.55482e+006 24.2023
405443 7.55482e+006 24.2023
405443 7.55482e+006 23.8987
405443 7.55482e+006 23.8987
405443 7.55482e+006 23.7469
405443 7.55482e+006 23.8987
405443 7.55482e+006 23.8987
405443 7.55482e+006 23.8987
405444 7.55482e+006 23.7469
405443 7.55482e+006 23.7469
405444 7.55482e+006 23.8075
405443 7.55482e+006 23.5644
405443 7.55482e+006 23.5644
405443 7.55482e+006 23.5644
405444 7.55482e+006 23.8075
405444 7.55482e+006 23.8075
405444 7.55482e+006 24.2935
405444 7.55482e+006 24.2935
405444 7.55482e+006 23.8075
405444 7.55482e+006 23.8075
405444 7.55482e+006 23.8075
405444 7.55482e+006 24.2935
405443 7.55482e+006 24.5365
405443 7.55482e+006 24.5365
405444 7.55482e+006 24.2935
405444 7.55482e+006 24.2935
405444 7.55482e+006 24.2935
405443 7.55482e+006 24.5365
405443 7.55482e+006 24.2935
405443 7.55482e+006 24.2935
405443 7.55482e+006 24.5365
405443 7.55482e+006 24.5365
405443 7.55482e+006 24.5365
405443 7.55482e+006 24.2935
405443 7.55482e+006 23.8075
405443 7.55482e+006 23.8075
405443 7.55482e+006 24.2935
405443 7.55482e+006 24.2935
405443 7.55482e+006 24.2935
405443 7.55482e+006 23.8075
405443 7.55482e+006 23.5644
405443 7.55482e+006 23.5644
405443 7.55482e+006 23.8075
405443 7.55482e+006 23.8075
405443 7.55482e+006 23.8075
405443 7.55482e+006 23.5644
405444 7.55482e+006 23.7469
405444 7.55482e+006 23.8987
405444 7.55482e+006 23.8075
405444 7.55482e+006 23.8075
405444 7.55482e+006 23.5644
405444 7.55482e+006 23.7469
405444 7.55482e+006 23.8987
405444 7.55482e+006 24.2023
405444 7.55482e+006 24.2935
405444 7.55482e+006 24.2935
405444 7.55482e+006 23.8075
405444 7.55482e+006 23.8987
405444 7.55482e+006 24.2023
405444 7.55482e+006 24.3541
405444 7.55482e+006 24.5365
405444 7.55482e+006 24.5365
405444 7.55482e+006 24.2935
405444 7.55482e+006 24.2023
405444 7.55482e+006 24.3541
405443 7.55482e+006 24.2023
405443 7.55482e+006 24.2935
405443 7.55482e+006 24.2935
405444 7.55482e+006 24.5365
405444 7.55482e+006 24.3541
405443 7.55482e+006 24.2023
405443 7.55482e+006 23.8987
405443 7.55482e+006 23.8075
405443 7.55482e+006 23.8075
405443 7.55482e+006 24.2935
405443 7.55482e+006 24.2023
405443 7.55482e+006 23.8987
405444 7.55482e+006 23.7469
405444 7.55482e+006 23.5644
405444 7.55482e+006 23.5644
405443 7.55482e+006 23.8075
405443 7.55482e+006 23.8987
405444 7.55482e+006 23.7469
405443 7.55482e+006 23.8987
405443 7.55482e+006 23.8075
405443 7.55482e+006 23.8075
405444 7.55482e+006 23.5644
405444 7.55482e+006 23.7469
405443 7.55482e+006 23.8987
405443 7.55482e+006 24.2023
405443 7.55482e+006 24.2935
405443 7.55482e+006 24.2935
405443 7.55482e+006 23.8075
405443 7.55482e+006 23.8987
405443 7.55482e+006 24.2023
405444 7.55482e+006 24.3541
405444 7.55482e+006 24.5365
405444 7.55482e+006 24.5365
405443 7.55482e+006 24.2935
405443 7.55482e+006 24.2023
405444 7.55482e+006 24.3541
405444 7.55482e+006 24.2023
405444 7.55482e+006 24.2935
405444 7.55482e+006 24.2935
405444 7.55482e+006 24.5365
405444 7.55482e+006 24.3541
405444 7.55482e+006 24.2023
405444 7.55482e+006 23.8987
405444 7.55482e+006 23.8075
405444 7.55482e+006 23.8075
405444 7.55482e+006 24.2935
405444 7.55482e+006 24.2023
405444 7.55482e+006 23.8987
405444 7.55482e+006 23.7469
405444 7.55482e+006 23.5644
405444 7.55482e+006 23.5644
405444 7.55482e+006 23.8075
405444 7.55482e+006 23.8987
405443 7.55482e+006 24.0505
405443 7.55482e+006 24.2935
405443 7.55482e+006 23.8075
405443 7.55482e+006 23.8075
405443 7.55482e+006 23.5644
405443 7.55482e+006 24.0505
405443 7.55482e+006 24.0505
405444 7.55482e+006 24.2935
405443 7.55482e+006 24.5365
405443 7.55482e+006 24.5365
405443 7.55482e+006 24.2935
405443 7.55482e+006 24.0505
405443 7.55482e+006 24.0505
405443 7.55482e+006 23.5644
405444 7.55482e+006 23.8075
405444 7.55482e+006 23.8075
405444 7.55482e+006 24.2935
405443 7.55482e+006 24.0505
405443 7.55482e+006 23.7469
405444 7.55482e+006 23.8987
405444 7.55482e+006 23.8075
405444 7.55482e+006 23.8075
405443 7.55482e+006 23.5644
405443 7.55482e+006 23.7469
405444 7.55482e+006 23.8987
405444 7.55482e+006 24.2023
405444 7.55482e+006 24.2935
405444 7.55482e+006 24.2935
405444 7.55482e+006 23.8075
405444 7.55482e+006 23.8987
405444 7.55482e+006 24.2023
405443 7.55482e+006 24.3541
405443 7.55482e+006 24.5365
405443 7.55482e+006 24.5365
405444 7.55482e+006 24.2935
405444 7.55482e+006 24.2023
405443 7.55482e+006 24.3541
405443 7.55482e+006 24.2023
405443 7.55482e+006 24.2935
405443 7.55482e+006 24.2935
405443 7.55482e+006 24.5365
405443 7.55482e+006 24.3541
405443 7.55482e+006 24.2023
405443 7.55482e+006 23.8987
405443 7.55482e+006 23.8075
405443 7.55482e+006 23.8075
405443 7.55482e+006 24.2935
405443 7.55482e+006 24.2023
405443 7.55482e+006 23.8987
405443 7.55482e+006 23.7469
405443 7.55482e+006 23.5644
405443 7.55482e+006 23.5644
405443 7.55482e+006 23.8075
405443 7.55482e+006 23.8987
405446 7.55483e+006 26.7617
405446 7.55483e+006 27.0048
405446 7.55483e+006 27.0048
405446 7.55483e+006 27.0048
405446 7.55483e+006 26.7617
405446 7.55483e+006 26.7617
405446 7.55483e+006 27.0048
405446 7.55483e+006 27.4908
405446 7.55483e+006 27.4908
405446 7.55483e+006 27.4908
405446 7.55483e+006 27.0048
405446 7.55483e+006 27.0048
405446 7.55483e+006 27.4908
405446 7.55483e+006 27.7338
405446 7.55483e+006 27.7338
405446 7.55483e+006 27.7338
405446 7.55483e+006 27.4908
405446 7.55483e+006 27.4908
405446 7.55483e+006 27.7338
405446 7.55483e+006 27.4908
405445 7.55483e+006 27.4908
405445 7.55483e+006 27.4908
405446 7.55483e+006 27.7338
405446 7.55483e+006 27.7338
405446 7.55483e+006 27.4908
405446 7.55483e+006 27.0048
405445 7.55483e+006 27.0048
405445 7.55483e+006 27.0048
405445 7.55483e+006 27.4908
405446 7.55483e+006 27.4908
405446 7.55483e+006 27.0048
405446 7.55483e+006 26.7617
405446 7.55483e+006 26.7617
405446 7.55483e+006 26.7617
405445 7.55483e+006 27.0048
405446 7.55483e+006 27.0048
405446 7.55483e+006 27.096
405444 7.55482e+006 27.096
405444 7.55482e+006 26.9442
405444 7.55482e+006 26.9442
405446 7.55483e+006 26.9442
405446 7.55483e+006 27.096
405446 7.55483e+006 27.3996
405444 7.55482e+006 27.3996
405444 7.55482e+006 27.096
405444 7.55482e+006 27.096
405446 7.55483e+006 27.096
405446 7.55483e+006 27.3996
405446 7.55483e+006 27.5514
405444 7.55482e+006 27.5514
405444 7.55482e+006 27.3996
405444 7.55482e+006 27.3996
405446 7.55483e+006 27.3996
405446 7.55483e+006 27.5514
405446 7.55483e+006 27.3996
405443 7.55482e+006 27.3996
405444 7.55482e+006 27.5514
405444 7.55482e+006 27.5514
405446 7.55483e+006 27.5514
405446 7.55483e+006 27.3996
405446 7.55483e+006 27.096
405443 7.55482e+006 27.096
405443 7.55482e+006 27.3996
405443 7.55482e+006 27.3996
405446 7.55483e+006 27.3996
405446 7.55483e+006 27.096
405444 7.55482e+006 26.9442
405443 7.55482e+006 27.096
405446 7.55483e+006 27.096
405446 7.55483e+006 27.096
405446 7.55483e+006 26.9442
405444 7.55482e+006 26.9442
405446 7.55483e+006 27.2478
405446 7.55483e+006 27.7338
405446 7.55483e+006 27.4908
405446 7.55483e+006 27.4908
405446 7.55483e+006 27.0048
405446 7.55483e+006 27.2478
405446 7.55483e+006 27.2478
405446 7.55483e+006 27.0048
405446 7.55483e+006 27.4908
405446 7.55483e+006 27.4908
405446 7.55483e+006 27.7338
405446 7.55483e+006 27.2478
405446 7.55483e+006 27.2478
405446 7.55483e+006 27.0048
405446 7.55483e+006 26.7617
405446 7.55483e+006 26.7617
405446 7.55483e+006 27.0048
405446 7.55483e+006 27.2478
405446 7.55483e+006 27.096
405445 7.55483e+006 27.0048
405446 7.55483e+006 26.7617
405446 7.55483e+006 26.7617
405446 7.55483e+006 26.9442
405446 7.55483e+006 27.096
405446 7.55483e+006 27.096
405446 7.55483e+006 27.3996
405445 7.55483e+006 27.4908
405445 7.55483e+006 27.4908
405445 7.55483e+006 27.0048
405446 7.55483e+006 27.096
405446 7.55483e+006 27.3996
405446 7.55483e+006 27.5514
405446 7.55483e+006 27.7338
405446 7.55483e+006 27.7338
405445 7.55483e+006 27.4908
405446 7.55483e+006 27.3996
405446 7.55483e+006 27.5514
405446 7.55483e+006 27.3996
405446 7.55483e+006 27.4908
405446 7.55483e+006 27.4908
405446 7.55483e+006 27.7338
405446 7.55483e+006 27.5514
405446 7.55483e+006 27.3996
405446 7.55483e+006 27.096
405446 7.55483e+006 27.0048
405446 7.55483e+006 27.0048
405446 7.55483e+006 27.4908
405446 7.55483e+006 27.3996
405446 7.55483e+006 27.096
405446 7.55483e+006 26.9442
405446 7.55483e+006 26.7617
405446 7.55483e+006 26.7617
405446 7.55483e+006 27.0048
405446 7.55483e+006 27.096
405444 7.55482e+006 27.0047
405444 7.55482e+006 26.7617
405444 7.55482e+006 26.7617
405444 7.55482e+006 26.7617
405444 7.55482e+006 27.0047
405444 7.55482e+006 27.0047
405444 7.55482e+006 27.4908
405444 7.55482e+006 27.4908
405444 7.55482e+006 27.0047
405444 7.55482e+006 27.0047
405444 7.55482e+006 27.0047
405444 7.55482e+006 27.4908
405444 7.55482e+006 27.7338
405444 7.55482e+006 27.7338
405444 7.55482e+006 27.4908
405444 7.55482e+006 27.4908
405444 7.55482e+006 27.4908
405444 7.55482e+006 27.7338
405443 7.55482e+006 27.4908
405443 7.55482e+006 27.4908
405444 7.55482e+006 27.7338
405444 7.55482e+006 27.7338
405444 7.55482e+006 27.7338
405443 7.55482e+006 27.4908
405443 7.55482e+006 27.0047
405443 7.55482e+006 27.0047
405443 7.55482e+006 27.4908
405443 7.55482e+006 27.4908
405443 7.55482e+006 27.4908
405443 7.55482e+006 27.0047
405444 7.55482e+006 26.7617
405444 7.55482e+006 26.7617
405443 7.55482e+006 27.0047
405443 7.55482e+006 27.0047
405443 7.55482e+006 27.0047
405444 7.55482e+006 26.7617
405444 7.55482e+006 27.096
405443 7.55482e+006 26.9442
405444 7.55482e+006 26.9442
405444 7.55482e+006 26.9442
405444 7.55482e+006 27.096
405444 7.55482e+006 27.096
405444 7.55482e+006 27.3996
405444 7.55482e+006 27.096
405444 7.55482e+006 27.096
405444 7.55482e+006 27.096
405444 7.55482e+006 27.3996
405444 7.55482e+006 27.3996
405443 7.55482e+006 27.5514
405444 7.55482e+006 27.3996
405444 7.55482e+006 27.3996
405444 7.55482e+006 27.3996
405444 7.55482e+006 27.5514
405443 7.55482e+006 27.5514
405443 7.55482e+006 27.3996
405443 7.55482e+006 27.5514
405444 7.55482e+006 27.5514
405444 7.55482e+006 27.5514
405443 7.55482e+006 27.3996
405443 7.55482e+006 27.3996
405443 7.55482e+006 27.096
405443 7.55482e+006 27.3996
405443 7.55482e+006 27.3996
405443 7.55482e+006 27.3996
405443 7.55482e+006 27.096
405443 7.55482e+006 27.096
405443 7.55482e+006 26.9442
405443 7.55482e+006 27.096
405443 7.55482e+006 27.096
405443 7.55482e+006 27.096
405444 7.55482e+006 26.9442
405443 7.55482e+006 26.9442
405444 7.55482e+006 27.0047
405443 7.55482e+006 26.7617
405443 7.55482e+006 26.7617
405443 7.55482e+006 26.7617
405444 7.55482e+006 27.0047
405444 7.55482e+006 27.0047
405444 7.55482e+006 27.4908
405444 7.55482e+006 27.4908
405444 7.55482e+006 27.0047
405444 7.55482e+006 27.0047
405444 7.55482e+006 27.0047
405444 7.55482e+006 27.4908
405443 7.55482e+006 27.7338
405443 7.55482e+006 27.7338
405444 7.55482e+006 27.4908
405444 7.55482e+006 27.4908
405444 7.55482e+006 27.4908
405443 7.55482e+006 27.7338
405443 7.55482e+006 27.4908
405443 7.55482e+006 27.4908
405443 7.55482e+006 27.7338
405443 7.55482e+006 27.7338
405443 7.55482e+006 27.7338
405443 7.55482e+006 27.4908
405443 7.55482e+006 27.0047
405443 7.55482e+006 27.0047
405443 7.55482e+006 27.4908
405443 7.55482e+006 27.4908
405443 7.55482e+006 27.4908
405443 7.55482e+006 27.0047
405443 7.55482e+006 26.7617
405443 7.55482e+006 26.7617
405443 7.55482e+006 27.0047
405443 7.55482e+006 27.0047
405443 7.55482e+006 27.0047
405443 7.55482e+006 26.7617
405444 7.55482e+006 26.9442
405444 7.55482e+006 27.096
405444 7.55482e+006 27.0047
405444 7.55482e+006 27.0047
405444 7.55482e+006 26.7617
405444 7.55482e+006 26.9442
405444 7.55482e+006 27.096
405444 7.55482e+006 27.3996
405444 7.55482e+006 27.4908
405444 7.55482e+006 27.4908
405444 7.55482e+006 27.0047
405444 7.55482e+006 27.096
405444 7.55482e+006 27.3996
405444 7.55482e+006 27.5514
405444 7.55482e+006 27.7338
405444 7.55482e+006 27.7338
405444 7.55482e+006 27.4908
405444 7.55482e+006 27.3996
405444 7.55482e+006 27.5514
405443 7.55482e+006 27.3996
405443 7.55482e+006 27.4908
405443 7.55482e+006 27.4908
405444 7.55482e+006 27.7338
405444 7.55482e+006 27.5514
405443 7.55482e+006 27.3996
405443 7.55482e+006 27.096
405443 7.55482e+006 27.0047
405443 7.55482e+006 27.0047
405443 7.55482e+006 27.4908
405443 7.55482e+006 27.3996
405443 7.55482e+006 27.096
405444 7.55482e+006 26.9442
405444 7.55482e+006 26.7617
405444 7.55482e+006 26.7617
405443 7.55482e+006 27.0047
405443 7.55482e+006 27.096
405444 7.55482e+006 26.9442
405443 7.55482e+006 27.096
405443 7.55482e+006 27.0047
405443 7.55482e+006 27.0047
405444 7.55482e+006 26.7617
405444 7.55482e+006 26.9442
405443 7.55482e+006 27.096
405443 7.55482e+006 27.3996
405443 7.55482e+006 27.4908
405443 7.55482e+006 27.4908
405443 7.55482e+006 27.0047
405443 7.55482e+006 27.096
405443 7.55482e+006 27.3996
405444 7.55482e+006 27.5514
405444 7.55482e+006 27.7338
405444 7.55482e+006 27.7338
405443 7.55482e+006 27.4908
405443 7.55482e+006 27.3996
405444 7.55482e+006 27.5514
405444 7.55482e+006 27.3996
405444 7.55482e+006 27.4908
405444 7.55482e+006 27.4908
405444 7.55482e+006 27.7338
405444 7.55482e+006 27.5514
405444 7.55482e+006 27.3996
405444 7.55482e+006 27.096
405444 7.55482e+006 27.0047
405444 7.55482e+006 27.0047
405444 7.55482e+006 27.4908
405444 7.55482e+006 27.3996
405444 7.55482e+006 27.096
405444 7.55482e+006 26.9442
405444 7.55482e+006 26.7617
405444 7.55482e+006 26.7617
405444 7.55482e+006 27.0047
405444 7.55482e+006 27.096
405443 7.55482e+006 27.2478
405443 7.55482e+006 27.4908
405443 7.55482e+006 27.0047
405443 7.55482e+006 27.0047
405443 7.55482e+006 26.7617
405443 7.55482e+006 27.2478
405443 7.55482e+006 27.2478
405444 7.55482e+006 27.4908
405443 7.55482e+006 27.7338
405443 7.55482e+006 27.7338
405443 7.55482e+006 27.4908
405443 7.55482e+006 27.2478
405443 7.55482e+006 27.2478
405443 7.55482e+006 26.7617
405444 7.55482e+006 27.0047
405444 7.55482e+006 27.0047
405444 7.55482e+006 27.4908
405443 7.55482e+006 27.2478
405443 7.55482e+006 26.9442
405444 7.55482e+006 27.096
405444 7.55482e+006 27.0047
405444 7.55482e+006 27.0047
405443 7.55482e+006 26.7617
405443 7.55482e+006 26.9442
405444 7.55482e+006 27.096
405444 7.55482e+006 27.3996
405444 7.55482e+006 27.4908
405444 7.55482e+006 27.4908
405444 7.55482e+006 27.0047
405444 7.55482e+006 27.096
405444 7.55482e+006 27.3996
405443 7.55482e+006 27.5514
405443 7.55482e+006 27.7338
405443 7.55482e+006 27.7338
405444 7.55482e+006 27.4908
405444 7.55482e+006 27.3996
405443 7.55482e+006 27.5514
405443 7.55482e+006 27.3996
405443 7.55482e+006 27.4908
405443 7.55482e+006 27.4908
405443 7.55482e+006 27.7338
405443 7.55482e+006 27.5514
405443 7.55482e+006 27.3996
405443 7.55482e+006 27.096
405443 7.55482e+006 27.0047
405443 7.55482e+006 27.0047
405443 7.55482e+006 27.4908
405443 7.55482e+006 27.3996
405443 7.55482e+006 27.096
405443 7.55482e+006 26.9442
405443 7.55482e+006 26.7617
405443 7.55482e+006 26.7617
405443 7.55482e+006 27.0047
405443 7.55482e+006 27.096
405434 7.55483e+006 23.5644
405434 7.55483e+006 23.8075
405434 7.55483e+006 23.8075
405434 7.55483e+006 23.8075
405434 7.55483e+006 23.5644
405434 7.55483e+006 23.5644
405434 7.55483e+006 23.8075
405434 7.55483e+006 24.2935
405434 7.55483e+006 24.2935
405434 7.55483e+006 24.2935
405434 7.55483e+006 23.8075
405434 7.55483e+006 23.8075
405434 7.55483e+006 24.2935
405434 7.55483e+006 24.5365
405434 7.55483e+006 24.5365
405434 7.55483e+006 24.5365
405434 7.55483e+006 24.2935
405434 7.55483e+006 24.2935
405434 7.55483e+006 24.5365
405434 7.55483e+006 24.2935
405434 7.55483e+006 24.2935
405434 7.55483e+006 24.2935
405434 7.55483e+006 24.5365
405434 7.55483e+006 24.5365
405434 7.55483e+006 24.2935
405434 7.55483e+006 23.8075
405434 7.55483e+006 23.8075
405434 7.55483e+006 23.8075
405434 7.55483e+006 24.2935
405434 7.55483e+006 24.2935
405434 7.55483e+006 23.8075
405434 7.55483e+006 23.5644
405434 7.55483e+006 23.5644
405434 7.55483e+006 23.5644
405434 7.55483e+006 23.8075
405434 7.55483e+006 23.8075
405434 7.55483e+006 23.8987
405432 7.55483e+006 23.8987
405432 7.55483e+006 23.7469
405432 7.55483e+006 23.7469
405434 7.55483e+006 23.7469
405434 7.55483e+006 23.8987
405434 7.55483e+006 24.2023
405432 7.55483e+006 24.2023
405432 7.55483e+006 23.8987
405432 7.55483e+006 23.8987
405434 7.55483e+006 23.8987
405434 7.55483e+006 24.2023
405434 7.55483e+006 24.3541
405432 7.55483e+006 24.3541
405432 7.55483e+006 24.2023
405432 7.55483e+006 24.2023
405434 7.55483e+006 24.2023
405434 7.55483e+006 24.3541
405434 7.55483e+006 24.2023
405432 7.55483e+006 24.2023
405432 7.55483e+006 24.3541
405432 7.55483e+006 24.3541
405434 7.55483e+006 24.3541
405434 7.55483e+006 24.2023
405434 7.55483e+006 23.8987
405432 7.55483e+006 23.8987
405432 7.55483e+006 24.2023
405432 7.55483e+006 24.2023
405434 7.55483e+006 24.2023
405434 7.55483e+006 23.8987
405432 7.55483e+006 23.7469
405432 7.55483e+006 23.8987
405434 7.55483e+006 23.8987
405434 7.55483e+006 23.8987
405434 7.55483e+006 23.7469
405432 7.55483e+006 23.7469
405434 7.55483e+006 24.0505
405434 7.55483e+006 24.5365
405434 7.55483e+006 24.2935
405434 7.55483e+006 24.2935
405434 7.55483e+006 23.8075
405434 7.55483e+006 24.0505
405434 7.55483e+006 24.0505
405434 7.55483e+006 23.8075
405434 7.55483e+006 24.2935
405434 7.55483e+006 24.2935
405434 7.55483e+006 24.5365
405434 7.55483e+006 24.0505
405434 7.55483e+006 24.0505
405434 7.55483e+006 23.8075
405434 7.55483e+006 23.5644
405434 7.55483e+006 23.5644
405434 7.55483e+006 23.8075
405434 7.55483e+006 24.0505
405434 7.55483e+006 23.8987
405434 7.55483e+006 23.8075
405434 7.55483e+006 23.5644
405434 7.55483e+006 23.5644
405434 7.55483e+006 23.7469
405434 7.55483e+006 23.8987
405434 7.55483e+006 23.8987
405434 7.55483e+006 24.2023
405434 7.55483e+006 24.2935
405434 7.55483e+006 24.2935
405434 7.55483e+006 23.8075
405434 7.55483e+006 23.8987
405434 7.55483e+006 24.2023
405434 7.55483e+006 24.3541
405434 7.55483e+006 24.5365
405434 7.55483e+006 24.5365
405434 7.55483e+006 24.2935
405434 7.55483e+006 24.2023
405434 7.55483e+006 24.3541
405434 7.55483e+006 24.2023
405434 7.55483e+006 24.2935
405434 7.55483e+006 24.2935
405434 7.55483e+006 24.5365
405434 7.55483e+006 24.3541
405434 7.55483e+006 24.2023
405434 7.55483e+006 23.8987
405434 7.55483e+006 23.8075
405434 7.55483e+006 23.8075
405434 7.55483e+006 24.2935
405434 7.55483e+006 24.2023
405434 7.55483e+006 23.8987
405434 7.55483e+006 23.7469
405434 7.55483e+006 23.5644
405434 7.55483e+006 23.5644
405434 7.55483e+006 23.8075
405434 7.55483e+006 23.8987
405432 7.55483e+006 23.8075
405432 7.55483e+006 23.5644
405432 7.55483e+006 23.5644
405432 7.55483e+006 23.5644
405432 7.55483e+006 23.8075
405432 7.55483e+006 23.8075
405432 7.55483e+006 24.2935
405432 7.55483e+006 24.2935
405432 7.55483e+006 23.8075
405432 7.55483e+006 23.8075
405432 7.55483e+006 23.8075
405432 7.55483e+006 24.2935
405432 7.55483e+006 24.5365
405432 7.55483e+006 24.5365
405432 7.55483e+006 24.2935
405432 7.55483e+006 24.2935
405432 7.55483e+006 24.2935
405432 7.55483e+006 24.5365
405431 7.55483e+006 24.2935
405431 7.55483e+006 24.2935
405432 7.55483e+006 24.5365
405432 7.55483e+006 24.5365
405432 7.55483e+006 24.5365
405431 7.55483e+006 24.2935
405431 7.55483e+006 23.8074
405431 7.55483e+006 23.8074
405431 7.55483e+006 24.2935
405431 7.55483e+006 24.2935
405431 7.55483e+006 24.2935
405431 7.55483e+006 23.8074
405432 7.55483e+006 23.5644
405432 7.55483e+006 23.5644
405431 7.55483e+006 23.8074
405431 7.55483e+006 23.8074
405431 7.55483e+006 23.8074
405432 7.55483e+006 23.5644
405432 7.55483e+006 23.8987
405432 7.55483e+006 23.7469
405432 7.55483e+006 23.7469
405432 7.55483e+006 23.7469
405432 7.55483e+006 23.8987
405432 7.55483e+006 23.8987
405432 7.55483e+006 24.2023
405432 7.55483e+006 23.8987
405432 7.55483e+006 23.8987
405432 7.55483e+006 23.8987
405432 7.55483e+006 24.2023
405432 7.55483e+006 24.2023
405432 7.55483e+006 24.3541
405432 7.55483e+006 24.2023
405432 7.55483e+006 24.2023
405432 7.55483e+006 24.2023
405432 7.55483e+006 24.3541
405432 7.55483e+006 24.3541
405431 7.55483e+006 24.2023
405432 7.55483e+006 24.3541
405432 7.55483e+006 24.3541
405432 7.55483e+006 24.3541
405431 7.55483e+006 24.2023
405431 7.55483e+006 24.2023
405431 7.55483e+006 23.8987
405431 7.55483e+006 24.2023
405431 7.55483e+006 24.2023
405431 7.55483e+006 24.2023
405431 7.55483e+006 23.8987
405431 7.55483e+006 23.8987
405432 7.55483e+006 23.7469
405431 7.55483e+006 23.8987
405431 7.55483e+006 23.8987
405431 7.55483e+006 23.8987
405432 7.55483e+006 23.7469
405432 7.55483e+006 23.7469
405432 7.55483e+006 23.8075
405431 7.55483e+006 23.5644
405432 7.55483e+006 23.5644
405432 7.55483e+006 23.5644
405432 7.55483e+006 23.8075
405432 7.55483e+006 23.8075
405432 7.55483e+006 24.2935
405432 7.55483e+006 24.2935
405432 7.55483e+006 23.8075
405432 7.55483e+006 23.8075
405432 7.55483e+006 23.8075
405432 7.55483e+006 24.2935
405432 7.55483e+006 24.5365
405431 7.55483e+006 24.5365
405432 7.55483e+006 24.2935
405432 7.55483e+006 24.2935
405432 7.55483e+006 24.2935
405432 7.55483e+006 24.5365
405431 7.55483e+006 24.2935
405431 7.55483e+006 24.2935
405431 7.55483e+006 24.5365
405431 7.55483e+006 24.5365
405432 7.55483e+006 24.5365
405431 7.55483e+006 24.2935
405431 7.55483e+006 23.8074
405431 7.55483e+006 23.8075
405431 7.55483e+006 24.2935
405431 7.55483e+006 24.2935
405431 7.55483e+006 24.2935
405431 7.55483e+006 23.8074
405432 7.55483e+006 23.5644
405431 7.55483e+006 23.5644
405431 7.55483e+006 23.8075
405431 7.55483e+006 23.8075
405431 7.55483e+006 23.8074
405432 7.55483e+006 23.5644
405432 7.55483e+006 23.7469
405432 7.55483e+006 23.8987
405432 7.55483e+006 23.8075
405432 7.55483e+006 23.8075
405432 7.55483e+006 23.5644
405432 7.55483e+006 23.7469
405432 7.55483e+006 23.8987
405432 7.55483e+006 24.2023
405432 7.55483e+006 24.2935
405432 7.55483e+006 24.2935
405432 7.55483e+006 23.8075
405432 7.55483e+006 23.8987
405432 7.55483e+006 24.2023
405432 7.55483e+006 24.3541
405432 7.55483e+006 24.5365
405432 7.55483e+006 24.5365
405432 7.55483e+006 24.2935
405432 7.55483e+006 24.2023
405432 7.55483e+006 24.3541
405432 7.55483e+006 24.2023
405431 7.55483e+006 24.2935
405431 7.55483e+006 24.2935
405432 7.55483e+006 24.5365
405432 7.55483e+006 24.3541
405432 7.55483e+006 24.2023
405432 7.55483e+006 23.8987
405431 7.55483e+006 23.8074
405431 7.55483e+006 23.8074
405431 7.55483e+006 24.2935
405432 7.55483e+006 24.2023
405432 7.55483e+006 23.8987
405432 7.55483e+006 23.7469
405432 7.55483e+006 23.5644
405432 7.55483e+006 23.5644
405431 7.55483e+006 23.8074
405432 7.55483e+006 23.8987
405432 7.55483e+006 23.7469
405431 7.55483e+006 23.8987
405431 7.55483e+006 23.8074
405431 7.55483e+006 23.8074
405432 7.55483e+006 23.5644
405432 7.55483e+006 23.7469
405431 7.55483e+006 23.8987
405431 7.55483e+006 24.2023
405431 7.55483e+006 24.2935
405431 7.55483e+006 24.2935
405431 7.55483e+006 23.8074
405431 7.55483e+006 23.8987
405431 7.55483e+006 24.2023
405432 7.55483e+006 24.3541
405432 7.55483e+006 24.5365
405432 7.55483e+006 24.5365
405431 7.55483e+006 24.2935
405431 7.55483e+006 24.2023
405432 7.55483e+006 24.3541
405432 7.55483e+006 24.2023
405432 7.55483e+006 24.2935
405432 7.55483e+006 24.2935
405432 7.55483e+006 24.5365
405432 7.55483e+006 24.3541
405432 7.55483e+006 24.2023
405432 7.55483e+006 23.8987
405432 7.55483e+006 23.8075
405432 7.55483e+006 23.8075
405432 7.55483e+006 24.2935
405432 7.55483e+006 24.2023
405432 7.55483e+006 23.8987
405432 7.55483e+006 23.7469
405432 7.55483e+006 23.5644
405432 7.55483e+006 23.5644
405432 7.55483e+006 23.8075
405432 7.55483e+006 23.8987
405431 7.55483e+006 24.0505
405431 7.55483e+006 24.2935
405431 7.55483e+006 23.8075
405431 7.55483e+006 23.8075
405431 7.55483e+006 23.5644
405431 7.55483e+006 24.0505
405431 7.55483e+006 24.0505
405432 7.55483e+006 24.2935
405431 7.55483e+006 24.5365
405431 7.55483e+006 24.5365
405431 7.55483e+006 24.2935
405431 7.55483e+006 24.0505
405431 7.55483e+006 24.0505
405431 7.55483e+006 23.5644
405432 7.55483e+006 23.8075
405432 7.55483e+006 23.8075
405432 7.55483e+006 24.2935
405431 7.55483e+006 24.0505
405432 7.55483e+006 23.7469
405432 7.55483e+006 23.8987
405432 7.55483e+006 23.8075
405432 7.55483e+006 23.8075
405432 7.55483e+006 23.5644
405432 7.55483e+006 23.7469
405432 7.55483e+006 23.8987
405432 7.55483e+006 24.2023
405432 7.55483e+006 24.2935
405432 7.55483e+006 24.2935
405432 7.55483e+006 23.8075
405432 7.55483e+006 23.8987
405432 7.55483e+006 24.2023
405432 7.55483e+006 24.3541
405432 7.55483e+006 24.5365
405432 7.55483e+006 24.5365
405432 7.55483e+006 24.2935
405432 7.55483e+006 24.2023
405432 7.55483e+006 24.3541
405431 7.55483e+006 24.2023
405431 7.55483e+006 24.2935
405431 7.55483e+006 24.2935
405432 7.55483e+006 24.5365
405432 7.55483e+006 24.3541
405431 7.55483e+006 24.2023
405431 7.55483e+006 23.8987
405431 7.55483e+006 23.8074
405431 7.55483e+006 23.8074
405431 7.55483e+006 24.2935
405431 7.55483e+006 24.2023
405431 7.55483e+006 23.8987
405432 7.55483e+006 23.7469
405432 7.55483e+006 23.5644
405432 7.55483e+006 23.5644
405431 7.55483e+006 23.8074
405431 7.55483e+006 23.8987
405434 7.55483e+006 26.7617
405434 7.55483e+006 27.0047
405434 7.55483e+006 27.0047
405434 7.55483e+006 27.0047
405434 7.55483e+006 26.7617
405434 7.55483e+006 26.7617
405434 7.55483e+006 27.0047
405434 7.55483e+006 27.4908
405434 7.55483e+006 27.4908
405434 7.55483e+006 27.4908
405434 7.55483e+006 27.0047
405434 7.55483e+006 27.0047
405434 7.55483e+006 27.4908
405434 7.55483e+006 27.7338
405434 7.55483e+006 27.7338
405434 7.55483e+006 27.7338
405434 7.55483e+006 27.4908
405434 7.55483e+006 27.4908
405434 7.55483e+006 27.7338
405434 7.55483e+006 27.4908
405434 7.55483e+006 27.4908
405434 7.55483e+006 27.4908
405434 7.55483e+006 27.7338
405434 7.55483e+006 27.7338
405434 7.55483e+006 27.4908
405434 7.55483e+006 27.0048
405434 7.55483e+006 27.0047
405434 7.55483e+006 27.0047
405434 7.55483e+006 27.4908
405434 7.55483e+006 27.4908
405434 7.55483e+006 27.0048
405434 7.55483e+006 26.7617
405434 7.55483e+006 26.7617
405434 7.55483e+006 26.7617
405434 7.55483e+006 27.0047
405434 7.55483e+006 27.0048
405434 7.55483e+006 27.096
405432 7.55483e+006 27.096
405432 7.55483e+006 26.9442
405432 7.55483e+006 26.9442
405434 7.55483e+006 26.9442
405434 7.55483e+006 27.096
405434 7.55483e+006 27.3996
405432 7.55483e+006 27.3996
405432 7.55483e+006 27.096
405432 7.55483e+006 27.096
405434 7.55483e+006 27.096
405434 7.55483e+006 27.3996
405434 7.55483e+006 27.5514
405432 7.55483e+006 27.5513
405432 7.55483e+006 27.3996
405432 7.55483e+006 27.3996
405434 7.55483e+006 27.3996
405434 7.55483e+006 27.5514
405434 7.55483e+006 27.3996
405432 7.55483e+006 27.3996
405432 7.55483e+006 27.5513
405432 7.55483e+006 27.5513
405434 7.55483e+006 27.5514
405434 7.55483e+006 27.3996
405434 7.55483e+006 27.096
405432 7.55483e+006 27.096
405432 7.55483e+006 27.3996
405432 7.55483e+006 27.3996
405434 7.55483e+006 27.3996
405434 7.55483e+006 27.096
405432 7.55483e+006 26.9442
405432 7.55483e+006 27.096
405434 7.55483e+006 27.096
405434 7.55483e+006 27.096
405434 7.55483e+006 26.9442
405432 7.55483e+006 26.9442
405434 7.55483e+006 27.2478
405434 7.55483e+006 27.7338
405434 7.55483e+006 27.4908
405434 7.55483e+006 27.4908
405434 7.55483e+006 27.0047
405434 7.55483e+006 27.2478
405434 7.55483e+006 27.2478
405434 7.55483e+006 27.0048
405434 7.55483e+006 27.4908
405434 7.55483e+006 27.4908
405434 7.55483e+006 27.7338
405434 7.55483e+006 27.2478
405434 7.55483e+006 27.2478
405434 7.55483e+006 27.0047
405434 7.55483e+006 26.7617
405434 7.55483e+006 26.7617
405434 7.55483e+006 27.0048
405434 7.55483e+006 27.2478
405434 7.55483e+006 27.096
405434 7.55483e+006 27.0047
405434 7.55483e+006 26.7617
405434 7.55483e+006 26.7617
405434 7.55483e+006 26.9442
405434 7.55483e+006 27.096
405434 7.55483e+006 27.096
405434 7.55483e+006 27.3996
405434 7.55483e+006 27.4908
405434 7.55483e+006 27.4908
405434 7.55483e+006 27.0047
405434 7.55483e+006 27.096
405434 7.55483e+006 27.3996
405434 7.55483e+006 27.5514
405434 7.55483e+006 27.7338
405434 7.55483e+006 27.7338
405434 7.55483e+006 27.4908
405434 7.55483e+006 27.3996
405434 7.55483e+006 27.5514
405434 7.55483e+006 27.3996
405434 7.55483e+006 27.4908
405434 7.55483e+006 27.4908
405434 7.55483e+006 27.7338
405434 7.55483e+006 27.5514
405434 7.55483e+006 27.3996
405434 7.55483e+006 27.096
405434 7.55483e+006 27.0047
405434 7.55483e+006 27.0047
405434 7.55483e+006 27.4908
405434 7.55483e+006 27.3996
405434 7.55483e+006 27.096
405434 7.55483e+006 26.9442
405434 7.55483e+006 26.7617
405434 7.55483e+006 26.7617
405434 7.55483e+006 27.0047
405434 7.55483e+006 27.096
405432 7.55483e+006 27.0047
405432 7.55483e+006 26.7617
405432 7.55483e+006 26.7617
405432 7.55483e+006 26.7617
405432 7.55483e+006 27.0047
405432 7.55483e+006 27.0047
405432 7.55483e+006 27.4908
405432 7.55483e+006 27.4908
405432 7.55483e+006 27.0047
405432 7.55483e+006 27.0047
405432 7.55483e+006 27.0047
405432 7.55483e+006 27.4908
405432 7.55483e+006 27.7338
405432 7.55483e+006 27.7338
405432 7.55483e+006 27.4908
405432 7.55483e+006 27.4908
405432 7.55483e+006 27.4908
405432 7.55483e+006 27.7338
405431 7.55483e+006 27.4908
405431 7.55483e+006 27.4908
405432 7.55483e+006 27.7338
405432 7.55483e+006 27.7338
405432 7.55483e+006 27.7338
405431 7.55483e+006 27.4908
405431 7.55483e+006 27.0047
405431 7.55483e+006 27.0047
405431 7.55483e+006 27.4908
405431 7.55483e+006 27.4908
405431 7.55483e+006 27.4908
405431 7.55483e+006 27.0047
405432 7.55483e+006 26.7617
405432 7.55483e+006 26.7617
405431 7.55483e+006 27.0047
405431 7.55483e+006 27.0047
405431 7.55483e+006 27.0047
405432 7.55483e+006 26.7617
405432 7.55483e+006 27.096
405432 7.55483e+006 26.9442
405432 7.55483e+006 26.9442
405432 7.55483e+006 26.9442
405432 7.55483e+006 27.096
405432 7.55483e+006 27.096
405432 7.55483e+006 27.3996
405432 7.55483e+006 27.096
405432 7.55483e+006 27.096
405432 7.55483e+006 27.096
405432 7.55483e+006 27.3996
405432 7.55483e+006 27.3996
405432 7.55483e+006 27.5513
405432 7.55483e+006 27.3996
405432 7.55483e+006 27.3996
405432 7.55483e+006 27.3996
405432 7.55483e+006 27.5513
405432 7.55483e+006 27.5513
405431 7.55483e+006 27.3996
405432 7.55483e+006 27.5513
405432 7.55483e+006 27.5513
405432 7.55483e+006 27.5513
405431 7.55483e+006 27.3996
405431 7.55483e+006 27.3996
405431 7.55483e+006 27.096
405431 7.55483e+006 27.3996
405431 7.55483e+006 27.3996
405431 7.55483e+006 27.3996
405431 7.55483e+006 27.096
405431 7.55483e+006 27.096
405432 7.55483e+006 26.9442
405431 7.55483e+006 27.096
405431 7.55483e+006 27.096
405431 7.55483e+006 27.096
405432 7.55483e+006 26.9442
405432 7.55483e+006 26.9442
405432 7.55483e+006 27.0047
405431 7.55483e+006 26.7617
405432 7.55483e+006 26.7617
405432 7.55483e+006 26.7617
405432 7.55483e+006 27.0047
405432 7.55483e+006 27.0047
405432 7.55483e+006 27.4908
405432 7.55483e+006 27.4908
405432 7.55483e+006 27.0047
405432 7.55483e+006 27.0047
405432 7.55483e+006 27.0047
405432 7.55483e+006 27.4908
405432 7.55483e+006 27.7338
405431 7.55483e+006 27.7338
405432 7.55483e+006 27.4908
405432 7.55483e+006 27.4908
405432 7.55483e+006 27.4908
405432 7.55483e+006 27.7338
405431 7.55483e+006 27.4908
405431 7.55483e+006 27.4908
405431 7.55483e+006 27.7338
405431 7.55483e+006 27.7338
405432 7.55483e+006 27.7338
405431 7.55483e+006 27.4908
405431 7.55483e+006 27.0047
405431 7.55483e+006 27.0047
405431 7.55483e+006 27.4908
405431 7.55483e+006 27.4908
405431 7.55483e+006 27.4908
405431 7.55483e+006 27.0047
405432 7.55483e+006 26.7617
405431 7.55483e+006 26.7617
405431 7.55483e+006 27.0047
405431 7.55483e+006 27.0047
405431 7.55483e+006 27.0047
405432 7.55483e+006 26.7617
405432 7.55483e+006 26.9442
405432 7.55483e+006 27.096
405432 7.55483e+006 27.0047
405432 7.55483e+006 27.0047
405432 7.55483e+006 26.7617
405432 7.55483e+006 26.9442
405432 7.55483e+006 27.096
405432 7.55483e+006 27.3996
405432 7.55483e+006 27.4908
405432 7.55483e+006 27.4908
405432 7.55483e+006 27.0047
405432 7.55483e+006 27.096
405432 7.55483e+006 27.3996
405432 7.55483e+006 27.5513
405432 7.55483e+006 27.7338
405432 7.55483e+006 27.7338
405432 7.55483e+006 27.4908
405432 7.55483e+006 27.3996
405432 7.55483e+006 27.5513
405432 7.55483e+006 27.3996
405431 7.55483e+006 27.4908
405431 7.55483e+006 27.4908
405432 7.55483e+006 27.7338
405432 7.55483e+006 27.5513
405432 7.55483e+006 27.3996
405432 7.55483e+006 27.096
405431 7.55483e+006 27.0047
405431 7.55483e+006 27.0047
405431 7.55483e+006 27.4908
405432 7.55483e+006 27.3996
405432 7.55483e+006 27.096
405432 7.55483e+006 26.9442
405432 7.55483e+006 26.7617
405432 7.55483e+006 26.7617
405431 7.55483e+006 27.0047
405432 7.55483e+006 27.096
405432 7.55483e+006 26.9442
405431 7.55483e+006 27.096
405431 7.55483e+006 27.0047
405431 7.55483e+006 27.0047
405432 7.55483e+006 26.7617
405432 7.55483e+006 26.9442
405431 7.55483e+006 27.096
405431 7.55483e+006 27.3996
405431 7.55483e+006 27.4908
405431 7.55483e+006 27.4908
405431 7.55483e+006 27.0047
405431 7.55483e+006 27.096
405431 7.55483e+006 27.3996
405432 7.55483e+006 27.5513
405432 7.55483e+006 27.7338
405432 7.55483e+006 27.7338
405431 7.55483e+006 27.4908
405431 7.55483e+006 27.3996
405432 7.55483e+006 27.5513
405432 7.55483e+006 27.3996
405432 7.55483e+006 27.4908
405432 7.55483e+006 27.4908
405432 7.55483e+006 27.7338
405432 7.55483e+006 27.5513
405432 7.55483e+006 27.3996
405432 7.55483e+006 27.096
405432 7.55483e+006 27.0047
405432 7.55483e+006 27.0047
405432 7.55483e+006 27.4908
405432 7.55483e+006 27.3996
405432 7.55483e+006 27.096
405432 7.55483e+006 26.9442
405432 7.55483e+006 26.7617
405432 7.55483e+006 26.7617
405432 7.55483e+006 27.0047
405432 7.55483e+006 27.096
405431 7.55483e+006 27.2478
405431 7.55483e+006 27.4908
405431 7.55483e+006 27.0047
405431 7.55483e+006 27.0047
405431 7.55483e+006 26.7617
405431 7.55483e+006 27.2478
405431 7.55483e+006 27.2478
405432 7.55483e+006 27.4908
405431 7.55483e+006 27.7338
405431 7.55483e+006 27.7338
405431 7.55483e+006 27.4908
405431 7.55483e+006 27.2478
405431 7.55483e+006 27.2478
405431 7.55483e+006 26.7617
405432 7.55483e+006 27.0047
405432 7.55483e+006 27.0047
405432 7.55483e+006 27.4908
405431 7.55483e+006 27.2478
405432 7.55483e+006 26.9442
405432 7.55483e+006 27.096
405432 7.55483e+006 27.0047
405432 7.55483e+006 27.0047
405432 7.55483e+006 26.7617
405432 7.55483e+006 26.9442
405432 7.55483e+006 27.096
405432 7.55483e+006 27.3996
405432 7.55483e+006 27.4908
405432 7.55483e+006 27.4908
405432 7.55483e+006 27.0047
405432 7.55483e+006 27.096
405432 7.55483e+006 27.3996
405432 7.55483e+006 27.5513
405432 7.55483e+006 27.7338
405432 7.55483e+006 27.7338
405432 7.55483e+006 27.4908
405432 7.55483e+006 27.3996
405432 7.55483e+006 27.5513
405431 7.55483e+006 27.3996
405431 7.55483e+006 27.4908
405431 7.55483e+006 27.4908
405432 7.55483e+006 27.7338
405432 7.55483e+006 27.5513
405431 7.55483e+006 27.3996
405431 7.55483e+006 27.096
405431 7.55483e+006 27.0047
405431 7.55483e+006 27.0047
405431 7.55483e+006 27.4908
405431 7.55483e+006 27.3996
405431 7.55483e+006 27.096
405432 7.55483e+006 26.9442
405432 7.55483e+006 26.7617
405432 7.55483e+006 26.7617
405431 7.55483e+006 27.0047
405431 7.55483e+006 27.096
405422 7.55484e+006 23.5644
405423 7.55484e+006 23.8075
405423 7.55484e+006 23.8075
405423 7.55484e+006 23.8075
405422 7.55484e+006 23.5644
405422 7.55484e+006 23.5644
405423 7.55484e+006 23.8075
405423 7.55484e+006 24.2935
405423 7.55484e+006 24.2935
405423 7.55484e+006 24.2935
405423 7.55484e+006 23.8075
405423 7.55484e+006 23.8075
405423 7.55484e+006 24.2935
405422 7.55484e+006 24.5365
405422 7.55484e+006 24.5365
405422 7.55484e+006 24.5365
405423 7.55484e+006 24.2935
405423 7.55484e+006 24.2935
405422 7.55484e+006 24.5365
405422 7.55484e+006 24.2935
405422 7.55484e+006 24.2935
405422 7.55484e+006 24.2935
405422 7.55484e+006 24.5365
405422 7.55484e+006 24.5365
405422 7.55484e+006 24.2935
405422 7.55484e+006 23.8075
405422 7.55484e+006 23.8075
405422 7.55484e+006 23.8075
405422 7.55484e+006 24.2935
405422 7.55484e+006 24.2935
405422 7.55484e+006 23.8075
405422 7.55484e+006 23.5644
405422 7.55484e+006 23.5644
405422 7.55484e+006 23.5644
405422 7.55484e+006 23.8075
405422 7.55484e+006 23.8075
405422 7.55484e+006 23.8987
405420 7.55483e+006 23.8987
405420 7.55483e+006 23.7469
405420 7.55483e+006 23.7469
405422 7.55484e+006 23.7469
405422 7.55484e+006 23.8987
405422 7.55484e+006 24.2023
405420 7.55483e+006 24.2023
405420 7.55483e+006 23.8987
405420 7.55483e+006 23.8987
405422 7.55484e+006 23.8987
405422 7.55484e+006 24.2023
405422 7.55484e+006 24.3541
405420 7.55483e+006 24.3541
405420 7.55483e+006 24.2023
405420 7.55483e+006 24.2023
405422 7.55484e+006 24.2023
405422 7.55484e+006 24.3541
405422 7.55484e+006 24.2023
405420 7.55483e+006 24.2023
405420 7.55483e+006 24.3541
405420 7.55483e+006 24.3541
405422 7.55484e+006 24.3541
405422 7.55484e+006 24.2023
405422 7.55484e+006 23.8987
405420 7.55483e+006 23.8987
405420 7.55483e+006 24.2023
405420 7.55483e+006 24.2023
405422 7.55484e+006 24.2023
405422 7.55484e+006 23.8987
405420 7.55483e+006 23.7469
405420 7.55483e+006 23.8987
405422 7.55484e+006 23.8987
405422 7.55484e+006 23.8987
405422 7.55484e+006 23.7469
405420 7.55483e+006 23.7469
405422 7.55484e+006 24.0505
405422 7.55484e+006 24.5365
405423 7.55484e+006 24.2935
405423 7.55484e+006 24.2935
405423 7.55484e+006 23.8075
405422 7.55484e+006 24.0505
405422 7.55484e+006 24.0505
405422 7.55484e+006 23.8075
405422 7.55484e+006 24.2935
405422 7.55484e+006 24.2935
405422 7.55484e+006 24.5365
405422 7.55484e+006 24.0505
405422 7.55484e+006 24.0505
405423 7.55484e+006 23.8075
405422 7.55484e+006 23.5644
405422 7.55484e+006 23.5644
405422 7.55484e+006 23.8075
405422 7.55484e+006 24.0505
405422 7.55484e+006 23.8987
405422 7.55484e+006 23.8075
405422 7.55484e+006 23.5644
405422 7.55484e+006 23.5644
405422 7.55484e+006 23.7469
405422 7.55484e+006 23.8987
405422 7.55484e+006 23.8987
405422 7.55484e+006 24.2023
405422 7.55484e+006 24.2935
405422 7.55484e+006 24.2935
405422 7.55484e+006 23.8075
405422 7.55484e+006 23.8987
405422 7.55484e+006 24.2023
405422 7.55484e+006 24.3541
405422 7.55484e+006 24.5365
405422 7.55484e+006 24.5365
405422 7.55484e+006 24.2935
405422 7.55484e+006 24.2023
405422 7.55484e+006 24.3541
405422 7.55484e+006 24.2023
405423 7.55484e+006 24.2935
405423 7.55484e+006 24.2935
405422 7.55484e+006 24.5365
405422 7.55484e+006 24.3541
405422 7.55484e+006 24.2023
405422 7.55484e+006 23.8987
405423 7.55484e+006 23.8075
405423 7.55484e+006 23.8075
405423 7.55484e+006 24.2935
405422 7.55484e+006 24.2023
405422 7.55484e+006 23.8987
405422 7.55484e+006 23.7469
405422 7.55484e+006 23.5644
405422 7.55484e+006 23.5644
405423 7.55484e+006 23.8075
405422 7.55484e+006 23.8987
405420 7.55483e+006 23.8074
405420 7.55483e+006 23.5644
405420 7.55483e+006 23.5644
405420 7.55483e+006 23.5644
405420 7.55483e+006 23.8074
405420 7.55483e+006 23.8074
405420 7.55483e+006 24.2935
405420 7.55483e+006 24.2935
405420 7.55483e+006 23.8074
405420 7.55483e+006 23.8074
405420 7.55483e+006 23.8074
405420 7.55483e+006 24.2935
405420 7.55483e+006 24.5365
405420 7.55483e+006 24.5365
405420 7.55483e+006 24.2935
405420 7.55483e+006 24.2935
405420 7.55483e+006 24.2935
405420 7.55483e+006 24.5365
405420 7.55483e+006 24.2935
405419 7.55483e+006 24.2935
405420 7.55483e+006 24.5365
405420 7.55483e+006 24.5365
405420 7.55483e+006 24.5365
405420 7.55483e+006 24.2935
405420 7.55483e+006 23.8074
405419 7.55483e+006 23.8074
405419 7.55483e+006 24.2935
405419 7.55483e+006 24.2935
405420 7.55483e+006 24.2935
405420 7.55483e+006 23.8074
405420 7.55483e+006 23.5644
405420 7.55483e+006 23.5644
405419 7.55483e+006 23.8074
405419 7.55483e+006 23.8074
405420 7.55483e+006 23.8074
405420 7.55483e+006 23.5644
405420 7.55483e+006 23.8987
405420 7.55483e+006 23.7469
405420 7.55483e+006 23.7469
405420 7.55483e+006 23.7469
405420 7.55483e+006 23.8987
405420 7.55483e+006 23.8987
405420 7.55483e+006 24.2023
405420 7.55483e+006 23.8987
405420 7.55483e+006 23.8987
405420 7.55483e+006 23.8987
405420 7.55483e+006 24.2023
405420 7.55483e+006 24.2023
405420 7.55483e+006 24.3541
405420 7.55483e+006 24.2023
405420 7.55483e+006 24.2023
405420 7.55483e+006 24.2023
405420 7.55483e+006 24.3541
405420 7.55483e+006 24.3541
405419 7.55483e+006 24.2023
405420 7.55483e+006 24.3541
405420 7.55483e+006 24.3541
405420 7.55483e+006 24.3541
405420 7.55483e+006 24.2023
405419 7.55483e+006 24.2023
405419 7.55483e+006 23.8987
405419 7.55483e+006 24.2023
405420 7.55483e+006 24.2023
405420 7.55483e+006 24.2023
405420 7.55483e+006 23.8987
405419 7.55483e+006 23.8987
405420 7.55483e+006 23.7469
405419 7.55483e+006 23.8987
405420 7.55483e+006 23.8987
405420 7.55483e+006 23.8987
405420 7.55483e+006 23.7469
405420 7.55483e+006 23.7469
405420 7.55483e+006 23.8074
405420 7.55483e+006 23.5644
405420 7.55483e+006 23.5644
405420 7.55483e+006 23.5644
405420 7.55483e+006 23.8074
405420 7.55483e+006 23.8074
405420 7.55483e+006 24.2935
405420 7.55483e+006 24.2935
405420 7.55483e+006 23.8074
405420 7.55483e+006 23.8074
405420 7.55483e+006 23.8074
405420 7.55483e+006 24.2935
405420 7.55483e+006 24.5365
405420 7.55483e+006 24.5365
405420 7.55483e+006 24.2935
405420 7.55483e+006 24.2935
405420 7.55483e+006 24.2935
405420 7.55483e+006 24.5365
405419 7.55483e+006 24.2935
405419 7.55483e+006 24.2935
405420 7.55483e+006 24.5365
405420 7.55483e+006 24.5365
405420 7.55483e+006 24.5365
405419 7.55483e+006 24.2935
405419 7.55483e+006 23.8074
405419 7.55483e+006 23.8074
405419 7.55483e+006 24.2935
405419 7.55483e+006 24.2935
405419 7.55483e+006 24.2935
405419 7.55483e+006 23.8074
405420 7.55483e+006 23.5644
405420 7.55483e+006 23.5644
405419 7.55483e+006 23.8074
405419 7.55483e+006 23.8074
405419 7.55483e+006 23.8074
405420 7.55483e+006 23.5644
405420 7.55483e+006 23.7469
405420 7.55483e+006 23.8987
405420 7.55483e+006 23.8074
405420 7.55483e+006 23.8074
405420 7.55483e+006 23.5644
405420 7.55483e+006 23.7469
405420 7.55483e+006 23.8987
405420 7.55483e+006 24.2023
405420 7.55483e+006 24.2935
405420 7.55483e+006 24.2935
405420 7.55483e+006 23.8074
405420 7.55483e+006 23.8987
405420 7.55483e+006 24.2023
405420 7.55483e+006 24.3541
405420 7.55483e+006 24.5365
405420 7.55483e+006 24.5365
405420 7.55483e+006 24.2935
405420 7.55483e+006 24.2023
405420 7.55483e+006 24.3541
405420 7.55483e+006 24.2023
405420 7.55483e+006 24.2935
405420 7.55483e+006 24.2935
405420 7.55483e+006 24.5365
405420 7.55483e+006 24.3541
405420 7.55483e+006 24.2023
405420 7.55483e+006 23.8987
405420 7.55483e+006 23.8074
405420 7.55483e+006 23.8074
405420 7.55483e+006 24.2935
405420 7.55483e+006 24.2023
405420 7.55483e+006 23.8987
405420 7.55483e+006 23.7469
405420 7.55483e+006 23.5644
405420 7.55483e+006 23.5644
405420 7.55483e+006 23.8074
405420 7.55483e+006 23.8987
405420 7.55483e+006 23.7469
405420 7.55483e+006 23.8987
405419 7.55483e+006 23.8074
405419 7.55483e+006 23.8074
405420 7.55483e+006 23.5644
405420 7.55483e+006 23.7469
405420 7.55483e+006 23.8987
405420 7.55483e+006 24.2023
405419 7.55483e+006 24.2935
405419 7.55483e+006 24.2935
405419 7.55483e+006 23.8074
405420 7.55483e+006 23.8987
405420 7.55483e+006 24.2023
405420 7.55483e+006 24.3541
405420 7.55483e+006 24.5365
405420 7.55483e+006 24.5365
405419 7.55483e+006 24.2935
405420 7.55483e+006 24.2023
405420 7.55483e+006 24.3541
405420 7.55483e+006 24.2023
405420 7.55483e+006 24.2935
405420 7.55483e+006 24.2935
405420 7.55483e+006 24.5365
405420 7.55483e+006 24.3541
405420 7.55483e+006 24.2023
405420 7.55483e+006 23.8987
405420 7.55483e+006 23.8074
405420 7.55483e+006 23.8074
405420 7.55483e+006 24.2935
405420 7.55483e+006 24.2023
405420 7.55483e+006 23.8987
405420 7.55483e+006 23.7469
405420 7.55483e+006 23.5644
405420 7.55483e+006 23.5644
405420 7.55483e+006 23.8074
405420 7.55483e+006 23.8987
405420 7.55483e+006 24.0505
405419 7.55483e+006 24.2935
405419 7.55483e+006 23.8074
405419 7.55483e+006 23.8074
405420 7.55483e+006 23.5644
405420 7.55483e+006 24.0505
405420 7.55483e+006 24.0505
405420 7.55483e+006 24.2935
405420 7.55483e+006 24.5365
405420 7.55483e+006 24.5365
405419 7.55483e+006 24.2935
405420 7.55483e+006 24.0505
405420 7.55483e+006 24.0505
405420 7.55483e+006 23.5644
405420 7.55483e+006 23.8074
405420 7.55483e+006 23.8074
405420 7.55483e+006 24.2935
405420 7.55483e+006 24.0505
405420 7.55483e+006 23.7469
405420 7.55483e+006 23.8987
405420 7.55483e+006 23.8074
405420 7.55483e+006 23.8074
405420 7.55483e+006 23.5644
405420 7.55483e+006 23.7469
405420 7.55483e+006 23.8987
405420 7.55483e+006 24.2023
405420 7.55483e+006 24.2935
405420 7.55483e+006 24.2935
405420 7.55483e+006 23.8074
405420 7.55483e+006 23.8987
405420 7.55483e+006 24.2023
405420 7.55483e+006 24.3541
405420 7.55483e+006 24.5365
405420 7.55483e+006 24.5365
405420 7.55483e+006 24.2935
405420 7.55483e+006 24.2023
405420 7.55483e+006 24.3541
405419 7.55483e+006 24.2023
405419 7.55483e+006 24.2935
405419 7.55483e+006 24.2935
405420 7.55483e+006 24.5365
405420 7.55483e+006 24.3541
405419 7.55483e+006 24.2023
405419 7.55483e+006 23.8987
405419 7.55483e+006 23.8074
405419 7.55483e+006 23.8074
405419 7.55483e+006 24.2935
405419 7.55483e+006 24.2023
405419 7.55483e+006 23.8987
405420 7.55483e+006 23.7469
405420 7.55483e+006 23.5644
405420 7.55483e+006 23.5644
405419 7.55483e+006 23.8074
405419 7.55483e+006 23.8987
405422 7.55484e+006 26.7617
405423 7.55484e+006 27.0047
405423 7.55484e+006 27.0047
405423 7.55484e+006 27.0047
405422 7.55484e+006 26.7617
405422 7.55484e+006 26.7617
405423 7.55484e+006 27.0047
405423 7.55484e+006 27.4908
405423 7.55484e+006 27.4908
405423 7.55484e+006 27.4908
405423 7.55484e+006 27.0047
405423 7.55484e+006 27.0047
405423 7.55484e+006 27.4908
405422 7.55484e+006 27.7338
405422 7.55484e+006 27.7338
405422 7.55484e+006 27.7338
405423 7.55484e+006 27.4908
405423 7.55484e+006 27.4908
405422 7.55484e+006 27.7338
405422 7.55484e+006 27.4908
405422 7.55484e+006 27.4908
405422 7.55484e+006 27.4908
405422 7.55484e+006 27.7338
405422 7.55484e+006 27.7338
405422 7.55484e+006 27.4908
405422 7.55484e+006 27.0047
405422 7.55484e+006 27.0047
405422 7.55484e+006 27.0047
405422 7.55484e+006 27.4908
405422 7.55484e+006 27.4908
405422 7.55484e+006 27.0047
405422 7.55484e+006 26.7617
405422 7.55484e+006 26.7617
405422 7.55484e+006 26.7617
405422 7.55484e+006 27.0047
405422 7.55484e+006 27.0047
405422 7.55484e+006 27.096
405420 7.55483e+006 27.096
405420 7.55483e+006 26.9442
405420 7.55483e+006 26.9442
405422 7.55484e+006 26.9442
405422 7.55484e+006 27.096
405422 7.55484e+006 27.3996
405420 7.55483e+006 27.3995
405420 7.55483e+006 27.096
405420 7.55483e+006 27.096
405422 7.55484e+006 27.096
405422 7.55484e+006 27.3996
405422 7.55484e+006 27.5513
405420 7.55483e+006 27.5513
405420 7.55483e+006 27.3995
405420 7.55483e+006 27.3995
405422 7.55484e+006 27.3996
405422 7.55484e+006 27.5513
405422 7.55484e+006 27.3996
405420 7.55483e+006 27.3995
405420 7.55483e+006 27.5513
405420 7.55483e+006 27.5513
405422 7.55484e+006 27.5513
405422 7.55484e+006 27.3996
405422 7.55484e+006 27.096
405420 7.55483e+006 27.096
405420 7.55483e+006 27.3995
405420 7.55483e+006 27.3995
405422 7.55484e+006 27.3996
405422 7.55484e+006 27.096
405420 7.55483e+006 26.9442
405420 7.55483e+006 27.096
405422 7.55484e+006 27.096
405422 7.55484e+006 27.096
405422 7.55484e+006 26.9442
405420 7.55483e+006 26.9442
405422 7.55484e+006 27.2478
405422 7.55484e+006 27.7338
405423 7.55484e+006 27.4908
405423 7.55484e+006 27.4908
405423 7.55484e+006 27.0047
405422 7.55484e+006 27.2478
405422 7.55484e+006 27.2478
405422 7.55484e+006 27.0047
405422 7.55484e+006 27.4908
405422 7.55484e+006 27.4908
405422 7.55484e+006 27.7338
405422 7.55484e+006 27.2478
405422 7.55484e+006 27.2478
405423 7.55484e+006 27.0047
405422 7.55484e+006 26.7617
405422 7.55484e+006 26.7617
405422 7.55484e+006 27.0047
405422 7.55484e+006 27.2478
405422 7.55484e+006 27.096
405422 7.55484e+006 27.0047
405422 7.55484e+006 26.7617
405422 7.55484e+006 26.7617
405422 7.55484e+006 26.9442
405422 7.55484e+006 27.096
405422 7.55484e+006 27.096
405422 7.55484e+006 27.3996
405422 7.55484e+006 27.4908
405422 7.55484e+006 27.4908
405422 7.55484e+006 27.0047
405422 7.55484e+006 27.096
405422 7.55484e+006 27.3996
405422 7.55484e+006 27.5513
405422 7.55484e+006 27.7338
405422 7.55484e+006 27.7338
405422 7.55484e+006 27.4908
405422 7.55484e+006 27.3996
405422 7.55484e+006 27.5513
405422 7.55484e+006 27.3996
405423 7.55484e+006 27.4908
405423 7.55484e+006 27.4908
405422 7.55484e+006 27.7338
405422 7.55484e+006 27.5513
405422 7.55484e+006 27.3996
405422 7.55484e+006 27.096
405423 7.55484e+006 27.0047
405423 7.55484e+006 27.0047
405423 7.55484e+006 27.4908
405422 7.55484e+006 27.3996
405422 7.55484e+006 27.096
405422 7.55484e+006 26.9442
405422 7.55484e+006 26.7617
405422 7.55484e+006 26.7617
405423 7.55484e+006 27.0047
405422 7.55484e+006 27.096
405420 7.55483e+006 27.0047
405420 7.55483e+006 26.7617
405420 7.55483e+006 26.7617
405420 7.55483e+006 26.7617
405420 7.55483e+006 27.0047
405420 7.55483e+006 27.0047
405420 7.55483e+006 27.4908
405420 7.55483e+006 27.4908
405420 7.55483e+006 27.0047
405420 7.55483e+006 27.0047
405420 7.55483e+006 27.0047
405420 7.55483e+006 27.4908
405420 7.55483e+006 27.7338
405420 7.55483e+006 27.7338
405420 7.55483e+006 27.4908
405420 7.55483e+006 27.4908
405420 7.55483e+006 27.4908
405420 7.55483e+006 27.7338
405420 7.55483e+006 27.4908
405419 7.55483e+006 27.4908
405420 7.55483e+006 27.7338
405420 7.55483e+006 27.7338
405420 7.55483e+006 27.7338
405420 7.55483e+006 27.4908
405420 7.55483e+006 27.0047
405419 7.55483e+006 27.0047
405419 7.55483e+006 27.4908
405419 7.55483e+006 27.4908
405420 7.55483e+006 27.4908
405420 7.55483e+006 27.0047
405420 7.55483e+006 26.7617
405420 7.55483e+006 26.7617
405419 7.55483e+006 27.0047
405419 7.55483e+006 27.0047
405420 7.55483e+006 27.0047
405420 7.55483e+006 26.7617
405420 7.55483e+006 27.096
405420 7.55483e+006 26.9442
405420 7.55483e+006 26.9442
405420 7.55483e+006 26.9442
405420 7.55483e+006 27.096
405420 7.55483e+006 27.096
405420 7.55483e+006 27.3995
405420 7.55483e+006 27.096
405420 7.55483e+006 27.096
405420 7.55483e+006 27.096
405420 7.55483e+006 27.3995
405420 7.55483e+006 27.3995
405420 7.55483e+006 27.5513
405420 7.55483e+006 27.3995
405420 7.55483e+006 27.3995
405420 7.55483e+006 27.3995
405420 7.55483e+006 27.5513
405420 7.55483e+006 27.5513
405419 7.55483e+006 27.3995
405420 7.55483e+006 27.5513
405420 7.55483e+006 27.5513
405420 7.55483e+006 27.5513
405420 7.55483e+006 27.3995
405419 7.55483e+006 27.3995
405419 7.55483e+006 27.096
405419 7.55483e+006 27.3995
405420 7.55483e+006 27.3995
405420 7.55483e+006 27.3995
405420 7.55483e+006 27.096
405419 7.55483e+006 27.096
405420 7.55483e+006 26.9442
405419 7.55483e+006 27.096
405420 7.55483e+006 27.096
405420 7.55483e+006 27.096
405420 7.55483e+006 26.9442
405420 7.55483e+006 26.9442
405420 7.55483e+006 27.0047
405420 7.55483e+006 26.7617
405420 7.55483e+006 26.7617
405420 7.55483e+006 26.7617
405420 7.55483e+006 27.0047
405420 7.55483e+006 27.0047
405420 7.55483e+006 27.4908
405420 7.55483e+006 27.4908
405420 7.55483e+006 27.0047
405420 7.55483e+006 27.0047
405420 7.55483e+006 27.0047
405420 7.55483e+006 27.4908
405420 7.55483e+006 27.7338
405420 7.55483e+006 27.7338
405420 7.55483e+006 27.4908
405420 7.55483e+006 27.4908
405420 7.55483e+006 27.4908
405420 7.55483e+006 27.7338
405419 7.55483e+006 27.4908
405419 7.55483e+006 27.4908
405420 7.55483e+006 27.7338
405420 7.55483e+006 27.7338
405420 7.55483e+006 27.7338
405419 7.55483e+006 27.4908
405419 7.55483e+006 27.0047
405419 7.55483e+006 27.0047
405419 7.55483e+006 27.4908
405419 7.55483e+006 27.4908
405419 7.55483e+006 27.4908
405419 7.55483e+006 27.0047
405420 7.55483e+006 26.7617
405420 7.55483e+006 26.7617
405419 7.55483e+006 27.0047
405419 7.55483e+006 27.0047
405419 7.55483e+006 27.0047
405420 7.55483e+006 26.7617
405420 7.55483e+006 26.9442
405420 7.55483e+006 27.096
405420 7.55483e+006 27.0047
405420 7.55483e+006 27.0047
405420 7.55483e+006 26.7617
405420 7.55483e+006 26.9442
405420 7.55483e+006 27.096
405420 7.55483e+006 27.3995
405420 7.55483e+006 27.4908
405420 7.55483e+006 27.4908
405420 7.55483e+006 27.0047
405420 7.55483e+006 27.096
405420 7.55483e+006 27.3995
405420 7.55483e+006 27.5513
405420 7.55483e+006 27.7338
405420 7.55483e+006 27.7338
405420 7.55483e+006 27.4908
405420 7.55483e+006 27.3995
405420 7.55483e+006 27.5513
405420 7.55483e+006 27.3995
405420 7.55483e+006 27.4908
405420 7.55483e+006 27.4908
405420 7.55483e+006 27.7338
405420 7.55483e+006 27.5513
405420 7.55483e+006 27.3995
405420 7.55483e+006 27.096
405420 7.55483e+006 27.0047
405420 7.55483e+006 27.0047
405420 7.55483e+006 27.4908
405420 7.55483e+006 27.3995
405420 7.55483e+006 27.096
405420 7.55483e+006 26.9442
405420 7.55483e+006 26.7617
405420 7.55483e+006 26.7617
405420 7.55483e+006 27.0047
405420 7.55483e+006 27.096
405420 7.55483e+006 26.9442
405420 7.55483e+006 27.096
405419 7.55483e+006 27.0047
405419 7.55483e+006 27.0047
405420 7.55483e+006 26.7617
405420 7.55483e+006 26.9442
405420 7.55483e+006 27.096
405420 7.55483e+006 27.3995
405419 7.55483e+006 27.4908
405419 7.55483e+006 27.4908
405419 7.55483e+006 27.0047
405420 7.55483e+006 27.096
405420 7.55483e+006 27.3995
405420 7.55483e+006 27.5513
405420 7.55483e+006 27.7338
405420 7.55483e+006 27.7338
405419 7.55483e+006 27.4908
405420 7.55483e+006 27.3995
405420 7.55483e+006 27.5513
405420 7.55483e+006 27.3995
405420 7.55483e+006 27.4908
405420 7.55483e+006 27.4908
405420 7.55483e+006 27.7338
405420 7.55483e+006 27.5513
405420 7.55483e+006 27.3995
405420 7.55483e+006 27.096
405420 7.55483e+006 27.0047
405420 7.55483e+006 27.0047
405420 7.55483e+006 27.4908
405420 7.55483e+006 27.3995
405420 7.55483e+006 27.096
405420 7.55483e+006 26.9442
405420 7.55483e+006 26.7617
405420 7.55483e+006 26.7617
405420 7.55483e+006 27.0047
405420 7.55483e+006 27.096
405420 7.55483e+006 27.2478
405419 7.55483e+006 27.4908
405419 7.55483e+006 27.0047
405419 7.55483e+006 27.0047
405420 7.55483e+006 26.7617
405420 7.55483e+006 27.2478
405420 7.55483e+006 27.2478
405420 7.55483e+006 27.4908
405420 7.55483e+006 27.7338
405420 7.55483e+006 27.7338
405419 7.55483e+006 27.4908
405420 7.55483e+006 27.2478
405420 7.55483e+006 27.2478
405420 7.55483e+006 26.7617
405420 7.55483e+006 27.0047
405420 7.55483e+006 27.0047
405420 7.55483e+006 27.4908
405420 7.55483e+006 27.2478
405420 7.55483e+006 26.9442
405420 7.55483e+006 27.096
405420 7.55483e+006 27.0047
405420 7.55483e+006 27.0047
405420 7.55483e+006 26.7617
405420 7.55483e+006 26.9442
405420 7.55483e+006 27.096
405420 7.55483e+006 27.3995
405420 7.55483e+006 27.4908
405420 7.55483e+006 27.4908
405420 7.55483e+006 27.0047
405420 7.55483e+006 27.096
405420 7.55483e+006 27.3995
405420 7.55483e+006 27.5513
405420 7.55483e+006 27.7338
405420 7.55483e+006 27.7338
405420 7.55483e+006 27.4908
405420 7.55483e+006 27.3995
405420 7.55483e+006 27.5513
405419 7.55483e+006 27.3995
405419 7.55483e+006 27.4908
405419 7.55483e+006 27.4908
405420 7.55483e+006 27.7338
405420 7.55483e+006 27.5513
405419 7.55483e+006 27.3995
405419 7.55483e+006 27.096
405419 7.55483e+006 27.0047
405419 7.55483e+006 27.0047
405419 7.55483e+006 27.4908
405419 7.55483e+006 27.3995
405419 7.55483e+006 27.096
405420 7.55483e+006 26.9442
405420 7.55483e+006 26.7617
405420 7.55483e+006 26.7617
405419 7.55483e+006 27.0047
405419 7.55483e+006 27.096
