405446 7.55483e+006 10.7918
405446 7.55483e+006 8.8548
405446 7.55483e+006 8.86056
405446 7.55483e+006 8.86056
405446 7.55483e+006 10.7918
405446 7.55483e+006 10.7918
405446 7.55483e+006 10.7918
405446 7.55483e+006 8.86056
405446 7.55483e+006 8.86056
405446 7.55483e+006 8.86056
405446 7.55483e+006 10.7918
405446 7.55483e+006 10.7918
405446 7.55483e+006 10.7918
405446 7.55483e+006 8.86056
405446 7.55483e+006 8.8548
405446 7.55483e+006 8.8548
405446 7.55483e+006 10.7918
405446 7.55483e+006 10.7918
405446 7.55483e+006 10.7918
405446 7.55483e+006 8.8548
405446 7.55483e+006 8.84905
405446 7.55483e+006 8.84905
405446 7.55483e+006 10.7918
405446 7.55483e+006 10.7918
405446 7.55483e+006 10.7918
405446 7.55483e+006 8.84905
405446 7.55483e+006 8.84905
405446 7.55483e+006 8.84905
405446 7.55483e+006 10.7918
405446 7.55483e+006 10.7918
405446 7.55483e+006 10.7918
405446 7.55483e+006 8.84905
405446 7.55483e+006 8.8548
405446 7.55483e+006 8.8548
405446 7.55483e+006 10.7918
405446 7.55483e+006 10.7918
405446 7.55483e+006 8.8548
405446 7.55483e+006 8.75895
405446 7.55483e+006 8.7814
405446 7.55483e+006 8.7814
405446 7.55483e+006 8.86056
405446 7.55483e+006 8.8548
405446 7.55483e+006 8.86056
405446 7.55483e+006 8.7814
405446 7.55483e+006 8.7814
405446 7.55483e+006 8.7814
405446 7.55483e+006 8.86056
405446 7.55483e+006 8.86056
405446 7.55483e+006 8.86056
405446 7.55483e+006 8.7814
405446 7.55483e+006 8.75895
405446 7.55483e+006 8.75895
405446 7.55483e+006 8.8548
405446 7.55483e+006 8.86056
405446 7.55483e+006 8.8548
405446 7.55483e+006 8.75895
405446 7.55483e+006 8.73649
405446 7.55483e+006 8.73649
405446 7.55483e+006 8.84905
405446 7.55483e+006 8.8548
405446 7.55483e+006 8.84905
405446 7.55483e+006 8.73649
405446 7.55483e+006 8.73649
405446 7.55483e+006 8.73649
405446 7.55483e+006 8.84905
405446 7.55483e+006 8.84905
405446 7.55483e+006 8.84905
405446 7.55483e+006 8.73649
405446 7.55483e+006 8.75895
405446 7.55483e+006 8.75895
405446 7.55483e+006 8.8548
405446 7.55483e+006 8.84905
405446 7.55483e+006 8.75895
405446 7.55483e+006 8.69076
405446 7.55483e+006 8.72954
405446 7.55483e+006 8.72954
405446 7.55483e+006 8.7814
405446 7.55483e+006 8.75895
405446 7.55483e+006 8.7814
405446 7.55483e+006 8.72954
405446 7.55483e+006 8.72954
405446 7.55483e+006 8.72954
405446 7.55483e+006 8.7814
405446 7.55483e+006 8.7814
405446 7.55483e+006 8.7814
405446 7.55483e+006 8.72954
405446 7.55483e+006 8.69076
405446 7.55483e+006 8.69076
405446 7.55483e+006 8.75895
405446 7.55483e+006 8.7814
405446 7.55483e+006 8.75895
405446 7.55483e+006 8.69076
405446 7.55483e+006 8.65199
405446 7.55483e+006 8.65199
405446 7.55483e+006 8.73649
405446 7.55483e+006 8.75895
405446 7.55483e+006 8.73649
405446 7.55483e+006 8.65199
405446 7.55483e+006 8.65199
405446 7.55483e+006 8.65199
405446 7.55483e+006 8.73649
405446 7.55483e+006 8.73649
405446 7.55483e+006 8.73649
405446 7.55483e+006 8.65199
405446 7.55483e+006 8.69076
405446 7.55483e+006 8.69076
405446 7.55483e+006 8.75895
405446 7.55483e+006 8.73649
405446 7.55483e+006 8.69076
405446 7.55483e+006 8.6648
405446 7.55483e+006 8.7081
405446 7.55483e+006 8.7081
405446 7.55483e+006 8.72954
405446 7.55483e+006 8.69076
405446 7.55483e+006 8.72954
405446 7.55483e+006 8.7081
405446 7.55483e+006 8.7081
405446 7.55483e+006 8.7081
405446 7.55483e+006 8.72954
405446 7.55483e+006 8.72954
405446 7.55483e+006 8.72954
405446 7.55483e+006 8.7081
405446 7.55483e+006 8.6648
405446 7.55483e+006 8.6648
405446 7.55483e+006 8.69076
405446 7.55483e+006 8.72954
405446 7.55483e+006 8.69076
405446 7.55483e+006 8.6648
405446 7.55483e+006 8.6215
405446 7.55483e+006 8.6215
405446 7.55483e+006 8.65199
405446 7.55483e+006 8.69076
405446 7.55483e+006 8.65199
405446 7.55483e+006 8.6215
405446 7.55483e+006 8.6215
405446 7.55483e+006 8.6215
405446 7.55483e+006 8.65199
405446 7.55483e+006 8.65199
405446 7.55483e+006 8.65199
405446 7.55483e+006 8.6215
405446 7.55483e+006 8.6648
405446 7.55483e+006 8.6648
405446 7.55483e+006 8.69076
405446 7.55483e+006 8.65199
405446 7.55483e+006 8.6648
405446 7.55483e+006 8.66468
405446 7.55483e+006 8.70799
405446 7.55483e+006 8.70799
405446 7.55483e+006 8.7081
405446 7.55483e+006 8.6648
405446 7.55483e+006 8.7081
405446 7.55483e+006 8.70799
405446 7.55483e+006 8.70799
405446 7.55483e+006 8.70799
405446 7.55483e+006 8.7081
405446 7.55483e+006 8.7081
405446 7.55483e+006 8.7081
405446 7.55483e+006 8.70799
405446 7.55483e+006 8.66468
405446 7.55483e+006 8.66468
405446 7.55483e+006 8.6648
405446 7.55483e+006 8.7081
405446 7.55483e+006 8.6648
405446 7.55483e+006 8.66468
405446 7.55483e+006 8.62138
405446 7.55483e+006 8.62138
405446 7.55483e+006 8.6215
405446 7.55483e+006 8.6648
405446 7.55483e+006 8.6215
405446 7.55483e+006 8.62138
405446 7.55483e+006 8.62138
405446 7.55483e+006 8.62138
405446 7.55483e+006 8.6215
405446 7.55483e+006 8.6215
405446 7.55483e+006 8.6215
405446 7.55483e+006 8.62138
405446 7.55483e+006 8.66468
405446 7.55483e+006 8.66468
405446 7.55483e+006 8.6648
405446 7.55483e+006 8.6215
405446 7.55483e+006 8.66468
405446 7.55483e+006 10.7894
405446 7.55483e+006 10.7894
405446 7.55483e+006 10.7894
405446 7.55483e+006 8.70799
405446 7.55483e+006 8.66468
405446 7.55483e+006 8.70799
405446 7.55483e+006 10.7894
405446 7.55483e+006 10.7894
405446 7.55483e+006 10.7894
405446 7.55483e+006 8.70799
405446 7.55483e+006 8.70799
405446 7.55483e+006 8.70799
405446 7.55483e+006 10.7894
405446 7.55483e+006 10.7894
405446 7.55483e+006 10.7894
405446 7.55483e+006 8.66468
405446 7.55483e+006 8.70799
405446 7.55483e+006 8.66468
405446 7.55483e+006 10.7894
405446 7.55483e+006 10.7895
405446 7.55483e+006 10.7895
405446 7.55483e+006 8.62138
405446 7.55483e+006 8.66468
405446 7.55483e+006 8.62138
405446 7.55483e+006 10.7895
405446 7.55483e+006 10.7895
405446 7.55483e+006 10.7895
405446 7.55483e+006 8.62138
405446 7.55483e+006 8.62138
405446 7.55483e+006 8.62138
405446 7.55483e+006 10.7895
405446 7.55483e+006 10.7894
405446 7.55483e+006 10.7894
405446 7.55483e+006 8.66468
405446 7.55483e+006 8.62138
405446 7.55483e+006 10.7918
405446 7.55483e+006 10.7918
405446 7.55483e+006 10.7918
405446 7.55483e+006 10.7918
405446 7.55483e+006 10.7918
405446 7.55483e+006 10.7918
405446 7.55483e+006 10.7918
405446 7.55483e+006 10.7918
405446 7.55483e+006 10.7918
405446 7.55483e+006 10.7918
405446 7.55483e+006 10.7918
405446 7.55483e+006 10.7918
405446 7.55483e+006 10.7894
405446 7.55483e+006 10.7894
405446 7.55483e+006 10.7894
405446 7.55483e+006 10.7894
405446 7.55483e+006 10.7894
405446 7.55483e+006 10.7894
405446 7.55483e+006 10.7894
405446 7.55483e+006 10.7895
405446 7.55483e+006 10.7894
405446 7.55483e+006 10.7895
405446 7.55483e+006 10.7895
405446 7.55483e+006 10.7894
405445 7.55483e+006 10.7918
405445 7.55483e+006 9.23927
405445 7.55483e+006 9.23926
405445 7.55483e+006 9.23926
405445 7.55483e+006 10.7918
405445 7.55483e+006 10.7918
405445 7.55483e+006 10.7918
405445 7.55483e+006 9.23926
405445 7.55483e+006 9.23926
405445 7.55483e+006 9.23926
405445 7.55483e+006 10.7918
405445 7.55483e+006 10.7918
405445 7.55483e+006 10.7918
405445 7.55483e+006 9.23926
405445 7.55483e+006 9.23927
405445 7.55483e+006 9.23927
405445 7.55483e+006 10.7918
405445 7.55483e+006 10.7918
405445 7.55483e+006 10.7918
405445 7.55483e+006 9.23927
405445 7.55483e+006 9.23927
405445 7.55483e+006 9.23927
405445 7.55483e+006 10.7918
405445 7.55483e+006 10.7918
405445 7.55483e+006 10.7918
405445 7.55483e+006 9.23927
405445 7.55483e+006 9.23927
405445 7.55483e+006 9.23927
405445 7.55483e+006 10.7918
405445 7.55483e+006 10.7918
405445 7.55483e+006 10.7918
405445 7.55483e+006 9.23927
405445 7.55483e+006 9.23927
405445 7.55483e+006 9.23927
405445 7.55483e+006 10.7918
405445 7.55483e+006 10.7918
405445 7.55483e+006 10.7918
405445 7.55483e+006 10.7918
405445 7.55483e+006 10.7918
405445 7.55483e+006 10.7918
405445 7.55483e+006 10.7918
405445 7.55483e+006 10.7918
405445 7.55483e+006 10.7918
405445 7.55483e+006 10.7918
405445 7.55483e+006 10.7918
405445 7.55483e+006 10.7918
405445 7.55483e+006 10.7918
405445 7.55483e+006 10.7918
405445 7.55483e+006 9.23926
405445 7.55483e+006 9.23926
405445 7.55483e+006 9.23927
405445 7.55483e+006 9.23927
405445 7.55483e+006 9.23926
405445 7.55483e+006 9.23927
405445 7.55483e+006 9.23927
405445 7.55483e+006 9.23927
405445 7.55483e+006 9.23927
405445 7.55483e+006 9.23927
405445 7.55483e+006 9.23927
405445 7.55483e+006 9.23927
