404799 7.55094e+006 -560.127
404799 7.55094e+006 -559.796
404798 7.55094e+006 -559.975
404798 7.55094e+006 -559.975
404798 7.55094e+006 -560.31
404799 7.55094e+006 -560.127
404799 7.55094e+006 -560.127
404798 7.55094e+006 -560.31
404798 7.55094e+006 -559.975
404798 7.55094e+006 -559.975
404799 7.55094e+006 -559.796
404799 7.55094e+006 -560.127
404798 7.55094e+006 -560.31
404798 7.55094e+006 -560.31
404799 7.55094e+006 -560.127
404799 7.55094e+006 -560.127
404799 7.55094e+006 -560.127
404798 7.55094e+006 -560.31
404798 7.55094e+006 -560.222
404798 7.55094e+006 -560.222
404798 7.55094e+006 -560.294
404798 7.55094e+006 -560.294
404798 7.55094e+006 -560.294
404798 7.55094e+006 -560.222
404798 7.55094e+006 -559.975
404798 7.55094e+006 -559.975
404798 7.55094e+006 -560.048
404798 7.55094e+006 -560.048
404798 7.55094e+006 -560.048
404798 7.55094e+006 -559.975
404799 7.55094e+006 -560.127
404799 7.55094e+006 -560.127
404799 7.55094e+006 -559.796
404799 7.55094e+006 -559.796
404799 7.55094e+006 -559.796
404799 7.55094e+006 -560.127
404798 7.55094e+006 -560.048
404798 7.55094e+006 -560.342
404798 7.55094e+006 -560.31
404798 7.55094e+006 -560.31
404798 7.55094e+006 -559.975
404798 7.55094e+006 -560.048
404798 7.55094e+006 -560.31
404798 7.55094e+006 -560.342
404798 7.55094e+006 -560.048
404798 7.55094e+006 -560.048
404798 7.55094e+006 -559.975
404798 7.55094e+006 -560.31
404798 7.55094e+006 -560.342
404798 7.55094e+006 -560.342
404798 7.55094e+006 -560.31
404798 7.55094e+006 -560.31
404798 7.55094e+006 -560.31
404798 7.55094e+006 -560.342
404798 7.55094e+006 -559.975
404799 7.55094e+006 -559.796
404798 7.55094e+006 -559.869
404798 7.55094e+006 -559.975
404798 7.55094e+006 -559.869
404799 7.55094e+006 -559.796
404798 7.55094e+006 -559.975
404798 7.55094e+006 -559.975
404798 7.55094e+006 -559.869
404798 7.55094e+006 -559.869
404798 7.55094e+006 -559.869
404798 7.55094e+006 -559.975
404798 7.55094e+006 -560.342
404798 7.55094e+006 -560.048
404798 7.55094e+006 -560.204
404798 7.55094e+006 -560.204
404798 7.55094e+006 -560.275
404798 7.55094e+006 -560.342
404798 7.55094e+006 -560.048
404798 7.55094e+006 -560.048
404798 7.55094e+006 -560.204
404798 7.55094e+006 -560.204
404798 7.55094e+006 -560.204
404798 7.55094e+006 -560.048
404798 7.55094e+006 -560.048
404798 7.55094e+006 -560.342
404798 7.55094e+006 -560.275
404798 7.55094e+006 -560.275
404798 7.55094e+006 -560.204
404798 7.55094e+006 -560.048
404798 7.55094e+006 -560.342
404798 7.55094e+006 -560.342
404798 7.55094e+006 -560.275
404798 7.55094e+006 -560.275
404798 7.55094e+006 -560.275
404798 7.55094e+006 -560.342
404798 7.55094e+006 -560.275
404798 7.55094e+006 -560.204
404798 7.55094e+006 -560.222
404798 7.55094e+006 -560.222
404798 7.55094e+006 -560.294
404798 7.55094e+006 -560.275
404798 7.55094e+006 -560.204
404798 7.55094e+006 -560.204
404798 7.55094e+006 -560.222
404798 7.55094e+006 -560.222
404798 7.55094e+006 -560.222
404798 7.55094e+006 -560.204
404798 7.55094e+006 -560.204
404798 7.55094e+006 -560.275
404798 7.55094e+006 -560.294
404798 7.55094e+006 -560.294
404798 7.55094e+006 -560.222
404798 7.55094e+006 -560.204
404798 7.55094e+006 -560.275
404798 7.55094e+006 -560.275
404798 7.55094e+006 -560.294
404798 7.55094e+006 -560.294
404798 7.55094e+006 -560.294
404798 7.55094e+006 -560.275
