405410 7.5548e+006 24.4251
405410 7.5548e+006 24.6751
405409 7.5548e+006 24.6749
405409 7.5548e+006 24.6749
405409 7.5548e+006 24.4249
405410 7.5548e+006 24.4251
405409 7.5548e+006 24.6741
405409 7.5548e+006 24.4241
405408 7.5548e+006 24.424
405408 7.5548e+006 24.424
405408 7.5548e+006 24.674
405409 7.5548e+006 24.6741
405410 7.5548e+006 24.4251
405409 7.5548e+006 24.4241
405409 7.5548e+006 24.6741
405409 7.5548e+006 24.6741
405410 7.5548e+006 24.6751
405410 7.5548e+006 24.4251
405409 7.5548e+006 24.6749
405408 7.5548e+006 24.674
405408 7.5548e+006 24.424
405408 7.5548e+006 24.424
405409 7.5548e+006 24.4249
405409 7.5548e+006 24.6749
