405451 7.55479e+006 41.86
405455 7.55479e+006 41.86
405455 7.55479e+006 41.86
405456 7.55479e+006 41.86
405456 7.5548e+006 41.86
405452 7.5548e+006 41.86
405455 7.55479e+006 41.86
405456 7.55479e+006 41.86
405452 7.5548e+006 41.86
405455 7.55479e+006 41.86
405452 7.5548e+006 41.86
405451 7.5548e+006 41.86
405451 7.55479e+006 41.86
405455 7.55479e+006 41.86
405451 7.5548e+006 41.86
405451 7.5548e+006 41.86
405450 7.5548e+006 41.86
405451 7.55479e+006 41.86
405451 7.55479e+006 41.86
405451 7.5548e+006 41.86
405451 7.55479e+006 41.86
405451 7.55479e+006 41.86
405451 7.55479e+006 41.86
405451 7.55479e+006 41.86
405451 7.55479e+006 41.86
405451 7.55479e+006 41.86
405450 7.5548e+006 41.86
405450 7.5548e+006 41.86
405449 7.55479e+006 41.86
405451 7.55479e+006 41.86
