398021 7.55154e+006 -280.965
398021 7.55154e+006 -281.379
398021 7.55154e+006 -281.379
398021 7.55154e+006 -281.379
398021 7.55154e+006 -280.965
398021 7.55154e+006 -280.965
398021 7.55154e+006 -280.965
398021 7.55154e+006 -281.379
398021 7.55154e+006 -281.379
398021 7.55154e+006 -281.379
398021 7.55154e+006 -280.965
398021 7.55154e+006 -280.965
398021 7.55154e+006 -280.965
398021 7.55154e+006 -281.379
398021 7.55154e+006 -281.379
398021 7.55154e+006 -281.379
398021 7.55154e+006 -280.965
398021 7.55154e+006 -280.965
398021 7.55154e+006 -280.965
398021 7.55154e+006 -281.379
398021 7.55154e+006 -281.379
398021 7.55154e+006 -281.379
398021 7.55154e+006 -280.965
398021 7.55154e+006 -280.965
398021 7.55154e+006 -280.965
398021 7.55154e+006 -281.379
398021 7.55154e+006 -281.379
398021 7.55154e+006 -281.379
398021 7.55154e+006 -280.965
398021 7.55154e+006 -280.965
398021 7.55154e+006 -280.965
398021 7.55154e+006 -281.379
398021 7.55154e+006 -281.379
398021 7.55154e+006 -281.379
398021 7.55154e+006 -280.965
398021 7.55154e+006 -280.965
398021 7.55154e+006 -280.965
398021 7.55154e+006 -281.379
398021 7.55154e+006 -281.379
398021 7.55154e+006 -281.379
398021 7.55154e+006 -280.965
398021 7.55154e+006 -280.965
398021 7.55154e+006 -280.965
398021 7.55154e+006 -281.379
398021 7.55154e+006 -281.379
398021 7.55154e+006 -281.379
398021 7.55154e+006 -280.965
398021 7.55154e+006 -280.965
398021 7.55154e+006 -280.965
398021 7.55154e+006 -281.379
398021 7.55154e+006 -281.379
398021 7.55154e+006 -281.379
398021 7.55154e+006 -280.965
398021 7.55154e+006 -280.965
398021 7.55154e+006 -280.965
398021 7.55154e+006 -281.379
398021 7.55154e+006 -281.379
398021 7.55154e+006 -281.379
398021 7.55154e+006 -280.965
398021 7.55154e+006 -280.965
398021 7.55154e+006 -280.965
398021 7.55154e+006 -281.379
398021 7.55154e+006 -281.379
398021 7.55154e+006 -281.379
398021 7.55154e+006 -280.965
398021 7.55154e+006 -280.965
398021 7.55154e+006 -280.965
398021 7.55154e+006 -281.379
398021 7.55154e+006 -281.379
398021 7.55154e+006 -281.379
398021 7.55154e+006 -280.965
398021 7.55154e+006 -280.965
398021 7.55154e+006 -280.965
398021 7.55154e+006 -281.379
398021 7.55154e+006 -281.379
398021 7.55154e+006 -281.379
398021 7.55154e+006 -280.965
398021 7.55154e+006 -280.965
398021 7.55154e+006 -280.965
398021 7.55154e+006 -281.379
398021 7.55154e+006 -281.379
398021 7.55154e+006 -281.379
398021 7.55154e+006 -280.965
398021 7.55154e+006 -280.965
398021 7.55154e+006 -280.965
398021 7.55154e+006 -281.379
398021 7.55154e+006 -281.379
398021 7.55154e+006 -281.379
398021 7.55154e+006 -280.965
398021 7.55154e+006 -280.965
398021 7.55154e+006 -280.965
398021 7.55154e+006 -281.379
398021 7.55154e+006 -281.379
398021 7.55154e+006 -281.379
398021 7.55154e+006 -280.965
398021 7.55154e+006 -280.965
