403387 7.54948e+006 -465.426
403387 7.54948e+006 -465.091
403387 7.54948e+006 -465.272
403387 7.54948e+006 -465.272
403387 7.54948e+006 -465.609
403387 7.54948e+006 -465.426
403388 7.54948e+006 -465.426
403388 7.54948e+006 -465.609
403388 7.54948e+006 -465.272
403388 7.54948e+006 -465.272
403388 7.54948e+006 -465.091
403388 7.54948e+006 -465.426
403387 7.54948e+006 -465.609
403388 7.54948e+006 -465.609
403388 7.54948e+006 -465.426
403388 7.54948e+006 -465.426
403387 7.54948e+006 -465.426
403387 7.54948e+006 -465.609
403388 7.54948e+006 -465.521
403388 7.54948e+006 -465.521
403388 7.54948e+006 -465.593
403388 7.54948e+006 -465.593
403388 7.54948e+006 -465.593
403388 7.54948e+006 -465.521
403387 7.54948e+006 -465.272
403388 7.54948e+006 -465.272
403388 7.54948e+006 -465.345
403388 7.54948e+006 -465.345
403387 7.54948e+006 -465.345
403387 7.54948e+006 -465.272
403387 7.54948e+006 -465.426
403388 7.54948e+006 -465.426
403388 7.54948e+006 -465.091
403388 7.54948e+006 -465.091
403387 7.54948e+006 -465.091
403387 7.54948e+006 -465.426
403387 7.54948e+006 -465.345
403387 7.54948e+006 -465.642
403387 7.54948e+006 -465.609
403387 7.54948e+006 -465.609
403387 7.54948e+006 -465.272
403387 7.54948e+006 -465.345
403388 7.54948e+006 -465.609
403388 7.54948e+006 -465.642
403388 7.54948e+006 -465.345
403388 7.54948e+006 -465.345
403388 7.54948e+006 -465.272
403388 7.54948e+006 -465.609
403387 7.54948e+006 -465.642
403388 7.54948e+006 -465.642
403388 7.54948e+006 -465.609
403388 7.54948e+006 -465.609
403387 7.54948e+006 -465.609
403387 7.54948e+006 -465.642
403387 7.54948e+006 -465.272
403387 7.54948e+006 -465.091
403387 7.54948e+006 -465.165
403388 7.54948e+006 -465.272
403388 7.54948e+006 -465.165
403388 7.54948e+006 -465.091
403388 7.54948e+006 -465.272
403387 7.54948e+006 -465.272
403387 7.54948e+006 -465.165
403387 7.54948e+006 -465.165
403388 7.54948e+006 -465.165
403388 7.54948e+006 -465.272
403387 7.54948e+006 -465.642
403387 7.54948e+006 -465.345
403388 7.54948e+006 -465.503
403388 7.54948e+006 -465.503
403388 7.54948e+006 -465.574
403387 7.54948e+006 -465.642
403387 7.54948e+006 -465.345
403388 7.54948e+006 -465.345
403388 7.54948e+006 -465.503
403388 7.54948e+006 -465.503
403388 7.54948e+006 -465.503
403387 7.54948e+006 -465.345
403388 7.54948e+006 -465.345
403388 7.54948e+006 -465.642
403388 7.54948e+006 -465.574
403388 7.54948e+006 -465.574
403388 7.54948e+006 -465.503
403388 7.54948e+006 -465.345
403388 7.54948e+006 -465.642
403387 7.54948e+006 -465.642
403388 7.54948e+006 -465.574
403388 7.54948e+006 -465.574
403388 7.54948e+006 -465.574
403388 7.54948e+006 -465.642
403388 7.54948e+006 -465.574
403388 7.54948e+006 -465.503
403388 7.54948e+006 -465.521
403388 7.54948e+006 -465.521
403388 7.54948e+006 -465.593
403388 7.54948e+006 -465.574
403388 7.54948e+006 -465.503
403388 7.54948e+006 -465.503
403388 7.54948e+006 -465.521
403388 7.54948e+006 -465.521
403388 7.54948e+006 -465.521
403388 7.54948e+006 -465.503
403388 7.54948e+006 -465.503
403388 7.54948e+006 -465.574
403388 7.54948e+006 -465.593
403388 7.54948e+006 -465.593
403388 7.54948e+006 -465.521
403388 7.54948e+006 -465.503
403388 7.54948e+006 -465.574
403388 7.54948e+006 -465.574
403388 7.54948e+006 -465.593
403388 7.54948e+006 -465.593
403388 7.54948e+006 -465.593
403388 7.54948e+006 -465.574
