405394 7.5548e+006 19.9107
405392 7.55481e+006 19.9107
405394 7.55481e+006 19.9107
405394 7.55481e+006 19.9107
405396 7.55481e+006 19.9107
405394 7.5548e+006 19.9107
405394 7.5548e+006 22.3436
405396 7.55481e+006 22.3436
405394 7.55481e+006 22.3436
405394 7.55481e+006 22.3436
405392 7.55481e+006 22.3436
405394 7.5548e+006 22.3436
405394 7.5548e+006 19.9107
405396 7.55481e+006 19.9107
405396 7.55481e+006 22.3436
405396 7.55481e+006 22.3436
405394 7.5548e+006 22.3436
405394 7.5548e+006 19.9107
405396 7.55481e+006 19.9107
405394 7.55481e+006 19.9107
405394 7.55481e+006 22.3436
405394 7.55481e+006 22.3436
405396 7.55481e+006 22.3436
405396 7.55481e+006 19.9107
405394 7.55481e+006 19.9107
405392 7.55481e+006 19.9107
405392 7.55481e+006 22.3436
405392 7.55481e+006 22.3436
405394 7.55481e+006 22.3436
405394 7.55481e+006 19.9107
405392 7.55481e+006 19.9107
405394 7.5548e+006 19.9107
405394 7.5548e+006 22.3436
405394 7.5548e+006 22.3436
405392 7.55481e+006 22.3436
405392 7.55481e+006 19.9107
