405424 7.5548e+006 19.9178
405425 7.5548e+006 19.9178
405423 7.55479e+006 19.9178
405423 7.55479e+006 19.9178
405421 7.55479e+006 19.9178
405424 7.5548e+006 19.9178
405424 7.5548e+006 22.3507
405421 7.55479e+006 22.3507
405423 7.55479e+006 22.3507
405423 7.55479e+006 22.3507
405425 7.5548e+006 22.3507
405424 7.5548e+006 22.3507
405424 7.5548e+006 19.9178
405421 7.55479e+006 19.9178
405421 7.55479e+006 22.3507
405421 7.55479e+006 22.3507
405424 7.5548e+006 22.3507
405424 7.5548e+006 19.9178
405421 7.55479e+006 19.9178
405423 7.55479e+006 19.9178
405423 7.55479e+006 22.3507
405423 7.55479e+006 22.3507
405421 7.55479e+006 22.3507
405421 7.55479e+006 19.9178
405423 7.55479e+006 19.9178
405425 7.5548e+006 19.9178
405425 7.5548e+006 22.3507
405425 7.5548e+006 22.3507
405423 7.55479e+006 22.3507
405423 7.55479e+006 19.9178
405425 7.5548e+006 19.9178
405424 7.5548e+006 19.9178
405424 7.5548e+006 22.3507
405424 7.5548e+006 22.3507
405425 7.5548e+006 22.3507
405425 7.5548e+006 19.9178
