404798 7.55094e+006 -559.431
404798 7.55094e+006 -559.824
404798 7.55094e+006 -559.824
404798 7.55094e+006 -559.824
404798 7.55094e+006 -559.431
404798 7.55094e+006 -559.431
404798 7.55094e+006 -559.431
404798 7.55094e+006 -559.824
404798 7.55094e+006 -559.824
404798 7.55094e+006 -559.824
404798 7.55094e+006 -559.431
404798 7.55094e+006 -559.431
404798 7.55094e+006 -559.431
404798 7.55094e+006 -559.824
404798 7.55094e+006 -559.824
404798 7.55094e+006 -559.824
404798 7.55094e+006 -559.431
404798 7.55094e+006 -559.431
404798 7.55094e+006 -559.431
404798 7.55094e+006 -559.824
404798 7.55094e+006 -559.824
404798 7.55094e+006 -559.824
404798 7.55094e+006 -559.431
404798 7.55094e+006 -559.431
404798 7.55094e+006 -559.431
404798 7.55094e+006 -559.824
404798 7.55094e+006 -559.824
404798 7.55094e+006 -559.824
404798 7.55094e+006 -559.431
404798 7.55094e+006 -559.431
404798 7.55094e+006 -559.431
404798 7.55094e+006 -559.824
404798 7.55094e+006 -559.824
404798 7.55094e+006 -559.824
404798 7.55094e+006 -559.431
404798 7.55094e+006 -559.431
404798 7.55094e+006 -559.431
404798 7.55094e+006 -559.824
404798 7.55094e+006 -559.824
404798 7.55094e+006 -559.824
404798 7.55094e+006 -559.431
404798 7.55094e+006 -559.431
404798 7.55094e+006 -559.431
404798 7.55094e+006 -559.824
404798 7.55094e+006 -559.824
404798 7.55094e+006 -559.824
404798 7.55094e+006 -559.431
404798 7.55094e+006 -559.431
404798 7.55094e+006 -559.431
404798 7.55094e+006 -559.824
404798 7.55094e+006 -559.824
404798 7.55094e+006 -559.824
404798 7.55094e+006 -559.431
404798 7.55094e+006 -559.431
404798 7.55094e+006 -559.431
404798 7.55094e+006 -559.824
404798 7.55094e+006 -559.824
404798 7.55094e+006 -559.824
404798 7.55094e+006 -559.431
404798 7.55094e+006 -559.431
404798 7.55094e+006 -559.431
404798 7.55094e+006 -559.824
404798 7.55094e+006 -559.824
404798 7.55094e+006 -559.824
404798 7.55094e+006 -559.431
404798 7.55094e+006 -559.431
404798 7.55094e+006 -559.431
404798 7.55094e+006 -559.824
404798 7.55094e+006 -559.824
404798 7.55094e+006 -559.824
404798 7.55094e+006 -559.431
404798 7.55094e+006 -559.431
404798 7.55094e+006 -559.431
404798 7.55094e+006 -559.824
404798 7.55094e+006 -559.824
404798 7.55094e+006 -559.824
404798 7.55094e+006 -559.431
404798 7.55094e+006 -559.431
404798 7.55094e+006 -559.431
404798 7.55094e+006 -559.824
404798 7.55094e+006 -559.824
404798 7.55094e+006 -559.824
404798 7.55094e+006 -559.431
404798 7.55094e+006 -559.431
404798 7.55094e+006 -559.431
404798 7.55094e+006 -559.824
404798 7.55094e+006 -559.824
404798 7.55094e+006 -559.824
404798 7.55094e+006 -559.431
404798 7.55094e+006 -559.431
404798 7.55094e+006 -559.431
404798 7.55094e+006 -559.824
404798 7.55094e+006 -559.824
404798 7.55094e+006 -559.824
404798 7.55094e+006 -559.431
404798 7.55094e+006 -559.431
