405413 7.5548e+006 24.4183
405413 7.5548e+006 21.7183
405414 7.5548e+006 21.7184
405414 7.5548e+006 21.7184
405414 7.5548e+006 24.4184
405413 7.5548e+006 24.4183
405406 7.5548e+006 21.7109
405406 7.5548e+006 24.4109
405407 7.5548e+006 24.4111
405407 7.5548e+006 24.4111
405407 7.5548e+006 21.7111
405406 7.5548e+006 21.7109
405413 7.5548e+006 24.4183
405406 7.5548e+006 24.4109
405406 7.5548e+006 21.7109
405406 7.5548e+006 21.7109
405413 7.5548e+006 21.7183
405413 7.5548e+006 24.4183
405414 7.5548e+006 21.7184
405407 7.5548e+006 21.7111
405407 7.5548e+006 24.4111
405407 7.5548e+006 24.4111
405414 7.5548e+006 24.4184
405414 7.5548e+006 21.7184
