405424 7.5548e+006 22.41
405425 7.5548e+006 22.41
405423 7.55479e+006 22.41
405423 7.55479e+006 22.41
405421 7.55479e+006 22.41
405424 7.5548e+006 22.41
405424 7.5548e+006 24.8429
405421 7.55479e+006 24.8429
405423 7.55479e+006 24.8429
405423 7.55479e+006 24.8429
405425 7.5548e+006 24.8429
405424 7.5548e+006 24.8429
405424 7.5548e+006 22.41
405421 7.55479e+006 22.41
405421 7.55479e+006 24.8429
405421 7.55479e+006 24.8429
405424 7.5548e+006 24.8429
405424 7.5548e+006 22.41
405421 7.55479e+006 22.41
405423 7.55479e+006 22.41
405423 7.55479e+006 24.8429
405423 7.55479e+006 24.8429
405421 7.55479e+006 24.8429
405421 7.55479e+006 22.41
405423 7.55479e+006 22.41
405425 7.5548e+006 22.41
405425 7.5548e+006 24.8429
405425 7.5548e+006 24.8429
405423 7.55479e+006 24.8429
405423 7.55479e+006 22.41
405425 7.5548e+006 22.41
405424 7.5548e+006 22.41
405424 7.5548e+006 24.8429
405424 7.5548e+006 24.8429
405425 7.5548e+006 24.8429
405425 7.5548e+006 22.41
