405428 7.55477e+006 8.76839
405428 7.55477e+006 8.76856
405428 7.55477e+006 9.63857
405428 7.55477e+006 9.63857
405428 7.55477e+006 9.6384
405428 7.55477e+006 8.76839
405428 7.55477e+006 8.76856
405428 7.55477e+006 8.76858
405428 7.55477e+006 9.63858
405428 7.55477e+006 9.63858
405428 7.55477e+006 9.63857
405428 7.55477e+006 8.76856
405428 7.55477e+006 8.76858
405428 7.55477e+006 8.76843
405428 7.55477e+006 9.63843
405428 7.55477e+006 9.63843
405428 7.55477e+006 9.63858
405428 7.55477e+006 8.76858
405428 7.55477e+006 8.76843
405428 7.55477e+006 8.76826
405428 7.55477e+006 9.63827
405428 7.55477e+006 9.63827
405428 7.55477e+006 9.63843
405428 7.55477e+006 8.76843
405428 7.55477e+006 8.76826
405428 7.55477e+006 8.76824
405428 7.55477e+006 9.63825
405428 7.55477e+006 9.63825
405428 7.55477e+006 9.63827
405428 7.55477e+006 8.76826
405428 7.55477e+006 8.76824
405428 7.55477e+006 8.76839
405428 7.55477e+006 9.6384
405428 7.55477e+006 9.6384
405428 7.55477e+006 9.63825
405428 7.55477e+006 8.76824
405428 7.55477e+006 8.57141
405428 7.55477e+006 8.57167
405429 7.55477e+006 8.5719
405429 7.55477e+006 8.5719
405428 7.55477e+006 8.57187
405428 7.55477e+006 8.57162
405428 7.55477e+006 8.57141
405429 7.55477e+006 8.5719
405428 7.55477e+006 8.57162
405428 7.55477e+006 8.57138
405428 7.55477e+006 8.57141
405428 7.55477e+006 8.57162
405428 7.55477e+006 9.63857
405428 7.55477e+006 9.63858
405428 7.55477e+006 9.63843
405428 7.55477e+006 9.63843
405428 7.55477e+006 9.63827
405428 7.55477e+006 9.63825
405428 7.55477e+006 9.63857
405428 7.55477e+006 9.63843
405428 7.55477e+006 9.63825
405428 7.55477e+006 9.6384
405428 7.55477e+006 9.63857
405428 7.55477e+006 9.63825
405428 7.55477e+006 8.76856
405428 7.55477e+006 8.76839
405428 7.55477e+006 8.57162
405428 7.55477e+006 8.57162
405428 7.55477e+006 8.57187
405428 7.55477e+006 8.76856
405428 7.55477e+006 8.76839
405428 7.55477e+006 8.76824
405428 7.55477e+006 8.57138
405428 7.55477e+006 8.57138
405428 7.55477e+006 8.57162
405428 7.55477e+006 8.76839
405428 7.55477e+006 8.76824
405428 7.55477e+006 8.76826
405428 7.55477e+006 8.57141
405428 7.55477e+006 8.57141
405428 7.55477e+006 8.57138
405428 7.55477e+006 8.76824
405428 7.55477e+006 8.76826
405428 7.55477e+006 8.76843
405428 7.55477e+006 8.57167
405428 7.55477e+006 8.57167
405428 7.55477e+006 8.57141
405428 7.55477e+006 8.76826
405428 7.55477e+006 8.76843
405428 7.55477e+006 8.76858
405429 7.55477e+006 8.5719
405429 7.55477e+006 8.5719
405428 7.55477e+006 8.57167
405428 7.55477e+006 8.76843
405428 7.55477e+006 8.76858
405428 7.55477e+006 8.76856
405428 7.55477e+006 8.57187
405428 7.55477e+006 8.57187
405429 7.55477e+006 8.5719
405428 7.55477e+006 8.76858
405427 7.55477e+006 8.76729
405427 7.55477e+006 8.76746
405427 7.55477e+006 9.63747
405427 7.55477e+006 9.63747
405427 7.55477e+006 9.6373
405427 7.55477e+006 8.76729
405427 7.55477e+006 8.76746
405427 7.55477e+006 8.76748
405427 7.55477e+006 9.63749
405427 7.55477e+006 9.63749
405427 7.55477e+006 9.63747
405427 7.55477e+006 8.76746
405427 7.55477e+006 8.76748
405427 7.55477e+006 8.76733
405427 7.55477e+006 9.63734
405427 7.55477e+006 9.63734
405427 7.55477e+006 9.63749
405427 7.55477e+006 8.76748
405427 7.55477e+006 8.76733
405427 7.55477e+006 8.76716
405427 7.55477e+006 9.63717
405427 7.55477e+006 9.63717
405427 7.55477e+006 9.63734
405427 7.55477e+006 8.76733
405427 7.55477e+006 8.76716
405426 7.55477e+006 8.76715
405426 7.55477e+006 9.63715
405426 7.55477e+006 9.63715
405427 7.55477e+006 9.63717
405427 7.55477e+006 8.76716
405426 7.55477e+006 8.76715
405427 7.55477e+006 8.76729
405427 7.55477e+006 9.6373
405427 7.55477e+006 9.6373
405426 7.55477e+006 9.63715
405426 7.55477e+006 8.76715
405426 7.55477e+006 8.57031
405427 7.55477e+006 8.57057
405427 7.55477e+006 8.57081
405427 7.55477e+006 8.57081
405427 7.55477e+006 8.57078
405426 7.55477e+006 8.57052
405426 7.55477e+006 8.57031
405427 7.55477e+006 8.57081
405426 7.55477e+006 8.57052
405426 7.55477e+006 8.57029
405426 7.55477e+006 8.57031
405426 7.55477e+006 8.57052
405427 7.55477e+006 9.63747
405427 7.55477e+006 9.63749
405427 7.55477e+006 9.63734
405427 7.55477e+006 9.63734
405427 7.55477e+006 9.63717
405426 7.55477e+006 9.63715
405427 7.55477e+006 9.63747
405427 7.55477e+006 9.63734
405426 7.55477e+006 9.63715
405427 7.55477e+006 9.6373
405427 7.55477e+006 9.63747
405426 7.55477e+006 9.63715
405427 7.55477e+006 8.76746
405427 7.55477e+006 8.76729
405426 7.55477e+006 8.57052
405426 7.55477e+006 8.57052
405427 7.55477e+006 8.57078
405427 7.55477e+006 8.76746
405427 7.55477e+006 8.76729
405426 7.55477e+006 8.76715
405426 7.55477e+006 8.57029
405426 7.55477e+006 8.57029
405426 7.55477e+006 8.57052
405427 7.55477e+006 8.76729
405426 7.55477e+006 8.76715
405427 7.55477e+006 8.76716
405426 7.55477e+006 8.57031
405426 7.55477e+006 8.57031
405426 7.55477e+006 8.57029
405426 7.55477e+006 8.76715
405427 7.55477e+006 8.76716
405427 7.55477e+006 8.76733
405427 7.55477e+006 8.57057
405427 7.55477e+006 8.57057
405426 7.55477e+006 8.57031
405427 7.55477e+006 8.76716
405427 7.55477e+006 8.76733
405427 7.55477e+006 8.76748
405427 7.55477e+006 8.57081
405427 7.55477e+006 8.57081
405427 7.55477e+006 8.57057
405427 7.55477e+006 8.76733
405427 7.55477e+006 8.76748
405427 7.55477e+006 8.76746
405427 7.55477e+006 8.57078
405427 7.55477e+006 8.57078
405427 7.55477e+006 8.57081
405427 7.55477e+006 8.76748
405425 7.55477e+006 8.76626
405425 7.55477e+006 8.76643
405425 7.55477e+006 9.63644
405425 7.55477e+006 9.63644
405425 7.55477e+006 9.63627
405425 7.55477e+006 8.76626
405425 7.55477e+006 8.76643
405426 7.55477e+006 8.76645
405426 7.55477e+006 9.63645
405426 7.55477e+006 9.63645
405425 7.55477e+006 9.63644
405425 7.55477e+006 8.76643
405426 7.55477e+006 8.76645
405425 7.55477e+006 8.7663
405425 7.55477e+006 9.6363
405425 7.55477e+006 9.6363
405426 7.55477e+006 9.63645
405426 7.55477e+006 8.76645
405425 7.55477e+006 8.7663
405425 7.55477e+006 8.76613
405425 7.55477e+006 9.63614
405425 7.55477e+006 9.63614
405425 7.55477e+006 9.6363
405425 7.55477e+006 8.7663
405425 7.55477e+006 8.76613
405425 7.55477e+006 8.76611
405425 7.55477e+006 9.63612
405425 7.55477e+006 9.63612
405425 7.55477e+006 9.63614
405425 7.55477e+006 8.76613
405425 7.55477e+006 8.76611
405425 7.55477e+006 8.76626
405425 7.55477e+006 9.63627
405425 7.55477e+006 9.63627
405425 7.55477e+006 9.63612
405425 7.55477e+006 8.76611
405425 7.55477e+006 8.56928
405425 7.55477e+006 8.56954
405426 7.55477e+006 8.56977
405426 7.55477e+006 8.56977
405426 7.55477e+006 8.56975
405425 7.55477e+006 8.56949
405425 7.55477e+006 8.56928
405426 7.55477e+006 8.56977
405425 7.55477e+006 8.56949
405425 7.55477e+006 8.56925
405425 7.55477e+006 8.56928
405425 7.55477e+006 8.56949
405425 7.55477e+006 9.63644
405426 7.55477e+006 9.63645
405425 7.55477e+006 9.6363
405425 7.55477e+006 9.6363
405425 7.55477e+006 9.63614
405425 7.55477e+006 9.63612
405425 7.55477e+006 9.63644
405425 7.55477e+006 9.6363
405425 7.55477e+006 9.63612
405425 7.55477e+006 9.63627
405425 7.55477e+006 9.63644
405425 7.55477e+006 9.63612
405425 7.55477e+006 8.76643
405425 7.55477e+006 8.76626
405425 7.55477e+006 8.56949
405425 7.55477e+006 8.56949
405426 7.55477e+006 8.56975
405425 7.55477e+006 8.76643
405425 7.55477e+006 8.76626
405425 7.55477e+006 8.76611
405425 7.55477e+006 8.56925
405425 7.55477e+006 8.56925
405425 7.55477e+006 8.56949
405425 7.55477e+006 8.76626
405425 7.55477e+006 8.76611
405425 7.55477e+006 8.76613
405425 7.55477e+006 8.56928
405425 7.55477e+006 8.56928
405425 7.55477e+006 8.56925
405425 7.55477e+006 8.76611
405425 7.55477e+006 8.76613
405425 7.55477e+006 8.7663
405425 7.55477e+006 8.56954
405425 7.55477e+006 8.56954
405425 7.55477e+006 8.56928
405425 7.55477e+006 8.76613
405425 7.55477e+006 8.7663
405426 7.55477e+006 8.76645
405426 7.55477e+006 8.56977
405426 7.55477e+006 8.56977
405425 7.55477e+006 8.56954
405425 7.55477e+006 8.7663
405426 7.55477e+006 8.76645
405425 7.55477e+006 8.76643
405426 7.55477e+006 8.56975
405426 7.55477e+006 8.56975
405426 7.55477e+006 8.56977
405426 7.55477e+006 8.76645
405424 7.55477e+006 8.76522
405424 7.55477e+006 8.76539
405424 7.55477e+006 9.6354
405424 7.55477e+006 9.6354
405424 7.55477e+006 9.63523
405424 7.55477e+006 8.76522
405424 7.55477e+006 8.76539
405424 7.55477e+006 8.76541
405424 7.55477e+006 9.63542
405424 7.55477e+006 9.63542
405424 7.55477e+006 9.6354
405424 7.55477e+006 8.76539
405424 7.55477e+006 8.76541
405424 7.55477e+006 8.76526
405424 7.55477e+006 9.63527
405424 7.55477e+006 9.63527
405424 7.55477e+006 9.63542
405424 7.55477e+006 8.76541
405424 7.55477e+006 8.76526
405424 7.55477e+006 8.76509
405424 7.55477e+006 9.6351
405424 7.55477e+006 9.6351
405424 7.55477e+006 9.63527
405424 7.55477e+006 8.76526
405424 7.55477e+006 8.76509
405424 7.55477e+006 8.76507
405424 7.55477e+006 9.63508
405424 7.55477e+006 9.63508
405424 7.55477e+006 9.6351
405424 7.55477e+006 8.76509
405424 7.55477e+006 8.76507
405424 7.55477e+006 8.76522
405424 7.55477e+006 9.63523
405424 7.55477e+006 9.63523
405424 7.55477e+006 9.63508
405424 7.55477e+006 8.76507
405424 7.55477e+006 8.56824
405424 7.55477e+006 8.5685
405424 7.55477e+006 8.56874
405424 7.55477e+006 8.56874
405424 7.55477e+006 8.56871
405424 7.55477e+006 8.56845
405424 7.55477e+006 8.56824
405424 7.55477e+006 8.56874
405424 7.55477e+006 8.56845
405424 7.55477e+006 8.56822
405424 7.55477e+006 8.56824
405424 7.55477e+006 8.56845
405424 7.55477e+006 9.6354
405424 7.55477e+006 9.63542
405424 7.55477e+006 9.63527
405424 7.55477e+006 9.63527
405424 7.55477e+006 9.6351
405424 7.55477e+006 9.63508
405424 7.55477e+006 9.6354
405424 7.55477e+006 9.63527
405424 7.55477e+006 9.63508
405424 7.55477e+006 9.63523
405424 7.55477e+006 9.6354
405424 7.55477e+006 9.63508
405424 7.55477e+006 8.76539
405424 7.55477e+006 8.76522
405424 7.55477e+006 8.56845
405424 7.55477e+006 8.56845
405424 7.55477e+006 8.56871
405424 7.55477e+006 8.76539
405424 7.55477e+006 8.76522
405424 7.55477e+006 8.76507
405424 7.55477e+006 8.56822
405424 7.55477e+006 8.56822
405424 7.55477e+006 8.56845
405424 7.55477e+006 8.76522
405424 7.55477e+006 8.76507
405424 7.55477e+006 8.76509
405424 7.55477e+006 8.56824
405424 7.55477e+006 8.56824
405424 7.55477e+006 8.56822
405424 7.55477e+006 8.76507
405424 7.55477e+006 8.76509
405424 7.55477e+006 8.76526
405424 7.55477e+006 8.5685
405424 7.55477e+006 8.5685
405424 7.55477e+006 8.56824
405424 7.55477e+006 8.76509
405424 7.55477e+006 8.76526
405424 7.55477e+006 8.76541
405424 7.55477e+006 8.56874
405424 7.55477e+006 8.56874
405424 7.55477e+006 8.5685
405424 7.55477e+006 8.76526
405424 7.55477e+006 8.76541
405424 7.55477e+006 8.76539
405424 7.55477e+006 8.56871
405424 7.55477e+006 8.56871
405424 7.55477e+006 8.56874
405424 7.55477e+006 8.76541
405422 7.55477e+006 8.76364
405422 7.55477e+006 8.76381
405422 7.55477e+006 9.63381
405422 7.55477e+006 9.63381
405422 7.55477e+006 9.63365
405422 7.55477e+006 8.76364
405422 7.55477e+006 8.76381
405422 7.55477e+006 8.76382
405422 7.55477e+006 9.63383
405422 7.55477e+006 9.63383
405422 7.55477e+006 9.63381
405422 7.55477e+006 8.76381
405422 7.55477e+006 8.76382
405422 7.55477e+006 8.76367
405422 7.55477e+006 9.63368
405422 7.55477e+006 9.63368
405422 7.55477e+006 9.63383
405422 7.55477e+006 8.76382
405422 7.55477e+006 8.76367
405422 7.55477e+006 8.76351
405422 7.55477e+006 9.63351
405422 7.55477e+006 9.63351
405422 7.55477e+006 9.63368
405422 7.55477e+006 8.76367
405422 7.55477e+006 8.76351
405422 7.55477e+006 8.76349
405422 7.55477e+006 9.6335
405422 7.55477e+006 9.6335
405422 7.55477e+006 9.63351
405422 7.55477e+006 8.76351
405422 7.55477e+006 8.76349
405422 7.55477e+006 8.76364
405422 7.55477e+006 9.63365
405422 7.55477e+006 9.63365
405422 7.55477e+006 9.6335
405422 7.55477e+006 8.76349
405422 7.55477e+006 8.56666
405422 7.55477e+006 8.56692
405422 7.55477e+006 8.56715
405422 7.55477e+006 8.56715
405422 7.55477e+006 8.56712
405422 7.55477e+006 8.56686
405422 7.55477e+006 8.56666
405422 7.55477e+006 8.56715
405422 7.55477e+006 8.56686
405421 7.55477e+006 8.56663
405422 7.55477e+006 8.56666
405422 7.55477e+006 8.56686
405422 7.55477e+006 9.63381
405422 7.55477e+006 9.63383
405422 7.55477e+006 9.63368
405422 7.55477e+006 9.63368
405422 7.55477e+006 9.63351
405422 7.55477e+006 9.6335
405422 7.55477e+006 9.63381
405422 7.55477e+006 9.63368
405422 7.55477e+006 9.6335
405422 7.55477e+006 9.63365
405422 7.55477e+006 9.63381
405422 7.55477e+006 9.6335
405422 7.55477e+006 8.76381
405422 7.55477e+006 8.76364
405422 7.55477e+006 8.56686
405422 7.55477e+006 8.56686
405422 7.55477e+006 8.56712
405422 7.55477e+006 8.76381
405422 7.55477e+006 8.76364
405422 7.55477e+006 8.76349
405421 7.55477e+006 8.56663
405421 7.55477e+006 8.56663
405422 7.55477e+006 8.56686
405422 7.55477e+006 8.76364
405422 7.55477e+006 8.76349
405422 7.55477e+006 8.76351
405422 7.55477e+006 8.56666
405422 7.55477e+006 8.56666
405421 7.55477e+006 8.56663
405422 7.55477e+006 8.76349
405422 7.55477e+006 8.76351
405422 7.55477e+006 8.76367
405422 7.55477e+006 8.56692
405422 7.55477e+006 8.56692
405422 7.55477e+006 8.56666
405422 7.55477e+006 8.76351
405422 7.55477e+006 8.76367
405422 7.55477e+006 8.76382
405422 7.55477e+006 8.56715
405422 7.55477e+006 8.56715
405422 7.55477e+006 8.56692
405422 7.55477e+006 8.76367
405422 7.55477e+006 8.76382
405422 7.55477e+006 8.76381
405422 7.55477e+006 8.56712
405422 7.55477e+006 8.56712
405422 7.55477e+006 8.56715
405422 7.55477e+006 8.76382
405421 7.55477e+006 8.76273
405421 7.55477e+006 8.7629
405421 7.55477e+006 9.63291
405421 7.55477e+006 9.63291
405421 7.55477e+006 9.63274
405421 7.55477e+006 8.76273
405421 7.55477e+006 8.7629
405421 7.55477e+006 8.76292
405421 7.55477e+006 9.63293
405421 7.55477e+006 9.63293
405421 7.55477e+006 9.63291
405421 7.55477e+006 8.7629
405421 7.55477e+006 8.76292
405421 7.55477e+006 8.76277
405421 7.55477e+006 9.63278
405421 7.55477e+006 9.63278
405421 7.55477e+006 9.63293
405421 7.55477e+006 8.76292
405421 7.55477e+006 8.76277
405420 7.55477e+006 8.7626
405420 7.55477e+006 9.63261
405420 7.55477e+006 9.63261
405421 7.55477e+006 9.63278
405421 7.55477e+006 8.76277
405420 7.55477e+006 8.7626
405420 7.55477e+006 8.76258
405420 7.55477e+006 9.63259
405420 7.55477e+006 9.63259
405420 7.55477e+006 9.63261
405420 7.55477e+006 8.7626
405420 7.55477e+006 8.76258
405421 7.55477e+006 8.76273
405421 7.55477e+006 9.63274
405421 7.55477e+006 9.63274
405420 7.55477e+006 9.63259
405420 7.55477e+006 8.76258
405420 7.55477e+006 8.56575
405421 7.55477e+006 8.56601
405421 7.55477e+006 8.56625
405421 7.55477e+006 8.56625
405421 7.55477e+006 8.56622
405420 7.55477e+006 8.56596
405420 7.55477e+006 8.56575
405421 7.55477e+006 8.56625
405420 7.55477e+006 8.56596
405420 7.55477e+006 8.56573
405420 7.55477e+006 8.56575
405420 7.55477e+006 8.56596
405421 7.55477e+006 9.63291
405421 7.55477e+006 9.63293
405421 7.55477e+006 9.63278
405421 7.55477e+006 9.63278
405420 7.55477e+006 9.63261
405420 7.55477e+006 9.63259
405421 7.55477e+006 9.63291
405421 7.55477e+006 9.63278
405420 7.55477e+006 9.63259
405421 7.55477e+006 9.63274
405421 7.55477e+006 9.63291
405420 7.55477e+006 9.63259
405421 7.55477e+006 8.7629
405421 7.55477e+006 8.76273
405420 7.55477e+006 8.56596
405420 7.55477e+006 8.56596
405421 7.55477e+006 8.56622
405421 7.55477e+006 8.7629
405421 7.55477e+006 8.76273
405420 7.55477e+006 8.76258
405420 7.55477e+006 8.56573
405420 7.55477e+006 8.56573
405420 7.55477e+006 8.56596
405421 7.55477e+006 8.76273
405420 7.55477e+006 8.76258
405420 7.55477e+006 8.7626
405420 7.55477e+006 8.56575
405420 7.55477e+006 8.56575
405420 7.55477e+006 8.56573
405420 7.55477e+006 8.76258
405420 7.55477e+006 8.7626
405421 7.55477e+006 8.76277
405421 7.55477e+006 8.56601
405421 7.55477e+006 8.56601
405420 7.55477e+006 8.56575
405420 7.55477e+006 8.7626
405421 7.55477e+006 8.76277
405421 7.55477e+006 8.76292
405421 7.55477e+006 8.56625
405421 7.55477e+006 8.56625
405421 7.55477e+006 8.56601
405421 7.55477e+006 8.76277
405421 7.55477e+006 8.76292
405421 7.55477e+006 8.7629
405421 7.55477e+006 8.56622
405421 7.55477e+006 8.56622
405421 7.55477e+006 8.56625
405421 7.55477e+006 8.76292
405419 7.55477e+006 8.76172
405419 7.55477e+006 8.76188
405419 7.55477e+006 9.63189
405419 7.55477e+006 9.63189
405419 7.55477e+006 9.63172
405419 7.55477e+006 8.76172
405419 7.55477e+006 8.76188
405420 7.55477e+006 8.7619
405420 7.55477e+006 9.63191
405420 7.55477e+006 9.63191
405419 7.55477e+006 9.63189
405419 7.55477e+006 8.76188
405420 7.55477e+006 8.7619
405419 7.55477e+006 8.76175
405419 7.55477e+006 9.63176
405419 7.55477e+006 9.63176
405420 7.55477e+006 9.63191
405420 7.55477e+006 8.7619
405419 7.55477e+006 8.76175
405419 7.55477e+006 8.76158
405419 7.55477e+006 9.63159
405419 7.55477e+006 9.63159
405419 7.55477e+006 9.63176
405419 7.55477e+006 8.76175
405419 7.55477e+006 8.76158
405419 7.55477e+006 8.76157
405419 7.55477e+006 9.63157
405419 7.55477e+006 9.63157
405419 7.55477e+006 9.63159
405419 7.55477e+006 8.76158
405419 7.55477e+006 8.76157
405419 7.55477e+006 8.76172
405419 7.55477e+006 9.63172
405419 7.55477e+006 9.63172
405419 7.55477e+006 9.63157
405419 7.55477e+006 8.76157
405419 7.55477e+006 8.56473
405419 7.55477e+006 8.56499
405420 7.55477e+006 8.56523
405420 7.55477e+006 8.56523
405420 7.55477e+006 8.5652
405419 7.55477e+006 8.56494
405419 7.55477e+006 8.56473
405420 7.55477e+006 8.56523
405419 7.55477e+006 8.56494
405419 7.55477e+006 8.56471
405419 7.55477e+006 8.56473
405419 7.55477e+006 8.56494
405419 7.55477e+006 9.63189
405420 7.55477e+006 9.63191
405419 7.55477e+006 9.63176
405419 7.55477e+006 9.63176
405419 7.55477e+006 9.63159
405419 7.55477e+006 9.63157
405419 7.55477e+006 9.63189
405419 7.55477e+006 9.63176
405419 7.55477e+006 9.63157
405419 7.55477e+006 9.63172
405419 7.55477e+006 9.63189
405419 7.55477e+006 9.63157
405419 7.55477e+006 8.76188
405419 7.55477e+006 8.76172
405419 7.55477e+006 8.56494
405419 7.55477e+006 8.56494
405420 7.55477e+006 8.5652
405419 7.55477e+006 8.76188
405419 7.55477e+006 8.76172
405419 7.55477e+006 8.76157
405419 7.55477e+006 8.56471
405419 7.55477e+006 8.56471
405419 7.55477e+006 8.56494
405419 7.55477e+006 8.76172
405419 7.55477e+006 8.76157
405419 7.55477e+006 8.76158
405419 7.55477e+006 8.56473
405419 7.55477e+006 8.56473
405419 7.55477e+006 8.56471
405419 7.55477e+006 8.76157
405419 7.55477e+006 8.76158
405419 7.55477e+006 8.76175
405419 7.55477e+006 8.56499
405419 7.55477e+006 8.56499
405419 7.55477e+006 8.56473
405419 7.55477e+006 8.76158
405419 7.55477e+006 8.76175
405420 7.55477e+006 8.7619
405420 7.55477e+006 8.56523
405420 7.55477e+006 8.56523
405419 7.55477e+006 8.56499
405419 7.55477e+006 8.76175
405420 7.55477e+006 8.7619
405419 7.55477e+006 8.76188
405420 7.55477e+006 8.5652
405420 7.55477e+006 8.5652
405420 7.55477e+006 8.56523
405420 7.55477e+006 8.7619
405418 7.55477e+006 8.76077
405418 7.55477e+006 8.76093
405418 7.55477e+006 9.63094
405418 7.55477e+006 9.63094
405418 7.55477e+006 9.63077
405418 7.55477e+006 8.76077
405418 7.55477e+006 8.76093
405418 7.55477e+006 8.76095
405418 7.55477e+006 9.63096
405418 7.55477e+006 9.63096
405418 7.55477e+006 9.63094
405418 7.55477e+006 8.76093
405418 7.55477e+006 8.76095
405418 7.55477e+006 8.7608
405418 7.55477e+006 9.63081
405418 7.55477e+006 9.63081
405418 7.55477e+006 9.63096
405418 7.55477e+006 8.76095
405418 7.55477e+006 8.7608
405418 7.55477e+006 8.76063
405418 7.55477e+006 9.63064
405418 7.55477e+006 9.63064
405418 7.55477e+006 9.63081
405418 7.55477e+006 8.7608
405418 7.55477e+006 8.76063
405418 7.55477e+006 8.76062
405418 7.55477e+006 9.63062
405418 7.55477e+006 9.63062
405418 7.55477e+006 9.63064
405418 7.55477e+006 8.76063
405418 7.55477e+006 8.76062
405418 7.55477e+006 8.76077
405418 7.55477e+006 9.63077
405418 7.55477e+006 9.63077
405418 7.55477e+006 9.63062
405418 7.55477e+006 8.76062
405418 7.55477e+006 8.56378
405418 7.55477e+006 8.56404
405418 7.55477e+006 8.56428
405418 7.55477e+006 8.56428
405418 7.55477e+006 8.56425
405418 7.55477e+006 8.56399
405418 7.55477e+006 8.56378
405418 7.55477e+006 8.56428
405418 7.55477e+006 8.56399
405418 7.55477e+006 8.56376
405418 7.55477e+006 8.56378
405418 7.55477e+006 8.56399
405418 7.55477e+006 9.63094
405418 7.55477e+006 9.63096
405418 7.55477e+006 9.63081
405418 7.55477e+006 9.63081
405418 7.55477e+006 9.63064
405418 7.55477e+006 9.63062
405418 7.55477e+006 9.63094
405418 7.55477e+006 9.63081
405418 7.55477e+006 9.63062
405418 7.55477e+006 9.63077
405418 7.55477e+006 9.63094
405418 7.55477e+006 9.63062
405418 7.55477e+006 8.76093
405418 7.55477e+006 8.76077
405418 7.55477e+006 8.56399
405418 7.55477e+006 8.56399
405418 7.55477e+006 8.56425
405418 7.55477e+006 8.76093
405418 7.55477e+006 8.76077
405418 7.55477e+006 8.76062
405418 7.55477e+006 8.56376
405418 7.55477e+006 8.56376
405418 7.55477e+006 8.56399
405418 7.55477e+006 8.76077
405418 7.55477e+006 8.76062
405418 7.55477e+006 8.76063
405418 7.55477e+006 8.56378
405418 7.55477e+006 8.56378
405418 7.55477e+006 8.56376
405418 7.55477e+006 8.76062
405418 7.55477e+006 8.76063
405418 7.55477e+006 8.7608
405418 7.55477e+006 8.56404
405418 7.55477e+006 8.56404
405418 7.55477e+006 8.56378
405418 7.55477e+006 8.76063
405418 7.55477e+006 8.7608
405418 7.55477e+006 8.76095
405418 7.55477e+006 8.56428
405418 7.55477e+006 8.56428
405418 7.55477e+006 8.56404
405418 7.55477e+006 8.7608
405418 7.55477e+006 8.76095
405418 7.55477e+006 8.76093
405418 7.55477e+006 8.56425
405418 7.55477e+006 8.56425
405418 7.55477e+006 8.56428
405418 7.55477e+006 8.76095
405417 7.55477e+006 8.75997
405417 7.55477e+006 8.76014
405417 7.55477e+006 9.63015
405417 7.55477e+006 9.63015
405417 7.55477e+006 9.62998
405417 7.55477e+006 8.75997
405417 7.55477e+006 8.76014
405417 7.55477e+006 8.76016
405417 7.55477e+006 9.63017
405417 7.55477e+006 9.63017
405417 7.55477e+006 9.63015
405417 7.55477e+006 8.76014
405417 7.55477e+006 8.76016
405417 7.55477e+006 8.76001
405417 7.55477e+006 9.63002
405417 7.55477e+006 9.63002
405417 7.55477e+006 9.63017
405417 7.55477e+006 8.76016
405417 7.55477e+006 8.76001
405417 7.55477e+006 8.75984
405417 7.55477e+006 9.62985
405417 7.55477e+006 9.62985
405417 7.55477e+006 9.63002
405417 7.55477e+006 8.76001
405417 7.55477e+006 8.75984
405417 7.55477e+006 8.75982
405417 7.55477e+006 9.62983
405417 7.55477e+006 9.62983
405417 7.55477e+006 9.62985
405417 7.55477e+006 8.75984
405417 7.55477e+006 8.75982
405417 7.55477e+006 8.75997
405417 7.55477e+006 9.62998
405417 7.55477e+006 9.62998
405417 7.55477e+006 9.62983
405417 7.55477e+006 8.75982
405417 7.55477e+006 8.56299
405417 7.55477e+006 8.56325
405417 7.55477e+006 8.56349
405417 7.55477e+006 8.56349
405417 7.55477e+006 8.56346
405417 7.55477e+006 8.5632
405417 7.55477e+006 8.56299
405417 7.55477e+006 8.56349
405417 7.55477e+006 8.5632
405417 7.55477e+006 8.56297
405417 7.55477e+006 8.56299
405417 7.55477e+006 8.5632
405417 7.55477e+006 9.63015
405417 7.55477e+006 9.63017
405417 7.55477e+006 9.63002
405417 7.55477e+006 9.63002
405417 7.55477e+006 9.62985
405417 7.55477e+006 9.62983
405417 7.55477e+006 9.63015
405417 7.55477e+006 9.63002
405417 7.55477e+006 9.62983
405417 7.55477e+006 9.62998
405417 7.55477e+006 9.63015
405417 7.55477e+006 9.62983
405417 7.55477e+006 8.76014
405417 7.55477e+006 8.75997
405417 7.55477e+006 8.5632
405417 7.55477e+006 8.5632
405417 7.55477e+006 8.56346
405417 7.55477e+006 8.76014
405417 7.55477e+006 8.75997
405417 7.55477e+006 8.75982
405417 7.55477e+006 8.56297
405417 7.55477e+006 8.56297
405417 7.55477e+006 8.5632
405417 7.55477e+006 8.75997
405417 7.55477e+006 8.75982
405417 7.55477e+006 8.75984
405417 7.55477e+006 8.56299
405417 7.55477e+006 8.56299
405417 7.55477e+006 8.56297
405417 7.55477e+006 8.75982
405417 7.55477e+006 8.75984
405417 7.55477e+006 8.76001
405417 7.55477e+006 8.56325
405417 7.55477e+006 8.56325
405417 7.55477e+006 8.56299
405417 7.55477e+006 8.75984
405417 7.55477e+006 8.76001
405417 7.55477e+006 8.76016
405417 7.55477e+006 8.56349
405417 7.55477e+006 8.56349
405417 7.55477e+006 8.56325
405417 7.55477e+006 8.76001
405417 7.55477e+006 8.76016
405417 7.55477e+006 8.76014
405417 7.55477e+006 8.56346
405417 7.55477e+006 8.56346
405417 7.55477e+006 8.56349
405417 7.55477e+006 8.76016
405415 7.55477e+006 8.7587
405415 7.55477e+006 8.75887
405415 7.55477e+006 9.62888
405415 7.55477e+006 9.62888
405415 7.55477e+006 9.62871
405415 7.55477e+006 8.7587
405415 7.55477e+006 8.75887
405416 7.55477e+006 8.75889
405416 7.55477e+006 9.62889
405416 7.55477e+006 9.62889
405415 7.55477e+006 9.62888
405415 7.55477e+006 8.75887
405416 7.55477e+006 8.75889
405415 7.55477e+006 8.75874
405415 7.55477e+006 9.62874
405415 7.55477e+006 9.62874
405416 7.55477e+006 9.62889
405416 7.55477e+006 8.75889
405415 7.55477e+006 8.75874
405415 7.55477e+006 8.75857
405415 7.55477e+006 9.62858
405415 7.55477e+006 9.62858
405415 7.55477e+006 9.62874
405415 7.55477e+006 8.75874
405415 7.55477e+006 8.75857
405415 7.55477e+006 8.75855
405415 7.55477e+006 9.62856
405415 7.55477e+006 9.62856
405415 7.55477e+006 9.62858
405415 7.55477e+006 8.75857
405415 7.55477e+006 8.75855
405415 7.55477e+006 8.7587
405415 7.55477e+006 9.62871
405415 7.55477e+006 9.62871
405415 7.55477e+006 9.62856
405415 7.55477e+006 8.75855
405415 7.55477e+006 8.56172
405416 7.55477e+006 8.56198
405416 7.55477e+006 8.56221
405416 7.55477e+006 8.56221
405416 7.55477e+006 8.56219
405415 7.55477e+006 8.56193
405415 7.55477e+006 8.56172
405416 7.55477e+006 8.56221
405415 7.55477e+006 8.56193
405415 7.55477e+006 8.56169
405415 7.55477e+006 8.56172
405415 7.55477e+006 8.56193
405415 7.55477e+006 9.62888
405416 7.55477e+006 9.62889
405415 7.55477e+006 9.62874
405415 7.55477e+006 9.62874
405415 7.55477e+006 9.62858
405415 7.55477e+006 9.62856
405415 7.55477e+006 9.62888
405415 7.55477e+006 9.62874
405415 7.55477e+006 9.62856
405415 7.55477e+006 9.62871
405415 7.55477e+006 9.62888
405415 7.55477e+006 9.62856
405415 7.55477e+006 8.75887
405415 7.55477e+006 8.7587
405415 7.55477e+006 8.56193
405415 7.55477e+006 8.56193
405416 7.55477e+006 8.56219
405415 7.55477e+006 8.75887
405415 7.55477e+006 8.7587
405415 7.55477e+006 8.75855
405415 7.55477e+006 8.56169
405415 7.55477e+006 8.56169
405415 7.55477e+006 8.56193
405415 7.55477e+006 8.7587
405415 7.55477e+006 8.75855
405415 7.55477e+006 8.75857
405415 7.55477e+006 8.56172
405415 7.55477e+006 8.56172
405415 7.55477e+006 8.56169
405415 7.55477e+006 8.75855
405415 7.55477e+006 8.75857
405415 7.55477e+006 8.75874
405416 7.55477e+006 8.56198
405416 7.55477e+006 8.56198
405415 7.55477e+006 8.56172
405415 7.55477e+006 8.75857
405415 7.55477e+006 8.75874
405416 7.55477e+006 8.75889
405416 7.55477e+006 8.56221
405416 7.55477e+006 8.56221
405416 7.55477e+006 8.56198
405415 7.55477e+006 8.75874
405416 7.55477e+006 8.75889
405415 7.55477e+006 8.75887
405416 7.55477e+006 8.56219
405416 7.55477e+006 8.56219
405416 7.55477e+006 8.56221
405416 7.55477e+006 8.75889
405414 7.55477e+006 8.75789
405414 7.55477e+006 8.75805
405414 7.55477e+006 9.62806
405414 7.55477e+006 9.62806
405414 7.55477e+006 9.62789
405414 7.55477e+006 8.75789
405414 7.55477e+006 8.75805
405415 7.55477e+006 8.75807
405415 7.55477e+006 9.62808
405415 7.55477e+006 9.62808
405414 7.55477e+006 9.62806
405414 7.55477e+006 8.75805
405415 7.55477e+006 8.75807
405414 7.55477e+006 8.75792
405414 7.55477e+006 9.62793
405414 7.55477e+006 9.62793
405415 7.55477e+006 9.62808
405415 7.55477e+006 8.75807
405414 7.55477e+006 8.75792
405414 7.55477e+006 8.75775
405414 7.55477e+006 9.62776
405414 7.55477e+006 9.62776
405414 7.55477e+006 9.62793
405414 7.55477e+006 8.75792
405414 7.55477e+006 8.75775
405414 7.55477e+006 8.75774
405414 7.55477e+006 9.62774
405414 7.55477e+006 9.62774
405414 7.55477e+006 9.62776
405414 7.55477e+006 8.75775
405414 7.55477e+006 8.75774
405414 7.55477e+006 8.75789
405414 7.55477e+006 9.62789
405414 7.55477e+006 9.62789
405414 7.55477e+006 9.62774
405414 7.55477e+006 8.75774
405414 7.55477e+006 8.5609
405414 7.55477e+006 8.56116
405415 7.55477e+006 8.5614
405415 7.55477e+006 8.5614
405415 7.55477e+006 8.56137
405414 7.55477e+006 8.56111
405414 7.55477e+006 8.5609
405415 7.55477e+006 8.5614
405414 7.55477e+006 8.56111
405414 7.55477e+006 8.56088
405414 7.55477e+006 8.5609
405414 7.55477e+006 8.56111
405414 7.55477e+006 9.62806
405415 7.55477e+006 9.62808
405414 7.55477e+006 9.62793
405414 7.55477e+006 9.62793
405414 7.55477e+006 9.62776
405414 7.55477e+006 9.62774
405414 7.55477e+006 9.62806
405414 7.55477e+006 9.62793
405414 7.55477e+006 9.62774
405414 7.55477e+006 9.62789
405414 7.55477e+006 9.62806
405414 7.55477e+006 9.62774
405414 7.55477e+006 8.75805
405414 7.55477e+006 8.75789
405414 7.55477e+006 8.56111
405414 7.55477e+006 8.56111
405415 7.55477e+006 8.56137
405414 7.55477e+006 8.75805
405414 7.55477e+006 8.75789
405414 7.55477e+006 8.75774
405414 7.55477e+006 8.56088
405414 7.55477e+006 8.56088
405414 7.55477e+006 8.56111
405414 7.55477e+006 8.75789
405414 7.55477e+006 8.75774
405414 7.55477e+006 8.75775
405414 7.55477e+006 8.5609
405414 7.55477e+006 8.5609
405414 7.55477e+006 8.56088
405414 7.55477e+006 8.75774
405414 7.55477e+006 8.75775
405414 7.55477e+006 8.75792
405414 7.55477e+006 8.56116
405414 7.55477e+006 8.56116
405414 7.55477e+006 8.5609
405414 7.55477e+006 8.75775
405414 7.55477e+006 8.75792
405415 7.55477e+006 8.75807
405415 7.55477e+006 8.5614
405415 7.55477e+006 8.5614
405414 7.55477e+006 8.56116
405414 7.55477e+006 8.75792
405415 7.55477e+006 8.75807
405414 7.55477e+006 8.75805
405415 7.55477e+006 8.56137
405415 7.55477e+006 8.56137
405415 7.55477e+006 8.5614
405415 7.55477e+006 8.75807
405413 7.55477e+006 8.75702
405413 7.55477e+006 8.75718
405413 7.55477e+006 9.62719
405413 7.55477e+006 9.62719
405413 7.55477e+006 9.62702
405413 7.55477e+006 8.75702
405413 7.55477e+006 8.75718
405413 7.55477e+006 8.7572
405413 7.55477e+006 9.62721
405413 7.55477e+006 9.62721
405413 7.55477e+006 9.62719
405413 7.55477e+006 8.75718
405413 7.55477e+006 8.7572
405413 7.55477e+006 8.75705
405413 7.55477e+006 9.62706
405413 7.55477e+006 9.62706
405413 7.55477e+006 9.62721
405413 7.55477e+006 8.7572
405413 7.55477e+006 8.75705
405413 7.55477e+006 8.75688
405413 7.55477e+006 9.62689
405413 7.55477e+006 9.62689
405413 7.55477e+006 9.62706
405413 7.55477e+006 8.75705
405413 7.55477e+006 8.75688
405413 7.55477e+006 8.75687
405413 7.55477e+006 9.62687
405413 7.55477e+006 9.62687
405413 7.55477e+006 9.62689
405413 7.55477e+006 8.75688
405413 7.55477e+006 8.75687
405413 7.55477e+006 8.75702
405413 7.55477e+006 9.62702
405413 7.55477e+006 9.62702
405413 7.55477e+006 9.62687
405413 7.55477e+006 8.75687
405413 7.55477e+006 8.56003
405413 7.55477e+006 8.56029
405414 7.55477e+006 8.56053
405414 7.55477e+006 8.56053
405413 7.55477e+006 8.5605
405413 7.55477e+006 8.56024
405413 7.55477e+006 8.56003
405414 7.55477e+006 8.56053
405413 7.55477e+006 8.56024
405413 7.55477e+006 8.56001
405413 7.55477e+006 8.56003
405413 7.55477e+006 8.56024
405413 7.55477e+006 9.62719
405413 7.55477e+006 9.62721
405413 7.55477e+006 9.62706
405413 7.55477e+006 9.62706
405413 7.55477e+006 9.62689
405413 7.55477e+006 9.62687
405413 7.55477e+006 9.62719
405413 7.55477e+006 9.62706
405413 7.55477e+006 9.62687
405413 7.55477e+006 9.62702
405413 7.55477e+006 9.62719
405413 7.55477e+006 9.62687
405413 7.55477e+006 8.75718
405413 7.55477e+006 8.75702
405413 7.55477e+006 8.56024
405413 7.55477e+006 8.56024
405413 7.55477e+006 8.5605
405413 7.55477e+006 8.75718
405413 7.55477e+006 8.75702
405413 7.55477e+006 8.75687
405413 7.55477e+006 8.56001
405413 7.55477e+006 8.56001
405413 7.55477e+006 8.56024
405413 7.55477e+006 8.75702
405413 7.55477e+006 8.75687
405413 7.55477e+006 8.75688
405413 7.55477e+006 8.56003
405413 7.55477e+006 8.56003
405413 7.55477e+006 8.56001
405413 7.55477e+006 8.75687
405413 7.55477e+006 8.75688
405413 7.55477e+006 8.75705
405413 7.55477e+006 8.56029
405413 7.55477e+006 8.56029
405413 7.55477e+006 8.56003
405413 7.55477e+006 8.75688
405413 7.55477e+006 8.75705
405413 7.55477e+006 8.7572
405414 7.55477e+006 8.56053
405414 7.55477e+006 8.56053
405413 7.55477e+006 8.56029
405413 7.55477e+006 8.75705
405413 7.55477e+006 8.7572
405413 7.55477e+006 8.75718
405413 7.55477e+006 8.5605
405413 7.55477e+006 8.5605
405414 7.55477e+006 8.56053
405413 7.55477e+006 8.7572
405412 7.55477e+006 8.75623
405412 7.55477e+006 8.7564
405412 7.55477e+006 9.62641
405412 7.55477e+006 9.62641
405412 7.55477e+006 9.62624
405412 7.55477e+006 8.75623
405412 7.55477e+006 8.7564
405412 7.55477e+006 8.75642
405412 7.55477e+006 9.62643
405412 7.55477e+006 9.62643
405412 7.55477e+006 9.62641
405412 7.55477e+006 8.7564
405412 7.55477e+006 8.75642
405412 7.55477e+006 8.75627
405412 7.55477e+006 9.62628
405412 7.55477e+006 9.62628
405412 7.55477e+006 9.62643
405412 7.55477e+006 8.75642
405412 7.55477e+006 8.75627
405412 7.55477e+006 8.7561
405412 7.55477e+006 9.62611
405412 7.55477e+006 9.62611
405412 7.55477e+006 9.62628
405412 7.55477e+006 8.75627
405412 7.55477e+006 8.7561
405412 7.55477e+006 8.75608
405412 7.55477e+006 9.62609
405412 7.55477e+006 9.62609
405412 7.55477e+006 9.62611
405412 7.55477e+006 8.7561
405412 7.55477e+006 8.75608
405412 7.55477e+006 8.75623
405412 7.55477e+006 9.62624
405412 7.55477e+006 9.62624
405412 7.55477e+006 9.62609
405412 7.55477e+006 8.75608
405412 7.55477e+006 8.55925
405412 7.55477e+006 8.55951
405413 7.55477e+006 8.55974
405413 7.55477e+006 8.55974
405412 7.55477e+006 8.55972
405412 7.55477e+006 8.55946
405412 7.55477e+006 8.55925
405413 7.55477e+006 8.55974
405412 7.55477e+006 8.55946
405412 7.55477e+006 8.55923
405412 7.55477e+006 8.55925
405412 7.55477e+006 8.55946
405412 7.55477e+006 9.62641
405412 7.55477e+006 9.62643
405412 7.55477e+006 9.62628
405412 7.55477e+006 9.62628
405412 7.55477e+006 9.62611
405412 7.55477e+006 9.62609
405412 7.55477e+006 9.62641
405412 7.55477e+006 9.62628
405412 7.55477e+006 9.62609
405412 7.55477e+006 9.62624
405412 7.55477e+006 9.62641
405412 7.55477e+006 9.62609
405412 7.55477e+006 8.7564
405412 7.55477e+006 8.75623
405412 7.55477e+006 8.55946
405412 7.55477e+006 8.55946
405412 7.55477e+006 8.55972
405412 7.55477e+006 8.7564
405412 7.55477e+006 8.75623
405412 7.55477e+006 8.75608
405412 7.55477e+006 8.55923
405412 7.55477e+006 8.55923
405412 7.55477e+006 8.55946
405412 7.55477e+006 8.75623
405412 7.55477e+006 8.75608
405412 7.55477e+006 8.7561
405412 7.55477e+006 8.55925
405412 7.55477e+006 8.55925
405412 7.55477e+006 8.55923
405412 7.55477e+006 8.75608
405412 7.55477e+006 8.7561
405412 7.55477e+006 8.75627
405412 7.55477e+006 8.55951
405412 7.55477e+006 8.55951
405412 7.55477e+006 8.55925
405412 7.55477e+006 8.7561
405412 7.55477e+006 8.75627
405412 7.55477e+006 8.75642
405413 7.55477e+006 8.55974
405413 7.55477e+006 8.55974
405412 7.55477e+006 8.55951
405412 7.55477e+006 8.75627
405412 7.55477e+006 8.75642
405412 7.55477e+006 8.7564
405412 7.55477e+006 8.55972
405412 7.55477e+006 8.55972
405413 7.55477e+006 8.55974
405412 7.55477e+006 8.75642
405411 7.55477e+006 8.75551
405411 7.55477e+006 8.75568
405411 7.55477e+006 9.62568
405411 7.55477e+006 9.62568
405411 7.55477e+006 9.62552
405411 7.55477e+006 8.75551
405411 7.55477e+006 8.75568
405411 7.55477e+006 8.75569
405411 7.55477e+006 9.6257
405411 7.55477e+006 9.6257
405411 7.55477e+006 9.62568
405411 7.55477e+006 8.75568
405411 7.55477e+006 8.75569
405411 7.55477e+006 8.75554
405411 7.55477e+006 9.62555
405411 7.55477e+006 9.62555
405411 7.55477e+006 9.6257
405411 7.55477e+006 8.75569
405411 7.55477e+006 8.75554
405411 7.55477e+006 8.75538
405411 7.55477e+006 9.62538
405411 7.55477e+006 9.62538
405411 7.55477e+006 9.62555
405411 7.55477e+006 8.75554
405411 7.55477e+006 8.75538
405411 7.55477e+006 8.75536
405411 7.55477e+006 9.62537
405411 7.55477e+006 9.62537
405411 7.55477e+006 9.62538
405411 7.55477e+006 8.75538
405411 7.55477e+006 8.75536
405411 7.55477e+006 8.75551
405411 7.55477e+006 9.62552
405411 7.55477e+006 9.62552
405411 7.55477e+006 9.62537
405411 7.55477e+006 8.75536
405411 7.55477e+006 8.55853
405411 7.55477e+006 8.55879
405412 7.55477e+006 8.55902
405412 7.55477e+006 8.55902
405411 7.55477e+006 8.55899
405411 7.55477e+006 8.55873
405411 7.55477e+006 8.55853
405412 7.55477e+006 8.55902
405411 7.55477e+006 8.55873
405411 7.55477e+006 8.5585
405411 7.55477e+006 8.55853
405411 7.55477e+006 8.55873
405411 7.55477e+006 9.62568
405411 7.55477e+006 9.6257
405411 7.55477e+006 9.62555
405411 7.55477e+006 9.62555
405411 7.55477e+006 9.62538
405411 7.55477e+006 9.62537
405411 7.55477e+006 9.62568
405411 7.55477e+006 9.62555
405411 7.55477e+006 9.62537
405411 7.55477e+006 9.62552
405411 7.55477e+006 9.62568
405411 7.55477e+006 9.62537
405411 7.55477e+006 8.75568
405411 7.55477e+006 8.75551
405411 7.55477e+006 8.55873
405411 7.55477e+006 8.55873
405411 7.55477e+006 8.55899
405411 7.55477e+006 8.75568
405411 7.55477e+006 8.75551
405411 7.55477e+006 8.75536
405411 7.55477e+006 8.5585
405411 7.55477e+006 8.5585
405411 7.55477e+006 8.55873
405411 7.55477e+006 8.75551
405411 7.55477e+006 8.75536
405411 7.55477e+006 8.75538
405411 7.55477e+006 8.55853
405411 7.55477e+006 8.55853
405411 7.55477e+006 8.5585
405411 7.55477e+006 8.75536
405411 7.55477e+006 8.75538
405411 7.55477e+006 8.75554
405411 7.55477e+006 8.55879
405411 7.55477e+006 8.55879
405411 7.55477e+006 8.55853
405411 7.55477e+006 8.75538
405411 7.55477e+006 8.75554
405411 7.55477e+006 8.75569
405412 7.55477e+006 8.55902
405412 7.55477e+006 8.55902
405411 7.55477e+006 8.55879
405411 7.55477e+006 8.75554
405411 7.55477e+006 8.75569
405411 7.55477e+006 8.75568
405411 7.55477e+006 8.55899
405411 7.55477e+006 8.55899
405412 7.55477e+006 8.55902
405411 7.55477e+006 8.75569
405410 7.55477e+006 8.75474
405410 7.55477e+006 8.75491
405410 7.55477e+006 9.62492
405410 7.55477e+006 9.62492
405410 7.55477e+006 9.62475
405410 7.55477e+006 8.75474
405410 7.55477e+006 8.75491
405410 7.55477e+006 8.75493
405410 7.55477e+006 9.62494
405410 7.55477e+006 9.62494
405410 7.55477e+006 9.62492
405410 7.55477e+006 8.75491
405410 7.55477e+006 8.75493
405410 7.55477e+006 8.75478
405410 7.55477e+006 9.62479
405410 7.55477e+006 9.62479
405410 7.55477e+006 9.62494
405410 7.55477e+006 8.75493
405410 7.55477e+006 8.75478
405410 7.55477e+006 8.75461
405410 7.55477e+006 9.62462
405410 7.55477e+006 9.62462
405410 7.55477e+006 9.62479
405410 7.55477e+006 8.75478
405410 7.55477e+006 8.75461
405410 7.55477e+006 8.75459
405410 7.55477e+006 9.6246
405410 7.55477e+006 9.6246
405410 7.55477e+006 9.62462
405410 7.55477e+006 8.75461
405410 7.55477e+006 8.75459
405410 7.55477e+006 8.75474
405410 7.55477e+006 9.62475
405410 7.55477e+006 9.62475
405410 7.55477e+006 9.6246
405410 7.55477e+006 8.75459
405410 7.55477e+006 8.55776
405410 7.55477e+006 8.55802
405411 7.55477e+006 8.55826
405411 7.55477e+006 8.55826
405410 7.55477e+006 8.55823
405410 7.55477e+006 8.55797
405410 7.55477e+006 8.55776
405411 7.55477e+006 8.55826
405410 7.55477e+006 8.55797
405410 7.55477e+006 8.55774
405410 7.55477e+006 8.55776
405410 7.55477e+006 8.55797
405410 7.55477e+006 9.62492
405410 7.55477e+006 9.62494
405410 7.55477e+006 9.62479
405410 7.55477e+006 9.62479
405410 7.55477e+006 9.62462
405410 7.55477e+006 9.6246
405410 7.55477e+006 9.62492
405410 7.55477e+006 9.62479
405410 7.55477e+006 9.6246
405410 7.55477e+006 9.62475
405410 7.55477e+006 9.62492
405410 7.55477e+006 9.6246
405410 7.55477e+006 8.75491
405410 7.55477e+006 8.75474
405410 7.55477e+006 8.55797
405410 7.55477e+006 8.55797
405410 7.55477e+006 8.55823
405410 7.55477e+006 8.75491
405410 7.55477e+006 8.75474
405410 7.55477e+006 8.75459
405410 7.55477e+006 8.55774
405410 7.55477e+006 8.55774
405410 7.55477e+006 8.55797
405410 7.55477e+006 8.75474
405410 7.55477e+006 8.75459
405410 7.55477e+006 8.75461
405410 7.55477e+006 8.55776
405410 7.55477e+006 8.55776
405410 7.55477e+006 8.55774
405410 7.55477e+006 8.75459
405410 7.55477e+006 8.75461
405410 7.55477e+006 8.75478
405410 7.55477e+006 8.55802
405410 7.55477e+006 8.55802
405410 7.55477e+006 8.55776
405410 7.55477e+006 8.75461
405410 7.55477e+006 8.75478
405410 7.55477e+006 8.75493
405411 7.55477e+006 8.55826
405411 7.55477e+006 8.55826
405410 7.55477e+006 8.55802
405410 7.55477e+006 8.75478
405410 7.55477e+006 8.75493
405410 7.55477e+006 8.75491
405410 7.55477e+006 8.55823
405410 7.55477e+006 8.55823
405411 7.55477e+006 8.55826
405410 7.55477e+006 8.75493
405409 7.55477e+006 8.75399
405409 7.55477e+006 8.75416
405409 7.55477e+006 9.62416
405409 7.55477e+006 9.62416
405409 7.55477e+006 9.624
405409 7.55477e+006 8.75399
405409 7.55477e+006 8.75416
405409 7.55477e+006 8.75417
405409 7.55477e+006 9.62418
405409 7.55477e+006 9.62418
405409 7.55477e+006 9.62416
405409 7.55477e+006 8.75416
405409 7.55477e+006 8.75417
405409 7.55477e+006 8.75402
405409 7.55477e+006 9.62403
405409 7.55477e+006 9.62403
405409 7.55477e+006 9.62418
405409 7.55477e+006 8.75417
405409 7.55477e+006 8.75402
405409 7.55477e+006 8.75386
405409 7.55477e+006 9.62386
405409 7.55477e+006 9.62386
405409 7.55477e+006 9.62403
405409 7.55477e+006 8.75402
405409 7.55477e+006 8.75386
405409 7.55477e+006 8.75384
405409 7.55477e+006 9.62385
405409 7.55477e+006 9.62385
405409 7.55477e+006 9.62386
405409 7.55477e+006 8.75386
405409 7.55477e+006 8.75384
405409 7.55477e+006 8.75399
405409 7.55477e+006 9.624
405409 7.55477e+006 9.624
405409 7.55477e+006 9.62385
405409 7.55477e+006 8.75384
405409 7.55477e+006 8.55701
405409 7.55477e+006 8.55727
405410 7.55477e+006 8.5575
405410 7.55477e+006 8.5575
405409 7.55477e+006 8.55747
405409 7.55477e+006 8.55721
405409 7.55477e+006 8.55701
405410 7.55477e+006 8.5575
405409 7.55477e+006 8.55721
405409 7.55477e+006 8.55698
405409 7.55477e+006 8.55701
405409 7.55477e+006 8.55721
405409 7.55477e+006 9.62416
405409 7.55477e+006 9.62418
405409 7.55477e+006 9.62403
405409 7.55477e+006 9.62403
405409 7.55477e+006 9.62386
405409 7.55477e+006 9.62385
405409 7.55477e+006 9.62416
405409 7.55477e+006 9.62403
405409 7.55477e+006 9.62385
405409 7.55477e+006 9.624
405409 7.55477e+006 9.62416
405409 7.55477e+006 9.62385
405409 7.55477e+006 8.75416
405409 7.55477e+006 8.75399
405409 7.55477e+006 8.55721
405409 7.55477e+006 8.55721
405409 7.55477e+006 8.55747
405409 7.55477e+006 8.75416
405409 7.55477e+006 8.75399
405409 7.55477e+006 8.75384
405409 7.55477e+006 8.55698
405409 7.55477e+006 8.55698
405409 7.55477e+006 8.55721
405409 7.55477e+006 8.75399
405409 7.55477e+006 8.75384
405409 7.55477e+006 8.75386
405409 7.55477e+006 8.55701
405409 7.55477e+006 8.55701
405409 7.55477e+006 8.55698
405409 7.55477e+006 8.75384
405409 7.55477e+006 8.75386
405409 7.55477e+006 8.75402
405409 7.55477e+006 8.55727
405409 7.55477e+006 8.55727
405409 7.55477e+006 8.55701
405409 7.55477e+006 8.75386
405409 7.55477e+006 8.75402
405409 7.55477e+006 8.75417
405410 7.55477e+006 8.5575
405410 7.55477e+006 8.5575
405409 7.55477e+006 8.55727
405409 7.55477e+006 8.75402
405409 7.55477e+006 8.75417
405409 7.55477e+006 8.75416
405409 7.55477e+006 8.55747
405409 7.55477e+006 8.55747
405410 7.55477e+006 8.5575
405409 7.55477e+006 8.75417
405408 7.55477e+006 8.75334
405408 7.55477e+006 8.75351
405408 7.55477e+006 9.62352
405408 7.55477e+006 9.62352
405408 7.55477e+006 9.62335
405408 7.55477e+006 8.75334
405408 7.55477e+006 8.75351
405409 7.55477e+006 8.75353
405409 7.55477e+006 9.62354
405409 7.55477e+006 9.62354
405408 7.55477e+006 9.62352
405408 7.55477e+006 8.75351
405409 7.55477e+006 8.75353
405408 7.55478e+006 8.75338
405408 7.55478e+006 9.62339
405408 7.55478e+006 9.62339
405409 7.55477e+006 9.62354
405409 7.55477e+006 8.75353
405408 7.55478e+006 8.75338
405408 7.55478e+006 8.75321
405408 7.55478e+006 9.62322
405408 7.55478e+006 9.62322
405408 7.55478e+006 9.62339
405408 7.55478e+006 8.75338
405408 7.55478e+006 8.75321
405408 7.55477e+006 8.75319
405408 7.55477e+006 9.6232
405408 7.55477e+006 9.6232
405408 7.55478e+006 9.62322
405408 7.55478e+006 8.75321
405408 7.55477e+006 8.75319
405408 7.55477e+006 8.75334
405408 7.55477e+006 9.62335
405408 7.55477e+006 9.62335
405408 7.55477e+006 9.6232
405408 7.55477e+006 8.75319
405408 7.55478e+006 8.55636
405408 7.55478e+006 8.55662
405409 7.55477e+006 8.55686
405409 7.55477e+006 8.55686
405409 7.55477e+006 8.55683
405408 7.55477e+006 8.55657
405408 7.55478e+006 8.55636
405409 7.55477e+006 8.55686
405408 7.55477e+006 8.55657
405408 7.55477e+006 8.55634
405408 7.55478e+006 8.55636
405408 7.55477e+006 8.55657
405408 7.55477e+006 9.62352
405409 7.55477e+006 9.62354
405408 7.55478e+006 9.62339
405408 7.55478e+006 9.62339
405408 7.55478e+006 9.62322
405408 7.55477e+006 9.6232
405408 7.55477e+006 9.62352
405408 7.55478e+006 9.62339
405408 7.55477e+006 9.6232
405408 7.55477e+006 9.62335
405408 7.55477e+006 9.62352
405408 7.55477e+006 9.6232
405408 7.55477e+006 8.75351
405408 7.55477e+006 8.75334
405408 7.55477e+006 8.55657
405408 7.55477e+006 8.55657
405409 7.55477e+006 8.55683
405408 7.55477e+006 8.75351
405408 7.55477e+006 8.75334
405408 7.55477e+006 8.75319
405408 7.55477e+006 8.55634
405408 7.55477e+006 8.55634
405408 7.55477e+006 8.55657
405408 7.55477e+006 8.75334
405408 7.55477e+006 8.75319
405408 7.55478e+006 8.75321
405408 7.55478e+006 8.55636
405408 7.55478e+006 8.55636
405408 7.55477e+006 8.55634
405408 7.55477e+006 8.75319
405408 7.55478e+006 8.75321
405408 7.55478e+006 8.75338
405408 7.55478e+006 8.55662
405408 7.55478e+006 8.55662
405408 7.55478e+006 8.55636
405408 7.55478e+006 8.75321
405408 7.55478e+006 8.75338
405409 7.55477e+006 8.75353
405409 7.55477e+006 8.55686
405409 7.55477e+006 8.55686
405408 7.55478e+006 8.55662
405408 7.55478e+006 8.75338
405409 7.55477e+006 8.75353
405408 7.55477e+006 8.75351
405409 7.55477e+006 8.55683
405409 7.55477e+006 8.55683
405409 7.55477e+006 8.55686
405409 7.55477e+006 8.75353
405407 7.55477e+006 8.75266
405408 7.55477e+006 8.75283
405408 7.55477e+006 9.62284
405408 7.55477e+006 9.62284
405407 7.55477e+006 9.62267
405407 7.55477e+006 8.75266
405408 7.55477e+006 8.75283
405408 7.55478e+006 8.75285
405408 7.55478e+006 9.62286
405408 7.55478e+006 9.62286
405408 7.55477e+006 9.62284
405408 7.55477e+006 8.75283
405408 7.55478e+006 8.75285
405408 7.55478e+006 8.7527
405408 7.55478e+006 9.62271
405408 7.55478e+006 9.62271
405408 7.55478e+006 9.62286
405408 7.55478e+006 8.75285
405408 7.55478e+006 8.7527
405407 7.55478e+006 8.75253
405407 7.55478e+006 9.62254
405407 7.55478e+006 9.62254
405408 7.55478e+006 9.62271
405408 7.55478e+006 8.7527
405407 7.55478e+006 8.75253
405407 7.55478e+006 8.75251
405407 7.55478e+006 9.62252
405407 7.55478e+006 9.62252
405407 7.55478e+006 9.62254
405407 7.55478e+006 8.75253
405407 7.55478e+006 8.75251
405407 7.55477e+006 8.75266
405407 7.55477e+006 9.62267
405407 7.55477e+006 9.62267
405407 7.55478e+006 9.62252
405407 7.55478e+006 8.75251
405407 7.55478e+006 8.55568
405408 7.55478e+006 8.55594
405408 7.55478e+006 8.55618
405408 7.55478e+006 8.55618
405408 7.55477e+006 8.55615
405407 7.55477e+006 8.55589
405407 7.55478e+006 8.55568
405408 7.55478e+006 8.55618
405407 7.55477e+006 8.55589
405407 7.55478e+006 8.55565
405407 7.55478e+006 8.55568
405407 7.55477e+006 8.55589
405408 7.55477e+006 9.62284
405408 7.55478e+006 9.62286
405408 7.55478e+006 9.62271
405408 7.55478e+006 9.62271
405407 7.55478e+006 9.62254
405407 7.55478e+006 9.62252
405408 7.55477e+006 9.62284
405408 7.55478e+006 9.62271
405407 7.55478e+006 9.62252
405407 7.55477e+006 9.62267
405408 7.55477e+006 9.62284
405407 7.55478e+006 9.62252
405408 7.55477e+006 8.75283
405407 7.55477e+006 8.75266
405407 7.55477e+006 8.55589
405407 7.55477e+006 8.55589
405408 7.55477e+006 8.55615
405408 7.55477e+006 8.75283
405407 7.55477e+006 8.75266
405407 7.55478e+006 8.75251
405407 7.55478e+006 8.55565
405407 7.55478e+006 8.55565
405407 7.55477e+006 8.55589
405407 7.55477e+006 8.75266
405407 7.55478e+006 8.75251
405407 7.55478e+006 8.75253
405407 7.55478e+006 8.55568
405407 7.55478e+006 8.55568
405407 7.55478e+006 8.55565
405407 7.55478e+006 8.75251
405407 7.55478e+006 8.75253
405408 7.55478e+006 8.7527
405408 7.55478e+006 8.55594
405408 7.55478e+006 8.55594
405407 7.55478e+006 8.55568
405407 7.55478e+006 8.75253
405408 7.55478e+006 8.7527
405408 7.55478e+006 8.75285
405408 7.55478e+006 8.55618
405408 7.55478e+006 8.55618
405408 7.55478e+006 8.55594
405408 7.55478e+006 8.7527
405408 7.55478e+006 8.75285
405408 7.55477e+006 8.75283
405408 7.55477e+006 8.55615
405408 7.55477e+006 8.55615
405408 7.55478e+006 8.55618
405408 7.55478e+006 8.75285
405406 7.55478e+006 8.75194
405407 7.55478e+006 8.75211
405407 7.55478e+006 9.62211
405407 7.55478e+006 9.62211
405406 7.55478e+006 9.62195
405406 7.55478e+006 8.75194
405407 7.55478e+006 8.75211
405407 7.55478e+006 8.75212
405407 7.55478e+006 9.62213
405407 7.55478e+006 9.62213
405407 7.55478e+006 9.62211
405407 7.55478e+006 8.75211
405407 7.55478e+006 8.75212
405407 7.55478e+006 8.75197
405407 7.55478e+006 9.62198
405407 7.55478e+006 9.62198
405407 7.55478e+006 9.62213
405407 7.55478e+006 8.75212
405407 7.55478e+006 8.75197
405406 7.55478e+006 8.75181
405406 7.55478e+006 9.62181
405406 7.55478e+006 9.62181
405407 7.55478e+006 9.62198
405407 7.55478e+006 8.75197
405406 7.55478e+006 8.75181
405406 7.55478e+006 8.75179
405406 7.55478e+006 9.6218
405406 7.55478e+006 9.6218
405406 7.55478e+006 9.62181
405406 7.55478e+006 8.75181
405406 7.55478e+006 8.75179
405406 7.55478e+006 8.75194
405406 7.55478e+006 9.62195
405406 7.55478e+006 9.62195
405406 7.55478e+006 9.6218
405406 7.55478e+006 8.75179
405406 7.55478e+006 8.55496
405407 7.55478e+006 8.55522
405407 7.55478e+006 8.55545
405407 7.55478e+006 8.55545
405407 7.55478e+006 8.55542
405406 7.55478e+006 8.55516
405406 7.55478e+006 8.55496
405407 7.55478e+006 8.55545
405406 7.55478e+006 8.55516
405406 7.55478e+006 8.55493
405406 7.55478e+006 8.55496
405406 7.55478e+006 8.55516
405407 7.55478e+006 9.62211
405407 7.55478e+006 9.62213
405407 7.55478e+006 9.62198
405407 7.55478e+006 9.62198
405406 7.55478e+006 9.62181
405406 7.55478e+006 9.6218
405407 7.55478e+006 9.62211
405407 7.55478e+006 9.62198
405406 7.55478e+006 9.6218
405406 7.55478e+006 9.62195
405407 7.55478e+006 9.62211
405406 7.55478e+006 9.6218
405407 7.55478e+006 8.75211
405406 7.55478e+006 8.75194
405406 7.55478e+006 8.55516
405406 7.55478e+006 8.55516
405407 7.55478e+006 8.55542
405407 7.55478e+006 8.75211
405406 7.55478e+006 8.75194
405406 7.55478e+006 8.75179
405406 7.55478e+006 8.55493
405406 7.55478e+006 8.55493
405406 7.55478e+006 8.55516
405406 7.55478e+006 8.75194
405406 7.55478e+006 8.75179
405406 7.55478e+006 8.75181
405406 7.55478e+006 8.55496
405406 7.55478e+006 8.55496
405406 7.55478e+006 8.55493
405406 7.55478e+006 8.75179
405406 7.55478e+006 8.75181
405407 7.55478e+006 8.75197
405407 7.55478e+006 8.55522
405407 7.55478e+006 8.55522
405406 7.55478e+006 8.55496
405406 7.55478e+006 8.75181
405407 7.55478e+006 8.75197
405407 7.55478e+006 8.75212
405407 7.55478e+006 8.55545
405407 7.55478e+006 8.55545
405407 7.55478e+006 8.55522
405407 7.55478e+006 8.75197
405407 7.55478e+006 8.75212
405407 7.55478e+006 8.75211
405407 7.55478e+006 8.55542
405407 7.55478e+006 8.55542
405407 7.55478e+006 8.55545
405407 7.55478e+006 8.75212
405405 7.55478e+006 8.75113
405406 7.55478e+006 8.75129
405406 7.55478e+006 9.6213
405406 7.55478e+006 9.6213
405405 7.55478e+006 9.62113
405405 7.55478e+006 8.75113
405406 7.55478e+006 8.75129
405406 7.55478e+006 8.75131
405406 7.55478e+006 9.62132
405406 7.55478e+006 9.62132
405406 7.55478e+006 9.6213
405406 7.55478e+006 8.75129
405406 7.55478e+006 8.75131
405405 7.55478e+006 8.75116
405405 7.55478e+006 9.62117
405405 7.55478e+006 9.62117
405406 7.55478e+006 9.62132
405406 7.55478e+006 8.75131
405405 7.55478e+006 8.75116
405405 7.55478e+006 8.75099
405405 7.55478e+006 9.621
405405 7.55478e+006 9.621
405405 7.55478e+006 9.62117
405405 7.55478e+006 8.75116
405405 7.55478e+006 8.75099
405405 7.55478e+006 8.75098
405405 7.55478e+006 9.62098
405405 7.55478e+006 9.62098
405405 7.55478e+006 9.621
405405 7.55478e+006 8.75099
405405 7.55478e+006 8.75098
405405 7.55478e+006 8.75113
405405 7.55478e+006 9.62113
405405 7.55478e+006 9.62113
405405 7.55478e+006 9.62098
405405 7.55478e+006 8.75098
405405 7.55478e+006 8.55414
405406 7.55478e+006 8.5544
405406 7.55478e+006 8.55464
405406 7.55478e+006 8.55464
405406 7.55478e+006 8.55461
405405 7.55478e+006 8.55435
405405 7.55478e+006 8.55414
405406 7.55478e+006 8.55464
405405 7.55478e+006 8.55435
405405 7.55478e+006 8.55412
405405 7.55478e+006 8.55414
405405 7.55478e+006 8.55435
405406 7.55478e+006 9.6213
405406 7.55478e+006 9.62132
405405 7.55478e+006 9.62117
405405 7.55478e+006 9.62117
405405 7.55478e+006 9.621
405405 7.55478e+006 9.62098
405406 7.55478e+006 9.6213
405405 7.55478e+006 9.62117
405405 7.55478e+006 9.62098
405405 7.55478e+006 9.62113
405406 7.55478e+006 9.6213
405405 7.55478e+006 9.62098
405406 7.55478e+006 8.75129
405405 7.55478e+006 8.75113
405405 7.55478e+006 8.55435
405405 7.55478e+006 8.55435
405406 7.55478e+006 8.55461
405406 7.55478e+006 8.75129
405405 7.55478e+006 8.75113
405405 7.55478e+006 8.75098
405405 7.55478e+006 8.55412
405405 7.55478e+006 8.55412
405405 7.55478e+006 8.55435
405405 7.55478e+006 8.75113
405405 7.55478e+006 8.75098
405405 7.55478e+006 8.75099
405405 7.55478e+006 8.55414
405405 7.55478e+006 8.55414
405405 7.55478e+006 8.55412
405405 7.55478e+006 8.75098
405405 7.55478e+006 8.75099
405405 7.55478e+006 8.75116
405406 7.55478e+006 8.5544
405406 7.55478e+006 8.5544
405405 7.55478e+006 8.55414
405405 7.55478e+006 8.75099
405405 7.55478e+006 8.75116
405406 7.55478e+006 8.75131
405406 7.55478e+006 8.55464
405406 7.55478e+006 8.55464
405406 7.55478e+006 8.5544
405405 7.55478e+006 8.75116
405406 7.55478e+006 8.75131
405406 7.55478e+006 8.75129
405406 7.55478e+006 8.55461
405406 7.55478e+006 8.55461
405406 7.55478e+006 8.55464
405406 7.55478e+006 8.75131
405403 7.55478e+006 8.74969
405404 7.55478e+006 8.74986
405404 7.55478e+006 9.61986
405404 7.55478e+006 9.61986
405403 7.55478e+006 9.6197
405403 7.55478e+006 8.74969
405404 7.55478e+006 8.74986
405404 7.55478e+006 8.74987
405404 7.55478e+006 9.61988
405404 7.55478e+006 9.61988
405404 7.55478e+006 9.61986
405404 7.55478e+006 8.74986
405404 7.55478e+006 8.74987
405404 7.55478e+006 8.74972
405404 7.55478e+006 9.61973
405404 7.55478e+006 9.61973
405404 7.55478e+006 9.61988
405404 7.55478e+006 8.74987
405404 7.55478e+006 8.74972
405403 7.55478e+006 8.74956
405403 7.55478e+006 9.61956
405403 7.55478e+006 9.61956
405404 7.55478e+006 9.61973
405404 7.55478e+006 8.74972
405403 7.55478e+006 8.74956
405403 7.55478e+006 8.74954
405403 7.55478e+006 9.61955
405403 7.55478e+006 9.61955
405403 7.55478e+006 9.61956
405403 7.55478e+006 8.74956
405403 7.55478e+006 8.74954
405403 7.55478e+006 8.74969
405403 7.55478e+006 9.6197
405403 7.55478e+006 9.6197
405403 7.55478e+006 9.61955
405403 7.55478e+006 8.74954
405403 7.55478e+006 8.55271
405404 7.55478e+006 8.55297
405404 7.55478e+006 8.5532
405404 7.55478e+006 8.5532
405404 7.55478e+006 8.55317
405403 7.55478e+006 8.55291
405403 7.55478e+006 8.55271
405404 7.55478e+006 8.5532
405403 7.55478e+006 8.55291
405403 7.55478e+006 8.55268
405403 7.55478e+006 8.55271
405403 7.55478e+006 8.55291
405404 7.55478e+006 9.61986
405404 7.55478e+006 9.61988
405404 7.55478e+006 9.61973
405404 7.55478e+006 9.61973
405403 7.55478e+006 9.61956
405403 7.55478e+006 9.61955
405404 7.55478e+006 9.61986
405404 7.55478e+006 9.61973
405403 7.55478e+006 9.61955
405403 7.55478e+006 9.6197
405404 7.55478e+006 9.61986
405403 7.55478e+006 9.61955
405404 7.55478e+006 8.74986
405403 7.55478e+006 8.74969
405403 7.55478e+006 8.55291
405403 7.55478e+006 8.55291
405404 7.55478e+006 8.55317
405404 7.55478e+006 8.74986
405403 7.55478e+006 8.74969
405403 7.55478e+006 8.74954
405403 7.55478e+006 8.55268
405403 7.55478e+006 8.55268
405403 7.55478e+006 8.55291
405403 7.55478e+006 8.74969
405403 7.55478e+006 8.74954
405403 7.55478e+006 8.74956
405403 7.55478e+006 8.55271
405403 7.55478e+006 8.55271
405403 7.55478e+006 8.55268
405403 7.55478e+006 8.74954
405403 7.55478e+006 8.74956
405404 7.55478e+006 8.74972
405404 7.55478e+006 8.55297
405404 7.55478e+006 8.55297
405403 7.55478e+006 8.55271
405403 7.55478e+006 8.74956
405404 7.55478e+006 8.74972
405404 7.55478e+006 8.74987
405404 7.55478e+006 8.5532
405404 7.55478e+006 8.5532
405404 7.55478e+006 8.55297
405404 7.55478e+006 8.74972
405404 7.55478e+006 8.74987
405404 7.55478e+006 8.74986
405404 7.55478e+006 8.55317
405404 7.55478e+006 8.55317
405404 7.55478e+006 8.5532
405404 7.55478e+006 8.74987
405402 7.55478e+006 8.74895
405403 7.55478e+006 8.74911
405403 7.55478e+006 9.61912
405403 7.55478e+006 9.61912
405402 7.55478e+006 9.61895
405402 7.55478e+006 8.74895
405403 7.55478e+006 8.74911
405403 7.55478e+006 8.74913
405403 7.55478e+006 9.61914
405403 7.55478e+006 9.61914
405403 7.55478e+006 9.61912
405403 7.55478e+006 8.74911
405403 7.55478e+006 8.74913
405403 7.55478e+006 8.74898
405403 7.55478e+006 9.61899
405403 7.55478e+006 9.61899
405403 7.55478e+006 9.61914
405403 7.55478e+006 8.74913
405403 7.55478e+006 8.74898
405402 7.55478e+006 8.74881
405402 7.55478e+006 9.61882
405402 7.55478e+006 9.61882
405403 7.55478e+006 9.61899
405403 7.55478e+006 8.74898
405402 7.55478e+006 8.74881
405402 7.55478e+006 8.7488
405402 7.55478e+006 9.6188
405402 7.55478e+006 9.6188
405402 7.55478e+006 9.61882
405402 7.55478e+006 8.74881
405402 7.55478e+006 8.7488
405402 7.55478e+006 8.74895
405402 7.55478e+006 9.61895
405402 7.55478e+006 9.61895
405402 7.55478e+006 9.6188
405402 7.55478e+006 8.7488
405402 7.55478e+006 8.55196
405403 7.55478e+006 8.55223
405403 7.55478e+006 8.55246
405403 7.55478e+006 8.55246
405403 7.55478e+006 8.55243
405402 7.55478e+006 8.55217
405402 7.55478e+006 8.55196
405403 7.55478e+006 8.55246
405402 7.55478e+006 8.55217
405402 7.55478e+006 8.55194
405402 7.55478e+006 8.55196
405402 7.55478e+006 8.55217
405403 7.55478e+006 9.61912
405403 7.55478e+006 9.61914
405403 7.55478e+006 9.61899
405403 7.55478e+006 9.61899
405402 7.55478e+006 9.61882
405402 7.55478e+006 9.6188
405403 7.55478e+006 9.61912
405403 7.55478e+006 9.61899
405402 7.55478e+006 9.6188
405402 7.55478e+006 9.61895
405403 7.55478e+006 9.61912
405402 7.55478e+006 9.6188
405403 7.55478e+006 8.74911
405402 7.55478e+006 8.74895
405402 7.55478e+006 8.55217
405402 7.55478e+006 8.55217
405403 7.55478e+006 8.55243
405403 7.55478e+006 8.74911
405402 7.55478e+006 8.74895
405402 7.55478e+006 8.7488
405402 7.55478e+006 8.55194
405402 7.55478e+006 8.55194
405402 7.55478e+006 8.55217
405402 7.55478e+006 8.74895
405402 7.55478e+006 8.7488
405402 7.55478e+006 8.74881
405402 7.55478e+006 8.55196
405402 7.55478e+006 8.55196
405402 7.55478e+006 8.55194
405402 7.55478e+006 8.7488
405402 7.55478e+006 8.74881
405403 7.55478e+006 8.74898
405403 7.55478e+006 8.55223
405403 7.55478e+006 8.55223
405402 7.55478e+006 8.55196
405402 7.55478e+006 8.74881
405403 7.55478e+006 8.74898
405403 7.55478e+006 8.74913
405403 7.55478e+006 8.55246
405403 7.55478e+006 8.55246
405403 7.55478e+006 8.55223
405403 7.55478e+006 8.74898
405403 7.55478e+006 8.74913
405403 7.55478e+006 8.74911
405403 7.55478e+006 8.55243
405403 7.55478e+006 8.55243
405403 7.55478e+006 8.55246
405403 7.55478e+006 8.74913
405401 7.55478e+006 8.74825
405402 7.55478e+006 8.74841
405402 7.55478e+006 9.61842
405402 7.55478e+006 9.61842
405401 7.55478e+006 9.61825
405401 7.55478e+006 8.74825
405402 7.55478e+006 8.74841
405402 7.55478e+006 8.74843
405402 7.55478e+006 9.61844
405402 7.55478e+006 9.61844
405402 7.55478e+006 9.61842
405402 7.55478e+006 8.74841
405402 7.55478e+006 8.74843
405402 7.55478e+006 8.74828
405402 7.55478e+006 9.61829
405402 7.55478e+006 9.61829
405402 7.55478e+006 9.61844
405402 7.55478e+006 8.74843
405402 7.55478e+006 8.74828
405401 7.55478e+006 8.74811
405401 7.55478e+006 9.61812
405401 7.55478e+006 9.61812
405402 7.55478e+006 9.61829
405402 7.55478e+006 8.74828
405401 7.55478e+006 8.74811
405401 7.55478e+006 8.7481
405401 7.55478e+006 9.6181
405401 7.55478e+006 9.6181
405401 7.55478e+006 9.61812
405401 7.55478e+006 8.74811
405401 7.55478e+006 8.7481
405401 7.55478e+006 8.74825
405401 7.55478e+006 9.61825
405401 7.55478e+006 9.61825
405401 7.55478e+006 9.6181
405401 7.55478e+006 8.7481
405401 7.55478e+006 8.55126
405402 7.55478e+006 8.55152
405402 7.55478e+006 8.55176
405402 7.55478e+006 8.55176
405402 7.55478e+006 8.55173
405401 7.55478e+006 8.55147
405401 7.55478e+006 8.55126
405402 7.55478e+006 8.55176
405401 7.55478e+006 8.55147
405401 7.55478e+006 8.55124
405401 7.55478e+006 8.55126
405401 7.55478e+006 8.55147
405402 7.55478e+006 9.61842
405402 7.55478e+006 9.61844
405402 7.55478e+006 9.61829
405402 7.55478e+006 9.61829
405401 7.55478e+006 9.61812
405401 7.55478e+006 9.6181
405402 7.55478e+006 9.61842
405402 7.55478e+006 9.61829
405401 7.55478e+006 9.6181
405401 7.55478e+006 9.61825
405402 7.55478e+006 9.61842
405401 7.55478e+006 9.6181
405402 7.55478e+006 8.74841
405401 7.55478e+006 8.74825
405401 7.55478e+006 8.55147
405401 7.55478e+006 8.55147
405402 7.55478e+006 8.55173
405402 7.55478e+006 8.74841
405401 7.55478e+006 8.74825
405401 7.55478e+006 8.7481
405401 7.55478e+006 8.55124
405401 7.55478e+006 8.55124
405401 7.55478e+006 8.55147
405401 7.55478e+006 8.74825
405401 7.55478e+006 8.7481
405401 7.55478e+006 8.74811
405401 7.55478e+006 8.55126
405401 7.55478e+006 8.55126
405401 7.55478e+006 8.55124
405401 7.55478e+006 8.7481
405401 7.55478e+006 8.74811
405402 7.55478e+006 8.74828
405402 7.55478e+006 8.55152
405402 7.55478e+006 8.55152
405401 7.55478e+006 8.55126
405401 7.55478e+006 8.74811
405402 7.55478e+006 8.74828
405402 7.55478e+006 8.74843
405402 7.55478e+006 8.55176
405402 7.55478e+006 8.55176
405402 7.55478e+006 8.55152
405402 7.55478e+006 8.74828
405402 7.55478e+006 8.74843
405402 7.55478e+006 8.74841
405402 7.55478e+006 8.55173
405402 7.55478e+006 8.55173
405402 7.55478e+006 8.55176
405402 7.55478e+006 8.74843
405400 7.55478e+006 8.74721
405400 7.55478e+006 8.74738
405400 7.55478e+006 9.61739
405400 7.55478e+006 9.61739
405400 7.55478e+006 9.61722
405400 7.55478e+006 8.74721
405400 7.55478e+006 8.74738
405400 7.55478e+006 8.7474
405400 7.55478e+006 9.6174
405400 7.55478e+006 9.6174
405400 7.55478e+006 9.61739
405400 7.55478e+006 8.74738
405400 7.55478e+006 8.7474
405400 7.55478e+006 8.74725
405400 7.55478e+006 9.61725
405400 7.55478e+006 9.61725
405400 7.55478e+006 9.6174
405400 7.55478e+006 8.7474
405400 7.55478e+006 8.74725
405400 7.55478e+006 8.74708
405400 7.55478e+006 9.61709
405400 7.55478e+006 9.61709
405400 7.55478e+006 9.61725
405400 7.55478e+006 8.74725
405400 7.55478e+006 8.74708
405400 7.55478e+006 8.74706
405400 7.55478e+006 9.61707
405400 7.55478e+006 9.61707
405400 7.55478e+006 9.61709
405400 7.55478e+006 8.74708
405400 7.55478e+006 8.74706
405400 7.55478e+006 8.74721
405400 7.55478e+006 9.61722
405400 7.55478e+006 9.61722
405400 7.55478e+006 9.61707
405400 7.55478e+006 8.74706
405400 7.55478e+006 8.55023
405400 7.55478e+006 8.55049
405401 7.55478e+006 8.55072
405401 7.55478e+006 8.55072
405400 7.55478e+006 8.5507
405400 7.55478e+006 8.55044
405400 7.55478e+006 8.55023
405401 7.55478e+006 8.55072
405400 7.55478e+006 8.55044
405400 7.55478e+006 8.5502
405400 7.55478e+006 8.55023
405400 7.55478e+006 8.55044
405400 7.55478e+006 9.61739
405400 7.55478e+006 9.6174
405400 7.55478e+006 9.61725
405400 7.55478e+006 9.61725
405400 7.55478e+006 9.61709
405400 7.55478e+006 9.61707
405400 7.55478e+006 9.61739
405400 7.55478e+006 9.61725
405400 7.55478e+006 9.61707
405400 7.55478e+006 9.61722
405400 7.55478e+006 9.61739
405400 7.55478e+006 9.61707
405400 7.55478e+006 8.74738
405400 7.55478e+006 8.74721
405400 7.55478e+006 8.55044
405400 7.55478e+006 8.55044
405400 7.55478e+006 8.5507
405400 7.55478e+006 8.74738
405400 7.55478e+006 8.74721
405400 7.55478e+006 8.74706
405400 7.55478e+006 8.5502
405400 7.55478e+006 8.5502
405400 7.55478e+006 8.55044
405400 7.55478e+006 8.74721
405400 7.55478e+006 8.74706
405400 7.55478e+006 8.74708
405400 7.55478e+006 8.55023
405400 7.55478e+006 8.55023
405400 7.55478e+006 8.5502
405400 7.55478e+006 8.74706
405400 7.55478e+006 8.74708
405400 7.55478e+006 8.74725
405400 7.55478e+006 8.55049
405400 7.55478e+006 8.55049
405400 7.55478e+006 8.55023
405400 7.55478e+006 8.74708
405400 7.55478e+006 8.74725
405400 7.55478e+006 8.7474
405401 7.55478e+006 8.55072
405401 7.55478e+006 8.55072
405400 7.55478e+006 8.55049
405400 7.55478e+006 8.74725
405400 7.55478e+006 8.7474
405400 7.55478e+006 8.74738
405400 7.55478e+006 8.5507
405400 7.55478e+006 8.5507
405401 7.55478e+006 8.55072
405400 7.55478e+006 8.7474
405399 7.55478e+006 8.74635
405399 7.55478e+006 8.74652
405399 7.55478e+006 9.61652
405399 7.55478e+006 9.61652
405399 7.55478e+006 9.61636
405399 7.55478e+006 8.74635
405399 7.55478e+006 8.74652
405399 7.55478e+006 8.74654
405399 7.55478e+006 9.61654
405399 7.55478e+006 9.61654
405399 7.55478e+006 9.61652
405399 7.55478e+006 8.74652
405399 7.55478e+006 8.74654
405399 7.55478e+006 8.74638
405399 7.55478e+006 9.61639
405399 7.55478e+006 9.61639
405399 7.55478e+006 9.61654
405399 7.55478e+006 8.74654
405399 7.55478e+006 8.74638
405399 7.55478e+006 8.74622
405399 7.55478e+006 9.61622
405399 7.55478e+006 9.61622
405399 7.55478e+006 9.61639
405399 7.55478e+006 8.74638
405399 7.55478e+006 8.74622
405399 7.55478e+006 8.7462
405399 7.55478e+006 9.61621
405399 7.55478e+006 9.61621
405399 7.55478e+006 9.61622
405399 7.55478e+006 8.74622
405399 7.55478e+006 8.7462
405399 7.55478e+006 8.74635
405399 7.55478e+006 9.61636
405399 7.55478e+006 9.61636
405399 7.55478e+006 9.61621
405399 7.55478e+006 8.7462
405399 7.55478e+006 8.54937
405399 7.55478e+006 8.54963
405400 7.55478e+006 8.54986
405400 7.55478e+006 8.54986
405399 7.55478e+006 8.54983
405399 7.55478e+006 8.54957
405399 7.55478e+006 8.54937
405400 7.55478e+006 8.54986
405399 7.55478e+006 8.54957
405399 7.55478e+006 8.54934
405399 7.55478e+006 8.54937
405399 7.55478e+006 8.54957
405399 7.55478e+006 9.61652
405399 7.55478e+006 9.61654
405399 7.55478e+006 9.61639
405399 7.55478e+006 9.61639
405399 7.55478e+006 9.61622
405399 7.55478e+006 9.61621
405399 7.55478e+006 9.61652
405399 7.55478e+006 9.61639
405399 7.55478e+006 9.61621
405399 7.55478e+006 9.61636
405399 7.55478e+006 9.61652
405399 7.55478e+006 9.61621
405399 7.55478e+006 8.74652
405399 7.55478e+006 8.74635
405399 7.55478e+006 8.54957
405399 7.55478e+006 8.54957
405399 7.55478e+006 8.54983
405399 7.55478e+006 8.74652
405399 7.55478e+006 8.74635
405399 7.55478e+006 8.7462
405399 7.55478e+006 8.54934
405399 7.55478e+006 8.54934
405399 7.55478e+006 8.54957
405399 7.55478e+006 8.74635
405399 7.55478e+006 8.7462
405399 7.55478e+006 8.74622
405399 7.55478e+006 8.54937
405399 7.55478e+006 8.54937
405399 7.55478e+006 8.54934
405399 7.55478e+006 8.7462
405399 7.55478e+006 8.74622
405399 7.55478e+006 8.74638
405399 7.55478e+006 8.54963
405399 7.55478e+006 8.54963
405399 7.55478e+006 8.54937
405399 7.55478e+006 8.74622
405399 7.55478e+006 8.74638
405399 7.55478e+006 8.74654
405400 7.55478e+006 8.54986
405400 7.55478e+006 8.54986
405399 7.55478e+006 8.54963
405399 7.55478e+006 8.74638
405399 7.55478e+006 8.74654
405399 7.55478e+006 8.74652
405399 7.55478e+006 8.54983
405399 7.55478e+006 8.54983
405400 7.55478e+006 8.54986
405399 7.55478e+006 8.74654
405398 7.55478e+006 8.74544
405398 7.55478e+006 8.7456
405398 7.55478e+006 9.61561
405398 7.55478e+006 9.61561
405398 7.55478e+006 9.61544
405398 7.55478e+006 8.74544
405398 7.55478e+006 8.7456
405398 7.55478e+006 8.74562
405398 7.55478e+006 9.61563
405398 7.55478e+006 9.61563
405398 7.55478e+006 9.61561
405398 7.55478e+006 8.7456
405398 7.55478e+006 8.74562
405398 7.55478e+006 8.74547
405398 7.55478e+006 9.61548
405398 7.55478e+006 9.61548
405398 7.55478e+006 9.61563
405398 7.55478e+006 8.74562
405398 7.55478e+006 8.74547
405398 7.55478e+006 8.7453
405398 7.55478e+006 9.61531
405398 7.55478e+006 9.61531
405398 7.55478e+006 9.61548
405398 7.55478e+006 8.74547
405398 7.55478e+006 8.7453
405398 7.55478e+006 8.74529
405398 7.55478e+006 9.61529
405398 7.55478e+006 9.61529
405398 7.55478e+006 9.61531
405398 7.55478e+006 8.7453
405398 7.55478e+006 8.74529
405398 7.55478e+006 8.74544
405398 7.55478e+006 9.61544
405398 7.55478e+006 9.61544
405398 7.55478e+006 9.61529
405398 7.55478e+006 8.74529
405398 7.55478e+006 8.54845
405398 7.55478e+006 8.54871
405398 7.55478e+006 8.54895
405398 7.55478e+006 8.54895
405398 7.55478e+006 8.54892
405398 7.55478e+006 8.54866
405398 7.55478e+006 8.54845
405398 7.55478e+006 8.54895
405398 7.55478e+006 8.54866
405397 7.55478e+006 8.54843
405398 7.55478e+006 8.54845
405398 7.55478e+006 8.54866
405398 7.55478e+006 9.61561
405398 7.55478e+006 9.61563
405398 7.55478e+006 9.61548
405398 7.55478e+006 9.61548
405398 7.55478e+006 9.61531
405398 7.55478e+006 9.61529
405398 7.55478e+006 9.61561
405398 7.55478e+006 9.61548
405398 7.55478e+006 9.61529
405398 7.55478e+006 9.61544
405398 7.55478e+006 9.61561
405398 7.55478e+006 9.61529
405398 7.55478e+006 8.7456
405398 7.55478e+006 8.74544
405398 7.55478e+006 8.54866
405398 7.55478e+006 8.54866
405398 7.55478e+006 8.54892
405398 7.55478e+006 8.7456
405398 7.55478e+006 8.74544
405398 7.55478e+006 8.74529
405397 7.55478e+006 8.54843
405397 7.55478e+006 8.54843
405398 7.55478e+006 8.54866
405398 7.55478e+006 8.74544
405398 7.55478e+006 8.74529
405398 7.55478e+006 8.7453
405398 7.55478e+006 8.54845
405398 7.55478e+006 8.54845
405397 7.55478e+006 8.54843
405398 7.55478e+006 8.74529
405398 7.55478e+006 8.7453
405398 7.55478e+006 8.74547
405398 7.55478e+006 8.54871
405398 7.55478e+006 8.54871
405398 7.55478e+006 8.54845
405398 7.55478e+006 8.7453
405398 7.55478e+006 8.74547
405398 7.55478e+006 8.74562
405398 7.55478e+006 8.54895
405398 7.55478e+006 8.54895
405398 7.55478e+006 8.54871
405398 7.55478e+006 8.74547
405398 7.55478e+006 8.74562
405398 7.55478e+006 8.7456
405398 7.55478e+006 8.54892
405398 7.55478e+006 8.54892
405398 7.55478e+006 8.54895
405398 7.55478e+006 8.74562
405397 7.55478e+006 8.74458
405397 7.55478e+006 8.74475
405397 7.55478e+006 9.61476
405397 7.55478e+006 9.61476
405397 7.55478e+006 9.61459
405397 7.55478e+006 8.74458
405397 7.55478e+006 8.74475
405397 7.55478e+006 8.74477
405397 7.55478e+006 9.61477
405397 7.55478e+006 9.61477
405397 7.55478e+006 9.61476
405397 7.55478e+006 8.74475
405397 7.55478e+006 8.74477
405397 7.55478e+006 8.74462
405397 7.55478e+006 9.61462
405397 7.55478e+006 9.61462
405397 7.55478e+006 9.61477
405397 7.55478e+006 8.74477
405397 7.55478e+006 8.74462
405397 7.55478e+006 8.74445
405397 7.55478e+006 9.61446
405397 7.55478e+006 9.61446
405397 7.55478e+006 9.61462
405397 7.55478e+006 8.74462
405397 7.55478e+006 8.74445
405396 7.55478e+006 8.74443
405396 7.55478e+006 9.61444
405396 7.55478e+006 9.61444
405397 7.55478e+006 9.61446
405397 7.55478e+006 8.74445
405396 7.55478e+006 8.74443
405397 7.55478e+006 8.74458
405397 7.55478e+006 9.61459
405397 7.55478e+006 9.61459
405396 7.55478e+006 9.61444
405396 7.55478e+006 8.74443
405397 7.55478e+006 8.5476
405397 7.55478e+006 8.54786
405397 7.55478e+006 8.54809
405397 7.55478e+006 8.54809
405397 7.55478e+006 8.54807
405397 7.55478e+006 8.54781
405397 7.55478e+006 8.5476
405397 7.55478e+006 8.54809
405397 7.55478e+006 8.54781
405396 7.55478e+006 8.54757
405397 7.55478e+006 8.5476
405397 7.55478e+006 8.54781
405397 7.55478e+006 9.61476
405397 7.55478e+006 9.61477
405397 7.55478e+006 9.61462
405397 7.55478e+006 9.61462
405397 7.55478e+006 9.61446
405396 7.55478e+006 9.61444
405397 7.55478e+006 9.61476
405397 7.55478e+006 9.61462
405396 7.55478e+006 9.61444
405397 7.55478e+006 9.61459
405397 7.55478e+006 9.61476
405396 7.55478e+006 9.61444
405397 7.55478e+006 8.74475
405397 7.55478e+006 8.74458
405397 7.55478e+006 8.54781
405397 7.55478e+006 8.54781
405397 7.55478e+006 8.54807
405397 7.55478e+006 8.74475
405397 7.55478e+006 8.74458
405396 7.55478e+006 8.74443
405396 7.55478e+006 8.54757
405396 7.55478e+006 8.54757
405397 7.55478e+006 8.54781
405397 7.55478e+006 8.74458
405396 7.55478e+006 8.74443
405397 7.55478e+006 8.74445
405397 7.55478e+006 8.5476
405397 7.55478e+006 8.5476
405396 7.55478e+006 8.54757
405396 7.55478e+006 8.74443
405397 7.55478e+006 8.74445
405397 7.55478e+006 8.74462
405397 7.55478e+006 8.54786
405397 7.55478e+006 8.54786
405397 7.55478e+006 8.5476
405397 7.55478e+006 8.74445
405397 7.55478e+006 8.74462
405397 7.55478e+006 8.74477
405397 7.55478e+006 8.54809
405397 7.55478e+006 8.54809
405397 7.55478e+006 8.54786
405397 7.55478e+006 8.74462
405397 7.55478e+006 8.74477
405397 7.55478e+006 8.74475
405397 7.55478e+006 8.54807
405397 7.55478e+006 8.54807
405397 7.55478e+006 8.54809
405397 7.55478e+006 8.74477
405396 7.55478e+006 8.74382
405396 7.55478e+006 8.74398
405396 7.55478e+006 9.61399
405396 7.55478e+006 9.61399
405396 7.55478e+006 9.61382
405396 7.55478e+006 8.74382
405396 7.55478e+006 8.74398
405396 7.55478e+006 8.744
405396 7.55478e+006 9.61401
405396 7.55478e+006 9.61401
405396 7.55478e+006 9.61399
405396 7.55478e+006 8.74398
405396 7.55478e+006 8.744
405396 7.55478e+006 8.74385
405396 7.55478e+006 9.61386
405396 7.55478e+006 9.61386
405396 7.55478e+006 9.61401
405396 7.55478e+006 8.744
405396 7.55478e+006 8.74385
405396 7.55478e+006 8.74368
405396 7.55478e+006 9.61369
405396 7.55478e+006 9.61369
405396 7.55478e+006 9.61386
405396 7.55478e+006 8.74385
405396 7.55478e+006 8.74368
405395 7.55478e+006 8.74367
405395 7.55478e+006 9.61367
405395 7.55478e+006 9.61367
405396 7.55478e+006 9.61369
405396 7.55478e+006 8.74368
405395 7.55478e+006 8.74367
405396 7.55478e+006 8.74382
405396 7.55478e+006 9.61382
405396 7.55478e+006 9.61382
405395 7.55478e+006 9.61367
405395 7.55478e+006 8.74367
405396 7.55478e+006 8.54683
405396 7.55478e+006 8.54709
405396 7.55478e+006 8.54733
405396 7.55478e+006 8.54733
405396 7.55478e+006 8.5473
405396 7.55478e+006 8.54704
405396 7.55478e+006 8.54683
405396 7.55478e+006 8.54733
405396 7.55478e+006 8.54704
405395 7.55478e+006 8.54681
405396 7.55478e+006 8.54683
405396 7.55478e+006 8.54704
405396 7.55478e+006 9.61399
405396 7.55478e+006 9.61401
405396 7.55478e+006 9.61386
405396 7.55478e+006 9.61386
405396 7.55478e+006 9.61369
405395 7.55478e+006 9.61367
405396 7.55478e+006 9.61399
405396 7.55478e+006 9.61386
405395 7.55478e+006 9.61367
405396 7.55478e+006 9.61382
405396 7.55478e+006 9.61399
405395 7.55478e+006 9.61367
405396 7.55478e+006 8.74398
405396 7.55478e+006 8.74382
405396 7.55478e+006 8.54704
405396 7.55478e+006 8.54704
405396 7.55478e+006 8.5473
405396 7.55478e+006 8.74398
405396 7.55478e+006 8.74382
405395 7.55478e+006 8.74367
405395 7.55478e+006 8.54681
405395 7.55478e+006 8.54681
405396 7.55478e+006 8.54704
405396 7.55478e+006 8.74382
405395 7.55478e+006 8.74367
405396 7.55478e+006 8.74368
405396 7.55478e+006 8.54683
405396 7.55478e+006 8.54683
405395 7.55478e+006 8.54681
405395 7.55478e+006 8.74367
405396 7.55478e+006 8.74368
405396 7.55478e+006 8.74385
405396 7.55478e+006 8.54709
405396 7.55478e+006 8.54709
405396 7.55478e+006 8.54683
405396 7.55478e+006 8.74368
405396 7.55478e+006 8.74385
405396 7.55478e+006 8.744
405396 7.55478e+006 8.54733
405396 7.55478e+006 8.54733
405396 7.55478e+006 8.54709
405396 7.55478e+006 8.74385
405396 7.55478e+006 8.744
405396 7.55478e+006 8.74398
405396 7.55478e+006 8.5473
405396 7.55478e+006 8.5473
405396 7.55478e+006 8.54733
405396 7.55478e+006 8.744
