405418 7.55478e+006 13.1183
405417 7.55478e+006 13.1183
405434 7.55477e+006 0.775707
405434 7.55477e+006 0.775707
405435 7.55477e+006 0.964184
405418 7.55478e+006 13.1183
405417 7.55478e+006 13.1183
405416 7.55478e+006 13.1183
405434 7.55477e+006 0.320753
405434 7.55477e+006 0.320753
405434 7.55477e+006 0.775707
405417 7.55478e+006 13.1183
405416 7.55478e+006 13.1183
405415 7.55478e+006 13.1183
405434 7.55477e+006 -0.134171
405434 7.55477e+006 -0.134171
405434 7.55477e+006 0.320753
405416 7.55478e+006 13.1183
405415 7.55478e+006 13.1183
405415 7.55478e+006 13.1183
405415 7.55478e+006 13.1133
405434 7.55477e+006 -0.134171
405415 7.55478e+006 13.1183
405415 7.55478e+006 13.1133
405434 7.55477e+006 -0.134171
405415 7.55478e+006 13.1133
405434 7.55477e+006 -0.322577
405415 7.55478e+006 13.1133
405415 7.55478e+006 13.1183
405416 7.55478e+006 13.1183
405415 7.55478e+006 13.1133
405416 7.55478e+006 13.1183
405434 7.55477e+006 -0.1341
405434 7.55477e+006 -0.322577
405415 7.55478e+006 13.1133
405434 7.55477e+006 -0.1341
405434 7.55477e+006 -0.1341
405416 7.55478e+006 13.1183
405417 7.55478e+006 13.1183
405417 7.55478e+006 13.1183
405435 7.55477e+006 0.320853
405434 7.55477e+006 -0.1341
405435 7.55477e+006 0.320853
405417 7.55478e+006 13.1183
405417 7.55478e+006 13.1183
405417 7.55478e+006 13.1183
405435 7.55477e+006 0.775778
405435 7.55477e+006 0.320853
405435 7.55477e+006 0.775778
405417 7.55478e+006 13.1183
405418 7.55478e+006 13.1183
405418 7.55478e+006 13.1183
405435 7.55477e+006 0.964184
405435 7.55477e+006 0.775778
405435 7.55477e+006 0.964184
405434 7.55477e+006 0.775707
405434 7.55477e+006 0.320753
405434 7.55477e+006 0.320753
405434 7.55477e+006 -0.134171
405434 7.55477e+006 -0.322577
405435 7.55477e+006 0.964184
405434 7.55477e+006 0.320753
405434 7.55477e+006 -0.322577
405434 7.55477e+006 -0.322577
405434 7.55477e+006 -0.1341
405435 7.55477e+006 0.320853
405435 7.55477e+006 0.964184
405434 7.55477e+006 -0.322577
405435 7.55477e+006 0.320853
405435 7.55477e+006 0.775778
405435 7.55477e+006 0.964184
405435 7.55477e+006 0.320853
405395 7.55479e+006 0.860369
405412 7.55478e+006 13.1183
405412 7.55478e+006 13.1183
405412 7.55478e+006 13.1183
405396 7.55479e+006 1.04867
405395 7.55479e+006 0.860369
405396 7.55479e+006 0.405836
405413 7.55478e+006 13.1183
405412 7.55478e+006 13.1183
405412 7.55478e+006 13.1183
405395 7.55479e+006 0.860369
405396 7.55479e+006 0.405836
405396 7.55479e+006 -0.0486679
405414 7.55478e+006 13.1183
405413 7.55478e+006 13.1183
405413 7.55478e+006 13.1183
405396 7.55479e+006 0.405836
405396 7.55479e+006 -0.0486679
405396 7.55479e+006 -0.0486679
405396 7.55479e+006 -0.2369
405414 7.55478e+006 13.0908
405414 7.55478e+006 13.0908
405414 7.55478e+006 13.1183
405414 7.55478e+006 13.1183
405396 7.55479e+006 -0.0486679
405414 7.55478e+006 13.0908
405414 7.55478e+006 13.1183
405414 7.55478e+006 13.1183
405414 7.55478e+006 13.1183
405414 7.55478e+006 13.0908
405396 7.55479e+006 -0.0485973
405414 7.55478e+006 13.1183
405414 7.55478e+006 13.0908
405396 7.55479e+006 -0.2369
405396 7.55479e+006 -0.0485973
405414 7.55478e+006 13.0908
405396 7.55479e+006 -0.0485973
405396 7.55479e+006 0.405936
405414 7.55478e+006 13.1183
405414 7.55478e+006 13.1183
405414 7.55478e+006 13.1183
405396 7.55479e+006 -0.0485973
405396 7.55479e+006 0.405936
405396 7.55479e+006 0.860439
405413 7.55478e+006 13.1183
405413 7.55478e+006 13.1183
405414 7.55478e+006 13.1183
405396 7.55479e+006 0.405936
405396 7.55479e+006 0.860439
405396 7.55479e+006 1.04867
405412 7.55478e+006 13.1183
405412 7.55478e+006 13.1183
405413 7.55478e+006 13.1183
405396 7.55479e+006 0.860439
405396 7.55479e+006 0.405936
405396 7.55479e+006 -0.0485973
405396 7.55479e+006 -0.2369
405396 7.55479e+006 -0.2369
405396 7.55479e+006 -0.0486679
405396 7.55479e+006 0.405836
405396 7.55479e+006 0.405836
405395 7.55479e+006 0.860369
405396 7.55479e+006 1.04867
405396 7.55479e+006 -0.2369
405396 7.55479e+006 0.405836
405396 7.55479e+006 1.04867
405396 7.55479e+006 0.405936
405396 7.55479e+006 -0.2369
405396 7.55479e+006 1.04867
405396 7.55479e+006 0.860439
405396 7.55479e+006 0.405936
405396 7.55479e+006 1.04867
