405423 7.55479e+006 21.888
405423 7.55479e+006 21.8881
405423 7.55479e+006 21.7381
405423 7.55479e+006 21.7381
405423 7.55479e+006 21.738
405423 7.55479e+006 21.888
405420 7.55479e+006 21.7351
405420 7.55479e+006 21.7352
405420 7.55479e+006 21.8852
405420 7.55479e+006 21.8852
405420 7.55479e+006 21.8851
405420 7.55479e+006 21.7351
405423 7.55479e+006 21.738
405423 7.55479e+006 21.7381
405420 7.55479e+006 21.7352
405420 7.55479e+006 21.7352
405420 7.55479e+006 21.7351
405423 7.55479e+006 21.738
405423 7.55479e+006 21.888
405423 7.55479e+006 21.738
405420 7.55479e+006 21.7351
405420 7.55479e+006 21.7351
405420 7.55479e+006 21.8851
405423 7.55479e+006 21.888
405423 7.55479e+006 21.8881
405423 7.55479e+006 21.888
405420 7.55479e+006 21.8851
405420 7.55479e+006 21.8851
405420 7.55479e+006 21.8852
405423 7.55479e+006 21.8881
405423 7.55479e+006 21.7381
405423 7.55479e+006 21.8881
405420 7.55479e+006 21.8852
405420 7.55479e+006 21.8852
405420 7.55479e+006 21.7352
405423 7.55479e+006 21.7381
