405460 7.55483e+006 19.9108
405461 7.55483e+006 19.9108
405466 7.55483e+006 19.9108
405466 7.55483e+006 19.9108
405465 7.55483e+006 19.9108
405460 7.55483e+006 19.9108
405460 7.55483e+006 22.3437
405465 7.55483e+006 22.3437
405466 7.55483e+006 22.3437
405466 7.55483e+006 22.3437
405461 7.55483e+006 22.3437
405460 7.55483e+006 22.3437
405460 7.55483e+006 19.9108
405465 7.55483e+006 19.9108
405465 7.55483e+006 22.3437
405465 7.55483e+006 22.3437
405460 7.55483e+006 22.3437
405460 7.55483e+006 19.9108
405465 7.55483e+006 19.9108
405466 7.55483e+006 19.9108
405466 7.55483e+006 22.3437
405466 7.55483e+006 22.3437
405465 7.55483e+006 22.3437
405465 7.55483e+006 19.9108
405466 7.55483e+006 19.9108
405461 7.55483e+006 19.9108
405461 7.55483e+006 22.3437
405461 7.55483e+006 22.3437
405466 7.55483e+006 22.3437
405466 7.55483e+006 19.9108
405461 7.55483e+006 19.9108
405460 7.55483e+006 19.9108
405460 7.55483e+006 22.3437
405460 7.55483e+006 22.3437
405461 7.55483e+006 22.3437
405461 7.55483e+006 19.9108
