405458 7.55483e+006 25.5607
405458 7.55483e+006 26.3715
405458 7.55483e+006 25.5607
405454 7.55483e+006 25.5607
405453 7.55483e+006 25.5607
405453 7.55483e+006 26.3715
405458 7.55483e+006 25.5607
405458 7.55483e+006 25.5607
405453 7.55483e+006 25.5607
405453 7.55483e+006 25.5607
405454 7.55483e+006 25.5607
405458 7.55483e+006 25.5607
405452 7.55483e+006 19.7495
405452 7.55483e+006 23.1355
405454 7.55483e+006 23.1355
405454 7.55483e+006 23.1355
405454 7.55483e+006 19.7495
405452 7.55483e+006 19.7495
405447 7.55482e+006 19.7495
405450 7.55482e+006 19.7495
405450 7.55482e+006 23.1355
405450 7.55482e+006 23.1355
405447 7.55482e+006 23.1355
405447 7.55482e+006 19.7495
405455 7.55483e+006 19.7495
405455 7.55483e+006 23.1355
405450 7.55482e+006 23.1355
405450 7.55482e+006 23.1355
405450 7.55482e+006 19.7495
405455 7.55483e+006 19.7495
405457 7.55483e+006 19.7495
405454 7.55483e+006 19.7495
405454 7.55483e+006 23.1355
405454 7.55483e+006 23.1355
405457 7.55483e+006 23.1355
405457 7.55483e+006 19.7495
405447 7.55482e+006 23.1355
405450 7.55482e+006 23.1355
405455 7.55483e+006 23.1355
405455 7.55483e+006 23.1355
405452 7.55483e+006 23.1355
405447 7.55482e+006 23.1355
405447 7.55482e+006 19.7495
405447 7.55482e+006 23.1355
405452 7.55483e+006 23.1355
405452 7.55483e+006 23.1355
405452 7.55483e+006 19.7495
405447 7.55482e+006 19.7495
405457 7.55483e+006 19.7495
405457 7.55483e+006 23.1355
405455 7.55483e+006 23.1355
405455 7.55483e+006 23.1355
405455 7.55483e+006 19.7495
405457 7.55483e+006 19.7495
405453 7.55483e+006 28.8085
405453 7.55483e+006 25.5541
405451 7.55483e+006 25.5541
405452 7.55483e+006 28.8085
405453 7.55483e+006 28.8085
405451 7.55483e+006 25.5541
405451 7.55483e+006 27.8396
405452 7.55483e+006 28.8085
405451 7.55483e+006 25.5541
405451 7.55483e+006 27.8396
405451 7.55483e+006 25.5541
405451 7.55483e+006 25.5541
405456 7.55483e+006 27.8396
405456 7.55483e+006 25.5541
405456 7.55483e+006 25.5541
405456 7.55483e+006 28.8085
405456 7.55483e+006 27.8396
405456 7.55483e+006 25.5541
405456 7.55483e+006 28.8085
405456 7.55483e+006 25.5541
405458 7.55483e+006 25.5541
405456 7.55483e+006 28.8085
405458 7.55483e+006 25.5541
405458 7.55483e+006 28.8085
405452 7.55483e+006 28.8085
405451 7.55483e+006 27.8396
405456 7.55483e+006 27.8396
405456 7.55483e+006 27.8396
405456 7.55483e+006 28.8085
405452 7.55483e+006 28.8085
405453 7.55483e+006 28.9095
405453 7.55483e+006 28.9095
405453 7.55483e+006 25.4469
405453 7.55483e+006 25.4469
405453 7.55483e+006 25.4469
405453 7.55483e+006 28.9095
405458 7.55483e+006 25.4469
405458 7.55483e+006 25.4469
405458 7.55483e+006 28.9237
405458 7.55483e+006 28.9237
405458 7.55483e+006 28.9237
405458 7.55483e+006 25.4469
405458 7.55483e+006 28.9237
405458 7.55483e+006 28.9237
405453 7.55483e+006 28.9095
405453 7.55483e+006 28.9095
405453 7.55483e+006 28.9095
405458 7.55483e+006 28.9237
405453 7.55483e+006 25.4469
405458 7.55483e+006 25.4469
405458 7.55483e+006 25.4469
405458 7.55483e+006 25.4469
405453 7.55483e+006 25.4469
405453 7.55483e+006 25.4469
405453 7.55483e+006 28.8085
405452 7.55483e+006 28.8085
405456 7.55483e+006 28.8085
405456 7.55483e+006 28.8085
405458 7.55483e+006 28.8085
405453 7.55483e+006 28.8085
405453 7.55483e+006 25.4469
405453 7.55483e+006 28.9095
405458 7.55483e+006 28.9237
405458 7.55483e+006 28.9237
405458 7.55483e+006 25.4469
405453 7.55483e+006 25.4469
405453 7.55483e+006 25.5541
405453 7.55483e+006 28.8085
405453 7.55483e+006 28.9095
405453 7.55483e+006 28.9095
405453 7.55483e+006 25.4469
405453 7.55483e+006 25.5541
405453 7.55483e+006 28.8085
405458 7.55483e+006 28.8085
405458 7.55483e+006 28.9237
405458 7.55483e+006 28.9237
405453 7.55483e+006 28.9095
405453 7.55483e+006 28.8085
405458 7.55483e+006 28.8085
405458 7.55483e+006 25.5541
405458 7.55483e+006 25.4469
405458 7.55483e+006 25.4469
405458 7.55483e+006 28.9237
405458 7.55483e+006 28.8085
405458 7.55483e+006 25.5541
405453 7.55483e+006 25.5541
405453 7.55483e+006 25.4469
405453 7.55483e+006 25.4469
405458 7.55483e+006 25.4469
405458 7.55483e+006 25.5541
405458 7.55483e+006 28.0488
405458 7.55483e+006 28.8596
405458 7.55483e+006 28.0488
405454 7.55483e+006 28.0488
405453 7.55483e+006 28.0488
405453 7.55483e+006 28.8596
405458 7.55483e+006 28.0488
405458 7.55483e+006 28.0488
405453 7.55483e+006 28.0488
405453 7.55483e+006 28.0488
405454 7.55483e+006 28.0488
405458 7.55483e+006 28.0488
405458 7.55483e+006 26.3842
405458 7.55483e+006 27.195
405458 7.55483e+006 26.3842
405454 7.55483e+006 26.3842
405453 7.55483e+006 26.3842
405453 7.55483e+006 27.195
405458 7.55483e+006 26.3842
405458 7.55483e+006 26.3842
405453 7.55483e+006 26.3842
405453 7.55483e+006 26.3842
405454 7.55483e+006 26.3842
405458 7.55483e+006 26.3842
405458 7.55483e+006 27.2259
405458 7.55483e+006 28.0367
405458 7.55483e+006 27.2259
405454 7.55483e+006 27.2259
405453 7.55483e+006 27.2259
405453 7.55483e+006 28.0367
405458 7.55483e+006 27.2259
405458 7.55483e+006 27.2259
405453 7.55483e+006 27.2259
405453 7.55483e+006 27.2259
405454 7.55483e+006 27.2259
405458 7.55483e+006 27.2259
405451 7.55483e+006 25.5541
405456 7.55483e+006 25.5541
405456 7.55483e+006 25.5541
405456 7.55483e+006 25.5541
405451 7.55483e+006 25.5541
405451 7.55483e+006 25.5541
405452 7.55483e+006 23.1355
405455 7.55483e+006 23.1355
405456 7.55483e+006 25.5541
405456 7.55483e+006 25.5541
405451 7.55483e+006 25.5541
405452 7.55483e+006 23.1355
405455 7.55483e+006 23.1355
405457 7.55483e+006 23.1355
405458 7.55483e+006 25.5541
405458 7.55483e+006 25.5541
405456 7.55483e+006 25.5541
405455 7.55483e+006 23.1355
405457 7.55483e+006 23.1355
405454 7.55483e+006 23.1355
405453 7.55483e+006 25.5541
405453 7.55483e+006 25.5541
405458 7.55483e+006 25.5541
405457 7.55483e+006 23.1355
405454 7.55483e+006 23.1355
405452 7.55483e+006 23.1355
405451 7.55483e+006 25.5541
405451 7.55483e+006 25.5541
405453 7.55483e+006 25.5541
405454 7.55483e+006 23.1355
405453 7.55483e+006 24.0211
405452 7.55483e+006 24.0211
405452 7.55483e+006 24.0211
405452 7.55483e+006 24.0211
405453 7.55483e+006 24.0211
405453 7.55483e+006 24.0211
405453 7.55483e+006 24.6211
405453 7.55483e+006 24.6211
405452 7.55483e+006 24.6211
405452 7.55483e+006 24.6211
405452 7.55483e+006 24.6211
405453 7.55483e+006 24.6211
405452 7.55483e+006 24.6211
405452 7.55483e+006 24.6211
405452 7.55483e+006 24.0211
405452 7.55483e+006 24.0211
405452 7.55483e+006 24.0211
405452 7.55483e+006 24.6211
405453 7.55483e+006 24.6211
405452 7.55483e+006 24.6211
405452 7.55483e+006 24.0211
405452 7.55483e+006 24.0211
405453 7.55483e+006 24.0211
405453 7.55483e+006 24.6211
405453 7.55483e+006 24.6211
405453 7.55483e+006 24.6211
405453 7.55483e+006 24.0211
405453 7.55483e+006 24.0211
405453 7.55483e+006 24.0211
405453 7.55483e+006 24.6211
405452 7.55483e+006 24.6211
405453 7.55483e+006 24.6211
405453 7.55483e+006 24.0211
405453 7.55483e+006 24.0211
405452 7.55483e+006 24.0211
405452 7.55483e+006 24.6211
405455 7.55483e+006 24.0211
405455 7.55483e+006 24.0211
405455 7.55483e+006 24.0211
405455 7.55483e+006 24.0211
405455 7.55483e+006 24.0211
405455 7.55483e+006 24.0211
405455 7.55483e+006 24.6211
405455 7.55483e+006 24.6211
405455 7.55483e+006 24.6211
405455 7.55483e+006 24.6211
405455 7.55483e+006 24.6211
405455 7.55483e+006 24.6211
405455 7.55483e+006 24.6211
405455 7.55483e+006 24.6211
405455 7.55483e+006 24.0211
405455 7.55483e+006 24.0211
405455 7.55483e+006 24.0211
405455 7.55483e+006 24.6211
405455 7.55483e+006 24.6211
405455 7.55483e+006 24.6211
405455 7.55483e+006 24.0211
405455 7.55483e+006 24.0211
405455 7.55483e+006 24.0211
405455 7.55483e+006 24.6211
405455 7.55483e+006 24.6211
405455 7.55483e+006 24.6211
405455 7.55483e+006 24.0211
405455 7.55483e+006 24.0211
405455 7.55483e+006 24.0211
405455 7.55483e+006 24.6211
405455 7.55483e+006 24.6211
405455 7.55483e+006 24.6211
405455 7.55483e+006 24.0211
405455 7.55483e+006 24.0211
405455 7.55483e+006 24.0211
405455 7.55483e+006 24.6211
405459 7.55483e+006 25.1662
405456 7.55483e+006 25.1662
405450 7.55483e+006 25.1662
405450 7.55483e+006 25.1662
405453 7.55483e+006 25.1662
405459 7.55483e+006 25.1662
405453 7.55483e+006 25.1662
405450 7.55483e+006 25.1662
405450 7.55483e+006 25.4722
405450 7.55483e+006 25.4722
405453 7.55483e+006 25.4722
405453 7.55483e+006 25.1662
405456 7.55483e+006 25.1662
405459 7.55483e+006 25.1662
405459 7.55483e+006 25.4722
405459 7.55483e+006 25.4722
405456 7.55483e+006 25.4722
405456 7.55483e+006 25.1662
405453 7.55483e+006 25.4722
405459 7.55483e+006 25.4722
405459 7.55483e+006 25.1662
405459 7.55483e+006 25.1662
405453 7.55483e+006 25.1662
405453 7.55483e+006 25.4722
405456 7.55483e+006 25.4722
405450 7.55483e+006 25.4722
405450 7.55483e+006 25.1662
405450 7.55483e+006 25.1662
405456 7.55483e+006 25.1662
405456 7.55483e+006 25.4722
405455 7.55483e+006 25.3421
405455 7.55483e+006 25.3421
405455 7.55483e+006 25.1889
405455 7.55483e+006 25.1889
405455 7.55483e+006 25.1889
405455 7.55483e+006 25.3421
405454 7.55483e+006 23.3549
405454 7.55483e+006 23.2017
405454 7.55483e+006 23.2017
405454 7.55483e+006 23.2017
405454 7.55483e+006 23.3549
405454 7.55483e+006 23.3549
405455 7.55483e+006 25.3421
405454 7.55483e+006 23.3549
405454 7.55483e+006 23.3549
405454 7.55483e+006 23.3549
405455 7.55483e+006 25.3421
405455 7.55483e+006 25.3421
405455 7.55483e+006 25.3421
405454 7.55483e+006 23.3549
405454 7.55483e+006 23.2017
405454 7.55483e+006 23.2017
405455 7.55483e+006 25.1889
405455 7.55483e+006 25.3421
405455 7.55483e+006 25.1889
405454 7.55483e+006 23.2017
405454 7.55483e+006 23.2017
405454 7.55483e+006 23.2017
405455 7.55483e+006 25.1889
405455 7.55483e+006 25.1889
405455 7.55483e+006 25.1889
405454 7.55483e+006 23.2017
405454 7.55483e+006 23.3549
405454 7.55483e+006 23.3549
405455 7.55483e+006 25.3421
405455 7.55483e+006 25.1889
405457 7.55483e+006 25.3421
405457 7.55483e+006 25.3421
405457 7.55483e+006 25.1889
405457 7.55483e+006 25.1889
405457 7.55483e+006 25.1889
405457 7.55483e+006 25.3421
405456 7.55483e+006 23.3549
405456 7.55483e+006 23.2017
405456 7.55483e+006 23.2017
405456 7.55483e+006 23.2017
405456 7.55483e+006 23.3549
405456 7.55483e+006 23.3549
405457 7.55483e+006 25.3421
405456 7.55483e+006 23.3549
405456 7.55483e+006 23.3549
405456 7.55483e+006 23.3549
405457 7.55483e+006 25.3421
405457 7.55483e+006 25.3421
405457 7.55483e+006 25.3421
405456 7.55483e+006 23.3549
405456 7.55483e+006 23.2017
405456 7.55483e+006 23.2017
405457 7.55483e+006 25.1889
405457 7.55483e+006 25.3421
405457 7.55483e+006 25.1889
405456 7.55483e+006 23.2017
405456 7.55483e+006 23.2017
405456 7.55483e+006 23.2017
405457 7.55483e+006 25.1889
405457 7.55483e+006 25.1889
405457 7.55483e+006 25.1889
405456 7.55483e+006 23.2017
405456 7.55483e+006 23.3549
405456 7.55483e+006 23.3549
405457 7.55483e+006 25.3421
405457 7.55483e+006 25.1889
405451 7.55483e+006 25.3421
405451 7.55483e+006 25.3421
405451 7.55483e+006 25.1889
405451 7.55483e+006 25.1889
405451 7.55483e+006 25.1889
405451 7.55483e+006 25.3421
405453 7.55483e+006 23.3549
405453 7.55483e+006 23.2017
405453 7.55483e+006 23.2017
405453 7.55483e+006 23.2017
405453 7.55483e+006 23.3549
405453 7.55483e+006 23.3549
405451 7.55483e+006 25.3421
405453 7.55483e+006 23.3549
405453 7.55483e+006 23.3549
405453 7.55483e+006 23.3549
405451 7.55483e+006 25.3421
405451 7.55483e+006 25.3421
405451 7.55483e+006 25.3421
405453 7.55483e+006 23.3549
405453 7.55483e+006 23.2017
405453 7.55483e+006 23.2017
405451 7.55483e+006 25.1889
405451 7.55483e+006 25.3421
405451 7.55483e+006 25.1889
405453 7.55483e+006 23.2017
405453 7.55483e+006 23.2017
405453 7.55483e+006 23.2017
405451 7.55483e+006 25.1889
405451 7.55483e+006 25.1889
405451 7.55483e+006 25.1889
405453 7.55483e+006 23.2017
405453 7.55483e+006 23.3549
405453 7.55483e+006 23.3549
405451 7.55483e+006 25.3421
405451 7.55483e+006 25.1889
405452 7.55483e+006 25.3421
405452 7.55483e+006 25.3421
405452 7.55483e+006 25.1889
405452 7.55483e+006 25.1889
405452 7.55483e+006 25.1889
405452 7.55483e+006 25.3421
405454 7.55483e+006 23.3549
405454 7.55483e+006 23.2017
405454 7.55483e+006 23.2017
405454 7.55483e+006 23.2017
405454 7.55483e+006 23.3549
405454 7.55483e+006 23.3549
405452 7.55483e+006 25.3421
405454 7.55483e+006 23.3549
405454 7.55483e+006 23.3549
405454 7.55483e+006 23.3549
405452 7.55483e+006 25.3421
405452 7.55483e+006 25.3421
405452 7.55483e+006 25.3421
405454 7.55483e+006 23.3549
405454 7.55483e+006 23.2017
405454 7.55483e+006 23.2017
405452 7.55483e+006 25.1889
405452 7.55483e+006 25.3421
405452 7.55483e+006 25.1889
405454 7.55483e+006 23.2017
405454 7.55483e+006 23.2017
405454 7.55483e+006 23.2017
405452 7.55483e+006 25.1889
405452 7.55483e+006 25.1889
405452 7.55483e+006 25.1889
405454 7.55483e+006 23.2017
405454 7.55483e+006 23.3549
405454 7.55483e+006 23.3549
405452 7.55483e+006 25.3421
405452 7.55483e+006 25.1889
405457 7.55483e+006 25.3421
405457 7.55483e+006 25.1889
405457 7.55483e+006 25.1889
405457 7.55483e+006 25.1889
405457 7.55483e+006 25.3421
405457 7.55483e+006 25.3421
405454 7.55483e+006 23.3549
405454 7.55483e+006 23.3549
405455 7.55483e+006 23.2017
405455 7.55483e+006 23.2017
405454 7.55483e+006 23.2017
405454 7.55483e+006 23.3549
405457 7.55483e+006 25.3421
405457 7.55483e+006 25.3421
405454 7.55483e+006 23.3549
405454 7.55483e+006 23.3549
405454 7.55483e+006 23.3549
405457 7.55483e+006 25.3421
405457 7.55483e+006 25.3421
405457 7.55483e+006 25.1889
405455 7.55483e+006 23.2017
405455 7.55483e+006 23.2017
405454 7.55483e+006 23.3549
405457 7.55483e+006 25.3421
405457 7.55483e+006 25.1889
405457 7.55483e+006 25.1889
405454 7.55483e+006 23.2017
405454 7.55483e+006 23.2017
405455 7.55483e+006 23.2017
405457 7.55483e+006 25.1889
405457 7.55483e+006 25.1889
405457 7.55483e+006 25.3421
405454 7.55483e+006 23.3549
405454 7.55483e+006 23.3549
405454 7.55483e+006 23.2017
405457 7.55483e+006 25.1889
405458 7.55483e+006 25.3421
405458 7.55483e+006 25.1889
405458 7.55483e+006 25.1889
405458 7.55483e+006 25.1889
405458 7.55483e+006 25.3421
405458 7.55483e+006 25.3421
405455 7.55483e+006 23.3549
405456 7.55483e+006 23.3549
405456 7.55483e+006 23.2017
405456 7.55483e+006 23.2017
405456 7.55483e+006 23.2017
405455 7.55483e+006 23.3549
405458 7.55483e+006 25.3421
405458 7.55483e+006 25.3421
405456 7.55483e+006 23.3549
405456 7.55483e+006 23.3549
405455 7.55483e+006 23.3549
405458 7.55483e+006 25.3421
405458 7.55483e+006 25.3421
405458 7.55483e+006 25.1889
405456 7.55483e+006 23.2017
405456 7.55483e+006 23.2017
405456 7.55483e+006 23.3549
405458 7.55483e+006 25.3421
405458 7.55483e+006 25.1889
405458 7.55483e+006 25.1889
405456 7.55483e+006 23.2017
405456 7.55483e+006 23.2017
405456 7.55483e+006 23.2017
405458 7.55483e+006 25.1889
405458 7.55483e+006 25.1889
405458 7.55483e+006 25.3421
405455 7.55483e+006 23.3549
405455 7.55483e+006 23.3549
405456 7.55483e+006 23.2017
405458 7.55483e+006 25.1889
405456 7.55483e+006 27.8396
405451 7.55483e+006 27.8396
405451 7.55483e+006 25.5541
405451 7.55483e+006 25.5541
405456 7.55483e+006 25.5541
405456 7.55483e+006 27.8396
