398021 7.55154e+006 -282.458
398021 7.55154e+006 -282.458
398021 7.55154e+006 -282.458
398021 7.55154e+006 -282.458
398021 7.55154e+006 -282.458
398021 7.55154e+006 -282.458
398021 7.55154e+006 -282.166
398021 7.55154e+006 -282.166
398021 7.55154e+006 -282.166
398021 7.55154e+006 -282.166
398021 7.55154e+006 -282.166
398021 7.55154e+006 -282.166
398021 7.55154e+006 -282.458
398021 7.55154e+006 -282.458
398021 7.55154e+006 -282.166
398021 7.55154e+006 -282.166
398021 7.55154e+006 -282.166
398021 7.55154e+006 -282.458
398021 7.55154e+006 -282.458
398021 7.55154e+006 -282.458
398021 7.55154e+006 -282.166
398021 7.55154e+006 -282.166
398021 7.55154e+006 -282.166
398021 7.55154e+006 -282.458
398022 7.55154e+006 -282.458
398022 7.55154e+006 -282.458
398022 7.55154e+006 -282.458
398022 7.55154e+006 -282.458
398022 7.55154e+006 -282.458
398022 7.55154e+006 -282.458
398022 7.55154e+006 -282.166
398022 7.55154e+006 -282.166
398022 7.55154e+006 -282.166
398022 7.55154e+006 -282.166
398022 7.55154e+006 -282.166
398022 7.55154e+006 -282.166
398022 7.55154e+006 -282.458
398022 7.55154e+006 -282.458
398022 7.55154e+006 -282.166
398022 7.55154e+006 -282.166
398022 7.55154e+006 -282.166
398022 7.55154e+006 -282.458
398022 7.55154e+006 -282.458
398022 7.55154e+006 -282.458
398022 7.55154e+006 -282.166
398022 7.55154e+006 -282.166
398022 7.55154e+006 -282.166
398022 7.55154e+006 -282.458
398024 7.55154e+006 -282.458
398024 7.55154e+006 -282.458
398024 7.55154e+006 -282.458
398024 7.55154e+006 -282.458
398025 7.55154e+006 -282.458
398024 7.55154e+006 -282.458
398024 7.55154e+006 -282.166
398025 7.55154e+006 -282.166
398024 7.55154e+006 -282.166
398024 7.55154e+006 -282.166
398024 7.55154e+006 -282.166
398024 7.55154e+006 -282.166
398025 7.55154e+006 -282.458
398024 7.55154e+006 -282.458
398024 7.55154e+006 -282.166
398024 7.55154e+006 -282.166
398025 7.55154e+006 -282.166
398025 7.55154e+006 -282.458
398024 7.55154e+006 -282.458
398024 7.55154e+006 -282.458
398024 7.55154e+006 -282.166
398024 7.55154e+006 -282.166
398024 7.55154e+006 -282.166
398024 7.55154e+006 -282.458
398023 7.55154e+006 -282.458
398023 7.55154e+006 -282.458
398023 7.55154e+006 -282.458
398023 7.55154e+006 -282.458
398023 7.55154e+006 -282.458
398023 7.55154e+006 -282.458
398023 7.55154e+006 -282.166
398023 7.55154e+006 -282.166
398023 7.55154e+006 -282.166
398023 7.55154e+006 -282.166
398023 7.55154e+006 -282.166
398023 7.55154e+006 -282.166
398023 7.55154e+006 -282.458
398023 7.55154e+006 -282.458
398023 7.55154e+006 -282.166
398023 7.55154e+006 -282.166
398023 7.55154e+006 -282.166
398023 7.55154e+006 -282.458
398023 7.55154e+006 -282.458
398023 7.55154e+006 -282.458
398023 7.55154e+006 -282.166
398023 7.55154e+006 -282.166
398023 7.55154e+006 -282.166
398023 7.55154e+006 -282.458
398022 7.55154e+006 -282.89
398022 7.55154e+006 -281.649
398022 7.55154e+006 -281.649
398022 7.55154e+006 -281.649
398022 7.55154e+006 -282.89
398022 7.55154e+006 -282.89
398022 7.55154e+006 -282.89
398022 7.55154e+006 -281.649
398022 7.55154e+006 -281.649
398022 7.55154e+006 -281.649
398022 7.55154e+006 -282.89
398022 7.55154e+006 -282.89
398022 7.55154e+006 -282.89
398022 7.55154e+006 -281.649
398022 7.55154e+006 -281.649
398022 7.55154e+006 -281.649
398022 7.55154e+006 -282.89
398022 7.55154e+006 -282.89
398022 7.55154e+006 -282.89
398022 7.55154e+006 -281.649
398022 7.55154e+006 -281.649
398022 7.55154e+006 -281.649
398022 7.55154e+006 -282.89
398022 7.55154e+006 -282.89
398023 7.55154e+006 -282.89
398023 7.55154e+006 -281.649
398022 7.55154e+006 -281.649
398022 7.55154e+006 -281.649
398022 7.55154e+006 -282.89
398023 7.55154e+006 -282.89
398023 7.55154e+006 -282.89
398023 7.55154e+006 -281.649
398023 7.55154e+006 -281.649
398023 7.55154e+006 -281.649
398023 7.55154e+006 -282.89
398023 7.55154e+006 -282.89
398023 7.55154e+006 -282.89
398023 7.55154e+006 -281.649
398023 7.55154e+006 -281.649
398023 7.55154e+006 -281.649
398023 7.55154e+006 -282.89
398023 7.55154e+006 -282.89
398023 7.55154e+006 -282.89
398023 7.55154e+006 -281.649
398023 7.55154e+006 -281.649
398023 7.55154e+006 -281.649
398023 7.55154e+006 -282.89
398023 7.55154e+006 -282.89
398023 7.55154e+006 -282.89
398023 7.55154e+006 -281.649
398023 7.55154e+006 -281.649
398023 7.55154e+006 -281.649
398023 7.55154e+006 -282.89
398023 7.55154e+006 -282.89
398023 7.55154e+006 -282.89
398023 7.55154e+006 -281.649
398023 7.55154e+006 -281.649
398023 7.55154e+006 -281.649
398023 7.55154e+006 -282.89
398023 7.55154e+006 -282.89
398023 7.55154e+006 -282.89
398023 7.55154e+006 -281.649
398023 7.55154e+006 -281.649
398023 7.55154e+006 -281.649
398023 7.55154e+006 -282.89
398023 7.55154e+006 -282.89
398022 7.55154e+006 -282.89
398022 7.55154e+006 -281.649
398023 7.55154e+006 -281.649
398023 7.55154e+006 -281.649
398023 7.55154e+006 -282.89
398022 7.55154e+006 -282.89
398023 7.55154e+006 -281.649
398023 7.55154e+006 -281.649
398022 7.55154e+006 -281.649
398023 7.55154e+006 -281.649
398023 7.55154e+006 -281.649
398022 7.55154e+006 -281.649
398023 7.55154e+006 -281.649
398023 7.55154e+006 -281.649
398022 7.55154e+006 -281.649
398023 7.55154e+006 -281.649
398023 7.55154e+006 -281.649
398022 7.55154e+006 -281.649
398023 7.55154e+006 -281.649
398023 7.55154e+006 -281.649
398022 7.55154e+006 -281.649
398023 7.55154e+006 -281.649
398023 7.55154e+006 -281.649
398022 7.55154e+006 -281.649
398022 7.55154e+006 -281.649
398023 7.55154e+006 -281.649
398022 7.55154e+006 -281.649
398022 7.55154e+006 -281.649
398022 7.55154e+006 -281.649
398022 7.55154e+006 -281.649
398022 7.55154e+006 -281.649
398022 7.55154e+006 -281.649
398022 7.55154e+006 -281.649
398022 7.55154e+006 -281.649
398022 7.55154e+006 -281.649
398022 7.55154e+006 -281.649
398022 7.55154e+006 -282.89
398022 7.55154e+006 -282.89
398022 7.55154e+006 -282.89
398022 7.55154e+006 -282.89
398023 7.55154e+006 -282.89
398023 7.55154e+006 -282.89
398022 7.55154e+006 -282.89
398023 7.55154e+006 -282.89
398023 7.55154e+006 -282.89
398022 7.55154e+006 -282.89
398023 7.55154e+006 -282.89
398023 7.55154e+006 -282.89
398022 7.55154e+006 -282.89
398023 7.55154e+006 -282.89
398023 7.55154e+006 -282.89
398022 7.55154e+006 -282.89
398023 7.55154e+006 -282.89
398023 7.55154e+006 -282.89
398022 7.55154e+006 -282.89
398023 7.55154e+006 -282.89
398023 7.55154e+006 -282.89
398022 7.55154e+006 -282.89
398023 7.55154e+006 -282.89
398022 7.55154e+006 -282.89
398022 7.55154e+006 -282.89
398022 7.55154e+006 -282.89
398022 7.55154e+006 -282.89
398022 7.55154e+006 -282.89
398022 7.55154e+006 -282.89
398022 7.55154e+006 -282.89
398023 7.55154e+006 -281.691
398023 7.55154e+006 -281.691
398023 7.55154e+006 -281.153
398023 7.55154e+006 -281.153
398023 7.55154e+006 -281.153
398023 7.55154e+006 -281.691
398023 7.55154e+006 -281.691
398023 7.55154e+006 -281.691
398023 7.55154e+006 -281.153
398023 7.55154e+006 -281.153
398023 7.55154e+006 -281.153
398023 7.55154e+006 -281.691
398023 7.55154e+006 -281.691
398023 7.55154e+006 -281.691
398023 7.55154e+006 -281.153
398023 7.55154e+006 -281.153
398023 7.55154e+006 -281.153
398023 7.55154e+006 -281.691
398023 7.55154e+006 -281.691
398023 7.55154e+006 -281.691
398023 7.55154e+006 -281.153
398023 7.55154e+006 -281.153
398023 7.55154e+006 -281.153
398023 7.55154e+006 -281.691
398023 7.55154e+006 -281.691
398023 7.55154e+006 -281.691
398023 7.55154e+006 -281.153
398023 7.55154e+006 -281.153
398023 7.55154e+006 -281.153
398023 7.55154e+006 -281.691
398023 7.55154e+006 -281.691
398022 7.55154e+006 -281.691
398022 7.55154e+006 -281.153
398022 7.55154e+006 -281.153
398023 7.55154e+006 -281.153
398023 7.55154e+006 -281.691
398022 7.55154e+006 -281.691
398022 7.55154e+006 -281.691
398022 7.55154e+006 -281.153
398022 7.55154e+006 -281.153
398022 7.55154e+006 -281.153
398022 7.55154e+006 -281.691
398022 7.55154e+006 -281.691
398022 7.55154e+006 -281.691
398022 7.55154e+006 -281.153
398022 7.55154e+006 -281.153
398022 7.55154e+006 -281.153
398022 7.55154e+006 -281.691
398022 7.55154e+006 -281.691
398022 7.55154e+006 -281.691
398022 7.55154e+006 -281.153
398022 7.55154e+006 -281.153
398022 7.55154e+006 -281.153
398022 7.55154e+006 -281.691
398022 7.55154e+006 -281.691
398022 7.55154e+006 -281.691
398022 7.55154e+006 -281.153
398022 7.55154e+006 -281.153
398022 7.55154e+006 -281.153
398022 7.55154e+006 -281.691
398022 7.55154e+006 -281.691
398023 7.55154e+006 -281.691
398023 7.55154e+006 -281.153
398023 7.55154e+006 -281.153
398022 7.55154e+006 -281.153
398022 7.55154e+006 -281.691
398023 7.55154e+006 -281.691
398023 7.55154e+006 -281.691
398023 7.55154e+006 -281.153
398023 7.55154e+006 -281.153
398023 7.55154e+006 -281.153
398023 7.55154e+006 -281.691
398022 7.55154e+006 -281.691
398022 7.55154e+006 -281.691
398022 7.55154e+006 -281.691
398022 7.55154e+006 -281.691
398022 7.55154e+006 -281.691
398022 7.55154e+006 -281.691
398022 7.55154e+006 -281.691
398023 7.55154e+006 -281.691
398023 7.55154e+006 -281.691
398022 7.55154e+006 -281.691
398022 7.55154e+006 -281.691
398023 7.55154e+006 -281.691
398023 7.55154e+006 -281.691
398023 7.55154e+006 -281.691
398023 7.55154e+006 -281.691
398023 7.55154e+006 -281.691
398023 7.55154e+006 -281.691
398023 7.55154e+006 -281.691
398023 7.55154e+006 -281.691
398023 7.55154e+006 -281.691
398023 7.55154e+006 -281.691
398022 7.55154e+006 -281.691
398023 7.55154e+006 -281.691
398023 7.55154e+006 -281.691
398022 7.55154e+006 -281.691
398022 7.55154e+006 -281.691
398023 7.55154e+006 -281.691
398023 7.55154e+006 -281.691
398022 7.55154e+006 -281.691
398023 7.55154e+006 -281.691
398023 7.55154e+006 -281.153
398023 7.55154e+006 -281.153
398023 7.55154e+006 -281.153
398023 7.55154e+006 -281.153
398023 7.55154e+006 -281.153
398023 7.55154e+006 -281.153
398023 7.55154e+006 -281.153
398022 7.55154e+006 -281.153
398022 7.55154e+006 -281.153
398023 7.55154e+006 -281.153
398023 7.55154e+006 -281.153
398022 7.55154e+006 -281.153
398022 7.55154e+006 -281.153
398022 7.55154e+006 -281.153
398022 7.55154e+006 -281.153
398022 7.55154e+006 -281.153
398022 7.55154e+006 -281.153
398023 7.55154e+006 -281.153
398022 7.55154e+006 -281.153
398022 7.55154e+006 -281.153
398023 7.55154e+006 -281.153
398023 7.55154e+006 -281.153
398022 7.55154e+006 -281.153
398023 7.55154e+006 -281.153
398023 7.55154e+006 -281.153
398023 7.55154e+006 -281.153
398023 7.55154e+006 -281.153
398023 7.55154e+006 -281.153
398023 7.55154e+006 -281.153
398023 7.55154e+006 -281.153
398021 7.55154e+006 -283.355
398021 7.55154e+006 -283.531
398021 7.55154e+006 -283.531
398021 7.55154e+006 -283.531
398021 7.55154e+006 -283.355
398021 7.55154e+006 -283.355
398022 7.55154e+006 -282.89
398021 7.55154e+006 -283.355
398021 7.55154e+006 -283.355
398021 7.55154e+006 -283.355
398022 7.55154e+006 -282.89
398022 7.55154e+006 -282.89
398022 7.55154e+006 -282.89
398022 7.55154e+006 -282.89
398022 7.55154e+006 -282.89
398022 7.55154e+006 -282.89
398022 7.55154e+006 -282.89
398022 7.55154e+006 -282.89
398021 7.55154e+006 -283.531
398022 7.55154e+006 -283.532
398022 7.55154e+006 -283.532
398022 7.55154e+006 -283.532
398021 7.55154e+006 -283.531
398021 7.55154e+006 -283.531
398022 7.55154e+006 -282.89
398021 7.55154e+006 -283.355
398021 7.55154e+006 -283.531
398022 7.55154e+006 -282.89
398022 7.55154e+006 -282.89
398021 7.55154e+006 -283.531
398022 7.55154e+006 -283.222
398022 7.55154e+006 -282.89
398021 7.55154e+006 -283.531
398022 7.55154e+006 -283.222
398021 7.55154e+006 -283.531
398022 7.55154e+006 -283.532
398022 7.55154e+006 -283.222
398022 7.55154e+006 -283.532
398021 7.55154e+006 -283.531
398021 7.55154e+006 -283.531
398021 7.55154e+006 -283.355
398022 7.55154e+006 -282.89
398021 7.55154e+006 -283.531
398022 7.55154e+006 -282.89
398022 7.55154e+006 -282.89
398022 7.55154e+006 -283.222
398021 7.55154e+006 -283.531
398022 7.55154e+006 -282.89
398022 7.55154e+006 -283.355
398022 7.55154e+006 -283.531
398022 7.55154e+006 -283.531
398022 7.55154e+006 -283.531
398022 7.55154e+006 -283.355
398022 7.55154e+006 -283.355
398022 7.55154e+006 -282.89
398022 7.55154e+006 -283.355
398022 7.55154e+006 -283.355
398022 7.55154e+006 -283.355
398022 7.55154e+006 -282.89
398022 7.55154e+006 -282.89
398022 7.55154e+006 -282.89
398022 7.55154e+006 -282.89
398022 7.55154e+006 -282.89
398022 7.55154e+006 -282.89
398022 7.55154e+006 -282.89
398022 7.55154e+006 -282.89
398022 7.55154e+006 -283.531
398022 7.55154e+006 -283.532
398022 7.55154e+006 -283.532
398022 7.55154e+006 -283.532
398022 7.55154e+006 -283.531
398022 7.55154e+006 -283.531
398022 7.55154e+006 -282.89
398022 7.55154e+006 -283.355
398022 7.55154e+006 -283.531
398022 7.55154e+006 -282.89
398022 7.55154e+006 -282.89
398022 7.55154e+006 -283.531
398022 7.55154e+006 -283.222
398022 7.55154e+006 -282.89
398022 7.55154e+006 -283.531
398022 7.55154e+006 -283.222
398022 7.55154e+006 -283.531
398022 7.55154e+006 -283.532
398022 7.55154e+006 -283.222
398022 7.55154e+006 -283.532
398022 7.55154e+006 -283.531
398022 7.55154e+006 -283.531
398022 7.55154e+006 -283.355
398022 7.55154e+006 -282.89
398022 7.55154e+006 -283.531
398022 7.55154e+006 -282.89
398022 7.55154e+006 -282.89
398022 7.55154e+006 -283.222
398022 7.55154e+006 -283.531
398022 7.55154e+006 -282.89
398024 7.55154e+006 -283.355
398024 7.55154e+006 -283.531
398024 7.55154e+006 -283.531
398024 7.55154e+006 -283.531
398024 7.55154e+006 -283.355
398024 7.55154e+006 -283.355
398023 7.55154e+006 -282.89
398024 7.55154e+006 -283.355
398024 7.55154e+006 -283.355
398024 7.55154e+006 -283.355
398023 7.55154e+006 -282.89
398023 7.55154e+006 -282.89
398023 7.55154e+006 -282.89
398023 7.55154e+006 -282.89
398023 7.55154e+006 -282.89
398023 7.55154e+006 -282.89
398023 7.55154e+006 -282.89
398023 7.55154e+006 -282.89
398024 7.55154e+006 -283.531
398023 7.55154e+006 -283.532
398023 7.55154e+006 -283.532
398023 7.55154e+006 -283.532
398024 7.55154e+006 -283.531
398024 7.55154e+006 -283.531
398023 7.55154e+006 -282.89
398024 7.55154e+006 -283.355
398024 7.55154e+006 -283.531
398023 7.55154e+006 -282.89
398023 7.55154e+006 -282.89
398024 7.55154e+006 -283.531
398023 7.55154e+006 -283.222
398023 7.55154e+006 -282.89
398024 7.55154e+006 -283.531
398023 7.55154e+006 -283.222
398024 7.55154e+006 -283.531
398023 7.55154e+006 -283.532
398023 7.55154e+006 -283.222
398023 7.55154e+006 -283.532
398024 7.55154e+006 -283.531
398024 7.55154e+006 -283.531
398024 7.55154e+006 -283.355
398023 7.55154e+006 -282.89
398024 7.55154e+006 -283.531
398023 7.55154e+006 -282.89
398023 7.55154e+006 -282.89
398023 7.55154e+006 -283.222
398024 7.55154e+006 -283.531
398023 7.55154e+006 -282.89
398024 7.55154e+006 -283.355
398024 7.55154e+006 -283.531
398024 7.55154e+006 -283.531
398024 7.55154e+006 -283.531
398024 7.55154e+006 -283.355
398024 7.55154e+006 -283.355
398024 7.55154e+006 -282.89
398024 7.55154e+006 -283.355
398024 7.55154e+006 -283.355
398024 7.55154e+006 -283.355
398024 7.55154e+006 -282.89
398024 7.55154e+006 -282.89
398023 7.55154e+006 -282.89
398024 7.55154e+006 -282.89
398024 7.55154e+006 -282.89
398024 7.55154e+006 -282.89
398023 7.55154e+006 -282.89
398023 7.55154e+006 -282.89
398024 7.55154e+006 -283.531
398023 7.55154e+006 -283.532
398023 7.55154e+006 -283.532
398023 7.55154e+006 -283.532
398024 7.55154e+006 -283.531
398024 7.55154e+006 -283.531
398024 7.55154e+006 -282.89
398024 7.55154e+006 -283.355
398024 7.55154e+006 -283.531
398023 7.55154e+006 -282.89
398024 7.55154e+006 -282.89
398024 7.55154e+006 -283.531
398023 7.55154e+006 -283.222
398023 7.55154e+006 -282.89
398024 7.55154e+006 -283.531
398023 7.55154e+006 -283.222
398024 7.55154e+006 -283.531
398023 7.55154e+006 -283.532
398023 7.55154e+006 -283.222
398023 7.55154e+006 -283.532
398024 7.55154e+006 -283.531
398024 7.55154e+006 -283.531
398024 7.55154e+006 -283.355
398024 7.55154e+006 -282.89
398024 7.55154e+006 -283.531
398024 7.55154e+006 -282.89
398023 7.55154e+006 -282.89
398023 7.55154e+006 -283.222
398024 7.55154e+006 -283.531
398023 7.55154e+006 -282.89
398024 7.55154e+006 -283.355
398024 7.55154e+006 -283.531
398024 7.55154e+006 -283.531
398024 7.55154e+006 -283.531
398024 7.55154e+006 -283.355
398024 7.55154e+006 -283.355
398023 7.55154e+006 -282.89
398024 7.55154e+006 -283.355
398024 7.55154e+006 -283.355
398024 7.55154e+006 -283.355
398023 7.55154e+006 -282.89
398023 7.55154e+006 -282.89
398023 7.55154e+006 -282.89
398023 7.55154e+006 -282.89
398023 7.55154e+006 -282.89
398023 7.55154e+006 -282.89
398023 7.55154e+006 -282.89
398023 7.55154e+006 -282.89
398024 7.55154e+006 -283.531
398023 7.55154e+006 -283.532
398023 7.55154e+006 -283.532
398023 7.55154e+006 -283.532
398024 7.55154e+006 -283.531
398024 7.55154e+006 -283.531
398023 7.55154e+006 -282.89
398024 7.55154e+006 -283.355
398024 7.55154e+006 -283.531
398023 7.55154e+006 -282.89
398023 7.55154e+006 -282.89
398024 7.55154e+006 -283.531
398023 7.55154e+006 -283.222
398023 7.55154e+006 -282.89
398024 7.55154e+006 -283.531
398023 7.55154e+006 -283.222
398024 7.55154e+006 -283.531
398023 7.55154e+006 -283.532
398023 7.55154e+006 -283.222
398023 7.55154e+006 -283.532
398024 7.55154e+006 -283.531
398024 7.55154e+006 -283.531
398024 7.55154e+006 -283.355
398023 7.55154e+006 -282.89
398024 7.55154e+006 -283.531
398023 7.55154e+006 -282.89
398023 7.55154e+006 -282.89
398023 7.55154e+006 -283.222
398024 7.55154e+006 -283.531
398023 7.55154e+006 -282.89
398023 7.55154e+006 -283.355
398023 7.55154e+006 -283.531
398023 7.55154e+006 -283.531
398023 7.55154e+006 -283.531
398023 7.55154e+006 -283.355
398023 7.55154e+006 -283.355
398023 7.55154e+006 -282.89
398023 7.55154e+006 -283.355
398023 7.55154e+006 -283.355
398023 7.55154e+006 -283.355
398023 7.55154e+006 -282.89
398023 7.55154e+006 -282.89
398023 7.55154e+006 -282.89
398023 7.55154e+006 -282.89
398023 7.55154e+006 -282.89
398023 7.55154e+006 -282.89
398023 7.55154e+006 -282.89
398023 7.55154e+006 -282.89
398023 7.55154e+006 -283.531
398023 7.55154e+006 -283.532
398023 7.55154e+006 -283.532
398023 7.55154e+006 -283.532
398023 7.55154e+006 -283.531
398023 7.55154e+006 -283.531
398023 7.55154e+006 -282.89
398023 7.55154e+006 -283.355
398023 7.55154e+006 -283.531
398023 7.55154e+006 -282.89
398023 7.55154e+006 -282.89
398023 7.55154e+006 -283.531
398023 7.55154e+006 -283.222
398023 7.55154e+006 -282.89
398023 7.55154e+006 -283.531
398023 7.55154e+006 -283.222
398023 7.55154e+006 -283.531
398023 7.55154e+006 -283.532
398023 7.55154e+006 -283.222
398023 7.55154e+006 -283.532
398023 7.55154e+006 -283.531
398023 7.55154e+006 -283.531
398023 7.55154e+006 -283.355
398023 7.55154e+006 -282.89
398023 7.55154e+006 -283.531
398023 7.55154e+006 -282.89
398023 7.55154e+006 -282.89
398023 7.55154e+006 -283.222
398023 7.55154e+006 -283.531
398023 7.55154e+006 -282.89
398022 7.55154e+006 -283.355
398022 7.55154e+006 -283.531
398022 7.55154e+006 -283.531
398022 7.55154e+006 -283.531
398022 7.55154e+006 -283.355
398022 7.55154e+006 -283.355
398022 7.55154e+006 -282.89
398022 7.55154e+006 -283.355
398022 7.55154e+006 -283.355
398022 7.55154e+006 -283.355
398022 7.55154e+006 -282.89
398022 7.55154e+006 -282.89
398022 7.55154e+006 -282.89
398022 7.55154e+006 -282.89
398022 7.55154e+006 -282.89
398022 7.55154e+006 -282.89
398022 7.55154e+006 -282.89
398022 7.55154e+006 -282.89
398022 7.55154e+006 -283.531
398022 7.55154e+006 -283.532
398022 7.55154e+006 -283.532
398022 7.55154e+006 -283.532
398022 7.55154e+006 -283.531
398022 7.55154e+006 -283.531
398022 7.55154e+006 -282.89
398022 7.55154e+006 -283.355
398022 7.55154e+006 -283.531
398022 7.55154e+006 -282.89
398022 7.55154e+006 -282.89
398022 7.55154e+006 -283.531
398022 7.55154e+006 -283.222
398022 7.55154e+006 -282.89
398022 7.55154e+006 -283.531
398022 7.55154e+006 -283.222
398022 7.55154e+006 -283.531
398022 7.55154e+006 -283.532
398022 7.55154e+006 -283.222
398022 7.55154e+006 -283.532
398022 7.55154e+006 -283.531
398022 7.55154e+006 -283.531
398022 7.55154e+006 -283.355
398022 7.55154e+006 -282.89
398022 7.55154e+006 -283.531
398022 7.55154e+006 -282.89
398022 7.55154e+006 -282.89
398022 7.55154e+006 -283.222
398022 7.55154e+006 -283.531
398022 7.55154e+006 -282.89
398021 7.55154e+006 -283.355
398021 7.55154e+006 -283.531
398021 7.55154e+006 -283.531
398021 7.55154e+006 -283.531
398021 7.55154e+006 -283.355
398021 7.55154e+006 -283.355
398022 7.55154e+006 -282.89
398021 7.55154e+006 -283.355
398021 7.55154e+006 -283.355
398021 7.55154e+006 -283.355
398022 7.55154e+006 -282.89
398022 7.55154e+006 -282.89
398022 7.55154e+006 -282.89
398022 7.55154e+006 -282.89
398022 7.55154e+006 -282.89
398022 7.55154e+006 -282.89
398022 7.55154e+006 -282.89
398022 7.55154e+006 -282.89
398021 7.55154e+006 -283.531
398022 7.55154e+006 -283.532
398022 7.55154e+006 -283.532
398022 7.55154e+006 -283.532
398021 7.55154e+006 -283.531
398021 7.55154e+006 -283.531
398022 7.55154e+006 -282.89
398021 7.55154e+006 -283.355
398021 7.55154e+006 -283.531
398022 7.55154e+006 -282.89
398022 7.55154e+006 -282.89
398021 7.55154e+006 -283.531
398022 7.55154e+006 -283.222
398022 7.55154e+006 -282.89
398021 7.55154e+006 -283.531
398022 7.55154e+006 -283.222
398021 7.55154e+006 -283.531
398022 7.55154e+006 -283.532
398022 7.55154e+006 -283.222
398022 7.55154e+006 -283.532
398021 7.55154e+006 -283.531
398021 7.55154e+006 -283.531
398021 7.55154e+006 -283.355
398022 7.55154e+006 -282.89
398021 7.55154e+006 -283.531
398022 7.55154e+006 -282.89
398022 7.55154e+006 -282.89
398022 7.55154e+006 -283.222
398021 7.55154e+006 -283.531
398022 7.55154e+006 -282.89
398021 7.55154e+006 -283.355
398021 7.55154e+006 -283.531
398021 7.55154e+006 -283.531
398021 7.55154e+006 -283.531
398021 7.55154e+006 -283.355
398021 7.55154e+006 -283.355
398022 7.55154e+006 -282.89
398021 7.55154e+006 -283.355
398021 7.55154e+006 -283.355
398021 7.55154e+006 -283.355
398022 7.55154e+006 -282.89
398022 7.55154e+006 -282.89
398022 7.55154e+006 -282.89
398022 7.55154e+006 -282.89
398022 7.55154e+006 -282.89
398022 7.55154e+006 -282.89
398022 7.55154e+006 -282.89
398022 7.55154e+006 -282.89
398021 7.55154e+006 -283.531
398022 7.55154e+006 -283.532
398022 7.55154e+006 -283.532
398022 7.55154e+006 -283.532
398021 7.55154e+006 -283.531
398021 7.55154e+006 -283.531
398022 7.55154e+006 -282.89
398021 7.55154e+006 -283.355
398021 7.55154e+006 -283.531
398022 7.55154e+006 -282.89
398022 7.55154e+006 -282.89
398021 7.55154e+006 -283.531
398022 7.55154e+006 -283.222
398022 7.55154e+006 -282.89
398021 7.55154e+006 -283.531
398022 7.55154e+006 -283.222
398021 7.55154e+006 -283.531
398022 7.55154e+006 -283.532
398022 7.55154e+006 -283.222
398022 7.55154e+006 -283.532
398021 7.55154e+006 -283.531
398021 7.55154e+006 -283.531
398021 7.55154e+006 -283.355
398022 7.55154e+006 -282.89
398021 7.55154e+006 -283.531
398022 7.55154e+006 -282.89
398022 7.55154e+006 -282.89
398022 7.55154e+006 -283.222
398021 7.55154e+006 -283.531
398022 7.55154e+006 -282.89
