405398 7.55479e+006 25.1127
405398 7.55479e+006 25.0127
405398 7.55479e+006 25.0126
405398 7.55479e+006 25.0126
405398 7.55479e+006 25.1126
405398 7.55479e+006 25.1127
405398 7.55479e+006 25.1127
405400 7.55479e+006 25.115
405400 7.55479e+006 25.015
405400 7.55479e+006 25.015
405398 7.55479e+006 25.0127
405398 7.55479e+006 25.1127
405398 7.55479e+006 25.1126
405400 7.55479e+006 25.1149
405400 7.55479e+006 25.115
405400 7.55479e+006 25.115
405398 7.55479e+006 25.1127
405398 7.55479e+006 25.1126
405400 7.55479e+006 25.0149
405401 7.55479e+006 25.0163
405401 7.55479e+006 25.1163
405401 7.55479e+006 25.1163
405400 7.55479e+006 25.1149
405400 7.55479e+006 25.0149
405400 7.55479e+006 25.115
405400 7.55479e+006 25.1149
405401 7.55479e+006 25.1163
405401 7.55479e+006 25.1163
405402 7.55479e+006 25.1165
405400 7.55479e+006 25.115
405400 7.55479e+006 25.015
405402 7.55479e+006 25.0165
405401 7.55479e+006 25.0163
405401 7.55479e+006 25.0163
405400 7.55479e+006 25.0149
405400 7.55479e+006 25.015
405402 7.55479e+006 25.1165
405402 7.55479e+006 25.0165
405400 7.55479e+006 25.015
405400 7.55479e+006 25.015
405400 7.55479e+006 25.115
405402 7.55479e+006 25.1165
405401 7.55479e+006 25.1163
405401 7.55479e+006 25.0163
405402 7.55479e+006 25.0165
405402 7.55479e+006 25.0165
405402 7.55479e+006 25.1165
405401 7.55479e+006 25.1163
405398 7.55479e+006 25.1126
405398 7.55479e+006 25.0126
405400 7.55479e+006 25.0149
405400 7.55479e+006 25.0149
405400 7.55479e+006 25.1149
405398 7.55479e+006 25.1126
405398 7.55479e+006 25.0126
405398 7.55479e+006 25.0127
405400 7.55479e+006 25.015
405400 7.55479e+006 25.015
405400 7.55479e+006 25.0149
405398 7.55479e+006 25.0126
