405444 7.55484e+006 7.33089
405444 7.55484e+006 8.19325
405443 7.55484e+006 8.1531
405443 7.55484e+006 8.1531
405443 7.55484e+006 7.29075
405444 7.55484e+006 7.33089
405443 7.55484e+006 7.29075
405443 7.55484e+006 8.1531
405443 7.55484e+006 8.15311
405443 7.55484e+006 8.15311
405443 7.55484e+006 7.29075
405443 7.55484e+006 7.29075
405443 7.55484e+006 7.29075
405443 7.55484e+006 8.15311
405443 7.55484e+006 8.19326
405443 7.55484e+006 8.19326
405443 7.55484e+006 7.3309
405443 7.55484e+006 7.29075
405443 7.55484e+006 7.3309
405443 7.55484e+006 8.19326
405443 7.55484e+006 8.23341
405443 7.55484e+006 8.23341
405443 7.55484e+006 7.37105
405443 7.55484e+006 7.3309
405443 7.55484e+006 7.37105
405443 7.55484e+006 8.23341
405444 7.55484e+006 8.2334
405444 7.55484e+006 8.2334
405444 7.55484e+006 7.37105
405443 7.55484e+006 7.37105
405444 7.55484e+006 7.37105
405444 7.55484e+006 8.2334
405444 7.55484e+006 8.19325
405444 7.55484e+006 8.19325
405444 7.55484e+006 7.33089
405444 7.55484e+006 7.37105
405444 7.55484e+006 7.13585
405443 7.55484e+006 7.07346
405443 7.55484e+006 7.07347
405443 7.55484e+006 7.07347
405443 7.55484e+006 7.13587
405443 7.55484e+006 7.19826
405444 7.55484e+006 7.13585
405443 7.55484e+006 7.07347
405443 7.55484e+006 7.19826
405444 7.55484e+006 7.19825
405444 7.55484e+006 7.13585
405443 7.55484e+006 7.19826
405444 7.55484e+006 8.2334
405443 7.55484e+006 8.23341
405443 7.55484e+006 8.19326
405443 7.55484e+006 8.19326
405443 7.55484e+006 8.15311
405443 7.55484e+006 8.1531
405444 7.55484e+006 8.2334
405443 7.55484e+006 8.19326
405443 7.55484e+006 8.1531
405444 7.55484e+006 8.19325
405444 7.55484e+006 8.2334
405443 7.55484e+006 8.1531
405443 7.55484e+006 7.29075
405443 7.55484e+006 7.07346
405444 7.55484e+006 7.13585
405444 7.55484e+006 7.13585
405444 7.55484e+006 7.33089
405443 7.55484e+006 7.29075
405444 7.55484e+006 7.33089
405444 7.55484e+006 7.13585
405444 7.55484e+006 7.19825
405444 7.55484e+006 7.19825
405444 7.55484e+006 7.37105
405444 7.55484e+006 7.33089
405444 7.55484e+006 7.37105
405444 7.55484e+006 7.19825
405443 7.55484e+006 7.19826
405443 7.55484e+006 7.19826
405443 7.55484e+006 7.37105
405444 7.55484e+006 7.37105
405443 7.55484e+006 7.37105
405443 7.55484e+006 7.19826
405443 7.55484e+006 7.13587
405443 7.55484e+006 7.13587
405443 7.55484e+006 7.3309
405443 7.55484e+006 7.37105
405443 7.55484e+006 7.3309
405443 7.55484e+006 7.13587
405443 7.55484e+006 7.07347
405443 7.55484e+006 7.07347
405443 7.55484e+006 7.29075
405443 7.55484e+006 7.3309
405443 7.55484e+006 7.29075
405443 7.55484e+006 7.07347
405443 7.55484e+006 7.07346
405443 7.55484e+006 7.07346
405443 7.55484e+006 7.29075
405443 7.55484e+006 7.29075
405445 7.55484e+006 7.33095
405444 7.55484e+006 8.19331
405444 7.55484e+006 8.15316
405444 7.55484e+006 8.15316
405444 7.55484e+006 7.29081
405445 7.55484e+006 7.33095
405444 7.55484e+006 7.29081
405444 7.55484e+006 8.15316
405444 7.55484e+006 8.15317
405444 7.55484e+006 8.15317
405444 7.55484e+006 7.29081
405444 7.55484e+006 7.29081
405444 7.55484e+006 7.29081
405444 7.55484e+006 8.15317
405444 7.55484e+006 8.19332
405444 7.55484e+006 8.19332
405444 7.55484e+006 7.33096
405444 7.55484e+006 7.29081
405444 7.55484e+006 7.33096
405444 7.55484e+006 8.19332
405444 7.55484e+006 8.23347
405444 7.55484e+006 8.23347
405444 7.55484e+006 7.37111
405444 7.55484e+006 7.33096
405444 7.55484e+006 7.37111
405444 7.55484e+006 8.23347
405444 7.55484e+006 8.23347
405444 7.55484e+006 8.23347
405444 7.55484e+006 7.37111
405444 7.55484e+006 7.37111
405444 7.55484e+006 7.37111
405444 7.55484e+006 8.23347
405444 7.55484e+006 8.19331
405444 7.55484e+006 8.19331
405445 7.55484e+006 7.33095
405444 7.55484e+006 7.37111
405445 7.55484e+006 7.13591
405444 7.55484e+006 7.07352
405444 7.55484e+006 7.07353
405444 7.55484e+006 7.07353
405444 7.55484e+006 7.13593
405444 7.55484e+006 7.19832
405445 7.55484e+006 7.13591
405444 7.55484e+006 7.07353
405444 7.55484e+006 7.19832
405445 7.55484e+006 7.19831
405445 7.55484e+006 7.13591
405444 7.55484e+006 7.19832
405444 7.55484e+006 8.23347
405444 7.55484e+006 8.23347
405444 7.55484e+006 8.19332
405444 7.55484e+006 8.19332
405444 7.55484e+006 8.15317
405444 7.55484e+006 8.15316
405444 7.55484e+006 8.23347
405444 7.55484e+006 8.19332
405444 7.55484e+006 8.15316
405444 7.55484e+006 8.19331
405444 7.55484e+006 8.23347
405444 7.55484e+006 8.15316
405444 7.55484e+006 7.29081
405444 7.55484e+006 7.07352
405445 7.55484e+006 7.13591
405445 7.55484e+006 7.13591
405445 7.55484e+006 7.33095
405444 7.55484e+006 7.29081
405445 7.55484e+006 7.33095
405445 7.55484e+006 7.13591
405445 7.55484e+006 7.19831
405445 7.55484e+006 7.19831
405444 7.55484e+006 7.37111
405445 7.55484e+006 7.33095
405444 7.55484e+006 7.37111
405445 7.55484e+006 7.19831
405444 7.55484e+006 7.19832
405444 7.55484e+006 7.19832
405444 7.55484e+006 7.37111
405444 7.55484e+006 7.37111
405444 7.55484e+006 7.37111
405444 7.55484e+006 7.19832
405444 7.55484e+006 7.13593
405444 7.55484e+006 7.13593
405444 7.55484e+006 7.33096
405444 7.55484e+006 7.37111
405444 7.55484e+006 7.33096
405444 7.55484e+006 7.13593
405444 7.55484e+006 7.07353
405444 7.55484e+006 7.07353
405444 7.55484e+006 7.29081
405444 7.55484e+006 7.33096
405444 7.55484e+006 7.29081
405444 7.55484e+006 7.07353
405444 7.55484e+006 7.07352
405444 7.55484e+006 7.07352
405444 7.55484e+006 7.29081
405444 7.55484e+006 7.29081
405442 7.55484e+006 7.33077
405442 7.55484e+006 8.19313
405442 7.55484e+006 8.15299
405442 7.55484e+006 8.15299
405442 7.55484e+006 7.29063
405442 7.55484e+006 7.33077
405442 7.55484e+006 7.29063
405442 7.55484e+006 8.15299
405442 7.55484e+006 8.15299
405442 7.55484e+006 8.15299
405442 7.55484e+006 7.29063
405442 7.55484e+006 7.29063
405442 7.55484e+006 7.29063
405442 7.55484e+006 8.15299
405442 7.55484e+006 8.19314
405442 7.55484e+006 8.19314
405442 7.55484e+006 7.33079
405442 7.55484e+006 7.29063
405442 7.55484e+006 7.33079
405442 7.55484e+006 8.19314
405442 7.55484e+006 8.23329
405442 7.55484e+006 8.23329
405442 7.55484e+006 7.37093
405442 7.55484e+006 7.33079
405442 7.55484e+006 7.37093
405442 7.55484e+006 8.23329
405442 7.55484e+006 8.23329
405442 7.55484e+006 8.23329
405442 7.55484e+006 7.37093
405442 7.55484e+006 7.37093
405442 7.55484e+006 7.37093
405442 7.55484e+006 8.23329
405442 7.55484e+006 8.19313
405442 7.55484e+006 8.19313
405442 7.55484e+006 7.33077
405442 7.55484e+006 7.37093
405442 7.55484e+006 7.13574
405442 7.55484e+006 7.07334
405441 7.55484e+006 7.07335
405441 7.55484e+006 7.07335
405441 7.55484e+006 7.13575
405442 7.55484e+006 7.19814
405442 7.55484e+006 7.13574
405441 7.55484e+006 7.07335
405442 7.55484e+006 7.19814
405442 7.55484e+006 7.19814
405442 7.55484e+006 7.13574
405442 7.55484e+006 7.19814
405442 7.55484e+006 8.23329
405442 7.55484e+006 8.23329
405442 7.55484e+006 8.19314
405442 7.55484e+006 8.19314
405442 7.55484e+006 8.15299
405442 7.55484e+006 8.15299
405442 7.55484e+006 8.23329
405442 7.55484e+006 8.19314
405442 7.55484e+006 8.15299
405442 7.55484e+006 8.19313
405442 7.55484e+006 8.23329
405442 7.55484e+006 8.15299
405442 7.55484e+006 7.29063
405442 7.55484e+006 7.07334
405442 7.55484e+006 7.13574
405442 7.55484e+006 7.13574
405442 7.55484e+006 7.33077
405442 7.55484e+006 7.29063
405442 7.55484e+006 7.33077
405442 7.55484e+006 7.13574
405442 7.55484e+006 7.19814
405442 7.55484e+006 7.19814
405442 7.55484e+006 7.37093
405442 7.55484e+006 7.33077
405442 7.55484e+006 7.37093
405442 7.55484e+006 7.19814
405442 7.55484e+006 7.19814
405442 7.55484e+006 7.19814
405442 7.55484e+006 7.37093
405442 7.55484e+006 7.37093
405442 7.55484e+006 7.37093
405442 7.55484e+006 7.19814
405441 7.55484e+006 7.13575
405441 7.55484e+006 7.13575
405442 7.55484e+006 7.33079
405442 7.55484e+006 7.37093
405442 7.55484e+006 7.33079
405441 7.55484e+006 7.13575
405441 7.55484e+006 7.07335
405441 7.55484e+006 7.07335
405442 7.55484e+006 7.29063
405442 7.55484e+006 7.33079
405442 7.55484e+006 7.29063
405441 7.55484e+006 7.07335
405442 7.55484e+006 7.07334
405442 7.55484e+006 7.07334
405442 7.55484e+006 7.29063
405442 7.55484e+006 7.29063
405443 7.55484e+006 7.33083
405443 7.55484e+006 8.19319
405443 7.55484e+006 8.15304
405443 7.55484e+006 8.15304
405443 7.55484e+006 7.29069
405443 7.55484e+006 7.33083
405443 7.55484e+006 7.29069
405443 7.55484e+006 8.15304
405442 7.55484e+006 8.15305
405442 7.55484e+006 8.15305
405442 7.55484e+006 7.29069
405443 7.55484e+006 7.29069
405442 7.55484e+006 7.29069
405442 7.55484e+006 8.15305
405442 7.55484e+006 8.1932
405442 7.55484e+006 8.1932
405442 7.55484e+006 7.33084
405442 7.55484e+006 7.29069
405442 7.55484e+006 7.33084
405442 7.55484e+006 8.1932
405443 7.55484e+006 8.23335
405443 7.55484e+006 8.23335
405443 7.55484e+006 7.37099
405442 7.55484e+006 7.33084
405443 7.55484e+006 7.37099
405443 7.55484e+006 8.23335
405443 7.55484e+006 8.23335
405443 7.55484e+006 8.23335
405443 7.55484e+006 7.37099
405443 7.55484e+006 7.37099
405443 7.55484e+006 7.37099
405443 7.55484e+006 8.23335
405443 7.55484e+006 8.19319
405443 7.55484e+006 8.19319
405443 7.55484e+006 7.33083
405443 7.55484e+006 7.37099
405443 7.55484e+006 7.13579
405443 7.55484e+006 7.0734
405442 7.55484e+006 7.07341
405442 7.55484e+006 7.07341
405442 7.55484e+006 7.13581
405443 7.55484e+006 7.1982
405443 7.55484e+006 7.13579
405442 7.55484e+006 7.07341
405443 7.55484e+006 7.1982
405443 7.55484e+006 7.1982
405443 7.55484e+006 7.13579
405443 7.55484e+006 7.1982
405443 7.55484e+006 8.23335
405443 7.55484e+006 8.23335
405442 7.55484e+006 8.1932
405442 7.55484e+006 8.1932
405442 7.55484e+006 8.15305
405443 7.55484e+006 8.15304
405443 7.55484e+006 8.23335
405442 7.55484e+006 8.1932
405443 7.55484e+006 8.15304
405443 7.55484e+006 8.19319
405443 7.55484e+006 8.23335
405443 7.55484e+006 8.15304
405443 7.55484e+006 7.29069
405443 7.55484e+006 7.0734
405443 7.55484e+006 7.13579
405443 7.55484e+006 7.13579
405443 7.55484e+006 7.33083
405443 7.55484e+006 7.29069
405443 7.55484e+006 7.33083
405443 7.55484e+006 7.13579
405443 7.55484e+006 7.1982
405443 7.55484e+006 7.1982
405443 7.55484e+006 7.37099
405443 7.55484e+006 7.33083
405443 7.55484e+006 7.37099
405443 7.55484e+006 7.1982
405443 7.55484e+006 7.1982
405443 7.55484e+006 7.1982
405443 7.55484e+006 7.37099
405443 7.55484e+006 7.37099
405443 7.55484e+006 7.37099
405443 7.55484e+006 7.1982
405442 7.55484e+006 7.13581
405442 7.55484e+006 7.13581
405442 7.55484e+006 7.33084
405443 7.55484e+006 7.37099
405442 7.55484e+006 7.33084
405442 7.55484e+006 7.13581
405442 7.55484e+006 7.07341
405442 7.55484e+006 7.07341
405442 7.55484e+006 7.29069
405442 7.55484e+006 7.33084
405442 7.55484e+006 7.29069
405442 7.55484e+006 7.07341
405443 7.55484e+006 7.0734
405443 7.55484e+006 7.0734
405443 7.55484e+006 7.29069
405442 7.55484e+006 7.29069
405440 7.55484e+006 7.33062
405440 7.55484e+006 8.19298
405440 7.55484e+006 8.15283
405440 7.55484e+006 8.15283
405440 7.55484e+006 7.29048
405440 7.55484e+006 7.33062
405440 7.55484e+006 7.29048
405440 7.55484e+006 8.15283
405439 7.55484e+006 8.15284
405439 7.55484e+006 8.15284
405439 7.55484e+006 7.29048
405440 7.55484e+006 7.29048
405439 7.55484e+006 7.29048
405439 7.55484e+006 8.15284
405439 7.55484e+006 8.19299
405439 7.55484e+006 8.19299
405439 7.55484e+006 7.33063
405439 7.55484e+006 7.29048
405439 7.55484e+006 7.33063
405439 7.55484e+006 8.19299
405440 7.55484e+006 8.23314
405440 7.55484e+006 8.23314
405440 7.55484e+006 7.37078
405439 7.55484e+006 7.33063
405440 7.55484e+006 7.37078
405440 7.55484e+006 8.23314
405440 7.55484e+006 8.23313
405440 7.55484e+006 8.23313
405440 7.55484e+006 7.37078
405440 7.55484e+006 7.37078
405440 7.55484e+006 7.37078
405440 7.55484e+006 8.23313
405440 7.55484e+006 8.19298
405440 7.55484e+006 8.19298
405440 7.55484e+006 7.33062
405440 7.55484e+006 7.37078
405440 7.55484e+006 7.13558
405440 7.55484e+006 7.07319
405439 7.55484e+006 7.0732
405439 7.55484e+006 7.0732
405439 7.55484e+006 7.1356
405440 7.55484e+006 7.19799
405440 7.55484e+006 7.13558
405439 7.55484e+006 7.0732
405440 7.55484e+006 7.19799
405440 7.55484e+006 7.19798
405440 7.55484e+006 7.13558
405440 7.55484e+006 7.19799
405440 7.55484e+006 8.23313
405440 7.55484e+006 8.23314
405439 7.55484e+006 8.19299
405439 7.55484e+006 8.19299
405439 7.55484e+006 8.15284
405440 7.55484e+006 8.15283
405440 7.55484e+006 8.23313
405439 7.55484e+006 8.19299
405440 7.55484e+006 8.15283
405440 7.55484e+006 8.19298
405440 7.55484e+006 8.23313
405440 7.55484e+006 8.15283
405440 7.55484e+006 7.29048
405440 7.55484e+006 7.07319
405440 7.55484e+006 7.13558
405440 7.55484e+006 7.13558
405440 7.55484e+006 7.33062
405440 7.55484e+006 7.29048
405440 7.55484e+006 7.33062
405440 7.55484e+006 7.13558
405440 7.55484e+006 7.19798
405440 7.55484e+006 7.19798
405440 7.55484e+006 7.37078
405440 7.55484e+006 7.33062
405440 7.55484e+006 7.37078
405440 7.55484e+006 7.19798
405440 7.55484e+006 7.19799
405440 7.55484e+006 7.19799
405440 7.55484e+006 7.37078
405440 7.55484e+006 7.37078
405440 7.55484e+006 7.37078
405440 7.55484e+006 7.19799
405439 7.55484e+006 7.1356
405439 7.55484e+006 7.1356
405439 7.55484e+006 7.33063
405440 7.55484e+006 7.37078
405439 7.55484e+006 7.33063
405439 7.55484e+006 7.1356
405439 7.55484e+006 7.0732
405439 7.55484e+006 7.0732
405439 7.55484e+006 7.29048
405439 7.55484e+006 7.33063
405439 7.55484e+006 7.29048
405439 7.55484e+006 7.0732
405440 7.55484e+006 7.07319
405440 7.55484e+006 7.07319
405440 7.55484e+006 7.29048
405439 7.55484e+006 7.29048
405441 7.55484e+006 7.33068
405441 7.55484e+006 8.19304
405440 7.55484e+006 8.15289
405440 7.55484e+006 8.15289
405441 7.55484e+006 7.29054
405441 7.55484e+006 7.33068
405441 7.55484e+006 7.29054
405440 7.55484e+006 8.15289
405440 7.55484e+006 8.1529
405440 7.55484e+006 8.1529
405440 7.55484e+006 7.29054
405441 7.55484e+006 7.29054
405440 7.55484e+006 7.29054
405440 7.55484e+006 8.1529
405440 7.55484e+006 8.19305
405440 7.55484e+006 8.19305
405440 7.55484e+006 7.33069
405440 7.55484e+006 7.29054
405440 7.55484e+006 7.33069
405440 7.55484e+006 8.19305
405440 7.55484e+006 8.2332
405440 7.55484e+006 8.2332
405440 7.55484e+006 7.37084
405440 7.55484e+006 7.33069
405440 7.55484e+006 7.37084
405440 7.55484e+006 8.2332
405441 7.55484e+006 8.2332
405441 7.55484e+006 8.2332
405441 7.55484e+006 7.37084
405440 7.55484e+006 7.37084
405441 7.55484e+006 7.37084
405441 7.55484e+006 8.2332
405441 7.55484e+006 8.19304
405441 7.55484e+006 8.19304
405441 7.55484e+006 7.33068
405441 7.55484e+006 7.37084
405441 7.55484e+006 7.13564
405441 7.55484e+006 7.07325
405440 7.55484e+006 7.07326
405440 7.55484e+006 7.07326
405440 7.55484e+006 7.13566
405440 7.55484e+006 7.19805
405441 7.55484e+006 7.13564
405440 7.55484e+006 7.07326
405440 7.55484e+006 7.19805
405441 7.55484e+006 7.19805
405441 7.55484e+006 7.13564
405440 7.55484e+006 7.19805
405441 7.55484e+006 8.2332
405440 7.55484e+006 8.2332
405440 7.55484e+006 8.19305
405440 7.55484e+006 8.19305
405440 7.55484e+006 8.1529
405440 7.55484e+006 8.15289
405441 7.55484e+006 8.2332
405440 7.55484e+006 8.19305
405440 7.55484e+006 8.15289
405441 7.55484e+006 8.19304
405441 7.55484e+006 8.2332
405440 7.55484e+006 8.15289
405441 7.55484e+006 7.29054
405441 7.55484e+006 7.07325
405441 7.55484e+006 7.13564
405441 7.55484e+006 7.13564
405441 7.55484e+006 7.33068
405441 7.55484e+006 7.29054
405441 7.55484e+006 7.33068
405441 7.55484e+006 7.13564
405441 7.55484e+006 7.19805
405441 7.55484e+006 7.19805
405441 7.55484e+006 7.37084
405441 7.55484e+006 7.33068
405441 7.55484e+006 7.37084
405441 7.55484e+006 7.19805
405440 7.55484e+006 7.19805
405440 7.55484e+006 7.19805
405440 7.55484e+006 7.37084
405441 7.55484e+006 7.37084
405440 7.55484e+006 7.37084
405440 7.55484e+006 7.19805
405440 7.55484e+006 7.13566
405440 7.55484e+006 7.13566
405440 7.55484e+006 7.33069
405440 7.55484e+006 7.37084
405440 7.55484e+006 7.33069
405440 7.55484e+006 7.13566
405440 7.55484e+006 7.07326
405440 7.55484e+006 7.07326
405440 7.55484e+006 7.29054
405440 7.55484e+006 7.33069
405440 7.55484e+006 7.29054
405440 7.55484e+006 7.07326
405441 7.55484e+006 7.07325
405441 7.55484e+006 7.07325
405441 7.55484e+006 7.29054
405440 7.55484e+006 7.29054
405438 7.55485e+006 7.3305
405438 7.55485e+006 8.19286
405438 7.55484e+006 8.15271
405438 7.55484e+006 8.15271
405438 7.55485e+006 7.29035
405438 7.55485e+006 7.3305
405438 7.55485e+006 7.29035
405438 7.55484e+006 8.15271
405438 7.55485e+006 8.15272
405438 7.55485e+006 8.15272
405438 7.55485e+006 7.29036
405438 7.55485e+006 7.29035
405438 7.55485e+006 7.29036
405438 7.55485e+006 8.15272
405438 7.55485e+006 8.19287
405438 7.55485e+006 8.19287
405438 7.55485e+006 7.33051
405438 7.55485e+006 7.29036
405438 7.55485e+006 7.33051
405438 7.55485e+006 8.19287
405438 7.55485e+006 8.23302
405438 7.55485e+006 8.23302
405438 7.55485e+006 7.37066
405438 7.55485e+006 7.33051
405438 7.55485e+006 7.37066
405438 7.55485e+006 8.23302
405438 7.55485e+006 8.23301
405438 7.55485e+006 8.23301
405438 7.55485e+006 7.37065
405438 7.55485e+006 7.37066
405438 7.55485e+006 7.37065
405438 7.55485e+006 8.23301
405438 7.55485e+006 8.19286
405438 7.55485e+006 8.19286
405438 7.55485e+006 7.3305
405438 7.55485e+006 7.37065
405438 7.55485e+006 7.13546
405438 7.55484e+006 7.07307
405438 7.55485e+006 7.07308
405438 7.55485e+006 7.07308
405438 7.55485e+006 7.13548
405438 7.55485e+006 7.19787
405438 7.55485e+006 7.13546
405438 7.55485e+006 7.07308
405438 7.55485e+006 7.19787
405438 7.55485e+006 7.19786
405438 7.55485e+006 7.13546
405438 7.55485e+006 7.19787
405438 7.55485e+006 8.23301
405438 7.55485e+006 8.23302
405438 7.55485e+006 8.19287
405438 7.55485e+006 8.19287
405438 7.55485e+006 8.15272
405438 7.55484e+006 8.15271
405438 7.55485e+006 8.23301
405438 7.55485e+006 8.19287
405438 7.55484e+006 8.15271
405438 7.55485e+006 8.19286
405438 7.55485e+006 8.23301
405438 7.55484e+006 8.15271
405438 7.55485e+006 7.29035
405438 7.55484e+006 7.07307
405438 7.55485e+006 7.13546
405438 7.55485e+006 7.13546
405438 7.55485e+006 7.3305
405438 7.55485e+006 7.29035
405438 7.55485e+006 7.3305
405438 7.55485e+006 7.13546
405438 7.55485e+006 7.19786
405438 7.55485e+006 7.19786
405438 7.55485e+006 7.37065
405438 7.55485e+006 7.3305
405438 7.55485e+006 7.37065
405438 7.55485e+006 7.19786
405438 7.55485e+006 7.19787
405438 7.55485e+006 7.19787
405438 7.55485e+006 7.37066
405438 7.55485e+006 7.37065
405438 7.55485e+006 7.37066
405438 7.55485e+006 7.19787
405438 7.55485e+006 7.13548
405438 7.55485e+006 7.13548
405438 7.55485e+006 7.33051
405438 7.55485e+006 7.37066
405438 7.55485e+006 7.33051
405438 7.55485e+006 7.13548
405438 7.55485e+006 7.07308
405438 7.55485e+006 7.07308
405438 7.55485e+006 7.29036
405438 7.55485e+006 7.33051
405438 7.55485e+006 7.29036
405438 7.55485e+006 7.07308
405438 7.55484e+006 7.07307
405438 7.55484e+006 7.07307
405438 7.55485e+006 7.29035
405438 7.55485e+006 7.29036
405439 7.55484e+006 7.33056
405439 7.55484e+006 8.19292
405439 7.55484e+006 8.15277
405439 7.55484e+006 8.15277
405439 7.55484e+006 7.29041
405439 7.55484e+006 7.33056
405439 7.55484e+006 7.29041
405439 7.55484e+006 8.15277
405439 7.55484e+006 8.15278
405439 7.55484e+006 8.15278
405439 7.55484e+006 7.29042
405439 7.55484e+006 7.29041
405439 7.55484e+006 7.29042
405439 7.55484e+006 8.15278
405439 7.55484e+006 8.19293
405439 7.55484e+006 8.19293
405439 7.55485e+006 7.33057
405439 7.55484e+006 7.29042
405439 7.55485e+006 7.33057
405439 7.55484e+006 8.19293
405439 7.55485e+006 8.23308
405439 7.55485e+006 8.23308
405439 7.55485e+006 7.37072
405439 7.55485e+006 7.33057
405439 7.55485e+006 7.37072
405439 7.55485e+006 8.23308
405439 7.55484e+006 8.23307
405439 7.55484e+006 8.23307
405439 7.55485e+006 7.37071
405439 7.55485e+006 7.37072
405439 7.55485e+006 7.37071
405439 7.55484e+006 8.23307
405439 7.55484e+006 8.19292
405439 7.55484e+006 8.19292
405439 7.55484e+006 7.33056
405439 7.55485e+006 7.37071
405439 7.55484e+006 7.13552
405439 7.55484e+006 7.07313
405438 7.55484e+006 7.07314
405438 7.55484e+006 7.07314
405438 7.55485e+006 7.13554
405439 7.55485e+006 7.19793
405439 7.55484e+006 7.13552
405438 7.55484e+006 7.07314
405439 7.55485e+006 7.19793
405439 7.55485e+006 7.19792
405439 7.55484e+006 7.13552
405439 7.55485e+006 7.19793
405439 7.55484e+006 8.23307
405439 7.55485e+006 8.23308
405439 7.55484e+006 8.19293
405439 7.55484e+006 8.19293
405439 7.55484e+006 8.15278
405439 7.55484e+006 8.15277
405439 7.55484e+006 8.23307
405439 7.55484e+006 8.19293
405439 7.55484e+006 8.15277
405439 7.55484e+006 8.19292
405439 7.55484e+006 8.23307
405439 7.55484e+006 8.15277
405439 7.55484e+006 7.29041
405439 7.55484e+006 7.07313
405439 7.55484e+006 7.13552
405439 7.55484e+006 7.13552
405439 7.55484e+006 7.33056
405439 7.55484e+006 7.29041
405439 7.55484e+006 7.33056
405439 7.55484e+006 7.13552
405439 7.55485e+006 7.19792
405439 7.55485e+006 7.19792
405439 7.55485e+006 7.37071
405439 7.55484e+006 7.33056
405439 7.55485e+006 7.37071
405439 7.55485e+006 7.19792
405439 7.55485e+006 7.19793
405439 7.55485e+006 7.19793
405439 7.55485e+006 7.37072
405439 7.55485e+006 7.37071
405439 7.55485e+006 7.37072
405439 7.55485e+006 7.19793
405438 7.55485e+006 7.13554
405438 7.55485e+006 7.13554
405439 7.55485e+006 7.33057
405439 7.55485e+006 7.37072
405439 7.55485e+006 7.33057
405438 7.55485e+006 7.13554
405438 7.55484e+006 7.07314
405438 7.55484e+006 7.07314
405439 7.55484e+006 7.29042
405439 7.55485e+006 7.33057
405439 7.55484e+006 7.29042
405438 7.55484e+006 7.07314
405439 7.55484e+006 7.07313
405439 7.55484e+006 7.07313
405439 7.55484e+006 7.29041
405439 7.55484e+006 7.29042
405451 7.55484e+006 7.33139
405451 7.55484e+006 8.19375
405450 7.55484e+006 8.1536
405450 7.55484e+006 8.1536
405450 7.55484e+006 7.29124
405451 7.55484e+006 7.33139
405450 7.55484e+006 7.29124
405450 7.55484e+006 8.1536
405450 7.55484e+006 8.15361
405450 7.55484e+006 8.15361
405450 7.55484e+006 7.29125
405450 7.55484e+006 7.29124
405450 7.55484e+006 7.29125
405450 7.55484e+006 8.15361
405450 7.55484e+006 8.19376
405450 7.55484e+006 8.19376
405450 7.55484e+006 7.3314
405450 7.55484e+006 7.29125
405450 7.55484e+006 7.3314
405450 7.55484e+006 8.19376
405450 7.55484e+006 8.23391
405450 7.55484e+006 8.23391
405450 7.55484e+006 7.37155
405450 7.55484e+006 7.3314
405450 7.55484e+006 7.37155
405450 7.55484e+006 8.23391
405451 7.55484e+006 8.2339
405451 7.55484e+006 8.2339
405451 7.55484e+006 7.37154
405450 7.55484e+006 7.37155
405451 7.55484e+006 7.37154
405451 7.55484e+006 8.2339
405451 7.55484e+006 8.19375
405451 7.55484e+006 8.19375
405451 7.55484e+006 7.33139
405451 7.55484e+006 7.37154
405451 7.55484e+006 7.13635
405450 7.55484e+006 7.07396
405450 7.55484e+006 7.07397
405450 7.55484e+006 7.07397
405450 7.55484e+006 7.13637
405450 7.55484e+006 7.19876
405451 7.55484e+006 7.13635
405450 7.55484e+006 7.07397
405450 7.55484e+006 7.19876
405451 7.55484e+006 7.19875
405451 7.55484e+006 7.13635
405450 7.55484e+006 7.19876
405451 7.55484e+006 8.2339
405450 7.55484e+006 8.23391
405450 7.55484e+006 8.19376
405450 7.55484e+006 8.19376
405450 7.55484e+006 8.15361
405450 7.55484e+006 8.1536
405451 7.55484e+006 8.2339
405450 7.55484e+006 8.19376
405450 7.55484e+006 8.1536
405451 7.55484e+006 8.19375
405451 7.55484e+006 8.2339
405450 7.55484e+006 8.1536
405450 7.55484e+006 7.29124
405450 7.55484e+006 7.07396
405451 7.55484e+006 7.13635
405451 7.55484e+006 7.13635
405451 7.55484e+006 7.33139
405450 7.55484e+006 7.29124
405451 7.55484e+006 7.33139
405451 7.55484e+006 7.13635
405451 7.55484e+006 7.19875
405451 7.55484e+006 7.19875
405451 7.55484e+006 7.37154
405451 7.55484e+006 7.33139
405451 7.55484e+006 7.37154
405451 7.55484e+006 7.19875
405450 7.55484e+006 7.19876
405450 7.55484e+006 7.19876
405450 7.55484e+006 7.37155
405451 7.55484e+006 7.37154
405450 7.55484e+006 7.37155
405450 7.55484e+006 7.19876
405450 7.55484e+006 7.13637
405450 7.55484e+006 7.13637
405450 7.55484e+006 7.3314
405450 7.55484e+006 7.37155
405450 7.55484e+006 7.3314
405450 7.55484e+006 7.13637
405450 7.55484e+006 7.07397
405450 7.55484e+006 7.07397
405450 7.55484e+006 7.29125
405450 7.55484e+006 7.3314
405450 7.55484e+006 7.29125
405450 7.55484e+006 7.07397
405450 7.55484e+006 7.07396
405450 7.55484e+006 7.07396
405450 7.55484e+006 7.29124
405450 7.55484e+006 7.29125
405452 7.55484e+006 7.33145
405451 7.55484e+006 8.19381
405451 7.55484e+006 8.15366
405451 7.55484e+006 8.15366
405451 7.55484e+006 7.2913
405452 7.55484e+006 7.33145
405451 7.55484e+006 7.2913
405451 7.55484e+006 8.15366
405451 7.55484e+006 8.15367
405451 7.55484e+006 8.15367
405451 7.55484e+006 7.29131
405451 7.55484e+006 7.2913
405451 7.55484e+006 7.29131
405451 7.55484e+006 8.15367
405451 7.55484e+006 8.19382
405451 7.55484e+006 8.19382
405451 7.55484e+006 7.33146
405451 7.55484e+006 7.29131
405451 7.55484e+006 7.33146
405451 7.55484e+006 8.19382
405451 7.55484e+006 8.23397
405451 7.55484e+006 8.23397
405451 7.55484e+006 7.37161
405451 7.55484e+006 7.33146
405451 7.55484e+006 7.37161
405451 7.55484e+006 8.23397
405451 7.55484e+006 8.23396
405451 7.55484e+006 8.23396
405451 7.55484e+006 7.3716
405451 7.55484e+006 7.37161
405451 7.55484e+006 7.3716
405451 7.55484e+006 8.23396
405451 7.55484e+006 8.19381
405451 7.55484e+006 8.19381
405452 7.55484e+006 7.33145
405451 7.55484e+006 7.3716
405452 7.55484e+006 7.13641
405451 7.55484e+006 7.07402
405451 7.55484e+006 7.07403
405451 7.55484e+006 7.07403
405451 7.55484e+006 7.13643
405451 7.55484e+006 7.19882
405452 7.55484e+006 7.13641
405451 7.55484e+006 7.07403
405451 7.55484e+006 7.19882
405452 7.55484e+006 7.19881
405452 7.55484e+006 7.13641
405451 7.55484e+006 7.19882
405451 7.55484e+006 8.23396
405451 7.55484e+006 8.23397
405451 7.55484e+006 8.19382
405451 7.55484e+006 8.19382
405451 7.55484e+006 8.15367
405451 7.55484e+006 8.15366
405451 7.55484e+006 8.23396
405451 7.55484e+006 8.19382
405451 7.55484e+006 8.15366
405451 7.55484e+006 8.19381
405451 7.55484e+006 8.23396
405451 7.55484e+006 8.15366
405451 7.55484e+006 7.2913
405451 7.55484e+006 7.07402
405452 7.55484e+006 7.13641
405452 7.55484e+006 7.13641
405452 7.55484e+006 7.33145
405451 7.55484e+006 7.2913
405452 7.55484e+006 7.33145
405452 7.55484e+006 7.13641
405452 7.55484e+006 7.19881
405452 7.55484e+006 7.19881
405451 7.55484e+006 7.3716
405452 7.55484e+006 7.33145
405451 7.55484e+006 7.3716
405452 7.55484e+006 7.19881
405451 7.55484e+006 7.19882
405451 7.55484e+006 7.19882
405451 7.55484e+006 7.37161
405451 7.55484e+006 7.3716
405451 7.55484e+006 7.37161
405451 7.55484e+006 7.19882
405451 7.55484e+006 7.13643
405451 7.55484e+006 7.13643
405451 7.55484e+006 7.33146
405451 7.55484e+006 7.37161
405451 7.55484e+006 7.33146
405451 7.55484e+006 7.13643
405451 7.55484e+006 7.07403
405451 7.55484e+006 7.07403
405451 7.55484e+006 7.29131
405451 7.55484e+006 7.33146
405451 7.55484e+006 7.29131
405451 7.55484e+006 7.07403
405451 7.55484e+006 7.07402
405451 7.55484e+006 7.07402
405451 7.55484e+006 7.2913
405451 7.55484e+006 7.29131
405449 7.55484e+006 7.33127
405449 7.55484e+006 8.19363
405449 7.55484e+006 8.15348
405449 7.55484e+006 8.15348
405449 7.55484e+006 7.29113
405449 7.55484e+006 7.33127
405449 7.55484e+006 7.29113
405449 7.55484e+006 8.15348
405449 7.55484e+006 8.15349
405449 7.55484e+006 8.15349
405449 7.55484e+006 7.29113
405449 7.55484e+006 7.29113
405449 7.55484e+006 7.29113
405449 7.55484e+006 8.15349
405448 7.55484e+006 8.19364
405448 7.55484e+006 8.19364
405449 7.55484e+006 7.33128
405449 7.55484e+006 7.29113
405449 7.55484e+006 7.33128
405448 7.55484e+006 8.19364
405449 7.55484e+006 8.23379
405449 7.55484e+006 8.23379
405449 7.55484e+006 7.37143
405449 7.55484e+006 7.33128
405449 7.55484e+006 7.37143
405449 7.55484e+006 8.23379
405449 7.55484e+006 8.23379
405449 7.55484e+006 8.23379
405449 7.55484e+006 7.37143
405449 7.55484e+006 7.37143
405449 7.55484e+006 7.37143
405449 7.55484e+006 8.23379
405449 7.55484e+006 8.19363
405449 7.55484e+006 8.19363
405449 7.55484e+006 7.33127
405449 7.55484e+006 7.37143
405449 7.55484e+006 7.13623
405449 7.55484e+006 7.07384
405448 7.55484e+006 7.07385
405448 7.55484e+006 7.07385
405448 7.55484e+006 7.13625
405449 7.55484e+006 7.19864
405449 7.55484e+006 7.13623
405448 7.55484e+006 7.07385
405449 7.55484e+006 7.19864
405449 7.55484e+006 7.19864
405449 7.55484e+006 7.13623
405449 7.55484e+006 7.19864
405449 7.55484e+006 8.23379
405449 7.55484e+006 8.23379
405448 7.55484e+006 8.19364
405448 7.55484e+006 8.19364
405449 7.55484e+006 8.15349
405449 7.55484e+006 8.15348
405449 7.55484e+006 8.23379
405448 7.55484e+006 8.19364
405449 7.55484e+006 8.15348
405449 7.55484e+006 8.19363
405449 7.55484e+006 8.23379
405449 7.55484e+006 8.15348
405449 7.55484e+006 7.29113
405449 7.55484e+006 7.07384
405449 7.55484e+006 7.13623
405449 7.55484e+006 7.13623
405449 7.55484e+006 7.33127
405449 7.55484e+006 7.29113
405449 7.55484e+006 7.33127
405449 7.55484e+006 7.13623
405449 7.55484e+006 7.19864
405449 7.55484e+006 7.19864
405449 7.55484e+006 7.37143
405449 7.55484e+006 7.33127
405449 7.55484e+006 7.37143
405449 7.55484e+006 7.19864
405449 7.55484e+006 7.19864
405449 7.55484e+006 7.19864
405449 7.55484e+006 7.37143
405449 7.55484e+006 7.37143
405449 7.55484e+006 7.37143
405449 7.55484e+006 7.19864
405448 7.55484e+006 7.13625
405448 7.55484e+006 7.13625
405449 7.55484e+006 7.33128
405449 7.55484e+006 7.37143
405449 7.55484e+006 7.33128
405448 7.55484e+006 7.13625
405448 7.55484e+006 7.07385
405448 7.55484e+006 7.07385
405449 7.55484e+006 7.29113
405449 7.55484e+006 7.33128
405449 7.55484e+006 7.29113
405448 7.55484e+006 7.07385
405449 7.55484e+006 7.07384
405449 7.55484e+006 7.07384
405449 7.55484e+006 7.29113
405449 7.55484e+006 7.29113
405450 7.55484e+006 7.33133
405450 7.55484e+006 8.19369
405450 7.55484e+006 8.15354
405450 7.55484e+006 8.15354
405450 7.55484e+006 7.29118
405450 7.55484e+006 7.33133
405450 7.55484e+006 7.29118
405450 7.55484e+006 8.15354
405449 7.55484e+006 8.15355
405449 7.55484e+006 8.15355
405449 7.55484e+006 7.29119
405450 7.55484e+006 7.29118
405449 7.55484e+006 7.29119
405449 7.55484e+006 8.15355
405449 7.55484e+006 8.1937
405449 7.55484e+006 8.1937
405449 7.55484e+006 7.33134
405449 7.55484e+006 7.29119
405449 7.55484e+006 7.33134
405449 7.55484e+006 8.1937
405450 7.55484e+006 8.23385
405450 7.55484e+006 8.23385
405450 7.55484e+006 7.37149
405449 7.55484e+006 7.33134
405450 7.55484e+006 7.37149
405450 7.55484e+006 8.23385
405450 7.55484e+006 8.23384
405450 7.55484e+006 8.23384
405450 7.55484e+006 7.37148
405450 7.55484e+006 7.37149
405450 7.55484e+006 7.37148
405450 7.55484e+006 8.23384
405450 7.55484e+006 8.19369
405450 7.55484e+006 8.19369
405450 7.55484e+006 7.33133
405450 7.55484e+006 7.37148
405450 7.55484e+006 7.13629
405450 7.55484e+006 7.0739
405449 7.55484e+006 7.07391
405449 7.55484e+006 7.07391
405449 7.55484e+006 7.13631
405450 7.55484e+006 7.1987
405450 7.55484e+006 7.13629
405449 7.55484e+006 7.07391
405450 7.55484e+006 7.1987
405450 7.55484e+006 7.19869
405450 7.55484e+006 7.13629
405450 7.55484e+006 7.1987
405450 7.55484e+006 8.23384
405450 7.55484e+006 8.23385
405449 7.55484e+006 8.1937
405449 7.55484e+006 8.1937
405449 7.55484e+006 8.15355
405450 7.55484e+006 8.15354
405450 7.55484e+006 8.23384
405449 7.55484e+006 8.1937
405450 7.55484e+006 8.15354
405450 7.55484e+006 8.19369
405450 7.55484e+006 8.23384
405450 7.55484e+006 8.15354
405450 7.55484e+006 7.29118
405450 7.55484e+006 7.0739
405450 7.55484e+006 7.13629
405450 7.55484e+006 7.13629
405450 7.55484e+006 7.33133
405450 7.55484e+006 7.29118
405450 7.55484e+006 7.33133
405450 7.55484e+006 7.13629
405450 7.55484e+006 7.19869
405450 7.55484e+006 7.19869
405450 7.55484e+006 7.37148
405450 7.55484e+006 7.33133
405450 7.55484e+006 7.37148
405450 7.55484e+006 7.19869
405450 7.55484e+006 7.1987
405450 7.55484e+006 7.1987
405450 7.55484e+006 7.37149
405450 7.55484e+006 7.37148
405450 7.55484e+006 7.37149
405450 7.55484e+006 7.1987
405449 7.55484e+006 7.13631
405449 7.55484e+006 7.13631
405449 7.55484e+006 7.33134
405450 7.55484e+006 7.37149
405449 7.55484e+006 7.33134
405449 7.55484e+006 7.13631
405449 7.55484e+006 7.07391
405449 7.55484e+006 7.07391
405449 7.55484e+006 7.29119
405449 7.55484e+006 7.33134
405449 7.55484e+006 7.29119
405449 7.55484e+006 7.07391
405450 7.55484e+006 7.0739
405450 7.55484e+006 7.0739
405450 7.55484e+006 7.29118
405449 7.55484e+006 7.29119
405453 7.55484e+006 7.33155
405453 7.55484e+006 8.19391
405453 7.55484e+006 8.15376
405453 7.55484e+006 8.15376
405453 7.55484e+006 7.2914
405453 7.55484e+006 7.33155
405453 7.55484e+006 7.2914
405453 7.55484e+006 8.15376
405452 7.55484e+006 8.15376
405452 7.55484e+006 8.15376
405452 7.55484e+006 7.29141
405453 7.55484e+006 7.2914
405452 7.55484e+006 7.29141
405452 7.55484e+006 8.15376
405452 7.55484e+006 8.19392
405452 7.55484e+006 8.19392
405452 7.55484e+006 7.33156
405452 7.55484e+006 7.29141
405452 7.55484e+006 7.33156
405452 7.55484e+006 8.19392
405453 7.55484e+006 8.23406
405453 7.55484e+006 8.23406
405453 7.55484e+006 7.37171
405452 7.55484e+006 7.33156
405453 7.55484e+006 7.37171
405453 7.55484e+006 8.23406
405453 7.55484e+006 8.23406
405453 7.55484e+006 8.23406
405453 7.55484e+006 7.3717
405453 7.55484e+006 7.37171
405453 7.55484e+006 7.3717
405453 7.55484e+006 8.23406
405453 7.55484e+006 8.19391
405453 7.55484e+006 8.19391
405453 7.55484e+006 7.33155
405453 7.55484e+006 7.3717
405453 7.55484e+006 7.13651
405453 7.55484e+006 7.07411
405452 7.55484e+006 7.07412
405452 7.55484e+006 7.07412
405452 7.55484e+006 7.13652
405453 7.55484e+006 7.19892
405453 7.55484e+006 7.13651
405452 7.55484e+006 7.07412
405453 7.55484e+006 7.19892
405453 7.55484e+006 7.19891
405453 7.55484e+006 7.13651
405453 7.55484e+006 7.19892
405453 7.55484e+006 8.23406
405453 7.55484e+006 8.23406
405452 7.55484e+006 8.19392
405452 7.55484e+006 8.19392
405452 7.55484e+006 8.15376
405453 7.55484e+006 8.15376
405453 7.55484e+006 8.23406
405452 7.55484e+006 8.19392
405453 7.55484e+006 8.15376
405453 7.55484e+006 8.19391
405453 7.55484e+006 8.23406
405453 7.55484e+006 8.15376
405453 7.55484e+006 7.2914
405453 7.55484e+006 7.07411
405453 7.55484e+006 7.13651
405453 7.55484e+006 7.13651
405453 7.55484e+006 7.33155
405453 7.55484e+006 7.2914
405453 7.55484e+006 7.33155
405453 7.55484e+006 7.13651
405453 7.55484e+006 7.19891
405453 7.55484e+006 7.19891
405453 7.55484e+006 7.3717
405453 7.55484e+006 7.33155
405453 7.55484e+006 7.3717
405453 7.55484e+006 7.19891
405453 7.55484e+006 7.19892
405453 7.55484e+006 7.19892
405453 7.55484e+006 7.37171
405453 7.55484e+006 7.3717
405453 7.55484e+006 7.37171
405453 7.55484e+006 7.19892
405452 7.55484e+006 7.13652
405452 7.55484e+006 7.13652
405452 7.55484e+006 7.33156
405453 7.55484e+006 7.37171
405452 7.55484e+006 7.33156
405452 7.55484e+006 7.13652
405452 7.55484e+006 7.07412
405452 7.55484e+006 7.07412
405452 7.55484e+006 7.29141
405452 7.55484e+006 7.33156
405452 7.55484e+006 7.29141
405452 7.55484e+006 7.07412
405453 7.55484e+006 7.07411
405453 7.55484e+006 7.07411
405453 7.55484e+006 7.2914
405452 7.55484e+006 7.29141
405454 7.55484e+006 7.33155
405454 7.55484e+006 8.19391
405454 7.55484e+006 8.15376
405454 7.55484e+006 8.15376
405454 7.55484e+006 7.2914
405454 7.55484e+006 7.33155
405454 7.55484e+006 7.2914
405454 7.55484e+006 8.15376
405453 7.55484e+006 8.15376
405453 7.55484e+006 8.15376
405453 7.55484e+006 7.29141
405454 7.55484e+006 7.2914
405453 7.55484e+006 7.29141
405453 7.55484e+006 8.15376
405453 7.55484e+006 8.19392
405453 7.55484e+006 8.19392
405453 7.55484e+006 7.33156
405453 7.55484e+006 7.29141
405453 7.55484e+006 7.33156
405453 7.55484e+006 8.19392
405454 7.55484e+006 8.23406
405454 7.55484e+006 8.23406
405454 7.55484e+006 7.37171
405453 7.55484e+006 7.33156
405454 7.55484e+006 7.37171
405454 7.55484e+006 8.23406
405454 7.55484e+006 8.23406
405454 7.55484e+006 8.23406
405454 7.55484e+006 7.3717
405454 7.55484e+006 7.37171
405454 7.55484e+006 7.3717
405454 7.55484e+006 8.23406
405454 7.55484e+006 8.19391
405454 7.55484e+006 8.19391
405454 7.55484e+006 7.33155
405454 7.55484e+006 7.3717
405454 7.55484e+006 7.13651
405454 7.55484e+006 7.07411
405453 7.55484e+006 7.07412
405453 7.55484e+006 7.07412
405453 7.55484e+006 7.13652
405454 7.55484e+006 7.19892
405454 7.55484e+006 7.13651
405453 7.55484e+006 7.07412
405454 7.55484e+006 7.19892
405454 7.55484e+006 7.19891
405454 7.55484e+006 7.13651
405454 7.55484e+006 7.19892
405454 7.55484e+006 8.23406
405454 7.55484e+006 8.23406
405453 7.55484e+006 8.19392
405453 7.55484e+006 8.19392
405453 7.55484e+006 8.15376
405454 7.55484e+006 8.15376
405454 7.55484e+006 8.23406
405453 7.55484e+006 8.19392
405454 7.55484e+006 8.15376
405454 7.55484e+006 8.19391
405454 7.55484e+006 8.23406
405454 7.55484e+006 8.15376
405454 7.55484e+006 7.2914
405454 7.55484e+006 7.07411
405454 7.55484e+006 7.13651
405454 7.55484e+006 7.13651
405454 7.55484e+006 7.33155
405454 7.55484e+006 7.2914
405454 7.55484e+006 7.33155
405454 7.55484e+006 7.13651
405454 7.55484e+006 7.19891
405454 7.55484e+006 7.19891
405454 7.55484e+006 7.3717
405454 7.55484e+006 7.33155
405454 7.55484e+006 7.3717
405454 7.55484e+006 7.19891
405454 7.55484e+006 7.19892
405454 7.55484e+006 7.19892
405454 7.55484e+006 7.37171
405454 7.55484e+006 7.3717
405454 7.55484e+006 7.37171
405454 7.55484e+006 7.19892
405453 7.55484e+006 7.13652
405453 7.55484e+006 7.13652
405453 7.55484e+006 7.33156
405454 7.55484e+006 7.37171
405453 7.55484e+006 7.33156
405453 7.55484e+006 7.13652
405453 7.55484e+006 7.07412
405453 7.55484e+006 7.07412
405453 7.55484e+006 7.29141
405453 7.55484e+006 7.33156
405453 7.55484e+006 7.29141
405453 7.55484e+006 7.07412
405454 7.55484e+006 7.07411
405454 7.55484e+006 7.07411
405454 7.55484e+006 7.2914
405453 7.55484e+006 7.29141
405455 7.55484e+006 7.33155
405455 7.55484e+006 8.19391
405455 7.55484e+006 8.15376
405455 7.55484e+006 8.15376
405455 7.55484e+006 7.2914
405455 7.55484e+006 7.33155
405455 7.55484e+006 7.2914
405455 7.55484e+006 8.15376
405454 7.55484e+006 8.15376
405454 7.55484e+006 8.15376
405454 7.55484e+006 7.29141
405455 7.55484e+006 7.2914
405454 7.55484e+006 7.29141
405454 7.55484e+006 8.15376
405454 7.55484e+006 8.19392
405454 7.55484e+006 8.19392
405454 7.55484e+006 7.33156
405454 7.55484e+006 7.29141
405454 7.55484e+006 7.33156
405454 7.55484e+006 8.19392
405455 7.55484e+006 8.23406
405455 7.55484e+006 8.23406
405455 7.55484e+006 7.37171
405454 7.55484e+006 7.33156
405455 7.55484e+006 7.37171
405455 7.55484e+006 8.23406
405455 7.55484e+006 8.23406
405455 7.55484e+006 8.23406
405455 7.55484e+006 7.3717
405455 7.55484e+006 7.37171
405455 7.55484e+006 7.3717
405455 7.55484e+006 8.23406
405455 7.55484e+006 8.19391
405455 7.55484e+006 8.19391
405455 7.55484e+006 7.33155
405455 7.55484e+006 7.3717
405455 7.55484e+006 7.13651
405455 7.55484e+006 7.07411
405454 7.55484e+006 7.07412
405454 7.55484e+006 7.07412
405454 7.55484e+006 7.13652
405455 7.55484e+006 7.19892
405455 7.55484e+006 7.13651
405454 7.55484e+006 7.07412
405455 7.55484e+006 7.19892
405455 7.55484e+006 7.19891
405455 7.55484e+006 7.13651
405455 7.55484e+006 7.19892
405455 7.55484e+006 8.23406
405455 7.55484e+006 8.23406
405454 7.55484e+006 8.19392
405454 7.55484e+006 8.19392
405454 7.55484e+006 8.15376
405455 7.55484e+006 8.15376
405455 7.55484e+006 8.23406
405454 7.55484e+006 8.19392
405455 7.55484e+006 8.15376
405455 7.55484e+006 8.19391
405455 7.55484e+006 8.23406
405455 7.55484e+006 8.15376
405455 7.55484e+006 7.2914
405455 7.55484e+006 7.07411
405455 7.55484e+006 7.13651
405455 7.55484e+006 7.13651
405455 7.55484e+006 7.33155
405455 7.55484e+006 7.2914
405455 7.55484e+006 7.33155
405455 7.55484e+006 7.13651
405455 7.55484e+006 7.19891
405455 7.55484e+006 7.19891
405455 7.55484e+006 7.3717
405455 7.55484e+006 7.33155
405455 7.55484e+006 7.3717
405455 7.55484e+006 7.19891
405455 7.55484e+006 7.19892
405455 7.55484e+006 7.19892
405455 7.55484e+006 7.37171
405455 7.55484e+006 7.3717
405455 7.55484e+006 7.37171
405455 7.55484e+006 7.19892
405454 7.55484e+006 7.13652
405454 7.55484e+006 7.13652
405454 7.55484e+006 7.33156
405455 7.55484e+006 7.37171
405454 7.55484e+006 7.33156
405454 7.55484e+006 7.13652
405454 7.55484e+006 7.07412
405454 7.55484e+006 7.07412
405454 7.55484e+006 7.29141
405454 7.55484e+006 7.33156
405454 7.55484e+006 7.29141
405454 7.55484e+006 7.07412
405455 7.55484e+006 7.07411
405455 7.55484e+006 7.07411
405455 7.55484e+006 7.2914
405454 7.55484e+006 7.29141
405456 7.55484e+006 7.33155
405456 7.55484e+006 8.19391
405456 7.55484e+006 8.15376
405456 7.55484e+006 8.15376
405456 7.55484e+006 7.2914
405456 7.55484e+006 7.33155
405456 7.55484e+006 7.2914
405456 7.55484e+006 8.15376
405455 7.55484e+006 8.15376
405455 7.55484e+006 8.15376
405455 7.55484e+006 7.29141
405456 7.55484e+006 7.2914
405455 7.55484e+006 7.29141
405455 7.55484e+006 8.15376
405455 7.55484e+006 8.19392
405455 7.55484e+006 8.19392
405455 7.55484e+006 7.33156
405455 7.55484e+006 7.29141
405455 7.55484e+006 7.33156
405455 7.55484e+006 8.19392
405456 7.55484e+006 8.23406
405456 7.55484e+006 8.23406
405456 7.55484e+006 7.37171
405455 7.55484e+006 7.33156
405456 7.55484e+006 7.37171
405456 7.55484e+006 8.23406
405456 7.55484e+006 8.23406
405456 7.55484e+006 8.23406
405456 7.55484e+006 7.3717
405456 7.55484e+006 7.37171
405456 7.55484e+006 7.3717
405456 7.55484e+006 8.23406
405456 7.55484e+006 8.19391
405456 7.55484e+006 8.19391
405456 7.55484e+006 7.33155
405456 7.55484e+006 7.3717
405456 7.55484e+006 7.13651
405456 7.55484e+006 7.07411
405455 7.55484e+006 7.07412
405455 7.55484e+006 7.07412
405455 7.55484e+006 7.13652
405456 7.55484e+006 7.19892
405456 7.55484e+006 7.13651
405455 7.55484e+006 7.07412
405456 7.55484e+006 7.19892
405456 7.55484e+006 7.19891
405456 7.55484e+006 7.13651
405456 7.55484e+006 7.19892
405456 7.55484e+006 8.23406
405456 7.55484e+006 8.23406
405455 7.55484e+006 8.19392
405455 7.55484e+006 8.19392
405455 7.55484e+006 8.15376
405456 7.55484e+006 8.15376
405456 7.55484e+006 8.23406
405455 7.55484e+006 8.19392
405456 7.55484e+006 8.15376
405456 7.55484e+006 8.19391
405456 7.55484e+006 8.23406
405456 7.55484e+006 8.15376
405456 7.55484e+006 7.2914
405456 7.55484e+006 7.07411
405456 7.55484e+006 7.13651
405456 7.55484e+006 7.13651
405456 7.55484e+006 7.33155
405456 7.55484e+006 7.2914
405456 7.55484e+006 7.33155
405456 7.55484e+006 7.13651
405456 7.55484e+006 7.19891
405456 7.55484e+006 7.19891
405456 7.55484e+006 7.3717
405456 7.55484e+006 7.33155
405456 7.55484e+006 7.3717
405456 7.55484e+006 7.19891
405456 7.55484e+006 7.19892
405456 7.55484e+006 7.19892
405456 7.55484e+006 7.37171
405456 7.55484e+006 7.3717
405456 7.55484e+006 7.37171
405456 7.55484e+006 7.19892
405455 7.55484e+006 7.13652
405455 7.55484e+006 7.13652
405455 7.55484e+006 7.33156
405456 7.55484e+006 7.37171
405455 7.55484e+006 7.33156
405455 7.55484e+006 7.13652
405455 7.55484e+006 7.07412
405455 7.55484e+006 7.07412
405455 7.55484e+006 7.29141
405455 7.55484e+006 7.33156
405455 7.55484e+006 7.29141
405455 7.55484e+006 7.07412
405456 7.55484e+006 7.07411
405456 7.55484e+006 7.07411
405456 7.55484e+006 7.2914
405455 7.55484e+006 7.29141
405446 7.55484e+006 7.33155
405446 7.55484e+006 8.19391
405445 7.55484e+006 8.15376
405445 7.55484e+006 8.15376
405445 7.55484e+006 7.2914
405446 7.55484e+006 7.33155
405445 7.55484e+006 7.2914
405445 7.55484e+006 8.15376
405445 7.55484e+006 8.15376
405445 7.55484e+006 8.15376
405445 7.55484e+006 7.29141
405445 7.55484e+006 7.2914
405445 7.55484e+006 7.29141
405445 7.55484e+006 8.15376
405445 7.55484e+006 8.19392
405445 7.55484e+006 8.19392
405445 7.55484e+006 7.33156
405445 7.55484e+006 7.29141
405445 7.55484e+006 7.33156
405445 7.55484e+006 8.19392
405445 7.55484e+006 8.23406
405445 7.55484e+006 8.23406
405445 7.55484e+006 7.37171
405445 7.55484e+006 7.33156
405445 7.55484e+006 7.37171
405445 7.55484e+006 8.23406
405446 7.55484e+006 8.23406
405446 7.55484e+006 8.23406
405446 7.55484e+006 7.3717
405445 7.55484e+006 7.37171
405446 7.55484e+006 7.3717
405446 7.55484e+006 8.23406
405446 7.55484e+006 8.19391
405446 7.55484e+006 8.19391
405446 7.55484e+006 7.33155
405446 7.55484e+006 7.3717
405446 7.55484e+006 7.13651
405445 7.55484e+006 7.07411
405445 7.55484e+006 7.07412
405445 7.55484e+006 7.07412
405445 7.55484e+006 7.13652
405445 7.55484e+006 7.19892
405446 7.55484e+006 7.13651
405445 7.55484e+006 7.07412
405445 7.55484e+006 7.19892
405446 7.55484e+006 7.19891
405446 7.55484e+006 7.13651
405445 7.55484e+006 7.19892
405446 7.55484e+006 8.23406
405445 7.55484e+006 8.23406
405445 7.55484e+006 8.19392
405445 7.55484e+006 8.19392
405445 7.55484e+006 8.15376
405445 7.55484e+006 8.15376
405446 7.55484e+006 8.23406
405445 7.55484e+006 8.19392
405445 7.55484e+006 8.15376
405446 7.55484e+006 8.19391
405446 7.55484e+006 8.23406
405445 7.55484e+006 8.15376
405445 7.55484e+006 7.2914
405445 7.55484e+006 7.07411
405446 7.55484e+006 7.13651
405446 7.55484e+006 7.13651
405446 7.55484e+006 7.33155
405445 7.55484e+006 7.2914
405446 7.55484e+006 7.33155
405446 7.55484e+006 7.13651
405446 7.55484e+006 7.19891
405446 7.55484e+006 7.19891
405446 7.55484e+006 7.3717
405446 7.55484e+006 7.33155
405446 7.55484e+006 7.3717
405446 7.55484e+006 7.19891
405445 7.55484e+006 7.19892
405445 7.55484e+006 7.19892
405445 7.55484e+006 7.37171
405446 7.55484e+006 7.3717
405445 7.55484e+006 7.37171
405445 7.55484e+006 7.19892
405445 7.55484e+006 7.13652
405445 7.55484e+006 7.13652
405445 7.55484e+006 7.33156
405445 7.55484e+006 7.37171
405445 7.55484e+006 7.33156
405445 7.55484e+006 7.13652
405445 7.55484e+006 7.07412
405445 7.55484e+006 7.07412
405445 7.55484e+006 7.29141
405445 7.55484e+006 7.33156
405445 7.55484e+006 7.29141
405445 7.55484e+006 7.07412
405445 7.55484e+006 7.07411
405445 7.55484e+006 7.07411
405445 7.55484e+006 7.2914
405445 7.55484e+006 7.29141
405447 7.55484e+006 7.33155
405447 7.55484e+006 8.19391
405446 7.55484e+006 8.15376
405446 7.55484e+006 8.15376
405446 7.55484e+006 7.2914
405447 7.55484e+006 7.33155
405446 7.55484e+006 7.2914
405446 7.55484e+006 8.15376
405446 7.55484e+006 8.15376
405446 7.55484e+006 8.15376
405446 7.55484e+006 7.29141
405446 7.55484e+006 7.2914
405446 7.55484e+006 7.29141
405446 7.55484e+006 8.15376
405446 7.55484e+006 8.19392
405446 7.55484e+006 8.19392
405446 7.55484e+006 7.33156
405446 7.55484e+006 7.29141
405446 7.55484e+006 7.33156
405446 7.55484e+006 8.19392
405446 7.55484e+006 8.23406
405446 7.55484e+006 8.23406
405446 7.55484e+006 7.37171
405446 7.55484e+006 7.33156
405446 7.55484e+006 7.37171
405446 7.55484e+006 8.23406
405447 7.55484e+006 8.23406
405447 7.55484e+006 8.23406
405447 7.55484e+006 7.3717
405446 7.55484e+006 7.37171
405447 7.55484e+006 7.3717
405447 7.55484e+006 8.23406
405447 7.55484e+006 8.19391
405447 7.55484e+006 8.19391
405447 7.55484e+006 7.33155
405447 7.55484e+006 7.3717
405447 7.55484e+006 7.13651
405447 7.55484e+006 7.07411
405446 7.55484e+006 7.07412
405446 7.55484e+006 7.07412
405446 7.55484e+006 7.13652
405446 7.55484e+006 7.19892
405447 7.55484e+006 7.13651
405446 7.55484e+006 7.07412
405446 7.55484e+006 7.19892
405447 7.55484e+006 7.19891
405447 7.55484e+006 7.13651
405446 7.55484e+006 7.19892
405447 7.55484e+006 8.23406
405446 7.55484e+006 8.23406
405446 7.55484e+006 8.19392
405446 7.55484e+006 8.19392
405446 7.55484e+006 8.15376
405446 7.55484e+006 8.15376
405447 7.55484e+006 8.23406
405446 7.55484e+006 8.19392
405446 7.55484e+006 8.15376
405447 7.55484e+006 8.19391
405447 7.55484e+006 8.23406
405446 7.55484e+006 8.15376
405446 7.55484e+006 7.2914
405447 7.55484e+006 7.07411
405447 7.55484e+006 7.13651
405447 7.55484e+006 7.13651
405447 7.55484e+006 7.33155
405446 7.55484e+006 7.2914
405447 7.55484e+006 7.33155
405447 7.55484e+006 7.13651
405447 7.55484e+006 7.19891
405447 7.55484e+006 7.19891
405447 7.55484e+006 7.3717
405447 7.55484e+006 7.33155
405447 7.55484e+006 7.3717
405447 7.55484e+006 7.19891
405446 7.55484e+006 7.19892
405446 7.55484e+006 7.19892
405446 7.55484e+006 7.37171
405447 7.55484e+006 7.3717
405446 7.55484e+006 7.37171
405446 7.55484e+006 7.19892
405446 7.55484e+006 7.13652
405446 7.55484e+006 7.13652
405446 7.55484e+006 7.33156
405446 7.55484e+006 7.37171
405446 7.55484e+006 7.33156
405446 7.55484e+006 7.13652
405446 7.55484e+006 7.07412
405446 7.55484e+006 7.07412
405446 7.55484e+006 7.29141
405446 7.55484e+006 7.33156
405446 7.55484e+006 7.29141
405446 7.55484e+006 7.07412
405447 7.55484e+006 7.07411
405447 7.55484e+006 7.07411
405446 7.55484e+006 7.2914
405446 7.55484e+006 7.29141
405448 7.55484e+006 7.33155
405448 7.55484e+006 8.19391
405447 7.55484e+006 8.15376
405447 7.55484e+006 8.15376
405448 7.55484e+006 7.2914
405448 7.55484e+006 7.33155
405448 7.55484e+006 7.2914
405447 7.55484e+006 8.15376
405447 7.55484e+006 8.15376
405447 7.55484e+006 8.15376
405447 7.55484e+006 7.29141
405448 7.55484e+006 7.2914
405447 7.55484e+006 7.29141
405447 7.55484e+006 8.15376
405447 7.55484e+006 8.19392
405447 7.55484e+006 8.19392
405447 7.55484e+006 7.33156
405447 7.55484e+006 7.29141
405447 7.55484e+006 7.33156
405447 7.55484e+006 8.19392
405447 7.55484e+006 8.23406
405447 7.55484e+006 8.23406
405447 7.55484e+006 7.37171
405447 7.55484e+006 7.33156
405447 7.55484e+006 7.37171
405447 7.55484e+006 8.23406
405448 7.55484e+006 8.23406
405448 7.55484e+006 8.23406
405448 7.55484e+006 7.3717
405447 7.55484e+006 7.37171
405448 7.55484e+006 7.3717
405448 7.55484e+006 8.23406
405448 7.55484e+006 8.19391
405448 7.55484e+006 8.19391
405448 7.55484e+006 7.33155
405448 7.55484e+006 7.3717
405448 7.55484e+006 7.13651
405448 7.55484e+006 7.07411
405447 7.55484e+006 7.07412
405447 7.55484e+006 7.07412
405447 7.55484e+006 7.13652
405447 7.55484e+006 7.19892
405448 7.55484e+006 7.13651
405447 7.55484e+006 7.07412
405447 7.55484e+006 7.19892
405448 7.55484e+006 7.19891
405448 7.55484e+006 7.13651
405447 7.55484e+006 7.19892
405448 7.55484e+006 8.23406
405447 7.55484e+006 8.23406
405447 7.55484e+006 8.19392
405447 7.55484e+006 8.19392
405447 7.55484e+006 8.15376
405447 7.55484e+006 8.15376
405448 7.55484e+006 8.23406
405447 7.55484e+006 8.19392
405447 7.55484e+006 8.15376
405448 7.55484e+006 8.19391
405448 7.55484e+006 8.23406
405447 7.55484e+006 8.15376
405448 7.55484e+006 7.2914
405448 7.55484e+006 7.07411
405448 7.55484e+006 7.13651
405448 7.55484e+006 7.13651
405448 7.55484e+006 7.33155
405448 7.55484e+006 7.2914
405448 7.55484e+006 7.33155
405448 7.55484e+006 7.13651
405448 7.55484e+006 7.19891
405448 7.55484e+006 7.19891
405448 7.55484e+006 7.3717
405448 7.55484e+006 7.33155
405448 7.55484e+006 7.3717
405448 7.55484e+006 7.19891
405447 7.55484e+006 7.19892
405447 7.55484e+006 7.19892
405447 7.55484e+006 7.37171
405448 7.55484e+006 7.3717
405447 7.55484e+006 7.37171
405447 7.55484e+006 7.19892
405447 7.55484e+006 7.13652
405447 7.55484e+006 7.13652
405447 7.55484e+006 7.33156
405447 7.55484e+006 7.37171
405447 7.55484e+006 7.33156
405447 7.55484e+006 7.13652
405447 7.55484e+006 7.07412
405447 7.55484e+006 7.07412
405447 7.55484e+006 7.29141
405447 7.55484e+006 7.33156
405447 7.55484e+006 7.29141
405447 7.55484e+006 7.07412
405448 7.55484e+006 7.07411
405448 7.55484e+006 7.07411
405448 7.55484e+006 7.2914
405447 7.55484e+006 7.29141
405435 7.55485e+006 7.33155
405435 7.55485e+006 8.19391
405435 7.55485e+006 8.15376
405435 7.55485e+006 8.15376
405435 7.55485e+006 7.2914
405435 7.55485e+006 7.33155
405435 7.55485e+006 7.2914
405435 7.55485e+006 8.15376
405434 7.55485e+006 8.15376
405434 7.55485e+006 8.15376
405434 7.55485e+006 7.29141
405435 7.55485e+006 7.2914
405434 7.55485e+006 7.29141
405434 7.55485e+006 8.15376
405434 7.55485e+006 8.19392
405434 7.55485e+006 8.19392
405434 7.55485e+006 7.33156
405434 7.55485e+006 7.29141
405434 7.55485e+006 7.33156
405434 7.55485e+006 8.19392
405435 7.55485e+006 8.23406
405435 7.55485e+006 8.23406
405435 7.55485e+006 7.37171
405434 7.55485e+006 7.33156
405435 7.55485e+006 7.37171
405435 7.55485e+006 8.23406
405435 7.55485e+006 8.23406
405435 7.55485e+006 8.23406
405435 7.55485e+006 7.3717
405435 7.55485e+006 7.37171
405435 7.55485e+006 7.3717
405435 7.55485e+006 8.23406
405435 7.55485e+006 8.19391
405435 7.55485e+006 8.19391
405435 7.55485e+006 7.33155
405435 7.55485e+006 7.3717
405435 7.55485e+006 7.13651
405435 7.55485e+006 7.07411
405434 7.55485e+006 7.07412
405434 7.55485e+006 7.07412
405434 7.55485e+006 7.13652
405435 7.55485e+006 7.19892
405435 7.55485e+006 7.13651
405434 7.55485e+006 7.07412
405435 7.55485e+006 7.19892
405435 7.55485e+006 7.19891
405435 7.55485e+006 7.13651
405435 7.55485e+006 7.19892
405435 7.55485e+006 8.23406
405435 7.55485e+006 8.23406
405434 7.55485e+006 8.19392
405434 7.55485e+006 8.19392
405434 7.55485e+006 8.15376
405435 7.55485e+006 8.15376
405435 7.55485e+006 8.23406
405434 7.55485e+006 8.19392
405435 7.55485e+006 8.15376
405435 7.55485e+006 8.19391
405435 7.55485e+006 8.23406
405435 7.55485e+006 8.15376
405435 7.55485e+006 7.2914
405435 7.55485e+006 7.07411
405435 7.55485e+006 7.13651
405435 7.55485e+006 7.13651
405435 7.55485e+006 7.33155
405435 7.55485e+006 7.2914
405435 7.55485e+006 7.33155
405435 7.55485e+006 7.13651
405435 7.55485e+006 7.19891
405435 7.55485e+006 7.19891
405435 7.55485e+006 7.3717
405435 7.55485e+006 7.33155
405435 7.55485e+006 7.3717
405435 7.55485e+006 7.19891
405435 7.55485e+006 7.19892
405435 7.55485e+006 7.19892
405435 7.55485e+006 7.37171
405435 7.55485e+006 7.3717
405435 7.55485e+006 7.37171
405435 7.55485e+006 7.19892
405434 7.55485e+006 7.13652
405434 7.55485e+006 7.13652
405434 7.55485e+006 7.33156
405435 7.55485e+006 7.37171
405434 7.55485e+006 7.33156
405434 7.55485e+006 7.13652
405434 7.55485e+006 7.07412
405434 7.55485e+006 7.07412
405434 7.55485e+006 7.29141
405434 7.55485e+006 7.33156
405434 7.55485e+006 7.29141
405434 7.55485e+006 7.07412
405435 7.55485e+006 7.07411
405435 7.55485e+006 7.07411
405435 7.55485e+006 7.2914
405434 7.55485e+006 7.29141
405436 7.55485e+006 7.33155
405436 7.55485e+006 8.19391
405436 7.55485e+006 8.15376
405436 7.55485e+006 8.15376
405436 7.55485e+006 7.2914
405436 7.55485e+006 7.33155
405436 7.55485e+006 7.2914
405436 7.55485e+006 8.15376
405435 7.55485e+006 8.15376
405435 7.55485e+006 8.15376
405436 7.55485e+006 7.29141
405436 7.55485e+006 7.2914
405436 7.55485e+006 7.29141
405435 7.55485e+006 8.15376
405435 7.55485e+006 8.19392
405435 7.55485e+006 8.19392
405435 7.55485e+006 7.33156
405436 7.55485e+006 7.29141
405435 7.55485e+006 7.33156
405435 7.55485e+006 8.19392
405436 7.55485e+006 8.23406
405436 7.55485e+006 8.23406
405436 7.55485e+006 7.37171
405435 7.55485e+006 7.33156
405436 7.55485e+006 7.37171
405436 7.55485e+006 8.23406
405436 7.55485e+006 8.23406
405436 7.55485e+006 8.23406
405436 7.55485e+006 7.3717
405436 7.55485e+006 7.37171
405436 7.55485e+006 7.3717
405436 7.55485e+006 8.23406
405436 7.55485e+006 8.19391
405436 7.55485e+006 8.19391
405436 7.55485e+006 7.33155
405436 7.55485e+006 7.3717
405436 7.55485e+006 7.13651
405436 7.55485e+006 7.07411
405435 7.55485e+006 7.07412
405435 7.55485e+006 7.07412
405435 7.55485e+006 7.13652
405436 7.55485e+006 7.19892
405436 7.55485e+006 7.13651
405435 7.55485e+006 7.07412
405436 7.55485e+006 7.19892
405436 7.55485e+006 7.19891
405436 7.55485e+006 7.13651
405436 7.55485e+006 7.19892
405436 7.55485e+006 8.23406
405436 7.55485e+006 8.23406
405435 7.55485e+006 8.19392
405435 7.55485e+006 8.19392
405435 7.55485e+006 8.15376
405436 7.55485e+006 8.15376
405436 7.55485e+006 8.23406
405435 7.55485e+006 8.19392
405436 7.55485e+006 8.15376
405436 7.55485e+006 8.19391
405436 7.55485e+006 8.23406
405436 7.55485e+006 8.15376
405436 7.55485e+006 7.2914
405436 7.55485e+006 7.07411
405436 7.55485e+006 7.13651
405436 7.55485e+006 7.13651
405436 7.55485e+006 7.33155
405436 7.55485e+006 7.2914
405436 7.55485e+006 7.33155
405436 7.55485e+006 7.13651
405436 7.55485e+006 7.19891
405436 7.55485e+006 7.19891
405436 7.55485e+006 7.3717
405436 7.55485e+006 7.33155
405436 7.55485e+006 7.3717
405436 7.55485e+006 7.19891
405436 7.55485e+006 7.19892
405436 7.55485e+006 7.19892
405436 7.55485e+006 7.37171
405436 7.55485e+006 7.3717
405436 7.55485e+006 7.37171
405436 7.55485e+006 7.19892
405435 7.55485e+006 7.13652
405435 7.55485e+006 7.13652
405435 7.55485e+006 7.33156
405436 7.55485e+006 7.37171
405435 7.55485e+006 7.33156
405435 7.55485e+006 7.13652
405435 7.55485e+006 7.07412
405435 7.55485e+006 7.07412
405436 7.55485e+006 7.29141
405435 7.55485e+006 7.33156
405436 7.55485e+006 7.29141
405435 7.55485e+006 7.07412
405436 7.55485e+006 7.07411
405436 7.55485e+006 7.07411
405436 7.55485e+006 7.2914
405436 7.55485e+006 7.29141
405437 7.55485e+006 7.33155
405437 7.55485e+006 8.19391
405437 7.55485e+006 8.15376
405437 7.55485e+006 8.15376
405437 7.55485e+006 7.2914
405437 7.55485e+006 7.33155
405437 7.55485e+006 7.2914
405437 7.55485e+006 8.15376
405437 7.55485e+006 8.15376
405437 7.55485e+006 8.15376
405437 7.55485e+006 7.29141
405437 7.55485e+006 7.2914
405437 7.55485e+006 7.29141
405437 7.55485e+006 8.15376
405436 7.55485e+006 8.19392
405436 7.55485e+006 8.19392
405437 7.55485e+006 7.33156
405437 7.55485e+006 7.29141
405437 7.55485e+006 7.33156
405436 7.55485e+006 8.19392
405437 7.55485e+006 8.23406
405437 7.55485e+006 8.23406
405437 7.55485e+006 7.37171
405437 7.55485e+006 7.33156
405437 7.55485e+006 7.37171
405437 7.55485e+006 8.23406
405437 7.55485e+006 8.23406
405437 7.55485e+006 8.23406
405437 7.55485e+006 7.3717
405437 7.55485e+006 7.37171
405437 7.55485e+006 7.3717
405437 7.55485e+006 8.23406
405437 7.55485e+006 8.19391
405437 7.55485e+006 8.19391
405437 7.55485e+006 7.33155
405437 7.55485e+006 7.3717
405437 7.55485e+006 7.13651
405437 7.55485e+006 7.07411
405436 7.55485e+006 7.07412
405436 7.55485e+006 7.07412
405436 7.55485e+006 7.13652
405437 7.55485e+006 7.19892
405437 7.55485e+006 7.13651
405436 7.55485e+006 7.07412
405437 7.55485e+006 7.19892
405437 7.55485e+006 7.19891
405437 7.55485e+006 7.13651
405437 7.55485e+006 7.19892
405437 7.55485e+006 8.23406
405437 7.55485e+006 8.23406
405436 7.55485e+006 8.19392
405436 7.55485e+006 8.19392
405437 7.55485e+006 8.15376
405437 7.55485e+006 8.15376
405437 7.55485e+006 8.23406
405436 7.55485e+006 8.19392
405437 7.55485e+006 8.15376
405437 7.55485e+006 8.19391
405437 7.55485e+006 8.23406
405437 7.55485e+006 8.15376
405437 7.55485e+006 7.2914
405437 7.55485e+006 7.07411
405437 7.55485e+006 7.13651
405437 7.55485e+006 7.13651
405437 7.55485e+006 7.33155
405437 7.55485e+006 7.2914
405437 7.55485e+006 7.33155
405437 7.55485e+006 7.13651
405437 7.55485e+006 7.19891
405437 7.55485e+006 7.19891
405437 7.55485e+006 7.3717
405437 7.55485e+006 7.33155
405437 7.55485e+006 7.3717
405437 7.55485e+006 7.19891
405437 7.55485e+006 7.19892
405437 7.55485e+006 7.19892
405437 7.55485e+006 7.37171
405437 7.55485e+006 7.3717
405437 7.55485e+006 7.37171
405437 7.55485e+006 7.19892
405436 7.55485e+006 7.13652
405436 7.55485e+006 7.13652
405437 7.55485e+006 7.33156
405437 7.55485e+006 7.37171
405437 7.55485e+006 7.33156
405436 7.55485e+006 7.13652
405436 7.55485e+006 7.07412
405436 7.55485e+006 7.07412
405437 7.55485e+006 7.29141
405437 7.55485e+006 7.33156
405437 7.55485e+006 7.29141
405436 7.55485e+006 7.07412
405437 7.55485e+006 7.07411
405437 7.55485e+006 7.07411
405437 7.55485e+006 7.2914
405437 7.55485e+006 7.29141
405434 7.55485e+006 7.33155
405434 7.55485e+006 8.19391
405434 7.55485e+006 8.15376
405434 7.55485e+006 8.15376
405434 7.55485e+006 7.2914
405434 7.55485e+006 7.33155
405434 7.55485e+006 7.2914
405434 7.55485e+006 8.15376
405434 7.55485e+006 8.15376
405434 7.55485e+006 8.15376
405434 7.55485e+006 7.29141
405434 7.55485e+006 7.2914
405434 7.55485e+006 7.29141
405434 7.55485e+006 8.15376
405433 7.55485e+006 8.19392
405433 7.55485e+006 8.19392
405434 7.55485e+006 7.33156
405434 7.55485e+006 7.29141
405434 7.55485e+006 7.33156
405433 7.55485e+006 8.19392
405434 7.55485e+006 8.23406
405434 7.55485e+006 8.23406
405434 7.55485e+006 7.37171
405434 7.55485e+006 7.33156
405434 7.55485e+006 7.37171
405434 7.55485e+006 8.23406
405434 7.55485e+006 8.23406
405434 7.55485e+006 8.23406
405434 7.55485e+006 7.3717
405434 7.55485e+006 7.37171
405434 7.55485e+006 7.3717
405434 7.55485e+006 8.23406
405434 7.55485e+006 8.19391
405434 7.55485e+006 8.19391
405434 7.55485e+006 7.33155
405434 7.55485e+006 7.3717
405434 7.55485e+006 7.13651
405434 7.55485e+006 7.07411
405433 7.55485e+006 7.07412
405433 7.55485e+006 7.07412
405433 7.55485e+006 7.13652
405434 7.55485e+006 7.19892
405434 7.55485e+006 7.13651
405433 7.55485e+006 7.07412
405434 7.55485e+006 7.19892
405434 7.55485e+006 7.19891
405434 7.55485e+006 7.13651
405434 7.55485e+006 7.19892
405434 7.55485e+006 8.23406
405434 7.55485e+006 8.23406
405433 7.55485e+006 8.19392
405433 7.55485e+006 8.19392
405434 7.55485e+006 8.15376
405434 7.55485e+006 8.15376
405434 7.55485e+006 8.23406
405433 7.55485e+006 8.19392
405434 7.55485e+006 8.15376
405434 7.55485e+006 8.19391
405434 7.55485e+006 8.23406
405434 7.55485e+006 8.15376
405434 7.55485e+006 7.2914
405434 7.55485e+006 7.07411
405434 7.55485e+006 7.13651
405434 7.55485e+006 7.13651
405434 7.55485e+006 7.33155
405434 7.55485e+006 7.2914
405434 7.55485e+006 7.33155
405434 7.55485e+006 7.13651
405434 7.55485e+006 7.19891
405434 7.55485e+006 7.19891
405434 7.55485e+006 7.3717
405434 7.55485e+006 7.33155
405434 7.55485e+006 7.3717
405434 7.55485e+006 7.19891
405434 7.55485e+006 7.19892
405434 7.55485e+006 7.19892
405434 7.55485e+006 7.37171
405434 7.55485e+006 7.3717
405434 7.55485e+006 7.37171
405434 7.55485e+006 7.19892
405433 7.55485e+006 7.13652
405433 7.55485e+006 7.13652
405434 7.55485e+006 7.33156
405434 7.55485e+006 7.37171
405434 7.55485e+006 7.33156
405433 7.55485e+006 7.13652
405433 7.55485e+006 7.07412
405433 7.55485e+006 7.07412
405434 7.55485e+006 7.29141
405434 7.55485e+006 7.33156
405434 7.55485e+006 7.29141
405433 7.55485e+006 7.07412
405434 7.55485e+006 7.07411
405434 7.55485e+006 7.07411
405434 7.55485e+006 7.2914
405434 7.55485e+006 7.29141
405433 7.55485e+006 7.33155
405433 7.55485e+006 8.19391
405433 7.55485e+006 8.15376
405433 7.55485e+006 8.15376
405433 7.55485e+006 7.2914
405433 7.55485e+006 7.33155
405433 7.55485e+006 7.2914
405433 7.55485e+006 8.15376
405433 7.55485e+006 8.15376
405433 7.55485e+006 8.15376
405433 7.55485e+006 7.29141
405433 7.55485e+006 7.2914
405433 7.55485e+006 7.29141
405433 7.55485e+006 8.15376
405432 7.55485e+006 8.19392
405432 7.55485e+006 8.19392
405433 7.55485e+006 7.33156
405433 7.55485e+006 7.29141
405433 7.55485e+006 7.33156
405432 7.55485e+006 8.19392
405433 7.55485e+006 8.23406
405433 7.55485e+006 8.23406
405433 7.55485e+006 7.37171
405433 7.55485e+006 7.33156
405433 7.55485e+006 7.37171
405433 7.55485e+006 8.23406
405433 7.55485e+006 8.23406
405433 7.55485e+006 8.23406
405433 7.55485e+006 7.3717
405433 7.55485e+006 7.37171
405433 7.55485e+006 7.3717
405433 7.55485e+006 8.23406
405433 7.55485e+006 8.19391
405433 7.55485e+006 8.19391
405433 7.55485e+006 7.33155
405433 7.55485e+006 7.3717
405433 7.55485e+006 7.13651
405433 7.55485e+006 7.07411
405432 7.55485e+006 7.07412
405432 7.55485e+006 7.07412
405432 7.55485e+006 7.13652
405433 7.55485e+006 7.19892
405433 7.55485e+006 7.13651
405432 7.55485e+006 7.07412
405433 7.55485e+006 7.19892
405433 7.55485e+006 7.19891
405433 7.55485e+006 7.13651
405433 7.55485e+006 7.19892
405433 7.55485e+006 8.23406
405433 7.55485e+006 8.23406
405432 7.55485e+006 8.19392
405432 7.55485e+006 8.19392
405433 7.55485e+006 8.15376
405433 7.55485e+006 8.15376
405433 7.55485e+006 8.23406
405432 7.55485e+006 8.19392
405433 7.55485e+006 8.15376
405433 7.55485e+006 8.19391
405433 7.55485e+006 8.23406
405433 7.55485e+006 8.15376
405433 7.55485e+006 7.2914
405433 7.55485e+006 7.07411
405433 7.55485e+006 7.13651
405433 7.55485e+006 7.13651
405433 7.55485e+006 7.33155
405433 7.55485e+006 7.2914
405433 7.55485e+006 7.33155
405433 7.55485e+006 7.13651
405433 7.55485e+006 7.19891
405433 7.55485e+006 7.19891
405433 7.55485e+006 7.3717
405433 7.55485e+006 7.33155
405433 7.55485e+006 7.3717
405433 7.55485e+006 7.19891
405433 7.55485e+006 7.19892
405433 7.55485e+006 7.19892
405433 7.55485e+006 7.37171
405433 7.55485e+006 7.3717
405433 7.55485e+006 7.37171
405433 7.55485e+006 7.19892
405432 7.55485e+006 7.13652
405432 7.55485e+006 7.13652
405433 7.55485e+006 7.33156
405433 7.55485e+006 7.37171
405433 7.55485e+006 7.33156
405432 7.55485e+006 7.13652
405432 7.55485e+006 7.07412
405432 7.55485e+006 7.07412
405433 7.55485e+006 7.29141
405433 7.55485e+006 7.33156
405433 7.55485e+006 7.29141
405432 7.55485e+006 7.07412
405433 7.55485e+006 7.07411
405433 7.55485e+006 7.07411
405433 7.55485e+006 7.2914
405433 7.55485e+006 7.29141
