405418 7.55479e+006 20.7554
405418 7.55479e+006 19.7343
405419 7.5548e+006 19.7345
405419 7.5548e+006 19.7345
405419 7.5548e+006 20.7556
405418 7.55479e+006 20.7554
405405 7.5548e+006 19.7214
405405 7.5548e+006 20.7425
405407 7.5548e+006 20.7427
405407 7.5548e+006 20.7427
405407 7.5548e+006 19.7216
405405 7.5548e+006 19.7214
405418 7.55479e+006 20.7554
405405 7.5548e+006 20.7425
405405 7.5548e+006 19.7214
405405 7.5548e+006 19.7214
405418 7.55479e+006 19.7343
405418 7.55479e+006 20.7554
405419 7.5548e+006 20.7556
405407 7.5548e+006 20.7427
405405 7.5548e+006 20.7425
405405 7.5548e+006 20.7425
405418 7.55479e+006 20.7554
405419 7.5548e+006 20.7556
405419 7.5548e+006 19.7345
405407 7.5548e+006 19.7216
405407 7.5548e+006 20.7427
405407 7.5548e+006 20.7427
405419 7.5548e+006 20.7556
405419 7.5548e+006 19.7345
