400529 7.55246e+006 21.2939
400529 7.55245e+006 21.2939
400523 7.55245e+006 21.2939
400523 7.55245e+006 21.2939
400523 7.55246e+006 21.2939
400529 7.55246e+006 21.2939
400529 7.55246e+006 23.7267
400523 7.55246e+006 23.7267
400523 7.55245e+006 23.7267
400523 7.55245e+006 23.7267
400529 7.55245e+006 23.7267
400529 7.55246e+006 23.7267
400529 7.55245e+006 23.7267
400523 7.55245e+006 23.7267
400523 7.55245e+006 21.2939
400523 7.55245e+006 21.2939
400529 7.55245e+006 21.2939
400529 7.55245e+006 23.7267
400529 7.55246e+006 23.7267
400529 7.55245e+006 23.7267
400529 7.55245e+006 21.2939
400529 7.55245e+006 21.2939
400529 7.55246e+006 21.2939
400529 7.55246e+006 23.7267
400523 7.55246e+006 23.7267
400529 7.55246e+006 23.7267
400529 7.55246e+006 21.2939
400529 7.55246e+006 21.2939
400523 7.55246e+006 21.2939
400523 7.55246e+006 23.7267
400523 7.55245e+006 23.7267
400523 7.55246e+006 23.7267
400523 7.55246e+006 21.2939
400523 7.55246e+006 21.2939
400523 7.55245e+006 21.2939
400523 7.55245e+006 23.7267
