400431 7.55244e+006 29.6622
400431 7.55244e+006 29.6725
400431 7.55244e+006 29.3708
400431 7.55244e+006 29.3708
400431 7.55244e+006 29.3708
400431 7.55244e+006 29.6622
400431 7.55244e+006 29.662
400431 7.55244e+006 29.6622
400431 7.55244e+006 29.3708
400431 7.55244e+006 29.3708
400431 7.55244e+006 29.3706
400431 7.55244e+006 29.662
400431 7.55244e+006 29.6722
400431 7.55244e+006 29.662
400431 7.55244e+006 29.3706
400431 7.55244e+006 29.3706
400431 7.55244e+006 29.3705
400431 7.55244e+006 29.6722
400431 7.55244e+006 29.6825
400431 7.55244e+006 29.6722
400431 7.55244e+006 29.3705
400431 7.55244e+006 29.3705
400431 7.55244e+006 29.3706
400431 7.55244e+006 29.6825
400431 7.55244e+006 29.6826
400431 7.55244e+006 29.6825
400431 7.55244e+006 29.3706
400431 7.55244e+006 29.3706
400431 7.55244e+006 29.3708
400431 7.55244e+006 29.6826
400431 7.55244e+006 29.6725
400431 7.55244e+006 29.6826
400431 7.55244e+006 29.3708
400431 7.55244e+006 29.3708
400431 7.55244e+006 29.3708
400431 7.55244e+006 29.6725
400431 7.55244e+006 29.6763
400431 7.55244e+006 29.701
400431 7.55244e+006 29.6725
400431 7.55244e+006 29.6725
400431 7.55244e+006 29.6622
400431 7.55244e+006 29.6763
400431 7.55244e+006 29.6761
400431 7.55244e+006 29.6763
400431 7.55244e+006 29.6622
400431 7.55244e+006 29.6622
400431 7.55244e+006 29.662
400431 7.55244e+006 29.6761
400431 7.55244e+006 29.7007
400431 7.55244e+006 29.6761
400431 7.55244e+006 29.662
400431 7.55244e+006 29.662
400431 7.55244e+006 29.6722
400431 7.55244e+006 29.7007
400431 7.55244e+006 29.7254
400431 7.55244e+006 29.7007
400431 7.55244e+006 29.6722
400431 7.55244e+006 29.6722
400431 7.55244e+006 29.6825
400431 7.55244e+006 29.7254
400431 7.55244e+006 29.7256
400431 7.55244e+006 29.7254
400431 7.55244e+006 29.6825
400431 7.55244e+006 29.6825
400431 7.55244e+006 29.6826
400431 7.55244e+006 29.7256
400431 7.55244e+006 29.701
400431 7.55244e+006 29.7256
400431 7.55244e+006 29.6826
400431 7.55244e+006 29.6826
400431 7.55244e+006 29.6725
400431 7.55244e+006 29.701
400431 7.55244e+006 29.6777
400431 7.55244e+006 29.7024
400431 7.55244e+006 29.701
400431 7.55244e+006 29.701
400431 7.55244e+006 29.6763
400431 7.55244e+006 29.6777
400431 7.55244e+006 29.6776
400431 7.55244e+006 29.6777
400431 7.55244e+006 29.6763
400431 7.55244e+006 29.6763
400431 7.55244e+006 29.6761
400431 7.55244e+006 29.6776
400431 7.55244e+006 29.7021
400431 7.55244e+006 29.6776
400431 7.55244e+006 29.6761
400431 7.55244e+006 29.6761
400431 7.55244e+006 29.7007
400431 7.55244e+006 29.7021
400431 7.55244e+006 29.7268
400431 7.55244e+006 29.7021
400431 7.55244e+006 29.7007
400431 7.55244e+006 29.7007
400431 7.55244e+006 29.7254
400431 7.55244e+006 29.7268
400431 7.55244e+006 29.727
400431 7.55244e+006 29.7268
400431 7.55244e+006 29.7254
400431 7.55244e+006 29.7254
400431 7.55244e+006 29.7256
400431 7.55244e+006 29.727
400431 7.55244e+006 29.7024
400431 7.55244e+006 29.727
400431 7.55244e+006 29.7256
400431 7.55244e+006 29.7256
400431 7.55244e+006 29.701
400431 7.55244e+006 29.7024
400431 7.55244e+006 29.7207
400431 7.55244e+006 29.731
400431 7.55244e+006 29.7024
400431 7.55244e+006 29.7024
400431 7.55244e+006 29.6777
400431 7.55244e+006 29.7207
400431 7.55244e+006 29.7205
400431 7.55244e+006 29.7207
400431 7.55244e+006 29.6777
400431 7.55244e+006 29.6777
400431 7.55244e+006 29.6776
400431 7.55244e+006 29.7205
400431 7.55244e+006 29.7306
400431 7.55244e+006 29.7205
400431 7.55244e+006 29.6776
400431 7.55244e+006 29.6776
400431 7.55244e+006 29.7021
400431 7.55244e+006 29.7306
400431 7.55244e+006 29.7409
400431 7.55244e+006 29.7306
400431 7.55244e+006 29.7021
400431 7.55244e+006 29.7021
400431 7.55244e+006 29.7268
400431 7.55244e+006 29.7409
400431 7.55244e+006 29.7411
400431 7.55244e+006 29.7409
400431 7.55244e+006 29.7268
400431 7.55244e+006 29.7268
400431 7.55244e+006 29.727
400431 7.55244e+006 29.7411
400431 7.55244e+006 29.731
400431 7.55244e+006 29.7411
400431 7.55244e+006 29.727
400431 7.55244e+006 29.727
400431 7.55244e+006 29.7024
400431 7.55244e+006 29.731
400431 7.55244e+006 31.9662
400431 7.55244e+006 31.973
400431 7.55244e+006 29.731
400431 7.55244e+006 29.731
400431 7.55244e+006 29.7207
400431 7.55244e+006 31.9662
400431 7.55244e+006 31.9543
400431 7.55244e+006 31.9662
400431 7.55244e+006 29.7207
400431 7.55244e+006 29.7207
400431 7.55244e+006 29.7205
400431 7.55244e+006 31.9543
400431 7.55244e+006 31.9491
400431 7.55244e+006 31.9543
400431 7.55244e+006 29.7205
400431 7.55244e+006 29.7205
400431 7.55244e+006 29.7306
400431 7.55244e+006 31.9491
400431 7.55244e+006 31.9559
400431 7.55244e+006 31.9491
400431 7.55244e+006 29.7306
400431 7.55244e+006 29.7306
400431 7.55244e+006 29.7409
400431 7.55244e+006 31.9559
400431 7.55244e+006 31.9678
400431 7.55244e+006 31.9559
400431 7.55244e+006 29.7409
400431 7.55244e+006 29.7409
400431 7.55244e+006 29.7411
400431 7.55244e+006 31.9678
400431 7.55244e+006 31.973
400431 7.55244e+006 31.9678
400431 7.55244e+006 29.7411
400431 7.55244e+006 29.7411
400431 7.55244e+006 29.731
400431 7.55244e+006 31.973
400431 7.55244e+006 32.0016
400431 7.55244e+006 32.0178
400431 7.55244e+006 31.973
400431 7.55244e+006 31.973
400431 7.55244e+006 31.9662
400431 7.55244e+006 32.0016
400431 7.55244e+006 31.9732
400431 7.55244e+006 32.0016
400431 7.55244e+006 31.9662
400431 7.55244e+006 31.9662
400431 7.55244e+006 31.9543
400431 7.55244e+006 31.9732
400431 7.55244e+006 31.9609
400431 7.55244e+006 31.9732
400431 7.55244e+006 31.9543
400431 7.55244e+006 31.9543
400431 7.55244e+006 31.9491
400431 7.55244e+006 31.9609
400431 7.55244e+006 31.9771
400431 7.55244e+006 31.9609
400431 7.55244e+006 31.9491
400431 7.55244e+006 31.9491
400431 7.55244e+006 31.9559
400431 7.55244e+006 31.9771
400431 7.55244e+006 32.0055
400431 7.55244e+006 31.9771
400431 7.55244e+006 31.9559
400431 7.55244e+006 31.9559
400431 7.55244e+006 31.9678
400431 7.55244e+006 32.0055
400431 7.55244e+006 32.0178
400431 7.55244e+006 32.0055
400431 7.55244e+006 31.9678
400431 7.55244e+006 31.9678
400431 7.55244e+006 31.973
400431 7.55244e+006 32.0178
400430 7.55244e+006 31.9951
400430 7.55244e+006 32.0112
400431 7.55244e+006 32.0178
400431 7.55244e+006 32.0178
400431 7.55244e+006 32.0016
400430 7.55244e+006 31.9951
400430 7.55244e+006 31.9667
400430 7.55244e+006 31.9951
400431 7.55244e+006 32.0016
400431 7.55244e+006 32.0016
400431 7.55244e+006 31.9732
400430 7.55244e+006 31.9667
400430 7.55244e+006 31.9545
400430 7.55244e+006 31.9667
400431 7.55244e+006 31.9732
400431 7.55244e+006 31.9732
400431 7.55244e+006 31.9609
400430 7.55244e+006 31.9545
400430 7.55244e+006 31.9706
400430 7.55244e+006 31.9545
400431 7.55244e+006 31.9609
400431 7.55244e+006 31.9609
400431 7.55244e+006 31.9771
400430 7.55244e+006 31.9706
400430 7.55244e+006 31.9989
400430 7.55244e+006 31.9706
400431 7.55244e+006 31.9771
400431 7.55244e+006 31.9771
400431 7.55244e+006 32.0055
400430 7.55244e+006 31.9989
400430 7.55244e+006 32.0112
400430 7.55244e+006 31.9989
400431 7.55244e+006 32.0055
400431 7.55244e+006 32.0055
400431 7.55244e+006 32.0178
400430 7.55244e+006 32.0112
400430 7.55244e+006 31.9592
400430 7.55244e+006 31.9658
400430 7.55244e+006 32.0112
400430 7.55244e+006 32.0112
400430 7.55244e+006 31.9951
400430 7.55244e+006 31.9592
400430 7.55244e+006 31.9476
400430 7.55244e+006 31.9592
400430 7.55244e+006 31.9951
400430 7.55244e+006 31.9951
400430 7.55244e+006 31.9667
400430 7.55244e+006 31.9476
400430 7.55244e+006 31.9426
400430 7.55244e+006 31.9476
400430 7.55244e+006 31.9667
400430 7.55244e+006 31.9667
400430 7.55244e+006 31.9545
400430 7.55244e+006 31.9426
400430 7.55244e+006 31.9492
400430 7.55244e+006 31.9426
400430 7.55244e+006 31.9545
400430 7.55244e+006 31.9545
400430 7.55244e+006 31.9706
400430 7.55244e+006 31.9492
400430 7.55244e+006 31.9608
400430 7.55244e+006 31.9492
400430 7.55244e+006 31.9706
400430 7.55244e+006 31.9706
400430 7.55244e+006 31.9989
400430 7.55244e+006 31.9608
400430 7.55244e+006 31.9658
400430 7.55244e+006 31.9608
400430 7.55244e+006 31.9989
400430 7.55244e+006 31.9989
400430 7.55244e+006 32.0112
400430 7.55244e+006 31.9658
400430 7.55244e+006 29.71
400430 7.55244e+006 29.7125
400430 7.55244e+006 31.9658
400430 7.55244e+006 31.9658
400430 7.55244e+006 31.9592
400430 7.55244e+006 29.71
400430 7.55244e+006 29.7187
400430 7.55244e+006 29.71
400430 7.55244e+006 31.9592
400430 7.55244e+006 31.9592
400430 7.55244e+006 31.9476
400430 7.55244e+006 29.7187
400430 7.55244e+006 29.7299
400430 7.55244e+006 29.7187
400430 7.55244e+006 31.9476
400430 7.55244e+006 31.9476
400430 7.55244e+006 31.9426
400430 7.55244e+006 29.7299
400430 7.55244e+006 29.7325
400430 7.55244e+006 29.7299
400430 7.55244e+006 31.9426
400430 7.55244e+006 31.9426
400430 7.55244e+006 31.9492
400430 7.55244e+006 29.7325
400430 7.55244e+006 29.7238
400430 7.55244e+006 29.7325
400430 7.55244e+006 31.9492
400430 7.55244e+006 31.9492
400430 7.55244e+006 31.9608
400430 7.55244e+006 29.7238
400430 7.55244e+006 29.7125
400430 7.55244e+006 29.7238
400430 7.55244e+006 31.9608
400430 7.55244e+006 31.9608
400430 7.55244e+006 31.9658
400430 7.55244e+006 29.7125
400430 7.55244e+006 29.6653
400430 7.55244e+006 29.6716
400430 7.55244e+006 29.7125
400430 7.55244e+006 29.7125
400430 7.55244e+006 29.71
400430 7.55244e+006 29.6653
400430 7.55244e+006 29.6862
400430 7.55244e+006 29.6653
400430 7.55244e+006 29.71
400430 7.55244e+006 29.71
400430 7.55244e+006 29.7187
400430 7.55244e+006 29.6862
400430 7.55244e+006 29.7134
400430 7.55244e+006 29.6862
400430 7.55244e+006 29.7187
400430 7.55244e+006 29.7187
400430 7.55244e+006 29.7299
400430 7.55244e+006 29.7134
400430 7.55244e+006 29.7198
400430 7.55244e+006 29.7134
400430 7.55244e+006 29.7299
400430 7.55244e+006 29.7299
400430 7.55244e+006 29.7325
400430 7.55244e+006 29.7198
400430 7.55244e+006 29.6989
400430 7.55244e+006 29.7198
400430 7.55244e+006 29.7325
400430 7.55244e+006 29.7325
400430 7.55244e+006 29.7238
400430 7.55244e+006 29.6989
400430 7.55244e+006 29.6716
400430 7.55244e+006 29.6989
400430 7.55244e+006 29.7238
400430 7.55244e+006 29.7238
400430 7.55244e+006 29.7125
400430 7.55244e+006 29.6716
400430 7.55244e+006 29.6656
400430 7.55244e+006 29.6741
400430 7.55244e+006 29.6716
400430 7.55244e+006 29.6716
400430 7.55244e+006 29.6653
400430 7.55244e+006 29.6656
400430 7.55244e+006 29.6849
400430 7.55244e+006 29.6656
400430 7.55244e+006 29.6653
400430 7.55244e+006 29.6653
400430 7.55244e+006 29.6862
400430 7.55244e+006 29.6849
400430 7.55244e+006 29.7127
400430 7.55244e+006 29.6849
400430 7.55244e+006 29.6862
400430 7.55244e+006 29.6862
400430 7.55244e+006 29.7134
400430 7.55244e+006 29.7127
400430 7.55244e+006 29.7212
400430 7.55244e+006 29.7127
400430 7.55244e+006 29.7134
400430 7.55244e+006 29.7134
400430 7.55244e+006 29.7198
400430 7.55244e+006 29.7212
400430 7.55244e+006 29.7019
400430 7.55244e+006 29.7212
400430 7.55244e+006 29.7198
400430 7.55244e+006 29.7198
400430 7.55244e+006 29.6989
400430 7.55244e+006 29.7019
400430 7.55244e+006 29.6741
400430 7.55244e+006 29.7019
400430 7.55244e+006 29.6989
400430 7.55244e+006 29.6989
400430 7.55244e+006 29.6716
400430 7.55244e+006 29.6741
400430 7.55244e+006 29.6628
400430 7.55244e+006 29.6734
400430 7.55244e+006 29.6741
400430 7.55244e+006 29.6741
400430 7.55244e+006 29.6656
400430 7.55244e+006 29.6628
400430 7.55244e+006 29.6803
400430 7.55244e+006 29.6628
400430 7.55244e+006 29.6656
400430 7.55244e+006 29.6656
400430 7.55244e+006 29.6849
400430 7.55244e+006 29.6803
400430 7.55244e+006 29.7085
400430 7.55244e+006 29.6803
400430 7.55244e+006 29.6849
400430 7.55244e+006 29.6849
400430 7.55244e+006 29.7127
400430 7.55244e+006 29.7085
400430 7.55244e+006 29.7191
400430 7.55244e+006 29.7085
400430 7.55244e+006 29.7127
400430 7.55244e+006 29.7127
400430 7.55244e+006 29.7212
400430 7.55244e+006 29.7191
400430 7.55244e+006 29.7016
400430 7.55244e+006 29.7191
400430 7.55244e+006 29.7212
400430 7.55244e+006 29.7212
400430 7.55244e+006 29.7019
400430 7.55244e+006 29.7016
400430 7.55244e+006 29.6734
400430 7.55244e+006 29.7016
400430 7.55244e+006 29.7019
400430 7.55244e+006 29.7019
400430 7.55244e+006 29.6741
400430 7.55244e+006 29.6734
400430 7.55244e+006 29.6508
400430 7.55244e+006 29.6551
400430 7.55244e+006 29.6734
400430 7.55244e+006 29.6734
400430 7.55244e+006 29.6628
400430 7.55244e+006 29.6508
400430 7.55244e+006 29.6581
400430 7.55244e+006 29.6508
400430 7.55244e+006 29.6628
400430 7.55244e+006 29.6628
400430 7.55244e+006 29.6803
400430 7.55244e+006 29.6581
400430 7.55244e+006 29.6697
400430 7.55244e+006 29.6581
400430 7.55244e+006 29.6803
400430 7.55244e+006 29.6803
400430 7.55244e+006 29.7085
400430 7.55244e+006 29.6697
400430 7.55244e+006 29.6741
400430 7.55244e+006 29.6697
400430 7.55244e+006 29.7085
400430 7.55244e+006 29.7085
400430 7.55244e+006 29.7191
400430 7.55244e+006 29.6741
400430 7.55244e+006 29.6667
400430 7.55244e+006 29.6741
400430 7.55244e+006 29.7191
400430 7.55244e+006 29.7191
400430 7.55244e+006 29.7016
400430 7.55244e+006 29.6667
400430 7.55244e+006 29.6551
400430 7.55244e+006 29.6667
400430 7.55244e+006 29.7016
400430 7.55244e+006 29.7016
400430 7.55244e+006 29.6734
400430 7.55244e+006 29.6551
400430 7.55244e+006 18.8598
400430 7.55244e+006 18.8596
400430 7.55244e+006 29.6551
400430 7.55244e+006 29.6551
400430 7.55244e+006 29.6508
400430 7.55244e+006 18.8598
400430 7.55244e+006 18.8599
400430 7.55244e+006 18.8598
400430 7.55244e+006 29.6508
400430 7.55244e+006 29.6508
400430 7.55244e+006 29.6581
400430 7.55244e+006 18.8599
400430 7.55244e+006 18.8599
400430 7.55244e+006 18.8599
400430 7.55244e+006 29.6581
400430 7.55244e+006 29.6581
400430 7.55244e+006 29.6697
400430 7.55244e+006 18.8599
400430 7.55244e+006 18.8597
400430 7.55244e+006 18.8599
400430 7.55244e+006 29.6697
400430 7.55244e+006 29.6697
400430 7.55244e+006 29.6741
400430 7.55244e+006 18.8597
400430 7.55244e+006 18.8596
400430 7.55244e+006 18.8597
400430 7.55244e+006 29.6741
400430 7.55244e+006 29.6741
400430 7.55244e+006 29.6667
400430 7.55244e+006 18.8596
400430 7.55244e+006 18.8596
400430 7.55244e+006 18.8596
400430 7.55244e+006 29.6667
400430 7.55244e+006 29.6667
400430 7.55244e+006 29.6551
400430 7.55244e+006 18.8596
400431 7.55244e+006 29.3708
400431 7.55244e+006 29.3708
400431 7.55244e+006 29.3706
400431 7.55244e+006 29.3708
400431 7.55244e+006 29.3706
400431 7.55244e+006 29.3705
400431 7.55244e+006 29.3708
400431 7.55244e+006 29.3705
400431 7.55244e+006 29.3706
400431 7.55244e+006 29.3708
400431 7.55244e+006 29.3708
400431 7.55244e+006 29.3706
400430 7.55244e+006 18.8599
400430 7.55244e+006 18.8596
400430 7.55244e+006 18.8598
400430 7.55244e+006 18.8596
400430 7.55244e+006 18.8599
400430 7.55244e+006 18.8599
400430 7.55244e+006 18.8599
400430 7.55244e+006 18.8597
400430 7.55244e+006 18.8596
400430 7.55244e+006 18.8596
400430 7.55244e+006 18.8596
400430 7.55244e+006 18.8597
400431 7.55244e+006 29.6609
400431 7.55244e+006 29.3694
400431 7.55244e+006 29.3695
400431 7.55244e+006 29.3695
400431 7.55244e+006 29.6712
400431 7.55244e+006 29.6609
400431 7.55244e+006 29.6607
400431 7.55244e+006 29.3693
400431 7.55244e+006 29.3694
400431 7.55244e+006 29.3694
400431 7.55244e+006 29.6609
400431 7.55244e+006 29.6607
400431 7.55244e+006 29.6708
400431 7.55244e+006 29.3692
400431 7.55244e+006 29.3693
400431 7.55244e+006 29.3693
400431 7.55244e+006 29.6607
400431 7.55244e+006 29.6708
400431 7.55244e+006 29.6811
400431 7.55244e+006 29.3693
400431 7.55244e+006 29.3692
400431 7.55244e+006 29.3692
400431 7.55244e+006 29.6708
400431 7.55244e+006 29.6811
400431 7.55244e+006 29.6813
400431 7.55244e+006 29.3694
400431 7.55244e+006 29.3693
400431 7.55244e+006 29.3693
400431 7.55244e+006 29.6811
400431 7.55244e+006 29.6813
400431 7.55244e+006 29.6712
400431 7.55244e+006 29.3695
400431 7.55244e+006 29.3694
400431 7.55244e+006 29.3694
400431 7.55244e+006 29.6813
400431 7.55244e+006 29.6712
400431 7.55244e+006 29.675
400431 7.55244e+006 29.6609
400431 7.55244e+006 29.6712
400431 7.55244e+006 29.6712
400431 7.55244e+006 29.6997
400431 7.55244e+006 29.675
400431 7.55244e+006 29.6748
400431 7.55244e+006 29.6607
400431 7.55244e+006 29.6609
400431 7.55244e+006 29.6609
400431 7.55244e+006 29.675
400431 7.55244e+006 29.6748
400431 7.55244e+006 29.6994
400431 7.55244e+006 29.6708
400431 7.55244e+006 29.6607
400431 7.55244e+006 29.6607
400431 7.55244e+006 29.6748
400431 7.55244e+006 29.6994
400431 7.55244e+006 29.7241
400431 7.55244e+006 29.6811
400431 7.55244e+006 29.6708
400431 7.55244e+006 29.6708
400431 7.55244e+006 29.6994
400431 7.55244e+006 29.7241
400431 7.55244e+006 29.7243
400431 7.55244e+006 29.6813
400431 7.55244e+006 29.6811
400431 7.55244e+006 29.6811
400431 7.55244e+006 29.7241
400431 7.55244e+006 29.7243
400431 7.55244e+006 29.6997
400431 7.55244e+006 29.6712
400431 7.55244e+006 29.6813
400431 7.55244e+006 29.6813
400431 7.55244e+006 29.7243
400431 7.55244e+006 29.6997
400431 7.55244e+006 29.6764
400431 7.55244e+006 29.675
400431 7.55244e+006 29.6997
400431 7.55244e+006 29.6997
400431 7.55244e+006 29.7011
400431 7.55244e+006 29.6764
400431 7.55244e+006 29.6762
400431 7.55244e+006 29.6748
400431 7.55244e+006 29.675
400431 7.55244e+006 29.675
400431 7.55244e+006 29.6764
400431 7.55244e+006 29.6762
400431 7.55244e+006 29.7008
400431 7.55244e+006 29.6994
400431 7.55244e+006 29.6748
400431 7.55244e+006 29.6748
400431 7.55244e+006 29.6762
400431 7.55244e+006 29.7008
400431 7.55244e+006 29.7255
400431 7.55244e+006 29.7241
400431 7.55244e+006 29.6994
400431 7.55244e+006 29.6994
400431 7.55244e+006 29.7008
400431 7.55244e+006 29.7255
400431 7.55244e+006 29.7257
400431 7.55244e+006 29.7243
400431 7.55244e+006 29.7241
400431 7.55244e+006 29.7241
400431 7.55244e+006 29.7255
400431 7.55244e+006 29.7257
400431 7.55244e+006 29.7011
400431 7.55244e+006 29.6997
400431 7.55244e+006 29.7243
400431 7.55244e+006 29.7243
400431 7.55244e+006 29.7257
400431 7.55244e+006 29.7011
400431 7.55244e+006 29.7194
400431 7.55244e+006 29.6764
400431 7.55244e+006 29.7011
400431 7.55244e+006 29.7011
400431 7.55244e+006 29.7296
400431 7.55244e+006 29.7194
400431 7.55244e+006 29.7192
400431 7.55244e+006 29.6762
400431 7.55244e+006 29.6764
400431 7.55244e+006 29.6764
400431 7.55244e+006 29.7194
400431 7.55244e+006 29.7192
400431 7.55244e+006 29.7293
400431 7.55244e+006 29.7008
400431 7.55244e+006 29.6762
400431 7.55244e+006 29.6762
400431 7.55244e+006 29.7192
400431 7.55244e+006 29.7293
400431 7.55244e+006 29.7396
400431 7.55244e+006 29.7255
400431 7.55244e+006 29.7008
400431 7.55244e+006 29.7008
400431 7.55244e+006 29.7293
400431 7.55244e+006 29.7396
400431 7.55244e+006 29.7398
400431 7.55244e+006 29.7257
400431 7.55244e+006 29.7255
400431 7.55244e+006 29.7255
400431 7.55244e+006 29.7396
400431 7.55244e+006 29.7398
400431 7.55244e+006 29.7296
400431 7.55244e+006 29.7011
400431 7.55244e+006 29.7257
400431 7.55244e+006 29.7257
400431 7.55244e+006 29.7398
400431 7.55244e+006 29.7296
400431 7.55244e+006 31.9097
400431 7.55244e+006 29.7194
400431 7.55244e+006 29.7296
400431 7.55244e+006 29.7296
400431 7.55244e+006 31.9165
400431 7.55244e+006 31.9097
400431 7.55244e+006 31.8978
400431 7.55244e+006 29.7192
400431 7.55244e+006 29.7194
400431 7.55244e+006 29.7194
400431 7.55244e+006 31.9097
400431 7.55244e+006 31.8978
400431 7.55244e+006 31.8926
400431 7.55244e+006 29.7293
400431 7.55244e+006 29.7192
400431 7.55244e+006 29.7192
400431 7.55244e+006 31.8978
400431 7.55244e+006 31.8926
400431 7.55244e+006 31.8994
400431 7.55244e+006 29.7396
400431 7.55244e+006 29.7293
400431 7.55244e+006 29.7293
400431 7.55244e+006 31.8926
400431 7.55244e+006 31.8994
400431 7.55244e+006 31.9113
400431 7.55244e+006 29.7398
400431 7.55244e+006 29.7396
400431 7.55244e+006 29.7396
400431 7.55244e+006 31.8994
400431 7.55244e+006 31.9113
400431 7.55244e+006 31.9165
400431 7.55244e+006 29.7296
400431 7.55244e+006 29.7398
400431 7.55244e+006 29.7398
400431 7.55244e+006 31.9113
400431 7.55244e+006 31.9165
400431 7.55244e+006 31.9451
400431 7.55244e+006 31.9097
400431 7.55244e+006 31.9165
400431 7.55244e+006 31.9165
400431 7.55244e+006 31.9613
400431 7.55244e+006 31.9451
400431 7.55244e+006 31.9167
400431 7.55244e+006 31.8978
400431 7.55244e+006 31.9097
400431 7.55244e+006 31.9097
400431 7.55244e+006 31.9451
400431 7.55244e+006 31.9167
400431 7.55244e+006 31.9044
400431 7.55244e+006 31.8926
400431 7.55244e+006 31.8978
400431 7.55244e+006 31.8978
400431 7.55244e+006 31.9167
400431 7.55244e+006 31.9044
400431 7.55244e+006 31.9206
400431 7.55244e+006 31.8994
400431 7.55244e+006 31.8926
400431 7.55244e+006 31.8926
400431 7.55244e+006 31.9044
400431 7.55244e+006 31.9206
400431 7.55244e+006 31.949
400431 7.55244e+006 31.9113
400431 7.55244e+006 31.8994
400431 7.55244e+006 31.8994
400431 7.55244e+006 31.9206
400431 7.55244e+006 31.949
400431 7.55244e+006 31.9613
400431 7.55244e+006 31.9165
400431 7.55244e+006 31.9113
400431 7.55244e+006 31.9113
400431 7.55244e+006 31.949
400431 7.55244e+006 31.9613
400430 7.55244e+006 31.936
400431 7.55244e+006 31.9451
400431 7.55244e+006 31.9613
400431 7.55244e+006 31.9613
400430 7.55244e+006 31.9521
400430 7.55244e+006 31.936
400430 7.55244e+006 31.9077
400431 7.55244e+006 31.9167
400431 7.55244e+006 31.9451
400431 7.55244e+006 31.9451
400430 7.55244e+006 31.936
400430 7.55244e+006 31.9077
400430 7.55244e+006 31.8955
400431 7.55244e+006 31.9044
400431 7.55244e+006 31.9167
400431 7.55244e+006 31.9167
400430 7.55244e+006 31.9077
400430 7.55244e+006 31.8955
400430 7.55244e+006 31.9116
400431 7.55244e+006 31.9206
400431 7.55244e+006 31.9044
400431 7.55244e+006 31.9044
400430 7.55244e+006 31.8955
400430 7.55244e+006 31.9116
400430 7.55244e+006 31.9399
400431 7.55244e+006 31.949
400431 7.55244e+006 31.9206
400431 7.55244e+006 31.9206
400430 7.55244e+006 31.9116
400430 7.55244e+006 31.9399
400430 7.55244e+006 31.9521
400431 7.55244e+006 31.9613
400431 7.55244e+006 31.949
400431 7.55244e+006 31.949
400430 7.55244e+006 31.9399
400430 7.55244e+006 31.9521
400430 7.55244e+006 31.9002
400430 7.55244e+006 31.936
400430 7.55244e+006 31.9521
400430 7.55244e+006 31.9521
400430 7.55244e+006 31.9067
400430 7.55244e+006 31.9002
400430 7.55244e+006 31.8886
400430 7.55244e+006 31.9077
400430 7.55244e+006 31.936
400430 7.55244e+006 31.936
400430 7.55244e+006 31.9002
400430 7.55244e+006 31.8886
400430 7.55244e+006 31.8836
400430 7.55244e+006 31.8955
400430 7.55244e+006 31.9077
400430 7.55244e+006 31.9077
400430 7.55244e+006 31.8886
400430 7.55244e+006 31.8836
400430 7.55244e+006 31.8902
400430 7.55244e+006 31.9116
400430 7.55244e+006 31.8955
400430 7.55244e+006 31.8955
400430 7.55244e+006 31.8836
400430 7.55244e+006 31.8902
400430 7.55244e+006 31.9017
400430 7.55244e+006 31.9399
400430 7.55244e+006 31.9116
400430 7.55244e+006 31.9116
400430 7.55244e+006 31.8902
400430 7.55244e+006 31.9017
400430 7.55244e+006 31.9067
400430 7.55244e+006 31.9521
400430 7.55244e+006 31.9399
400430 7.55244e+006 31.9399
400430 7.55244e+006 31.9017
400430 7.55244e+006 31.9067
400430 7.55244e+006 18.8547
400430 7.55244e+006 31.9002
400430 7.55244e+006 31.9067
400430 7.55244e+006 31.9067
400430 7.55244e+006 18.8546
400430 7.55244e+006 18.8547
400430 7.55244e+006 18.8548
400430 7.55244e+006 31.8886
400430 7.55244e+006 31.9002
400430 7.55244e+006 31.9002
400430 7.55244e+006 18.8547
400430 7.55244e+006 18.8548
400430 7.55244e+006 18.8549
400430 7.55244e+006 31.8836
400430 7.55244e+006 31.8886
400430 7.55244e+006 31.8886
400430 7.55244e+006 18.8548
400430 7.55244e+006 18.8549
400430 7.55244e+006 18.8548
400430 7.55244e+006 31.8902
400430 7.55244e+006 31.8836
400430 7.55244e+006 31.8836
400430 7.55244e+006 18.8549
400430 7.55244e+006 18.8548
400430 7.55244e+006 18.8546
400430 7.55244e+006 31.9017
400430 7.55244e+006 31.8902
400430 7.55244e+006 31.8902
400430 7.55244e+006 18.8548
400430 7.55244e+006 18.8546
400430 7.55244e+006 18.8546
400430 7.55244e+006 31.9067
400430 7.55244e+006 31.9017
400430 7.55244e+006 31.9017
400430 7.55244e+006 18.8546
400430 7.55244e+006 18.8546
400431 7.55244e+006 29.3693
400431 7.55244e+006 29.3694
400431 7.55244e+006 29.3695
400431 7.55244e+006 29.3692
400431 7.55244e+006 29.3693
400431 7.55244e+006 29.3695
400431 7.55244e+006 29.3693
400431 7.55244e+006 29.3692
400431 7.55244e+006 29.3695
400431 7.55244e+006 29.3694
400431 7.55244e+006 29.3693
400431 7.55244e+006 29.3695
400430 7.55244e+006 18.8548
400430 7.55244e+006 18.8547
400430 7.55244e+006 18.8546
400430 7.55244e+006 18.8546
400430 7.55244e+006 18.8548
400430 7.55244e+006 18.8549
400430 7.55244e+006 18.8549
400430 7.55244e+006 18.8548
400430 7.55244e+006 18.8546
400430 7.55244e+006 18.8546
400430 7.55244e+006 18.8548
400430 7.55244e+006 18.8546
400431 7.55244e+006 30.9786
400430 7.55244e+006 30.9694
400430 7.55244e+006 30.9438
400430 7.55244e+006 30.9438
400431 7.55244e+006 30.953
400431 7.55244e+006 30.9786
400431 7.55244e+006 30.9914
400430 7.55244e+006 30.9822
400430 7.55244e+006 30.9694
400430 7.55244e+006 30.9694
400431 7.55244e+006 30.9786
400431 7.55244e+006 30.9914
400431 7.55244e+006 30.9786
400430 7.55244e+006 30.9694
400430 7.55244e+006 30.9822
400430 7.55244e+006 30.9822
400431 7.55244e+006 30.9914
400431 7.55244e+006 30.9786
400431 7.55244e+006 30.953
400430 7.55244e+006 30.9438
400430 7.55244e+006 30.9694
400430 7.55244e+006 30.9694
400431 7.55244e+006 30.9786
400431 7.55244e+006 30.953
400431 7.55244e+006 30.9402
400430 7.55244e+006 30.9309
400430 7.55244e+006 30.9438
400430 7.55244e+006 30.9438
400431 7.55244e+006 30.953
400431 7.55244e+006 30.9402
400431 7.55244e+006 30.953
400430 7.55244e+006 30.9438
400430 7.55244e+006 30.9309
400430 7.55244e+006 30.9309
400431 7.55244e+006 30.9402
400431 7.55244e+006 30.953
400430 7.55244e+006 30.9438
400430 7.55244e+006 30.9309
400430 7.55244e+006 30.9438
400430 7.55244e+006 30.9694
400430 7.55244e+006 30.9438
400430 7.55244e+006 30.9438
400430 7.55244e+006 30.9822
400430 7.55244e+006 30.9694
400430 7.55244e+006 30.9438
400430 7.55244e+006 30.9694
400430 7.55244e+006 30.9822
400430 7.55244e+006 30.9438
400431 7.55244e+006 30.9914
400431 7.55244e+006 30.9786
400431 7.55244e+006 30.953
400431 7.55244e+006 30.953
400431 7.55244e+006 30.953
400431 7.55244e+006 30.9786
400431 7.55244e+006 30.9786
400431 7.55244e+006 30.9914
400431 7.55244e+006 30.953
400431 7.55244e+006 30.9402
400431 7.55244e+006 30.953
400431 7.55244e+006 30.953
