405440 7.55476e+006 13.912
405441 7.55476e+006 13.912
405446 7.55476e+006 13.912
405446 7.55476e+006 13.912
405445 7.55476e+006 13.912
405440 7.55476e+006 13.912
405440 7.55476e+006 16.3449
405445 7.55476e+006 16.3449
405446 7.55476e+006 16.3449
405446 7.55476e+006 16.3449
405441 7.55476e+006 16.3449
405440 7.55476e+006 16.3449
405440 7.55476e+006 13.912
405445 7.55476e+006 13.912
405445 7.55476e+006 16.3449
405445 7.55476e+006 16.3449
405440 7.55476e+006 16.3449
405440 7.55476e+006 13.912
405445 7.55476e+006 13.912
405446 7.55476e+006 13.912
405446 7.55476e+006 16.3449
405446 7.55476e+006 16.3449
405445 7.55476e+006 16.3449
405445 7.55476e+006 13.912
405446 7.55476e+006 13.912
405441 7.55476e+006 13.912
405441 7.55476e+006 16.3449
405441 7.55476e+006 16.3449
405446 7.55476e+006 16.3449
405446 7.55476e+006 13.912
405441 7.55476e+006 13.912
405440 7.55476e+006 13.912
405440 7.55476e+006 16.3449
405440 7.55476e+006 16.3449
405441 7.55476e+006 16.3449
405441 7.55476e+006 13.912
