405451 7.55479e+006 41.86
405451 7.55479e+006 41.86
405451 7.55479e+006 41.6568
405451 7.55479e+006 41.6568
405451 7.55479e+006 41.6568
405451 7.55479e+006 41.86
405451 7.55479e+006 41.86
405451 7.55479e+006 41.86
405451 7.55479e+006 41.6568
405451 7.55479e+006 41.6568
405451 7.55479e+006 41.6568
405451 7.55479e+006 41.86
405451 7.55479e+006 41.86
405451 7.55479e+006 41.86
405451 7.55479e+006 41.6568
405451 7.55479e+006 41.6568
405451 7.55479e+006 41.6568
405451 7.55479e+006 41.86
405455 7.55479e+006 41.86
405451 7.55479e+006 41.86
405451 7.55479e+006 41.6568
405451 7.55479e+006 41.6568
405455 7.55479e+006 41.6568
405455 7.55479e+006 41.86
405455 7.55479e+006 41.86
405455 7.55479e+006 41.86
405455 7.55479e+006 41.6568
405455 7.55479e+006 41.6568
405455 7.55479e+006 41.6568
405455 7.55479e+006 41.86
405456 7.55479e+006 41.86
405455 7.55479e+006 41.86
405455 7.55479e+006 41.6568
405455 7.55479e+006 41.6568
405456 7.55479e+006 41.6568
405456 7.55479e+006 41.86
405456 7.5548e+006 41.86
405456 7.55479e+006 41.86
405456 7.55479e+006 41.6568
405456 7.55479e+006 41.6568
405456 7.5548e+006 41.6568
405456 7.5548e+006 41.86
405451 7.5548e+006 41.86
405452 7.5548e+006 41.86
405452 7.5548e+006 41.6568
405452 7.5548e+006 41.6568
405451 7.5548e+006 41.6568
405451 7.5548e+006 41.86
405451 7.5548e+006 41.6568
405450 7.5548e+006 41.6568
405450 7.5548e+006 41.86
405450 7.5548e+006 41.86
405451 7.5548e+006 41.86
405451 7.5548e+006 41.6568
405449 7.55479e+006 41.86
405450 7.5548e+006 41.86
405450 7.5548e+006 41.6568
405450 7.5548e+006 41.6568
405449 7.55479e+006 41.6568
405449 7.55479e+006 41.86
405451 7.55479e+006 41.86
405449 7.55479e+006 41.86
405449 7.55479e+006 41.6568
405449 7.55479e+006 41.6568
405451 7.55479e+006 41.6568
405451 7.55479e+006 41.86
405451 7.55479e+006 41.6568
405451 7.55479e+006 41.6568
405451 7.55479e+006 41.6568
405451 7.55479e+006 41.6568
405450 7.5548e+006 41.6568
405451 7.5548e+006 41.6568
405451 7.55479e+006 41.6568
405451 7.55479e+006 41.6568
405451 7.5548e+006 41.6568
405452 7.5548e+006 41.6568
405456 7.5548e+006 41.6568
405456 7.55479e+006 41.6568
405452 7.5548e+006 41.6568
405456 7.55479e+006 41.6568
405455 7.55479e+006 41.6568
405451 7.5548e+006 41.6568
405452 7.5548e+006 41.6568
405455 7.55479e+006 41.6568
405451 7.55479e+006 41.6568
405451 7.5548e+006 41.6568
405455 7.55479e+006 41.6568
405451 7.55479e+006 41.6568
405455 7.55479e+006 41.6568
405455 7.55479e+006 41.6568
405450 7.5548e+006 41.6568
405451 7.55479e+006 41.6568
405451 7.55479e+006 41.6568
405451 7.55479e+006 41.6568
405449 7.55479e+006 41.6568
405450 7.5548e+006 41.6568
405454 7.5548e+006 38.8224
405453 7.5548e+006 38.8224
405453 7.5548e+006 39.0318
405453 7.5548e+006 39.0318
405454 7.5548e+006 39.0318
405454 7.5548e+006 38.8224
405453 7.5548e+006 38.8224
405452 7.5548e+006 38.8224
405452 7.5548e+006 39.0318
405452 7.5548e+006 39.0318
405453 7.5548e+006 39.0318
405453 7.5548e+006 38.8224
405452 7.5548e+006 38.8224
405452 7.5548e+006 38.8224
405452 7.5548e+006 39.0318
405452 7.5548e+006 39.0318
405452 7.5548e+006 39.0318
405452 7.5548e+006 38.8224
405452 7.5548e+006 38.8224
405452 7.55479e+006 38.8224
405452 7.55479e+006 39.0318
405452 7.55479e+006 39.0318
405452 7.5548e+006 39.0318
405452 7.5548e+006 38.8224
405452 7.55479e+006 38.8224
405452 7.55479e+006 38.8224
405452 7.55479e+006 39.0318
405452 7.55479e+006 39.0318
405452 7.55479e+006 39.0318
405452 7.55479e+006 38.8224
405452 7.55479e+006 38.8224
405453 7.55479e+006 38.8224
405453 7.55479e+006 39.0318
405453 7.55479e+006 39.0318
405452 7.55479e+006 39.0318
405452 7.55479e+006 38.8224
405453 7.55479e+006 38.8224
405454 7.55479e+006 38.8224
405454 7.55479e+006 39.0318
405454 7.55479e+006 39.0318
405453 7.55479e+006 39.0318
405453 7.55479e+006 38.8224
405454 7.55479e+006 38.8224
405455 7.55479e+006 38.8224
405455 7.55479e+006 39.0318
405455 7.55479e+006 39.0318
405454 7.55479e+006 39.0318
405454 7.55479e+006 38.8224
405455 7.55479e+006 38.8224
405455 7.5548e+006 38.8224
405455 7.5548e+006 39.0318
405455 7.5548e+006 39.0318
405455 7.55479e+006 39.0318
405455 7.55479e+006 38.8224
405455 7.5548e+006 38.8224
405455 7.5548e+006 38.8224
405455 7.5548e+006 39.0318
405455 7.5548e+006 39.0318
405455 7.5548e+006 39.0318
405455 7.5548e+006 38.8224
405455 7.5548e+006 38.8224
405455 7.5548e+006 38.8224
405455 7.5548e+006 39.0318
405455 7.5548e+006 39.0318
405455 7.5548e+006 39.0318
405455 7.5548e+006 38.8224
405455 7.5548e+006 38.8224
405454 7.5548e+006 38.8224
405454 7.5548e+006 39.0318
405454 7.5548e+006 39.0318
405455 7.5548e+006 39.0318
405455 7.5548e+006 38.8224
405454 7.5548e+006 40.4402
405453 7.5548e+006 40.4402
405453 7.5548e+006 40.5551
405453 7.5548e+006 40.5551
405454 7.5548e+006 40.5551
405454 7.5548e+006 40.4402
405453 7.5548e+006 40.4402
405452 7.5548e+006 40.4402
405452 7.5548e+006 40.5551
405452 7.5548e+006 40.5551
405453 7.5548e+006 40.5551
405453 7.5548e+006 40.4402
405452 7.5548e+006 40.4402
405452 7.5548e+006 40.4402
405452 7.5548e+006 40.5551
405452 7.5548e+006 40.5551
405452 7.5548e+006 40.5551
405452 7.5548e+006 40.4402
405452 7.5548e+006 40.4402
405452 7.55479e+006 40.4402
405452 7.55479e+006 40.5551
405452 7.55479e+006 40.5551
405452 7.5548e+006 40.5551
405452 7.5548e+006 40.4402
405452 7.55479e+006 40.4402
405452 7.55479e+006 40.4402
405452 7.55479e+006 40.5551
405452 7.55479e+006 40.5551
405452 7.55479e+006 40.5551
405452 7.55479e+006 40.4402
405452 7.55479e+006 40.4402
405453 7.55479e+006 40.4402
405453 7.55479e+006 40.5551
405453 7.55479e+006 40.5551
405452 7.55479e+006 40.5551
405452 7.55479e+006 40.4402
405453 7.55479e+006 40.4402
405454 7.55479e+006 40.4402
405454 7.55479e+006 40.5551
405454 7.55479e+006 40.5551
405453 7.55479e+006 40.5551
405453 7.55479e+006 40.4402
405454 7.55479e+006 40.4402
405455 7.55479e+006 40.4402
405455 7.55479e+006 40.5551
405455 7.55479e+006 40.5551
405454 7.55479e+006 40.5551
405454 7.55479e+006 40.4402
405455 7.55479e+006 40.4402
405455 7.55479e+006 40.4402
405455 7.55479e+006 40.5551
405455 7.55479e+006 40.5551
405455 7.55479e+006 40.5551
405455 7.55479e+006 40.4402
405455 7.55479e+006 40.4402
405455 7.5548e+006 40.4402
405455 7.5548e+006 40.5551
405455 7.5548e+006 40.5551
405455 7.55479e+006 40.5551
405455 7.55479e+006 40.4402
405455 7.5548e+006 40.4402
405455 7.5548e+006 40.4402
405455 7.5548e+006 40.5551
405455 7.5548e+006 40.5551
405455 7.5548e+006 40.5551
405455 7.5548e+006 40.4402
405455 7.5548e+006 40.4402
405454 7.5548e+006 40.4402
405454 7.5548e+006 40.5551
405454 7.5548e+006 40.5551
405455 7.5548e+006 40.5551
405455 7.5548e+006 40.4402
405452 7.5548e+006 40.5551
405452 7.5548e+006 40.5551
405452 7.55479e+006 40.5551
405452 7.55479e+006 40.5551
405452 7.55479e+006 40.5551
405453 7.55479e+006 40.5551
405453 7.55479e+006 40.5551
405454 7.55479e+006 40.5551
405455 7.55479e+006 40.5551
405452 7.55479e+006 40.5551
405453 7.55479e+006 40.5551
405455 7.55479e+006 40.5551
405455 7.55479e+006 40.5551
405455 7.55479e+006 40.5551
405455 7.5548e+006 40.5551
405455 7.5548e+006 40.5551
405455 7.5548e+006 40.5551
405454 7.5548e+006 40.5551
405455 7.55479e+006 40.5551
405455 7.5548e+006 40.5551
405454 7.5548e+006 40.5551
405452 7.55479e+006 40.5551
405455 7.55479e+006 40.5551
405454 7.5548e+006 40.5551
405452 7.5548e+006 40.5551
405452 7.55479e+006 40.5551
405454 7.5548e+006 40.5551
405453 7.5548e+006 40.5551
405452 7.5548e+006 40.5551
405454 7.5548e+006 40.5551
405455 7.5548e+006 40.4402
405455 7.5548e+006 40.4402
405455 7.55479e+006 40.4402
405455 7.55479e+006 40.4402
405455 7.55479e+006 40.4402
405454 7.55479e+006 40.4402
405454 7.55479e+006 40.4402
405453 7.55479e+006 40.4402
405452 7.55479e+006 40.4402
405455 7.55479e+006 40.4402
405454 7.55479e+006 40.4402
405452 7.55479e+006 40.4402
405452 7.55479e+006 40.4402
405452 7.55479e+006 40.4402
405452 7.5548e+006 40.4402
405452 7.5548e+006 40.4402
405452 7.5548e+006 40.4402
405453 7.5548e+006 40.4402
405452 7.55479e+006 40.4402
405452 7.5548e+006 40.4402
405453 7.5548e+006 40.4402
405455 7.55479e+006 40.4402
405452 7.55479e+006 40.4402
405453 7.5548e+006 40.4402
405455 7.5548e+006 40.4402
405455 7.55479e+006 40.4402
405453 7.5548e+006 40.4402
405454 7.5548e+006 40.4402
405455 7.5548e+006 40.4402
405453 7.5548e+006 40.4402
405452 7.5548e+006 39.0318
405452 7.5548e+006 39.0318
405452 7.55479e+006 39.0318
405452 7.55479e+006 39.0318
405452 7.55479e+006 39.0318
405453 7.55479e+006 39.0318
405453 7.55479e+006 39.0318
405454 7.55479e+006 39.0318
405455 7.55479e+006 39.0318
405452 7.55479e+006 39.0318
405453 7.55479e+006 39.0318
405455 7.55479e+006 39.0318
405455 7.55479e+006 39.0318
405455 7.5548e+006 39.0318
405455 7.5548e+006 39.0318
405455 7.5548e+006 39.0318
405455 7.5548e+006 39.0318
405454 7.5548e+006 39.0318
405455 7.55479e+006 39.0318
405455 7.5548e+006 39.0318
405454 7.5548e+006 39.0318
405452 7.55479e+006 39.0318
405455 7.55479e+006 39.0318
405454 7.5548e+006 39.0318
405452 7.5548e+006 39.0318
405452 7.55479e+006 39.0318
405454 7.5548e+006 39.0318
405453 7.5548e+006 39.0318
405452 7.5548e+006 39.0318
405454 7.5548e+006 39.0318
