405410 7.55484e+006 38.8254
405410 7.55484e+006 38.8256
405411 7.55484e+006 38.826
405411 7.55484e+006 38.826
405411 7.55484e+006 38.8265
405411 7.55484e+006 38.8266
405410 7.55484e+006 38.8254
405411 7.55484e+006 38.826
405411 7.55484e+006 38.8266
405411 7.55484e+006 38.8266
405411 7.55484e+006 38.8264
405410 7.55484e+006 38.8259
405410 7.55484e+006 38.8254
405411 7.55484e+006 38.8266
405410 7.55484e+006 38.8259
405410 7.55484e+006 38.8255
405410 7.55484e+006 38.8254
405410 7.55484e+006 38.8259
405408 7.55483e+006 38.8256
405408 7.55483e+006 38.826
405408 7.55483e+006 38.8261
405408 7.55483e+006 38.8261
405408 7.55483e+006 38.8259
405407 7.55483e+006 38.8255
405407 7.55483e+006 38.8255
405407 7.55483e+006 38.825
405407 7.55483e+006 38.8249
405408 7.55483e+006 38.8261
405407 7.55483e+006 38.8255
405407 7.55483e+006 38.8249
405408 7.55483e+006 38.8256
405408 7.55483e+006 38.8261
405407 7.55483e+006 38.8249
405407 7.55483e+006 38.8251
405408 7.55483e+006 38.8256
405407 7.55483e+006 38.8249
