405447 7.55483e+006 26.4318
405448 7.55483e+006 26.4318
405448 7.55483e+006 26.4318
405448 7.55483e+006 26.4318
405447 7.55483e+006 26.4318
405447 7.55483e+006 26.4318
405447 7.55483e+006 27.088
405447 7.55483e+006 27.088
405448 7.55483e+006 27.088
405448 7.55483e+006 27.088
405448 7.55483e+006 27.088
405447 7.55483e+006 27.088
405447 7.55483e+006 26.4318
405447 7.55483e+006 26.4318
405447 7.55483e+006 27.088
405447 7.55483e+006 27.088
405447 7.55483e+006 27.088
405447 7.55483e+006 26.4318
405447 7.55483e+006 26.4318
405448 7.55483e+006 26.4318
405448 7.55483e+006 27.088
405448 7.55483e+006 27.088
405447 7.55483e+006 27.088
405447 7.55483e+006 26.4318
405448 7.55483e+006 26.4318
405448 7.55483e+006 26.4318
405448 7.55483e+006 27.088
405448 7.55483e+006 27.088
405448 7.55483e+006 27.088
405448 7.55483e+006 26.4318
405448 7.55483e+006 26.4318
405447 7.55483e+006 26.4318
405447 7.55483e+006 27.088
405447 7.55483e+006 27.088
405448 7.55483e+006 27.088
405448 7.55483e+006 26.4318
405446 7.55482e+006 26.4318
405446 7.55482e+006 26.4318
405446 7.55482e+006 26.4318
405446 7.55482e+006 26.4318
405446 7.55482e+006 26.4318
405446 7.55482e+006 26.4318
405446 7.55482e+006 27.088
405446 7.55482e+006 27.088
405446 7.55482e+006 27.088
405446 7.55482e+006 27.088
405446 7.55482e+006 27.088
405446 7.55482e+006 27.088
405446 7.55482e+006 26.4318
405446 7.55482e+006 26.4318
405446 7.55482e+006 27.088
405446 7.55482e+006 27.088
405446 7.55482e+006 27.088
405446 7.55482e+006 26.4318
405446 7.55482e+006 26.4318
405446 7.55482e+006 26.4318
405446 7.55482e+006 27.088
405446 7.55482e+006 27.088
405446 7.55482e+006 27.088
405446 7.55482e+006 26.4318
405446 7.55482e+006 26.4318
405446 7.55482e+006 26.4318
405446 7.55482e+006 27.088
405446 7.55482e+006 27.088
405446 7.55482e+006 27.088
405446 7.55482e+006 26.4318
405446 7.55482e+006 26.4318
405446 7.55482e+006 26.4318
405446 7.55482e+006 27.088
405446 7.55482e+006 27.088
405446 7.55482e+006 27.088
405446 7.55482e+006 26.4318
405435 7.55483e+006 26.4318
405436 7.55483e+006 26.4318
405436 7.55483e+006 26.4318
405436 7.55483e+006 26.4318
405435 7.55483e+006 26.4318
405435 7.55483e+006 26.4318
405435 7.55483e+006 27.088
405435 7.55483e+006 27.088
405436 7.55483e+006 27.088
405436 7.55483e+006 27.088
405436 7.55483e+006 27.088
405435 7.55483e+006 27.088
405435 7.55483e+006 26.4318
405435 7.55483e+006 26.4318
405435 7.55483e+006 27.088
405435 7.55483e+006 27.088
405435 7.55483e+006 27.088
405435 7.55483e+006 26.4318
405435 7.55483e+006 26.4318
405436 7.55483e+006 26.4318
405436 7.55483e+006 27.088
405436 7.55483e+006 27.088
405435 7.55483e+006 27.088
405435 7.55483e+006 26.4318
405436 7.55483e+006 26.4318
405436 7.55483e+006 26.4318
405436 7.55483e+006 27.088
405436 7.55483e+006 27.088
405436 7.55483e+006 27.088
405436 7.55483e+006 26.4318
405436 7.55483e+006 26.4318
405435 7.55483e+006 26.4318
405435 7.55483e+006 27.088
405435 7.55483e+006 27.088
405436 7.55483e+006 27.088
405436 7.55483e+006 26.4318
405434 7.55483e+006 26.4318
405434 7.55483e+006 26.4318
405434 7.55483e+006 26.4318
405434 7.55483e+006 26.4318
405434 7.55483e+006 26.4318
405434 7.55483e+006 26.4318
405434 7.55483e+006 27.088
405434 7.55483e+006 27.088
405434 7.55483e+006 27.088
405434 7.55483e+006 27.088
405434 7.55483e+006 27.088
405434 7.55483e+006 27.088
405434 7.55483e+006 26.4318
405434 7.55483e+006 26.4318
405434 7.55483e+006 27.088
405434 7.55483e+006 27.088
405434 7.55483e+006 27.088
405434 7.55483e+006 26.4318
405434 7.55483e+006 26.4318
405434 7.55483e+006 26.4318
405434 7.55483e+006 27.088
405434 7.55483e+006 27.088
405434 7.55483e+006 27.088
405434 7.55483e+006 26.4318
405434 7.55483e+006 26.4318
405434 7.55483e+006 26.4318
405434 7.55483e+006 27.088
405434 7.55483e+006 27.088
405434 7.55483e+006 27.088
405434 7.55483e+006 26.4318
405434 7.55483e+006 26.4318
405434 7.55483e+006 26.4318
405434 7.55483e+006 27.088
405434 7.55483e+006 27.088
405434 7.55483e+006 27.088
405434 7.55483e+006 26.4318
405424 7.55484e+006 26.4318
405424 7.55484e+006 26.4318
405424 7.55484e+006 26.4318
405424 7.55484e+006 26.4318
405423 7.55484e+006 26.4318
405424 7.55484e+006 26.4318
405424 7.55484e+006 27.088
405423 7.55484e+006 27.088
405424 7.55484e+006 27.088
405424 7.55484e+006 27.088
405424 7.55484e+006 27.088
405424 7.55484e+006 27.088
405424 7.55484e+006 26.4318
405423 7.55484e+006 26.4318
405423 7.55484e+006 27.088
405423 7.55484e+006 27.088
405424 7.55484e+006 27.088
405424 7.55484e+006 26.4318
405423 7.55484e+006 26.4318
405424 7.55484e+006 26.4318
405424 7.55484e+006 27.088
405424 7.55484e+006 27.088
405423 7.55484e+006 27.088
405423 7.55484e+006 26.4318
405424 7.55484e+006 26.4318
405424 7.55484e+006 26.4318
405424 7.55484e+006 27.088
405424 7.55484e+006 27.088
405424 7.55484e+006 27.088
405424 7.55484e+006 26.4318
405424 7.55484e+006 26.4318
405424 7.55484e+006 26.4318
405424 7.55484e+006 27.088
405424 7.55484e+006 27.088
405424 7.55484e+006 27.088
405424 7.55484e+006 26.4318
405422 7.55483e+006 26.4318
405422 7.55483e+006 26.4318
405422 7.55483e+006 26.4318
405422 7.55483e+006 26.4318
405422 7.55483e+006 26.4318
405422 7.55483e+006 26.4318
405422 7.55483e+006 27.088
405422 7.55483e+006 27.088
405422 7.55483e+006 27.088
405422 7.55483e+006 27.088
405422 7.55483e+006 27.088
405422 7.55483e+006 27.088
405422 7.55483e+006 26.4318
405422 7.55483e+006 26.4318
405422 7.55483e+006 27.088
405422 7.55483e+006 27.088
405422 7.55483e+006 27.088
405422 7.55483e+006 26.4318
405422 7.55483e+006 26.4318
405422 7.55483e+006 26.4318
405422 7.55483e+006 27.088
405422 7.55483e+006 27.088
405422 7.55483e+006 27.088
405422 7.55483e+006 26.4318
405422 7.55483e+006 26.4318
405422 7.55483e+006 26.4318
405422 7.55483e+006 27.088
405422 7.55483e+006 27.088
405422 7.55483e+006 27.088
405422 7.55483e+006 26.4318
405422 7.55483e+006 26.4318
405422 7.55483e+006 26.4318
405422 7.55483e+006 27.088
405422 7.55483e+006 27.088
405422 7.55483e+006 27.088
405422 7.55483e+006 26.4318
