398075 7.55179e+006 -280.522
398075 7.55179e+006 -280.475
398075 7.55179e+006 -280.488
398075 7.55179e+006 -280.488
398075 7.55179e+006 -280.522
398075 7.55179e+006 -280.522
398075 7.55179e+006 -280.475
398075 7.55179e+006 -280.45
398075 7.55179e+006 -280.471
398075 7.55179e+006 -280.471
398075 7.55179e+006 -280.488
398075 7.55179e+006 -280.475
398075 7.55179e+006 -280.45
398075 7.55179e+006 -280.475
398075 7.55179e+006 -280.488
398075 7.55179e+006 -280.488
398075 7.55179e+006 -280.471
398075 7.55179e+006 -280.45
398075 7.55179e+006 -280.475
398075 7.55179e+006 -280.522
398075 7.55179e+006 -280.522
398075 7.55179e+006 -280.522
398075 7.55179e+006 -280.488
398075 7.55179e+006 -280.475
398075 7.55179e+006 -280.522
398075 7.55179e+006 -280.569
398075 7.55179e+006 -280.557
398075 7.55179e+006 -280.557
398075 7.55179e+006 -280.522
398075 7.55179e+006 -280.522
398075 7.55179e+006 -280.569
398075 7.55179e+006 -280.595
398075 7.55179e+006 -280.573
398075 7.55179e+006 -280.573
398075 7.55179e+006 -280.557
398075 7.55179e+006 -280.569
398075 7.55179e+006 -280.595
398075 7.55179e+006 -280.569
398075 7.55179e+006 -280.557
398075 7.55179e+006 -280.557
398075 7.55179e+006 -280.573
398075 7.55179e+006 -280.595
398075 7.55179e+006 -280.569
398075 7.55179e+006 -280.522
398075 7.55179e+006 -280.522
398075 7.55179e+006 -280.522
398075 7.55179e+006 -280.557
398075 7.55179e+006 -280.569
398075 7.55179e+006 -280.522
398075 7.55179e+006 -280.488
398075 7.55179e+006 -280.488
398075 7.55179e+006 -280.488
398075 7.55179e+006 -280.522
398075 7.55179e+006 -280.522
398075 7.55179e+006 -280.488
398075 7.55179e+006 -280.471
398075 7.55179e+006 -280.463
398075 7.55179e+006 -280.488
398075 7.55179e+006 -280.463
398075 7.55179e+006 -280.463
398075 7.55179e+006 -280.488
398075 7.55179e+006 -280.463
398075 7.55179e+006 -280.488
398075 7.55179e+006 -280.471
398075 7.55179e+006 -280.488
398075 7.55179e+006 -280.488
398075 7.55179e+006 -280.471
398075 7.55179e+006 -280.488
398075 7.55179e+006 -280.463
398075 7.55179e+006 -280.463
398075 7.55179e+006 -280.471
398075 7.55179e+006 -280.463
398075 7.55179e+006 -280.488
398075 7.55179e+006 -280.522
398075 7.55179e+006 -280.522
398075 7.55179e+006 -280.522
398075 7.55179e+006 -280.488
398075 7.55179e+006 -280.488
398075 7.55179e+006 -280.522
398075 7.55179e+006 -280.557
398075 7.55179e+006 -280.557
398075 7.55179e+006 -280.557
398075 7.55179e+006 -280.522
398075 7.55179e+006 -280.522
398075 7.55179e+006 -280.557
398075 7.55179e+006 -280.573
398075 7.55179e+006 -280.582
398075 7.55179e+006 -280.557
398075 7.55179e+006 -280.582
398075 7.55179e+006 -280.582
398075 7.55179e+006 -280.557
398075 7.55179e+006 -280.582
398075 7.55179e+006 -280.557
398075 7.55179e+006 -280.573
398075 7.55179e+006 -280.557
398075 7.55179e+006 -280.557
398075 7.55179e+006 -280.573
398075 7.55179e+006 -280.557
398075 7.55179e+006 -280.582
398075 7.55179e+006 -280.582
398075 7.55179e+006 -280.573
398075 7.55179e+006 -280.582
398075 7.55179e+006 -280.557
398075 7.55179e+006 -280.522
398075 7.55179e+006 -280.522
398075 7.55179e+006 -280.522
398075 7.55179e+006 -280.557
398075 7.55179e+006 -280.557
398075 7.55179e+006 -280.475
398075 7.55179e+006 -280.522
398075 7.55179e+006 -280.522
398075 7.55179e+006 -280.522
398075 7.55179e+006 -280.475
398075 7.55179e+006 -280.475
398075 7.55179e+006 -280.441
398075 7.55179e+006 -280.441
398075 7.55179e+006 -280.45
398075 7.55179e+006 -280.45
398075 7.55179e+006 -280.475
398075 7.55179e+006 -280.475
398075 7.55179e+006 -280.441
398075 7.55179e+006 -280.45
398075 7.55179e+006 -280.475
398075 7.55179e+006 -280.475
398075 7.55179e+006 -280.45
398075 7.55179e+006 -280.441
398075 7.55179e+006 -280.475
398075 7.55179e+006 -280.441
398075 7.55179e+006 -280.441
398075 7.55179e+006 -280.475
398075 7.55179e+006 -280.475
398075 7.55179e+006 -280.441
398075 7.55179e+006 -280.522
398075 7.55179e+006 -280.475
398075 7.55179e+006 -280.475
398075 7.55179e+006 -280.475
398075 7.55179e+006 -280.522
398075 7.55179e+006 -280.522
398075 7.55179e+006 -280.569
398075 7.55179e+006 -280.522
398075 7.55179e+006 -280.522
398075 7.55179e+006 -280.522
398075 7.55179e+006 -280.569
398075 7.55179e+006 -280.569
398075 7.55179e+006 -280.604
398075 7.55179e+006 -280.604
398075 7.55179e+006 -280.595
398075 7.55179e+006 -280.595
398075 7.55179e+006 -280.569
398075 7.55179e+006 -280.569
398075 7.55179e+006 -280.604
398075 7.55179e+006 -280.595
398075 7.55179e+006 -280.569
398075 7.55179e+006 -280.569
398075 7.55179e+006 -280.595
398075 7.55179e+006 -280.604
398075 7.55179e+006 -280.569
398075 7.55179e+006 -280.604
398075 7.55179e+006 -280.604
398075 7.55179e+006 -280.569
398075 7.55179e+006 -280.569
398075 7.55179e+006 -280.604
398075 7.55179e+006 -280.522
398075 7.55179e+006 -280.569
398075 7.55179e+006 -280.569
398075 7.55179e+006 -280.569
398075 7.55179e+006 -280.522
398075 7.55179e+006 -280.522
398075 7.55179e+006 -280.488
398075 7.55179e+006 -280.492
398075 7.55179e+006 -280.522
398075 7.55179e+006 -280.522
398075 7.55179e+006 -280.522
398075 7.55179e+006 -280.488
398075 7.55179e+006 -280.463
398075 7.55179e+006 -280.471
398075 7.55179e+006 -280.492
398075 7.55179e+006 -280.492
398075 7.55179e+006 -280.488
398075 7.55179e+006 -280.463
398075 7.55179e+006 -280.453
398075 7.55179e+006 -280.463
398075 7.55179e+006 -280.471
398075 7.55179e+006 -280.471
398075 7.55179e+006 -280.463
398075 7.55179e+006 -280.453
398075 7.55179e+006 -280.463
398075 7.55179e+006 -280.471
398075 7.55179e+006 -280.463
398075 7.55179e+006 -280.463
398075 7.55179e+006 -280.453
398075 7.55179e+006 -280.463
398075 7.55179e+006 -280.488
398075 7.55179e+006 -280.492
398075 7.55179e+006 -280.471
398075 7.55179e+006 -280.471
398075 7.55179e+006 -280.463
398075 7.55179e+006 -280.488
398075 7.55179e+006 -280.522
398075 7.55179e+006 -280.522
398075 7.55179e+006 -280.492
398075 7.55179e+006 -280.492
398075 7.55179e+006 -280.488
398075 7.55179e+006 -280.522
398075 7.55179e+006 -280.557
398075 7.55179e+006 -280.552
398075 7.55179e+006 -280.522
398075 7.55179e+006 -280.522
398075 7.55179e+006 -280.522
398075 7.55179e+006 -280.557
398075 7.55179e+006 -280.582
398075 7.55179e+006 -280.574
398075 7.55179e+006 -280.552
398075 7.55179e+006 -280.552
398075 7.55179e+006 -280.557
398075 7.55179e+006 -280.582
398075 7.55179e+006 -280.591
398075 7.55179e+006 -280.582
398075 7.55179e+006 -280.574
398075 7.55179e+006 -280.574
398075 7.55179e+006 -280.582
398075 7.55179e+006 -280.591
398075 7.55179e+006 -280.582
398075 7.55179e+006 -280.574
398075 7.55179e+006 -280.582
398075 7.55179e+006 -280.582
398075 7.55179e+006 -280.591
398075 7.55179e+006 -280.582
398075 7.55179e+006 -280.557
398075 7.55179e+006 -280.552
398075 7.55179e+006 -280.574
398075 7.55179e+006 -280.574
398075 7.55179e+006 -280.582
398075 7.55179e+006 -280.557
398075 7.55179e+006 -280.522
398075 7.55179e+006 -280.522
398075 7.55179e+006 -280.552
398075 7.55179e+006 -280.552
398075 7.55179e+006 -280.557
398075 7.55179e+006 -280.522
398075 7.55179e+006 -280.604
398075 7.55179e+006 -280.582
398075 7.55179e+006 -280.582
398075 7.55179e+006 -280.582
398075 7.55179e+006 -280.604
398075 7.55179e+006 -280.604
398075 7.55179e+006 -280.604
398075 7.55179e+006 -280.604
398075 7.55179e+006 -280.582
398075 7.55179e+006 -280.582
398075 7.55179e+006 -280.582
398075 7.55179e+006 -280.604
398075 7.55179e+006 -280.441
398075 7.55179e+006 -280.441
398075 7.55179e+006 -280.463
398075 7.55179e+006 -280.463
398075 7.55179e+006 -280.463
398075 7.55179e+006 -280.441
398075 7.55179e+006 -280.441
398075 7.55179e+006 -280.463
398075 7.55179e+006 -280.463
398075 7.55179e+006 -280.463
398075 7.55179e+006 -280.441
398075 7.55179e+006 -280.441
398075 7.55179e+006 -280.604
398075 7.55179e+006 -280.582
398075 7.55179e+006 -280.591
398075 7.55179e+006 -280.591
398075 7.55179e+006 -280.616
398075 7.55179e+006 -280.604
398075 7.55179e+006 -280.616
398075 7.55179e+006 -280.591
398075 7.55179e+006 -280.582
398075 7.55179e+006 -280.582
398075 7.55179e+006 -280.604
398075 7.55179e+006 -280.616
398075 7.55179e+006 -280.441
398075 7.55179e+006 -280.463
398075 7.55179e+006 -280.453
398075 7.55179e+006 -280.453
398075 7.55179e+006 -280.428
398075 7.55179e+006 -280.441
398075 7.55179e+006 -280.428
398075 7.55179e+006 -280.453
398075 7.55179e+006 -280.463
398075 7.55179e+006 -280.463
398075 7.55179e+006 -280.441
398075 7.55179e+006 -280.428
398075 7.55179e+006 -280.522
398075 7.55179e+006 -280.492
398075 7.55179e+006 -280.505
398075 7.55179e+006 -280.505
398075 7.55179e+006 -280.522
398075 7.55179e+006 -280.522
398075 7.55179e+006 -280.492
398075 7.55179e+006 -280.471
398075 7.55179e+006 -280.492
398075 7.55179e+006 -280.492
398075 7.55179e+006 -280.505
398075 7.55179e+006 -280.492
398075 7.55179e+006 -280.471
398075 7.55179e+006 -280.463
398075 7.55179e+006 -280.488
398075 7.55179e+006 -280.488
398075 7.55179e+006 -280.492
398075 7.55179e+006 -280.471
398075 7.55179e+006 -280.463
398075 7.55179e+006 -280.471
398075 7.55179e+006 -280.492
398075 7.55179e+006 -280.492
398075 7.55179e+006 -280.488
398075 7.55179e+006 -280.463
398075 7.55179e+006 -280.471
398075 7.55179e+006 -280.492
398075 7.55179e+006 -280.505
398075 7.55179e+006 -280.505
398075 7.55179e+006 -280.492
398075 7.55179e+006 -280.471
398075 7.55179e+006 -280.492
398075 7.55179e+006 -280.522
398075 7.55179e+006 -280.522
398075 7.55179e+006 -280.522
398075 7.55179e+006 -280.505
398075 7.55179e+006 -280.492
398075 7.55179e+006 -280.522
398075 7.55179e+006 -280.552
398075 7.55179e+006 -280.539
398075 7.55179e+006 -280.539
398075 7.55179e+006 -280.522
398075 7.55179e+006 -280.522
398075 7.55179e+006 -280.552
398075 7.55179e+006 -280.574
398075 7.55179e+006 -280.552
398075 7.55179e+006 -280.552
398075 7.55179e+006 -280.539
398075 7.55179e+006 -280.552
398075 7.55179e+006 -280.574
398075 7.55179e+006 -280.582
398075 7.55179e+006 -280.557
398075 7.55179e+006 -280.557
398075 7.55179e+006 -280.552
398075 7.55179e+006 -280.574
398075 7.55179e+006 -280.582
398075 7.55179e+006 -280.574
398075 7.55179e+006 -280.552
398075 7.55179e+006 -280.552
398075 7.55179e+006 -280.557
398075 7.55179e+006 -280.582
398075 7.55179e+006 -280.574
398075 7.55179e+006 -280.552
398075 7.55179e+006 -280.539
398075 7.55179e+006 -280.539
398075 7.55179e+006 -280.552
398075 7.55179e+006 -280.574
398075 7.55179e+006 -280.552
398075 7.55179e+006 -280.522
398075 7.55179e+006 -280.522
398075 7.55179e+006 -280.522
398075 7.55179e+006 -280.539
398075 7.55179e+006 -280.552
398075 7.55179e+006 -280.522
398075 7.55179e+006 -280.505
398075 7.55179e+006 -280.505
398075 7.55179e+006 -280.505
398075 7.55179e+006 -280.522
398075 7.55179e+006 -280.522
398075 7.55179e+006 -280.505
398075 7.55179e+006 -280.492
398075 7.55179e+006 -280.492
398075 7.55179e+006 -280.492
398075 7.55179e+006 -280.505
398075 7.55179e+006 -280.505
398075 7.55179e+006 -280.492
398075 7.55179e+006 -280.488
398075 7.55179e+006 -280.488
398075 7.55179e+006 -280.488
398075 7.55179e+006 -280.492
398075 7.55179e+006 -280.492
398075 7.55179e+006 -280.488
398075 7.55179e+006 -280.492
398075 7.55179e+006 -280.492
398075 7.55179e+006 -280.492
398075 7.55179e+006 -280.488
398075 7.55179e+006 -280.488
398075 7.55179e+006 -280.492
398075 7.55179e+006 -280.505
398075 7.55179e+006 -280.505
398075 7.55179e+006 -280.505
398075 7.55179e+006 -280.492
398075 7.55179e+006 -280.492
398075 7.55179e+006 -280.505
398075 7.55179e+006 -280.522
398075 7.55179e+006 -280.522
398075 7.55179e+006 -280.522
398075 7.55179e+006 -280.505
398075 7.55179e+006 -280.505
398075 7.55179e+006 -280.522
398075 7.55179e+006 -280.539
398075 7.55179e+006 -280.539
398075 7.55179e+006 -280.539
398075 7.55179e+006 -280.522
398075 7.55179e+006 -280.522
398075 7.55179e+006 -280.539
398075 7.55179e+006 -280.552
398075 7.55179e+006 -280.552
398075 7.55179e+006 -280.552
398075 7.55179e+006 -280.539
398075 7.55179e+006 -280.539
398075 7.55179e+006 -280.552
398075 7.55179e+006 -280.557
398075 7.55179e+006 -280.557
398075 7.55179e+006 -280.557
398075 7.55179e+006 -280.552
398075 7.55179e+006 -280.552
398075 7.55179e+006 -280.557
398075 7.55179e+006 -280.552
398075 7.55179e+006 -280.552
398075 7.55179e+006 -280.552
398075 7.55179e+006 -280.557
398075 7.55179e+006 -280.557
398075 7.55179e+006 -280.552
398075 7.55179e+006 -280.539
398075 7.55179e+006 -280.539
398075 7.55179e+006 -280.539
398075 7.55179e+006 -280.552
398075 7.55179e+006 -280.552
398075 7.55179e+006 -280.539
398075 7.55179e+006 -280.522
398075 7.55179e+006 -280.522
398075 7.55179e+006 -280.522
398075 7.55179e+006 -280.539
398075 7.55179e+006 -280.539
398075 7.55179e+006 -280.522
398075 7.55179e+006 -280.505
398075 7.55179e+006 -280.51
398075 7.55179e+006 -280.51
398075 7.55179e+006 -280.522
398075 7.55179e+006 -280.522
398075 7.55179e+006 -280.505
398075 7.55179e+006 -280.492
398075 7.55179e+006 -280.502
398075 7.55179e+006 -280.502
398075 7.55179e+006 -280.51
398075 7.55179e+006 -280.505
398075 7.55179e+006 -280.492
398075 7.55179e+006 -280.488
398075 7.55179e+006 -280.499
398075 7.55179e+006 -280.499
398075 7.55179e+006 -280.502
398075 7.55179e+006 -280.492
398075 7.55179e+006 -280.488
398075 7.55179e+006 -280.492
398075 7.55179e+006 -280.502
398075 7.55179e+006 -280.502
398075 7.55179e+006 -280.499
398075 7.55179e+006 -280.488
398075 7.55179e+006 -280.492
398075 7.55179e+006 -280.505
398075 7.55179e+006 -280.51
398075 7.55179e+006 -280.51
398075 7.55179e+006 -280.502
398075 7.55179e+006 -280.492
398075 7.55179e+006 -280.505
398075 7.55179e+006 -280.522
398075 7.55179e+006 -280.522
398075 7.55179e+006 -280.522
398075 7.55179e+006 -280.51
398075 7.55179e+006 -280.505
398075 7.55179e+006 -280.522
398075 7.55179e+006 -280.539
398075 7.55179e+006 -280.534
398075 7.55179e+006 -280.534
398075 7.55179e+006 -280.522
398075 7.55179e+006 -280.522
398075 7.55179e+006 -280.539
398075 7.55179e+006 -280.552
398075 7.55179e+006 -280.543
398075 7.55179e+006 -280.543
398075 7.55179e+006 -280.534
398075 7.55179e+006 -280.539
398075 7.55179e+006 -280.552
398075 7.55179e+006 -280.557
398075 7.55179e+006 -280.546
398075 7.55179e+006 -280.546
398075 7.55179e+006 -280.543
398075 7.55179e+006 -280.552
398075 7.55179e+006 -280.557
398075 7.55179e+006 -280.552
398075 7.55179e+006 -280.543
398075 7.55179e+006 -280.543
398075 7.55179e+006 -280.546
398075 7.55179e+006 -280.557
398075 7.55179e+006 -280.552
398075 7.55179e+006 -280.539
398075 7.55179e+006 -280.534
398075 7.55179e+006 -280.534
398075 7.55179e+006 -280.543
398075 7.55179e+006 -280.552
398075 7.55179e+006 -280.539
398075 7.55179e+006 -280.522
398075 7.55179e+006 -280.522
398075 7.55179e+006 -280.522
398075 7.55179e+006 -280.534
398075 7.55179e+006 -280.539
398075 7.55179e+006 -280.522
398075 7.55179e+006 -280.51
398075 7.55179e+006 -280.515
398075 7.55179e+006 -280.515
398075 7.55179e+006 -280.522
398075 7.55179e+006 -280.522
398075 7.55179e+006 -280.51
398075 7.55179e+006 -280.502
398075 7.55179e+006 -280.509
398075 7.55179e+006 -280.509
398075 7.55179e+006 -280.515
398075 7.55179e+006 -280.51
398075 7.55179e+006 -280.502
398075 7.55179e+006 -280.499
398075 7.55179e+006 -280.507
398075 7.55179e+006 -280.507
398075 7.55179e+006 -280.509
398075 7.55179e+006 -280.502
398075 7.55179e+006 -280.499
398075 7.55179e+006 -280.502
398075 7.55179e+006 -280.509
398075 7.55179e+006 -280.509
398075 7.55179e+006 -280.507
398075 7.55179e+006 -280.499
398075 7.55179e+006 -280.502
398075 7.55179e+006 -280.51
398075 7.55179e+006 -280.515
398075 7.55179e+006 -280.515
398075 7.55179e+006 -280.509
398075 7.55179e+006 -280.502
398075 7.55179e+006 -280.51
398075 7.55179e+006 -280.522
398075 7.55179e+006 -280.522
398075 7.55179e+006 -280.522
398075 7.55179e+006 -280.515
398075 7.55179e+006 -280.51
398075 7.55179e+006 -280.522
398075 7.55179e+006 -280.534
398075 7.55179e+006 -280.53
398075 7.55179e+006 -280.53
398075 7.55179e+006 -280.522
398075 7.55179e+006 -280.522
398075 7.55179e+006 -280.534
398075 7.55179e+006 -280.543
398075 7.55179e+006 -280.535
398075 7.55179e+006 -280.535
398075 7.55179e+006 -280.53
398075 7.55179e+006 -280.534
398075 7.55179e+006 -280.543
398075 7.55179e+006 -280.546
398075 7.55179e+006 -280.537
398075 7.55179e+006 -280.537
398075 7.55179e+006 -280.535
398075 7.55179e+006 -280.543
398075 7.55179e+006 -280.546
398075 7.55179e+006 -280.543
398075 7.55179e+006 -280.535
398075 7.55179e+006 -280.535
398075 7.55179e+006 -280.537
398075 7.55179e+006 -280.546
398075 7.55179e+006 -280.543
398075 7.55179e+006 -280.534
398075 7.55179e+006 -280.53
398075 7.55179e+006 -280.53
398075 7.55179e+006 -280.535
398075 7.55179e+006 -280.543
398075 7.55179e+006 -280.534
398075 7.55179e+006 -280.522
398075 7.55179e+006 -280.522
398075 7.55179e+006 -280.522
398075 7.55179e+006 -280.53
398075 7.55179e+006 -280.534
398075 7.55179e+006 -280.509
398075 7.55179e+006 -280.507
398075 7.55179e+006 -280.509
398075 7.55179e+006 -280.509
398075 7.55179e+006 -280.515
398075 7.55179e+006 -280.522
398075 7.55179e+006 -280.522
398075 7.55179e+006 -280.53
398075 7.55179e+006 -280.535
398075 7.55179e+006 -280.509
398075 7.55179e+006 -280.522
398075 7.55179e+006 -280.535
398075 7.55179e+006 -280.535
398075 7.55179e+006 -280.537
398075 7.55179e+006 -280.535
398075 7.55179e+006 -280.535
398075 7.55179e+006 -280.53
398075 7.55179e+006 -280.522
398075 7.55179e+006 -280.535
398075 7.55179e+006 -280.535
398075 7.55179e+006 -280.522
398075 7.55179e+006 -280.509
398075 7.55179e+006 -280.535
398075 7.55179e+006 -280.522
398075 7.55179e+006 -280.509
398075 7.55179e+006 -280.509
398075 7.55179e+006 -280.522
398075 7.55179e+006 -280.515
398075 7.55179e+006 -280.509
398075 7.55179e+006 -280.522
398075 7.55179e+006 -280.45
398075 7.55179e+006 -280.441
398075 7.55179e+006 -280.463
398075 7.55179e+006 -280.463
398075 7.55179e+006 -280.471
398075 7.55179e+006 -280.45
398075 7.55179e+006 -280.471
398075 7.55179e+006 -280.463
398075 7.55179e+006 -280.441
398075 7.55179e+006 -280.441
398075 7.55179e+006 -280.45
398075 7.55179e+006 -280.471
398075 7.55179e+006 -280.595
398075 7.55179e+006 -280.604
398075 7.55179e+006 -280.582
398075 7.55179e+006 -280.582
398075 7.55179e+006 -280.573
398075 7.55179e+006 -280.595
398075 7.55179e+006 -280.573
398075 7.55179e+006 -280.582
398075 7.55179e+006 -280.604
398075 7.55179e+006 -280.604
398075 7.55179e+006 -280.595
398075 7.55179e+006 -280.573
398075 7.55179e+006 -280.283
398075 7.55179e+006 -280.236
398075 7.55179e+006 -280.249
398075 7.55179e+006 -280.249
398075 7.55179e+006 -280.283
398075 7.55179e+006 -280.283
398075 7.55179e+006 -280.236
398075 7.55179e+006 -280.211
398075 7.55179e+006 -280.233
398075 7.55179e+006 -280.233
398075 7.55179e+006 -280.249
398075 7.55179e+006 -280.236
398075 7.55179e+006 -280.211
398075 7.55179e+006 -280.236
398075 7.55179e+006 -280.249
398075 7.55179e+006 -280.249
398075 7.55179e+006 -280.233
398075 7.55179e+006 -280.211
398075 7.55179e+006 -280.236
398075 7.55179e+006 -280.283
398075 7.55179e+006 -280.283
398075 7.55179e+006 -280.283
398075 7.55179e+006 -280.249
398075 7.55179e+006 -280.236
398075 7.55179e+006 -280.283
398075 7.55179e+006 -280.33
398075 7.55179e+006 -280.318
398075 7.55179e+006 -280.318
398075 7.55179e+006 -280.283
398075 7.55179e+006 -280.283
398075 7.55179e+006 -280.33
398075 7.55179e+006 -280.356
398075 7.55179e+006 -280.334
398075 7.55179e+006 -280.334
398075 7.55179e+006 -280.318
398075 7.55179e+006 -280.33
398075 7.55179e+006 -280.356
398075 7.55179e+006 -280.33
398075 7.55179e+006 -280.318
398075 7.55179e+006 -280.318
398075 7.55179e+006 -280.334
398075 7.55179e+006 -280.356
398075 7.55179e+006 -280.33
398075 7.55179e+006 -280.283
398075 7.55179e+006 -280.283
398075 7.55179e+006 -280.283
398075 7.55179e+006 -280.318
398075 7.55179e+006 -280.33
398075 7.55179e+006 -280.283
398075 7.55179e+006 -280.249
398075 7.55179e+006 -280.249
398075 7.55179e+006 -280.249
398075 7.55179e+006 -280.283
398075 7.55179e+006 -280.283
398075 7.55179e+006 -280.249
398075 7.55179e+006 -280.233
398075 7.55179e+006 -280.224
398075 7.55179e+006 -280.249
398075 7.55179e+006 -280.224
398075 7.55179e+006 -280.224
398075 7.55179e+006 -280.249
398075 7.55179e+006 -280.224
398075 7.55179e+006 -280.249
398075 7.55179e+006 -280.233
398075 7.55179e+006 -280.249
398075 7.55179e+006 -280.249
398075 7.55179e+006 -280.233
398075 7.55179e+006 -280.249
398075 7.55179e+006 -280.224
398075 7.55179e+006 -280.224
398075 7.55179e+006 -280.233
398075 7.55179e+006 -280.224
398075 7.55179e+006 -280.249
398075 7.55179e+006 -280.283
398075 7.55179e+006 -280.283
398075 7.55179e+006 -280.283
398075 7.55179e+006 -280.249
398075 7.55179e+006 -280.249
398075 7.55179e+006 -280.283
398075 7.55179e+006 -280.318
398075 7.55179e+006 -280.318
398075 7.55179e+006 -280.318
398075 7.55179e+006 -280.283
398075 7.55179e+006 -280.283
398075 7.55179e+006 -280.318
398075 7.55179e+006 -280.334
398075 7.55179e+006 -280.343
398075 7.55179e+006 -280.318
398075 7.55179e+006 -280.343
398075 7.55179e+006 -280.343
398075 7.55179e+006 -280.318
398075 7.55179e+006 -280.343
398075 7.55179e+006 -280.318
398075 7.55179e+006 -280.334
398075 7.55179e+006 -280.318
398075 7.55179e+006 -280.318
398075 7.55179e+006 -280.334
398075 7.55179e+006 -280.318
398075 7.55179e+006 -280.343
398075 7.55179e+006 -280.343
398075 7.55179e+006 -280.334
398075 7.55179e+006 -280.343
398075 7.55179e+006 -280.318
398075 7.55179e+006 -280.283
398075 7.55179e+006 -280.283
398075 7.55179e+006 -280.283
398075 7.55179e+006 -280.318
398075 7.55179e+006 -280.318
398075 7.55179e+006 -280.236
398075 7.55179e+006 -280.283
398075 7.55179e+006 -280.283
398075 7.55179e+006 -280.283
398075 7.55179e+006 -280.236
398075 7.55179e+006 -280.236
398075 7.55179e+006 -280.202
398075 7.55179e+006 -280.202
398075 7.55179e+006 -280.211
398075 7.55179e+006 -280.211
398075 7.55179e+006 -280.236
398075 7.55179e+006 -280.236
398075 7.55179e+006 -280.202
398075 7.55179e+006 -280.211
398075 7.55179e+006 -280.236
398075 7.55179e+006 -280.236
398075 7.55179e+006 -280.211
398075 7.55179e+006 -280.202
398075 7.55179e+006 -280.236
398075 7.55179e+006 -280.202
398075 7.55179e+006 -280.202
398075 7.55179e+006 -280.236
398075 7.55179e+006 -280.236
398075 7.55179e+006 -280.202
398075 7.55179e+006 -280.283
398075 7.55179e+006 -280.236
398075 7.55179e+006 -280.236
398075 7.55179e+006 -280.236
398075 7.55179e+006 -280.283
398075 7.55179e+006 -280.283
398075 7.55179e+006 -280.33
398075 7.55179e+006 -280.283
398075 7.55179e+006 -280.283
398075 7.55179e+006 -280.283
398075 7.55179e+006 -280.33
398075 7.55179e+006 -280.33
398075 7.55179e+006 -280.365
398075 7.55179e+006 -280.365
398075 7.55179e+006 -280.356
398075 7.55179e+006 -280.356
398075 7.55179e+006 -280.33
398075 7.55179e+006 -280.33
398075 7.55179e+006 -280.365
398075 7.55179e+006 -280.356
398075 7.55179e+006 -280.33
398075 7.55179e+006 -280.33
398075 7.55179e+006 -280.356
398075 7.55179e+006 -280.365
398075 7.55179e+006 -280.33
398075 7.55179e+006 -280.365
398075 7.55179e+006 -280.365
398075 7.55179e+006 -280.33
398075 7.55179e+006 -280.33
398075 7.55179e+006 -280.365
398075 7.55179e+006 -280.283
398075 7.55179e+006 -280.33
398075 7.55179e+006 -280.33
398075 7.55179e+006 -280.33
398075 7.55179e+006 -280.283
398075 7.55179e+006 -280.283
398075 7.55179e+006 -280.249
398075 7.55179e+006 -280.254
398075 7.55179e+006 -280.283
398075 7.55179e+006 -280.283
398075 7.55179e+006 -280.283
398075 7.55179e+006 -280.249
398075 7.55179e+006 -280.224
398075 7.55179e+006 -280.232
398075 7.55179e+006 -280.254
398075 7.55179e+006 -280.254
398075 7.55179e+006 -280.249
398075 7.55179e+006 -280.224
398075 7.55179e+006 -280.215
398075 7.55179e+006 -280.224
398075 7.55179e+006 -280.232
398075 7.55179e+006 -280.232
398075 7.55179e+006 -280.224
398075 7.55179e+006 -280.215
398075 7.55179e+006 -280.224
398075 7.55179e+006 -280.232
398075 7.55179e+006 -280.224
398075 7.55179e+006 -280.224
398075 7.55179e+006 -280.215
398075 7.55179e+006 -280.224
398075 7.55179e+006 -280.249
398075 7.55179e+006 -280.254
398075 7.55179e+006 -280.232
398075 7.55179e+006 -280.232
398075 7.55179e+006 -280.224
398075 7.55179e+006 -280.249
398075 7.55179e+006 -280.283
398075 7.55179e+006 -280.283
398075 7.55179e+006 -280.254
398075 7.55179e+006 -280.254
398075 7.55179e+006 -280.249
398075 7.55179e+006 -280.283
398075 7.55179e+006 -280.318
398075 7.55179e+006 -280.313
398075 7.55179e+006 -280.283
398075 7.55179e+006 -280.283
398075 7.55179e+006 -280.283
398075 7.55179e+006 -280.318
398075 7.55179e+006 -280.343
398075 7.55179e+006 -280.335
398075 7.55179e+006 -280.313
398075 7.55179e+006 -280.313
398075 7.55179e+006 -280.318
398075 7.55179e+006 -280.343
398075 7.55179e+006 -280.352
398075 7.55179e+006 -280.343
398075 7.55179e+006 -280.335
398075 7.55179e+006 -280.335
398075 7.55179e+006 -280.343
398075 7.55179e+006 -280.352
398075 7.55179e+006 -280.343
398075 7.55179e+006 -280.335
398075 7.55179e+006 -280.343
398075 7.55179e+006 -280.343
398075 7.55179e+006 -280.352
398075 7.55179e+006 -280.343
398075 7.55179e+006 -280.318
398075 7.55179e+006 -280.313
398075 7.55179e+006 -280.335
398075 7.55179e+006 -280.335
398075 7.55179e+006 -280.343
398075 7.55179e+006 -280.318
398075 7.55179e+006 -280.283
398075 7.55179e+006 -280.283
398075 7.55179e+006 -280.313
398075 7.55179e+006 -280.313
398075 7.55179e+006 -280.318
398075 7.55179e+006 -280.283
398075 7.55179e+006 -280.365
398075 7.55179e+006 -280.343
398075 7.55179e+006 -280.343
398075 7.55179e+006 -280.343
398075 7.55179e+006 -280.365
398075 7.55179e+006 -280.365
398075 7.55179e+006 -280.365
398075 7.55179e+006 -280.365
398075 7.55179e+006 -280.343
398075 7.55179e+006 -280.343
398075 7.55179e+006 -280.343
398075 7.55179e+006 -280.365
398075 7.55179e+006 -280.202
398075 7.55179e+006 -280.202
398075 7.55179e+006 -280.224
398075 7.55179e+006 -280.224
398075 7.55179e+006 -280.224
398075 7.55179e+006 -280.202
398075 7.55179e+006 -280.202
398075 7.55179e+006 -280.224
398075 7.55179e+006 -280.224
398075 7.55179e+006 -280.224
398075 7.55179e+006 -280.202
398075 7.55179e+006 -280.202
398075 7.55179e+006 -280.365
398075 7.55179e+006 -280.343
398075 7.55179e+006 -280.352
398075 7.55179e+006 -280.352
398075 7.55179e+006 -280.377
398075 7.55179e+006 -280.365
398075 7.55179e+006 -280.377
398075 7.55179e+006 -280.352
398075 7.55179e+006 -280.343
398075 7.55179e+006 -280.343
398075 7.55179e+006 -280.365
398075 7.55179e+006 -280.377
398075 7.55179e+006 -280.202
398075 7.55179e+006 -280.224
398075 7.55179e+006 -280.215
398075 7.55179e+006 -280.215
398075 7.55179e+006 -280.189
398075 7.55179e+006 -280.202
398075 7.55179e+006 -280.189
398075 7.55179e+006 -280.215
398075 7.55179e+006 -280.224
398075 7.55179e+006 -280.224
398075 7.55179e+006 -280.202
398075 7.55179e+006 -280.189
398075 7.55179e+006 -280.283
398075 7.55179e+006 -280.254
398075 7.55179e+006 -280.266
398075 7.55179e+006 -280.266
398075 7.55179e+006 -280.283
398075 7.55179e+006 -280.283
398075 7.55179e+006 -280.254
398075 7.55179e+006 -280.232
398075 7.55179e+006 -280.254
398075 7.55179e+006 -280.254
398075 7.55179e+006 -280.266
398075 7.55179e+006 -280.254
398075 7.55179e+006 -280.232
398075 7.55179e+006 -280.224
398075 7.55179e+006 -280.249
398075 7.55179e+006 -280.249
398075 7.55179e+006 -280.254
398075 7.55179e+006 -280.232
398075 7.55179e+006 -280.224
398075 7.55179e+006 -280.232
398075 7.55179e+006 -280.254
398075 7.55179e+006 -280.254
398075 7.55179e+006 -280.249
398075 7.55179e+006 -280.224
398075 7.55179e+006 -280.232
398075 7.55179e+006 -280.254
398075 7.55179e+006 -280.266
398075 7.55179e+006 -280.266
398075 7.55179e+006 -280.254
398075 7.55179e+006 -280.232
398075 7.55179e+006 -280.254
398075 7.55179e+006 -280.283
398075 7.55179e+006 -280.283
398075 7.55179e+006 -280.283
398075 7.55179e+006 -280.266
398075 7.55179e+006 -280.254
398075 7.55179e+006 -280.283
398075 7.55179e+006 -280.313
398075 7.55179e+006 -280.301
398075 7.55179e+006 -280.301
398075 7.55179e+006 -280.283
398075 7.55179e+006 -280.283
398075 7.55179e+006 -280.313
398075 7.55179e+006 -280.335
398075 7.55179e+006 -280.313
398075 7.55179e+006 -280.313
398075 7.55179e+006 -280.301
398075 7.55179e+006 -280.313
398075 7.55179e+006 -280.335
398075 7.55179e+006 -280.343
398075 7.55179e+006 -280.318
398075 7.55179e+006 -280.318
398075 7.55179e+006 -280.313
398075 7.55179e+006 -280.335
398075 7.55179e+006 -280.343
398075 7.55179e+006 -280.335
398075 7.55179e+006 -280.313
398075 7.55179e+006 -280.313
398075 7.55179e+006 -280.318
398075 7.55179e+006 -280.343
398075 7.55179e+006 -280.335
398075 7.55179e+006 -280.313
398075 7.55179e+006 -280.301
398075 7.55179e+006 -280.301
398075 7.55179e+006 -280.313
398075 7.55179e+006 -280.335
398075 7.55179e+006 -280.313
398075 7.55179e+006 -280.283
398075 7.55179e+006 -280.283
398075 7.55179e+006 -280.283
398075 7.55179e+006 -280.301
398075 7.55179e+006 -280.313
398075 7.55179e+006 -280.283
398075 7.55179e+006 -280.266
398075 7.55179e+006 -280.266
398075 7.55179e+006 -280.266
398075 7.55179e+006 -280.283
398075 7.55179e+006 -280.283
398075 7.55179e+006 -280.266
398075 7.55179e+006 -280.254
398075 7.55179e+006 -280.254
398075 7.55179e+006 -280.254
398075 7.55179e+006 -280.266
398075 7.55179e+006 -280.266
398075 7.55179e+006 -280.254
398075 7.55179e+006 -280.249
398075 7.55179e+006 -280.249
398075 7.55179e+006 -280.249
398075 7.55179e+006 -280.254
398075 7.55179e+006 -280.254
398075 7.55179e+006 -280.249
398075 7.55179e+006 -280.254
398075 7.55179e+006 -280.254
398075 7.55179e+006 -280.254
398075 7.55179e+006 -280.249
398075 7.55179e+006 -280.249
398075 7.55179e+006 -280.254
398075 7.55179e+006 -280.266
398075 7.55179e+006 -280.266
398075 7.55179e+006 -280.266
398075 7.55179e+006 -280.254
398075 7.55179e+006 -280.254
398075 7.55179e+006 -280.266
398075 7.55179e+006 -280.283
398075 7.55179e+006 -280.283
398075 7.55179e+006 -280.283
398075 7.55179e+006 -280.266
398075 7.55179e+006 -280.266
398075 7.55179e+006 -280.283
398075 7.55179e+006 -280.301
398075 7.55179e+006 -280.301
398075 7.55179e+006 -280.301
398075 7.55179e+006 -280.283
398075 7.55179e+006 -280.283
398075 7.55179e+006 -280.301
398075 7.55179e+006 -280.313
398075 7.55179e+006 -280.313
398075 7.55179e+006 -280.313
398075 7.55179e+006 -280.301
398075 7.55179e+006 -280.301
398075 7.55179e+006 -280.313
398075 7.55179e+006 -280.318
398075 7.55179e+006 -280.318
398075 7.55179e+006 -280.318
398075 7.55179e+006 -280.313
398075 7.55179e+006 -280.313
398075 7.55179e+006 -280.318
398075 7.55179e+006 -280.313
398075 7.55179e+006 -280.313
398075 7.55179e+006 -280.313
398075 7.55179e+006 -280.318
398075 7.55179e+006 -280.318
398075 7.55179e+006 -280.313
398075 7.55179e+006 -280.301
398075 7.55179e+006 -280.301
398075 7.55179e+006 -280.301
398075 7.55179e+006 -280.313
398075 7.55179e+006 -280.313
398075 7.55179e+006 -280.301
398075 7.55179e+006 -280.283
398075 7.55179e+006 -280.283
398075 7.55179e+006 -280.283
398075 7.55179e+006 -280.301
398075 7.55179e+006 -280.301
398075 7.55179e+006 -280.283
398075 7.55179e+006 -280.266
398075 7.55179e+006 -280.272
398075 7.55179e+006 -280.272
398075 7.55179e+006 -280.283
398075 7.55179e+006 -280.283
398075 7.55179e+006 -280.266
398075 7.55179e+006 -280.254
398075 7.55179e+006 -280.263
398075 7.55179e+006 -280.263
398075 7.55179e+006 -280.272
398075 7.55179e+006 -280.266
398075 7.55179e+006 -280.254
398075 7.55179e+006 -280.249
398075 7.55179e+006 -280.26
398075 7.55179e+006 -280.26
398075 7.55179e+006 -280.263
398075 7.55179e+006 -280.254
398075 7.55179e+006 -280.249
398075 7.55179e+006 -280.254
398075 7.55179e+006 -280.263
398075 7.55179e+006 -280.263
398075 7.55179e+006 -280.26
398075 7.55179e+006 -280.249
398075 7.55179e+006 -280.254
398075 7.55179e+006 -280.266
398075 7.55179e+006 -280.272
398075 7.55179e+006 -280.272
398075 7.55179e+006 -280.263
398075 7.55179e+006 -280.254
398075 7.55179e+006 -280.266
398075 7.55179e+006 -280.283
398075 7.55179e+006 -280.283
398075 7.55179e+006 -280.283
398075 7.55179e+006 -280.272
398075 7.55179e+006 -280.266
398075 7.55179e+006 -280.283
398075 7.55179e+006 -280.301
398075 7.55179e+006 -280.295
398075 7.55179e+006 -280.295
398075 7.55179e+006 -280.283
398075 7.55179e+006 -280.283
398075 7.55179e+006 -280.301
398075 7.55179e+006 -280.313
398075 7.55179e+006 -280.304
398075 7.55179e+006 -280.304
398075 7.55179e+006 -280.295
398075 7.55179e+006 -280.301
398075 7.55179e+006 -280.313
398075 7.55179e+006 -280.318
398075 7.55179e+006 -280.307
398075 7.55179e+006 -280.307
398075 7.55179e+006 -280.304
398075 7.55179e+006 -280.313
398075 7.55179e+006 -280.318
398075 7.55179e+006 -280.313
398075 7.55179e+006 -280.304
398075 7.55179e+006 -280.304
398075 7.55179e+006 -280.307
398075 7.55179e+006 -280.318
398075 7.55179e+006 -280.313
398075 7.55179e+006 -280.301
398075 7.55179e+006 -280.295
398075 7.55179e+006 -280.295
398075 7.55179e+006 -280.304
398075 7.55179e+006 -280.313
398075 7.55179e+006 -280.301
398075 7.55179e+006 -280.283
398075 7.55179e+006 -280.283
398075 7.55179e+006 -280.283
398075 7.55179e+006 -280.295
398075 7.55179e+006 -280.301
398075 7.55179e+006 -280.283
398075 7.55179e+006 -280.272
398075 7.55179e+006 -280.276
398075 7.55179e+006 -280.276
398075 7.55179e+006 -280.283
398075 7.55179e+006 -280.283
398075 7.55179e+006 -280.272
398075 7.55179e+006 -280.263
398075 7.55179e+006 -280.271
398075 7.55179e+006 -280.271
398075 7.55179e+006 -280.276
398075 7.55179e+006 -280.272
398075 7.55179e+006 -280.263
398075 7.55179e+006 -280.26
398075 7.55179e+006 -280.269
398075 7.55179e+006 -280.269
398075 7.55179e+006 -280.271
398075 7.55179e+006 -280.263
398075 7.55179e+006 -280.26
398075 7.55179e+006 -280.263
398075 7.55179e+006 -280.271
398075 7.55179e+006 -280.271
398075 7.55179e+006 -280.269
398075 7.55179e+006 -280.26
398075 7.55179e+006 -280.263
398075 7.55179e+006 -280.272
398075 7.55179e+006 -280.276
398075 7.55179e+006 -280.276
398075 7.55179e+006 -280.271
398075 7.55179e+006 -280.263
398075 7.55179e+006 -280.272
398075 7.55179e+006 -280.283
398075 7.55179e+006 -280.283
398075 7.55179e+006 -280.283
398075 7.55179e+006 -280.276
398075 7.55179e+006 -280.272
398075 7.55179e+006 -280.283
398075 7.55179e+006 -280.295
398075 7.55179e+006 -280.291
398075 7.55179e+006 -280.291
398075 7.55179e+006 -280.283
398075 7.55179e+006 -280.283
398075 7.55179e+006 -280.295
398075 7.55179e+006 -280.304
398075 7.55179e+006 -280.296
398075 7.55179e+006 -280.296
398075 7.55179e+006 -280.291
398075 7.55179e+006 -280.295
398075 7.55179e+006 -280.304
398075 7.55179e+006 -280.307
398075 7.55179e+006 -280.298
398075 7.55179e+006 -280.298
398075 7.55179e+006 -280.296
398075 7.55179e+006 -280.304
398075 7.55179e+006 -280.307
398075 7.55179e+006 -280.304
398075 7.55179e+006 -280.296
398075 7.55179e+006 -280.296
398075 7.55179e+006 -280.298
398075 7.55179e+006 -280.307
398075 7.55179e+006 -280.304
398075 7.55179e+006 -280.295
398075 7.55179e+006 -280.291
398075 7.55179e+006 -280.291
398075 7.55179e+006 -280.296
398075 7.55179e+006 -280.304
398075 7.55179e+006 -280.295
398075 7.55179e+006 -280.283
398075 7.55179e+006 -280.283
398075 7.55179e+006 -280.283
398075 7.55179e+006 -280.291
398075 7.55179e+006 -280.295
398075 7.55179e+006 -280.271
398075 7.55179e+006 -280.269
398075 7.55179e+006 -280.271
398075 7.55179e+006 -280.271
398075 7.55179e+006 -280.276
398075 7.55179e+006 -280.283
398075 7.55179e+006 -280.283
398075 7.55179e+006 -280.291
398075 7.55179e+006 -280.296
398075 7.55179e+006 -280.271
398075 7.55179e+006 -280.283
398075 7.55179e+006 -280.296
398075 7.55179e+006 -280.296
398075 7.55179e+006 -280.298
398075 7.55179e+006 -280.296
398075 7.55179e+006 -280.296
398075 7.55179e+006 -280.291
398075 7.55179e+006 -280.283
398075 7.55179e+006 -280.296
398075 7.55179e+006 -280.296
398075 7.55179e+006 -280.283
398075 7.55179e+006 -280.271
398075 7.55179e+006 -280.296
398075 7.55179e+006 -280.283
398075 7.55179e+006 -280.271
398075 7.55179e+006 -280.271
398075 7.55179e+006 -280.283
398075 7.55179e+006 -280.276
398075 7.55179e+006 -280.271
398075 7.55179e+006 -280.283
398075 7.55179e+006 -280.211
398075 7.55179e+006 -280.202
398075 7.55179e+006 -280.224
398075 7.55179e+006 -280.224
398075 7.55179e+006 -280.233
398075 7.55179e+006 -280.211
398075 7.55179e+006 -280.233
398075 7.55179e+006 -280.224
398075 7.55179e+006 -280.202
398075 7.55179e+006 -280.202
398075 7.55179e+006 -280.211
398075 7.55179e+006 -280.233
398075 7.55179e+006 -280.356
398075 7.55179e+006 -280.365
398075 7.55179e+006 -280.343
398075 7.55179e+006 -280.343
398075 7.55179e+006 -280.334
398075 7.55179e+006 -280.356
398075 7.55179e+006 -280.334
398075 7.55179e+006 -280.343
398075 7.55179e+006 -280.365
398075 7.55179e+006 -280.365
398075 7.55179e+006 -280.356
398075 7.55179e+006 -280.334
398075 7.55179e+006 -280.236
398075 7.55179e+006 -280.283
398075 7.55179e+006 -280.285
398075 7.55179e+006 -280.285
398075 7.55179e+006 -280.238
398075 7.55179e+006 -280.236
398075 7.55179e+006 -280.202
398075 7.55179e+006 -280.236
398075 7.55179e+006 -280.238
398075 7.55179e+006 -280.238
398075 7.55179e+006 -280.204
398075 7.55179e+006 -280.202
398075 7.55179e+006 -280.189
398075 7.55179e+006 -280.202
398075 7.55179e+006 -280.204
398075 7.55179e+006 -280.204
398075 7.55179e+006 -280.191
398075 7.55179e+006 -280.189
398075 7.55179e+006 -280.202
398075 7.55179e+006 -280.189
398075 7.55179e+006 -280.191
398075 7.55179e+006 -280.191
398075 7.55179e+006 -280.204
398075 7.55179e+006 -280.202
398075 7.55179e+006 -280.236
398075 7.55179e+006 -280.202
398075 7.55179e+006 -280.204
398075 7.55179e+006 -280.204
398075 7.55179e+006 -280.238
398075 7.55179e+006 -280.236
398075 7.55179e+006 -280.283
398075 7.55179e+006 -280.236
398075 7.55179e+006 -280.238
398075 7.55179e+006 -280.238
398075 7.55179e+006 -280.285
398075 7.55179e+006 -280.283
398075 7.55179e+006 -280.33
398075 7.55179e+006 -280.283
398075 7.55179e+006 -280.285
398075 7.55179e+006 -280.285
398075 7.55179e+006 -280.332
398075 7.55179e+006 -280.33
398075 7.55179e+006 -280.365
398075 7.55179e+006 -280.33
398075 7.55179e+006 -280.332
398075 7.55179e+006 -280.332
398075 7.55179e+006 -280.367
398075 7.55179e+006 -280.365
398075 7.55179e+006 -280.377
398075 7.55179e+006 -280.365
398075 7.55179e+006 -280.367
398075 7.55179e+006 -280.367
398075 7.55179e+006 -280.379
398075 7.55179e+006 -280.377
398075 7.55179e+006 -280.365
398075 7.55179e+006 -280.377
398075 7.55179e+006 -280.379
398075 7.55179e+006 -280.379
398075 7.55179e+006 -280.367
398075 7.55179e+006 -280.365
398075 7.55179e+006 -280.33
398075 7.55179e+006 -280.365
398075 7.55179e+006 -280.367
398075 7.55179e+006 -280.367
398075 7.55179e+006 -280.332
398075 7.55179e+006 -280.33
398075 7.55179e+006 -280.283
398075 7.55179e+006 -280.33
398075 7.55179e+006 -280.332
398075 7.55179e+006 -280.332
398075 7.55179e+006 -280.285
398075 7.55179e+006 -280.283
398075 7.55179e+006 -280.475
398075 7.55179e+006 -280.522
398075 7.55179e+006 -280.523
398075 7.55179e+006 -280.523
398075 7.55179e+006 -280.476
398075 7.55179e+006 -280.475
398075 7.55179e+006 -280.441
398075 7.55179e+006 -280.475
398075 7.55179e+006 -280.476
398075 7.55179e+006 -280.476
398075 7.55179e+006 -280.442
398075 7.55179e+006 -280.441
398075 7.55179e+006 -280.428
398075 7.55179e+006 -280.441
398075 7.55179e+006 -280.442
398075 7.55179e+006 -280.442
398075 7.55179e+006 -280.429
398075 7.55179e+006 -280.428
398075 7.55179e+006 -280.441
398075 7.55179e+006 -280.428
398075 7.55179e+006 -280.429
398075 7.55179e+006 -280.429
398075 7.55179e+006 -280.442
398075 7.55179e+006 -280.441
398075 7.55179e+006 -280.475
398075 7.55179e+006 -280.441
398075 7.55179e+006 -280.442
398075 7.55179e+006 -280.442
398075 7.55179e+006 -280.476
398075 7.55179e+006 -280.475
398075 7.55179e+006 -280.522
398075 7.55179e+006 -280.475
398075 7.55179e+006 -280.476
398075 7.55179e+006 -280.476
398075 7.55179e+006 -280.523
398075 7.55179e+006 -280.522
398075 7.55179e+006 -280.569
398075 7.55179e+006 -280.522
398075 7.55179e+006 -280.523
398075 7.55179e+006 -280.523
398075 7.55179e+006 -280.57
398075 7.55179e+006 -280.569
398075 7.55179e+006 -280.604
398075 7.55179e+006 -280.569
398075 7.55179e+006 -280.57
398075 7.55179e+006 -280.57
398075 7.55179e+006 -280.605
398075 7.55179e+006 -280.604
398075 7.55179e+006 -280.616
398075 7.55179e+006 -280.604
398075 7.55179e+006 -280.605
398075 7.55179e+006 -280.605
398075 7.55179e+006 -280.617
398075 7.55179e+006 -280.616
398075 7.55179e+006 -280.604
398075 7.55179e+006 -280.616
398075 7.55179e+006 -280.617
398075 7.55179e+006 -280.617
398075 7.55179e+006 -280.605
398075 7.55179e+006 -280.604
398075 7.55179e+006 -280.569
398075 7.55179e+006 -280.604
398075 7.55179e+006 -280.605
398075 7.55179e+006 -280.605
398075 7.55179e+006 -280.57
398075 7.55179e+006 -280.569
398075 7.55179e+006 -280.522
398075 7.55179e+006 -280.569
398075 7.55179e+006 -280.57
398075 7.55179e+006 -280.57
398075 7.55179e+006 -280.523
398075 7.55179e+006 -280.522
