400536 7.55246e+006 21.214
400536 7.55246e+006 21.214
400541 7.55246e+006 21.214
400541 7.55246e+006 21.214
400541 7.55246e+006 21.214
400536 7.55246e+006 21.214
400536 7.55246e+006 23.6469
400541 7.55246e+006 23.6469
400541 7.55246e+006 23.6469
400541 7.55246e+006 23.6469
400536 7.55246e+006 23.6469
400536 7.55246e+006 23.6469
400536 7.55246e+006 23.6469
400541 7.55246e+006 23.6469
400541 7.55246e+006 21.214
400541 7.55246e+006 21.214
400536 7.55246e+006 21.214
400536 7.55246e+006 23.6469
400536 7.55246e+006 23.6469
400536 7.55246e+006 23.6469
400536 7.55246e+006 21.214
400536 7.55246e+006 21.214
400536 7.55246e+006 21.214
400536 7.55246e+006 23.6469
400541 7.55246e+006 23.6469
400536 7.55246e+006 23.6469
400536 7.55246e+006 21.214
400536 7.55246e+006 21.214
400541 7.55246e+006 21.214
400541 7.55246e+006 23.6469
400541 7.55246e+006 23.6469
400541 7.55246e+006 23.6469
400541 7.55246e+006 21.214
400541 7.55246e+006 21.214
400541 7.55246e+006 21.214
400541 7.55246e+006 23.6469
