400429 7.55244e+006 29.6472
400429 7.55244e+006 29.3557
400429 7.55244e+006 29.3558
400429 7.55244e+006 29.3558
400429 7.55244e+006 29.6575
400429 7.55244e+006 29.6472
400429 7.55244e+006 29.647
400429 7.55244e+006 29.3556
400429 7.55244e+006 29.3557
400429 7.55244e+006 29.3557
400429 7.55244e+006 29.6472
400429 7.55244e+006 29.647
400429 7.55244e+006 29.6571
400429 7.55244e+006 29.3555
400429 7.55244e+006 29.3556
400429 7.55244e+006 29.3556
400429 7.55244e+006 29.647
400429 7.55244e+006 29.6571
400429 7.55244e+006 29.6674
400429 7.55244e+006 29.3556
400429 7.55244e+006 29.3555
400429 7.55244e+006 29.3555
400429 7.55244e+006 29.6571
400429 7.55244e+006 29.6674
400429 7.55244e+006 29.6676
400429 7.55244e+006 29.3557
400429 7.55244e+006 29.3556
400429 7.55244e+006 29.3556
400429 7.55244e+006 29.6674
400429 7.55244e+006 29.6676
400429 7.55244e+006 29.6575
400429 7.55244e+006 29.3558
400429 7.55244e+006 29.3557
400429 7.55244e+006 29.3557
400429 7.55244e+006 29.6676
400429 7.55244e+006 29.6575
400429 7.55244e+006 29.6613
400429 7.55244e+006 29.6472
400429 7.55244e+006 29.6575
400429 7.55244e+006 29.6575
400429 7.55244e+006 29.686
400429 7.55244e+006 29.6613
400429 7.55244e+006 29.6611
400429 7.55244e+006 29.647
400429 7.55244e+006 29.6472
400429 7.55244e+006 29.6472
400429 7.55244e+006 29.6613
400429 7.55244e+006 29.6611
400429 7.55244e+006 29.6857
400429 7.55244e+006 29.6571
400429 7.55244e+006 29.647
400429 7.55244e+006 29.647
400429 7.55244e+006 29.6611
400429 7.55244e+006 29.6857
400429 7.55244e+006 29.7104
400429 7.55244e+006 29.6674
400429 7.55244e+006 29.6571
400429 7.55244e+006 29.6571
400429 7.55244e+006 29.6857
400429 7.55244e+006 29.7104
400429 7.55244e+006 29.7106
400429 7.55244e+006 29.6676
400429 7.55244e+006 29.6674
400429 7.55244e+006 29.6674
400429 7.55244e+006 29.7104
400429 7.55244e+006 29.7106
400429 7.55244e+006 29.686
400429 7.55244e+006 29.6575
400429 7.55244e+006 29.6676
400429 7.55244e+006 29.6676
400429 7.55244e+006 29.7106
400429 7.55244e+006 29.686
400429 7.55244e+006 29.6627
400429 7.55244e+006 29.6613
400429 7.55244e+006 29.686
400429 7.55244e+006 29.686
400429 7.55244e+006 29.6874
400429 7.55244e+006 29.6627
400429 7.55244e+006 29.6625
400429 7.55244e+006 29.6611
400429 7.55244e+006 29.6613
400429 7.55244e+006 29.6613
400429 7.55244e+006 29.6627
400429 7.55244e+006 29.6625
400429 7.55244e+006 29.6871
400429 7.55244e+006 29.6857
400429 7.55244e+006 29.6611
400429 7.55244e+006 29.6611
400429 7.55244e+006 29.6625
400429 7.55244e+006 29.6871
400429 7.55244e+006 29.7118
400429 7.55244e+006 29.7104
400429 7.55244e+006 29.6857
400429 7.55244e+006 29.6857
400429 7.55244e+006 29.6871
400429 7.55244e+006 29.7118
400429 7.55244e+006 29.712
400429 7.55244e+006 29.7106
400429 7.55244e+006 29.7104
400429 7.55244e+006 29.7104
400429 7.55244e+006 29.7118
400429 7.55244e+006 29.712
400429 7.55244e+006 29.6874
400429 7.55244e+006 29.686
400429 7.55244e+006 29.7106
400429 7.55244e+006 29.7106
400429 7.55244e+006 29.712
400429 7.55244e+006 29.6874
400429 7.55244e+006 29.7057
400429 7.55244e+006 29.6627
400429 7.55244e+006 29.6874
400429 7.55244e+006 29.6874
400429 7.55244e+006 29.7159
400429 7.55244e+006 29.7057
400429 7.55244e+006 29.7055
400429 7.55244e+006 29.6625
400429 7.55244e+006 29.6627
400429 7.55244e+006 29.6627
400429 7.55244e+006 29.7057
400429 7.55244e+006 29.7055
400429 7.55244e+006 29.7156
400429 7.55244e+006 29.6871
400429 7.55244e+006 29.6625
400429 7.55244e+006 29.6625
400429 7.55244e+006 29.7055
400429 7.55244e+006 29.7156
400429 7.55244e+006 29.7259
400429 7.55244e+006 29.7118
400429 7.55244e+006 29.6871
400429 7.55244e+006 29.6871
400429 7.55244e+006 29.7156
400429 7.55244e+006 29.7259
400429 7.55244e+006 29.7261
400429 7.55244e+006 29.712
400429 7.55244e+006 29.7118
400429 7.55244e+006 29.7118
400429 7.55244e+006 29.7259
400429 7.55244e+006 29.7261
400429 7.55244e+006 29.7159
400429 7.55244e+006 29.6874
400429 7.55244e+006 29.712
400429 7.55244e+006 29.712
400429 7.55244e+006 29.7261
400429 7.55244e+006 29.7159
400429 7.55244e+006 31.896
400429 7.55244e+006 29.7057
400429 7.55244e+006 29.7159
400429 7.55244e+006 29.7159
400429 7.55244e+006 31.9028
400429 7.55244e+006 31.896
400429 7.55244e+006 31.8841
400429 7.55244e+006 29.7055
400429 7.55244e+006 29.7057
400429 7.55244e+006 29.7057
400429 7.55244e+006 31.896
400429 7.55244e+006 31.8841
400429 7.55244e+006 31.8789
400429 7.55244e+006 29.7156
400429 7.55244e+006 29.7055
400429 7.55244e+006 29.7055
400429 7.55244e+006 31.8841
400429 7.55244e+006 31.8789
400429 7.55244e+006 31.8857
400429 7.55244e+006 29.7259
400429 7.55244e+006 29.7156
400429 7.55244e+006 29.7156
400429 7.55244e+006 31.8789
400429 7.55244e+006 31.8857
400429 7.55244e+006 31.8976
400429 7.55244e+006 29.7261
400429 7.55244e+006 29.7259
400429 7.55244e+006 29.7259
400429 7.55244e+006 31.8857
400429 7.55244e+006 31.8976
400429 7.55244e+006 31.9028
400429 7.55244e+006 29.7159
400429 7.55244e+006 29.7261
400429 7.55244e+006 29.7261
400429 7.55244e+006 31.8976
400429 7.55244e+006 31.9028
400429 7.55244e+006 31.9314
400429 7.55244e+006 31.896
400429 7.55244e+006 31.9028
400429 7.55244e+006 31.9028
400429 7.55244e+006 31.9476
400429 7.55244e+006 31.9314
400429 7.55244e+006 31.903
400429 7.55244e+006 31.8841
400429 7.55244e+006 31.896
400429 7.55244e+006 31.896
400429 7.55244e+006 31.9314
400429 7.55244e+006 31.903
400429 7.55244e+006 31.8907
400429 7.55244e+006 31.8789
400429 7.55244e+006 31.8841
400429 7.55244e+006 31.8841
400429 7.55244e+006 31.903
400429 7.55244e+006 31.8907
400429 7.55244e+006 31.9069
400429 7.55244e+006 31.8857
400429 7.55244e+006 31.8789
400429 7.55244e+006 31.8789
400429 7.55244e+006 31.8907
400429 7.55244e+006 31.9069
400429 7.55244e+006 31.9353
400429 7.55244e+006 31.8976
400429 7.55244e+006 31.8857
400429 7.55244e+006 31.8857
400429 7.55244e+006 31.9069
400429 7.55244e+006 31.9353
400429 7.55244e+006 31.9476
400429 7.55244e+006 31.9028
400429 7.55244e+006 31.8976
400429 7.55244e+006 31.8976
400429 7.55244e+006 31.9353
400429 7.55244e+006 31.9476
400428 7.55244e+006 31.9223
400429 7.55244e+006 31.9314
400429 7.55244e+006 31.9476
400429 7.55244e+006 31.9476
400428 7.55244e+006 31.9384
400428 7.55244e+006 31.9223
400428 7.55244e+006 31.894
400429 7.55244e+006 31.903
400429 7.55244e+006 31.9314
400429 7.55244e+006 31.9314
400428 7.55244e+006 31.9223
400428 7.55244e+006 31.894
400428 7.55244e+006 31.8818
400429 7.55244e+006 31.8907
400429 7.55244e+006 31.903
400429 7.55244e+006 31.903
400428 7.55244e+006 31.894
400428 7.55244e+006 31.8818
400428 7.55244e+006 31.8979
400429 7.55244e+006 31.9069
400429 7.55244e+006 31.8907
400429 7.55244e+006 31.8907
400428 7.55244e+006 31.8818
400428 7.55244e+006 31.8979
400428 7.55244e+006 31.9262
400429 7.55244e+006 31.9353
400429 7.55244e+006 31.9069
400429 7.55244e+006 31.9069
400428 7.55244e+006 31.8979
400428 7.55244e+006 31.9262
400428 7.55244e+006 31.9384
400429 7.55244e+006 31.9476
400429 7.55244e+006 31.9353
400429 7.55244e+006 31.9353
400428 7.55244e+006 31.9262
400428 7.55244e+006 31.9384
400428 7.55244e+006 31.8865
400428 7.55244e+006 31.9223
400428 7.55244e+006 31.9384
400428 7.55244e+006 31.9384
400428 7.55244e+006 31.8931
400428 7.55244e+006 31.8865
400428 7.55244e+006 31.8749
400428 7.55244e+006 31.894
400428 7.55244e+006 31.9223
400428 7.55244e+006 31.9223
400428 7.55244e+006 31.8865
400428 7.55244e+006 31.8749
400428 7.55244e+006 31.8699
400428 7.55244e+006 31.8818
400428 7.55244e+006 31.894
400428 7.55244e+006 31.894
400428 7.55244e+006 31.8749
400428 7.55244e+006 31.8699
400428 7.55244e+006 31.8765
400428 7.55244e+006 31.8979
400428 7.55244e+006 31.8818
400428 7.55244e+006 31.8818
400428 7.55244e+006 31.8699
400428 7.55244e+006 31.8765
400428 7.55244e+006 31.8881
400428 7.55244e+006 31.9262
400428 7.55244e+006 31.8979
400428 7.55244e+006 31.8979
400428 7.55244e+006 31.8765
400428 7.55244e+006 31.8881
400428 7.55244e+006 31.8931
400428 7.55244e+006 31.9384
400428 7.55244e+006 31.9262
400428 7.55244e+006 31.9262
400428 7.55244e+006 31.8881
400428 7.55244e+006 31.8931
400428 7.55244e+006 18.841
400428 7.55244e+006 31.8865
400428 7.55244e+006 31.8931
400428 7.55244e+006 31.8931
400428 7.55244e+006 18.8409
400428 7.55244e+006 18.841
400428 7.55244e+006 18.8411
400428 7.55244e+006 31.8749
400428 7.55244e+006 31.8865
400428 7.55244e+006 31.8865
400428 7.55244e+006 18.841
400428 7.55244e+006 18.8411
400428 7.55244e+006 18.8412
400428 7.55244e+006 31.8699
400428 7.55244e+006 31.8749
400428 7.55244e+006 31.8749
400428 7.55244e+006 18.8411
400428 7.55244e+006 18.8412
400428 7.55244e+006 18.8411
400428 7.55244e+006 31.8765
400428 7.55244e+006 31.8699
400428 7.55244e+006 31.8699
400428 7.55244e+006 18.8412
400428 7.55244e+006 18.8411
400428 7.55244e+006 18.841
400428 7.55244e+006 31.8881
400428 7.55244e+006 31.8765
400428 7.55244e+006 31.8765
400428 7.55244e+006 18.8411
400428 7.55244e+006 18.841
400428 7.55244e+006 18.8409
400428 7.55244e+006 31.8931
400428 7.55244e+006 31.8881
400428 7.55244e+006 31.8881
400428 7.55244e+006 18.841
400428 7.55244e+006 18.8409
400429 7.55244e+006 29.3556
400429 7.55244e+006 29.3557
400429 7.55244e+006 29.3558
400429 7.55244e+006 29.3555
400429 7.55244e+006 29.3556
400429 7.55244e+006 29.3558
400429 7.55244e+006 29.3556
400429 7.55244e+006 29.3555
400429 7.55244e+006 29.3558
400429 7.55244e+006 29.3557
400429 7.55244e+006 29.3556
400429 7.55244e+006 29.3558
400428 7.55244e+006 18.8411
400428 7.55244e+006 18.841
400428 7.55244e+006 18.8409
400428 7.55244e+006 18.8409
400428 7.55244e+006 18.8411
400428 7.55244e+006 18.8412
400428 7.55244e+006 18.8412
400428 7.55244e+006 18.8411
400428 7.55244e+006 18.8409
400428 7.55244e+006 18.841
400428 7.55244e+006 18.8411
400428 7.55244e+006 18.8409
400429 7.55244e+006 29.6485
400429 7.55244e+006 29.6588
400429 7.55244e+006 29.3571
400429 7.55244e+006 29.3571
400429 7.55244e+006 29.3571
400429 7.55244e+006 29.6485
400429 7.55244e+006 29.6484
400429 7.55244e+006 29.6485
400429 7.55244e+006 29.3571
400429 7.55244e+006 29.3571
400429 7.55244e+006 29.3569
400429 7.55244e+006 29.6484
400429 7.55244e+006 29.6585
400429 7.55244e+006 29.6484
400429 7.55244e+006 29.3569
400429 7.55244e+006 29.3569
400429 7.55244e+006 29.3568
400429 7.55244e+006 29.6585
400429 7.55244e+006 29.6688
400429 7.55244e+006 29.6585
400429 7.55244e+006 29.3568
400429 7.55244e+006 29.3568
400429 7.55244e+006 29.3569
400429 7.55244e+006 29.6688
400429 7.55244e+006 29.6689
400429 7.55244e+006 29.6688
400429 7.55244e+006 29.3569
400429 7.55244e+006 29.3569
400429 7.55244e+006 29.3571
400429 7.55244e+006 29.6689
400429 7.55244e+006 29.6588
400429 7.55244e+006 29.6689
400429 7.55244e+006 29.3571
400429 7.55244e+006 29.3571
400429 7.55244e+006 29.3571
400429 7.55244e+006 29.6588
400429 7.55244e+006 29.6626
400429 7.55244e+006 29.6873
400429 7.55244e+006 29.6588
400429 7.55244e+006 29.6588
400429 7.55244e+006 29.6485
400429 7.55244e+006 29.6626
400429 7.55244e+006 29.6625
400429 7.55244e+006 29.6626
400429 7.55244e+006 29.6485
400429 7.55244e+006 29.6485
400429 7.55244e+006 29.6484
400429 7.55244e+006 29.6625
400429 7.55244e+006 29.687
400429 7.55244e+006 29.6625
400429 7.55244e+006 29.6484
400429 7.55244e+006 29.6484
400429 7.55244e+006 29.6585
400429 7.55244e+006 29.687
400429 7.55244e+006 29.7117
400429 7.55244e+006 29.687
400429 7.55244e+006 29.6585
400429 7.55244e+006 29.6585
400429 7.55244e+006 29.6688
400429 7.55244e+006 29.7117
400429 7.55244e+006 29.7119
400429 7.55244e+006 29.7117
400429 7.55244e+006 29.6688
400429 7.55244e+006 29.6688
400429 7.55244e+006 29.6689
400429 7.55244e+006 29.7119
400429 7.55244e+006 29.6873
400429 7.55244e+006 29.7119
400429 7.55244e+006 29.6689
400429 7.55244e+006 29.6689
400429 7.55244e+006 29.6588
400429 7.55244e+006 29.6873
400429 7.55244e+006 29.664
400429 7.55244e+006 29.6888
400429 7.55244e+006 29.6873
400429 7.55244e+006 29.6873
400429 7.55244e+006 29.6626
400429 7.55244e+006 29.664
400429 7.55244e+006 29.6639
400429 7.55244e+006 29.664
400429 7.55244e+006 29.6626
400429 7.55244e+006 29.6626
400429 7.55244e+006 29.6625
400429 7.55244e+006 29.6639
400429 7.55244e+006 29.6884
400429 7.55244e+006 29.6639
400429 7.55244e+006 29.6625
400429 7.55244e+006 29.6625
400429 7.55244e+006 29.687
400429 7.55244e+006 29.6884
400429 7.55244e+006 29.7131
400429 7.55244e+006 29.6884
400429 7.55244e+006 29.687
400429 7.55244e+006 29.687
400429 7.55244e+006 29.7117
400429 7.55244e+006 29.7131
400429 7.55244e+006 29.7133
400429 7.55244e+006 29.7131
400429 7.55244e+006 29.7117
400429 7.55244e+006 29.7117
400429 7.55244e+006 29.7119
400429 7.55244e+006 29.7133
400429 7.55244e+006 29.6888
400429 7.55244e+006 29.7133
400429 7.55244e+006 29.7119
400429 7.55244e+006 29.7119
400429 7.55244e+006 29.6873
400429 7.55244e+006 29.6888
400429 7.55244e+006 29.707
400429 7.55244e+006 29.7173
400429 7.55244e+006 29.6888
400429 7.55244e+006 29.6888
400429 7.55244e+006 29.664
400429 7.55244e+006 29.707
400429 7.55244e+006 29.7068
400429 7.55244e+006 29.707
400429 7.55244e+006 29.664
400429 7.55244e+006 29.664
400429 7.55244e+006 29.6639
400429 7.55244e+006 29.7068
400429 7.55244e+006 29.717
400429 7.55244e+006 29.7068
400429 7.55244e+006 29.6639
400429 7.55244e+006 29.6639
400429 7.55244e+006 29.6884
400429 7.55244e+006 29.717
400429 7.55244e+006 29.7272
400429 7.55244e+006 29.717
400429 7.55244e+006 29.6884
400429 7.55244e+006 29.6884
400429 7.55244e+006 29.7131
400429 7.55244e+006 29.7272
400429 7.55244e+006 29.7274
400429 7.55244e+006 29.7272
400429 7.55244e+006 29.7131
400429 7.55244e+006 29.7131
400429 7.55244e+006 29.7133
400429 7.55244e+006 29.7274
400429 7.55244e+006 29.7173
400429 7.55244e+006 29.7274
400429 7.55244e+006 29.7133
400429 7.55244e+006 29.7133
400429 7.55244e+006 29.6888
400429 7.55244e+006 29.7173
400429 7.55244e+006 31.9525
400429 7.55244e+006 31.9593
400429 7.55244e+006 29.7173
400429 7.55244e+006 29.7173
400429 7.55244e+006 29.707
400429 7.55244e+006 31.9525
400429 7.55244e+006 31.9406
400429 7.55244e+006 31.9525
400429 7.55244e+006 29.707
400429 7.55244e+006 29.707
400429 7.55244e+006 29.7068
400429 7.55244e+006 31.9406
400429 7.55244e+006 31.9354
400429 7.55244e+006 31.9406
400429 7.55244e+006 29.7068
400429 7.55244e+006 29.7068
400429 7.55244e+006 29.717
400429 7.55244e+006 31.9354
400429 7.55244e+006 31.9422
400429 7.55244e+006 31.9354
400429 7.55244e+006 29.717
400429 7.55244e+006 29.717
400429 7.55244e+006 29.7272
400429 7.55244e+006 31.9422
400429 7.55244e+006 31.9541
400429 7.55244e+006 31.9422
400429 7.55244e+006 29.7272
400429 7.55244e+006 29.7272
400429 7.55244e+006 29.7274
400429 7.55244e+006 31.9541
400429 7.55244e+006 31.9593
400429 7.55244e+006 31.9541
400429 7.55244e+006 29.7274
400429 7.55244e+006 29.7274
400429 7.55244e+006 29.7173
400429 7.55244e+006 31.9593
400429 7.55244e+006 31.9879
400429 7.55244e+006 32.0041
400429 7.55244e+006 31.9593
400429 7.55244e+006 31.9593
400429 7.55244e+006 31.9525
400429 7.55244e+006 31.9879
400429 7.55244e+006 31.9595
400429 7.55244e+006 31.9879
400429 7.55244e+006 31.9525
400429 7.55244e+006 31.9525
400429 7.55244e+006 31.9406
400429 7.55244e+006 31.9595
400429 7.55244e+006 31.9472
400429 7.55244e+006 31.9595
400429 7.55244e+006 31.9406
400429 7.55244e+006 31.9406
400429 7.55244e+006 31.9354
400429 7.55244e+006 31.9472
400429 7.55244e+006 31.9634
400429 7.55244e+006 31.9472
400429 7.55244e+006 31.9354
400429 7.55244e+006 31.9354
400429 7.55244e+006 31.9422
400429 7.55244e+006 31.9634
400429 7.55244e+006 31.9918
400429 7.55244e+006 31.9634
400429 7.55244e+006 31.9422
400429 7.55244e+006 31.9422
400429 7.55244e+006 31.9541
400429 7.55244e+006 31.9918
400429 7.55244e+006 32.0041
400429 7.55244e+006 31.9918
400429 7.55244e+006 31.9541
400429 7.55244e+006 31.9541
400429 7.55244e+006 31.9593
400429 7.55244e+006 32.0041
400428 7.55244e+006 31.9814
400428 7.55244e+006 31.9975
400429 7.55244e+006 32.0041
400429 7.55244e+006 32.0041
400429 7.55244e+006 31.9879
400428 7.55244e+006 31.9814
400428 7.55244e+006 31.953
400428 7.55244e+006 31.9814
400429 7.55244e+006 31.9879
400429 7.55244e+006 31.9879
400429 7.55244e+006 31.9595
400428 7.55244e+006 31.953
400428 7.55244e+006 31.9408
400428 7.55244e+006 31.953
400429 7.55244e+006 31.9595
400429 7.55244e+006 31.9595
400429 7.55244e+006 31.9472
400428 7.55244e+006 31.9408
400428 7.55244e+006 31.9569
400428 7.55244e+006 31.9408
400429 7.55244e+006 31.9472
400429 7.55244e+006 31.9472
400429 7.55244e+006 31.9634
400428 7.55244e+006 31.9569
400428 7.55244e+006 31.9852
400428 7.55244e+006 31.9569
400429 7.55244e+006 31.9634
400429 7.55244e+006 31.9634
400429 7.55244e+006 31.9918
400428 7.55244e+006 31.9852
400428 7.55244e+006 31.9975
400428 7.55244e+006 31.9852
400429 7.55244e+006 31.9918
400429 7.55244e+006 31.9918
400429 7.55244e+006 32.0041
400428 7.55244e+006 31.9975
400428 7.55244e+006 31.9455
400428 7.55244e+006 31.9521
400428 7.55244e+006 31.9975
400428 7.55244e+006 31.9975
400428 7.55244e+006 31.9814
400428 7.55244e+006 31.9455
400428 7.55244e+006 31.9339
400428 7.55244e+006 31.9455
400428 7.55244e+006 31.9814
400428 7.55244e+006 31.9814
400428 7.55244e+006 31.953
400428 7.55244e+006 31.9339
400428 7.55244e+006 31.9289
400428 7.55244e+006 31.9339
400428 7.55244e+006 31.953
400428 7.55244e+006 31.953
400428 7.55244e+006 31.9408
400428 7.55244e+006 31.9289
400428 7.55244e+006 31.9355
400428 7.55244e+006 31.9289
400428 7.55244e+006 31.9408
400428 7.55244e+006 31.9408
400428 7.55244e+006 31.9569
400428 7.55244e+006 31.9355
400428 7.55244e+006 31.9471
400428 7.55244e+006 31.9355
400428 7.55244e+006 31.9569
400428 7.55244e+006 31.9569
400428 7.55244e+006 31.9852
400428 7.55244e+006 31.9471
400428 7.55244e+006 31.9521
400428 7.55244e+006 31.9471
400428 7.55244e+006 31.9852
400428 7.55244e+006 31.9852
400428 7.55244e+006 31.9975
400428 7.55244e+006 31.9521
400428 7.55244e+006 29.6963
400428 7.55244e+006 29.6989
400428 7.55244e+006 31.9521
400428 7.55244e+006 31.9521
400428 7.55244e+006 31.9455
400428 7.55244e+006 29.6963
400428 7.55244e+006 29.705
400428 7.55244e+006 29.6963
400428 7.55244e+006 31.9455
400428 7.55244e+006 31.9455
400428 7.55244e+006 31.9339
400428 7.55244e+006 29.705
400428 7.55244e+006 29.7163
400428 7.55244e+006 29.705
400428 7.55244e+006 31.9339
400428 7.55244e+006 31.9339
400428 7.55244e+006 31.9289
400428 7.55244e+006 29.7163
400428 7.55244e+006 29.7188
400428 7.55244e+006 29.7163
400428 7.55244e+006 31.9289
400428 7.55244e+006 31.9289
400428 7.55244e+006 31.9355
400428 7.55244e+006 29.7188
400428 7.55244e+006 29.7101
400428 7.55244e+006 29.7188
400428 7.55244e+006 31.9355
400428 7.55244e+006 31.9355
400428 7.55244e+006 31.9471
400428 7.55244e+006 29.7101
400428 7.55244e+006 29.6989
400428 7.55244e+006 29.7101
400428 7.55244e+006 31.9471
400428 7.55244e+006 31.9471
400428 7.55244e+006 31.9521
400428 7.55244e+006 29.6989
400428 7.55244e+006 29.6516
400428 7.55244e+006 29.6579
400428 7.55244e+006 29.6989
400428 7.55244e+006 29.6989
400428 7.55244e+006 29.6963
400428 7.55244e+006 29.6516
400428 7.55244e+006 29.6725
400428 7.55244e+006 29.6516
400428 7.55244e+006 29.6963
400428 7.55244e+006 29.6963
400428 7.55244e+006 29.705
400428 7.55244e+006 29.6725
400428 7.55244e+006 29.6997
400428 7.55244e+006 29.6725
400428 7.55244e+006 29.705
400428 7.55244e+006 29.705
400428 7.55244e+006 29.7163
400428 7.55244e+006 29.6997
400428 7.55244e+006 29.7061
400428 7.55244e+006 29.6997
400428 7.55244e+006 29.7163
400428 7.55244e+006 29.7163
400428 7.55244e+006 29.7188
400428 7.55244e+006 29.7061
400428 7.55244e+006 29.6852
400428 7.55244e+006 29.7061
400428 7.55244e+006 29.7188
400428 7.55244e+006 29.7188
400428 7.55244e+006 29.7101
400428 7.55244e+006 29.6852
400428 7.55244e+006 29.6579
400428 7.55244e+006 29.6852
400428 7.55244e+006 29.7101
400428 7.55244e+006 29.7101
400428 7.55244e+006 29.6989
400428 7.55244e+006 29.6579
400429 7.55244e+006 29.6519
400429 7.55244e+006 29.6604
400428 7.55244e+006 29.6579
400428 7.55244e+006 29.6579
400428 7.55244e+006 29.6516
400429 7.55244e+006 29.6519
400429 7.55244e+006 29.6712
400429 7.55244e+006 29.6519
400428 7.55244e+006 29.6516
400428 7.55244e+006 29.6516
400428 7.55244e+006 29.6725
400429 7.55244e+006 29.6712
400429 7.55244e+006 29.699
400429 7.55244e+006 29.6712
400428 7.55244e+006 29.6725
400428 7.55244e+006 29.6725
400428 7.55244e+006 29.6997
400429 7.55244e+006 29.699
400429 7.55244e+006 29.7075
400429 7.55244e+006 29.699
400428 7.55244e+006 29.6997
400428 7.55244e+006 29.6997
400428 7.55244e+006 29.7061
400429 7.55244e+006 29.7075
400429 7.55244e+006 29.6882
400429 7.55244e+006 29.7075
400428 7.55244e+006 29.7061
400428 7.55244e+006 29.7061
400428 7.55244e+006 29.6852
400429 7.55244e+006 29.6882
400429 7.55244e+006 29.6604
400429 7.55244e+006 29.6882
400428 7.55244e+006 29.6852
400428 7.55244e+006 29.6852
400428 7.55244e+006 29.6579
400429 7.55244e+006 29.6604
400429 7.55244e+006 29.6491
400429 7.55244e+006 29.6597
400429 7.55244e+006 29.6604
400429 7.55244e+006 29.6604
400429 7.55244e+006 29.6519
400429 7.55244e+006 29.6491
400429 7.55244e+006 29.6666
400429 7.55244e+006 29.6491
400429 7.55244e+006 29.6519
400429 7.55244e+006 29.6519
400429 7.55244e+006 29.6712
400429 7.55244e+006 29.6666
400429 7.55244e+006 29.6948
400429 7.55244e+006 29.6666
400429 7.55244e+006 29.6712
400429 7.55244e+006 29.6712
400429 7.55244e+006 29.699
400429 7.55244e+006 29.6948
400429 7.55244e+006 29.7054
400429 7.55244e+006 29.6948
400429 7.55244e+006 29.699
400429 7.55244e+006 29.699
400429 7.55244e+006 29.7075
400429 7.55244e+006 29.7054
400429 7.55244e+006 29.6879
400429 7.55244e+006 29.7054
400429 7.55244e+006 29.7075
400429 7.55244e+006 29.7075
400429 7.55244e+006 29.6882
400429 7.55244e+006 29.6879
400429 7.55244e+006 29.6597
400429 7.55244e+006 29.6879
400429 7.55244e+006 29.6882
400429 7.55244e+006 29.6882
400429 7.55244e+006 29.6604
400429 7.55244e+006 29.6597
400429 7.55244e+006 29.6371
400429 7.55244e+006 29.6414
400429 7.55244e+006 29.6597
400429 7.55244e+006 29.6597
400429 7.55244e+006 29.6491
400429 7.55244e+006 29.6371
400429 7.55244e+006 29.6444
400429 7.55244e+006 29.6371
400429 7.55244e+006 29.6491
400429 7.55244e+006 29.6491
400429 7.55244e+006 29.6666
400429 7.55244e+006 29.6444
400429 7.55244e+006 29.656
400429 7.55244e+006 29.6444
400429 7.55244e+006 29.6666
400429 7.55244e+006 29.6666
400429 7.55244e+006 29.6948
400429 7.55244e+006 29.656
400429 7.55244e+006 29.6604
400429 7.55244e+006 29.656
400429 7.55244e+006 29.6948
400429 7.55244e+006 29.6948
400429 7.55244e+006 29.7054
400429 7.55244e+006 29.6604
400429 7.55244e+006 29.653
400429 7.55244e+006 29.6604
400429 7.55244e+006 29.7054
400429 7.55244e+006 29.7054
400429 7.55244e+006 29.6879
400429 7.55244e+006 29.653
400429 7.55244e+006 29.6414
400429 7.55244e+006 29.653
400429 7.55244e+006 29.6879
400429 7.55244e+006 29.6879
400429 7.55244e+006 29.6597
400429 7.55244e+006 29.6414
400429 7.55244e+006 18.8461
400429 7.55244e+006 18.8459
400429 7.55244e+006 29.6414
400429 7.55244e+006 29.6414
400429 7.55244e+006 29.6371
400429 7.55244e+006 18.8461
400429 7.55244e+006 18.8462
400429 7.55244e+006 18.8461
400429 7.55244e+006 29.6371
400429 7.55244e+006 29.6371
400429 7.55244e+006 29.6444
400429 7.55244e+006 18.8462
400429 7.55244e+006 18.8462
400429 7.55244e+006 18.8462
400429 7.55244e+006 29.6444
400429 7.55244e+006 29.6444
400429 7.55244e+006 29.656
400429 7.55244e+006 18.8462
400429 7.55244e+006 18.846
400429 7.55244e+006 18.8462
400429 7.55244e+006 29.656
400429 7.55244e+006 29.656
400429 7.55244e+006 29.6604
400429 7.55244e+006 18.846
400429 7.55244e+006 18.8459
400429 7.55244e+006 18.846
400429 7.55244e+006 29.6604
400429 7.55244e+006 29.6604
400429 7.55244e+006 29.653
400429 7.55244e+006 18.8459
400429 7.55244e+006 18.8459
400429 7.55244e+006 18.8459
400429 7.55244e+006 29.653
400429 7.55244e+006 29.653
400429 7.55244e+006 29.6414
400429 7.55244e+006 18.8459
400429 7.55244e+006 29.3571
400429 7.55244e+006 29.3571
400429 7.55244e+006 29.3569
400429 7.55244e+006 29.3571
400429 7.55244e+006 29.3569
400429 7.55244e+006 29.3568
400429 7.55244e+006 29.3571
400429 7.55244e+006 29.3568
400429 7.55244e+006 29.3569
400429 7.55244e+006 29.3571
400429 7.55244e+006 29.3571
400429 7.55244e+006 29.3569
400429 7.55244e+006 18.8462
400429 7.55244e+006 18.8459
400429 7.55244e+006 18.8461
400429 7.55244e+006 18.8459
400429 7.55244e+006 18.8462
400429 7.55244e+006 18.8462
400429 7.55244e+006 18.8462
400429 7.55244e+006 18.846
400429 7.55244e+006 18.8459
400429 7.55244e+006 18.8459
400429 7.55244e+006 18.8459
400429 7.55244e+006 18.846
