400376 7.55246e+006 34.88
400376 7.55246e+006 34.88
400376 7.55246e+006 34.8453
400376 7.55246e+006 34.8453
400376 7.55246e+006 34.8453
400376 7.55246e+006 34.88
400361 7.55246e+006 34.88
400376 7.55246e+006 34.88
400376 7.55246e+006 34.8453
400376 7.55246e+006 34.8453
400361 7.55246e+006 34.8453
400361 7.55246e+006 34.88
400361 7.55246e+006 34.88
400361 7.55246e+006 34.88
400361 7.55246e+006 34.8453
400361 7.55246e+006 34.8453
400361 7.55246e+006 34.8453
400361 7.55246e+006 34.88
400376 7.55246e+006 34.88
400361 7.55246e+006 34.88
400361 7.55246e+006 34.8453
400361 7.55246e+006 34.8453
400376 7.55246e+006 34.8453
400376 7.55246e+006 34.88
400361 7.55246e+006 34.8453
400361 7.55246e+006 34.8453
400376 7.55246e+006 34.8453
400376 7.55246e+006 34.8453
400376 7.55246e+006 34.8453
400361 7.55246e+006 34.8453
400357 7.55246e+006 31.3172
400357 7.55246e+006 31.2772
400389 7.55246e+006 31.2772
400389 7.55246e+006 31.2772
400389 7.55246e+006 31.3172
400357 7.55246e+006 31.3172
400354 7.55248e+006 31.3172
400357 7.55248e+006 31.3172
400357 7.55248e+006 31.2772
400357 7.55248e+006 31.2772
400354 7.55248e+006 31.2772
400354 7.55248e+006 31.3172
400357 7.55247e+006 31.3172
400357 7.55247e+006 31.3172
400357 7.55247e+006 31.2772
400357 7.55247e+006 31.2772
400357 7.55247e+006 31.2772
400357 7.55247e+006 31.3172
400354 7.55247e+006 31.3172
400354 7.55247e+006 31.2772
400357 7.55247e+006 31.2772
400357 7.55247e+006 31.2772
400357 7.55247e+006 31.3172
400354 7.55247e+006 31.3172
400389 7.55247e+006 31.3172
400389 7.55247e+006 31.2772
400389 7.55247e+006 31.2772
400389 7.55247e+006 31.2772
400389 7.55247e+006 31.3172
400389 7.55247e+006 31.3172
400357 7.55246e+006 31.3172
400357 7.55246e+006 31.3172
400357 7.55246e+006 31.2772
400357 7.55246e+006 31.2772
400357 7.55246e+006 31.2772
400357 7.55246e+006 31.3172
400355 7.55246e+006 31.3172
400355 7.55246e+006 31.2772
400357 7.55246e+006 31.2772
400357 7.55246e+006 31.2772
400357 7.55246e+006 31.3172
400355 7.55246e+006 31.3172
400355 7.55247e+006 31.3172
400355 7.55247e+006 31.2772
400355 7.55246e+006 31.2772
400355 7.55246e+006 31.2772
400355 7.55246e+006 31.3172
400355 7.55247e+006 31.3172
400354 7.55247e+006 31.2772
400354 7.55248e+006 31.2772
400357 7.55248e+006 31.2772
400357 7.55248e+006 31.2772
400357 7.55247e+006 31.2772
400354 7.55247e+006 31.2772
400389 7.55246e+006 31.2772
400357 7.55246e+006 31.2772
400357 7.55246e+006 31.2772
400357 7.55246e+006 31.2772
400389 7.55247e+006 31.2772
400389 7.55246e+006 31.2772
400389 7.55248e+006 31.2772
400389 7.55247e+006 31.2772
400357 7.55247e+006 31.2772
400357 7.55247e+006 31.2772
400357 7.55248e+006 31.2772
400389 7.55248e+006 31.2772
400389 7.55247e+006 31.2772
400389 7.55247e+006 31.2772
400357 7.55247e+006 31.2772
400357 7.55247e+006 31.2772
400357 7.55247e+006 31.2772
400389 7.55247e+006 31.2772
400389 7.55247e+006 31.2772
400389 7.55247e+006 31.2772
400357 7.55246e+006 31.2772
400357 7.55246e+006 31.2772
400357 7.55247e+006 31.2772
400389 7.55247e+006 31.2772
400357 7.55246e+006 31.2772
400355 7.55246e+006 31.2772
400355 7.55247e+006 31.2772
400355 7.55247e+006 31.2772
400357 7.55247e+006 31.2772
400357 7.55246e+006 31.2772
400354 7.55247e+006 31.2772
400354 7.55247e+006 31.3172
400354 7.55248e+006 31.3172
400354 7.55248e+006 31.3172
400354 7.55248e+006 31.2772
400354 7.55247e+006 31.2772
400389 7.55247e+006 31.3172
400389 7.55246e+006 31.3172
400389 7.55246e+006 31.2772
400389 7.55246e+006 31.2772
400389 7.55247e+006 31.2772
400389 7.55247e+006 31.3172
400357 7.55248e+006 31.2772
400357 7.55248e+006 31.3172
400389 7.55248e+006 31.3172
400389 7.55248e+006 31.3172
400389 7.55248e+006 31.2772
400357 7.55248e+006 31.2772
400389 7.55248e+006 31.3172
400389 7.55247e+006 31.3172
400389 7.55247e+006 31.2772
400389 7.55247e+006 31.2772
400389 7.55248e+006 31.2772
400389 7.55248e+006 31.3172
400389 7.55247e+006 31.3172
400389 7.55247e+006 31.3172
400389 7.55247e+006 31.2772
400389 7.55247e+006 31.2772
400389 7.55247e+006 31.2772
400389 7.55247e+006 31.3172
400355 7.55247e+006 31.2772
400355 7.55247e+006 31.3172
400357 7.55247e+006 31.3172
400357 7.55247e+006 31.3172
400357 7.55247e+006 31.2772
400355 7.55247e+006 31.2772
400359 7.55243e+006 31.3096
400357 7.55243e+006 31.3096
400357 7.55243e+006 31.2853
400357 7.55243e+006 31.2853
400359 7.55243e+006 31.2853
400359 7.55243e+006 31.3096
400359 7.55245e+006 31.3096
400389 7.55245e+006 31.3096
400389 7.55245e+006 31.2853
400389 7.55245e+006 31.2853
400359 7.55245e+006 31.2853
400359 7.55245e+006 31.3096
400357 7.55243e+006 31.3096
400357 7.55245e+006 31.3096
400357 7.55245e+006 31.2853
400357 7.55245e+006 31.2853
400357 7.55243e+006 31.2853
400357 7.55243e+006 31.3096
400389 7.55245e+006 31.3096
400389 7.55243e+006 31.3096
400389 7.55243e+006 31.2853
400389 7.55243e+006 31.2853
400389 7.55245e+006 31.2853
400389 7.55245e+006 31.3096
400357 7.55243e+006 31.3096
400355 7.55243e+006 31.3096
400355 7.55243e+006 31.2853
400355 7.55243e+006 31.2853
400357 7.55243e+006 31.2853
400357 7.55243e+006 31.3096
400355 7.55243e+006 31.3096
400357 7.55243e+006 31.3096
400357 7.55243e+006 31.2853
400357 7.55243e+006 31.2853
400355 7.55243e+006 31.2853
400355 7.55243e+006 31.3096
400355 7.55243e+006 31.3096
400355 7.55243e+006 31.3096
400355 7.55243e+006 31.2853
400355 7.55243e+006 31.2853
400355 7.55243e+006 31.2853
400355 7.55243e+006 31.3096
400389 7.55243e+006 31.3096
400359 7.55243e+006 31.3096
400359 7.55243e+006 31.2853
400359 7.55243e+006 31.2853
400389 7.55243e+006 31.2853
400389 7.55243e+006 31.3096
400357 7.55245e+006 31.3096
400357 7.55245e+006 31.3096
400357 7.55245e+006 31.2852
400357 7.55245e+006 31.2852
400357 7.55245e+006 31.2853
400357 7.55245e+006 31.3096
400359 7.55245e+006 31.3096
400359 7.55245e+006 31.3096
400359 7.55245e+006 31.2853
400359 7.55245e+006 31.2853
400359 7.55245e+006 31.2852
400359 7.55245e+006 31.3096
400357 7.55245e+006 31.3096
400359 7.55245e+006 31.3096
400359 7.55245e+006 31.2852
400359 7.55245e+006 31.2852
400357 7.55245e+006 31.2852
400357 7.55245e+006 31.3096
400389 7.55243e+006 31.3096
400389 7.55243e+006 31.3096
400389 7.55243e+006 31.2853
400389 7.55243e+006 31.2853
400389 7.55243e+006 31.2853
400389 7.55243e+006 31.3096
400357 7.55245e+006 31.2853
400359 7.55245e+006 31.2853
400359 7.55243e+006 31.2853
400357 7.55243e+006 31.2853
400357 7.55245e+006 31.2853
400359 7.55243e+006 31.2853
400357 7.55243e+006 31.2853
400357 7.55243e+006 31.2853
400359 7.55243e+006 31.2853
400355 7.55243e+006 31.2853
400355 7.55243e+006 31.2853
400357 7.55243e+006 31.2853
400357 7.55243e+006 31.2853
400357 7.55243e+006 31.2853
400355 7.55243e+006 31.2853
400359 7.55245e+006 31.2853
400389 7.55245e+006 31.2853
400389 7.55243e+006 31.2853
400389 7.55243e+006 31.2853
400389 7.55243e+006 31.2853
400359 7.55243e+006 31.2853
400359 7.55245e+006 31.2853
400389 7.55243e+006 31.2853
400359 7.55243e+006 31.2853
400357 7.55245e+006 31.2853
400357 7.55245e+006 31.2852
400359 7.55245e+006 31.2852
400359 7.55245e+006 31.2852
400359 7.55245e+006 31.2853
400357 7.55245e+006 31.2853
