405410 7.55479e+006 24.4183
405410 7.55479e+006 21.7183
405411 7.55479e+006 21.7184
405411 7.55479e+006 21.7184
405411 7.55479e+006 24.4184
405410 7.55479e+006 24.4183
405403 7.55479e+006 21.7109
405403 7.55479e+006 24.4109
405404 7.5548e+006 24.4111
405404 7.5548e+006 24.4111
405404 7.5548e+006 21.7111
405403 7.55479e+006 21.7109
405410 7.55479e+006 24.4183
405403 7.55479e+006 24.4109
405403 7.55479e+006 21.7109
405403 7.55479e+006 21.7109
405410 7.55479e+006 21.7183
405410 7.55479e+006 24.4183
405411 7.55479e+006 21.7184
405404 7.5548e+006 21.7111
405404 7.5548e+006 24.4111
405404 7.5548e+006 24.4111
405411 7.55479e+006 24.4184
405411 7.55479e+006 21.7184
