405419 7.55478e+006 19.9251
405419 7.55479e+006 19.9251
405416 7.55479e+006 19.9251
405416 7.55479e+006 19.9251
405415 7.55479e+006 19.9251
405419 7.55478e+006 19.9251
405398 7.55479e+006 19.9251
405400 7.55479e+006 19.9251
405400 7.55479e+006 19.9251
405400 7.55479e+006 19.9251
405399 7.55479e+006 19.9251
405398 7.55479e+006 19.9251
405395 7.5548e+006 19.9251
405398 7.55479e+006 19.9251
405399 7.55479e+006 19.9251
405399 7.55479e+006 19.9251
405395 7.5548e+006 19.9251
405395 7.5548e+006 19.9251
405419 7.55479e+006 19.9251
405423 7.55479e+006 19.9251
405419 7.55479e+006 19.9251
405419 7.55479e+006 19.9251
405416 7.55479e+006 19.9251
405419 7.55479e+006 19.9251
405399 7.55479e+006 19.9251
405400 7.55479e+006 19.9251
405404 7.5548e+006 19.9251
405404 7.5548e+006 19.9251
405402 7.5548e+006 19.9251
405399 7.55479e+006 19.9251
405395 7.5548e+006 19.9251
405399 7.55479e+006 19.9251
405402 7.5548e+006 19.9251
405402 7.5548e+006 19.9251
405399 7.5548e+006 19.9251
405395 7.5548e+006 19.9251
405423 7.55479e+006 19.9251
405431 7.55481e+006 19.9251
405428 7.55481e+006 19.9251
405428 7.55481e+006 19.9251
405419 7.55479e+006 19.9251
405423 7.55479e+006 19.9251
405402 7.5548e+006 19.9251
405404 7.5548e+006 19.9251
405413 7.55482e+006 19.9251
405413 7.55482e+006 19.9251
405411 7.55482e+006 19.9251
405402 7.5548e+006 19.9251
405399 7.5548e+006 19.9251
405402 7.5548e+006 19.9251
405411 7.55482e+006 19.9251
405411 7.55482e+006 19.9251
405407 7.55482e+006 19.9251
405399 7.5548e+006 19.9251
405428 7.55481e+006 19.9251
405431 7.55481e+006 19.9251
405440 7.55483e+006 19.9251
405440 7.55483e+006 19.9251
405436 7.55483e+006 19.9251
405428 7.55481e+006 19.9251
405413 7.55482e+006 19.9251
405421 7.55484e+006 19.9251
405419 7.55484e+006 19.9251
405419 7.55484e+006 19.9251
405411 7.55482e+006 19.9251
405413 7.55482e+006 19.9251
405407 7.55482e+006 19.9251
405411 7.55482e+006 19.9251
405419 7.55484e+006 19.9251
405419 7.55484e+006 19.9251
405416 7.55484e+006 19.9251
405407 7.55482e+006 19.9251
405440 7.55483e+006 19.9251
405444 7.55484e+006 19.9251
405440 7.55484e+006 19.9251
405440 7.55484e+006 19.9251
405436 7.55483e+006 19.9251
405440 7.55483e+006 19.9251
405419 7.55484e+006 19.9251
405421 7.55484e+006 19.9251
405425 7.55485e+006 19.9251
405425 7.55485e+006 19.9251
405423 7.55485e+006 19.9251
405419 7.55484e+006 19.9251
405416 7.55484e+006 19.9251
405419 7.55484e+006 19.9251
405423 7.55485e+006 19.9251
405423 7.55485e+006 19.9251
405420 7.55485e+006 19.9251
405416 7.55484e+006 19.9251
405410 7.55478e+006 19.9251
405409 7.55477e+006 19.9251
405413 7.55477e+006 19.9251
405413 7.55477e+006 19.9251
405414 7.55477e+006 19.9251
405410 7.55478e+006 19.9251
405393 7.55478e+006 19.9251
405390 7.55478e+006 19.8986
405389 7.55478e+006 19.9251
405389 7.55478e+006 19.9251
405393 7.55478e+006 19.9251
405393 7.55478e+006 19.9251
405395 7.55478e+006 19.9251
405393 7.55478e+006 19.9251
405393 7.55478e+006 19.9251
405393 7.55478e+006 19.9251
405394 7.55478e+006 19.9251
405395 7.55478e+006 19.9251
405389 7.55478e+006 19.9251
405390 7.55478e+006 19.8986
405389 7.55478e+006 19.9251
405389 7.55478e+006 19.9251
405388 7.55478e+006 19.9251
405389 7.55478e+006 19.9251
405437 7.55476e+006 19.9251
405436 7.55476e+006 19.9251
405437 7.55476e+006 19.9251
405437 7.55476e+006 19.9251
405438 7.55476e+006 19.9251
405437 7.55476e+006 19.9251
405442 7.55477e+006 19.9251
405441 7.55477e+006 19.9251
405447 7.55477e+006 19.9251
405447 7.55477e+006 19.9251
405448 7.55477e+006 19.9251
405442 7.55477e+006 19.9251
405446 7.55478e+006 19.9251
405442 7.55477e+006 19.9251
405448 7.55477e+006 19.9251
405448 7.55477e+006 19.9251
405452 7.55478e+006 19.9251
405446 7.55478e+006 19.9251
405454 7.5548e+006 19.9251
405446 7.55478e+006 19.9251
405452 7.55478e+006 19.9251
405452 7.55478e+006 19.9251
405460 7.5548e+006 19.9251
405454 7.5548e+006 19.9251
405454 7.5548e+006 19.9251
405460 7.5548e+006 19.9251
405469 7.55482e+006 19.9251
405469 7.55482e+006 19.9251
405463 7.55482e+006 19.9251
405454 7.5548e+006 19.9251
405463 7.55482e+006 19.9251
405469 7.55482e+006 19.9251
405467 7.55483e+006 19.9251
405441 7.55477e+006 19.9251
405441 7.55477e+006 19.9251
405446 7.55477e+006 19.9251
405446 7.55477e+006 19.9251
405447 7.55477e+006 19.9251
405441 7.55477e+006 19.9251
405437 7.55476e+006 19.9251
405437 7.55476e+006 19.9251
405438 7.55476e+006 19.9251
405438 7.55476e+006 19.9251
405439 7.55476e+006 19.9251
405437 7.55476e+006 19.9251
405395 7.5548e+006 19.9251
405395 7.5548e+006 19.9251
405387 7.5548e+006 19.9251
405387 7.5548e+006 19.9251
405387 7.5548e+006 19.8986
405395 7.5548e+006 19.9251
405395 7.5548e+006 19.9251
405399 7.5548e+006 19.9251
405391 7.55481e+006 19.9251
405391 7.55481e+006 19.9251
405387 7.5548e+006 19.9251
405395 7.5548e+006 19.9251
405399 7.5548e+006 19.9251
405407 7.55482e+006 19.9251
405399 7.55483e+006 19.9251
405399 7.55483e+006 19.9251
405391 7.55481e+006 19.9251
405399 7.5548e+006 19.9251
405407 7.55482e+006 19.9251
405416 7.55484e+006 19.9251
405408 7.55484e+006 19.9251
405408 7.55484e+006 19.9251
405399 7.55483e+006 19.9251
405407 7.55482e+006 19.9251
405394 7.55479e+006 19.9206
405388 7.5548e+006 19.8986
405389 7.55479e+006 19.8986
405389 7.55479e+006 19.8986
405390 7.55479e+006 19.8986
405394 7.55479e+006 19.9206
405390 7.55478e+006 19.8986
405390 7.55479e+006 19.8986
405389 7.55479e+006 19.8986
405389 7.55479e+006 19.8986
405389 7.55478e+006 19.9251
405390 7.55478e+006 19.8986
405387 7.5548e+006 19.9251
405391 7.55481e+006 19.9251
405389 7.55481e+006 19.9251
405389 7.55481e+006 19.9251
405387 7.5548e+006 19.9251
405387 7.5548e+006 19.9251
405387 7.5548e+006 19.9251
405389 7.55481e+006 19.9251
405387 7.55481e+006 19.9251
405387 7.55481e+006 19.9251
405384 7.5548e+006 19.9251
405387 7.5548e+006 19.9251
405399 7.55483e+006 19.9251
405408 7.55484e+006 19.9251
405407 7.55484e+006 19.9251
405407 7.55484e+006 19.9251
405399 7.55483e+006 19.9251
405399 7.55483e+006 19.9251
405399 7.55483e+006 19.9251
405407 7.55484e+006 19.9251
405405 7.55484e+006 19.9251
405405 7.55484e+006 19.9251
405397 7.55483e+006 19.9251
405399 7.55483e+006 19.9251
405440 7.55484e+006 19.9251
405444 7.55484e+006 19.9251
405444 7.55484e+006 19.9251
405444 7.55484e+006 19.9251
405441 7.55484e+006 19.9251
405440 7.55484e+006 19.9251
405423 7.55485e+006 19.9251
405425 7.55485e+006 19.9251
405426 7.55485e+006 19.9251
405426 7.55485e+006 19.9251
405425 7.55485e+006 19.9251
405423 7.55485e+006 19.9251
405420 7.55485e+006 19.9251
405423 7.55485e+006 19.9251
405425 7.55485e+006 19.9251
405425 7.55485e+006 19.9251
405421 7.55485e+006 19.9251
405420 7.55485e+006 19.9251
405444 7.55484e+006 19.9251
405445 7.55484e+006 19.9251
405441 7.55484e+006 19.9251
405441 7.55484e+006 19.9251
405441 7.55484e+006 19.9251
405444 7.55484e+006 19.9251
405425 7.55485e+006 19.9251
405426 7.55485e+006 19.9251
405427 7.55485e+006 19.9251
405427 7.55485e+006 19.9251
405425 7.55485e+006 19.9251
405425 7.55485e+006 19.9251
405421 7.55485e+006 19.9251
405425 7.55485e+006 19.9251
405425 7.55485e+006 19.9251
405425 7.55485e+006 19.9251
405421 7.55485e+006 19.9251
405421 7.55485e+006 19.9251
405416 7.55484e+006 19.9251
405420 7.55485e+006 19.9251
405418 7.55485e+006 19.9251
405418 7.55485e+006 19.9251
405408 7.55484e+006 19.9251
405416 7.55484e+006 19.9251
405420 7.55485e+006 19.9251
405421 7.55485e+006 19.9251
405418 7.55485e+006 19.9251
405452 7.55478e+006 19.9251
405448 7.55477e+006 19.9251
405449 7.55477e+006 19.9251
405449 7.55477e+006 19.9251
405452 7.55478e+006 19.9251
405452 7.55478e+006 19.9251
405452 7.55478e+006 19.9251
405449 7.55477e+006 19.9251
405452 7.55477e+006 19.9251
405452 7.55477e+006 19.9251
405455 7.55478e+006 19.9251
405452 7.55478e+006 19.9251
405395 7.55478e+006 19.9251
405396 7.55478e+006 19.8973
405394 7.55478e+006 19.9251
405394 7.55478e+006 19.9251
405393 7.55478e+006 19.9251
405395 7.55478e+006 19.9251
405434 7.55478e+006 19.9251
405434 7.55478e+006 19.9251
405423 7.55478e+006 19.9251
405423 7.55478e+006 19.9251
405422 7.55478e+006 19.9251
405434 7.55478e+006 19.9251
405422 7.55478e+006 19.9251
405423 7.55478e+006 19.9251
405419 7.55479e+006 19.9251
405419 7.55479e+006 19.9251
405419 7.55478e+006 19.9251
405422 7.55478e+006 19.9251
405412 7.55479e+006 19.9251
405400 7.55479e+006 19.9251
405400 7.55479e+006 19.9251
405400 7.55479e+006 19.9251
405412 7.55479e+006 19.9251
405412 7.55479e+006 19.9251
405412 7.55479e+006 19.9251
405412 7.55479e+006 19.9251
405415 7.55479e+006 19.9251
405415 7.55479e+006 19.9251
405416 7.55479e+006 19.9251
405412 7.55479e+006 19.9251
405434 7.55478e+006 19.9251
405438 7.55479e+006 19.9251
405426 7.55479e+006 19.9251
405426 7.55479e+006 19.9251
405423 7.55478e+006 19.9251
405434 7.55478e+006 19.9251
405423 7.55478e+006 19.9251
405426 7.55479e+006 19.9251
405423 7.55479e+006 19.9251
405423 7.55479e+006 19.9251
405419 7.55479e+006 19.9251
405423 7.55478e+006 19.9251
405404 7.5548e+006 19.9251
405400 7.55479e+006 19.9251
405412 7.55479e+006 19.9251
405412 7.55479e+006 19.9251
405416 7.5548e+006 19.9251
405404 7.5548e+006 19.9251
405416 7.5548e+006 19.9251
405412 7.55479e+006 19.9251
405416 7.55479e+006 19.9251
405416 7.55479e+006 19.9251
405419 7.55479e+006 19.9251
405416 7.5548e+006 19.9251
405438 7.55479e+006 19.9251
405446 7.5548e+006 19.9251
405435 7.55481e+006 19.9251
405435 7.55481e+006 19.9251
405426 7.55479e+006 19.9251
405438 7.55479e+006 19.9251
405426 7.55479e+006 19.9251
405435 7.55481e+006 19.9251
405431 7.55481e+006 19.9251
405431 7.55481e+006 19.9251
405423 7.55479e+006 19.9251
405426 7.55479e+006 19.9251
405413 7.55482e+006 19.9251
405404 7.5548e+006 19.9251
405416 7.5548e+006 19.9251
405416 7.5548e+006 19.9251
405424 7.55481e+006 19.9251
405413 7.55482e+006 19.9251
405424 7.55481e+006 19.9251
405416 7.5548e+006 19.9251
405419 7.55479e+006 19.9251
405419 7.55479e+006 19.9251
405428 7.55481e+006 19.9251
405424 7.55481e+006 19.9251
405446 7.5548e+006 19.9251
405455 7.55482e+006 19.9251
405444 7.55483e+006 19.9251
405444 7.55483e+006 19.9251
405435 7.55481e+006 19.9251
405446 7.5548e+006 19.9251
405435 7.55481e+006 19.9251
405444 7.55483e+006 19.9251
405440 7.55483e+006 19.9251
405440 7.55483e+006 19.9251
405431 7.55481e+006 19.9251
405435 7.55481e+006 19.9251
405421 7.55484e+006 19.9251
405413 7.55482e+006 19.9251
405424 7.55481e+006 19.9251
405424 7.55481e+006 19.9251
405433 7.55483e+006 19.9251
405421 7.55484e+006 19.9251
405433 7.55483e+006 19.9251
405424 7.55481e+006 19.9251
405428 7.55481e+006 19.9251
405428 7.55481e+006 19.9251
405436 7.55483e+006 19.9251
405433 7.55483e+006 19.9251
405455 7.55482e+006 19.9251
405459 7.55483e+006 19.9251
405447 7.55484e+006 19.9251
405447 7.55484e+006 19.9251
405444 7.55483e+006 19.9251
405455 7.55482e+006 19.9251
405444 7.55483e+006 19.9251
405447 7.55484e+006 19.9251
405444 7.55484e+006 19.9251
405444 7.55484e+006 19.9251
405440 7.55483e+006 19.9251
405444 7.55483e+006 19.9251
405425 7.55485e+006 19.9251
405421 7.55484e+006 19.9251
405433 7.55483e+006 19.9251
405433 7.55483e+006 19.9251
405437 7.55484e+006 19.9251
405425 7.55485e+006 19.9251
405437 7.55484e+006 19.9251
405433 7.55483e+006 19.9251
405436 7.55483e+006 19.9251
405436 7.55483e+006 19.9251
405440 7.55484e+006 19.9251
405437 7.55484e+006 19.9251
405395 7.55478e+006 19.9251
405394 7.55478e+006 19.9251
405406 7.55478e+006 19.9251
405406 7.55478e+006 19.9251
405407 7.55478e+006 19.9251
405395 7.55478e+006 19.9251
405407 7.55478e+006 19.9251
405406 7.55478e+006 19.9251
405409 7.55477e+006 19.9251
405409 7.55477e+006 19.9251
405410 7.55478e+006 19.9251
405407 7.55478e+006 19.9251
405428 7.55476e+006 19.9251
405429 7.55477e+006 19.9251
405417 7.55477e+006 19.9251
405417 7.55477e+006 19.9251
405417 7.55477e+006 19.9251
405428 7.55476e+006 19.9251
405417 7.55477e+006 19.9251
405417 7.55477e+006 19.9251
405414 7.55477e+006 19.9251
405414 7.55477e+006 19.9251
405413 7.55477e+006 19.9251
405417 7.55477e+006 19.9251
405447 7.55484e+006 19.9251
405459 7.55483e+006 19.9251
405459 7.55483e+006 19.9251
405459 7.55483e+006 19.9251
405448 7.55484e+006 19.9251
405447 7.55484e+006 19.9251
405444 7.55484e+006 19.9251
405447 7.55484e+006 19.9251
405448 7.55484e+006 19.9251
405448 7.55484e+006 19.9251
405444 7.55484e+006 19.9251
405444 7.55484e+006 19.9251
405438 7.55484e+006 19.9251
405426 7.55485e+006 19.9251
405425 7.55485e+006 19.9251
405425 7.55485e+006 19.9251
405437 7.55484e+006 19.9251
405438 7.55484e+006 19.9251
405441 7.55484e+006 19.9251
405438 7.55484e+006 19.9251
405437 7.55484e+006 19.9251
405437 7.55484e+006 19.9251
405440 7.55484e+006 19.9251
405441 7.55484e+006 19.9251
405459 7.55483e+006 19.9251
405459 7.55484e+006 19.9251
405448 7.55484e+006 19.9251
405448 7.55484e+006 19.9251
405448 7.55484e+006 19.9251
405459 7.55483e+006 19.9251
405448 7.55484e+006 19.9251
405448 7.55484e+006 19.9251
405445 7.55484e+006 19.9251
405445 7.55484e+006 19.9251
405444 7.55484e+006 19.9251
405448 7.55484e+006 19.9251
405427 7.55485e+006 19.9251
405426 7.55485e+006 19.9251
405438 7.55484e+006 19.9251
405438 7.55484e+006 19.9251
405438 7.55485e+006 19.9251
405427 7.55485e+006 19.9251
405438 7.55485e+006 19.9251
405438 7.55484e+006 19.9251
405441 7.55484e+006 19.9251
405441 7.55484e+006 19.9251
405441 7.55484e+006 19.9251
405438 7.55485e+006 19.9251
405441 7.55477e+006 19.9251
405442 7.55477e+006 19.9251
405435 7.55478e+006 19.9251
405435 7.55478e+006 19.9251
405435 7.55478e+006 19.9251
405441 7.55477e+006 19.9251
405442 7.55477e+006 19.9251
405446 7.55478e+006 19.9251
405439 7.55479e+006 19.9251
405439 7.55479e+006 19.9251
405435 7.55478e+006 19.9251
405442 7.55477e+006 19.9251
405446 7.55478e+006 19.9251
405454 7.5548e+006 19.9251
405447 7.5548e+006 19.9251
405447 7.5548e+006 19.9251
405439 7.55479e+006 19.9251
405446 7.55478e+006 19.9251
405454 7.5548e+006 19.9251
405463 7.55482e+006 19.9251
405456 7.55482e+006 19.9251
405456 7.55482e+006 19.9251
405447 7.5548e+006 19.9251
405454 7.5548e+006 19.9251
405463 7.55482e+006 19.9251
405467 7.55483e+006 19.9251
405460 7.55483e+006 19.9251
405460 7.55483e+006 19.9251
405456 7.55482e+006 19.9251
405463 7.55482e+006 19.9251
405436 7.55476e+006 19.9251
405437 7.55476e+006 19.9251
405430 7.55477e+006 19.9251
405430 7.55477e+006 19.9251
405429 7.55476e+006 19.9251
405436 7.55476e+006 19.9251
405460 7.55483e+006 19.9251
405467 7.55483e+006 19.9251
405466 7.55483e+006 19.9251
405466 7.55483e+006 19.9251
405460 7.55483e+006 19.9251
405460 7.55483e+006 19.9251
405466 7.55483e+006 19.9251
405467 7.55483e+006 19.9251
405460 7.55484e+006 19.9251
405460 7.55484e+006 19.9251
405460 7.55483e+006 19.9251
405466 7.55483e+006 19.9251
405441 7.55477e+006 19.9251
405437 7.55476e+006 19.9251
405439 7.55476e+006 19.9251
405439 7.55476e+006 19.9251
405446 7.55477e+006 19.9251
405441 7.55477e+006 19.9251
405395 7.5548e+006 19.9251
405387 7.5548e+006 19.8986
405388 7.5548e+006 19.8986
405388 7.5548e+006 19.8986
405394 7.55479e+006 19.9206
405395 7.5548e+006 19.9251
405435 7.55478e+006 19.9251
405435 7.55478e+006 19.9251
405434 7.55478e+006 19.9251
405434 7.55478e+006 19.9251
405434 7.55478e+006 19.9251
405435 7.55478e+006 19.9251
405435 7.55478e+006 19.9251
405439 7.55479e+006 19.9251
405438 7.55479e+006 19.9251
405438 7.55479e+006 19.9251
405434 7.55478e+006 19.9251
405435 7.55478e+006 19.9251
405439 7.55479e+006 19.9251
405447 7.5548e+006 19.9251
405446 7.5548e+006 19.9251
405446 7.5548e+006 19.9251
405438 7.55479e+006 19.9251
405439 7.55479e+006 19.9251
405447 7.5548e+006 19.9251
405456 7.55482e+006 19.9251
405455 7.55482e+006 19.9251
405455 7.55482e+006 19.9251
405446 7.5548e+006 19.9251
405447 7.5548e+006 19.9251
405456 7.55482e+006 19.9251
405460 7.55483e+006 19.9251
405459 7.55483e+006 19.9251
405459 7.55483e+006 19.9251
405455 7.55482e+006 19.9251
405456 7.55482e+006 19.9251
405429 7.55476e+006 19.9251
405430 7.55477e+006 19.9251
405429 7.55477e+006 19.9251
405429 7.55477e+006 19.9251
405428 7.55476e+006 19.9251
405429 7.55476e+006 19.9251
405459 7.55483e+006 19.9251
405460 7.55483e+006 19.9251
405460 7.55483e+006 19.9251
405460 7.55483e+006 19.9251
405459 7.55483e+006 19.9251
405459 7.55483e+006 19.9251
405460 7.55483e+006 19.9251
405460 7.55484e+006 19.9251
405459 7.55484e+006 19.9251
405459 7.55484e+006 19.9251
405459 7.55483e+006 19.9251
405460 7.55483e+006 19.9251
