400379 7.55244e+006 37.932
400379 7.55244e+006 39.4166
400380 7.55244e+006 39.4585
400380 7.55244e+006 39.4585
400380 7.55244e+006 37.9321
400379 7.55244e+006 37.932
400380 7.55244e+006 37.9321
400380 7.55244e+006 39.4585
400380 7.55244e+006 39.5419
400380 7.55244e+006 39.5419
400380 7.55244e+006 37.9321
400380 7.55244e+006 37.9321
400380 7.55244e+006 37.9321
400380 7.55244e+006 39.5419
400379 7.55244e+006 39.5836
400379 7.55244e+006 39.5836
400379 7.55244e+006 37.932
400380 7.55244e+006 37.9321
400379 7.55244e+006 37.932
400379 7.55244e+006 39.5836
400379 7.55244e+006 39.5417
400379 7.55244e+006 39.5417
400379 7.55244e+006 37.9319
400379 7.55244e+006 37.932
400379 7.55244e+006 37.9319
400379 7.55244e+006 39.5417
400379 7.55244e+006 39.4583
400379 7.55244e+006 39.4583
400379 7.55244e+006 37.9319
400379 7.55244e+006 37.9319
400379 7.55244e+006 37.9319
400379 7.55244e+006 39.4583
400379 7.55244e+006 39.4166
400379 7.55244e+006 39.4166
400379 7.55244e+006 37.932
400379 7.55244e+006 37.9319
400380 7.55244e+006 40.3453
400380 7.55244e+006 39.4585
400379 7.55244e+006 39.4166
400379 7.55244e+006 39.4166
400379 7.55244e+006 40.1848
400380 7.55244e+006 40.3453
400380 7.55244e+006 40.6661
400380 7.55244e+006 39.5419
400380 7.55244e+006 39.4585
400380 7.55244e+006 39.4585
400380 7.55244e+006 40.3453
400380 7.55244e+006 40.6661
400379 7.55244e+006 40.8265
400379 7.55244e+006 39.5836
400380 7.55244e+006 39.5419
400380 7.55244e+006 39.5419
400380 7.55244e+006 40.6661
400379 7.55244e+006 40.8265
400379 7.55244e+006 40.666
400379 7.55244e+006 39.5417
400379 7.55244e+006 39.5836
400379 7.55244e+006 39.5836
400379 7.55244e+006 40.8265
400379 7.55244e+006 40.666
400379 7.55244e+006 40.3451
400379 7.55244e+006 39.4583
400379 7.55244e+006 39.5417
400379 7.55244e+006 39.5417
400379 7.55244e+006 40.666
400379 7.55244e+006 40.3451
400379 7.55244e+006 40.1848
400379 7.55244e+006 39.4166
400379 7.55244e+006 39.4583
400379 7.55244e+006 39.4583
400379 7.55244e+006 40.3451
400379 7.55244e+006 40.1848
400380 7.55244e+006 40.7129
400380 7.55244e+006 40.3453
400379 7.55244e+006 40.1848
400379 7.55244e+006 40.1848
400379 7.55244e+006 40.5032
400380 7.55244e+006 40.7129
400380 7.55244e+006 41.1322
400380 7.55244e+006 40.6661
400380 7.55244e+006 40.3453
400380 7.55244e+006 40.3453
400380 7.55244e+006 40.7129
400380 7.55244e+006 41.1322
400379 7.55244e+006 41.3418
400379 7.55244e+006 40.8265
400380 7.55244e+006 40.6661
400380 7.55244e+006 40.6661
400380 7.55244e+006 41.1322
400379 7.55244e+006 41.3418
400379 7.55244e+006 41.1321
400379 7.55244e+006 40.666
400379 7.55244e+006 40.8265
400379 7.55244e+006 40.8265
400379 7.55244e+006 41.3418
400379 7.55244e+006 41.1321
400379 7.55244e+006 40.7128
400379 7.55244e+006 40.3451
400379 7.55244e+006 40.666
400379 7.55244e+006 40.666
400379 7.55244e+006 41.1321
400379 7.55244e+006 40.7128
400379 7.55244e+006 40.5032
400379 7.55244e+006 40.1848
400379 7.55244e+006 40.3451
400379 7.55244e+006 40.3451
400379 7.55244e+006 40.7128
400379 7.55244e+006 40.5032
400380 7.55245e+006 40.713
400380 7.55244e+006 40.7129
400379 7.55244e+006 40.5032
400379 7.55244e+006 40.5032
400379 7.55245e+006 40.5032
400380 7.55245e+006 40.713
400380 7.55245e+006 41.1322
400380 7.55244e+006 41.1322
400380 7.55244e+006 40.7129
400380 7.55244e+006 40.7129
400380 7.55245e+006 40.713
400380 7.55245e+006 41.1322
400379 7.55245e+006 41.3418
400379 7.55244e+006 41.3418
400380 7.55244e+006 41.1322
400380 7.55244e+006 41.1322
400380 7.55245e+006 41.1322
400379 7.55245e+006 41.3418
400379 7.55245e+006 41.132
400379 7.55244e+006 41.1321
400379 7.55244e+006 41.3418
400379 7.55244e+006 41.3418
400379 7.55245e+006 41.3418
400379 7.55245e+006 41.132
400379 7.55245e+006 40.7128
400379 7.55244e+006 40.7128
400379 7.55244e+006 41.1321
400379 7.55244e+006 41.1321
400379 7.55245e+006 41.132
400379 7.55245e+006 40.7128
400379 7.55245e+006 40.5032
400379 7.55244e+006 40.5032
400379 7.55244e+006 40.7128
400379 7.55244e+006 40.7128
400379 7.55245e+006 40.7128
400379 7.55245e+006 40.5032
400380 7.55245e+006 40.3449
400380 7.55245e+006 40.713
400379 7.55245e+006 40.5032
400379 7.55245e+006 40.5032
400379 7.55245e+006 40.1847
400380 7.55245e+006 40.3449
400380 7.55245e+006 40.6658
400380 7.55245e+006 41.1322
400380 7.55245e+006 40.713
400380 7.55245e+006 40.713
400380 7.55245e+006 40.3449
400380 7.55245e+006 40.6658
400379 7.55245e+006 40.8265
400379 7.55245e+006 41.3418
400380 7.55245e+006 41.1322
400380 7.55245e+006 41.1322
400380 7.55245e+006 40.6658
400379 7.55245e+006 40.8265
400379 7.55245e+006 40.6664
400379 7.55245e+006 41.132
400379 7.55245e+006 41.3418
400379 7.55245e+006 41.3418
400379 7.55245e+006 40.8265
400379 7.55245e+006 40.6664
400379 7.55245e+006 40.3455
400379 7.55245e+006 40.7128
400379 7.55245e+006 41.132
400379 7.55245e+006 41.132
400379 7.55245e+006 40.6664
400379 7.55245e+006 40.3455
400379 7.55245e+006 40.1847
400379 7.55245e+006 40.5032
400379 7.55245e+006 40.7128
400379 7.55245e+006 40.7128
400379 7.55245e+006 40.3455
400379 7.55245e+006 40.1847
400380 7.55245e+006 39.4571
400380 7.55245e+006 40.3449
400379 7.55245e+006 40.1847
400379 7.55245e+006 40.1847
400379 7.55245e+006 39.4166
400380 7.55245e+006 39.4571
400380 7.55245e+006 39.5406
400380 7.55245e+006 40.6658
400380 7.55245e+006 40.3449
400380 7.55245e+006 40.3449
400380 7.55245e+006 39.4571
400380 7.55245e+006 39.5406
400379 7.55245e+006 39.5836
400379 7.55245e+006 40.8265
400380 7.55245e+006 40.6658
400380 7.55245e+006 40.6658
400380 7.55245e+006 39.5406
400379 7.55245e+006 39.5836
400379 7.55245e+006 39.5431
400379 7.55245e+006 40.6664
400379 7.55245e+006 40.8265
400379 7.55245e+006 40.8265
400379 7.55245e+006 39.5836
400379 7.55245e+006 39.5431
400379 7.55245e+006 39.4596
400379 7.55245e+006 40.3455
400379 7.55245e+006 40.6664
400379 7.55245e+006 40.6664
400379 7.55245e+006 39.5431
400379 7.55245e+006 39.4596
400379 7.55245e+006 39.4166
400379 7.55245e+006 40.1847
400379 7.55245e+006 40.3455
400379 7.55245e+006 40.3455
400379 7.55245e+006 39.4596
400379 7.55245e+006 39.4166
400380 7.55245e+006 30.5349
400380 7.55245e+006 39.4571
400379 7.55245e+006 39.4166
400379 7.55245e+006 39.4166
400379 7.55245e+006 30.6075
400380 7.55245e+006 30.5349
400380 7.55245e+006 30.5369
400380 7.55245e+006 39.5406
400380 7.55245e+006 39.4571
400380 7.55245e+006 39.4571
400380 7.55245e+006 30.5349
400380 7.55245e+006 30.5369
400379 7.55245e+006 30.6116
400379 7.55245e+006 39.5836
400380 7.55245e+006 39.5406
400380 7.55245e+006 39.5406
400380 7.55245e+006 30.5369
400379 7.55245e+006 30.6116
400379 7.55245e+006 30.6841
400379 7.55245e+006 39.5431
400379 7.55245e+006 39.5836
400379 7.55245e+006 39.5836
400379 7.55245e+006 30.6116
400379 7.55245e+006 30.6841
400379 7.55245e+006 30.6821
400379 7.55245e+006 39.4596
400379 7.55245e+006 39.5431
400379 7.55245e+006 39.5431
400379 7.55245e+006 30.6841
400379 7.55245e+006 30.6821
400379 7.55245e+006 30.6075
400379 7.55245e+006 39.4166
400379 7.55245e+006 39.4596
400379 7.55245e+006 39.4596
400379 7.55245e+006 30.6821
400379 7.55245e+006 30.6075
400379 7.55245e+006 29.3215
400380 7.55245e+006 30.5349
400379 7.55245e+006 30.6075
400379 7.55245e+006 30.6075
400379 7.55245e+006 29.5959
400379 7.55245e+006 29.3215
400379 7.55245e+006 29.3292
400380 7.55245e+006 30.5369
400380 7.55245e+006 30.5349
400380 7.55245e+006 30.5349
400379 7.55245e+006 29.3215
400379 7.55245e+006 29.3292
400379 7.55245e+006 29.6114
400379 7.55245e+006 30.6116
400380 7.55245e+006 30.5369
400380 7.55245e+006 30.5369
400379 7.55245e+006 29.3292
400379 7.55245e+006 29.6114
400379 7.55245e+006 29.8858
400379 7.55245e+006 30.6841
400379 7.55245e+006 30.6116
400379 7.55245e+006 30.6116
400379 7.55245e+006 29.6114
400379 7.55245e+006 29.8858
400379 7.55245e+006 29.878
400379 7.55245e+006 30.6821
400379 7.55245e+006 30.6841
400379 7.55245e+006 30.6841
400379 7.55245e+006 29.8858
400379 7.55245e+006 29.878
400379 7.55245e+006 29.5959
400379 7.55245e+006 30.6075
400379 7.55245e+006 30.6821
400379 7.55245e+006 30.6821
400379 7.55245e+006 29.878
400379 7.55245e+006 29.5959
400378 7.55245e+006 28.8191
400379 7.55245e+006 29.3215
400379 7.55245e+006 29.5959
400379 7.55245e+006 29.5959
400378 7.55245e+006 29.1771
400378 7.55245e+006 28.8191
400378 7.55245e+006 28.8292
400379 7.55245e+006 29.3292
400379 7.55245e+006 29.3215
400379 7.55245e+006 29.3215
400378 7.55245e+006 28.8191
400378 7.55245e+006 28.8292
400378 7.55245e+006 29.1972
400379 7.55245e+006 29.6114
400379 7.55245e+006 29.3292
400379 7.55245e+006 29.3292
400378 7.55245e+006 28.8292
400378 7.55245e+006 29.1972
400378 7.55245e+006 29.5552
400379 7.55245e+006 29.8858
400379 7.55245e+006 29.6114
400379 7.55245e+006 29.6114
400378 7.55245e+006 29.1972
400378 7.55245e+006 29.5552
400378 7.55245e+006 29.5451
400379 7.55245e+006 29.878
400379 7.55245e+006 29.8858
400379 7.55245e+006 29.8858
400378 7.55245e+006 29.5552
400378 7.55245e+006 29.5451
400378 7.55245e+006 29.1771
400379 7.55245e+006 29.5959
400379 7.55245e+006 29.878
400379 7.55245e+006 29.878
400378 7.55245e+006 29.5451
400378 7.55245e+006 29.1771
400378 7.55245e+006 29.1771
400325 7.55245e+006 29.1771
400325 7.55245e+006 28.8191
400325 7.55245e+006 28.8191
400378 7.55245e+006 28.8191
400378 7.55245e+006 29.1771
400378 7.55245e+006 28.8191
400325 7.55245e+006 28.8191
400325 7.55245e+006 28.8292
400325 7.55245e+006 28.8292
400378 7.55245e+006 28.8292
400378 7.55245e+006 28.8191
400378 7.55245e+006 28.8292
400325 7.55245e+006 28.8292
400325 7.55245e+006 29.1972
400325 7.55245e+006 29.1972
400378 7.55245e+006 29.1972
400378 7.55245e+006 28.8292
400378 7.55245e+006 29.1972
400325 7.55245e+006 29.1972
400325 7.55245e+006 29.5552
400325 7.55245e+006 29.5552
400378 7.55245e+006 29.5552
400378 7.55245e+006 29.1972
400378 7.55245e+006 29.5552
400325 7.55245e+006 29.5552
400325 7.55245e+006 29.5451
400325 7.55245e+006 29.5451
400378 7.55245e+006 29.5451
400378 7.55245e+006 29.5552
400378 7.55245e+006 29.5451
400325 7.55245e+006 29.5451
400325 7.55245e+006 29.1771
400325 7.55245e+006 29.1771
400378 7.55245e+006 29.1771
400378 7.55245e+006 29.5451
400380 7.55244e+006 37.9321
400380 7.55244e+006 37.9321
400379 7.55244e+006 37.932
400380 7.55244e+006 37.9321
400379 7.55244e+006 37.932
400379 7.55244e+006 37.932
400379 7.55244e+006 37.932
400379 7.55244e+006 37.9319
400379 7.55244e+006 37.932
400379 7.55244e+006 37.9319
400379 7.55244e+006 37.9319
400379 7.55244e+006 37.932
400325 7.55245e+006 28.8292
400325 7.55245e+006 28.8191
400325 7.55245e+006 29.1771
400325 7.55245e+006 29.1972
400325 7.55245e+006 28.8292
400325 7.55245e+006 29.1771
400325 7.55245e+006 29.5552
400325 7.55245e+006 29.1972
400325 7.55245e+006 29.1771
400325 7.55245e+006 29.5451
400325 7.55245e+006 29.5552
400325 7.55245e+006 29.1771
400325 7.55245e+006 29.1618
400325 7.55245e+006 29.4063
400325 7.55245e+006 29.1618
400325 7.55245e+006 29.1618
400325 7.55245e+006 29.6213
400325 7.55245e+006 29.4063
400325 7.55245e+006 29.1618
400325 7.55245e+006 29.7808
400325 7.55245e+006 29.6213
400325 7.55245e+006 29.1618
400325 7.55245e+006 29.8657
400325 7.55245e+006 29.7808
400325 7.55245e+006 29.1618
400325 7.55245e+006 29.8657
400325 7.55245e+006 29.8657
400325 7.55245e+006 29.1618
400325 7.55245e+006 29.7808
400325 7.55245e+006 29.8657
400325 7.55245e+006 29.1618
400325 7.55245e+006 29.6213
400325 7.55245e+006 29.7808
400325 7.55245e+006 29.1618
400325 7.55245e+006 29.4063
400325 7.55245e+006 29.6213
400325 7.55245e+006 29.1618
400325 7.55245e+006 29.1618
400325 7.55245e+006 29.4063
400325 7.55245e+006 29.1618
400325 7.55245e+006 28.9173
400325 7.55245e+006 29.1618
400325 7.55245e+006 29.1618
400325 7.55245e+006 28.7024
400325 7.55245e+006 28.9173
400325 7.55245e+006 29.1618
400325 7.55245e+006 28.5428
400325 7.55245e+006 28.7024
400325 7.55245e+006 29.1618
400325 7.55245e+006 28.4579
400325 7.55245e+006 28.5428
400325 7.55245e+006 29.1618
400325 7.55245e+006 28.4579
400325 7.55245e+006 28.4579
400325 7.55245e+006 29.1618
400325 7.55245e+006 28.5428
400325 7.55245e+006 28.4579
400325 7.55245e+006 29.1618
400325 7.55245e+006 28.7024
400325 7.55245e+006 28.5428
400325 7.55245e+006 29.1618
400325 7.55245e+006 28.9173
400325 7.55245e+006 28.7024
400325 7.55245e+006 29.1618
400325 7.55245e+006 29.1618
400325 7.55245e+006 28.9173
400325 7.55245e+006 29.1618
400325 7.55245e+006 29.4063
400325 7.55245e+006 29.1618
400325 7.55245e+006 29.1618
400325 7.55245e+006 29.4063
400325 7.55245e+006 29.4063
400325 7.55245e+006 29.4063
400325 7.55245e+006 29.6213
400325 7.55245e+006 29.4063
400325 7.55245e+006 29.4063
400325 7.55245e+006 29.6213
400325 7.55245e+006 29.6213
400325 7.55245e+006 29.6213
400325 7.55245e+006 29.7808
400325 7.55245e+006 29.6213
400325 7.55245e+006 29.6213
400325 7.55245e+006 29.7808
400325 7.55245e+006 29.7808
400325 7.55245e+006 29.7808
400325 7.55245e+006 29.8657
400325 7.55245e+006 29.7808
400325 7.55245e+006 29.7808
400325 7.55245e+006 29.8657
400325 7.55245e+006 29.8657
400325 7.55245e+006 29.8657
400325 7.55245e+006 29.8657
400325 7.55245e+006 29.8657
400325 7.55245e+006 29.8657
400325 7.55245e+006 29.8657
400325 7.55245e+006 29.8657
400325 7.55245e+006 29.8657
400325 7.55245e+006 29.7808
400325 7.55245e+006 29.8657
400325 7.55245e+006 29.8657
400325 7.55245e+006 29.7808
400325 7.55245e+006 29.7808
400325 7.55245e+006 29.7808
400325 7.55245e+006 29.6213
400325 7.55245e+006 29.7808
400325 7.55245e+006 29.7808
400325 7.55245e+006 29.6213
400325 7.55245e+006 29.6213
400325 7.55245e+006 29.6213
400325 7.55245e+006 29.4063
400325 7.55245e+006 29.6213
400325 7.55245e+006 29.6213
400325 7.55245e+006 29.4063
400325 7.55245e+006 29.4063
400325 7.55245e+006 29.4063
400325 7.55245e+006 29.1618
400325 7.55245e+006 29.4063
400325 7.55245e+006 29.4063
400325 7.55245e+006 29.1618
400325 7.55245e+006 29.1618
400325 7.55245e+006 29.1618
400325 7.55245e+006 28.9173
400325 7.55245e+006 29.1618
400325 7.55245e+006 29.1618
400325 7.55245e+006 28.9173
400325 7.55245e+006 28.9173
400325 7.55245e+006 28.9173
400325 7.55245e+006 28.7024
400325 7.55245e+006 28.9173
400325 7.55245e+006 28.9173
400325 7.55245e+006 28.7024
400325 7.55245e+006 28.7024
400325 7.55245e+006 28.7024
400325 7.55245e+006 28.5428
400325 7.55245e+006 28.7024
400325 7.55245e+006 28.7024
400325 7.55245e+006 28.5428
400325 7.55245e+006 28.5428
400325 7.55245e+006 28.5428
400325 7.55245e+006 28.4579
400325 7.55245e+006 28.5428
400325 7.55245e+006 28.5428
400325 7.55245e+006 28.4579
400325 7.55245e+006 28.4579
400325 7.55245e+006 28.4579
400325 7.55245e+006 28.4579
400325 7.55245e+006 28.4579
400325 7.55245e+006 28.4579
400325 7.55245e+006 28.4579
400325 7.55245e+006 28.4579
400325 7.55245e+006 28.4579
400325 7.55245e+006 28.5428
400325 7.55245e+006 28.4579
400325 7.55245e+006 28.4579
400325 7.55245e+006 28.5428
400325 7.55245e+006 28.5428
400325 7.55245e+006 28.5428
400325 7.55245e+006 28.7024
400325 7.55245e+006 28.5428
400325 7.55245e+006 28.5428
400325 7.55245e+006 28.7024
400325 7.55245e+006 28.7024
400325 7.55245e+006 28.7024
400325 7.55245e+006 28.9173
400325 7.55245e+006 28.7024
400325 7.55245e+006 28.7024
400325 7.55245e+006 28.9173
400325 7.55245e+006 28.9173
400325 7.55245e+006 28.9173
400325 7.55245e+006 29.1618
400325 7.55245e+006 28.9173
400325 7.55245e+006 28.9173
400325 7.55245e+006 29.1618
400325 7.55245e+006 29.1618
400325 7.55245e+006 29.1618
400325 7.55245e+006 29.1618
400325 7.55245e+006 29.4063
400325 7.55245e+006 29.1618
400325 7.55245e+006 29.4063
400325 7.55245e+006 29.6213
400325 7.55245e+006 29.1618
400325 7.55245e+006 29.6213
400325 7.55245e+006 29.7808
400325 7.55245e+006 29.1618
400325 7.55245e+006 29.7808
400325 7.55245e+006 29.8657
400325 7.55245e+006 29.1618
400325 7.55245e+006 29.8657
400325 7.55245e+006 29.8657
400325 7.55245e+006 29.1618
400325 7.55245e+006 29.8657
400325 7.55245e+006 29.7808
400325 7.55245e+006 29.1618
400325 7.55245e+006 29.7808
400325 7.55245e+006 29.6213
400325 7.55245e+006 29.1618
400325 7.55245e+006 29.6213
400325 7.55245e+006 29.4063
400325 7.55245e+006 29.1618
400325 7.55245e+006 29.4063
400325 7.55245e+006 29.1618
400325 7.55245e+006 29.1618
400325 7.55245e+006 29.1618
400325 7.55245e+006 28.9173
400325 7.55245e+006 29.1618
400325 7.55245e+006 28.9173
400325 7.55245e+006 28.7024
400325 7.55245e+006 29.1618
400325 7.55245e+006 28.7024
400325 7.55245e+006 28.5428
400325 7.55245e+006 29.1618
400325 7.55245e+006 28.5428
400325 7.55245e+006 28.4579
400325 7.55245e+006 29.1618
400325 7.55245e+006 28.4579
400325 7.55245e+006 28.4579
400325 7.55245e+006 29.1618
400325 7.55245e+006 28.4579
400325 7.55245e+006 28.5428
400325 7.55245e+006 29.1618
400325 7.55245e+006 28.5428
400325 7.55245e+006 28.7024
400325 7.55245e+006 29.1618
400325 7.55245e+006 28.7024
400325 7.55245e+006 28.9173
400325 7.55245e+006 29.1618
400325 7.55245e+006 28.9173
400325 7.55245e+006 29.1618
