400306 7.55244e+006 42.0642
400318 7.55244e+006 41.8964
400318 7.55244e+006 41.9834
400318 7.55244e+006 41.9834
400306 7.55244e+006 42.1513
400306 7.55244e+006 42.0642
400318 7.55247e+006 41.8964
400318 7.55247e+006 41.9834
400318 7.55244e+006 41.9834
400318 7.55244e+006 41.9834
400318 7.55244e+006 41.8964
400318 7.55247e+006 41.8964
400306 7.55247e+006 42.0642
400306 7.55247e+006 42.1513
400318 7.55247e+006 41.9834
400318 7.55247e+006 41.9834
400318 7.55247e+006 41.8964
400306 7.55247e+006 42.0642
400306 7.55244e+006 42.0642
400306 7.55244e+006 42.1513
400306 7.55247e+006 42.1513
400306 7.55247e+006 42.1513
400306 7.55247e+006 42.0642
400306 7.55244e+006 42.0642
400310 7.55245e+006 42.0157
400310 7.55245e+006 42.1028
400311 7.55245e+006 42.1004
400311 7.55245e+006 42.1004
400311 7.55245e+006 42.0133
400310 7.55245e+006 42.0157
400311 7.55245e+006 42.1004
400310 7.55245e+006 42.1028
400310 7.55245e+006 42.0157
400310 7.55245e+006 42.0157
400311 7.55245e+006 42.0133
400311 7.55245e+006 42.1004
400310 7.55245e+006 42.1028
400310 7.55245e+006 42.1092
400310 7.55245e+006 42.0221
400310 7.55245e+006 42.0221
400310 7.55245e+006 42.0157
400310 7.55245e+006 42.1028
400310 7.55245e+006 42.1092
400309 7.55245e+006 42.118
400309 7.55245e+006 42.031
400309 7.55245e+006 42.031
400310 7.55245e+006 42.0221
400310 7.55245e+006 42.1092
400309 7.55245e+006 42.118
400308 7.55245e+006 42.1269
400308 7.55245e+006 42.0398
400308 7.55245e+006 42.0398
400309 7.55245e+006 42.031
400309 7.55245e+006 42.118
400308 7.55245e+006 42.1269
400307 7.55245e+006 42.1333
400307 7.55245e+006 42.0463
400307 7.55245e+006 42.0463
400308 7.55245e+006 42.0398
400308 7.55245e+006 42.1269
400307 7.55245e+006 42.1333
400307 7.55245e+006 42.1357
400307 7.55245e+006 42.0486
400307 7.55245e+006 42.0486
400307 7.55245e+006 42.0463
400307 7.55245e+006 42.1333
400307 7.55245e+006 42.0486
400307 7.55245e+006 42.1357
400307 7.55245e+006 42.1333
400307 7.55245e+006 42.1333
400307 7.55245e+006 42.0463
400307 7.55245e+006 42.0486
400307 7.55245e+006 42.0463
400307 7.55245e+006 42.1333
400308 7.55245e+006 42.1269
400308 7.55245e+006 42.1269
400308 7.55245e+006 42.0398
400307 7.55245e+006 42.0463
400308 7.55245e+006 42.0398
400308 7.55245e+006 42.1269
400309 7.55245e+006 42.118
400309 7.55245e+006 42.118
400309 7.55245e+006 42.031
400308 7.55245e+006 42.0398
400309 7.55245e+006 42.031
400309 7.55245e+006 42.118
400310 7.55245e+006 42.1092
400310 7.55245e+006 42.1092
400310 7.55245e+006 42.0221
400309 7.55245e+006 42.031
400310 7.55245e+006 42.0221
400310 7.55245e+006 42.1092
400310 7.55245e+006 42.1028
400310 7.55245e+006 42.1028
400310 7.55245e+006 42.0157
400310 7.55245e+006 42.0221
400306 7.55247e+006 42.0642
400318 7.55247e+006 41.8964
400318 7.55244e+006 41.8964
400310 7.55245e+006 42.0157
400306 7.55247e+006 42.0642
400318 7.55244e+006 41.8964
400311 7.55245e+006 42.0133
400310 7.55245e+006 42.0157
400318 7.55244e+006 41.8964
400310 7.55245e+006 42.0157
400311 7.55245e+006 42.0133
400318 7.55244e+006 41.8964
400310 7.55245e+006 42.0221
400310 7.55245e+006 42.0157
400318 7.55244e+006 41.8964
400309 7.55245e+006 42.031
400310 7.55245e+006 42.0221
400318 7.55244e+006 41.8964
400309 7.55245e+006 42.031
400318 7.55244e+006 41.8964
400306 7.55244e+006 42.0642
400306 7.55247e+006 42.0642
400310 7.55245e+006 42.0157
400310 7.55245e+006 42.0221
400306 7.55247e+006 42.0642
400310 7.55245e+006 42.0221
400309 7.55245e+006 42.031
400306 7.55247e+006 42.0642
400309 7.55245e+006 42.031
400308 7.55245e+006 42.0398
400306 7.55247e+006 42.0642
400308 7.55245e+006 42.0398
400307 7.55245e+006 42.0463
400306 7.55247e+006 42.0642
400307 7.55245e+006 42.0463
400307 7.55245e+006 42.0486
400306 7.55244e+006 42.0642
400306 7.55247e+006 42.0642
400307 7.55245e+006 42.0486
400306 7.55244e+006 42.0642
400307 7.55245e+006 42.0486
400307 7.55245e+006 42.0463
400306 7.55244e+006 42.0642
400307 7.55245e+006 42.0463
400308 7.55245e+006 42.0398
400309 7.55245e+006 42.031
400306 7.55244e+006 42.0642
400308 7.55245e+006 42.0398
400318 7.55244e+006 41.9834
400318 7.55247e+006 41.9834
400306 7.55247e+006 42.1513
400318 7.55244e+006 41.9834
400306 7.55247e+006 42.1513
400310 7.55245e+006 42.1028
400318 7.55244e+006 41.9834
400310 7.55245e+006 42.1028
400311 7.55245e+006 42.1004
400318 7.55244e+006 41.9834
400311 7.55245e+006 42.1004
400310 7.55245e+006 42.1028
400318 7.55244e+006 41.9834
400310 7.55245e+006 42.1028
400310 7.55245e+006 42.1092
400318 7.55244e+006 41.9834
400310 7.55245e+006 42.1092
400309 7.55245e+006 42.118
400310 7.55245e+006 42.1092
400310 7.55245e+006 42.1028
400306 7.55247e+006 42.1513
400309 7.55245e+006 42.118
400310 7.55245e+006 42.1092
400306 7.55247e+006 42.1513
400308 7.55245e+006 42.1269
400309 7.55245e+006 42.118
400306 7.55247e+006 42.1513
400307 7.55245e+006 42.1333
400308 7.55245e+006 42.1269
400306 7.55247e+006 42.1513
400307 7.55245e+006 42.1357
400307 7.55245e+006 42.1333
400306 7.55247e+006 42.1513
400307 7.55245e+006 42.1357
400306 7.55247e+006 42.1513
400306 7.55244e+006 42.1513
400307 7.55245e+006 42.1333
400307 7.55245e+006 42.1357
400306 7.55244e+006 42.1513
400308 7.55245e+006 42.1269
400307 7.55245e+006 42.1333
400306 7.55244e+006 42.1513
400309 7.55245e+006 42.118
400308 7.55245e+006 42.1269
400306 7.55244e+006 42.1513
400318 7.55244e+006 41.9834
400309 7.55245e+006 42.118
400306 7.55244e+006 42.1513
400306 7.55244e+006 35.2504
400314 7.55244e+006 35.0825
400314 7.55244e+006 35.1696
400314 7.55244e+006 35.1696
400306 7.55244e+006 35.3374
400306 7.55244e+006 35.2504
400314 7.55247e+006 35.0825
400314 7.55247e+006 35.1696
400314 7.55244e+006 35.1696
400314 7.55244e+006 35.1696
400314 7.55244e+006 35.0825
400314 7.55247e+006 35.0825
400306 7.55247e+006 35.2504
400306 7.55247e+006 35.3374
400314 7.55247e+006 35.1696
400314 7.55247e+006 35.1696
400314 7.55247e+006 35.0825
400306 7.55247e+006 35.2504
400306 7.55244e+006 35.2504
400306 7.55244e+006 35.3374
400306 7.55247e+006 35.3374
400306 7.55247e+006 35.3374
400306 7.55247e+006 35.2504
400306 7.55244e+006 35.2504
400310 7.55245e+006 35.2018
400310 7.55245e+006 35.2889
400311 7.55245e+006 35.2865
400311 7.55245e+006 35.2865
400311 7.55245e+006 35.1994
400310 7.55245e+006 35.2018
400311 7.55245e+006 35.2865
400310 7.55245e+006 35.2889
400310 7.55245e+006 35.2018
400310 7.55245e+006 35.2018
400311 7.55245e+006 35.1994
400311 7.55245e+006 35.2865
400310 7.55245e+006 35.2889
400310 7.55245e+006 35.2953
400310 7.55245e+006 35.2083
400310 7.55245e+006 35.2083
400310 7.55245e+006 35.2018
400310 7.55245e+006 35.2889
400310 7.55245e+006 35.2953
400309 7.55245e+006 35.3042
400309 7.55245e+006 35.2171
400309 7.55245e+006 35.2171
400310 7.55245e+006 35.2083
400310 7.55245e+006 35.2953
400309 7.55245e+006 35.3042
400308 7.55245e+006 35.313
400308 7.55245e+006 35.2259
400308 7.55245e+006 35.2259
400309 7.55245e+006 35.2171
400309 7.55245e+006 35.3042
400308 7.55245e+006 35.313
400307 7.55245e+006 35.3195
400307 7.55245e+006 35.2324
400307 7.55245e+006 35.2324
400308 7.55245e+006 35.2259
400308 7.55245e+006 35.313
400307 7.55245e+006 35.3195
400307 7.55245e+006 35.3218
400307 7.55245e+006 35.2347
400307 7.55245e+006 35.2347
400307 7.55245e+006 35.2324
400307 7.55245e+006 35.3195
400307 7.55245e+006 35.2347
400307 7.55245e+006 35.3218
400307 7.55245e+006 35.3195
400307 7.55245e+006 35.3195
400307 7.55245e+006 35.2324
400307 7.55245e+006 35.2347
400307 7.55245e+006 35.2324
400307 7.55245e+006 35.3195
400308 7.55245e+006 35.313
400308 7.55245e+006 35.313
400308 7.55245e+006 35.2259
400307 7.55245e+006 35.2324
400308 7.55245e+006 35.2259
400308 7.55245e+006 35.313
400309 7.55245e+006 35.3042
400309 7.55245e+006 35.3042
400309 7.55245e+006 35.2171
400308 7.55245e+006 35.2259
400309 7.55245e+006 35.2171
400309 7.55245e+006 35.3042
400310 7.55245e+006 35.2953
400310 7.55245e+006 35.2953
400310 7.55245e+006 35.2083
400309 7.55245e+006 35.2171
400310 7.55245e+006 35.2083
400310 7.55245e+006 35.2953
400310 7.55245e+006 35.2889
400310 7.55245e+006 35.2889
400310 7.55245e+006 35.2018
400310 7.55245e+006 35.2083
400310 7.55245e+006 35.2018
400306 7.55247e+006 35.2504
400314 7.55247e+006 35.0825
400311 7.55245e+006 35.1994
400310 7.55245e+006 35.2018
400314 7.55247e+006 35.0825
400311 7.55245e+006 35.1994
400314 7.55247e+006 35.0825
400314 7.55244e+006 35.0825
400310 7.55245e+006 35.2018
400311 7.55245e+006 35.1994
400314 7.55244e+006 35.0825
400310 7.55245e+006 35.2083
400310 7.55245e+006 35.2018
400314 7.55244e+006 35.0825
400309 7.55245e+006 35.2171
400310 7.55245e+006 35.2083
400314 7.55244e+006 35.0825
400306 7.55247e+006 35.2504
400310 7.55245e+006 35.2018
400310 7.55245e+006 35.2083
400306 7.55247e+006 35.2504
400310 7.55245e+006 35.2083
400309 7.55245e+006 35.2171
400306 7.55247e+006 35.2504
400309 7.55245e+006 35.2171
400308 7.55245e+006 35.2259
400306 7.55247e+006 35.2504
400308 7.55245e+006 35.2259
400307 7.55245e+006 35.2324
400306 7.55247e+006 35.2504
400307 7.55245e+006 35.2324
400307 7.55245e+006 35.2347
400306 7.55244e+006 35.2504
400306 7.55247e+006 35.2504
400307 7.55245e+006 35.2347
400306 7.55244e+006 35.2504
400307 7.55245e+006 35.2347
400307 7.55245e+006 35.2324
400314 7.55244e+006 35.0825
400306 7.55244e+006 35.2504
400307 7.55245e+006 35.2324
400314 7.55244e+006 35.0825
400307 7.55245e+006 35.2324
400308 7.55245e+006 35.2259
400309 7.55245e+006 35.2171
400314 7.55244e+006 35.0825
400308 7.55245e+006 35.2259
400314 7.55247e+006 35.1696
400306 7.55247e+006 35.3374
400310 7.55245e+006 35.2889
400314 7.55247e+006 35.1696
400310 7.55245e+006 35.2889
400311 7.55245e+006 35.2865
400314 7.55244e+006 35.1696
400314 7.55247e+006 35.1696
400311 7.55245e+006 35.2865
400314 7.55244e+006 35.1696
400311 7.55245e+006 35.2865
400310 7.55245e+006 35.2889
400310 7.55245e+006 35.2953
400310 7.55245e+006 35.2889
400306 7.55247e+006 35.3374
400309 7.55245e+006 35.3042
400310 7.55245e+006 35.2953
400306 7.55247e+006 35.3374
400308 7.55245e+006 35.313
400309 7.55245e+006 35.3042
400306 7.55247e+006 35.3374
400307 7.55245e+006 35.3195
400308 7.55245e+006 35.313
400306 7.55247e+006 35.3374
400307 7.55245e+006 35.3218
400307 7.55245e+006 35.3195
400306 7.55247e+006 35.3374
400307 7.55245e+006 35.3218
400306 7.55247e+006 35.3374
400306 7.55244e+006 35.3374
400307 7.55245e+006 35.3195
400307 7.55245e+006 35.3218
400306 7.55244e+006 35.3374
400308 7.55245e+006 35.313
400307 7.55245e+006 35.3195
400306 7.55244e+006 35.3374
400309 7.55245e+006 35.3042
400308 7.55245e+006 35.313
400306 7.55244e+006 35.3374
400310 7.55245e+006 35.2953
400309 7.55245e+006 35.3042
400306 7.55244e+006 35.3374
400310 7.55245e+006 35.2889
400310 7.55245e+006 35.2953
400306 7.55244e+006 35.3374
400314 7.55244e+006 35.1696
400310 7.55245e+006 35.2889
400306 7.55244e+006 35.3374
400306 7.55244e+006 29.5605
400322 7.55244e+006 29.3926
400322 7.55244e+006 29.4797
400322 7.55244e+006 29.4797
400306 7.55244e+006 29.6475
400306 7.55244e+006 29.5605
400322 7.55247e+006 29.3926
400322 7.55247e+006 29.4797
400322 7.55244e+006 29.4797
400322 7.55244e+006 29.4797
400322 7.55244e+006 29.3926
400322 7.55247e+006 29.3926
400306 7.55247e+006 29.5605
400306 7.55247e+006 29.6475
400322 7.55247e+006 29.4797
400322 7.55247e+006 29.4797
400322 7.55247e+006 29.3926
400306 7.55247e+006 29.5605
400306 7.55244e+006 29.5605
400306 7.55244e+006 29.6475
400306 7.55247e+006 29.6475
400306 7.55247e+006 29.6475
400306 7.55247e+006 29.5605
400306 7.55244e+006 29.5605
400310 7.55245e+006 29.5119
400310 7.55245e+006 29.599
400311 7.55245e+006 29.5966
400311 7.55245e+006 29.5966
400311 7.55245e+006 29.5096
400310 7.55245e+006 29.5119
400311 7.55245e+006 29.5966
400310 7.55245e+006 29.599
400310 7.55245e+006 29.5119
400310 7.55245e+006 29.5119
400311 7.55245e+006 29.5096
400311 7.55245e+006 29.5966
400310 7.55245e+006 29.599
400310 7.55245e+006 29.6055
400310 7.55245e+006 29.5184
400310 7.55245e+006 29.5184
400310 7.55245e+006 29.5119
400310 7.55245e+006 29.599
400310 7.55245e+006 29.6055
400309 7.55245e+006 29.6143
400309 7.55245e+006 29.5272
400309 7.55245e+006 29.5272
400310 7.55245e+006 29.5184
400310 7.55245e+006 29.6055
400309 7.55245e+006 29.6143
400308 7.55245e+006 29.6231
400308 7.55245e+006 29.536
400308 7.55245e+006 29.536
400309 7.55245e+006 29.5272
400309 7.55245e+006 29.6143
400308 7.55245e+006 29.6231
400307 7.55245e+006 29.6296
400307 7.55245e+006 29.5425
400307 7.55245e+006 29.5425
400308 7.55245e+006 29.536
400308 7.55245e+006 29.6231
400307 7.55245e+006 29.6296
400307 7.55245e+006 29.6319
400307 7.55245e+006 29.5449
400307 7.55245e+006 29.5449
400307 7.55245e+006 29.5425
400307 7.55245e+006 29.6296
400307 7.55245e+006 29.5449
400307 7.55245e+006 29.6319
400307 7.55245e+006 29.6296
400307 7.55245e+006 29.6296
400307 7.55245e+006 29.5425
400307 7.55245e+006 29.5449
400307 7.55245e+006 29.5425
400307 7.55245e+006 29.6296
400308 7.55245e+006 29.6231
400308 7.55245e+006 29.6231
400308 7.55245e+006 29.536
400307 7.55245e+006 29.5425
400308 7.55245e+006 29.536
400308 7.55245e+006 29.6231
400309 7.55245e+006 29.6143
400309 7.55245e+006 29.6143
400309 7.55245e+006 29.5272
400308 7.55245e+006 29.536
400309 7.55245e+006 29.5272
400309 7.55245e+006 29.6143
400310 7.55245e+006 29.6055
400310 7.55245e+006 29.6055
400310 7.55245e+006 29.5184
400309 7.55245e+006 29.5272
400310 7.55245e+006 29.5184
400310 7.55245e+006 29.6055
400310 7.55245e+006 29.599
400310 7.55245e+006 29.599
400310 7.55245e+006 29.5119
400310 7.55245e+006 29.5184
400306 7.55247e+006 29.5605
400322 7.55247e+006 29.3926
400322 7.55244e+006 29.3926
400310 7.55245e+006 29.5119
400306 7.55247e+006 29.5605
400322 7.55244e+006 29.3926
400311 7.55245e+006 29.5096
400310 7.55245e+006 29.5119
400322 7.55244e+006 29.3926
400310 7.55245e+006 29.5119
400311 7.55245e+006 29.5096
400322 7.55244e+006 29.3926
400310 7.55245e+006 29.5184
400310 7.55245e+006 29.5119
400322 7.55244e+006 29.3926
400309 7.55245e+006 29.5272
400310 7.55245e+006 29.5184
400322 7.55244e+006 29.3926
400309 7.55245e+006 29.5272
400322 7.55244e+006 29.3926
400306 7.55244e+006 29.5605
400306 7.55247e+006 29.5605
400310 7.55245e+006 29.5119
400310 7.55245e+006 29.5184
400306 7.55247e+006 29.5605
400310 7.55245e+006 29.5184
400309 7.55245e+006 29.5272
400306 7.55247e+006 29.5605
400309 7.55245e+006 29.5272
400308 7.55245e+006 29.536
400306 7.55247e+006 29.5605
400308 7.55245e+006 29.536
400307 7.55245e+006 29.5425
400306 7.55247e+006 29.5605
400307 7.55245e+006 29.5425
400307 7.55245e+006 29.5449
400306 7.55244e+006 29.5605
400306 7.55247e+006 29.5605
400307 7.55245e+006 29.5449
400306 7.55244e+006 29.5605
400307 7.55245e+006 29.5449
400307 7.55245e+006 29.5425
400306 7.55244e+006 29.5605
400307 7.55245e+006 29.5425
400308 7.55245e+006 29.536
400309 7.55245e+006 29.5272
400306 7.55244e+006 29.5605
400308 7.55245e+006 29.536
400322 7.55244e+006 29.4797
400322 7.55247e+006 29.4797
400306 7.55247e+006 29.6475
400322 7.55244e+006 29.4797
400306 7.55247e+006 29.6475
400310 7.55245e+006 29.599
400322 7.55244e+006 29.4797
400310 7.55245e+006 29.599
400311 7.55245e+006 29.5966
400322 7.55244e+006 29.4797
400311 7.55245e+006 29.5966
400310 7.55245e+006 29.599
400322 7.55244e+006 29.4797
400310 7.55245e+006 29.599
400310 7.55245e+006 29.6055
400322 7.55244e+006 29.4797
400310 7.55245e+006 29.6055
400309 7.55245e+006 29.6143
400310 7.55245e+006 29.6055
400310 7.55245e+006 29.599
400306 7.55247e+006 29.6475
400309 7.55245e+006 29.6143
400310 7.55245e+006 29.6055
400306 7.55247e+006 29.6475
400308 7.55245e+006 29.6231
400309 7.55245e+006 29.6143
400306 7.55247e+006 29.6475
400307 7.55245e+006 29.6296
400308 7.55245e+006 29.6231
400306 7.55247e+006 29.6475
400307 7.55245e+006 29.6319
400307 7.55245e+006 29.6296
400306 7.55247e+006 29.6475
400307 7.55245e+006 29.6319
400306 7.55247e+006 29.6475
400306 7.55244e+006 29.6475
400307 7.55245e+006 29.6296
400307 7.55245e+006 29.6319
400306 7.55244e+006 29.6475
400308 7.55245e+006 29.6231
400307 7.55245e+006 29.6296
400306 7.55244e+006 29.6475
400309 7.55245e+006 29.6143
400308 7.55245e+006 29.6231
400306 7.55244e+006 29.6475
400322 7.55244e+006 29.4797
400309 7.55245e+006 29.6143
400306 7.55244e+006 29.6475
