405434 7.55479e+006 27.1469
405435 7.55479e+006 27.1376
405435 7.55479e+006 27.1932
405435 7.55479e+006 27.1932
405435 7.55479e+006 27.205
405434 7.55479e+006 27.1469
405435 7.55479e+006 27.1376
405434 7.55479e+006 27.1283
405435 7.55479e+006 27.1814
405435 7.55479e+006 27.1814
405435 7.55479e+006 27.1932
405435 7.55479e+006 27.1376
405434 7.55479e+006 27.1283
405434 7.55479e+006 27.1376
405435 7.55479e+006 27.1932
405435 7.55479e+006 27.1932
405435 7.55479e+006 27.1814
405434 7.55479e+006 27.1283
405434 7.55479e+006 27.1376
405434 7.55479e+006 27.1469
405435 7.55479e+006 27.205
405435 7.55479e+006 27.205
405435 7.55479e+006 27.1932
405434 7.55479e+006 27.1376
405435 7.55479e+006 27.205
405435 7.55479e+006 27.1932
405435 7.55479e+006 27.2312
405435 7.55479e+006 27.2312
405435 7.55479e+006 27.2447
405435 7.55479e+006 27.205
405435 7.55479e+006 27.1932
405435 7.55479e+006 27.1814
405435 7.55479e+006 27.2176
405435 7.55479e+006 27.2176
405435 7.55479e+006 27.2312
405435 7.55479e+006 27.1932
405435 7.55479e+006 27.1814
405435 7.55479e+006 27.1932
405435 7.55479e+006 27.2312
405435 7.55479e+006 27.2312
405435 7.55479e+006 27.2176
405435 7.55479e+006 27.1814
405435 7.55479e+006 27.1932
405435 7.55479e+006 27.205
405435 7.55479e+006 27.2447
405435 7.55479e+006 27.2447
405435 7.55479e+006 27.2312
405435 7.55479e+006 27.1932
405435 7.55479e+006 27.2447
405435 7.55479e+006 27.2312
405435 7.55479e+006 27.249
405435 7.55479e+006 27.249
405435 7.55479e+006 27.2633
405435 7.55479e+006 27.2447
405435 7.55479e+006 27.2312
405435 7.55479e+006 27.2176
405435 7.55479e+006 27.2346
405435 7.55479e+006 27.2346
405435 7.55479e+006 27.249
405435 7.55479e+006 27.2312
405435 7.55479e+006 27.2176
405435 7.55479e+006 27.2312
405435 7.55479e+006 27.249
405435 7.55479e+006 27.249
405435 7.55479e+006 27.2346
405435 7.55479e+006 27.2176
405435 7.55479e+006 27.2312
405435 7.55479e+006 27.2447
405435 7.55479e+006 27.2633
405435 7.55479e+006 27.2633
405435 7.55479e+006 27.249
405435 7.55479e+006 27.2312
405435 7.55479e+006 27.2633
405435 7.55479e+006 27.249
405435 7.55479e+006 27.2454
405435 7.55479e+006 27.2454
405435 7.55479e+006 27.2596
405435 7.55479e+006 27.2633
405435 7.55479e+006 27.249
405435 7.55479e+006 27.2346
405435 7.55479e+006 27.2312
405435 7.55479e+006 27.2312
405435 7.55479e+006 27.2454
405435 7.55479e+006 27.249
405435 7.55479e+006 27.2346
405435 7.55479e+006 27.249
405435 7.55479e+006 27.2454
405435 7.55479e+006 27.2454
405435 7.55479e+006 27.2312
405435 7.55479e+006 27.2346
405435 7.55479e+006 27.249
405435 7.55479e+006 27.2633
405435 7.55479e+006 27.2596
405435 7.55479e+006 27.2596
405435 7.55479e+006 27.2454
405435 7.55479e+006 27.249
405435 7.55479e+006 27.2596
405435 7.55479e+006 27.2454
405435 7.55479e+006 27.2206
405435 7.55479e+006 27.2206
405435 7.55479e+006 27.2337
405435 7.55479e+006 27.2596
405435 7.55479e+006 27.2454
405435 7.55479e+006 27.2312
405435 7.55479e+006 27.2076
405435 7.55479e+006 27.2076
405435 7.55479e+006 27.2206
405435 7.55479e+006 27.2454
405435 7.55479e+006 27.2312
405435 7.55479e+006 27.2454
405435 7.55479e+006 27.2206
405435 7.55479e+006 27.2206
405435 7.55479e+006 27.2076
405435 7.55479e+006 27.2312
405435 7.55479e+006 27.2454
405435 7.55479e+006 27.2596
405435 7.55479e+006 27.2337
405435 7.55479e+006 27.2337
405435 7.55479e+006 27.2206
405435 7.55479e+006 27.2454
405435 7.55479e+006 27.2337
405435 7.55479e+006 27.2206
405435 7.55479e+006 27.1764
405435 7.55479e+006 27.1764
405435 7.55479e+006 27.1875
405435 7.55479e+006 27.2337
405435 7.55479e+006 27.2206
405435 7.55479e+006 27.2076
405435 7.55479e+006 27.1654
405435 7.55479e+006 27.1654
405435 7.55479e+006 27.1764
405435 7.55479e+006 27.2206
405435 7.55479e+006 27.2076
405435 7.55479e+006 27.2206
405435 7.55479e+006 27.1764
405435 7.55479e+006 27.1764
405435 7.55479e+006 27.1654
405435 7.55479e+006 27.2076
405435 7.55479e+006 27.2206
405435 7.55479e+006 27.2337
405435 7.55479e+006 27.1875
405435 7.55479e+006 27.1875
405435 7.55479e+006 27.1764
405435 7.55479e+006 27.2206
405435 7.55479e+006 27.1875
405435 7.55479e+006 27.1764
405435 7.55479e+006 27.1158
405435 7.55479e+006 27.1158
405435 7.55479e+006 27.1241
405435 7.55479e+006 27.1875
405435 7.55479e+006 27.1764
405435 7.55479e+006 27.1654
405435 7.55479e+006 27.1075
405435 7.55479e+006 27.1075
405435 7.55479e+006 27.1158
405435 7.55479e+006 27.1764
405435 7.55479e+006 27.1654
405435 7.55479e+006 27.1764
405435 7.55479e+006 27.1158
405435 7.55479e+006 27.1158
405435 7.55479e+006 27.1075
405435 7.55479e+006 27.1654
405435 7.55479e+006 27.1764
405435 7.55479e+006 27.1875
405435 7.55479e+006 27.1241
405435 7.55479e+006 27.1241
405435 7.55479e+006 27.1158
405435 7.55479e+006 27.1764
405435 7.55479e+006 27.1241
405435 7.55479e+006 27.1158
405435 7.55479e+006 27.0428
405435 7.55479e+006 27.0428
405435 7.55479e+006 27.0477
405435 7.55479e+006 27.1241
405435 7.55479e+006 27.1158
405435 7.55479e+006 27.1075
405435 7.55479e+006 27.0379
405435 7.55479e+006 27.0379
405435 7.55479e+006 27.0428
405435 7.55479e+006 27.1158
405435 7.55479e+006 27.1075
405435 7.55479e+006 27.1158
405435 7.55479e+006 27.0428
405435 7.55479e+006 27.0428
405435 7.55479e+006 27.0379
405435 7.55479e+006 27.1075
405435 7.55479e+006 27.1158
405435 7.55479e+006 27.1241
405435 7.55479e+006 27.0477
405435 7.55479e+006 27.0477
405435 7.55479e+006 27.0428
405435 7.55479e+006 27.1158
405435 7.55479e+006 27.0477
405435 7.55479e+006 27.0428
405435 7.55479e+006 26.9625
405435 7.55479e+006 26.9625
405435 7.55479e+006 26.9638
405435 7.55479e+006 27.0477
405435 7.55479e+006 27.0428
405435 7.55479e+006 27.0379
405435 7.55479e+006 26.9612
405435 7.55479e+006 26.9612
405435 7.55479e+006 26.9625
405435 7.55479e+006 27.0428
405435 7.55479e+006 27.0379
405435 7.55479e+006 27.0428
405435 7.55479e+006 26.9625
405435 7.55479e+006 26.9625
405435 7.55479e+006 26.9612
405435 7.55479e+006 27.0379
405435 7.55479e+006 27.0428
405435 7.55479e+006 27.0477
405435 7.55479e+006 26.9638
405435 7.55479e+006 26.9638
405435 7.55479e+006 26.9625
405435 7.55479e+006 27.0428
405435 7.55479e+006 26.9638
405435 7.55479e+006 26.9625
405435 7.55479e+006 26.8803
405435 7.55479e+006 26.8803
405435 7.55479e+006 26.8778
405435 7.55479e+006 26.9638
405435 7.55479e+006 26.9625
405435 7.55479e+006 26.9612
405435 7.55479e+006 26.8828
405435 7.55479e+006 26.8828
405435 7.55479e+006 26.8803
405435 7.55479e+006 26.9625
405435 7.55479e+006 26.9612
405435 7.55479e+006 26.9625
405435 7.55479e+006 26.8803
405435 7.55479e+006 26.8803
405435 7.55479e+006 26.8828
405435 7.55479e+006 26.9612
405435 7.55479e+006 26.9625
405435 7.55479e+006 26.9638
405435 7.55479e+006 26.8778
405435 7.55479e+006 26.8778
405435 7.55479e+006 26.8803
405435 7.55479e+006 26.9625
405435 7.55479e+006 26.8778
405435 7.55479e+006 26.8803
405435 7.55479e+006 26.8019
405435 7.55479e+006 26.8019
405435 7.55479e+006 26.7958
405435 7.55479e+006 26.8778
405435 7.55479e+006 26.8803
405435 7.55479e+006 26.8828
405435 7.55479e+006 26.808
405435 7.55479e+006 26.808
405435 7.55479e+006 26.8019
405435 7.55479e+006 26.8803
405435 7.55479e+006 26.8828
405435 7.55479e+006 26.8803
405435 7.55479e+006 26.8019
405435 7.55479e+006 26.8019
405435 7.55479e+006 26.808
405435 7.55479e+006 26.8828
405435 7.55479e+006 26.8803
405435 7.55479e+006 26.8778
405435 7.55479e+006 26.7958
405435 7.55479e+006 26.7958
405435 7.55479e+006 26.8019
405435 7.55479e+006 26.8803
405435 7.55479e+006 26.7958
405435 7.55479e+006 26.8019
405435 7.55479e+006 26.7325
405435 7.55479e+006 26.7325
405435 7.55479e+006 26.7232
405435 7.55479e+006 26.7958
405435 7.55479e+006 26.8019
405435 7.55479e+006 26.808
405435 7.55479e+006 26.7417
405435 7.55479e+006 26.7417
405435 7.55479e+006 26.7325
405435 7.55479e+006 26.8019
405435 7.55479e+006 26.808
405435 7.55479e+006 26.8019
405435 7.55479e+006 26.7325
405435 7.55479e+006 26.7325
405435 7.55479e+006 26.7417
405435 7.55479e+006 26.808
405435 7.55479e+006 26.8019
405435 7.55479e+006 26.7958
405435 7.55479e+006 26.7232
405435 7.55479e+006 26.7232
405435 7.55479e+006 26.7325
405435 7.55479e+006 26.8019
405435 7.55479e+006 26.7232
405435 7.55479e+006 26.7325
405435 7.55479e+006 26.6769
405435 7.55479e+006 26.6769
405435 7.55479e+006 26.6651
405435 7.55479e+006 26.7232
405435 7.55479e+006 26.7325
405435 7.55479e+006 26.7417
405435 7.55479e+006 26.6887
405435 7.55479e+006 26.6887
405435 7.55479e+006 26.6769
405435 7.55479e+006 26.7325
405435 7.55479e+006 26.7417
405435 7.55479e+006 26.7325
405435 7.55479e+006 26.6769
405435 7.55479e+006 26.6769
405435 7.55479e+006 26.6887
405435 7.55479e+006 26.7417
405435 7.55479e+006 26.7325
405435 7.55479e+006 26.7232
405435 7.55479e+006 26.6651
405435 7.55479e+006 26.6651
405435 7.55479e+006 26.6769
405435 7.55479e+006 26.7325
405435 7.55479e+006 26.6651
405435 7.55479e+006 26.6769
405435 7.55479e+006 26.6389
405435 7.55479e+006 26.6389
405435 7.55479e+006 26.6253
405435 7.55479e+006 26.6651
405435 7.55479e+006 26.6769
405435 7.55479e+006 26.6887
405435 7.55479e+006 26.6525
405435 7.55479e+006 26.6525
405435 7.55479e+006 26.6389
405435 7.55479e+006 26.6769
405435 7.55479e+006 26.6887
405435 7.55479e+006 26.6769
405435 7.55479e+006 26.6389
405435 7.55479e+006 26.6389
405435 7.55479e+006 26.6525
405435 7.55479e+006 26.6887
405435 7.55479e+006 26.6769
405435 7.55479e+006 26.6651
405435 7.55479e+006 26.6253
405435 7.55479e+006 26.6253
405435 7.55479e+006 26.6389
405435 7.55479e+006 26.6769
405435 7.55479e+006 26.6253
405435 7.55479e+006 26.6389
405435 7.55479e+006 26.6211
405435 7.55479e+006 26.6211
405435 7.55479e+006 26.6067
405435 7.55479e+006 26.6253
405435 7.55479e+006 26.6389
405435 7.55479e+006 26.6525
405435 7.55479e+006 26.6355
405435 7.55479e+006 26.6355
405435 7.55479e+006 26.6211
405435 7.55479e+006 26.6389
405435 7.55479e+006 26.6525
405435 7.55479e+006 26.6389
405435 7.55479e+006 26.6211
405435 7.55479e+006 26.6211
405435 7.55479e+006 26.6355
405435 7.55479e+006 26.6525
405435 7.55479e+006 26.6389
405435 7.55479e+006 26.6253
405435 7.55479e+006 26.6067
405435 7.55479e+006 26.6067
405435 7.55479e+006 26.6211
405435 7.55479e+006 26.6389
405435 7.55479e+006 26.6067
405435 7.55479e+006 26.6211
405435 7.55479e+006 26.6247
405435 7.55479e+006 26.6247
405435 7.55479e+006 26.6105
405435 7.55479e+006 26.6067
405435 7.55479e+006 26.6211
405435 7.55479e+006 26.6355
405435 7.55479e+006 26.6389
405435 7.55479e+006 26.6389
405435 7.55479e+006 26.6247
405435 7.55479e+006 26.6211
405435 7.55479e+006 26.6355
405435 7.55479e+006 26.6211
405435 7.55479e+006 26.6247
405435 7.55479e+006 26.6247
405435 7.55479e+006 26.6389
405435 7.55479e+006 26.6355
405435 7.55479e+006 26.6211
405435 7.55479e+006 26.6067
405435 7.55479e+006 26.6105
405435 7.55479e+006 26.6105
405435 7.55479e+006 26.6247
405435 7.55479e+006 26.6211
405435 7.55479e+006 26.6105
405435 7.55479e+006 26.6247
405435 7.55479e+006 26.6494
405435 7.55479e+006 26.6494
405435 7.55479e+006 26.6363
405435 7.55479e+006 26.6105
405435 7.55479e+006 26.6247
405435 7.55479e+006 26.6389
405435 7.55479e+006 26.6625
405435 7.55479e+006 26.6625
405435 7.55479e+006 26.6494
405435 7.55479e+006 26.6247
405435 7.55479e+006 26.6389
405435 7.55479e+006 26.6247
405435 7.55479e+006 26.6494
405435 7.55479e+006 26.6494
405435 7.55479e+006 26.6625
405435 7.55479e+006 26.6389
405435 7.55479e+006 26.6247
405435 7.55479e+006 26.6105
405435 7.55479e+006 26.6363
405435 7.55479e+006 26.6363
405435 7.55479e+006 26.6494
405435 7.55479e+006 26.6247
405435 7.55479e+006 26.6363
405435 7.55479e+006 26.6494
405435 7.55479e+006 26.6936
405435 7.55479e+006 26.6936
405435 7.55479e+006 26.6826
405435 7.55479e+006 26.6363
405435 7.55479e+006 26.6494
405435 7.55479e+006 26.6625
405435 7.55479e+006 26.7047
405435 7.55479e+006 26.7047
405435 7.55479e+006 26.6936
405435 7.55479e+006 26.6494
405435 7.55479e+006 26.6625
405435 7.55479e+006 26.6494
405434 7.55479e+006 26.6936
405434 7.55479e+006 26.6936
405435 7.55479e+006 26.7047
405435 7.55479e+006 26.6625
405435 7.55479e+006 26.6494
405435 7.55479e+006 26.6363
405435 7.55479e+006 26.6826
405435 7.55479e+006 26.6826
405434 7.55479e+006 26.6936
405435 7.55479e+006 26.6494
405435 7.55479e+006 26.6826
405435 7.55479e+006 26.6936
405434 7.55479e+006 26.7543
405434 7.55479e+006 26.7543
405434 7.55479e+006 26.746
405435 7.55479e+006 26.6826
405435 7.55479e+006 26.6936
405435 7.55479e+006 26.7047
405434 7.55479e+006 26.7626
405434 7.55479e+006 26.7626
405434 7.55479e+006 26.7543
405435 7.55479e+006 26.6936
405435 7.55479e+006 26.7047
405434 7.55479e+006 26.6936
405434 7.55479e+006 26.7543
405434 7.55479e+006 26.7543
405434 7.55479e+006 26.7626
405435 7.55479e+006 26.7047
405434 7.55479e+006 26.6936
405435 7.55479e+006 26.6826
405434 7.55479e+006 26.746
405434 7.55479e+006 26.746
405434 7.55479e+006 26.7543
405434 7.55479e+006 26.6936
405434 7.55479e+006 26.746
405434 7.55479e+006 26.7543
405434 7.55479e+006 26.8272
405434 7.55479e+006 26.8272
405434 7.55479e+006 26.8223
405434 7.55479e+006 26.746
405434 7.55479e+006 26.7543
405434 7.55479e+006 26.7626
405434 7.55479e+006 26.8322
405434 7.55479e+006 26.8322
405434 7.55479e+006 26.8272
405434 7.55479e+006 26.7543
405434 7.55479e+006 26.7626
405434 7.55479e+006 26.7543
405434 7.55479e+006 26.8272
405434 7.55479e+006 26.8272
405434 7.55479e+006 26.8322
405434 7.55479e+006 26.7626
405434 7.55479e+006 26.7543
405434 7.55479e+006 26.746
405434 7.55479e+006 26.8223
405434 7.55479e+006 26.8223
405434 7.55479e+006 26.8272
405434 7.55479e+006 26.7543
405434 7.55479e+006 26.8223
405434 7.55479e+006 26.8272
405434 7.55479e+006 26.9076
405434 7.55479e+006 26.9076
405434 7.55479e+006 26.9063
405434 7.55479e+006 26.8223
405434 7.55479e+006 26.8272
405434 7.55479e+006 26.8322
405434 7.55479e+006 26.9088
405434 7.55479e+006 26.9088
405434 7.55479e+006 26.9076
405434 7.55479e+006 26.8272
405434 7.55479e+006 26.8322
405434 7.55479e+006 26.8272
405434 7.55479e+006 26.9076
405434 7.55479e+006 26.9076
405434 7.55479e+006 26.9088
405434 7.55479e+006 26.8322
405434 7.55479e+006 26.8272
405434 7.55479e+006 26.8223
405434 7.55479e+006 26.9063
405434 7.55479e+006 26.9063
405434 7.55479e+006 26.9076
405434 7.55479e+006 26.8272
405434 7.55479e+006 26.9063
405434 7.55479e+006 26.9076
405434 7.55479e+006 26.9898
405434 7.55479e+006 26.9898
405434 7.55479e+006 26.9923
405434 7.55479e+006 26.9063
405434 7.55479e+006 26.9076
405434 7.55479e+006 26.9088
405434 7.55479e+006 26.9872
405434 7.55479e+006 26.9872
405434 7.55479e+006 26.9898
405434 7.55479e+006 26.9076
405434 7.55479e+006 26.9088
405434 7.55479e+006 26.9076
405434 7.55479e+006 26.9898
405434 7.55479e+006 26.9898
405434 7.55479e+006 26.9872
405434 7.55479e+006 26.9088
405434 7.55479e+006 26.9076
405434 7.55479e+006 26.9063
405434 7.55479e+006 26.9923
405434 7.55479e+006 26.9923
405434 7.55479e+006 26.9898
405434 7.55479e+006 26.9076
405434 7.55479e+006 26.9923
405434 7.55479e+006 26.9898
405434 7.55479e+006 27.0682
405434 7.55479e+006 27.0682
405434 7.55479e+006 27.0743
405434 7.55479e+006 26.9923
405434 7.55479e+006 26.9898
405434 7.55479e+006 26.9872
405434 7.55479e+006 27.0621
405434 7.55479e+006 27.0621
405434 7.55479e+006 27.0682
405434 7.55479e+006 26.9898
405434 7.55479e+006 26.9872
405434 7.55479e+006 26.9898
405434 7.55479e+006 27.0682
405434 7.55479e+006 27.0682
405434 7.55479e+006 27.0621
405434 7.55479e+006 26.9872
405434 7.55479e+006 26.9898
405434 7.55479e+006 26.9923
405434 7.55479e+006 27.0743
405434 7.55479e+006 27.0743
405434 7.55479e+006 27.0682
405434 7.55479e+006 26.9898
405434 7.55479e+006 27.0743
405434 7.55479e+006 27.0682
405435 7.55479e+006 27.1376
405435 7.55479e+006 27.1376
405434 7.55479e+006 27.1469
405434 7.55479e+006 27.0743
405434 7.55479e+006 27.0682
405434 7.55479e+006 27.0621
405434 7.55479e+006 27.1283
405434 7.55479e+006 27.1283
405435 7.55479e+006 27.1376
405434 7.55479e+006 27.0682
405434 7.55479e+006 27.0621
405434 7.55479e+006 27.0682
405434 7.55479e+006 27.1376
405434 7.55479e+006 27.1376
405434 7.55479e+006 27.1283
405434 7.55479e+006 27.0621
405434 7.55479e+006 27.0682
405434 7.55479e+006 27.0743
405434 7.55479e+006 27.1469
405434 7.55479e+006 27.1469
405434 7.55479e+006 27.1376
405434 7.55479e+006 27.0682
405435 7.55479e+006 27.1723
405434 7.55479e+006 26.9635
405434 7.55479e+006 26.9566
405434 7.55479e+006 26.9566
405435 7.55479e+006 27.1653
405435 7.55479e+006 27.1723
405435 7.55479e+006 27.1723
405435 7.55479e+006 27.1777
405434 7.55479e+006 26.969
405434 7.55479e+006 26.969
405434 7.55479e+006 26.9635
405435 7.55479e+006 27.1723
405435 7.55479e+006 27.1777
405435 7.55479e+006 27.1742
405434 7.55479e+006 26.9654
405434 7.55479e+006 26.9654
405434 7.55479e+006 26.969
405435 7.55479e+006 27.1777
405435 7.55479e+006 27.1742
405435 7.55479e+006 27.1665
405434 7.55479e+006 26.9577
405434 7.55479e+006 26.9577
405434 7.55479e+006 26.9654
405435 7.55479e+006 27.1742
405435 7.55479e+006 27.1665
405435 7.55479e+006 27.1653
405434 7.55479e+006 26.9566
405434 7.55479e+006 26.9566
405434 7.55479e+006 26.9577
405435 7.55479e+006 27.1665
405435 7.55479e+006 26.7406
405434 7.55479e+006 26.9177
405434 7.55479e+006 26.9095
405434 7.55479e+006 26.9095
405435 7.55479e+006 26.7324
405435 7.55479e+006 26.7406
405435 7.55479e+006 26.7404
405434 7.55479e+006 26.9175
405434 7.55479e+006 26.9177
405434 7.55479e+006 26.9177
405435 7.55479e+006 26.7406
405435 7.55479e+006 26.7404
405435 7.55479e+006 26.732
405434 7.55479e+006 26.9091
405434 7.55479e+006 26.9175
405434 7.55479e+006 26.9175
405435 7.55479e+006 26.7404
405435 7.55479e+006 26.732
405435 7.55479e+006 26.727
405434 7.55479e+006 26.9041
405434 7.55479e+006 26.9091
405434 7.55479e+006 26.9091
405435 7.55479e+006 26.732
405435 7.55479e+006 26.727
405435 7.55479e+006 26.7324
405434 7.55479e+006 26.9095
405434 7.55479e+006 26.9041
405434 7.55479e+006 26.9041
405435 7.55479e+006 26.727
405435 7.55479e+006 26.7324
405435 7.55479e+006 26.6983
405434 7.55479e+006 26.9087
405434 7.55479e+006 26.9123
405434 7.55479e+006 26.9123
405435 7.55479e+006 26.7019
405435 7.55479e+006 26.6983
405435 7.55479e+006 26.7019
405434 7.55479e+006 26.9123
405434 7.55479e+006 26.9068
405434 7.55479e+006 26.9068
405434 7.55479e+006 26.6964
405435 7.55479e+006 26.7019
405434 7.55479e+006 26.6964
405434 7.55479e+006 26.9068
405434 7.55479e+006 26.8999
405434 7.55479e+006 26.8999
405435 7.55479e+006 26.6895
405434 7.55479e+006 26.6964
405435 7.55479e+006 26.6895
405434 7.55479e+006 26.8999
405434 7.55479e+006 26.901
405434 7.55479e+006 26.901
405435 7.55479e+006 26.6907
405435 7.55479e+006 26.6895
405435 7.55479e+006 26.6907
405434 7.55479e+006 26.901
405434 7.55479e+006 26.9087
405434 7.55479e+006 26.9087
405435 7.55479e+006 26.6983
405435 7.55479e+006 26.6907
405434 7.55479e+006 26.9087
405434 7.55479e+006 26.901
405434 7.55479e+006 26.8999
405434 7.55479e+006 26.9087
405434 7.55479e+006 26.8999
405434 7.55479e+006 26.9068
405434 7.55479e+006 26.9087
405434 7.55479e+006 26.9068
405434 7.55479e+006 26.9123
405434 7.55479e+006 26.9631
405434 7.55479e+006 26.9598
405434 7.55479e+006 26.9697
405434 7.55479e+006 26.9697
405434 7.55479e+006 26.9743
405434 7.55479e+006 26.9631
405434 7.55479e+006 26.9598
405434 7.55479e+006 26.9545
405434 7.55479e+006 26.9623
405434 7.55479e+006 26.9623
405434 7.55479e+006 26.9697
405434 7.55479e+006 26.9598
405434 7.55479e+006 26.9545
405434 7.55479e+006 26.9545
405434 7.55479e+006 26.9623
405434 7.55479e+006 26.9623
405434 7.55479e+006 26.9623
405434 7.55479e+006 26.9545
405434 7.55479e+006 26.9545
405434 7.55479e+006 26.9598
405434 7.55479e+006 26.9697
405434 7.55479e+006 26.9697
405434 7.55479e+006 26.9623
405434 7.55479e+006 26.9545
405434 7.55479e+006 26.9598
405434 7.55479e+006 26.9631
405434 7.55479e+006 26.9743
405434 7.55479e+006 26.9743
405434 7.55479e+006 26.9697
405434 7.55479e+006 26.9598
405434 7.55479e+006 26.9743
405434 7.55479e+006 26.9697
405434 7.55479e+006 26.9736
405434 7.55479e+006 26.9736
405434 7.55479e+006 26.9787
405434 7.55479e+006 26.9743
405434 7.55479e+006 26.9697
405434 7.55479e+006 26.9623
405434 7.55479e+006 26.9653
405434 7.55479e+006 26.9653
405434 7.55479e+006 26.9736
405434 7.55479e+006 26.9697
405434 7.55479e+006 26.9623
405434 7.55479e+006 26.9623
405434 7.55479e+006 26.9653
405434 7.55479e+006 26.9653
405434 7.55479e+006 26.9653
405434 7.55479e+006 26.9623
405434 7.55479e+006 26.9623
405434 7.55479e+006 26.9697
405434 7.55479e+006 26.9736
405434 7.55479e+006 26.9736
405434 7.55479e+006 26.9653
405434 7.55479e+006 26.9623
405434 7.55479e+006 26.9697
405434 7.55479e+006 26.9743
405434 7.55479e+006 26.9787
405434 7.55479e+006 26.9787
405434 7.55479e+006 26.9736
405434 7.55479e+006 26.9697
405434 7.55479e+006 26.9787
405434 7.55479e+006 26.9736
405434 7.55479e+006 26.9708
405434 7.55479e+006 26.9708
405434 7.55479e+006 26.9755
405434 7.55479e+006 26.9787
405434 7.55479e+006 26.9736
405434 7.55479e+006 26.9653
405434 7.55479e+006 26.9631
405434 7.55479e+006 26.9631
405434 7.55479e+006 26.9708
405434 7.55479e+006 26.9736
405434 7.55479e+006 26.9653
405434 7.55479e+006 26.9653
405434 7.55479e+006 26.9631
405434 7.55479e+006 26.9631
405434 7.55479e+006 26.9631
405434 7.55479e+006 26.9653
405434 7.55479e+006 26.9653
405434 7.55479e+006 26.9736
405434 7.55479e+006 26.9708
405434 7.55479e+006 26.9708
405434 7.55479e+006 26.9631
405434 7.55479e+006 26.9653
405434 7.55479e+006 26.9736
405434 7.55479e+006 26.9787
405434 7.55479e+006 26.9755
405434 7.55479e+006 26.9755
405434 7.55479e+006 26.9708
405434 7.55479e+006 26.9736
405434 7.55479e+006 26.9755
405434 7.55479e+006 26.9708
405435 7.55479e+006 26.9618
405435 7.55479e+006 26.9618
405434 7.55479e+006 26.9654
405434 7.55479e+006 26.9755
405434 7.55479e+006 26.9708
405434 7.55479e+006 26.9631
405434 7.55479e+006 26.9561
405434 7.55479e+006 26.9561
405435 7.55479e+006 26.9618
405434 7.55479e+006 26.9708
405434 7.55479e+006 26.9631
405434 7.55479e+006 26.9631
405434 7.55479e+006 26.9561
405434 7.55479e+006 26.9561
405434 7.55479e+006 26.9561
405434 7.55479e+006 26.9631
405434 7.55479e+006 26.9631
405434 7.55479e+006 26.9708
405434 7.55479e+006 26.9618
405434 7.55479e+006 26.9618
405434 7.55479e+006 26.9561
405434 7.55479e+006 26.9631
405434 7.55479e+006 26.9708
405434 7.55479e+006 26.9755
405434 7.55479e+006 26.9654
405434 7.55479e+006 26.9654
405434 7.55479e+006 26.9618
405434 7.55479e+006 26.9708
405434 7.55479e+006 26.9654
405435 7.55479e+006 26.9618
405435 7.55479e+006 26.9482
405435 7.55479e+006 26.9482
405434 7.55479e+006 26.95
405434 7.55479e+006 26.9654
405435 7.55479e+006 26.9618
405434 7.55479e+006 26.9561
405434 7.55479e+006 26.9454
405434 7.55479e+006 26.9454
405435 7.55479e+006 26.9482
405435 7.55479e+006 26.9618
405434 7.55479e+006 26.9561
405434 7.55479e+006 26.9561
405434 7.55479e+006 26.9454
405434 7.55479e+006 26.9454
405434 7.55479e+006 26.9454
405434 7.55479e+006 26.9561
405434 7.55479e+006 26.9561
405434 7.55479e+006 26.9618
405434 7.55479e+006 26.9482
405434 7.55479e+006 26.9482
405434 7.55479e+006 26.9454
405434 7.55479e+006 26.9561
405434 7.55479e+006 26.9618
405434 7.55479e+006 26.9654
405434 7.55479e+006 26.95
405434 7.55479e+006 26.95
405434 7.55479e+006 26.9482
405434 7.55479e+006 26.9618
405434 7.55479e+006 26.95
405435 7.55479e+006 26.9482
405435 7.55479e+006 26.9323
405435 7.55479e+006 26.9323
405434 7.55479e+006 26.932
405434 7.55479e+006 26.95
405435 7.55479e+006 26.9482
405434 7.55479e+006 26.9454
405434 7.55479e+006 26.9329
405434 7.55479e+006 26.9329
405435 7.55479e+006 26.9323
405435 7.55479e+006 26.9482
405434 7.55479e+006 26.9454
405434 7.55479e+006 26.9454
405434 7.55479e+006 26.9329
405434 7.55479e+006 26.9329
405434 7.55479e+006 26.9329
405434 7.55479e+006 26.9454
405434 7.55479e+006 26.9454
405434 7.55479e+006 26.9482
405434 7.55479e+006 26.9323
405434 7.55479e+006 26.9323
405434 7.55479e+006 26.9329
405434 7.55479e+006 26.9454
405434 7.55479e+006 26.9482
405434 7.55479e+006 26.95
405434 7.55479e+006 26.932
405434 7.55479e+006 26.932
405434 7.55479e+006 26.9323
405434 7.55479e+006 26.9482
405434 7.55479e+006 26.932
405435 7.55479e+006 26.9323
405435 7.55479e+006 26.9169
405435 7.55479e+006 26.9169
405434 7.55479e+006 26.9145
405434 7.55479e+006 26.932
405435 7.55479e+006 26.9323
405434 7.55479e+006 26.9329
405434 7.55479e+006 26.9208
405434 7.55479e+006 26.9208
405435 7.55479e+006 26.9169
405435 7.55479e+006 26.9323
405434 7.55479e+006 26.9329
405434 7.55479e+006 26.9329
405434 7.55479e+006 26.9208
405434 7.55479e+006 26.9208
405434 7.55479e+006 26.9208
405434 7.55479e+006 26.9329
405434 7.55479e+006 26.9329
405434 7.55479e+006 26.9323
405434 7.55479e+006 26.9169
405434 7.55479e+006 26.9169
405434 7.55479e+006 26.9208
405434 7.55479e+006 26.9329
405434 7.55479e+006 26.9323
405434 7.55479e+006 26.932
405434 7.55479e+006 26.9145
405434 7.55479e+006 26.9145
405434 7.55479e+006 26.9169
405434 7.55479e+006 26.9323
405434 7.55479e+006 26.9145
405435 7.55479e+006 26.9169
405434 7.55479e+006 26.9046
405434 7.55479e+006 26.9046
405434 7.55479e+006 26.9006
405434 7.55479e+006 26.9145
405435 7.55479e+006 26.9169
405434 7.55479e+006 26.9208
405434 7.55479e+006 26.9112
405434 7.55479e+006 26.9112
405434 7.55479e+006 26.9046
405435 7.55479e+006 26.9169
405434 7.55479e+006 26.9208
405434 7.55479e+006 26.9208
405434 7.55479e+006 26.9112
405434 7.55479e+006 26.9112
405434 7.55479e+006 26.9112
405434 7.55479e+006 26.9208
405434 7.55479e+006 26.9208
405434 7.55479e+006 26.9169
405434 7.55479e+006 26.9046
405434 7.55479e+006 26.9046
405434 7.55479e+006 26.9112
405434 7.55479e+006 26.9208
405434 7.55479e+006 26.9169
405434 7.55479e+006 26.9145
405434 7.55479e+006 26.9006
405434 7.55479e+006 26.9006
405434 7.55479e+006 26.9046
405434 7.55479e+006 26.9169
405434 7.55479e+006 26.9006
405434 7.55479e+006 26.9046
405434 7.55479e+006 26.8976
405434 7.55479e+006 26.8976
405434 7.55479e+006 26.8927
405434 7.55479e+006 26.9006
405434 7.55479e+006 26.9046
405434 7.55479e+006 26.9112
405434 7.55479e+006 26.9056
405434 7.55479e+006 26.9056
405434 7.55479e+006 26.8976
405434 7.55479e+006 26.9046
405434 7.55479e+006 26.9112
405434 7.55479e+006 26.9112
405434 7.55479e+006 26.9056
405434 7.55479e+006 26.9056
405434 7.55479e+006 26.9056
405434 7.55479e+006 26.9112
405434 7.55479e+006 26.9112
405434 7.55479e+006 26.9046
405434 7.55479e+006 26.8976
405434 7.55479e+006 26.8976
405434 7.55479e+006 26.9056
405434 7.55479e+006 26.9112
405434 7.55479e+006 26.9046
405434 7.55479e+006 26.9006
405434 7.55479e+006 26.8927
405434 7.55479e+006 26.8927
405434 7.55479e+006 26.8976
405434 7.55479e+006 26.9046
405434 7.55479e+006 26.8927
405434 7.55479e+006 26.8976
405434 7.55479e+006 26.8971
405434 7.55479e+006 26.8971
405434 7.55479e+006 26.892
405434 7.55479e+006 26.8927
405434 7.55479e+006 26.8976
405434 7.55479e+006 26.9056
405434 7.55479e+006 26.9052
405434 7.55479e+006 26.9052
405434 7.55479e+006 26.8971
405434 7.55479e+006 26.8976
405434 7.55479e+006 26.9056
405434 7.55479e+006 26.9056
405434 7.55479e+006 26.9052
405434 7.55479e+006 26.9052
405434 7.55479e+006 26.9052
405434 7.55479e+006 26.9056
405434 7.55479e+006 26.9056
405434 7.55479e+006 26.8976
405434 7.55479e+006 26.8971
405434 7.55479e+006 26.8971
405434 7.55479e+006 26.9052
405434 7.55479e+006 26.9056
405434 7.55479e+006 26.8976
405434 7.55479e+006 26.8927
405434 7.55479e+006 26.892
405434 7.55479e+006 26.892
405434 7.55479e+006 26.8971
405434 7.55479e+006 26.8976
405434 7.55479e+006 26.892
405434 7.55479e+006 26.8971
405434 7.55479e+006 26.9031
405434 7.55479e+006 26.9031
405434 7.55479e+006 26.8988
405434 7.55479e+006 26.892
405434 7.55479e+006 26.8971
405434 7.55479e+006 26.9052
405434 7.55479e+006 26.9099
405434 7.55479e+006 26.9099
405434 7.55479e+006 26.9031
405434 7.55479e+006 26.8971
405434 7.55479e+006 26.9052
405434 7.55479e+006 26.9052
405434 7.55479e+006 26.9099
405434 7.55479e+006 26.9099
405434 7.55479e+006 26.9099
405434 7.55479e+006 26.9052
405434 7.55479e+006 26.9052
405434 7.55479e+006 26.8971
405434 7.55479e+006 26.9031
405434 7.55479e+006 26.9031
405434 7.55479e+006 26.9099
405434 7.55479e+006 26.9052
405434 7.55479e+006 26.8971
405434 7.55479e+006 26.892
405434 7.55479e+006 26.8988
405434 7.55479e+006 26.8988
405434 7.55479e+006 26.9031
405434 7.55479e+006 26.8971
405434 7.55479e+006 26.8988
405434 7.55479e+006 26.9031
405434 7.55479e+006 26.9146
405434 7.55479e+006 26.9146
405434 7.55479e+006 26.9119
405434 7.55479e+006 26.8988
405434 7.55479e+006 26.9031
405434 7.55479e+006 26.9099
405434 7.55479e+006 26.919
405434 7.55479e+006 26.919
405434 7.55479e+006 26.9146
405434 7.55479e+006 26.9031
405434 7.55479e+006 26.9099
405434 7.55479e+006 26.9099
405434 7.55479e+006 26.919
405434 7.55479e+006 26.919
405434 7.55479e+006 26.919
405434 7.55479e+006 26.9099
405434 7.55479e+006 26.9099
405434 7.55479e+006 26.9031
405434 7.55479e+006 26.9146
405434 7.55479e+006 26.9146
405434 7.55479e+006 26.919
405434 7.55479e+006 26.9099
405434 7.55479e+006 26.9031
405434 7.55479e+006 26.8988
405434 7.55479e+006 26.9119
405434 7.55479e+006 26.9119
405434 7.55479e+006 26.9146
405434 7.55479e+006 26.9031
405434 7.55479e+006 26.9119
405434 7.55479e+006 26.9146
405434 7.55479e+006 26.9297
405434 7.55479e+006 26.9297
405434 7.55479e+006 26.929
405434 7.55479e+006 26.9119
405434 7.55479e+006 26.9146
405434 7.55479e+006 26.919
405434 7.55479e+006 26.9308
405434 7.55479e+006 26.9308
405434 7.55479e+006 26.9297
405434 7.55479e+006 26.9146
405434 7.55479e+006 26.919
405434 7.55479e+006 26.919
405434 7.55479e+006 26.9308
405434 7.55479e+006 26.9308
405434 7.55479e+006 26.9308
405434 7.55479e+006 26.919
405434 7.55479e+006 26.919
405434 7.55479e+006 26.9146
405434 7.55479e+006 26.9297
405434 7.55479e+006 26.9297
405434 7.55479e+006 26.9308
405434 7.55479e+006 26.919
405434 7.55479e+006 26.9146
405434 7.55479e+006 26.9119
405434 7.55479e+006 26.929
405434 7.55479e+006 26.929
405434 7.55479e+006 26.9297
405434 7.55479e+006 26.9146
405434 7.55479e+006 26.929
405434 7.55479e+006 26.9297
405434 7.55479e+006 26.9457
405434 7.55479e+006 26.9457
405434 7.55479e+006 26.9471
405434 7.55479e+006 26.929
405434 7.55479e+006 26.9297
405434 7.55479e+006 26.9308
405434 7.55479e+006 26.9434
405434 7.55479e+006 26.9434
405434 7.55479e+006 26.9457
405434 7.55479e+006 26.9297
405434 7.55479e+006 26.9308
405434 7.55479e+006 26.9308
405434 7.55479e+006 26.9434
405434 7.55479e+006 26.9434
405434 7.55479e+006 26.9434
405434 7.55479e+006 26.9308
405434 7.55479e+006 26.9308
405434 7.55479e+006 26.9297
405434 7.55479e+006 26.9457
405434 7.55479e+006 26.9457
405434 7.55479e+006 26.9434
405434 7.55479e+006 26.9308
405434 7.55479e+006 26.9297
405434 7.55479e+006 26.929
405434 7.55479e+006 26.9471
405434 7.55479e+006 26.9471
405434 7.55479e+006 26.9457
405434 7.55479e+006 26.9297
405434 7.55479e+006 26.9471
405434 7.55479e+006 26.9457
405434 7.55479e+006 26.9598
405434 7.55479e+006 26.9598
405434 7.55479e+006 26.9631
405434 7.55479e+006 26.9471
405434 7.55479e+006 26.9457
405434 7.55479e+006 26.9434
405434 7.55479e+006 26.9545
405434 7.55479e+006 26.9545
405434 7.55479e+006 26.9598
405434 7.55479e+006 26.9457
405434 7.55479e+006 26.9434
405434 7.55479e+006 26.9434
405434 7.55479e+006 26.9545
405434 7.55479e+006 26.9545
405434 7.55479e+006 26.9545
405434 7.55479e+006 26.9434
405434 7.55479e+006 26.9434
405434 7.55479e+006 26.9457
405434 7.55479e+006 26.9598
405434 7.55479e+006 26.9598
405434 7.55479e+006 26.9545
405434 7.55479e+006 26.9434
405434 7.55479e+006 26.9457
405434 7.55479e+006 26.9471
405434 7.55479e+006 26.9631
405434 7.55479e+006 26.9631
405434 7.55479e+006 26.9598
405434 7.55479e+006 26.9457
405434 7.55479e+006 27.1309
405434 7.55479e+006 26.9535
405434 7.55479e+006 26.9619
405434 7.55479e+006 26.9619
405434 7.55479e+006 27.1393
405434 7.55479e+006 27.1309
405434 7.55479e+006 27.1393
405434 7.55479e+006 26.9619
405434 7.55479e+006 26.9622
405434 7.55479e+006 26.9622
405434 7.55479e+006 27.1396
405434 7.55479e+006 27.1393
405434 7.55479e+006 27.1396
405434 7.55479e+006 26.9622
405434 7.55479e+006 26.9539
405434 7.55479e+006 26.9539
405434 7.55479e+006 27.1313
405434 7.55479e+006 27.1396
405434 7.55479e+006 27.1313
405434 7.55479e+006 26.9539
405434 7.55479e+006 26.9485
405434 7.55479e+006 26.9485
405434 7.55479e+006 27.126
405434 7.55479e+006 27.1313
405434 7.55479e+006 27.126
405434 7.55479e+006 26.9485
405434 7.55479e+006 26.9535
405434 7.55479e+006 26.9535
405434 7.55479e+006 27.1309
405434 7.55479e+006 27.126
