405433 7.55479e+006 25.666
405433 7.55479e+006 25.677
405433 7.55479e+006 25.7377
405433 7.55479e+006 25.7377
405433 7.55479e+006 25.7294
405433 7.55479e+006 25.666
405433 7.55479e+006 25.677
405433 7.55479e+006 25.6881
405433 7.55479e+006 25.746
405433 7.55479e+006 25.746
405433 7.55479e+006 25.7377
405433 7.55479e+006 25.677
405433 7.55479e+006 25.6881
405433 7.55479e+006 25.677
405433 7.55479e+006 25.7377
405433 7.55479e+006 25.7377
405433 7.55479e+006 25.746
405433 7.55479e+006 25.6881
405433 7.55479e+006 25.677
405433 7.55479e+006 25.666
405433 7.55479e+006 25.7294
405433 7.55479e+006 25.7294
405433 7.55479e+006 25.7377
405433 7.55479e+006 25.677
405433 7.55479e+006 25.7294
405433 7.55479e+006 25.7377
405433 7.55479e+006 25.8107
405433 7.55479e+006 25.8107
405433 7.55479e+006 25.8057
405433 7.55479e+006 25.7294
405433 7.55479e+006 25.7377
405433 7.55479e+006 25.746
405433 7.55479e+006 25.8156
405433 7.55479e+006 25.8156
405433 7.55479e+006 25.8107
405433 7.55479e+006 25.7377
405433 7.55479e+006 25.746
405433 7.55479e+006 25.7377
405433 7.55479e+006 25.8107
405433 7.55479e+006 25.8107
405433 7.55479e+006 25.8156
405433 7.55479e+006 25.746
405433 7.55479e+006 25.7377
405433 7.55479e+006 25.7294
405433 7.55479e+006 25.8057
405433 7.55479e+006 25.8057
405433 7.55479e+006 25.8107
405433 7.55479e+006 25.7377
405433 7.55479e+006 25.8057
405433 7.55479e+006 25.8107
405433 7.55479e+006 25.891
405433 7.55479e+006 25.891
405433 7.55479e+006 25.8897
405433 7.55479e+006 25.8057
405433 7.55479e+006 25.8107
405433 7.55479e+006 25.8156
405433 7.55479e+006 25.8922
405433 7.55479e+006 25.8922
405433 7.55479e+006 25.891
405433 7.55479e+006 25.8107
405433 7.55479e+006 25.8156
405433 7.55479e+006 25.8107
405433 7.55479e+006 25.891
405433 7.55479e+006 25.891
405433 7.55479e+006 25.8922
405433 7.55479e+006 25.8156
405433 7.55479e+006 25.8107
405433 7.55479e+006 25.8057
405433 7.55479e+006 25.8897
405433 7.55479e+006 25.8897
405433 7.55479e+006 25.891
405433 7.55479e+006 25.8107
405433 7.55479e+006 25.8897
405433 7.55479e+006 25.891
405433 7.55479e+006 25.9732
405433 7.55479e+006 25.9732
405433 7.55479e+006 25.9757
405433 7.55479e+006 25.8897
405433 7.55479e+006 25.891
405433 7.55479e+006 25.8922
405433 7.55479e+006 25.9706
405433 7.55479e+006 25.9706
405433 7.55479e+006 25.9732
405433 7.55479e+006 25.891
405433 7.55479e+006 25.8922
405433 7.55479e+006 25.891
405433 7.55479e+006 25.9732
405433 7.55479e+006 25.9732
405433 7.55479e+006 25.9706
405433 7.55479e+006 25.8922
405433 7.55479e+006 25.891
405433 7.55479e+006 25.8897
405433 7.55479e+006 25.9757
405433 7.55479e+006 25.9757
405433 7.55479e+006 25.9732
405433 7.55479e+006 25.891
405433 7.55479e+006 25.9757
405433 7.55479e+006 25.9732
405433 7.55479e+006 26.0516
405433 7.55479e+006 26.0516
405433 7.55479e+006 26.0577
405433 7.55479e+006 25.9757
405433 7.55479e+006 25.9732
405433 7.55479e+006 25.9706
405433 7.55479e+006 26.0455
405433 7.55479e+006 26.0455
405433 7.55479e+006 26.0516
405433 7.55479e+006 25.9732
405433 7.55479e+006 25.9706
405433 7.55479e+006 25.9732
405433 7.55479e+006 26.0516
405433 7.55479e+006 26.0516
405433 7.55479e+006 26.0455
405433 7.55479e+006 25.9706
405433 7.55479e+006 25.9732
405433 7.55479e+006 25.9757
405433 7.55479e+006 26.0577
405433 7.55479e+006 26.0577
405433 7.55479e+006 26.0516
405433 7.55479e+006 25.9732
405433 7.55479e+006 26.0577
405433 7.55479e+006 26.0516
405433 7.55479e+006 26.121
405433 7.55479e+006 26.121
405433 7.55479e+006 26.1303
405433 7.55479e+006 26.0577
405433 7.55479e+006 26.0516
405433 7.55479e+006 26.0455
405433 7.55479e+006 26.1117
405433 7.55479e+006 26.1117
405433 7.55479e+006 26.121
405433 7.55479e+006 26.0516
405433 7.55479e+006 26.0455
405433 7.55479e+006 26.0516
405433 7.55479e+006 26.121
405433 7.55479e+006 26.121
405433 7.55479e+006 26.1117
405433 7.55479e+006 26.0455
405433 7.55479e+006 26.0516
405433 7.55479e+006 26.0577
405433 7.55479e+006 26.1303
405433 7.55479e+006 26.1303
405433 7.55479e+006 26.121
405433 7.55479e+006 26.0516
405433 7.55479e+006 26.1303
405433 7.55479e+006 26.121
405433 7.55479e+006 26.1766
405433 7.55479e+006 26.1766
405433 7.55479e+006 26.1884
405433 7.55479e+006 26.1303
405433 7.55479e+006 26.121
405433 7.55479e+006 26.1117
405433 7.55479e+006 26.1648
405433 7.55479e+006 26.1648
405433 7.55479e+006 26.1766
405433 7.55479e+006 26.121
405433 7.55479e+006 26.1117
405433 7.55479e+006 26.121
405433 7.55479e+006 26.1766
405433 7.55479e+006 26.1766
405433 7.55479e+006 26.1648
405433 7.55479e+006 26.1117
405433 7.55479e+006 26.121
405433 7.55479e+006 26.1303
405433 7.55479e+006 26.1884
405433 7.55479e+006 26.1884
405433 7.55479e+006 26.1766
405433 7.55479e+006 26.121
405433 7.55479e+006 26.1884
405433 7.55479e+006 26.1766
405433 7.55479e+006 26.2146
405433 7.55479e+006 26.2146
405433 7.55479e+006 26.2281
405433 7.55479e+006 26.1884
405433 7.55479e+006 26.1766
405433 7.55479e+006 26.1648
405433 7.55479e+006 26.201
405433 7.55479e+006 26.201
405433 7.55479e+006 26.2146
405433 7.55479e+006 26.1766
405433 7.55479e+006 26.1648
405433 7.55479e+006 26.1766
405433 7.55479e+006 26.2146
405433 7.55479e+006 26.2146
405433 7.55479e+006 26.201
405433 7.55479e+006 26.1648
405433 7.55479e+006 26.1766
405433 7.55479e+006 26.1884
405433 7.55479e+006 26.2281
405433 7.55479e+006 26.2281
405433 7.55479e+006 26.2146
405433 7.55479e+006 26.1766
405433 7.55479e+006 26.2281
405433 7.55479e+006 26.2146
405433 7.55479e+006 26.2324
405433 7.55479e+006 26.2324
405433 7.55479e+006 26.2467
405433 7.55479e+006 26.2281
405433 7.55479e+006 26.2146
405433 7.55479e+006 26.201
405433 7.55479e+006 26.218
405433 7.55479e+006 26.218
405433 7.55479e+006 26.2324
405433 7.55479e+006 26.2146
405433 7.55479e+006 26.201
405433 7.55479e+006 26.2146
405433 7.55479e+006 26.2324
405433 7.55479e+006 26.2324
405433 7.55479e+006 26.218
405433 7.55479e+006 26.201
405433 7.55479e+006 26.2146
405433 7.55479e+006 26.2281
405433 7.55479e+006 26.2467
405433 7.55479e+006 26.2467
405433 7.55479e+006 26.2324
405433 7.55479e+006 26.2146
405433 7.55479e+006 26.2467
405433 7.55479e+006 26.2324
405433 7.55479e+006 26.2288
405433 7.55479e+006 26.2288
405433 7.55479e+006 26.243
405433 7.55479e+006 26.2467
405433 7.55479e+006 26.2324
405433 7.55479e+006 26.218
405433 7.55479e+006 26.2146
405433 7.55479e+006 26.2146
405433 7.55479e+006 26.2288
405433 7.55479e+006 26.2324
405433 7.55479e+006 26.218
405433 7.55479e+006 26.2324
405433 7.55479e+006 26.2288
405433 7.55479e+006 26.2288
405433 7.55479e+006 26.2146
405433 7.55479e+006 26.218
405433 7.55479e+006 26.2324
405433 7.55479e+006 26.2467
405433 7.55479e+006 26.243
405433 7.55479e+006 26.243
405433 7.55479e+006 26.2288
405433 7.55479e+006 26.2324
405433 7.55479e+006 26.243
405433 7.55479e+006 26.2288
405433 7.55479e+006 26.204
405433 7.55479e+006 26.204
405433 7.55479e+006 26.2171
405433 7.55479e+006 26.243
405433 7.55479e+006 26.2288
405433 7.55479e+006 26.2146
405433 7.55479e+006 26.191
405433 7.55479e+006 26.191
405433 7.55479e+006 26.204
405433 7.55479e+006 26.2288
405433 7.55479e+006 26.2146
405433 7.55479e+006 26.2288
405433 7.55479e+006 26.204
405433 7.55479e+006 26.204
405433 7.55479e+006 26.191
405433 7.55479e+006 26.2146
405433 7.55479e+006 26.2288
405433 7.55479e+006 26.243
405433 7.55479e+006 26.2171
405433 7.55479e+006 26.2171
405433 7.55479e+006 26.204
405433 7.55479e+006 26.2288
405433 7.55479e+006 26.2171
405433 7.55479e+006 26.204
405433 7.55479e+006 26.1598
405433 7.55479e+006 26.1598
405433 7.55479e+006 26.1709
405433 7.55479e+006 26.2171
405433 7.55479e+006 26.204
405433 7.55479e+006 26.191
405433 7.55479e+006 26.1488
405433 7.55479e+006 26.1488
405433 7.55479e+006 26.1598
405433 7.55479e+006 26.204
405433 7.55479e+006 26.191
405433 7.55479e+006 26.204
405433 7.55479e+006 26.1598
405433 7.55479e+006 26.1598
405433 7.55479e+006 26.1488
405433 7.55479e+006 26.191
405433 7.55479e+006 26.204
405433 7.55479e+006 26.2171
405433 7.55479e+006 26.1709
405433 7.55479e+006 26.1709
405433 7.55479e+006 26.1598
405433 7.55479e+006 26.204
405433 7.55479e+006 26.1709
405433 7.55479e+006 26.1598
405433 7.55479e+006 26.0992
405433 7.55479e+006 26.0992
405433 7.55479e+006 26.1075
405433 7.55479e+006 26.1709
405433 7.55479e+006 26.1598
405433 7.55479e+006 26.1488
405433 7.55479e+006 26.0909
405433 7.55479e+006 26.0909
405433 7.55479e+006 26.0992
405433 7.55479e+006 26.1598
405433 7.55479e+006 26.1488
405433 7.55479e+006 26.1598
405433 7.55479e+006 26.0992
405433 7.55479e+006 26.0992
405433 7.55479e+006 26.0909
405433 7.55479e+006 26.1488
405433 7.55479e+006 26.1598
405433 7.55479e+006 26.1709
405433 7.55479e+006 26.1075
405433 7.55479e+006 26.1075
405433 7.55479e+006 26.0992
405433 7.55479e+006 26.1598
405433 7.55479e+006 26.1075
405433 7.55479e+006 26.0992
405433 7.55479e+006 26.0262
405433 7.55479e+006 26.0262
405433 7.55479e+006 26.0311
405433 7.55479e+006 26.1075
405433 7.55479e+006 26.0992
405433 7.55479e+006 26.0909
405433 7.55479e+006 26.0213
405433 7.55479e+006 26.0213
405433 7.55479e+006 26.0262
405433 7.55479e+006 26.0992
405433 7.55479e+006 26.0909
405433 7.55479e+006 26.0992
405433 7.55479e+006 26.0262
405433 7.55479e+006 26.0262
405433 7.55479e+006 26.0213
405433 7.55479e+006 26.0909
405433 7.55479e+006 26.0992
405433 7.55479e+006 26.1075
405433 7.55479e+006 26.0311
405433 7.55479e+006 26.0311
405433 7.55479e+006 26.0262
405433 7.55479e+006 26.0992
405433 7.55479e+006 26.0311
405433 7.55479e+006 26.0262
405433 7.55479e+006 25.9459
405433 7.55479e+006 25.9459
405433 7.55479e+006 25.9472
405433 7.55479e+006 26.0311
405433 7.55479e+006 26.0262
405433 7.55479e+006 26.0213
405433 7.55479e+006 25.9446
405433 7.55479e+006 25.9446
405433 7.55479e+006 25.9459
405433 7.55479e+006 26.0262
405433 7.55479e+006 26.0213
405433 7.55479e+006 26.0262
405433 7.55479e+006 25.9459
405433 7.55479e+006 25.9459
405433 7.55479e+006 25.9446
405433 7.55479e+006 26.0213
405433 7.55479e+006 26.0262
405433 7.55479e+006 26.0311
405433 7.55479e+006 25.9472
405433 7.55479e+006 25.9472
405433 7.55479e+006 25.9459
405433 7.55479e+006 26.0262
405433 7.55479e+006 25.9472
405433 7.55479e+006 25.9459
405433 7.55479e+006 25.8637
405433 7.55479e+006 25.8637
405433 7.55479e+006 25.8612
405433 7.55479e+006 25.9472
405433 7.55479e+006 25.9459
405433 7.55479e+006 25.9446
405433 7.55479e+006 25.8662
405433 7.55479e+006 25.8662
405433 7.55479e+006 25.8637
405433 7.55479e+006 25.9459
405433 7.55479e+006 25.9446
405433 7.55479e+006 25.9459
405433 7.55479e+006 25.8637
405433 7.55479e+006 25.8637
405433 7.55479e+006 25.8662
405433 7.55479e+006 25.9446
405433 7.55479e+006 25.9459
405433 7.55479e+006 25.9472
405433 7.55479e+006 25.8612
405433 7.55479e+006 25.8612
405433 7.55479e+006 25.8637
405433 7.55479e+006 25.9459
405433 7.55479e+006 25.8612
405433 7.55479e+006 25.8637
405433 7.55479e+006 25.7853
405433 7.55479e+006 25.7853
405433 7.55479e+006 25.7792
405433 7.55479e+006 25.8612
405433 7.55479e+006 25.8637
405433 7.55479e+006 25.8662
405433 7.55479e+006 25.7913
405433 7.55479e+006 25.7913
405433 7.55479e+006 25.7853
405433 7.55479e+006 25.8637
405433 7.55479e+006 25.8662
405433 7.55479e+006 25.8637
405433 7.55479e+006 25.7853
405433 7.55479e+006 25.7853
405433 7.55479e+006 25.7913
405433 7.55479e+006 25.8662
405433 7.55479e+006 25.8637
405433 7.55479e+006 25.8612
405433 7.55479e+006 25.7792
405433 7.55479e+006 25.7792
405433 7.55479e+006 25.7853
405433 7.55479e+006 25.8637
405433 7.55479e+006 25.7792
405433 7.55479e+006 25.7853
405433 7.55479e+006 25.7159
405433 7.55479e+006 25.7159
405433 7.55479e+006 25.7066
405433 7.55479e+006 25.7792
405433 7.55479e+006 25.7853
405433 7.55479e+006 25.7913
405433 7.55479e+006 25.7251
405433 7.55479e+006 25.7251
405433 7.55479e+006 25.7159
405433 7.55479e+006 25.7853
405433 7.55479e+006 25.7913
405433 7.55479e+006 25.7853
405433 7.55479e+006 25.7159
405433 7.55479e+006 25.7159
405433 7.55479e+006 25.7251
405433 7.55479e+006 25.7913
405433 7.55479e+006 25.7853
405433 7.55479e+006 25.7792
405433 7.55479e+006 25.7066
405433 7.55479e+006 25.7066
405433 7.55479e+006 25.7159
405433 7.55479e+006 25.7853
405433 7.55479e+006 25.7066
405433 7.55479e+006 25.7159
405433 7.55479e+006 25.6603
405433 7.55479e+006 25.6603
405433 7.55479e+006 25.6485
405433 7.55479e+006 25.7066
405433 7.55479e+006 25.7159
405433 7.55479e+006 25.7251
405433 7.55479e+006 25.6721
405433 7.55479e+006 25.6721
405433 7.55479e+006 25.6603
405433 7.55479e+006 25.7159
405433 7.55479e+006 25.7251
405433 7.55479e+006 25.7159
405433 7.55479e+006 25.6603
405433 7.55479e+006 25.6603
405433 7.55479e+006 25.6721
405433 7.55479e+006 25.7251
405433 7.55479e+006 25.7159
405433 7.55479e+006 25.7066
405433 7.55479e+006 25.6485
405433 7.55479e+006 25.6485
405433 7.55479e+006 25.6603
405433 7.55479e+006 25.7159
405433 7.55479e+006 25.6485
405433 7.55479e+006 25.6603
405433 7.55479e+006 25.6223
405433 7.55479e+006 25.6223
405433 7.55479e+006 25.6087
405433 7.55479e+006 25.6485
405433 7.55479e+006 25.6603
405433 7.55479e+006 25.6721
405433 7.55479e+006 25.6359
405433 7.55479e+006 25.6359
405433 7.55479e+006 25.6223
405433 7.55479e+006 25.6603
405433 7.55479e+006 25.6721
405433 7.55479e+006 25.6603
405433 7.55479e+006 25.6223
405433 7.55479e+006 25.6223
405433 7.55479e+006 25.6359
405433 7.55479e+006 25.6721
405433 7.55479e+006 25.6603
405433 7.55479e+006 25.6485
405433 7.55479e+006 25.6087
405433 7.55479e+006 25.6087
405433 7.55479e+006 25.6223
405433 7.55479e+006 25.6603
405433 7.55479e+006 25.6087
405433 7.55479e+006 25.6223
405433 7.55479e+006 25.6045
405433 7.55479e+006 25.6045
405433 7.55479e+006 25.5901
405433 7.55479e+006 25.6087
405433 7.55479e+006 25.6223
405433 7.55479e+006 25.6359
405433 7.55479e+006 25.6189
405433 7.55479e+006 25.6189
405433 7.55479e+006 25.6045
405433 7.55479e+006 25.6223
405433 7.55479e+006 25.6359
405433 7.55479e+006 25.6223
405433 7.55479e+006 25.6045
405433 7.55479e+006 25.6045
405433 7.55479e+006 25.6189
405433 7.55479e+006 25.6359
405433 7.55479e+006 25.6223
405433 7.55479e+006 25.6087
405433 7.55479e+006 25.5901
405433 7.55479e+006 25.5901
405433 7.55479e+006 25.6045
405433 7.55479e+006 25.6223
405433 7.55479e+006 25.5901
405433 7.55479e+006 25.6045
405433 7.55479e+006 25.6081
405433 7.55479e+006 25.6081
405433 7.55479e+006 25.5939
405433 7.55479e+006 25.5901
405433 7.55479e+006 25.6045
405433 7.55479e+006 25.6189
405433 7.55479e+006 25.6223
405433 7.55479e+006 25.6223
405433 7.55479e+006 25.6081
405433 7.55479e+006 25.6045
405433 7.55479e+006 25.6189
405433 7.55479e+006 25.6045
405433 7.55479e+006 25.6081
405433 7.55479e+006 25.6081
405433 7.55479e+006 25.6223
405433 7.55479e+006 25.6189
405433 7.55479e+006 25.6045
405433 7.55479e+006 25.5901
405433 7.55479e+006 25.5939
405433 7.55479e+006 25.5939
405433 7.55479e+006 25.6081
405433 7.55479e+006 25.6045
405433 7.55479e+006 25.5939
405433 7.55479e+006 25.6081
405433 7.55479e+006 25.6328
405433 7.55479e+006 25.6328
405433 7.55479e+006 25.6197
405433 7.55479e+006 25.5939
405433 7.55479e+006 25.6081
405433 7.55479e+006 25.6223
405433 7.55479e+006 25.6459
405433 7.55479e+006 25.6459
405433 7.55479e+006 25.6328
405433 7.55479e+006 25.6081
405433 7.55479e+006 25.6223
405433 7.55479e+006 25.6081
405433 7.55479e+006 25.6328
405433 7.55479e+006 25.6328
405433 7.55479e+006 25.6459
405433 7.55479e+006 25.6223
405433 7.55479e+006 25.6081
405433 7.55479e+006 25.5939
405433 7.55479e+006 25.6197
405433 7.55479e+006 25.6197
405433 7.55479e+006 25.6328
405433 7.55479e+006 25.6081
405433 7.55479e+006 25.6197
405433 7.55479e+006 25.6328
405433 7.55479e+006 25.677
405433 7.55479e+006 25.677
405433 7.55479e+006 25.666
405433 7.55479e+006 25.6197
405433 7.55479e+006 25.6328
405433 7.55479e+006 25.6459
405433 7.55479e+006 25.6881
405433 7.55479e+006 25.6881
405433 7.55479e+006 25.677
405433 7.55479e+006 25.6328
405433 7.55479e+006 25.6459
405433 7.55479e+006 25.6328
405433 7.55479e+006 25.677
405433 7.55479e+006 25.677
405433 7.55479e+006 25.6881
405433 7.55479e+006 25.6459
405433 7.55479e+006 25.6328
405433 7.55479e+006 25.6197
405433 7.55479e+006 25.666
405433 7.55479e+006 25.666
405433 7.55479e+006 25.677
405433 7.55479e+006 25.6328
405433 7.55479e+006 26.1133
405433 7.55479e+006 25.936
405433 7.55479e+006 25.9442
405433 7.55479e+006 25.9442
405433 7.55479e+006 26.1216
405433 7.55479e+006 26.1133
405433 7.55479e+006 26.1133
405433 7.55479e+006 26.1136
405433 7.55479e+006 25.9362
405433 7.55479e+006 25.9362
405433 7.55479e+006 25.936
405433 7.55479e+006 26.1133
405433 7.55479e+006 26.1136
405433 7.55479e+006 26.122
405433 7.55479e+006 25.9446
405433 7.55479e+006 25.9446
405433 7.55479e+006 25.9362
405433 7.55479e+006 26.1136
405433 7.55479e+006 26.122
405433 7.55479e+006 26.1269
405433 7.55479e+006 25.9496
405433 7.55479e+006 25.9496
405433 7.55479e+006 25.9446
405433 7.55479e+006 26.122
405433 7.55479e+006 26.1269
405433 7.55479e+006 26.1216
405433 7.55479e+006 25.9442
405433 7.55479e+006 25.9442
405433 7.55479e+006 25.9496
405433 7.55479e+006 26.1269
405433 7.55479e+006 26.1558
405433 7.55479e+006 25.9447
405433 7.55479e+006 25.9378
405433 7.55479e+006 25.9378
405433 7.55479e+006 26.1488
405433 7.55479e+006 26.1558
405433 7.55479e+006 26.1613
405433 7.55479e+006 25.9502
405433 7.55479e+006 25.9447
405433 7.55479e+006 25.9447
405433 7.55479e+006 26.1558
405433 7.55479e+006 26.1613
405433 7.55479e+006 26.1577
405433 7.55479e+006 25.9467
405433 7.55479e+006 25.9502
405433 7.55479e+006 25.9502
405433 7.55479e+006 26.1613
405433 7.55479e+006 26.1577
405433 7.55479e+006 26.15
405433 7.55479e+006 25.939
405433 7.55479e+006 25.9467
405433 7.55479e+006 25.9467
405433 7.55479e+006 26.1577
405433 7.55479e+006 26.15
405433 7.55479e+006 26.1488
405433 7.55479e+006 25.9378
405433 7.55479e+006 25.939
405433 7.55479e+006 25.939
405433 7.55479e+006 26.15
405433 7.55479e+006 26.1488
405433 7.55479e+006 25.7227
405433 7.55479e+006 25.8992
405433 7.55479e+006 25.8908
405433 7.55479e+006 25.8908
405433 7.55479e+006 25.7143
405433 7.55479e+006 25.7227
405433 7.55479e+006 25.7143
405433 7.55479e+006 25.8908
405433 7.55479e+006 25.8906
405433 7.55479e+006 25.8906
405433 7.55479e+006 25.714
405433 7.55479e+006 25.7143
405433 7.55479e+006 25.714
405433 7.55479e+006 25.8906
405433 7.55479e+006 25.8988
405433 7.55479e+006 25.8988
405433 7.55479e+006 25.7223
405433 7.55479e+006 25.714
405433 7.55479e+006 25.7223
405433 7.55479e+006 25.8988
405433 7.55479e+006 25.9042
405433 7.55479e+006 25.9042
405433 7.55479e+006 25.7277
405433 7.55479e+006 25.7223
405433 7.55479e+006 25.7277
405433 7.55479e+006 25.9042
405433 7.55479e+006 25.8992
405433 7.55479e+006 25.8992
405433 7.55479e+006 25.7227
405433 7.55479e+006 25.7277
405433 7.55479e+006 25.8992
405433 7.55479e+006 25.9042
405433 7.55479e+006 25.8988
405433 7.55479e+006 25.8992
405433 7.55479e+006 25.8988
405433 7.55479e+006 25.8906
405433 7.55479e+006 25.8992
405433 7.55479e+006 25.8906
405433 7.55479e+006 25.8908
405433 7.55479e+006 25.885
405433 7.55479e+006 25.8889
405433 7.55479e+006 25.9015
405433 7.55479e+006 25.9015
405433 7.55479e+006 25.8993
405433 7.55479e+006 25.885
405433 7.55479e+006 25.8889
405433 7.55479e+006 25.8952
405433 7.55479e+006 25.9051
405433 7.55479e+006 25.9051
405433 7.55479e+006 25.9015
405433 7.55479e+006 25.8889
405433 7.55479e+006 25.8952
405433 7.55479e+006 25.8952
405433 7.55479e+006 25.9051
405433 7.55479e+006 25.9051
405433 7.55479e+006 25.9051
405433 7.55479e+006 25.8952
405433 7.55479e+006 25.8952
405433 7.55479e+006 25.8889
405433 7.55479e+006 25.9015
405433 7.55479e+006 25.9015
405433 7.55479e+006 25.9051
405433 7.55479e+006 25.8952
405433 7.55479e+006 25.8889
405433 7.55479e+006 25.885
405433 7.55479e+006 25.8993
405433 7.55479e+006 25.8993
405433 7.55479e+006 25.9015
405433 7.55479e+006 25.8889
405433 7.55479e+006 25.8993
405433 7.55479e+006 25.9015
405433 7.55479e+006 25.9171
405433 7.55479e+006 25.9171
405433 7.55479e+006 25.9169
405433 7.55479e+006 25.8993
405433 7.55479e+006 25.9015
405433 7.55479e+006 25.9051
405433 7.55479e+006 25.9174
405433 7.55479e+006 25.9174
405433 7.55479e+006 25.9171
405433 7.55479e+006 25.9015
405433 7.55479e+006 25.9051
405433 7.55479e+006 25.9051
405433 7.55479e+006 25.9174
405433 7.55479e+006 25.9174
405433 7.55479e+006 25.9174
405433 7.55479e+006 25.9051
405433 7.55479e+006 25.9051
405433 7.55479e+006 25.9015
405433 7.55479e+006 25.9171
405433 7.55479e+006 25.9171
405433 7.55479e+006 25.9174
405433 7.55479e+006 25.9051
405433 7.55479e+006 25.9015
405433 7.55479e+006 25.8993
405433 7.55479e+006 25.9169
405433 7.55479e+006 25.9169
405433 7.55479e+006 25.9171
405433 7.55479e+006 25.9015
405433 7.55479e+006 25.9169
405433 7.55479e+006 25.9171
405433 7.55479e+006 25.9329
405433 7.55479e+006 25.9329
405433 7.55479e+006 25.9348
405433 7.55479e+006 25.9169
405433 7.55479e+006 25.9171
405433 7.55479e+006 25.9174
405433 7.55479e+006 25.9298
405433 7.55479e+006 25.9298
405433 7.55479e+006 25.9329
405433 7.55479e+006 25.9171
405433 7.55479e+006 25.9174
405433 7.55479e+006 25.9174
405433 7.55479e+006 25.9298
405433 7.55479e+006 25.9298
405433 7.55479e+006 25.9298
405433 7.55479e+006 25.9174
405433 7.55479e+006 25.9174
405433 7.55479e+006 25.9171
405433 7.55479e+006 25.9329
405433 7.55479e+006 25.9329
405433 7.55479e+006 25.9298
405433 7.55479e+006 25.9174
405433 7.55479e+006 25.9171
405433 7.55479e+006 25.9169
405433 7.55479e+006 25.9348
405433 7.55479e+006 25.9348
405433 7.55479e+006 25.9329
405433 7.55479e+006 25.9171
405433 7.55479e+006 25.9348
405433 7.55479e+006 25.9329
405433 7.55479e+006 25.9462
405433 7.55479e+006 25.9462
405433 7.55479e+006 25.9498
405433 7.55479e+006 25.9348
405433 7.55479e+006 25.9329
405433 7.55479e+006 25.9298
405433 7.55479e+006 25.9402
405433 7.55479e+006 25.9402
405433 7.55479e+006 25.9462
405433 7.55479e+006 25.9329
405433 7.55479e+006 25.9298
405433 7.55479e+006 25.9298
405433 7.55479e+006 25.9402
405433 7.55479e+006 25.9402
405433 7.55479e+006 25.9402
405433 7.55479e+006 25.9298
405433 7.55479e+006 25.9298
405433 7.55479e+006 25.9329
405433 7.55479e+006 25.9462
405433 7.55479e+006 25.9462
405433 7.55479e+006 25.9402
405433 7.55479e+006 25.9298
405433 7.55479e+006 25.9329
405433 7.55479e+006 25.9348
405433 7.55479e+006 25.9498
405433 7.55479e+006 25.9498
405433 7.55479e+006 25.9462
405433 7.55479e+006 25.9329
405433 7.55479e+006 25.9498
405433 7.55479e+006 25.9462
405433 7.55479e+006 25.9547
405433 7.55479e+006 25.9547
405433 7.55479e+006 25.9595
405433 7.55479e+006 25.9498
405433 7.55479e+006 25.9462
405433 7.55479e+006 25.9402
405433 7.55479e+006 25.9469
405433 7.55479e+006 25.9469
405433 7.55479e+006 25.9547
405433 7.55479e+006 25.9462
405433 7.55479e+006 25.9402
405433 7.55479e+006 25.9402
405433 7.55479e+006 25.9469
405433 7.55479e+006 25.9469
405433 7.55479e+006 25.9469
405433 7.55479e+006 25.9402
405433 7.55479e+006 25.9402
405433 7.55479e+006 25.9462
405433 7.55479e+006 25.9547
405433 7.55479e+006 25.9547
405433 7.55479e+006 25.9469
405433 7.55479e+006 25.9402
405433 7.55479e+006 25.9462
405433 7.55479e+006 25.9498
405433 7.55479e+006 25.9595
405433 7.55479e+006 25.9595
405433 7.55479e+006 25.9547
405433 7.55479e+006 25.9462
405433 7.55479e+006 25.9595
405433 7.55479e+006 25.9547
405433 7.55479e+006 25.9569
405433 7.55479e+006 25.9569
405433 7.55479e+006 25.962
405433 7.55479e+006 25.9595
405433 7.55479e+006 25.9547
405433 7.55479e+006 25.9469
405433 7.55479e+006 25.9487
405433 7.55479e+006 25.9487
405433 7.55479e+006 25.9569
405433 7.55479e+006 25.9547
405433 7.55479e+006 25.9469
405433 7.55479e+006 25.9469
405433 7.55479e+006 25.9487
405433 7.55479e+006 25.9487
405433 7.55479e+006 25.9487
405433 7.55479e+006 25.9469
405433 7.55479e+006 25.9469
405433 7.55479e+006 25.9547
405433 7.55479e+006 25.9569
405433 7.55479e+006 25.9569
405433 7.55479e+006 25.9487
405433 7.55479e+006 25.9469
405433 7.55479e+006 25.9547
405433 7.55479e+006 25.9595
405433 7.55479e+006 25.962
405433 7.55479e+006 25.962
405433 7.55479e+006 25.9569
405433 7.55479e+006 25.9547
405433 7.55479e+006 25.962
405433 7.55479e+006 25.9569
405433 7.55479e+006 25.9525
405433 7.55479e+006 25.9525
405433 7.55479e+006 25.957
405433 7.55479e+006 25.962
405433 7.55479e+006 25.9569
405433 7.55479e+006 25.9487
405433 7.55479e+006 25.9452
405433 7.55479e+006 25.9452
405433 7.55479e+006 25.9525
405433 7.55479e+006 25.9569
405433 7.55479e+006 25.9487
405433 7.55479e+006 25.9487
405433 7.55479e+006 25.9452
405433 7.55479e+006 25.9452
405433 7.55479e+006 25.9452
405433 7.55479e+006 25.9487
405433 7.55479e+006 25.9487
405433 7.55479e+006 25.9569
405433 7.55479e+006 25.9525
405433 7.55479e+006 25.9525
405433 7.55479e+006 25.9452
405433 7.55479e+006 25.9487
405433 7.55479e+006 25.9569
405433 7.55479e+006 25.962
405433 7.55479e+006 25.957
405433 7.55479e+006 25.957
405433 7.55479e+006 25.9525
405433 7.55479e+006 25.9569
405433 7.55479e+006 25.957
405433 7.55479e+006 25.9525
405433 7.55479e+006 25.9422
405433 7.55479e+006 25.9422
405433 7.55479e+006 25.9453
405433 7.55479e+006 25.957
405433 7.55479e+006 25.9525
405433 7.55479e+006 25.9452
405433 7.55479e+006 25.9371
405433 7.55479e+006 25.9371
405433 7.55479e+006 25.9422
405433 7.55479e+006 25.9525
405433 7.55479e+006 25.9452
405433 7.55479e+006 25.9452
405433 7.55479e+006 25.9371
405433 7.55479e+006 25.9371
405433 7.55479e+006 25.9371
405433 7.55479e+006 25.9452
405433 7.55479e+006 25.9452
405433 7.55479e+006 25.9525
405433 7.55479e+006 25.9422
405433 7.55479e+006 25.9422
405433 7.55479e+006 25.9371
405433 7.55479e+006 25.9452
405433 7.55479e+006 25.9525
405433 7.55479e+006 25.957
405433 7.55479e+006 25.9453
405433 7.55479e+006 25.9453
405433 7.55479e+006 25.9422
405433 7.55479e+006 25.9525
405433 7.55479e+006 25.9453
405433 7.55479e+006 25.9422
405433 7.55479e+006 25.9278
405433 7.55479e+006 25.9278
405433 7.55479e+006 25.929
405433 7.55479e+006 25.9453
405433 7.55479e+006 25.9422
405433 7.55479e+006 25.9371
405433 7.55479e+006 25.9258
405433 7.55479e+006 25.9258
405433 7.55479e+006 25.9278
405433 7.55479e+006 25.9422
405433 7.55479e+006 25.9371
405433 7.55479e+006 25.9371
405433 7.55479e+006 25.9258
405433 7.55479e+006 25.9258
405433 7.55479e+006 25.9258
405433 7.55479e+006 25.9371
405433 7.55479e+006 25.9371
405433 7.55479e+006 25.9422
405433 7.55479e+006 25.9278
405433 7.55479e+006 25.9278
405433 7.55479e+006 25.9258
405433 7.55479e+006 25.9371
405433 7.55479e+006 25.9422
405433 7.55479e+006 25.9453
405433 7.55479e+006 25.929
405433 7.55479e+006 25.929
405433 7.55479e+006 25.9278
405433 7.55479e+006 25.9422
405433 7.55479e+006 25.929
405433 7.55479e+006 25.9278
405433 7.55479e+006 25.9117
405433 7.55479e+006 25.9117
405433 7.55479e+006 25.9109
405433 7.55479e+006 25.929
405433 7.55479e+006 25.9278
405433 7.55479e+006 25.9258
405433 7.55479e+006 25.9132
405433 7.55479e+006 25.9132
405433 7.55479e+006 25.9117
405433 7.55479e+006 25.9278
405433 7.55479e+006 25.9258
405433 7.55479e+006 25.9258
405433 7.55479e+006 25.9132
405433 7.55479e+006 25.9132
405433 7.55479e+006 25.9132
405433 7.55479e+006 25.9258
405433 7.55479e+006 25.9258
405433 7.55479e+006 25.9278
405433 7.55479e+006 25.9117
405433 7.55479e+006 25.9117
405433 7.55479e+006 25.9132
405433 7.55479e+006 25.9258
405433 7.55479e+006 25.9278
405433 7.55479e+006 25.929
405433 7.55479e+006 25.9109
405433 7.55479e+006 25.9109
405433 7.55479e+006 25.9117
405433 7.55479e+006 25.9278
405433 7.55479e+006 25.9109
405433 7.55479e+006 25.9117
405433 7.55479e+006 25.8969
405433 7.55479e+006 25.8969
405433 7.55479e+006 25.894
405433 7.55479e+006 25.9109
405433 7.55479e+006 25.9117
405433 7.55479e+006 25.9132
405433 7.55479e+006 25.9015
405433 7.55479e+006 25.9015
405433 7.55479e+006 25.8969
405433 7.55479e+006 25.9117
405433 7.55479e+006 25.9132
405433 7.55479e+006 25.9132
405433 7.55479e+006 25.9015
405433 7.55479e+006 25.9015
405433 7.55479e+006 25.9015
405433 7.55479e+006 25.9132
405433 7.55479e+006 25.9132
405433 7.55479e+006 25.9117
405433 7.55479e+006 25.8969
405433 7.55479e+006 25.8969
405433 7.55479e+006 25.9015
405433 7.55479e+006 25.9132
405433 7.55479e+006 25.9117
405433 7.55479e+006 25.9109
405433 7.55479e+006 25.894
405433 7.55479e+006 25.894
405433 7.55479e+006 25.8969
405433 7.55479e+006 25.9117
405433 7.55479e+006 25.894
405433 7.55479e+006 25.8969
405433 7.55479e+006 25.8857
405433 7.55479e+006 25.8857
405433 7.55479e+006 25.8814
405433 7.55479e+006 25.894
405433 7.55479e+006 25.8969
405433 7.55479e+006 25.9015
405433 7.55479e+006 25.8927
405433 7.55479e+006 25.8927
405433 7.55479e+006 25.8857
405433 7.55479e+006 25.8969
405433 7.55479e+006 25.9015
405433 7.55479e+006 25.9015
405433 7.55479e+006 25.8927
405433 7.55479e+006 25.8927
405433 7.55479e+006 25.8927
405433 7.55479e+006 25.9015
405433 7.55479e+006 25.9015
405433 7.55479e+006 25.8969
405433 7.55479e+006 25.8857
405433 7.55479e+006 25.8857
405433 7.55479e+006 25.8927
405433 7.55479e+006 25.9015
405433 7.55479e+006 25.8969
405433 7.55479e+006 25.894
405433 7.55479e+006 25.8814
405433 7.55479e+006 25.8814
405433 7.55479e+006 25.8857
405433 7.55479e+006 25.8969
405433 7.55479e+006 25.8814
405433 7.55479e+006 25.8857
405433 7.55479e+006 25.8802
405433 7.55479e+006 25.8802
405433 7.55479e+006 25.8752
405433 7.55479e+006 25.8814
405433 7.55479e+006 25.8857
405433 7.55479e+006 25.8927
405433 7.55479e+006 25.8884
405433 7.55479e+006 25.8884
405433 7.55479e+006 25.8802
405433 7.55479e+006 25.8857
405433 7.55479e+006 25.8927
405433 7.55479e+006 25.8927
405433 7.55479e+006 25.8884
405433 7.55479e+006 25.8884
405433 7.55479e+006 25.8884
405433 7.55479e+006 25.8927
405433 7.55479e+006 25.8927
405433 7.55479e+006 25.8857
405433 7.55479e+006 25.8802
405433 7.55479e+006 25.8802
405433 7.55479e+006 25.8884
405433 7.55479e+006 25.8927
405433 7.55479e+006 25.8857
405433 7.55479e+006 25.8814
405433 7.55479e+006 25.8752
405433 7.55479e+006 25.8752
405433 7.55479e+006 25.8802
405433 7.55479e+006 25.8857
405433 7.55479e+006 25.8752
405433 7.55479e+006 25.8802
405433 7.55479e+006 25.8814
405433 7.55479e+006 25.8814
405433 7.55479e+006 25.8765
405433 7.55479e+006 25.8752
405433 7.55479e+006 25.8802
405433 7.55479e+006 25.8884
405433 7.55479e+006 25.8893
405433 7.55479e+006 25.8893
405433 7.55479e+006 25.8814
405433 7.55479e+006 25.8802
405433 7.55479e+006 25.8884
405433 7.55479e+006 25.8884
405433 7.55479e+006 25.8893
405433 7.55479e+006 25.8893
405433 7.55479e+006 25.8893
405433 7.55479e+006 25.8884
405433 7.55479e+006 25.8884
405433 7.55479e+006 25.8802
405433 7.55479e+006 25.8814
405433 7.55479e+006 25.8814
405433 7.55479e+006 25.8893
405433 7.55479e+006 25.8884
405433 7.55479e+006 25.8802
405433 7.55479e+006 25.8752
405433 7.55479e+006 25.8765
405433 7.55479e+006 25.8765
405433 7.55479e+006 25.8814
405433 7.55479e+006 25.8802
405433 7.55479e+006 25.8765
405433 7.55479e+006 25.8814
405433 7.55479e+006 25.8889
405433 7.55479e+006 25.8889
405433 7.55479e+006 25.885
405433 7.55479e+006 25.8765
405433 7.55479e+006 25.8814
405433 7.55479e+006 25.8893
405433 7.55479e+006 25.8952
405433 7.55479e+006 25.8952
405433 7.55479e+006 25.8889
405433 7.55479e+006 25.8814
405433 7.55479e+006 25.8893
405433 7.55479e+006 25.8893
405433 7.55479e+006 25.8952
405433 7.55479e+006 25.8952
405433 7.55479e+006 25.8952
405433 7.55479e+006 25.8893
405433 7.55479e+006 25.8893
405433 7.55479e+006 25.8814
405433 7.55479e+006 25.8889
405433 7.55479e+006 25.8889
405433 7.55479e+006 25.8952
405433 7.55479e+006 25.8893
405433 7.55479e+006 25.8814
405433 7.55479e+006 25.8765
405433 7.55479e+006 25.885
405433 7.55479e+006 25.885
405433 7.55479e+006 25.8889
405433 7.55479e+006 25.8814
405433 7.55479e+006 25.6823
405433 7.55479e+006 25.8937
405433 7.55479e+006 25.8973
405433 7.55479e+006 25.8973
405433 7.55479e+006 25.6858
405433 7.55479e+006 25.6823
405433 7.55479e+006 25.6858
405433 7.55479e+006 25.8973
405433 7.55479e+006 25.8918
405433 7.55479e+006 25.8918
405433 7.55479e+006 25.6803
405433 7.55479e+006 25.6858
405433 7.55479e+006 25.6803
405433 7.55479e+006 25.8918
405433 7.55479e+006 25.8849
405433 7.55479e+006 25.8849
405433 7.55479e+006 25.6734
405433 7.55479e+006 25.6803
405433 7.55479e+006 25.6734
405433 7.55479e+006 25.8849
405433 7.55479e+006 25.886
405433 7.55479e+006 25.886
405433 7.55479e+006 25.6746
405433 7.55479e+006 25.6734
405433 7.55479e+006 25.6746
405433 7.55479e+006 25.886
405433 7.55479e+006 25.8937
405433 7.55479e+006 25.8937
405433 7.55479e+006 25.6823
405433 7.55479e+006 25.6746
