405443 7.55479e+006 26.2579
405443 7.55479e+006 26.2487
405443 7.55479e+006 26.3042
405443 7.55479e+006 26.3042
405443 7.55479e+006 26.3161
405443 7.55479e+006 26.2579
405443 7.55479e+006 26.2487
405443 7.55479e+006 26.2394
405443 7.55479e+006 26.2924
405443 7.55479e+006 26.2924
405443 7.55479e+006 26.3042
405443 7.55479e+006 26.2487
405443 7.55479e+006 26.2394
405443 7.55479e+006 26.2487
405443 7.55479e+006 26.3042
405443 7.55479e+006 26.3042
405443 7.55479e+006 26.2924
405443 7.55479e+006 26.2394
405443 7.55479e+006 26.2487
405443 7.55479e+006 26.2579
405443 7.55479e+006 26.3161
405443 7.55479e+006 26.3161
405443 7.55479e+006 26.3042
405443 7.55479e+006 26.2487
405443 7.55479e+006 26.3161
405443 7.55479e+006 26.3042
405443 7.55479e+006 26.3422
405443 7.55479e+006 26.3422
405443 7.55479e+006 26.3558
405443 7.55479e+006 26.3161
405443 7.55479e+006 26.3042
405443 7.55479e+006 26.2924
405443 7.55479e+006 26.3287
405443 7.55479e+006 26.3287
405443 7.55479e+006 26.3422
405443 7.55479e+006 26.3042
405443 7.55479e+006 26.2924
405443 7.55479e+006 26.3042
405443 7.55479e+006 26.3422
405443 7.55479e+006 26.3422
405443 7.55479e+006 26.3287
405443 7.55479e+006 26.2924
405443 7.55479e+006 26.3042
405443 7.55479e+006 26.3161
405443 7.55479e+006 26.3558
405443 7.55479e+006 26.3558
405443 7.55479e+006 26.3422
405443 7.55479e+006 26.3042
405443 7.55479e+006 26.3558
405443 7.55479e+006 26.3422
405443 7.55479e+006 26.36
405443 7.55479e+006 26.36
405443 7.55479e+006 26.3744
405443 7.55479e+006 26.3558
405443 7.55479e+006 26.3422
405443 7.55479e+006 26.3287
405443 7.55479e+006 26.3457
405443 7.55479e+006 26.3457
405443 7.55479e+006 26.36
405443 7.55479e+006 26.3422
405443 7.55479e+006 26.3287
405443 7.55479e+006 26.3422
405443 7.55479e+006 26.36
405443 7.55479e+006 26.36
405443 7.55479e+006 26.3457
405443 7.55479e+006 26.3287
405443 7.55479e+006 26.3422
405443 7.55479e+006 26.3558
405443 7.55479e+006 26.3744
405443 7.55479e+006 26.3744
405443 7.55479e+006 26.36
405443 7.55479e+006 26.3422
405443 7.55479e+006 26.3744
405443 7.55479e+006 26.36
405443 7.55479e+006 26.3564
405443 7.55479e+006 26.3564
405443 7.55479e+006 26.3707
405443 7.55479e+006 26.3744
405443 7.55479e+006 26.36
405443 7.55479e+006 26.3457
405443 7.55479e+006 26.3422
405443 7.55479e+006 26.3422
405443 7.55479e+006 26.3564
405443 7.55479e+006 26.36
405443 7.55479e+006 26.3457
405443 7.55479e+006 26.36
405443 7.55479e+006 26.3564
405443 7.55479e+006 26.3564
405443 7.55479e+006 26.3422
405443 7.55479e+006 26.3457
405443 7.55479e+006 26.36
405443 7.55479e+006 26.3744
405443 7.55479e+006 26.3707
405443 7.55479e+006 26.3707
405443 7.55479e+006 26.3564
405443 7.55479e+006 26.36
405443 7.55479e+006 26.3707
405443 7.55479e+006 26.3564
405443 7.55479e+006 26.3317
405443 7.55479e+006 26.3317
405443 7.55479e+006 26.3448
405443 7.55479e+006 26.3707
405443 7.55479e+006 26.3564
405443 7.55479e+006 26.3422
405443 7.55479e+006 26.3186
405443 7.55479e+006 26.3186
405443 7.55479e+006 26.3317
405443 7.55479e+006 26.3564
405443 7.55479e+006 26.3422
405443 7.55479e+006 26.3564
405443 7.55479e+006 26.3317
405443 7.55479e+006 26.3317
405443 7.55479e+006 26.3186
405443 7.55479e+006 26.3422
405443 7.55479e+006 26.3564
405443 7.55479e+006 26.3707
405443 7.55479e+006 26.3448
405443 7.55479e+006 26.3448
405443 7.55479e+006 26.3317
405443 7.55479e+006 26.3564
405443 7.55479e+006 26.3448
405443 7.55479e+006 26.3317
405443 7.55479e+006 26.2875
405443 7.55479e+006 26.2875
405443 7.55479e+006 26.2986
405443 7.55479e+006 26.3448
405443 7.55479e+006 26.3317
405443 7.55479e+006 26.3186
405443 7.55479e+006 26.2765
405443 7.55479e+006 26.2765
405443 7.55479e+006 26.2875
405443 7.55479e+006 26.3317
405443 7.55479e+006 26.3186
405443 7.55479e+006 26.3317
405443 7.55479e+006 26.2875
405443 7.55479e+006 26.2875
405443 7.55479e+006 26.2765
405443 7.55479e+006 26.3186
405443 7.55479e+006 26.3317
405443 7.55479e+006 26.3448
405443 7.55479e+006 26.2986
405443 7.55479e+006 26.2986
405443 7.55479e+006 26.2875
405443 7.55479e+006 26.3317
405443 7.55479e+006 26.2986
405443 7.55479e+006 26.2875
405443 7.55479e+006 26.2269
405443 7.55479e+006 26.2269
405443 7.55479e+006 26.2351
405443 7.55479e+006 26.2986
405443 7.55479e+006 26.2875
405443 7.55479e+006 26.2765
405443 7.55479e+006 26.2186
405443 7.55479e+006 26.2186
405443 7.55479e+006 26.2269
405443 7.55479e+006 26.2875
405443 7.55479e+006 26.2765
405443 7.55479e+006 26.2875
405443 7.55479e+006 26.2269
405443 7.55479e+006 26.2269
405443 7.55479e+006 26.2186
405443 7.55479e+006 26.2765
405443 7.55479e+006 26.2875
405443 7.55479e+006 26.2986
405443 7.55479e+006 26.2351
405443 7.55479e+006 26.2351
405443 7.55479e+006 26.2269
405443 7.55479e+006 26.2875
405443 7.55479e+006 26.2351
405443 7.55479e+006 26.2269
405443 7.55479e+006 26.1539
405443 7.55479e+006 26.1539
405443 7.55479e+006 26.1588
405443 7.55479e+006 26.2351
405443 7.55479e+006 26.2269
405443 7.55479e+006 26.2186
405443 7.55479e+006 26.149
405443 7.55479e+006 26.149
405443 7.55479e+006 26.1539
405443 7.55479e+006 26.2269
405443 7.55479e+006 26.2186
405443 7.55479e+006 26.2269
405443 7.55479e+006 26.1539
405443 7.55479e+006 26.1539
405443 7.55479e+006 26.149
405443 7.55479e+006 26.2186
405443 7.55479e+006 26.2269
405443 7.55479e+006 26.2351
405443 7.55479e+006 26.1588
405443 7.55479e+006 26.1588
405443 7.55479e+006 26.1539
405443 7.55479e+006 26.2269
405443 7.55479e+006 26.1588
405443 7.55479e+006 26.1539
405443 7.55479e+006 26.0736
405443 7.55479e+006 26.0736
405443 7.55479e+006 26.0748
405443 7.55479e+006 26.1588
405443 7.55479e+006 26.1539
405443 7.55479e+006 26.149
405443 7.55479e+006 26.0723
405443 7.55479e+006 26.0723
405443 7.55479e+006 26.0736
405443 7.55479e+006 26.1539
405443 7.55479e+006 26.149
405443 7.55479e+006 26.1539
405443 7.55479e+006 26.0736
405443 7.55479e+006 26.0736
405443 7.55479e+006 26.0723
405443 7.55479e+006 26.149
405443 7.55479e+006 26.1539
405443 7.55479e+006 26.1588
405443 7.55479e+006 26.0748
405443 7.55479e+006 26.0748
405443 7.55479e+006 26.0736
405443 7.55479e+006 26.1539
405443 7.55479e+006 26.0748
405443 7.55479e+006 26.0736
405443 7.55479e+006 25.9914
405443 7.55479e+006 25.9914
405443 7.55479e+006 25.9889
405443 7.55479e+006 26.0748
405443 7.55479e+006 26.0736
405443 7.55479e+006 26.0723
405443 7.55479e+006 25.9939
405443 7.55479e+006 25.9939
405443 7.55479e+006 25.9914
405443 7.55479e+006 26.0736
405443 7.55479e+006 26.0723
405443 7.55479e+006 26.0736
405443 7.55479e+006 25.9914
405443 7.55479e+006 25.9914
405443 7.55479e+006 25.9939
405443 7.55479e+006 26.0723
405443 7.55479e+006 26.0736
405443 7.55479e+006 26.0748
405443 7.55479e+006 25.9889
405443 7.55479e+006 25.9889
405443 7.55479e+006 25.9914
405443 7.55479e+006 26.0736
405443 7.55479e+006 25.9889
405443 7.55479e+006 25.9914
405443 7.55479e+006 25.9129
405443 7.55479e+006 25.9129
405443 7.55479e+006 25.9068
405443 7.55479e+006 25.9889
405443 7.55479e+006 25.9914
405443 7.55479e+006 25.9939
405443 7.55479e+006 25.919
405443 7.55479e+006 25.919
405443 7.55479e+006 25.9129
405443 7.55479e+006 25.9914
405443 7.55479e+006 25.9939
405443 7.55479e+006 25.9914
405443 7.55479e+006 25.9129
405443 7.55479e+006 25.9129
405443 7.55479e+006 25.919
405443 7.55479e+006 25.9939
405443 7.55479e+006 25.9914
405443 7.55479e+006 25.9889
405443 7.55479e+006 25.9068
405443 7.55479e+006 25.9068
405443 7.55479e+006 25.9129
405443 7.55479e+006 25.9914
405443 7.55479e+006 25.9068
405443 7.55479e+006 25.9129
405443 7.55479e+006 25.8435
405443 7.55479e+006 25.8435
405443 7.55479e+006 25.8343
405443 7.55479e+006 25.9068
405443 7.55479e+006 25.9129
405443 7.55479e+006 25.919
405443 7.55479e+006 25.8528
405443 7.55479e+006 25.8528
405443 7.55479e+006 25.8435
405443 7.55479e+006 25.9129
405443 7.55479e+006 25.919
405443 7.55479e+006 25.9129
405443 7.55479e+006 25.8435
405443 7.55479e+006 25.8435
405443 7.55479e+006 25.8528
405443 7.55479e+006 25.919
405443 7.55479e+006 25.9129
405443 7.55479e+006 25.9068
405443 7.55479e+006 25.8343
405443 7.55479e+006 25.8343
405443 7.55479e+006 25.8435
405443 7.55479e+006 25.9129
405443 7.55479e+006 25.8343
405443 7.55479e+006 25.8435
405443 7.55479e+006 25.788
405443 7.55479e+006 25.788
405443 7.55479e+006 25.7761
405443 7.55479e+006 25.8343
405443 7.55479e+006 25.8435
405443 7.55479e+006 25.8528
405443 7.55479e+006 25.7998
405443 7.55479e+006 25.7998
405443 7.55479e+006 25.788
405443 7.55479e+006 25.8435
405443 7.55479e+006 25.8528
405443 7.55479e+006 25.8435
405443 7.55479e+006 25.788
405443 7.55479e+006 25.788
405443 7.55479e+006 25.7998
405443 7.55479e+006 25.8528
405443 7.55479e+006 25.8435
405443 7.55479e+006 25.8343
405443 7.55479e+006 25.7761
405443 7.55479e+006 25.7761
405443 7.55479e+006 25.788
405443 7.55479e+006 25.8435
405443 7.55479e+006 25.7761
405443 7.55479e+006 25.788
405443 7.55479e+006 25.75
405443 7.55479e+006 25.75
405443 7.55479e+006 25.7364
405443 7.55479e+006 25.7761
405443 7.55479e+006 25.788
405443 7.55479e+006 25.7998
405443 7.55479e+006 25.7635
405443 7.55479e+006 25.7635
405443 7.55479e+006 25.75
405443 7.55479e+006 25.788
405443 7.55479e+006 25.7998
405443 7.55479e+006 25.788
405443 7.55479e+006 25.75
405443 7.55479e+006 25.75
405443 7.55479e+006 25.7635
405443 7.55479e+006 25.7998
405443 7.55479e+006 25.788
405443 7.55479e+006 25.7761
405443 7.55479e+006 25.7364
405443 7.55479e+006 25.7364
405443 7.55479e+006 25.75
405443 7.55479e+006 25.788
405443 7.55479e+006 25.7364
405443 7.55479e+006 25.75
405443 7.55479e+006 25.7322
405443 7.55479e+006 25.7322
405443 7.55479e+006 25.7178
405443 7.55479e+006 25.7364
405443 7.55479e+006 25.75
405443 7.55479e+006 25.7635
405443 7.55479e+006 25.7465
405443 7.55479e+006 25.7465
405443 7.55479e+006 25.7322
405443 7.55479e+006 25.75
405443 7.55479e+006 25.7635
405443 7.55479e+006 25.75
405443 7.55479e+006 25.7322
405443 7.55479e+006 25.7322
405443 7.55479e+006 25.7465
405443 7.55479e+006 25.7635
405443 7.55479e+006 25.75
405443 7.55479e+006 25.7364
405443 7.55479e+006 25.7178
405443 7.55479e+006 25.7178
405443 7.55479e+006 25.7322
405443 7.55479e+006 25.75
405443 7.55479e+006 25.7178
405443 7.55479e+006 25.7322
405443 7.55479e+006 25.7358
405443 7.55479e+006 25.7358
405443 7.55479e+006 25.7216
405443 7.55479e+006 25.7178
405443 7.55479e+006 25.7322
405443 7.55479e+006 25.7465
405443 7.55479e+006 25.75
405443 7.55479e+006 25.75
405443 7.55479e+006 25.7358
405443 7.55479e+006 25.7322
405443 7.55479e+006 25.7465
405443 7.55479e+006 25.7322
405443 7.55479e+006 25.7358
405443 7.55479e+006 25.7358
405443 7.55479e+006 25.75
405443 7.55479e+006 25.7465
405443 7.55479e+006 25.7322
405443 7.55479e+006 25.7178
405443 7.55479e+006 25.7216
405443 7.55479e+006 25.7216
405443 7.55479e+006 25.7358
405443 7.55479e+006 25.7322
405443 7.55479e+006 25.7216
405443 7.55479e+006 25.7358
405443 7.55479e+006 25.7605
405443 7.55479e+006 25.7605
405443 7.55479e+006 25.7474
405443 7.55479e+006 25.7216
405443 7.55479e+006 25.7358
405443 7.55479e+006 25.75
405443 7.55479e+006 25.7736
405443 7.55479e+006 25.7736
405443 7.55479e+006 25.7605
405443 7.55479e+006 25.7358
405443 7.55479e+006 25.75
405443 7.55479e+006 25.7358
405443 7.55479e+006 25.7605
405443 7.55479e+006 25.7605
405443 7.55479e+006 25.7736
405443 7.55479e+006 25.75
405443 7.55479e+006 25.7358
405443 7.55479e+006 25.7216
405443 7.55479e+006 25.7474
405443 7.55479e+006 25.7474
405443 7.55479e+006 25.7605
405443 7.55479e+006 25.7358
405443 7.55479e+006 25.7474
405443 7.55479e+006 25.7605
405443 7.55479e+006 25.8047
405443 7.55479e+006 25.8047
405443 7.55479e+006 25.7936
405443 7.55479e+006 25.7474
405443 7.55479e+006 25.7605
405443 7.55479e+006 25.7736
405443 7.55479e+006 25.8158
405443 7.55479e+006 25.8158
405443 7.55479e+006 25.8047
405443 7.55479e+006 25.7605
405443 7.55479e+006 25.7736
405443 7.55479e+006 25.7605
405443 7.55479e+006 25.8047
405443 7.55479e+006 25.8047
405443 7.55479e+006 25.8158
405443 7.55479e+006 25.7736
405443 7.55479e+006 25.7605
405443 7.55479e+006 25.7474
405443 7.55479e+006 25.7936
405443 7.55479e+006 25.7936
405443 7.55479e+006 25.8047
405443 7.55479e+006 25.7605
405443 7.55479e+006 25.7936
405443 7.55479e+006 25.8047
405443 7.55479e+006 25.8654
405443 7.55479e+006 25.8654
405443 7.55479e+006 25.8571
405443 7.55479e+006 25.7936
405443 7.55479e+006 25.8047
405443 7.55479e+006 25.8158
405443 7.55479e+006 25.8736
405443 7.55479e+006 25.8736
405443 7.55479e+006 25.8654
405443 7.55479e+006 25.8047
405443 7.55479e+006 25.8158
405443 7.55479e+006 25.8047
405443 7.55479e+006 25.8654
405443 7.55479e+006 25.8654
405443 7.55479e+006 25.8736
405443 7.55479e+006 25.8158
405443 7.55479e+006 25.8047
405443 7.55479e+006 25.7936
405443 7.55479e+006 25.8571
405443 7.55479e+006 25.8571
405443 7.55479e+006 25.8654
405443 7.55479e+006 25.8047
405443 7.55479e+006 25.8571
405443 7.55479e+006 25.8654
405443 7.55479e+006 25.9383
405443 7.55479e+006 25.9383
405443 7.55479e+006 25.9334
405443 7.55479e+006 25.8571
405443 7.55479e+006 25.8654
405443 7.55479e+006 25.8736
405443 7.55479e+006 25.9433
405443 7.55479e+006 25.9433
405443 7.55479e+006 25.9383
405443 7.55479e+006 25.8654
405443 7.55479e+006 25.8736
405443 7.55479e+006 25.8654
405443 7.55479e+006 25.9383
405443 7.55479e+006 25.9383
405443 7.55479e+006 25.9433
405443 7.55479e+006 25.8736
405443 7.55479e+006 25.8654
405443 7.55479e+006 25.8571
405443 7.55479e+006 25.9334
405443 7.55479e+006 25.9334
405443 7.55479e+006 25.9383
405443 7.55479e+006 25.8654
405443 7.55479e+006 25.9334
405443 7.55479e+006 25.9383
405443 7.55479e+006 26.0186
405443 7.55479e+006 26.0186
405443 7.55479e+006 26.0174
405443 7.55479e+006 25.9334
405443 7.55479e+006 25.9383
405443 7.55479e+006 25.9433
405443 7.55479e+006 26.0199
405443 7.55479e+006 26.0199
405443 7.55479e+006 26.0186
405443 7.55479e+006 25.9383
405443 7.55479e+006 25.9433
405443 7.55479e+006 25.9383
405443 7.55479e+006 26.0186
405443 7.55479e+006 26.0186
405443 7.55479e+006 26.0199
405443 7.55479e+006 25.9433
405443 7.55479e+006 25.9383
405443 7.55479e+006 25.9334
405443 7.55479e+006 26.0174
405443 7.55479e+006 26.0174
405443 7.55479e+006 26.0186
405443 7.55479e+006 25.9383
405443 7.55479e+006 26.0174
405443 7.55479e+006 26.0186
405443 7.55479e+006 26.1008
405443 7.55479e+006 26.1008
405443 7.55479e+006 26.1033
405443 7.55479e+006 26.0174
405443 7.55479e+006 26.0186
405443 7.55479e+006 26.0199
405443 7.55479e+006 26.0983
405443 7.55479e+006 26.0983
405443 7.55479e+006 26.1008
405443 7.55479e+006 26.0186
405443 7.55479e+006 26.0199
405443 7.55479e+006 26.0186
405443 7.55479e+006 26.1008
405443 7.55479e+006 26.1008
405443 7.55479e+006 26.0983
405443 7.55479e+006 26.0199
405443 7.55479e+006 26.0186
405443 7.55479e+006 26.0174
405443 7.55479e+006 26.1033
405443 7.55479e+006 26.1033
405443 7.55479e+006 26.1008
405443 7.55479e+006 26.0186
405443 7.55479e+006 26.1033
405443 7.55479e+006 26.1008
405443 7.55479e+006 26.1793
405443 7.55479e+006 26.1793
405443 7.55479e+006 26.1854
405443 7.55479e+006 26.1033
405443 7.55479e+006 26.1008
405443 7.55479e+006 26.0983
405443 7.55479e+006 26.1732
405443 7.55479e+006 26.1732
405443 7.55479e+006 26.1793
405443 7.55479e+006 26.1008
405443 7.55479e+006 26.0983
405443 7.55479e+006 26.1008
405443 7.55479e+006 26.1793
405443 7.55479e+006 26.1793
405443 7.55479e+006 26.1732
405443 7.55479e+006 26.0983
405443 7.55479e+006 26.1008
405443 7.55479e+006 26.1033
405443 7.55479e+006 26.1854
405443 7.55479e+006 26.1854
405443 7.55479e+006 26.1793
405443 7.55479e+006 26.1008
405443 7.55479e+006 26.1854
405443 7.55479e+006 26.1793
405443 7.55479e+006 26.2487
405443 7.55479e+006 26.2487
405443 7.55479e+006 26.2579
405443 7.55479e+006 26.1854
405443 7.55479e+006 26.1793
405443 7.55479e+006 26.1732
405443 7.55479e+006 26.2394
405443 7.55479e+006 26.2394
405443 7.55479e+006 26.2487
405443 7.55479e+006 26.1793
405443 7.55479e+006 26.1732
405443 7.55479e+006 26.1793
405443 7.55479e+006 26.2487
405443 7.55479e+006 26.2487
405443 7.55479e+006 26.2394
405443 7.55479e+006 26.1732
405443 7.55479e+006 26.1793
405443 7.55479e+006 26.1854
405443 7.55479e+006 26.2579
405443 7.55479e+006 26.2579
405443 7.55479e+006 26.2487
405443 7.55479e+006 26.1793
405443 7.55479e+006 26.2834
405443 7.55479e+006 26.0746
405443 7.55479e+006 26.0676
405443 7.55479e+006 26.0676
405443 7.55479e+006 26.2764
405443 7.55479e+006 26.2834
405443 7.55479e+006 26.2834
405443 7.55479e+006 26.2888
405443 7.55479e+006 26.08
405443 7.55479e+006 26.08
405443 7.55479e+006 26.0746
405443 7.55479e+006 26.2834
405443 7.55479e+006 26.2888
405443 7.55479e+006 26.2853
405443 7.55479e+006 26.0765
405443 7.55479e+006 26.0765
405443 7.55479e+006 26.08
405443 7.55479e+006 26.2888
405443 7.55479e+006 26.2853
405443 7.55479e+006 26.2776
405443 7.55479e+006 26.0688
405443 7.55479e+006 26.0688
405443 7.55479e+006 26.0765
405443 7.55479e+006 26.2853
405443 7.55479e+006 26.2776
405443 7.55479e+006 26.2764
405443 7.55479e+006 26.0676
405443 7.55479e+006 26.0676
405443 7.55479e+006 26.0688
405443 7.55479e+006 26.2776
405443 7.55479e+006 25.8517
405443 7.55479e+006 26.0288
405443 7.55479e+006 26.0205
405443 7.55479e+006 26.0205
405443 7.55479e+006 25.8434
405443 7.55479e+006 25.8517
405443 7.55479e+006 25.8515
405443 7.55479e+006 26.0286
405443 7.55479e+006 26.0288
405443 7.55479e+006 26.0288
405443 7.55479e+006 25.8517
405443 7.55479e+006 25.8515
405443 7.55479e+006 25.8431
405443 7.55479e+006 26.0202
405443 7.55479e+006 26.0286
405443 7.55479e+006 26.0286
405443 7.55479e+006 25.8515
405443 7.55479e+006 25.8431
405443 7.55479e+006 25.8381
405443 7.55479e+006 26.0152
405443 7.55479e+006 26.0202
405443 7.55479e+006 26.0202
405443 7.55479e+006 25.8431
405443 7.55479e+006 25.8381
405443 7.55479e+006 25.8434
405443 7.55479e+006 26.0205
405443 7.55479e+006 26.0152
405443 7.55479e+006 26.0152
405443 7.55479e+006 25.8381
405443 7.55479e+006 25.8434
405443 7.55479e+006 25.8094
405443 7.55479e+006 26.0198
405443 7.55479e+006 26.0234
405443 7.55479e+006 26.0234
405443 7.55479e+006 25.813
405443 7.55479e+006 25.8094
405443 7.55479e+006 25.813
405443 7.55479e+006 26.0234
405443 7.55479e+006 26.0179
405443 7.55479e+006 26.0179
405443 7.55479e+006 25.8075
405443 7.55479e+006 25.813
405443 7.55479e+006 25.8075
405443 7.55479e+006 26.0179
405443 7.55479e+006 26.0109
405443 7.55479e+006 26.0109
405443 7.55479e+006 25.8006
405443 7.55479e+006 25.8075
405443 7.55479e+006 25.8006
405443 7.55479e+006 26.0109
405443 7.55479e+006 26.0121
405443 7.55479e+006 26.0121
405443 7.55479e+006 25.8017
405443 7.55479e+006 25.8006
405443 7.55479e+006 25.8017
405443 7.55479e+006 26.0121
405443 7.55479e+006 26.0198
405443 7.55479e+006 26.0198
405443 7.55479e+006 25.8094
405443 7.55479e+006 25.8017
405443 7.55479e+006 26.0198
405443 7.55479e+006 26.0121
405443 7.55479e+006 26.0109
405443 7.55479e+006 26.0198
405443 7.55479e+006 26.0109
405443 7.55479e+006 26.0179
405443 7.55479e+006 26.0198
405443 7.55479e+006 26.0179
405443 7.55479e+006 26.0234
405443 7.55479e+006 26.0742
405443 7.55479e+006 26.0709
405443 7.55479e+006 26.0808
405443 7.55479e+006 26.0808
405443 7.55479e+006 26.0853
405443 7.55479e+006 26.0742
405443 7.55479e+006 26.0709
405443 7.55479e+006 26.0656
405443 7.55479e+006 26.0733
405443 7.55479e+006 26.0733
405443 7.55479e+006 26.0808
405443 7.55479e+006 26.0709
405443 7.55479e+006 26.0656
405443 7.55479e+006 26.0656
405443 7.55479e+006 26.0733
405443 7.55479e+006 26.0733
405443 7.55479e+006 26.0733
405443 7.55479e+006 26.0656
405443 7.55479e+006 26.0656
405443 7.55479e+006 26.0709
405443 7.55479e+006 26.0808
405443 7.55479e+006 26.0808
405443 7.55479e+006 26.0733
405443 7.55479e+006 26.0656
405443 7.55479e+006 26.0709
405443 7.55479e+006 26.0742
405443 7.55479e+006 26.0853
405443 7.55479e+006 26.0853
405443 7.55479e+006 26.0808
405443 7.55479e+006 26.0709
405443 7.55479e+006 26.0853
405443 7.55479e+006 26.0808
405443 7.55479e+006 26.0846
405443 7.55479e+006 26.0846
405443 7.55479e+006 26.0897
405443 7.55479e+006 26.0853
405443 7.55479e+006 26.0808
405443 7.55479e+006 26.0733
405443 7.55479e+006 26.0764
405443 7.55479e+006 26.0764
405443 7.55479e+006 26.0846
405443 7.55479e+006 26.0808
405443 7.55479e+006 26.0733
405443 7.55479e+006 26.0733
405443 7.55479e+006 26.0764
405443 7.55479e+006 26.0764
405443 7.55479e+006 26.0764
405443 7.55479e+006 26.0733
405443 7.55479e+006 26.0733
405443 7.55479e+006 26.0808
405443 7.55479e+006 26.0846
405443 7.55479e+006 26.0846
405443 7.55479e+006 26.0764
405443 7.55479e+006 26.0733
405443 7.55479e+006 26.0808
405443 7.55479e+006 26.0853
405443 7.55479e+006 26.0897
405443 7.55479e+006 26.0897
405443 7.55479e+006 26.0846
405443 7.55479e+006 26.0808
405443 7.55479e+006 26.0897
405443 7.55479e+006 26.0846
405443 7.55479e+006 26.0819
405443 7.55479e+006 26.0819
405443 7.55479e+006 26.0866
405443 7.55479e+006 26.0897
405443 7.55479e+006 26.0846
405443 7.55479e+006 26.0764
405443 7.55479e+006 26.0742
405443 7.55479e+006 26.0742
405443 7.55479e+006 26.0819
405443 7.55479e+006 26.0846
405443 7.55479e+006 26.0764
405443 7.55479e+006 26.0764
405443 7.55479e+006 26.0742
405443 7.55479e+006 26.0742
405443 7.55479e+006 26.0742
405443 7.55479e+006 26.0764
405443 7.55479e+006 26.0764
405443 7.55479e+006 26.0846
405443 7.55479e+006 26.0819
405443 7.55479e+006 26.0819
405443 7.55479e+006 26.0742
405443 7.55479e+006 26.0764
405443 7.55479e+006 26.0846
405443 7.55479e+006 26.0897
405443 7.55479e+006 26.0866
405443 7.55479e+006 26.0866
405443 7.55479e+006 26.0819
405443 7.55479e+006 26.0846
405443 7.55479e+006 26.0866
405443 7.55479e+006 26.0819
405443 7.55479e+006 26.0729
405443 7.55479e+006 26.0729
405443 7.55479e+006 26.0764
405443 7.55479e+006 26.0866
405443 7.55479e+006 26.0819
405443 7.55479e+006 26.0742
405443 7.55479e+006 26.0672
405443 7.55479e+006 26.0672
405443 7.55479e+006 26.0729
405443 7.55479e+006 26.0819
405443 7.55479e+006 26.0742
405443 7.55479e+006 26.0742
405443 7.55479e+006 26.0672
405443 7.55479e+006 26.0672
405443 7.55479e+006 26.0672
405443 7.55479e+006 26.0742
405443 7.55479e+006 26.0742
405443 7.55479e+006 26.0819
405443 7.55479e+006 26.0729
405443 7.55479e+006 26.0729
405443 7.55479e+006 26.0672
405443 7.55479e+006 26.0742
405443 7.55479e+006 26.0819
405443 7.55479e+006 26.0866
405443 7.55479e+006 26.0764
405443 7.55479e+006 26.0764
405443 7.55479e+006 26.0729
405443 7.55479e+006 26.0819
405443 7.55479e+006 26.0764
405443 7.55479e+006 26.0729
405443 7.55479e+006 26.0593
405443 7.55479e+006 26.0593
405443 7.55479e+006 26.061
405443 7.55479e+006 26.0764
405443 7.55479e+006 26.0729
405443 7.55479e+006 26.0672
405443 7.55479e+006 26.0565
405443 7.55479e+006 26.0565
405443 7.55479e+006 26.0593
405443 7.55479e+006 26.0729
405443 7.55479e+006 26.0672
405443 7.55479e+006 26.0672
405443 7.55479e+006 26.0565
405443 7.55479e+006 26.0565
405443 7.55479e+006 26.0565
405443 7.55479e+006 26.0672
405443 7.55479e+006 26.0672
405443 7.55479e+006 26.0729
405443 7.55479e+006 26.0593
405443 7.55479e+006 26.0593
405443 7.55479e+006 26.0565
405443 7.55479e+006 26.0672
405443 7.55479e+006 26.0729
405443 7.55479e+006 26.0764
405443 7.55479e+006 26.061
405443 7.55479e+006 26.061
405443 7.55479e+006 26.0593
405443 7.55479e+006 26.0729
405443 7.55479e+006 26.061
405443 7.55479e+006 26.0593
405443 7.55479e+006 26.0434
405443 7.55479e+006 26.0434
405443 7.55479e+006 26.0431
405443 7.55479e+006 26.061
405443 7.55479e+006 26.0593
405443 7.55479e+006 26.0565
405443 7.55479e+006 26.044
405443 7.55479e+006 26.044
405443 7.55479e+006 26.0434
405443 7.55479e+006 26.0593
405443 7.55479e+006 26.0565
405443 7.55479e+006 26.0565
405443 7.55479e+006 26.044
405443 7.55479e+006 26.044
405443 7.55479e+006 26.044
405443 7.55479e+006 26.0565
405443 7.55479e+006 26.0565
405443 7.55479e+006 26.0593
405443 7.55479e+006 26.0434
405443 7.55479e+006 26.0434
405443 7.55479e+006 26.044
405443 7.55479e+006 26.0565
405443 7.55479e+006 26.0593
405443 7.55479e+006 26.061
405443 7.55479e+006 26.0431
405443 7.55479e+006 26.0431
405443 7.55479e+006 26.0434
405443 7.55479e+006 26.0593
405443 7.55479e+006 26.0431
405443 7.55479e+006 26.0434
405443 7.55479e+006 26.028
405443 7.55479e+006 26.028
405443 7.55479e+006 26.0256
405443 7.55479e+006 26.0431
405443 7.55479e+006 26.0434
405443 7.55479e+006 26.044
405443 7.55479e+006 26.0319
405443 7.55479e+006 26.0319
405443 7.55479e+006 26.028
405443 7.55479e+006 26.0434
405443 7.55479e+006 26.044
405443 7.55479e+006 26.044
405443 7.55479e+006 26.0319
405443 7.55479e+006 26.0319
405443 7.55479e+006 26.0319
405443 7.55479e+006 26.044
405443 7.55479e+006 26.044
405443 7.55479e+006 26.0434
405443 7.55479e+006 26.028
405443 7.55479e+006 26.028
405443 7.55479e+006 26.0319
405443 7.55479e+006 26.044
405443 7.55479e+006 26.0434
405443 7.55479e+006 26.0431
405443 7.55479e+006 26.0256
405443 7.55479e+006 26.0256
405443 7.55479e+006 26.028
405443 7.55479e+006 26.0434
405443 7.55479e+006 26.0256
405443 7.55479e+006 26.028
405443 7.55479e+006 26.0157
405443 7.55479e+006 26.0157
405443 7.55479e+006 26.0117
405443 7.55479e+006 26.0256
405443 7.55479e+006 26.028
405443 7.55479e+006 26.0319
405443 7.55479e+006 26.0222
405443 7.55479e+006 26.0222
405443 7.55479e+006 26.0157
405443 7.55479e+006 26.028
405443 7.55479e+006 26.0319
405443 7.55479e+006 26.0319
405443 7.55479e+006 26.0222
405443 7.55479e+006 26.0222
405443 7.55479e+006 26.0222
405443 7.55479e+006 26.0319
405443 7.55479e+006 26.0319
405443 7.55479e+006 26.028
405443 7.55479e+006 26.0157
405443 7.55479e+006 26.0157
405443 7.55479e+006 26.0222
405443 7.55479e+006 26.0319
405443 7.55479e+006 26.028
405443 7.55479e+006 26.0256
405443 7.55479e+006 26.0117
405443 7.55479e+006 26.0117
405443 7.55479e+006 26.0157
405443 7.55479e+006 26.028
405443 7.55479e+006 26.0117
405443 7.55479e+006 26.0157
405443 7.55479e+006 26.0087
405443 7.55479e+006 26.0087
405443 7.55479e+006 26.0037
405443 7.55479e+006 26.0117
405443 7.55479e+006 26.0157
405443 7.55479e+006 26.0222
405443 7.55479e+006 26.0167
405443 7.55479e+006 26.0167
405443 7.55479e+006 26.0087
405443 7.55479e+006 26.0157
405443 7.55479e+006 26.0222
405443 7.55479e+006 26.0222
405443 7.55479e+006 26.0167
405443 7.55479e+006 26.0167
405443 7.55479e+006 26.0167
405443 7.55479e+006 26.0222
405443 7.55479e+006 26.0222
405443 7.55479e+006 26.0157
405443 7.55479e+006 26.0087
405443 7.55479e+006 26.0087
405443 7.55479e+006 26.0167
405443 7.55479e+006 26.0222
405443 7.55479e+006 26.0157
405443 7.55479e+006 26.0117
405443 7.55479e+006 26.0037
405443 7.55479e+006 26.0037
405443 7.55479e+006 26.0087
405443 7.55479e+006 26.0157
405443 7.55479e+006 26.0037
405443 7.55479e+006 26.0087
405443 7.55479e+006 26.0081
405443 7.55479e+006 26.0081
405443 7.55479e+006 26.0031
405443 7.55479e+006 26.0037
405443 7.55479e+006 26.0087
405443 7.55479e+006 26.0167
405443 7.55479e+006 26.0163
405443 7.55479e+006 26.0163
405443 7.55479e+006 26.0081
405443 7.55479e+006 26.0087
405443 7.55479e+006 26.0167
405443 7.55479e+006 26.0167
405443 7.55479e+006 26.0163
405443 7.55479e+006 26.0163
405443 7.55479e+006 26.0163
405443 7.55479e+006 26.0167
405443 7.55479e+006 26.0167
405443 7.55479e+006 26.0087
405443 7.55479e+006 26.0081
405443 7.55479e+006 26.0081
405443 7.55479e+006 26.0163
405443 7.55479e+006 26.0167
405443 7.55479e+006 26.0087
405443 7.55479e+006 26.0037
405443 7.55479e+006 26.0031
405443 7.55479e+006 26.0031
405443 7.55479e+006 26.0081
405443 7.55479e+006 26.0087
405443 7.55479e+006 26.0031
405443 7.55479e+006 26.0081
405443 7.55479e+006 26.0141
405443 7.55479e+006 26.0141
405443 7.55479e+006 26.0099
405443 7.55479e+006 26.0031
405443 7.55479e+006 26.0081
405443 7.55479e+006 26.0163
405443 7.55479e+006 26.021
405443 7.55479e+006 26.021
405443 7.55479e+006 26.0141
405443 7.55479e+006 26.0081
405443 7.55479e+006 26.0163
405443 7.55479e+006 26.0163
405443 7.55479e+006 26.021
405443 7.55479e+006 26.021
405443 7.55479e+006 26.021
405443 7.55479e+006 26.0163
405443 7.55479e+006 26.0163
405443 7.55479e+006 26.0081
405443 7.55479e+006 26.0141
405443 7.55479e+006 26.0141
405443 7.55479e+006 26.021
405443 7.55479e+006 26.0163
405443 7.55479e+006 26.0081
405443 7.55479e+006 26.0031
405443 7.55479e+006 26.0099
405443 7.55479e+006 26.0099
405443 7.55479e+006 26.0141
405443 7.55479e+006 26.0081
405443 7.55479e+006 26.0099
405443 7.55479e+006 26.0141
405443 7.55479e+006 26.0257
405443 7.55479e+006 26.0257
405443 7.55479e+006 26.023
405443 7.55479e+006 26.0099
405443 7.55479e+006 26.0141
405443 7.55479e+006 26.021
405443 7.55479e+006 26.03
405443 7.55479e+006 26.03
405443 7.55479e+006 26.0257
405443 7.55479e+006 26.0141
405443 7.55479e+006 26.021
405443 7.55479e+006 26.021
405443 7.55479e+006 26.03
405443 7.55479e+006 26.03
405443 7.55479e+006 26.03
405443 7.55479e+006 26.021
405443 7.55479e+006 26.021
405443 7.55479e+006 26.0141
405443 7.55479e+006 26.0257
405443 7.55479e+006 26.0257
405443 7.55479e+006 26.03
405443 7.55479e+006 26.021
405443 7.55479e+006 26.0141
405443 7.55479e+006 26.0099
405443 7.55479e+006 26.023
405443 7.55479e+006 26.023
405443 7.55479e+006 26.0257
405443 7.55479e+006 26.0141
405443 7.55479e+006 26.023
405443 7.55479e+006 26.0257
405443 7.55479e+006 26.0407
405443 7.55479e+006 26.0407
405443 7.55479e+006 26.04
405443 7.55479e+006 26.023
405443 7.55479e+006 26.0257
405443 7.55479e+006 26.03
405443 7.55479e+006 26.0419
405443 7.55479e+006 26.0419
405443 7.55479e+006 26.0407
405443 7.55479e+006 26.0257
405443 7.55479e+006 26.03
405443 7.55479e+006 26.03
405443 7.55479e+006 26.0419
405443 7.55479e+006 26.0419
405443 7.55479e+006 26.0419
405443 7.55479e+006 26.03
405443 7.55479e+006 26.03
405443 7.55479e+006 26.0257
405443 7.55479e+006 26.0407
405443 7.55479e+006 26.0407
405443 7.55479e+006 26.0419
405443 7.55479e+006 26.03
405443 7.55479e+006 26.0257
405443 7.55479e+006 26.023
405443 7.55479e+006 26.04
405443 7.55479e+006 26.04
405443 7.55479e+006 26.0407
405443 7.55479e+006 26.0257
405443 7.55479e+006 26.04
405443 7.55479e+006 26.0407
405443 7.55479e+006 26.0567
405443 7.55479e+006 26.0567
405443 7.55479e+006 26.0581
405443 7.55479e+006 26.04
405443 7.55479e+006 26.0407
405443 7.55479e+006 26.0419
405443 7.55479e+006 26.0545
405443 7.55479e+006 26.0545
405443 7.55479e+006 26.0567
405443 7.55479e+006 26.0407
405443 7.55479e+006 26.0419
405443 7.55479e+006 26.0419
405443 7.55479e+006 26.0545
405443 7.55479e+006 26.0545
405443 7.55479e+006 26.0545
405443 7.55479e+006 26.0419
405443 7.55479e+006 26.0419
405443 7.55479e+006 26.0407
405443 7.55479e+006 26.0567
405443 7.55479e+006 26.0567
405443 7.55479e+006 26.0545
405443 7.55479e+006 26.0419
405443 7.55479e+006 26.0407
405443 7.55479e+006 26.04
405443 7.55479e+006 26.0581
405443 7.55479e+006 26.0581
405443 7.55479e+006 26.0567
405443 7.55479e+006 26.0407
405443 7.55479e+006 26.0581
405443 7.55479e+006 26.0567
405443 7.55479e+006 26.0709
405443 7.55479e+006 26.0709
405443 7.55479e+006 26.0742
405443 7.55479e+006 26.0581
405443 7.55479e+006 26.0567
405443 7.55479e+006 26.0545
405443 7.55479e+006 26.0656
405443 7.55479e+006 26.0656
405443 7.55479e+006 26.0709
405443 7.55479e+006 26.0567
405443 7.55479e+006 26.0545
405443 7.55479e+006 26.0545
405443 7.55479e+006 26.0656
405443 7.55479e+006 26.0656
405443 7.55479e+006 26.0656
405443 7.55479e+006 26.0545
405443 7.55479e+006 26.0545
405443 7.55479e+006 26.0567
405443 7.55479e+006 26.0709
405443 7.55479e+006 26.0709
405443 7.55479e+006 26.0656
405443 7.55479e+006 26.0545
405443 7.55479e+006 26.0567
405443 7.55479e+006 26.0581
405443 7.55479e+006 26.0742
405443 7.55479e+006 26.0742
405443 7.55479e+006 26.0709
405443 7.55479e+006 26.0567
405443 7.55479e+006 26.242
405443 7.55479e+006 26.0646
405443 7.55479e+006 26.073
405443 7.55479e+006 26.073
405443 7.55479e+006 26.2504
405443 7.55479e+006 26.242
405443 7.55479e+006 26.2504
405443 7.55479e+006 26.073
405443 7.55479e+006 26.0732
405443 7.55479e+006 26.0732
405443 7.55479e+006 26.2507
405443 7.55479e+006 26.2504
405443 7.55479e+006 26.2507
405443 7.55479e+006 26.0732
405443 7.55479e+006 26.065
405443 7.55479e+006 26.065
405443 7.55479e+006 26.2424
405443 7.55479e+006 26.2507
405443 7.55479e+006 26.2424
405443 7.55479e+006 26.065
405443 7.55479e+006 26.0596
405443 7.55479e+006 26.0596
405443 7.55479e+006 26.237
405443 7.55479e+006 26.2424
405443 7.55479e+006 26.237
405443 7.55479e+006 26.0596
405443 7.55479e+006 26.0646
405443 7.55479e+006 26.0646
405443 7.55479e+006 26.242
405443 7.55479e+006 26.237
