405434 7.55479e+006 25.666
405434 7.55479e+006 25.677
405434 7.55479e+006 25.7377
405434 7.55479e+006 25.7377
405434 7.55479e+006 25.7294
405434 7.55479e+006 25.666
405434 7.55479e+006 25.677
405434 7.55479e+006 25.6881
405434 7.55479e+006 25.746
405434 7.55479e+006 25.746
405434 7.55479e+006 25.7377
405434 7.55479e+006 25.677
405434 7.55479e+006 25.6881
405434 7.55479e+006 25.677
405434 7.55479e+006 25.7377
405434 7.55479e+006 25.7377
405434 7.55479e+006 25.746
405434 7.55479e+006 25.6881
405434 7.55479e+006 25.677
405434 7.55479e+006 25.666
405434 7.55479e+006 25.7294
405434 7.55479e+006 25.7294
405434 7.55479e+006 25.7377
405434 7.55479e+006 25.677
405434 7.55479e+006 25.7294
405434 7.55479e+006 25.7377
405434 7.55479e+006 25.8107
405434 7.55479e+006 25.8107
405434 7.55479e+006 25.8057
405434 7.55479e+006 25.7294
405434 7.55479e+006 25.7377
405434 7.55479e+006 25.746
405434 7.55479e+006 25.8156
405434 7.55479e+006 25.8156
405434 7.55479e+006 25.8107
405434 7.55479e+006 25.7377
405434 7.55479e+006 25.746
405434 7.55479e+006 25.7377
405434 7.55479e+006 25.8107
405434 7.55479e+006 25.8107
405434 7.55479e+006 25.8156
405434 7.55479e+006 25.746
405434 7.55479e+006 25.7377
405434 7.55479e+006 25.7294
405434 7.55479e+006 25.8057
405434 7.55479e+006 25.8057
405434 7.55479e+006 25.8107
405434 7.55479e+006 25.7377
405434 7.55479e+006 25.8057
405434 7.55479e+006 25.8107
405434 7.55479e+006 25.891
405434 7.55479e+006 25.891
405434 7.55479e+006 25.8897
405434 7.55479e+006 25.8057
405434 7.55479e+006 25.8107
405434 7.55479e+006 25.8156
405434 7.55479e+006 25.8922
405434 7.55479e+006 25.8922
405434 7.55479e+006 25.891
405434 7.55479e+006 25.8107
405434 7.55479e+006 25.8156
405434 7.55479e+006 25.8107
405434 7.55479e+006 25.891
405434 7.55479e+006 25.891
405434 7.55479e+006 25.8922
405434 7.55479e+006 25.8156
405434 7.55479e+006 25.8107
405434 7.55479e+006 25.8057
405434 7.55479e+006 25.8897
405434 7.55479e+006 25.8897
405434 7.55479e+006 25.891
405434 7.55479e+006 25.8107
405434 7.55479e+006 25.8897
405434 7.55479e+006 25.891
405434 7.55479e+006 25.9732
405434 7.55479e+006 25.9732
405434 7.55479e+006 25.9757
405434 7.55479e+006 25.8897
405434 7.55479e+006 25.891
405434 7.55479e+006 25.8922
405434 7.55479e+006 25.9707
405434 7.55479e+006 25.9707
405434 7.55479e+006 25.9732
405434 7.55479e+006 25.891
405434 7.55479e+006 25.8922
405434 7.55479e+006 25.891
405434 7.55479e+006 25.9732
405434 7.55479e+006 25.9732
405434 7.55479e+006 25.9707
405434 7.55479e+006 25.8922
405434 7.55479e+006 25.891
405434 7.55479e+006 25.8897
405434 7.55479e+006 25.9757
405434 7.55479e+006 25.9757
405434 7.55479e+006 25.9732
405434 7.55479e+006 25.891
405434 7.55479e+006 25.9757
405434 7.55479e+006 25.9732
405434 7.55479e+006 26.0516
405434 7.55479e+006 26.0516
405434 7.55479e+006 26.0577
405434 7.55479e+006 25.9757
405434 7.55479e+006 25.9732
405434 7.55479e+006 25.9707
405434 7.55479e+006 26.0455
405434 7.55479e+006 26.0455
405434 7.55479e+006 26.0516
405434 7.55479e+006 25.9732
405434 7.55479e+006 25.9707
405434 7.55479e+006 25.9732
405434 7.55479e+006 26.0516
405434 7.55479e+006 26.0516
405434 7.55479e+006 26.0455
405434 7.55479e+006 25.9707
405434 7.55479e+006 25.9732
405434 7.55479e+006 25.9757
405434 7.55479e+006 26.0577
405434 7.55479e+006 26.0577
405434 7.55479e+006 26.0516
405434 7.55479e+006 25.9732
405434 7.55479e+006 26.0577
405434 7.55479e+006 26.0516
405434 7.55479e+006 26.121
405434 7.55479e+006 26.121
405434 7.55479e+006 26.1303
405434 7.55479e+006 26.0577
405434 7.55479e+006 26.0516
405434 7.55479e+006 26.0455
405434 7.55479e+006 26.1117
405434 7.55479e+006 26.1117
405434 7.55479e+006 26.121
405434 7.55479e+006 26.0516
405434 7.55479e+006 26.0455
405434 7.55479e+006 26.0516
405434 7.55479e+006 26.121
405434 7.55479e+006 26.121
405434 7.55479e+006 26.1117
405434 7.55479e+006 26.0455
405434 7.55479e+006 26.0516
405434 7.55479e+006 26.0577
405434 7.55479e+006 26.1303
405434 7.55479e+006 26.1303
405434 7.55479e+006 26.121
405434 7.55479e+006 26.0516
405434 7.55479e+006 26.1303
405434 7.55479e+006 26.121
405434 7.55479e+006 26.1766
405434 7.55479e+006 26.1766
405434 7.55479e+006 26.1884
405434 7.55479e+006 26.1303
405434 7.55479e+006 26.121
405434 7.55479e+006 26.1117
405434 7.55479e+006 26.1648
405434 7.55479e+006 26.1648
405434 7.55479e+006 26.1766
405434 7.55479e+006 26.121
405434 7.55479e+006 26.1117
405434 7.55479e+006 26.121
405434 7.55479e+006 26.1766
405434 7.55479e+006 26.1766
405434 7.55479e+006 26.1648
405434 7.55479e+006 26.1117
405434 7.55479e+006 26.121
405434 7.55479e+006 26.1303
405434 7.55479e+006 26.1884
405434 7.55479e+006 26.1884
405434 7.55479e+006 26.1766
405434 7.55479e+006 26.121
405434 7.55479e+006 26.1884
405434 7.55479e+006 26.1766
405434 7.55479e+006 26.2146
405434 7.55479e+006 26.2146
405434 7.55479e+006 26.2281
405434 7.55479e+006 26.1884
405434 7.55479e+006 26.1766
405434 7.55479e+006 26.1648
405434 7.55479e+006 26.201
405434 7.55479e+006 26.201
405434 7.55479e+006 26.2146
405434 7.55479e+006 26.1766
405434 7.55479e+006 26.1648
405434 7.55479e+006 26.1766
405434 7.55479e+006 26.2146
405434 7.55479e+006 26.2146
405434 7.55479e+006 26.201
405434 7.55479e+006 26.1648
405434 7.55479e+006 26.1766
405434 7.55479e+006 26.1884
405434 7.55479e+006 26.2281
405434 7.55479e+006 26.2281
405434 7.55479e+006 26.2146
405434 7.55479e+006 26.1766
405434 7.55479e+006 26.2281
405434 7.55479e+006 26.2146
405434 7.55479e+006 26.2324
405434 7.55479e+006 26.2324
405434 7.55479e+006 26.2467
405434 7.55479e+006 26.2281
405434 7.55479e+006 26.2146
405434 7.55479e+006 26.201
405434 7.55479e+006 26.218
405434 7.55479e+006 26.218
405434 7.55479e+006 26.2324
405434 7.55479e+006 26.2146
405434 7.55479e+006 26.201
405434 7.55479e+006 26.2146
405434 7.55479e+006 26.2324
405434 7.55479e+006 26.2324
405434 7.55479e+006 26.218
405434 7.55479e+006 26.201
405434 7.55479e+006 26.2146
405434 7.55479e+006 26.2281
405434 7.55479e+006 26.2467
405434 7.55479e+006 26.2467
405434 7.55479e+006 26.2324
405434 7.55479e+006 26.2146
405434 7.55479e+006 26.2467
405434 7.55479e+006 26.2324
405434 7.55479e+006 26.2288
405434 7.55479e+006 26.2288
405434 7.55479e+006 26.243
405434 7.55479e+006 26.2467
405434 7.55479e+006 26.2324
405434 7.55479e+006 26.218
405434 7.55479e+006 26.2146
405434 7.55479e+006 26.2146
405434 7.55479e+006 26.2288
405434 7.55479e+006 26.2324
405434 7.55479e+006 26.218
405434 7.55479e+006 26.2324
405434 7.55479e+006 26.2288
405434 7.55479e+006 26.2288
405434 7.55479e+006 26.2146
405434 7.55479e+006 26.218
405434 7.55479e+006 26.2324
405434 7.55479e+006 26.2467
405434 7.55479e+006 26.243
405434 7.55479e+006 26.243
405434 7.55479e+006 26.2288
405434 7.55479e+006 26.2324
405434 7.55479e+006 26.243
405434 7.55479e+006 26.2288
405434 7.55479e+006 26.204
405434 7.55479e+006 26.204
405434 7.55479e+006 26.2171
405434 7.55479e+006 26.243
405434 7.55479e+006 26.2288
405434 7.55479e+006 26.2146
405434 7.55479e+006 26.191
405434 7.55479e+006 26.191
405434 7.55479e+006 26.204
405434 7.55479e+006 26.2288
405434 7.55479e+006 26.2146
405434 7.55479e+006 26.2288
405434 7.55479e+006 26.204
405434 7.55479e+006 26.204
405434 7.55479e+006 26.191
405434 7.55479e+006 26.2146
405434 7.55479e+006 26.2288
405434 7.55479e+006 26.243
405434 7.55479e+006 26.2171
405434 7.55479e+006 26.2171
405434 7.55479e+006 26.204
405434 7.55479e+006 26.2288
405434 7.55479e+006 26.2171
405434 7.55479e+006 26.204
405434 7.55479e+006 26.1598
405434 7.55479e+006 26.1598
405434 7.55479e+006 26.1709
405434 7.55479e+006 26.2171
405434 7.55479e+006 26.204
405434 7.55479e+006 26.191
405434 7.55479e+006 26.1488
405434 7.55479e+006 26.1488
405434 7.55479e+006 26.1598
405434 7.55479e+006 26.204
405434 7.55479e+006 26.191
405434 7.55479e+006 26.204
405434 7.55479e+006 26.1598
405434 7.55479e+006 26.1598
405434 7.55479e+006 26.1488
405434 7.55479e+006 26.191
405434 7.55479e+006 26.204
405434 7.55479e+006 26.2171
405434 7.55479e+006 26.1709
405434 7.55479e+006 26.1709
405434 7.55479e+006 26.1598
405434 7.55479e+006 26.204
405434 7.55479e+006 26.1709
405434 7.55479e+006 26.1598
405434 7.55479e+006 26.0992
405434 7.55479e+006 26.0992
405434 7.55479e+006 26.1075
405434 7.55479e+006 26.1709
405434 7.55479e+006 26.1598
405434 7.55479e+006 26.1488
405434 7.55479e+006 26.0909
405434 7.55479e+006 26.0909
405434 7.55479e+006 26.0992
405434 7.55479e+006 26.1598
405434 7.55479e+006 26.1488
405434 7.55479e+006 26.1598
405434 7.55479e+006 26.0992
405434 7.55479e+006 26.0992
405434 7.55479e+006 26.0909
405434 7.55479e+006 26.1488
405434 7.55479e+006 26.1598
405434 7.55479e+006 26.1709
405434 7.55479e+006 26.1075
405434 7.55479e+006 26.1075
405434 7.55479e+006 26.0992
405434 7.55479e+006 26.1598
405434 7.55479e+006 26.1075
405434 7.55479e+006 26.0992
405434 7.55479e+006 26.0262
405434 7.55479e+006 26.0262
405434 7.55479e+006 26.0312
405434 7.55479e+006 26.1075
405434 7.55479e+006 26.0992
405434 7.55479e+006 26.0909
405434 7.55479e+006 26.0213
405434 7.55479e+006 26.0213
405434 7.55479e+006 26.0262
405434 7.55479e+006 26.0992
405434 7.55479e+006 26.0909
405434 7.55479e+006 26.0992
405434 7.55479e+006 26.0262
405434 7.55479e+006 26.0262
405434 7.55479e+006 26.0213
405434 7.55479e+006 26.0909
405434 7.55479e+006 26.0992
405434 7.55479e+006 26.1075
405434 7.55479e+006 26.0312
405434 7.55479e+006 26.0312
405434 7.55479e+006 26.0262
405434 7.55479e+006 26.0992
405434 7.55479e+006 26.0312
405434 7.55479e+006 26.0262
405434 7.55479e+006 25.9459
405434 7.55479e+006 25.9459
405434 7.55479e+006 25.9472
405434 7.55479e+006 26.0312
405434 7.55479e+006 26.0262
405434 7.55479e+006 26.0213
405434 7.55479e+006 25.9446
405434 7.55479e+006 25.9446
405434 7.55479e+006 25.9459
405434 7.55479e+006 26.0262
405434 7.55479e+006 26.0213
405434 7.55479e+006 26.0262
405434 7.55479e+006 25.9459
405434 7.55479e+006 25.9459
405434 7.55479e+006 25.9446
405434 7.55479e+006 26.0213
405434 7.55479e+006 26.0262
405434 7.55479e+006 26.0312
405434 7.55479e+006 25.9472
405434 7.55479e+006 25.9472
405434 7.55479e+006 25.9459
405434 7.55479e+006 26.0262
405434 7.55479e+006 25.9472
405434 7.55479e+006 25.9459
405434 7.55479e+006 25.8637
405434 7.55479e+006 25.8637
405434 7.55479e+006 25.8612
405434 7.55479e+006 25.9472
405434 7.55479e+006 25.9459
405434 7.55479e+006 25.9446
405434 7.55479e+006 25.8662
405434 7.55479e+006 25.8662
405434 7.55479e+006 25.8637
405434 7.55479e+006 25.9459
405434 7.55479e+006 25.9446
405434 7.55479e+006 25.9459
405434 7.55479e+006 25.8637
405434 7.55479e+006 25.8637
405434 7.55479e+006 25.8662
405434 7.55479e+006 25.9446
405434 7.55479e+006 25.9459
405434 7.55479e+006 25.9472
405434 7.55479e+006 25.8612
405434 7.55479e+006 25.8612
405434 7.55479e+006 25.8637
405434 7.55479e+006 25.9459
405434 7.55479e+006 25.8612
405434 7.55479e+006 25.8637
405434 7.55479e+006 25.7853
405434 7.55479e+006 25.7853
405434 7.55479e+006 25.7792
405434 7.55479e+006 25.8612
405434 7.55479e+006 25.8637
405434 7.55479e+006 25.8662
405434 7.55479e+006 25.7914
405434 7.55479e+006 25.7914
405434 7.55479e+006 25.7853
405434 7.55479e+006 25.8637
405434 7.55479e+006 25.8662
405434 7.55479e+006 25.8637
405434 7.55479e+006 25.7853
405434 7.55479e+006 25.7853
405434 7.55479e+006 25.7914
405434 7.55479e+006 25.8662
405434 7.55479e+006 25.8637
405434 7.55479e+006 25.8612
405434 7.55479e+006 25.7792
405434 7.55479e+006 25.7792
405434 7.55479e+006 25.7853
405434 7.55479e+006 25.8637
405434 7.55479e+006 25.7792
405434 7.55479e+006 25.7853
405434 7.55479e+006 25.7159
405434 7.55479e+006 25.7159
405434 7.55479e+006 25.7066
405434 7.55479e+006 25.7792
405434 7.55479e+006 25.7853
405434 7.55479e+006 25.7914
405434 7.55479e+006 25.7251
405434 7.55479e+006 25.7251
405434 7.55479e+006 25.7159
405434 7.55479e+006 25.7853
405434 7.55479e+006 25.7914
405434 7.55479e+006 25.7853
405434 7.55479e+006 25.7159
405434 7.55479e+006 25.7159
405434 7.55479e+006 25.7251
405434 7.55479e+006 25.7914
405434 7.55479e+006 25.7853
405434 7.55479e+006 25.7792
405434 7.55479e+006 25.7066
405434 7.55479e+006 25.7066
405434 7.55479e+006 25.7159
405434 7.55479e+006 25.7853
405434 7.55479e+006 25.7066
405434 7.55479e+006 25.7159
405434 7.55479e+006 25.6603
405434 7.55479e+006 25.6603
405434 7.55479e+006 25.6485
405434 7.55479e+006 25.7066
405434 7.55479e+006 25.7159
405434 7.55479e+006 25.7251
405434 7.55479e+006 25.6721
405434 7.55479e+006 25.6721
405434 7.55479e+006 25.6603
405434 7.55479e+006 25.7159
405434 7.55479e+006 25.7251
405434 7.55479e+006 25.7159
405434 7.55479e+006 25.6603
405434 7.55479e+006 25.6603
405434 7.55479e+006 25.6721
405434 7.55479e+006 25.7251
405434 7.55479e+006 25.7159
405434 7.55479e+006 25.7066
405434 7.55479e+006 25.6485
405434 7.55479e+006 25.6485
405434 7.55479e+006 25.6603
405434 7.55479e+006 25.7159
405434 7.55479e+006 25.6485
405434 7.55479e+006 25.6603
405434 7.55479e+006 25.6223
405434 7.55479e+006 25.6223
405434 7.55479e+006 25.6087
405434 7.55479e+006 25.6485
405434 7.55479e+006 25.6603
405434 7.55479e+006 25.6721
405434 7.55479e+006 25.6359
405434 7.55479e+006 25.6359
405434 7.55479e+006 25.6223
405434 7.55479e+006 25.6603
405434 7.55479e+006 25.6721
405434 7.55479e+006 25.6603
405434 7.55479e+006 25.6223
405434 7.55479e+006 25.6223
405434 7.55479e+006 25.6359
405434 7.55479e+006 25.6721
405434 7.55479e+006 25.6603
405434 7.55479e+006 25.6485
405434 7.55479e+006 25.6087
405434 7.55479e+006 25.6087
405434 7.55479e+006 25.6223
405434 7.55479e+006 25.6603
405434 7.55479e+006 25.6087
405434 7.55479e+006 25.6223
405434 7.55479e+006 25.6045
405434 7.55479e+006 25.6045
405434 7.55479e+006 25.5901
405434 7.55479e+006 25.6087
405434 7.55479e+006 25.6223
405434 7.55479e+006 25.6359
405434 7.55479e+006 25.6189
405434 7.55479e+006 25.6189
405434 7.55479e+006 25.6045
405434 7.55479e+006 25.6223
405434 7.55479e+006 25.6359
405434 7.55479e+006 25.6223
405434 7.55479e+006 25.6045
405434 7.55479e+006 25.6045
405434 7.55479e+006 25.6189
405434 7.55479e+006 25.6359
405434 7.55479e+006 25.6223
405434 7.55479e+006 25.6087
405434 7.55479e+006 25.5901
405434 7.55479e+006 25.5901
405434 7.55479e+006 25.6045
405434 7.55479e+006 25.6223
405434 7.55479e+006 25.5901
405434 7.55479e+006 25.6045
405434 7.55479e+006 25.6081
405434 7.55479e+006 25.6081
405434 7.55479e+006 25.5939
405434 7.55479e+006 25.5901
405434 7.55479e+006 25.6045
405434 7.55479e+006 25.6189
405434 7.55479e+006 25.6223
405434 7.55479e+006 25.6223
405434 7.55479e+006 25.6081
405434 7.55479e+006 25.6045
405434 7.55479e+006 25.6189
405434 7.55479e+006 25.6045
405434 7.55479e+006 25.6081
405434 7.55479e+006 25.6081
405434 7.55479e+006 25.6223
405434 7.55479e+006 25.6189
405434 7.55479e+006 25.6045
405434 7.55479e+006 25.5901
405434 7.55479e+006 25.5939
405434 7.55479e+006 25.5939
405434 7.55479e+006 25.6081
405434 7.55479e+006 25.6045
405434 7.55479e+006 25.5939
405434 7.55479e+006 25.6081
405434 7.55479e+006 25.6328
405434 7.55479e+006 25.6328
405434 7.55479e+006 25.6198
405434 7.55479e+006 25.5939
405434 7.55479e+006 25.6081
405434 7.55479e+006 25.6223
405434 7.55479e+006 25.6459
405434 7.55479e+006 25.6459
405434 7.55479e+006 25.6328
405434 7.55479e+006 25.6081
405434 7.55479e+006 25.6223
405434 7.55479e+006 25.6081
405434 7.55479e+006 25.6328
405434 7.55479e+006 25.6328
405434 7.55479e+006 25.6459
405434 7.55479e+006 25.6223
405434 7.55479e+006 25.6081
405434 7.55479e+006 25.5939
405434 7.55479e+006 25.6198
405434 7.55479e+006 25.6198
405434 7.55479e+006 25.6328
405434 7.55479e+006 25.6081
405434 7.55479e+006 25.6198
405434 7.55479e+006 25.6328
405434 7.55479e+006 25.677
405434 7.55479e+006 25.677
405434 7.55479e+006 25.666
405434 7.55479e+006 25.6198
405434 7.55479e+006 25.6328
405434 7.55479e+006 25.6459
405434 7.55479e+006 25.6881
405434 7.55479e+006 25.6881
405434 7.55479e+006 25.677
405434 7.55479e+006 25.6328
405434 7.55479e+006 25.6459
405434 7.55479e+006 25.6328
405434 7.55479e+006 25.677
405434 7.55479e+006 25.677
405434 7.55479e+006 25.6881
405434 7.55479e+006 25.6459
405434 7.55479e+006 25.6328
405434 7.55479e+006 25.6198
405434 7.55479e+006 25.666
405434 7.55479e+006 25.666
405434 7.55479e+006 25.677
405434 7.55479e+006 25.6328
405434 7.55479e+006 26.1133
405434 7.55479e+006 25.936
405434 7.55479e+006 25.9442
405434 7.55479e+006 25.9442
405434 7.55479e+006 26.1216
405434 7.55479e+006 26.1133
405434 7.55479e+006 26.1133
405434 7.55479e+006 26.1136
405434 7.55479e+006 25.9362
405434 7.55479e+006 25.9362
405434 7.55479e+006 25.936
405434 7.55479e+006 26.1133
405434 7.55479e+006 26.1136
405434 7.55479e+006 26.122
405434 7.55479e+006 25.9446
405434 7.55479e+006 25.9446
405434 7.55479e+006 25.9362
405434 7.55479e+006 26.1136
405434 7.55479e+006 26.122
405434 7.55479e+006 26.1269
405434 7.55479e+006 25.9496
405434 7.55479e+006 25.9496
405434 7.55479e+006 25.9446
405434 7.55479e+006 26.122
405434 7.55479e+006 26.1269
405434 7.55479e+006 26.1216
405434 7.55479e+006 25.9442
405434 7.55479e+006 25.9442
405434 7.55479e+006 25.9496
405434 7.55479e+006 26.1269
405434 7.55479e+006 26.1558
405434 7.55479e+006 25.9447
405434 7.55479e+006 25.9378
405434 7.55479e+006 25.9378
405434 7.55479e+006 26.1488
405434 7.55479e+006 26.1558
405434 7.55479e+006 26.1613
405434 7.55479e+006 25.9502
405434 7.55479e+006 25.9447
405434 7.55479e+006 25.9447
405434 7.55479e+006 26.1558
405434 7.55479e+006 26.1613
405434 7.55479e+006 26.1577
405434 7.55479e+006 25.9467
405434 7.55479e+006 25.9502
405434 7.55479e+006 25.9502
405434 7.55479e+006 26.1613
405434 7.55479e+006 26.1577
405434 7.55479e+006 26.15
405434 7.55479e+006 25.939
405434 7.55479e+006 25.9467
405434 7.55479e+006 25.9467
405434 7.55479e+006 26.1577
405434 7.55479e+006 26.15
405434 7.55479e+006 26.1488
405434 7.55479e+006 25.9378
405434 7.55479e+006 25.939
405434 7.55479e+006 25.939
405434 7.55479e+006 26.15
405434 7.55479e+006 26.1488
405434 7.55479e+006 25.7227
405434 7.55479e+006 25.8992
405434 7.55479e+006 25.8908
405434 7.55479e+006 25.8908
405434 7.55479e+006 25.7143
405434 7.55479e+006 25.7227
405434 7.55479e+006 25.7143
405434 7.55479e+006 25.8908
405434 7.55479e+006 25.8906
405434 7.55479e+006 25.8906
405434 7.55479e+006 25.714
405434 7.55479e+006 25.7143
405434 7.55479e+006 25.714
405434 7.55479e+006 25.8906
405434 7.55479e+006 25.8988
405434 7.55479e+006 25.8988
405434 7.55479e+006 25.7223
405434 7.55479e+006 25.714
405434 7.55479e+006 25.7223
405434 7.55479e+006 25.8988
405434 7.55479e+006 25.9042
405434 7.55479e+006 25.9042
405434 7.55479e+006 25.7277
405434 7.55479e+006 25.7223
405434 7.55479e+006 25.7277
405434 7.55479e+006 25.9042
405434 7.55479e+006 25.8992
405434 7.55479e+006 25.8992
405434 7.55479e+006 25.7227
405434 7.55479e+006 25.7277
405434 7.55479e+006 25.8992
405434 7.55479e+006 25.9042
405434 7.55479e+006 25.8988
405434 7.55479e+006 25.8992
405434 7.55479e+006 25.8988
405434 7.55479e+006 25.8906
405434 7.55479e+006 25.8992
405434 7.55479e+006 25.8906
405434 7.55479e+006 25.8908
405434 7.55479e+006 25.885
405434 7.55479e+006 25.8889
405434 7.55479e+006 25.9015
405434 7.55479e+006 25.9015
405434 7.55479e+006 25.8993
405434 7.55479e+006 25.885
405434 7.55479e+006 25.8889
405434 7.55479e+006 25.8952
405434 7.55479e+006 25.9052
405434 7.55479e+006 25.9052
405434 7.55479e+006 25.9015
405434 7.55479e+006 25.8889
405434 7.55479e+006 25.8952
405434 7.55479e+006 25.8952
405434 7.55479e+006 25.9052
405434 7.55479e+006 25.9052
405434 7.55479e+006 25.9052
405434 7.55479e+006 25.8952
405434 7.55479e+006 25.8952
405434 7.55479e+006 25.8889
405434 7.55479e+006 25.9015
405434 7.55479e+006 25.9015
405434 7.55479e+006 25.9052
405434 7.55479e+006 25.8952
405434 7.55479e+006 25.8889
405434 7.55479e+006 25.885
405434 7.55479e+006 25.8993
405434 7.55479e+006 25.8993
405434 7.55479e+006 25.9015
405434 7.55479e+006 25.8889
405434 7.55479e+006 25.8993
405434 7.55479e+006 25.9015
405434 7.55479e+006 25.9171
405434 7.55479e+006 25.9171
405434 7.55479e+006 25.9169
405434 7.55479e+006 25.8993
405434 7.55479e+006 25.9015
405434 7.55479e+006 25.9052
405434 7.55479e+006 25.9174
405434 7.55479e+006 25.9174
405434 7.55479e+006 25.9171
405434 7.55479e+006 25.9015
405434 7.55479e+006 25.9052
405434 7.55479e+006 25.9052
405434 7.55479e+006 25.9174
405434 7.55479e+006 25.9174
405434 7.55479e+006 25.9174
405434 7.55479e+006 25.9052
405434 7.55479e+006 25.9052
405434 7.55479e+006 25.9015
405434 7.55479e+006 25.9171
405434 7.55479e+006 25.9171
405434 7.55479e+006 25.9174
405434 7.55479e+006 25.9052
405434 7.55479e+006 25.9015
405434 7.55479e+006 25.8993
405434 7.55479e+006 25.9169
405434 7.55479e+006 25.9169
405434 7.55479e+006 25.9171
405434 7.55479e+006 25.9015
405434 7.55479e+006 25.9169
405434 7.55479e+006 25.9171
405434 7.55479e+006 25.9329
405434 7.55479e+006 25.9329
405434 7.55479e+006 25.9348
405434 7.55479e+006 25.9169
405434 7.55479e+006 25.9171
405434 7.55479e+006 25.9174
405434 7.55479e+006 25.9298
405434 7.55479e+006 25.9298
405434 7.55479e+006 25.9329
405434 7.55479e+006 25.9171
405434 7.55479e+006 25.9174
405434 7.55479e+006 25.9174
405434 7.55479e+006 25.9298
405434 7.55479e+006 25.9298
405434 7.55479e+006 25.9298
405434 7.55479e+006 25.9174
405434 7.55479e+006 25.9174
405434 7.55479e+006 25.9171
405434 7.55479e+006 25.9329
405434 7.55479e+006 25.9329
405434 7.55479e+006 25.9298
405434 7.55479e+006 25.9174
405434 7.55479e+006 25.9171
405434 7.55479e+006 25.9169
405434 7.55479e+006 25.9348
405434 7.55479e+006 25.9348
405434 7.55479e+006 25.9329
405434 7.55479e+006 25.9171
405434 7.55479e+006 25.9348
405434 7.55479e+006 25.9329
405434 7.55479e+006 25.9462
405434 7.55479e+006 25.9462
405434 7.55479e+006 25.9498
405434 7.55479e+006 25.9348
405434 7.55479e+006 25.9329
405434 7.55479e+006 25.9298
405434 7.55479e+006 25.9402
405434 7.55479e+006 25.9402
405434 7.55479e+006 25.9462
405434 7.55479e+006 25.9329
405434 7.55479e+006 25.9298
405434 7.55479e+006 25.9298
405434 7.55479e+006 25.9402
405434 7.55479e+006 25.9402
405434 7.55479e+006 25.9402
405434 7.55479e+006 25.9298
405434 7.55479e+006 25.9298
405434 7.55479e+006 25.9329
405434 7.55479e+006 25.9462
405434 7.55479e+006 25.9462
405434 7.55479e+006 25.9402
405434 7.55479e+006 25.9298
405434 7.55479e+006 25.9329
405434 7.55479e+006 25.9348
405434 7.55479e+006 25.9498
405434 7.55479e+006 25.9498
405434 7.55479e+006 25.9462
405434 7.55479e+006 25.9329
405434 7.55479e+006 25.9498
405434 7.55479e+006 25.9462
405434 7.55479e+006 25.9547
405434 7.55479e+006 25.9547
405434 7.55479e+006 25.9595
405434 7.55479e+006 25.9498
405434 7.55479e+006 25.9462
405434 7.55479e+006 25.9402
405434 7.55479e+006 25.9469
405434 7.55479e+006 25.9469
405434 7.55479e+006 25.9547
405434 7.55479e+006 25.9462
405434 7.55479e+006 25.9402
405434 7.55479e+006 25.9402
405434 7.55479e+006 25.9469
405434 7.55479e+006 25.9469
405434 7.55479e+006 25.9469
405434 7.55479e+006 25.9402
405434 7.55479e+006 25.9402
405434 7.55479e+006 25.9462
405434 7.55479e+006 25.9547
405434 7.55479e+006 25.9547
405434 7.55479e+006 25.9469
405434 7.55479e+006 25.9402
405434 7.55479e+006 25.9462
405434 7.55479e+006 25.9498
405434 7.55479e+006 25.9595
405434 7.55479e+006 25.9595
405434 7.55479e+006 25.9547
405434 7.55479e+006 25.9462
405434 7.55479e+006 25.9595
405434 7.55479e+006 25.9547
405434 7.55479e+006 25.9569
405434 7.55479e+006 25.9569
405434 7.55479e+006 25.962
405434 7.55479e+006 25.9595
405434 7.55479e+006 25.9547
405434 7.55479e+006 25.9469
405434 7.55479e+006 25.9487
405434 7.55479e+006 25.9487
405434 7.55479e+006 25.9569
405434 7.55479e+006 25.9547
405434 7.55479e+006 25.9469
405434 7.55479e+006 25.9469
405434 7.55479e+006 25.9487
405434 7.55479e+006 25.9487
405434 7.55479e+006 25.9487
405434 7.55479e+006 25.9469
405434 7.55479e+006 25.9469
405434 7.55479e+006 25.9547
405434 7.55479e+006 25.9569
405434 7.55479e+006 25.9569
405434 7.55479e+006 25.9487
405434 7.55479e+006 25.9469
405434 7.55479e+006 25.9547
405434 7.55479e+006 25.9595
405434 7.55479e+006 25.962
405434 7.55479e+006 25.962
405434 7.55479e+006 25.9569
405434 7.55479e+006 25.9547
405434 7.55479e+006 25.962
405434 7.55479e+006 25.9569
405434 7.55479e+006 25.9525
405434 7.55479e+006 25.9525
405434 7.55479e+006 25.957
405434 7.55479e+006 25.962
405434 7.55479e+006 25.9569
405434 7.55479e+006 25.9487
405434 7.55479e+006 25.9452
405434 7.55479e+006 25.9452
405434 7.55479e+006 25.9525
405434 7.55479e+006 25.9569
405434 7.55479e+006 25.9487
405434 7.55479e+006 25.9487
405434 7.55479e+006 25.9452
405434 7.55479e+006 25.9452
405434 7.55479e+006 25.9452
405434 7.55479e+006 25.9487
405434 7.55479e+006 25.9487
405434 7.55479e+006 25.9569
405434 7.55479e+006 25.9525
405434 7.55479e+006 25.9525
405434 7.55479e+006 25.9452
405434 7.55479e+006 25.9487
405434 7.55479e+006 25.9569
405434 7.55479e+006 25.962
405434 7.55479e+006 25.957
405434 7.55479e+006 25.957
405434 7.55479e+006 25.9525
405434 7.55479e+006 25.9569
405434 7.55479e+006 25.957
405434 7.55479e+006 25.9525
405434 7.55479e+006 25.9422
405434 7.55479e+006 25.9422
405434 7.55479e+006 25.9453
405434 7.55479e+006 25.957
405434 7.55479e+006 25.9525
405434 7.55479e+006 25.9452
405434 7.55479e+006 25.9371
405434 7.55479e+006 25.9371
405434 7.55479e+006 25.9422
405434 7.55479e+006 25.9525
405434 7.55479e+006 25.9452
405434 7.55479e+006 25.9452
405434 7.55479e+006 25.9371
405434 7.55479e+006 25.9371
405434 7.55479e+006 25.9371
405434 7.55479e+006 25.9452
405434 7.55479e+006 25.9452
405434 7.55479e+006 25.9525
405434 7.55479e+006 25.9422
405434 7.55479e+006 25.9422
405434 7.55479e+006 25.9371
405434 7.55479e+006 25.9452
405434 7.55479e+006 25.9525
405434 7.55479e+006 25.957
405434 7.55479e+006 25.9453
405434 7.55479e+006 25.9453
405434 7.55479e+006 25.9422
405434 7.55479e+006 25.9525
405434 7.55479e+006 25.9453
405434 7.55479e+006 25.9422
405434 7.55479e+006 25.9278
405434 7.55479e+006 25.9278
405434 7.55479e+006 25.929
405434 7.55479e+006 25.9453
405434 7.55479e+006 25.9422
405434 7.55479e+006 25.9371
405434 7.55479e+006 25.9258
405434 7.55479e+006 25.9258
405434 7.55479e+006 25.9278
405434 7.55479e+006 25.9422
405434 7.55479e+006 25.9371
405434 7.55479e+006 25.9371
405434 7.55479e+006 25.9258
405434 7.55479e+006 25.9258
405434 7.55479e+006 25.9258
405434 7.55479e+006 25.9371
405434 7.55479e+006 25.9371
405434 7.55479e+006 25.9422
405434 7.55479e+006 25.9278
405434 7.55479e+006 25.9278
405434 7.55479e+006 25.9258
405434 7.55479e+006 25.9371
405434 7.55479e+006 25.9422
405434 7.55479e+006 25.9453
405434 7.55479e+006 25.929
405434 7.55479e+006 25.929
405434 7.55479e+006 25.9278
405434 7.55479e+006 25.9422
405434 7.55479e+006 25.929
405434 7.55479e+006 25.9278
405434 7.55479e+006 25.9117
405434 7.55479e+006 25.9117
405434 7.55479e+006 25.9109
405434 7.55479e+006 25.929
405434 7.55479e+006 25.9278
405434 7.55479e+006 25.9258
405434 7.55479e+006 25.9132
405434 7.55479e+006 25.9132
405434 7.55479e+006 25.9117
405434 7.55479e+006 25.9278
405434 7.55479e+006 25.9258
405434 7.55479e+006 25.9258
405434 7.55479e+006 25.9132
405434 7.55479e+006 25.9132
405434 7.55479e+006 25.9132
405434 7.55479e+006 25.9258
405434 7.55479e+006 25.9258
405434 7.55479e+006 25.9278
405434 7.55479e+006 25.9117
405434 7.55479e+006 25.9117
405434 7.55479e+006 25.9132
405434 7.55479e+006 25.9258
405434 7.55479e+006 25.9278
405434 7.55479e+006 25.929
405434 7.55479e+006 25.9109
405434 7.55479e+006 25.9109
405434 7.55479e+006 25.9117
405434 7.55479e+006 25.9278
405434 7.55479e+006 25.9109
405434 7.55479e+006 25.9117
405434 7.55479e+006 25.8969
405434 7.55479e+006 25.8969
405434 7.55479e+006 25.894
405434 7.55479e+006 25.9109
405434 7.55479e+006 25.9117
405434 7.55479e+006 25.9132
405434 7.55479e+006 25.9015
405434 7.55479e+006 25.9015
405434 7.55479e+006 25.8969
405434 7.55479e+006 25.9117
405434 7.55479e+006 25.9132
405434 7.55479e+006 25.9132
405434 7.55479e+006 25.9015
405434 7.55479e+006 25.9015
405434 7.55479e+006 25.9015
405434 7.55479e+006 25.9132
405434 7.55479e+006 25.9132
405434 7.55479e+006 25.9117
405434 7.55479e+006 25.8969
405434 7.55479e+006 25.8969
405434 7.55479e+006 25.9015
405434 7.55479e+006 25.9132
405434 7.55479e+006 25.9117
405434 7.55479e+006 25.9109
405434 7.55479e+006 25.894
405434 7.55479e+006 25.894
405434 7.55479e+006 25.8969
405434 7.55479e+006 25.9117
405434 7.55479e+006 25.894
405434 7.55479e+006 25.8969
405434 7.55479e+006 25.8857
405434 7.55479e+006 25.8857
405434 7.55479e+006 25.8814
405434 7.55479e+006 25.894
405434 7.55479e+006 25.8969
405434 7.55479e+006 25.9015
405434 7.55479e+006 25.8927
405434 7.55479e+006 25.8927
405434 7.55479e+006 25.8857
405434 7.55479e+006 25.8969
405434 7.55479e+006 25.9015
405434 7.55479e+006 25.9015
405434 7.55479e+006 25.8927
405434 7.55479e+006 25.8927
405434 7.55479e+006 25.8927
405434 7.55479e+006 25.9015
405434 7.55479e+006 25.9015
405434 7.55479e+006 25.8969
405434 7.55479e+006 25.8857
405434 7.55479e+006 25.8857
405434 7.55479e+006 25.8927
405434 7.55479e+006 25.9015
405434 7.55479e+006 25.8969
405434 7.55479e+006 25.894
405434 7.55479e+006 25.8814
405434 7.55479e+006 25.8814
405434 7.55479e+006 25.8857
405434 7.55479e+006 25.8969
405434 7.55479e+006 25.8814
405434 7.55479e+006 25.8857
405434 7.55479e+006 25.8803
405434 7.55479e+006 25.8803
405434 7.55479e+006 25.8752
405434 7.55479e+006 25.8814
405434 7.55479e+006 25.8857
405434 7.55479e+006 25.8927
405434 7.55479e+006 25.8884
405434 7.55479e+006 25.8884
405434 7.55479e+006 25.8803
405434 7.55479e+006 25.8857
405434 7.55479e+006 25.8927
405434 7.55479e+006 25.8927
405434 7.55479e+006 25.8884
405434 7.55479e+006 25.8884
405434 7.55479e+006 25.8884
405434 7.55479e+006 25.8927
405434 7.55479e+006 25.8927
405434 7.55479e+006 25.8857
405434 7.55479e+006 25.8803
405434 7.55479e+006 25.8803
405434 7.55479e+006 25.8884
405434 7.55479e+006 25.8927
405434 7.55479e+006 25.8857
405434 7.55479e+006 25.8814
405434 7.55479e+006 25.8752
405434 7.55479e+006 25.8752
405434 7.55479e+006 25.8803
405434 7.55479e+006 25.8857
405434 7.55479e+006 25.8752
405434 7.55479e+006 25.8803
405434 7.55479e+006 25.8814
405434 7.55479e+006 25.8814
405434 7.55479e+006 25.8765
405434 7.55479e+006 25.8752
405434 7.55479e+006 25.8803
405434 7.55479e+006 25.8884
405434 7.55479e+006 25.8893
405434 7.55479e+006 25.8893
405434 7.55479e+006 25.8814
405434 7.55479e+006 25.8803
405434 7.55479e+006 25.8884
405434 7.55479e+006 25.8884
405434 7.55479e+006 25.8893
405434 7.55479e+006 25.8893
405434 7.55479e+006 25.8893
405434 7.55479e+006 25.8884
405434 7.55479e+006 25.8884
405434 7.55479e+006 25.8803
405434 7.55479e+006 25.8814
405434 7.55479e+006 25.8814
405434 7.55479e+006 25.8893
405434 7.55479e+006 25.8884
405434 7.55479e+006 25.8803
405434 7.55479e+006 25.8752
405434 7.55479e+006 25.8765
405434 7.55479e+006 25.8765
405434 7.55479e+006 25.8814
405434 7.55479e+006 25.8803
405434 7.55479e+006 25.8765
405434 7.55479e+006 25.8814
405434 7.55479e+006 25.8889
405434 7.55479e+006 25.8889
405434 7.55479e+006 25.885
405434 7.55479e+006 25.8765
405434 7.55479e+006 25.8814
405434 7.55479e+006 25.8893
405434 7.55479e+006 25.8952
405434 7.55479e+006 25.8952
405434 7.55479e+006 25.8889
405434 7.55479e+006 25.8814
405434 7.55479e+006 25.8893
405434 7.55479e+006 25.8893
405434 7.55479e+006 25.8952
405434 7.55479e+006 25.8952
405434 7.55479e+006 25.8952
405434 7.55479e+006 25.8893
405434 7.55479e+006 25.8893
405434 7.55479e+006 25.8814
405434 7.55479e+006 25.8889
405434 7.55479e+006 25.8889
405434 7.55479e+006 25.8952
405434 7.55479e+006 25.8893
405434 7.55479e+006 25.8814
405434 7.55479e+006 25.8765
405434 7.55479e+006 25.885
405434 7.55479e+006 25.885
405434 7.55479e+006 25.8889
405434 7.55479e+006 25.8814
405434 7.55479e+006 25.6823
405434 7.55479e+006 25.8937
405434 7.55479e+006 25.8973
405434 7.55479e+006 25.8973
405434 7.55479e+006 25.6858
405434 7.55479e+006 25.6823
405434 7.55479e+006 25.6858
405434 7.55479e+006 25.8973
405434 7.55479e+006 25.8918
405434 7.55479e+006 25.8918
405434 7.55479e+006 25.6803
405434 7.55479e+006 25.6858
405434 7.55479e+006 25.6803
405434 7.55479e+006 25.8918
405434 7.55479e+006 25.8849
405434 7.55479e+006 25.8849
405434 7.55479e+006 25.6734
405434 7.55479e+006 25.6803
405434 7.55479e+006 25.6734
405434 7.55479e+006 25.8849
405434 7.55479e+006 25.886
405434 7.55479e+006 25.886
405434 7.55479e+006 25.6746
405434 7.55479e+006 25.6734
405434 7.55479e+006 25.6746
405434 7.55479e+006 25.886
405434 7.55479e+006 25.8937
405434 7.55479e+006 25.8937
405434 7.55479e+006 25.6823
405434 7.55479e+006 25.6746
