405435 7.5548e+006 25.666
405435 7.5548e+006 25.677
405435 7.5548e+006 25.7377
405435 7.5548e+006 25.7377
405435 7.5548e+006 25.7294
405435 7.5548e+006 25.666
405435 7.5548e+006 25.677
405436 7.5548e+006 25.6881
405435 7.5548e+006 25.746
405435 7.5548e+006 25.746
405435 7.5548e+006 25.7377
405435 7.5548e+006 25.677
405436 7.5548e+006 25.6881
405436 7.5548e+006 25.677
405435 7.5548e+006 25.7377
405435 7.5548e+006 25.7377
405435 7.5548e+006 25.746
405436 7.5548e+006 25.6881
405436 7.5548e+006 25.677
405435 7.5548e+006 25.666
405435 7.5548e+006 25.7294
405435 7.5548e+006 25.7294
405435 7.5548e+006 25.7377
405436 7.5548e+006 25.677
405435 7.5548e+006 25.7294
405435 7.5548e+006 25.7377
405435 7.5548e+006 25.8107
405435 7.5548e+006 25.8107
405435 7.5548e+006 25.8057
405435 7.5548e+006 25.7294
405435 7.5548e+006 25.7377
405435 7.5548e+006 25.746
405435 7.5548e+006 25.8156
405435 7.5548e+006 25.8156
405435 7.5548e+006 25.8107
405435 7.5548e+006 25.7377
405435 7.5548e+006 25.746
405435 7.5548e+006 25.7377
405435 7.5548e+006 25.8107
405435 7.5548e+006 25.8107
405435 7.5548e+006 25.8156
405435 7.5548e+006 25.746
405435 7.5548e+006 25.7377
405435 7.5548e+006 25.7294
405435 7.5548e+006 25.8057
405435 7.5548e+006 25.8057
405435 7.5548e+006 25.8107
405435 7.5548e+006 25.7377
405435 7.5548e+006 25.8057
405435 7.5548e+006 25.8107
405435 7.5548e+006 25.891
405435 7.5548e+006 25.891
405435 7.5548e+006 25.8897
405435 7.5548e+006 25.8057
405435 7.5548e+006 25.8107
405435 7.5548e+006 25.8156
405435 7.5548e+006 25.8922
405435 7.5548e+006 25.8922
405435 7.5548e+006 25.891
405435 7.5548e+006 25.8107
405435 7.5548e+006 25.8156
405435 7.5548e+006 25.8107
405435 7.5548e+006 25.891
405435 7.5548e+006 25.891
405435 7.5548e+006 25.8922
405435 7.5548e+006 25.8156
405435 7.5548e+006 25.8107
405435 7.5548e+006 25.8057
405435 7.5548e+006 25.8897
405435 7.5548e+006 25.8897
405435 7.5548e+006 25.891
405435 7.5548e+006 25.8107
405435 7.5548e+006 25.8897
405435 7.5548e+006 25.891
405435 7.5548e+006 25.9732
405435 7.5548e+006 25.9732
405435 7.5548e+006 25.9757
405435 7.5548e+006 25.8897
405435 7.5548e+006 25.891
405435 7.5548e+006 25.8922
405435 7.5548e+006 25.9706
405435 7.5548e+006 25.9706
405435 7.5548e+006 25.9732
405435 7.5548e+006 25.891
405435 7.5548e+006 25.8922
405435 7.5548e+006 25.891
405435 7.5548e+006 25.9732
405435 7.5548e+006 25.9732
405435 7.5548e+006 25.9706
405435 7.5548e+006 25.8922
405435 7.5548e+006 25.891
405435 7.5548e+006 25.8897
405435 7.5548e+006 25.9757
405435 7.5548e+006 25.9757
405435 7.5548e+006 25.9732
405435 7.5548e+006 25.891
405435 7.5548e+006 25.9757
405435 7.5548e+006 25.9732
405435 7.5548e+006 26.0516
405435 7.5548e+006 26.0516
405435 7.5548e+006 26.0577
405435 7.5548e+006 25.9757
405435 7.5548e+006 25.9732
405435 7.5548e+006 25.9706
405435 7.5548e+006 26.0455
405435 7.5548e+006 26.0455
405435 7.5548e+006 26.0516
405435 7.5548e+006 25.9732
405435 7.5548e+006 25.9706
405435 7.5548e+006 25.9732
405435 7.5548e+006 26.0516
405435 7.5548e+006 26.0516
405435 7.5548e+006 26.0455
405435 7.5548e+006 25.9706
405435 7.5548e+006 25.9732
405435 7.5548e+006 25.9757
405435 7.5548e+006 26.0577
405435 7.5548e+006 26.0577
405435 7.5548e+006 26.0516
405435 7.5548e+006 25.9732
405435 7.5548e+006 26.0577
405435 7.5548e+006 26.0516
405435 7.5548e+006 26.121
405435 7.5548e+006 26.121
405435 7.5548e+006 26.1303
405435 7.5548e+006 26.0577
405435 7.5548e+006 26.0516
405435 7.5548e+006 26.0455
405435 7.5548e+006 26.1117
405435 7.5548e+006 26.1117
405435 7.5548e+006 26.121
405435 7.5548e+006 26.0516
405435 7.5548e+006 26.0455
405435 7.5548e+006 26.0516
405435 7.5548e+006 26.121
405435 7.5548e+006 26.121
405435 7.5548e+006 26.1117
405435 7.5548e+006 26.0455
405435 7.5548e+006 26.0516
405435 7.5548e+006 26.0577
405435 7.5548e+006 26.1303
405435 7.5548e+006 26.1303
405435 7.5548e+006 26.121
405435 7.5548e+006 26.0516
405435 7.5548e+006 26.1303
405435 7.5548e+006 26.121
405436 7.5548e+006 26.1766
405436 7.5548e+006 26.1766
405436 7.5548e+006 26.1884
405435 7.5548e+006 26.1303
405435 7.5548e+006 26.121
405435 7.5548e+006 26.1117
405436 7.5548e+006 26.1648
405436 7.5548e+006 26.1648
405436 7.5548e+006 26.1766
405435 7.5548e+006 26.121
405435 7.5548e+006 26.1117
405435 7.5548e+006 26.121
405436 7.5548e+006 26.1766
405436 7.5548e+006 26.1766
405436 7.5548e+006 26.1648
405435 7.5548e+006 26.1117
405435 7.5548e+006 26.121
405435 7.5548e+006 26.1303
405436 7.5548e+006 26.1884
405436 7.5548e+006 26.1884
405436 7.5548e+006 26.1766
405435 7.5548e+006 26.121
405436 7.5548e+006 26.1884
405436 7.5548e+006 26.1766
405436 7.5548e+006 26.2146
405436 7.5548e+006 26.2146
405436 7.5548e+006 26.2281
405436 7.5548e+006 26.1884
405436 7.5548e+006 26.1766
405436 7.5548e+006 26.1648
405436 7.5548e+006 26.201
405436 7.5548e+006 26.201
405436 7.5548e+006 26.2146
405436 7.5548e+006 26.1766
405436 7.5548e+006 26.1648
405436 7.5548e+006 26.1766
405436 7.5548e+006 26.2146
405436 7.5548e+006 26.2146
405436 7.5548e+006 26.201
405436 7.5548e+006 26.1648
405436 7.5548e+006 26.1766
405436 7.5548e+006 26.1884
405436 7.5548e+006 26.2281
405436 7.5548e+006 26.2281
405436 7.5548e+006 26.2146
405436 7.5548e+006 26.1766
405436 7.5548e+006 26.2281
405436 7.5548e+006 26.2146
405436 7.5548e+006 26.2324
405436 7.5548e+006 26.2324
405436 7.5548e+006 26.2467
405436 7.5548e+006 26.2281
405436 7.5548e+006 26.2146
405436 7.5548e+006 26.201
405436 7.5548e+006 26.218
405436 7.5548e+006 26.218
405436 7.5548e+006 26.2324
405436 7.5548e+006 26.2146
405436 7.5548e+006 26.201
405436 7.5548e+006 26.2146
405436 7.5548e+006 26.2324
405436 7.5548e+006 26.2324
405436 7.5548e+006 26.218
405436 7.5548e+006 26.201
405436 7.5548e+006 26.2146
405436 7.5548e+006 26.2281
405436 7.5548e+006 26.2467
405436 7.5548e+006 26.2467
405436 7.5548e+006 26.2324
405436 7.5548e+006 26.2146
405436 7.5548e+006 26.2467
405436 7.5548e+006 26.2324
405436 7.5548e+006 26.2288
405436 7.5548e+006 26.2288
405436 7.5548e+006 26.243
405436 7.5548e+006 26.2467
405436 7.5548e+006 26.2324
405436 7.5548e+006 26.218
405436 7.5548e+006 26.2146
405436 7.5548e+006 26.2146
405436 7.5548e+006 26.2288
405436 7.5548e+006 26.2324
405436 7.5548e+006 26.218
405436 7.5548e+006 26.2324
405436 7.5548e+006 26.2288
405436 7.5548e+006 26.2288
405436 7.5548e+006 26.2146
405436 7.5548e+006 26.218
405436 7.5548e+006 26.2324
405436 7.5548e+006 26.2467
405436 7.5548e+006 26.243
405436 7.5548e+006 26.243
405436 7.5548e+006 26.2288
405436 7.5548e+006 26.2324
405436 7.5548e+006 26.243
405436 7.5548e+006 26.2288
405436 7.5548e+006 26.204
405436 7.5548e+006 26.204
405436 7.5548e+006 26.2171
405436 7.5548e+006 26.243
405436 7.5548e+006 26.2288
405436 7.5548e+006 26.2146
405436 7.5548e+006 26.191
405436 7.5548e+006 26.191
405436 7.5548e+006 26.204
405436 7.5548e+006 26.2288
405436 7.5548e+006 26.2146
405436 7.5548e+006 26.2288
405436 7.5548e+006 26.204
405436 7.5548e+006 26.204
405436 7.5548e+006 26.191
405436 7.5548e+006 26.2146
405436 7.5548e+006 26.2288
405436 7.5548e+006 26.243
405436 7.5548e+006 26.2171
405436 7.5548e+006 26.2171
405436 7.5548e+006 26.204
405436 7.5548e+006 26.2288
405436 7.5548e+006 26.2171
405436 7.5548e+006 26.204
405436 7.5548e+006 26.1598
405436 7.5548e+006 26.1598
405436 7.5548e+006 26.1709
405436 7.5548e+006 26.2171
405436 7.5548e+006 26.204
405436 7.5548e+006 26.191
405436 7.5548e+006 26.1488
405436 7.5548e+006 26.1488
405436 7.5548e+006 26.1598
405436 7.5548e+006 26.204
405436 7.5548e+006 26.191
405436 7.5548e+006 26.204
405436 7.5548e+006 26.1598
405436 7.5548e+006 26.1598
405436 7.5548e+006 26.1488
405436 7.5548e+006 26.191
405436 7.5548e+006 26.204
405436 7.5548e+006 26.2171
405436 7.5548e+006 26.1709
405436 7.5548e+006 26.1709
405436 7.5548e+006 26.1598
405436 7.5548e+006 26.204
405436 7.5548e+006 26.1709
405436 7.5548e+006 26.1598
405436 7.5548e+006 26.0992
405436 7.5548e+006 26.0992
405436 7.5548e+006 26.1075
405436 7.5548e+006 26.1709
405436 7.5548e+006 26.1598
405436 7.5548e+006 26.1488
405436 7.5548e+006 26.0909
405436 7.5548e+006 26.0909
405436 7.5548e+006 26.0992
405436 7.5548e+006 26.1598
405436 7.5548e+006 26.1488
405436 7.5548e+006 26.1598
405436 7.5548e+006 26.0992
405436 7.5548e+006 26.0992
405436 7.5548e+006 26.0909
405436 7.5548e+006 26.1488
405436 7.5548e+006 26.1598
405436 7.5548e+006 26.1709
405436 7.5548e+006 26.1075
405436 7.5548e+006 26.1075
405436 7.5548e+006 26.0992
405436 7.5548e+006 26.1598
405436 7.5548e+006 26.1075
405436 7.5548e+006 26.0992
405436 7.5548e+006 26.0262
405436 7.5548e+006 26.0262
405436 7.5548e+006 26.0312
405436 7.5548e+006 26.1075
405436 7.5548e+006 26.0992
405436 7.5548e+006 26.0909
405436 7.5548e+006 26.0213
405436 7.5548e+006 26.0213
405436 7.5548e+006 26.0262
405436 7.5548e+006 26.0992
405436 7.5548e+006 26.0909
405436 7.5548e+006 26.0992
405436 7.5548e+006 26.0262
405436 7.5548e+006 26.0262
405436 7.5548e+006 26.0213
405436 7.5548e+006 26.0909
405436 7.5548e+006 26.0992
405436 7.5548e+006 26.1075
405436 7.5548e+006 26.0312
405436 7.5548e+006 26.0312
405436 7.5548e+006 26.0262
405436 7.5548e+006 26.0992
405436 7.5548e+006 26.0312
405436 7.5548e+006 26.0262
405436 7.5548e+006 25.9459
405436 7.5548e+006 25.9459
405436 7.5548e+006 25.9472
405436 7.5548e+006 26.0312
405436 7.5548e+006 26.0262
405436 7.5548e+006 26.0213
405436 7.5548e+006 25.9446
405436 7.5548e+006 25.9446
405436 7.5548e+006 25.9459
405436 7.5548e+006 26.0262
405436 7.5548e+006 26.0213
405436 7.5548e+006 26.0262
405436 7.5548e+006 25.9459
405436 7.5548e+006 25.9459
405436 7.5548e+006 25.9446
405436 7.5548e+006 26.0213
405436 7.5548e+006 26.0262
405436 7.5548e+006 26.0312
405436 7.5548e+006 25.9472
405436 7.5548e+006 25.9472
405436 7.5548e+006 25.9459
405436 7.5548e+006 26.0262
405436 7.5548e+006 25.9472
405436 7.5548e+006 25.9459
405436 7.5548e+006 25.8637
405436 7.5548e+006 25.8637
405436 7.5548e+006 25.8612
405436 7.5548e+006 25.9472
405436 7.5548e+006 25.9459
405436 7.5548e+006 25.9446
405436 7.5548e+006 25.8662
405436 7.5548e+006 25.8662
405436 7.5548e+006 25.8637
405436 7.5548e+006 25.9459
405436 7.5548e+006 25.9446
405436 7.5548e+006 25.9459
405436 7.5548e+006 25.8637
405436 7.5548e+006 25.8637
405436 7.5548e+006 25.8662
405436 7.5548e+006 25.9446
405436 7.5548e+006 25.9459
405436 7.5548e+006 25.9472
405436 7.5548e+006 25.8612
405436 7.5548e+006 25.8612
405436 7.5548e+006 25.8637
405436 7.5548e+006 25.9459
405436 7.5548e+006 25.8612
405436 7.5548e+006 25.8637
405436 7.5548e+006 25.7853
405436 7.5548e+006 25.7853
405436 7.5548e+006 25.7792
405436 7.5548e+006 25.8612
405436 7.5548e+006 25.8637
405436 7.5548e+006 25.8662
405436 7.5548e+006 25.7914
405436 7.5548e+006 25.7914
405436 7.5548e+006 25.7853
405436 7.5548e+006 25.8637
405436 7.5548e+006 25.8662
405436 7.5548e+006 25.8637
405436 7.5548e+006 25.7853
405436 7.5548e+006 25.7853
405436 7.5548e+006 25.7914
405436 7.5548e+006 25.8662
405436 7.5548e+006 25.8637
405436 7.5548e+006 25.8612
405436 7.5548e+006 25.7792
405436 7.5548e+006 25.7792
405436 7.5548e+006 25.7853
405436 7.5548e+006 25.8637
405436 7.5548e+006 25.7792
405436 7.5548e+006 25.7853
405436 7.5548e+006 25.7159
405436 7.5548e+006 25.7159
405436 7.5548e+006 25.7066
405436 7.5548e+006 25.7792
405436 7.5548e+006 25.7853
405436 7.5548e+006 25.7914
405436 7.5548e+006 25.7251
405436 7.5548e+006 25.7251
405436 7.5548e+006 25.7159
405436 7.5548e+006 25.7853
405436 7.5548e+006 25.7914
405436 7.5548e+006 25.7853
405436 7.5548e+006 25.7159
405436 7.5548e+006 25.7159
405436 7.5548e+006 25.7251
405436 7.5548e+006 25.7914
405436 7.5548e+006 25.7853
405436 7.5548e+006 25.7792
405436 7.5548e+006 25.7066
405436 7.5548e+006 25.7066
405436 7.5548e+006 25.7159
405436 7.5548e+006 25.7853
405436 7.5548e+006 25.7066
405436 7.5548e+006 25.7159
405436 7.5548e+006 25.6603
405436 7.5548e+006 25.6603
405436 7.5548e+006 25.6485
405436 7.5548e+006 25.7066
405436 7.5548e+006 25.7159
405436 7.5548e+006 25.7251
405436 7.5548e+006 25.6721
405436 7.5548e+006 25.6721
405436 7.5548e+006 25.6603
405436 7.5548e+006 25.7159
405436 7.5548e+006 25.7251
405436 7.5548e+006 25.7159
405436 7.5548e+006 25.6603
405436 7.5548e+006 25.6603
405436 7.5548e+006 25.6721
405436 7.5548e+006 25.7251
405436 7.5548e+006 25.7159
405436 7.5548e+006 25.7066
405436 7.5548e+006 25.6485
405436 7.5548e+006 25.6485
405436 7.5548e+006 25.6603
405436 7.5548e+006 25.7159
405436 7.5548e+006 25.6485
405436 7.5548e+006 25.6603
405436 7.5548e+006 25.6223
405436 7.5548e+006 25.6223
405436 7.5548e+006 25.6087
405436 7.5548e+006 25.6485
405436 7.5548e+006 25.6603
405436 7.5548e+006 25.6721
405436 7.5548e+006 25.6359
405436 7.5548e+006 25.6359
405436 7.5548e+006 25.6223
405436 7.5548e+006 25.6603
405436 7.5548e+006 25.6721
405436 7.5548e+006 25.6603
405436 7.5548e+006 25.6223
405436 7.5548e+006 25.6223
405436 7.5548e+006 25.6359
405436 7.5548e+006 25.6721
405436 7.5548e+006 25.6603
405436 7.5548e+006 25.6485
405436 7.5548e+006 25.6087
405436 7.5548e+006 25.6087
405436 7.5548e+006 25.6223
405436 7.5548e+006 25.6603
405436 7.5548e+006 25.6087
405436 7.5548e+006 25.6223
405436 7.5548e+006 25.6045
405436 7.5548e+006 25.6045
405436 7.5548e+006 25.5901
405436 7.5548e+006 25.6087
405436 7.5548e+006 25.6223
405436 7.5548e+006 25.6359
405436 7.5548e+006 25.6189
405436 7.5548e+006 25.6189
405436 7.5548e+006 25.6045
405436 7.5548e+006 25.6223
405436 7.5548e+006 25.6359
405436 7.5548e+006 25.6223
405436 7.5548e+006 25.6045
405436 7.5548e+006 25.6045
405436 7.5548e+006 25.6189
405436 7.5548e+006 25.6359
405436 7.5548e+006 25.6223
405436 7.5548e+006 25.6087
405436 7.5548e+006 25.5901
405436 7.5548e+006 25.5901
405436 7.5548e+006 25.6045
405436 7.5548e+006 25.6223
405436 7.5548e+006 25.5901
405436 7.5548e+006 25.6045
405436 7.5548e+006 25.6081
405436 7.5548e+006 25.6081
405436 7.5548e+006 25.5939
405436 7.5548e+006 25.5901
405436 7.5548e+006 25.6045
405436 7.5548e+006 25.6189
405436 7.5548e+006 25.6223
405436 7.5548e+006 25.6223
405436 7.5548e+006 25.6081
405436 7.5548e+006 25.6045
405436 7.5548e+006 25.6189
405436 7.5548e+006 25.6045
405436 7.5548e+006 25.6081
405436 7.5548e+006 25.6081
405436 7.5548e+006 25.6223
405436 7.5548e+006 25.6189
405436 7.5548e+006 25.6045
405436 7.5548e+006 25.5901
405436 7.5548e+006 25.5939
405436 7.5548e+006 25.5939
405436 7.5548e+006 25.6081
405436 7.5548e+006 25.6045
405436 7.5548e+006 25.5939
405436 7.5548e+006 25.6081
405436 7.5548e+006 25.6328
405436 7.5548e+006 25.6328
405436 7.5548e+006 25.6198
405436 7.5548e+006 25.5939
405436 7.5548e+006 25.6081
405436 7.5548e+006 25.6223
405436 7.5548e+006 25.6459
405436 7.5548e+006 25.6459
405436 7.5548e+006 25.6328
405436 7.5548e+006 25.6081
405436 7.5548e+006 25.6223
405436 7.5548e+006 25.6081
405436 7.5548e+006 25.6328
405436 7.5548e+006 25.6328
405436 7.5548e+006 25.6459
405436 7.5548e+006 25.6223
405436 7.5548e+006 25.6081
405436 7.5548e+006 25.5939
405436 7.5548e+006 25.6198
405436 7.5548e+006 25.6198
405436 7.5548e+006 25.6328
405436 7.5548e+006 25.6081
405436 7.5548e+006 25.6198
405436 7.5548e+006 25.6328
405435 7.5548e+006 25.677
405435 7.5548e+006 25.677
405435 7.5548e+006 25.666
405436 7.5548e+006 25.6198
405436 7.5548e+006 25.6328
405436 7.5548e+006 25.6459
405436 7.5548e+006 25.6881
405436 7.5548e+006 25.6881
405435 7.5548e+006 25.677
405436 7.5548e+006 25.6328
405436 7.5548e+006 25.6459
405436 7.5548e+006 25.6328
405436 7.5548e+006 25.677
405436 7.5548e+006 25.677
405436 7.5548e+006 25.6881
405436 7.5548e+006 25.6459
405436 7.5548e+006 25.6328
405436 7.5548e+006 25.6198
405435 7.5548e+006 25.666
405435 7.5548e+006 25.666
405436 7.5548e+006 25.677
405436 7.5548e+006 25.6328
405435 7.5548e+006 26.1133
405436 7.5548e+006 25.936
405436 7.5548e+006 25.9442
405436 7.5548e+006 25.9442
405435 7.5548e+006 26.1216
405435 7.5548e+006 26.1133
405435 7.5548e+006 26.1133
405435 7.5548e+006 26.1136
405436 7.5548e+006 25.9362
405436 7.5548e+006 25.9362
405436 7.5548e+006 25.936
405435 7.5548e+006 26.1133
405435 7.5548e+006 26.1136
405435 7.5548e+006 26.122
405436 7.5548e+006 25.9446
405436 7.5548e+006 25.9446
405436 7.5548e+006 25.9362
405435 7.5548e+006 26.1136
405435 7.5548e+006 26.122
405435 7.5548e+006 26.1269
405436 7.5548e+006 25.9496
405436 7.5548e+006 25.9496
405436 7.5548e+006 25.9446
405435 7.5548e+006 26.122
405435 7.5548e+006 26.1269
405435 7.5548e+006 26.1216
405436 7.5548e+006 25.9442
405436 7.5548e+006 25.9442
405436 7.5548e+006 25.9496
405435 7.5548e+006 26.1269
405436 7.5548e+006 26.1558
405436 7.5548e+006 25.9447
405436 7.5548e+006 25.9378
405436 7.5548e+006 25.9378
405436 7.5548e+006 26.1488
405436 7.5548e+006 26.1558
405436 7.5548e+006 26.1613
405436 7.5548e+006 25.9502
405436 7.5548e+006 25.9447
405436 7.5548e+006 25.9447
405436 7.5548e+006 26.1558
405436 7.5548e+006 26.1613
405436 7.5548e+006 26.1577
405436 7.5548e+006 25.9467
405436 7.5548e+006 25.9502
405436 7.5548e+006 25.9502
405436 7.5548e+006 26.1613
405436 7.5548e+006 26.1577
405436 7.5548e+006 26.15
405436 7.5548e+006 25.939
405436 7.5548e+006 25.9467
405436 7.5548e+006 25.9467
405436 7.5548e+006 26.1577
405436 7.5548e+006 26.15
405436 7.5548e+006 26.1488
405436 7.5548e+006 25.9378
405436 7.5548e+006 25.939
405436 7.5548e+006 25.939
405436 7.5548e+006 26.15
405436 7.5548e+006 26.1488
405436 7.5548e+006 25.7227
405436 7.5548e+006 25.8992
405436 7.5548e+006 25.8908
405436 7.5548e+006 25.8908
405436 7.5548e+006 25.7143
405436 7.5548e+006 25.7227
405436 7.5548e+006 25.7143
405436 7.5548e+006 25.8908
405436 7.5548e+006 25.8906
405436 7.5548e+006 25.8906
405436 7.5548e+006 25.714
405436 7.5548e+006 25.7143
405436 7.5548e+006 25.714
405436 7.5548e+006 25.8906
405436 7.5548e+006 25.8988
405436 7.5548e+006 25.8988
405436 7.5548e+006 25.7223
405436 7.5548e+006 25.714
405436 7.5548e+006 25.7223
405436 7.5548e+006 25.8988
405436 7.5548e+006 25.9042
405436 7.5548e+006 25.9042
405436 7.5548e+006 25.7277
405436 7.5548e+006 25.7223
405436 7.5548e+006 25.7277
405436 7.5548e+006 25.9042
405436 7.5548e+006 25.8992
405436 7.5548e+006 25.8992
405436 7.5548e+006 25.7227
405436 7.5548e+006 25.7277
405436 7.5548e+006 25.8992
405436 7.5548e+006 25.9042
405436 7.5548e+006 25.8988
405436 7.5548e+006 25.8992
405436 7.5548e+006 25.8988
405436 7.5548e+006 25.8906
405436 7.5548e+006 25.8992
405436 7.5548e+006 25.8906
405436 7.5548e+006 25.8908
405436 7.5548e+006 25.885
405436 7.5548e+006 25.8889
405436 7.5548e+006 25.9015
405436 7.5548e+006 25.9015
405436 7.5548e+006 25.8993
405436 7.5548e+006 25.885
405436 7.5548e+006 25.8889
405436 7.5548e+006 25.8952
405436 7.5548e+006 25.9052
405436 7.5548e+006 25.9052
405436 7.5548e+006 25.9015
405436 7.5548e+006 25.8889
405436 7.5548e+006 25.8952
405436 7.5548e+006 25.8952
405436 7.5548e+006 25.9052
405436 7.5548e+006 25.9052
405436 7.5548e+006 25.9052
405436 7.5548e+006 25.8952
405436 7.5548e+006 25.8952
405436 7.5548e+006 25.8889
405436 7.5548e+006 25.9015
405436 7.5548e+006 25.9015
405436 7.5548e+006 25.9052
405436 7.5548e+006 25.8952
405436 7.5548e+006 25.8889
405436 7.5548e+006 25.885
405436 7.5548e+006 25.8993
405436 7.5548e+006 25.8993
405436 7.5548e+006 25.9015
405436 7.5548e+006 25.8889
405436 7.5548e+006 25.8993
405436 7.5548e+006 25.9015
405436 7.5548e+006 25.9171
405436 7.5548e+006 25.9171
405436 7.5548e+006 25.9169
405436 7.5548e+006 25.8993
405436 7.5548e+006 25.9015
405436 7.5548e+006 25.9052
405436 7.5548e+006 25.9174
405436 7.5548e+006 25.9174
405436 7.5548e+006 25.9171
405436 7.5548e+006 25.9015
405436 7.5548e+006 25.9052
405436 7.5548e+006 25.9052
405436 7.5548e+006 25.9174
405436 7.5548e+006 25.9174
405436 7.5548e+006 25.9174
405436 7.5548e+006 25.9052
405436 7.5548e+006 25.9052
405436 7.5548e+006 25.9015
405436 7.5548e+006 25.9171
405436 7.5548e+006 25.9171
405436 7.5548e+006 25.9174
405436 7.5548e+006 25.9052
405436 7.5548e+006 25.9015
405436 7.5548e+006 25.8993
405436 7.5548e+006 25.9169
405436 7.5548e+006 25.9169
405436 7.5548e+006 25.9171
405436 7.5548e+006 25.9015
405436 7.5548e+006 25.9169
405436 7.5548e+006 25.9171
405436 7.5548e+006 25.9329
405436 7.5548e+006 25.9329
405436 7.5548e+006 25.9348
405436 7.5548e+006 25.9169
405436 7.5548e+006 25.9171
405436 7.5548e+006 25.9174
405436 7.5548e+006 25.9298
405436 7.5548e+006 25.9298
405436 7.5548e+006 25.9329
405436 7.5548e+006 25.9171
405436 7.5548e+006 25.9174
405436 7.5548e+006 25.9174
405436 7.5548e+006 25.9298
405436 7.5548e+006 25.9298
405436 7.5548e+006 25.9298
405436 7.5548e+006 25.9174
405436 7.5548e+006 25.9174
405436 7.5548e+006 25.9171
405436 7.5548e+006 25.9329
405436 7.5548e+006 25.9329
405436 7.5548e+006 25.9298
405436 7.5548e+006 25.9174
405436 7.5548e+006 25.9171
405436 7.5548e+006 25.9169
405436 7.5548e+006 25.9348
405436 7.5548e+006 25.9348
405436 7.5548e+006 25.9329
405436 7.5548e+006 25.9171
405436 7.5548e+006 25.9348
405436 7.5548e+006 25.9329
405436 7.5548e+006 25.9462
405436 7.5548e+006 25.9462
405436 7.5548e+006 25.9498
405436 7.5548e+006 25.9348
405436 7.5548e+006 25.9329
405436 7.5548e+006 25.9298
405436 7.5548e+006 25.9402
405436 7.5548e+006 25.9402
405436 7.5548e+006 25.9462
405436 7.5548e+006 25.9329
405436 7.5548e+006 25.9298
405436 7.5548e+006 25.9298
405436 7.5548e+006 25.9402
405436 7.5548e+006 25.9402
405436 7.5548e+006 25.9402
405436 7.5548e+006 25.9298
405436 7.5548e+006 25.9298
405436 7.5548e+006 25.9329
405436 7.5548e+006 25.9462
405436 7.5548e+006 25.9462
405436 7.5548e+006 25.9402
405436 7.5548e+006 25.9298
405436 7.5548e+006 25.9329
405436 7.5548e+006 25.9348
405436 7.5548e+006 25.9498
405436 7.5548e+006 25.9498
405436 7.5548e+006 25.9462
405436 7.5548e+006 25.9329
405436 7.5548e+006 25.9498
405436 7.5548e+006 25.9462
405436 7.5548e+006 25.9547
405436 7.5548e+006 25.9547
405436 7.5548e+006 25.9595
405436 7.5548e+006 25.9498
405436 7.5548e+006 25.9462
405436 7.5548e+006 25.9402
405436 7.5548e+006 25.9469
405436 7.5548e+006 25.9469
405436 7.5548e+006 25.9547
405436 7.5548e+006 25.9462
405436 7.5548e+006 25.9402
405436 7.5548e+006 25.9402
405436 7.5548e+006 25.9469
405436 7.5548e+006 25.9469
405436 7.5548e+006 25.9469
405436 7.5548e+006 25.9402
405436 7.5548e+006 25.9402
405436 7.5548e+006 25.9462
405436 7.5548e+006 25.9547
405436 7.5548e+006 25.9547
405436 7.5548e+006 25.9469
405436 7.5548e+006 25.9402
405436 7.5548e+006 25.9462
405436 7.5548e+006 25.9498
405436 7.5548e+006 25.9595
405436 7.5548e+006 25.9595
405436 7.5548e+006 25.9547
405436 7.5548e+006 25.9462
405436 7.5548e+006 25.9595
405436 7.5548e+006 25.9547
405436 7.5548e+006 25.9569
405436 7.5548e+006 25.9569
405436 7.5548e+006 25.962
405436 7.5548e+006 25.9595
405436 7.5548e+006 25.9547
405436 7.5548e+006 25.9469
405436 7.5548e+006 25.9487
405436 7.5548e+006 25.9487
405436 7.5548e+006 25.9569
405436 7.5548e+006 25.9547
405436 7.5548e+006 25.9469
405436 7.5548e+006 25.9469
405436 7.5548e+006 25.9487
405436 7.5548e+006 25.9487
405436 7.5548e+006 25.9487
405436 7.5548e+006 25.9469
405436 7.5548e+006 25.9469
405436 7.5548e+006 25.9547
405436 7.5548e+006 25.9569
405436 7.5548e+006 25.9569
405436 7.5548e+006 25.9487
405436 7.5548e+006 25.9469
405436 7.5548e+006 25.9547
405436 7.5548e+006 25.9595
405436 7.5548e+006 25.962
405436 7.5548e+006 25.962
405436 7.5548e+006 25.9569
405436 7.5548e+006 25.9547
405436 7.5548e+006 25.962
405436 7.5548e+006 25.9569
405436 7.5548e+006 25.9525
405436 7.5548e+006 25.9525
405436 7.5548e+006 25.957
405436 7.5548e+006 25.962
405436 7.5548e+006 25.9569
405436 7.5548e+006 25.9487
405436 7.5548e+006 25.9452
405436 7.5548e+006 25.9452
405436 7.5548e+006 25.9525
405436 7.5548e+006 25.9569
405436 7.5548e+006 25.9487
405436 7.5548e+006 25.9487
405436 7.5548e+006 25.9452
405436 7.5548e+006 25.9452
405436 7.5548e+006 25.9452
405436 7.5548e+006 25.9487
405436 7.5548e+006 25.9487
405436 7.5548e+006 25.9569
405436 7.5548e+006 25.9525
405436 7.5548e+006 25.9525
405436 7.5548e+006 25.9452
405436 7.5548e+006 25.9487
405436 7.5548e+006 25.9569
405436 7.5548e+006 25.962
405436 7.5548e+006 25.957
405436 7.5548e+006 25.957
405436 7.5548e+006 25.9525
405436 7.5548e+006 25.9569
405436 7.5548e+006 25.957
405436 7.5548e+006 25.9525
405436 7.5548e+006 25.9422
405436 7.5548e+006 25.9422
405436 7.5548e+006 25.9453
405436 7.5548e+006 25.957
405436 7.5548e+006 25.9525
405436 7.5548e+006 25.9452
405436 7.5548e+006 25.9371
405436 7.5548e+006 25.9371
405436 7.5548e+006 25.9422
405436 7.5548e+006 25.9525
405436 7.5548e+006 25.9452
405436 7.5548e+006 25.9452
405436 7.5548e+006 25.9371
405436 7.5548e+006 25.9371
405436 7.5548e+006 25.9371
405436 7.5548e+006 25.9452
405436 7.5548e+006 25.9452
405436 7.5548e+006 25.9525
405436 7.5548e+006 25.9422
405436 7.5548e+006 25.9422
405436 7.5548e+006 25.9371
405436 7.5548e+006 25.9452
405436 7.5548e+006 25.9525
405436 7.5548e+006 25.957
405436 7.5548e+006 25.9453
405436 7.5548e+006 25.9453
405436 7.5548e+006 25.9422
405436 7.5548e+006 25.9525
405436 7.5548e+006 25.9453
405436 7.5548e+006 25.9422
405436 7.5548e+006 25.9278
405436 7.5548e+006 25.9278
405436 7.5548e+006 25.929
405436 7.5548e+006 25.9453
405436 7.5548e+006 25.9422
405436 7.5548e+006 25.9371
405436 7.5548e+006 25.9258
405436 7.5548e+006 25.9258
405436 7.5548e+006 25.9278
405436 7.5548e+006 25.9422
405436 7.5548e+006 25.9371
405436 7.5548e+006 25.9371
405436 7.5548e+006 25.9258
405436 7.5548e+006 25.9258
405436 7.5548e+006 25.9258
405436 7.5548e+006 25.9371
405436 7.5548e+006 25.9371
405436 7.5548e+006 25.9422
405436 7.5548e+006 25.9278
405436 7.5548e+006 25.9278
405436 7.5548e+006 25.9258
405436 7.5548e+006 25.9371
405436 7.5548e+006 25.9422
405436 7.5548e+006 25.9453
405436 7.5548e+006 25.929
405436 7.5548e+006 25.929
405436 7.5548e+006 25.9278
405436 7.5548e+006 25.9422
405436 7.5548e+006 25.929
405436 7.5548e+006 25.9278
405436 7.5548e+006 25.9117
405436 7.5548e+006 25.9117
405436 7.5548e+006 25.9109
405436 7.5548e+006 25.929
405436 7.5548e+006 25.9278
405436 7.5548e+006 25.9258
405436 7.5548e+006 25.9132
405436 7.5548e+006 25.9132
405436 7.5548e+006 25.9117
405436 7.5548e+006 25.9278
405436 7.5548e+006 25.9258
405436 7.5548e+006 25.9258
405436 7.5548e+006 25.9132
405436 7.5548e+006 25.9132
405436 7.5548e+006 25.9132
405436 7.5548e+006 25.9258
405436 7.5548e+006 25.9258
405436 7.5548e+006 25.9278
405436 7.5548e+006 25.9117
405436 7.5548e+006 25.9117
405436 7.5548e+006 25.9132
405436 7.5548e+006 25.9258
405436 7.5548e+006 25.9278
405436 7.5548e+006 25.929
405436 7.5548e+006 25.9109
405436 7.5548e+006 25.9109
405436 7.5548e+006 25.9117
405436 7.5548e+006 25.9278
405436 7.5548e+006 25.9109
405436 7.5548e+006 25.9117
405436 7.5548e+006 25.8969
405436 7.5548e+006 25.8969
405436 7.5548e+006 25.894
405436 7.5548e+006 25.9109
405436 7.5548e+006 25.9117
405436 7.5548e+006 25.9132
405436 7.5548e+006 25.9015
405436 7.5548e+006 25.9015
405436 7.5548e+006 25.8969
405436 7.5548e+006 25.9117
405436 7.5548e+006 25.9132
405436 7.5548e+006 25.9132
405436 7.5548e+006 25.9015
405436 7.5548e+006 25.9015
405436 7.5548e+006 25.9015
405436 7.5548e+006 25.9132
405436 7.5548e+006 25.9132
405436 7.5548e+006 25.9117
405436 7.5548e+006 25.8969
405436 7.5548e+006 25.8969
405436 7.5548e+006 25.9015
405436 7.5548e+006 25.9132
405436 7.5548e+006 25.9117
405436 7.5548e+006 25.9109
405436 7.5548e+006 25.894
405436 7.5548e+006 25.894
405436 7.5548e+006 25.8969
405436 7.5548e+006 25.9117
405436 7.5548e+006 25.894
405436 7.5548e+006 25.8969
405436 7.5548e+006 25.8857
405436 7.5548e+006 25.8857
405436 7.5548e+006 25.8814
405436 7.5548e+006 25.894
405436 7.5548e+006 25.8969
405436 7.5548e+006 25.9015
405436 7.5548e+006 25.8927
405436 7.5548e+006 25.8927
405436 7.5548e+006 25.8857
405436 7.5548e+006 25.8969
405436 7.5548e+006 25.9015
405436 7.5548e+006 25.9015
405436 7.5548e+006 25.8927
405436 7.5548e+006 25.8927
405436 7.5548e+006 25.8927
405436 7.5548e+006 25.9015
405436 7.5548e+006 25.9015
405436 7.5548e+006 25.8969
405436 7.5548e+006 25.8857
405436 7.5548e+006 25.8857
405436 7.5548e+006 25.8927
405436 7.5548e+006 25.9015
405436 7.5548e+006 25.8969
405436 7.5548e+006 25.894
405436 7.5548e+006 25.8814
405436 7.5548e+006 25.8814
405436 7.5548e+006 25.8857
405436 7.5548e+006 25.8969
405436 7.5548e+006 25.8814
405436 7.5548e+006 25.8857
405436 7.5548e+006 25.8803
405436 7.5548e+006 25.8803
405436 7.5548e+006 25.8752
405436 7.5548e+006 25.8814
405436 7.5548e+006 25.8857
405436 7.5548e+006 25.8927
405436 7.5548e+006 25.8884
405436 7.5548e+006 25.8884
405436 7.5548e+006 25.8803
405436 7.5548e+006 25.8857
405436 7.5548e+006 25.8927
405436 7.5548e+006 25.8927
405436 7.5548e+006 25.8884
405436 7.5548e+006 25.8884
405436 7.5548e+006 25.8884
405436 7.5548e+006 25.8927
405436 7.5548e+006 25.8927
405436 7.5548e+006 25.8857
405436 7.5548e+006 25.8803
405436 7.5548e+006 25.8803
405436 7.5548e+006 25.8884
405436 7.5548e+006 25.8927
405436 7.5548e+006 25.8857
405436 7.5548e+006 25.8814
405436 7.5548e+006 25.8752
405436 7.5548e+006 25.8752
405436 7.5548e+006 25.8803
405436 7.5548e+006 25.8857
405436 7.5548e+006 25.8752
405436 7.5548e+006 25.8803
405436 7.5548e+006 25.8814
405436 7.5548e+006 25.8814
405436 7.5548e+006 25.8765
405436 7.5548e+006 25.8752
405436 7.5548e+006 25.8803
405436 7.5548e+006 25.8884
405436 7.5548e+006 25.8893
405436 7.5548e+006 25.8893
405436 7.5548e+006 25.8814
405436 7.5548e+006 25.8803
405436 7.5548e+006 25.8884
405436 7.5548e+006 25.8884
405436 7.5548e+006 25.8893
405436 7.5548e+006 25.8893
405436 7.5548e+006 25.8893
405436 7.5548e+006 25.8884
405436 7.5548e+006 25.8884
405436 7.5548e+006 25.8803
405436 7.5548e+006 25.8814
405436 7.5548e+006 25.8814
405436 7.5548e+006 25.8893
405436 7.5548e+006 25.8884
405436 7.5548e+006 25.8803
405436 7.5548e+006 25.8752
405436 7.5548e+006 25.8765
405436 7.5548e+006 25.8765
405436 7.5548e+006 25.8814
405436 7.5548e+006 25.8803
405436 7.5548e+006 25.8765
405436 7.5548e+006 25.8814
405436 7.5548e+006 25.8889
405436 7.5548e+006 25.8889
405436 7.5548e+006 25.885
405436 7.5548e+006 25.8765
405436 7.5548e+006 25.8814
405436 7.5548e+006 25.8893
405436 7.5548e+006 25.8952
405436 7.5548e+006 25.8952
405436 7.5548e+006 25.8889
405436 7.5548e+006 25.8814
405436 7.5548e+006 25.8893
405436 7.5548e+006 25.8893
405436 7.5548e+006 25.8952
405436 7.5548e+006 25.8952
405436 7.5548e+006 25.8952
405436 7.5548e+006 25.8893
405436 7.5548e+006 25.8893
405436 7.5548e+006 25.8814
405436 7.5548e+006 25.8889
405436 7.5548e+006 25.8889
405436 7.5548e+006 25.8952
405436 7.5548e+006 25.8893
405436 7.5548e+006 25.8814
405436 7.5548e+006 25.8765
405436 7.5548e+006 25.885
405436 7.5548e+006 25.885
405436 7.5548e+006 25.8889
405436 7.5548e+006 25.8814
405436 7.5548e+006 25.6823
405436 7.5548e+006 25.8937
405436 7.5548e+006 25.8973
405436 7.5548e+006 25.8973
405435 7.5548e+006 25.6858
405436 7.5548e+006 25.6823
405435 7.5548e+006 25.6858
405436 7.5548e+006 25.8973
405436 7.5548e+006 25.8918
405436 7.5548e+006 25.8918
405435 7.5548e+006 25.6803
405435 7.5548e+006 25.6858
405435 7.5548e+006 25.6803
405436 7.5548e+006 25.8918
405436 7.5548e+006 25.8849
405436 7.5548e+006 25.8849
405436 7.5548e+006 25.6734
405435 7.5548e+006 25.6803
405436 7.5548e+006 25.6734
405436 7.5548e+006 25.8849
405436 7.5548e+006 25.886
405436 7.5548e+006 25.886
405436 7.5548e+006 25.6746
405436 7.5548e+006 25.6734
405436 7.5548e+006 25.6746
405436 7.5548e+006 25.886
405436 7.5548e+006 25.8937
405436 7.5548e+006 25.8937
405436 7.5548e+006 25.6823
405436 7.5548e+006 25.6746
