405434 7.55479e+006 27.1439
405434 7.55479e+006 27.1347
405434 7.55479e+006 27.1902
405434 7.55479e+006 27.1902
405434 7.55479e+006 27.202
405434 7.55479e+006 27.1439
405434 7.55479e+006 27.1347
405434 7.55479e+006 27.1254
405434 7.55479e+006 27.1784
405434 7.55479e+006 27.1784
405434 7.55479e+006 27.1902
405434 7.55479e+006 27.1347
405434 7.55479e+006 27.1254
405434 7.55479e+006 27.1347
405434 7.55479e+006 27.1902
405434 7.55479e+006 27.1902
405434 7.55479e+006 27.1784
405434 7.55479e+006 27.1254
405434 7.55479e+006 27.1347
405434 7.55479e+006 27.1439
405434 7.55479e+006 27.202
405434 7.55479e+006 27.202
405434 7.55479e+006 27.1902
405434 7.55479e+006 27.1347
405434 7.55479e+006 27.202
405434 7.55479e+006 27.1902
405434 7.55479e+006 27.2282
405434 7.55479e+006 27.2282
405434 7.55479e+006 27.2418
405434 7.55479e+006 27.202
405434 7.55479e+006 27.1902
405434 7.55479e+006 27.1784
405434 7.55479e+006 27.2147
405434 7.55479e+006 27.2147
405434 7.55479e+006 27.2282
405434 7.55479e+006 27.1902
405434 7.55479e+006 27.1784
405434 7.55479e+006 27.1902
405434 7.55479e+006 27.2282
405434 7.55479e+006 27.2282
405434 7.55479e+006 27.2147
405434 7.55479e+006 27.1784
405434 7.55479e+006 27.1902
405434 7.55479e+006 27.202
405434 7.55479e+006 27.2418
405434 7.55479e+006 27.2418
405434 7.55479e+006 27.2282
405434 7.55479e+006 27.1902
405434 7.55479e+006 27.2418
405434 7.55479e+006 27.2282
405434 7.55479e+006 27.246
405434 7.55479e+006 27.246
405434 7.55479e+006 27.2604
405434 7.55479e+006 27.2418
405434 7.55479e+006 27.2282
405434 7.55479e+006 27.2147
405434 7.55479e+006 27.2316
405434 7.55479e+006 27.2316
405434 7.55479e+006 27.246
405434 7.55479e+006 27.2282
405434 7.55479e+006 27.2147
405434 7.55479e+006 27.2282
405434 7.55479e+006 27.246
405434 7.55479e+006 27.246
405434 7.55479e+006 27.2316
405434 7.55479e+006 27.2147
405434 7.55479e+006 27.2282
405434 7.55479e+006 27.2418
405434 7.55479e+006 27.2604
405434 7.55479e+006 27.2604
405434 7.55479e+006 27.246
405434 7.55479e+006 27.2282
405434 7.55479e+006 27.2604
405434 7.55479e+006 27.246
405434 7.55479e+006 27.2424
405434 7.55479e+006 27.2424
405434 7.55479e+006 27.2566
405434 7.55479e+006 27.2604
405434 7.55479e+006 27.246
405434 7.55479e+006 27.2316
405434 7.55479e+006 27.2282
405434 7.55479e+006 27.2282
405434 7.55479e+006 27.2424
405434 7.55479e+006 27.246
405434 7.55479e+006 27.2316
405434 7.55479e+006 27.246
405434 7.55479e+006 27.2424
405434 7.55479e+006 27.2424
405434 7.55479e+006 27.2282
405434 7.55479e+006 27.2316
405434 7.55479e+006 27.246
405434 7.55479e+006 27.2604
405434 7.55479e+006 27.2566
405434 7.55479e+006 27.2566
405434 7.55479e+006 27.2424
405434 7.55479e+006 27.246
405434 7.55479e+006 27.2566
405434 7.55479e+006 27.2424
405434 7.55479e+006 27.2177
405434 7.55479e+006 27.2177
405434 7.55479e+006 27.2308
405434 7.55479e+006 27.2566
405434 7.55479e+006 27.2424
405434 7.55479e+006 27.2282
405434 7.55479e+006 27.2046
405434 7.55479e+006 27.2046
405434 7.55479e+006 27.2177
405434 7.55479e+006 27.2424
405434 7.55479e+006 27.2282
405434 7.55479e+006 27.2424
405434 7.55479e+006 27.2177
405434 7.55479e+006 27.2177
405434 7.55479e+006 27.2046
405434 7.55479e+006 27.2282
405434 7.55479e+006 27.2424
405434 7.55479e+006 27.2566
405434 7.55479e+006 27.2308
405434 7.55479e+006 27.2308
405434 7.55479e+006 27.2177
405434 7.55479e+006 27.2424
405434 7.55479e+006 27.2308
405434 7.55479e+006 27.2177
405433 7.55479e+006 27.1735
405433 7.55479e+006 27.1735
405434 7.55479e+006 27.1845
405434 7.55479e+006 27.2308
405434 7.55479e+006 27.2177
405434 7.55479e+006 27.2046
405434 7.55479e+006 27.1624
405434 7.55479e+006 27.1624
405433 7.55479e+006 27.1735
405434 7.55479e+006 27.2177
405434 7.55479e+006 27.2046
405434 7.55479e+006 27.2177
405434 7.55479e+006 27.1735
405434 7.55479e+006 27.1735
405434 7.55479e+006 27.1624
405434 7.55479e+006 27.2046
405434 7.55479e+006 27.2177
405434 7.55479e+006 27.2308
405434 7.55479e+006 27.1845
405434 7.55479e+006 27.1845
405434 7.55479e+006 27.1735
405434 7.55479e+006 27.2177
405434 7.55479e+006 27.1845
405433 7.55479e+006 27.1735
405433 7.55479e+006 27.1128
405433 7.55479e+006 27.1128
405433 7.55479e+006 27.1211
405434 7.55479e+006 27.1845
405433 7.55479e+006 27.1735
405434 7.55479e+006 27.1624
405433 7.55479e+006 27.1046
405433 7.55479e+006 27.1046
405433 7.55479e+006 27.1128
405433 7.55479e+006 27.1735
405434 7.55479e+006 27.1624
405434 7.55479e+006 27.1735
405433 7.55479e+006 27.1128
405433 7.55479e+006 27.1128
405433 7.55479e+006 27.1046
405434 7.55479e+006 27.1624
405434 7.55479e+006 27.1735
405434 7.55479e+006 27.1845
405433 7.55479e+006 27.1211
405433 7.55479e+006 27.1211
405433 7.55479e+006 27.1128
405434 7.55479e+006 27.1735
405433 7.55479e+006 27.1211
405433 7.55479e+006 27.1128
405433 7.55479e+006 27.0399
405433 7.55479e+006 27.0399
405433 7.55479e+006 27.0448
405433 7.55479e+006 27.1211
405433 7.55479e+006 27.1128
405433 7.55479e+006 27.1046
405433 7.55479e+006 27.0349
405433 7.55479e+006 27.0349
405433 7.55479e+006 27.0399
405433 7.55479e+006 27.1128
405433 7.55479e+006 27.1046
405433 7.55479e+006 27.1128
405433 7.55479e+006 27.0399
405433 7.55479e+006 27.0399
405433 7.55479e+006 27.0349
405433 7.55479e+006 27.1046
405433 7.55479e+006 27.1128
405433 7.55479e+006 27.1211
405433 7.55479e+006 27.0448
405433 7.55479e+006 27.0448
405433 7.55479e+006 27.0399
405433 7.55479e+006 27.1128
405433 7.55479e+006 27.0448
405433 7.55479e+006 27.0399
405433 7.55479e+006 26.9596
405433 7.55479e+006 26.9596
405433 7.55479e+006 26.9608
405433 7.55479e+006 27.0448
405433 7.55479e+006 27.0399
405433 7.55479e+006 27.0349
405433 7.55479e+006 26.9583
405433 7.55479e+006 26.9583
405433 7.55479e+006 26.9596
405433 7.55479e+006 27.0399
405433 7.55479e+006 27.0349
405433 7.55479e+006 27.0399
405433 7.55479e+006 26.9596
405433 7.55479e+006 26.9596
405433 7.55479e+006 26.9583
405433 7.55479e+006 27.0349
405433 7.55479e+006 27.0399
405433 7.55479e+006 27.0448
405433 7.55479e+006 26.9608
405433 7.55479e+006 26.9608
405433 7.55479e+006 26.9596
405433 7.55479e+006 27.0399
405433 7.55479e+006 26.9608
405433 7.55479e+006 26.9596
405433 7.55479e+006 26.8774
405433 7.55479e+006 26.8774
405433 7.55479e+006 26.8749
405433 7.55479e+006 26.9608
405433 7.55479e+006 26.9596
405433 7.55479e+006 26.9583
405433 7.55479e+006 26.8799
405433 7.55479e+006 26.8799
405433 7.55479e+006 26.8774
405433 7.55479e+006 26.9596
405433 7.55479e+006 26.9583
405433 7.55479e+006 26.9596
405433 7.55479e+006 26.8774
405433 7.55479e+006 26.8774
405433 7.55479e+006 26.8799
405433 7.55479e+006 26.9583
405433 7.55479e+006 26.9596
405433 7.55479e+006 26.9608
405433 7.55479e+006 26.8749
405433 7.55479e+006 26.8749
405433 7.55479e+006 26.8774
405433 7.55479e+006 26.9596
405433 7.55479e+006 26.8749
405433 7.55479e+006 26.8774
405433 7.55479e+006 26.7989
405433 7.55479e+006 26.7989
405433 7.55479e+006 26.7928
405433 7.55479e+006 26.8749
405433 7.55479e+006 26.8774
405433 7.55479e+006 26.8799
405433 7.55479e+006 26.805
405433 7.55479e+006 26.805
405433 7.55479e+006 26.7989
405433 7.55479e+006 26.8774
405433 7.55479e+006 26.8799
405433 7.55479e+006 26.8774
405433 7.55479e+006 26.7989
405433 7.55479e+006 26.7989
405433 7.55479e+006 26.805
405433 7.55479e+006 26.8799
405433 7.55479e+006 26.8774
405433 7.55479e+006 26.8749
405433 7.55479e+006 26.7928
405433 7.55479e+006 26.7928
405433 7.55479e+006 26.7989
405433 7.55479e+006 26.8774
405433 7.55479e+006 26.7928
405433 7.55479e+006 26.7989
405433 7.55479e+006 26.7295
405433 7.55479e+006 26.7295
405433 7.55479e+006 26.7203
405433 7.55479e+006 26.7928
405433 7.55479e+006 26.7989
405433 7.55479e+006 26.805
405433 7.55479e+006 26.7388
405433 7.55479e+006 26.7388
405433 7.55479e+006 26.7295
405433 7.55479e+006 26.7989
405433 7.55479e+006 26.805
405433 7.55479e+006 26.7989
405434 7.55479e+006 26.7295
405434 7.55479e+006 26.7295
405433 7.55479e+006 26.7388
405433 7.55479e+006 26.805
405433 7.55479e+006 26.7989
405433 7.55479e+006 26.7928
405433 7.55479e+006 26.7203
405433 7.55479e+006 26.7203
405434 7.55479e+006 26.7295
405433 7.55479e+006 26.7989
405433 7.55479e+006 26.7203
405433 7.55479e+006 26.7295
405434 7.55479e+006 26.6739
405434 7.55479e+006 26.6739
405434 7.55479e+006 26.6621
405433 7.55479e+006 26.7203
405433 7.55479e+006 26.7295
405433 7.55479e+006 26.7388
405434 7.55479e+006 26.6858
405434 7.55479e+006 26.6858
405434 7.55479e+006 26.6739
405433 7.55479e+006 26.7295
405433 7.55479e+006 26.7388
405434 7.55479e+006 26.7295
405434 7.55479e+006 26.6739
405434 7.55479e+006 26.6739
405434 7.55479e+006 26.6858
405433 7.55479e+006 26.7388
405434 7.55479e+006 26.7295
405433 7.55479e+006 26.7203
405434 7.55479e+006 26.6621
405434 7.55479e+006 26.6621
405434 7.55479e+006 26.6739
405434 7.55479e+006 26.7295
405434 7.55479e+006 26.6621
405434 7.55479e+006 26.6739
405434 7.55479e+006 26.636
405434 7.55479e+006 26.636
405434 7.55479e+006 26.6224
405434 7.55479e+006 26.6621
405434 7.55479e+006 26.6739
405434 7.55479e+006 26.6858
405434 7.55479e+006 26.6495
405434 7.55479e+006 26.6495
405434 7.55479e+006 26.636
405434 7.55479e+006 26.6739
405434 7.55479e+006 26.6858
405434 7.55479e+006 26.6739
405434 7.55479e+006 26.636
405434 7.55479e+006 26.636
405434 7.55479e+006 26.6495
405434 7.55479e+006 26.6858
405434 7.55479e+006 26.6739
405434 7.55479e+006 26.6621
405434 7.55479e+006 26.6224
405434 7.55479e+006 26.6224
405434 7.55479e+006 26.636
405434 7.55479e+006 26.6739
405434 7.55479e+006 26.6224
405434 7.55479e+006 26.636
405434 7.55479e+006 26.6182
405434 7.55479e+006 26.6182
405434 7.55479e+006 26.6038
405434 7.55479e+006 26.6224
405434 7.55479e+006 26.636
405434 7.55479e+006 26.6495
405434 7.55479e+006 26.6325
405434 7.55479e+006 26.6325
405434 7.55479e+006 26.6182
405434 7.55479e+006 26.636
405434 7.55479e+006 26.6495
405434 7.55479e+006 26.636
405434 7.55479e+006 26.6182
405434 7.55479e+006 26.6182
405434 7.55479e+006 26.6325
405434 7.55479e+006 26.6495
405434 7.55479e+006 26.636
405434 7.55479e+006 26.6224
405434 7.55479e+006 26.6038
405434 7.55479e+006 26.6038
405434 7.55479e+006 26.6182
405434 7.55479e+006 26.636
405434 7.55479e+006 26.6038
405434 7.55479e+006 26.6182
405434 7.55479e+006 26.6217
405434 7.55479e+006 26.6217
405434 7.55479e+006 26.6075
405434 7.55479e+006 26.6038
405434 7.55479e+006 26.6182
405434 7.55479e+006 26.6325
405434 7.55479e+006 26.636
405434 7.55479e+006 26.636
405434 7.55479e+006 26.6217
405434 7.55479e+006 26.6182
405434 7.55479e+006 26.6325
405434 7.55479e+006 26.6182
405434 7.55479e+006 26.6217
405434 7.55479e+006 26.6217
405434 7.55479e+006 26.636
405434 7.55479e+006 26.6325
405434 7.55479e+006 26.6182
405434 7.55479e+006 26.6038
405434 7.55479e+006 26.6075
405434 7.55479e+006 26.6075
405434 7.55479e+006 26.6217
405434 7.55479e+006 26.6182
405434 7.55479e+006 26.6075
405434 7.55479e+006 26.6217
405434 7.55479e+006 26.6465
405434 7.55479e+006 26.6465
405434 7.55479e+006 26.6334
405434 7.55479e+006 26.6075
405434 7.55479e+006 26.6217
405434 7.55479e+006 26.636
405434 7.55479e+006 26.6596
405434 7.55479e+006 26.6596
405434 7.55479e+006 26.6465
405434 7.55479e+006 26.6217
405434 7.55479e+006 26.636
405434 7.55479e+006 26.6217
405434 7.55479e+006 26.6465
405434 7.55479e+006 26.6465
405434 7.55479e+006 26.6596
405434 7.55479e+006 26.636
405434 7.55479e+006 26.6217
405434 7.55479e+006 26.6075
405434 7.55479e+006 26.6334
405434 7.55479e+006 26.6334
405434 7.55479e+006 26.6465
405434 7.55479e+006 26.6217
405434 7.55479e+006 26.6334
405434 7.55479e+006 26.6465
405434 7.55479e+006 26.6907
405434 7.55479e+006 26.6907
405434 7.55479e+006 26.6796
405434 7.55479e+006 26.6334
405434 7.55479e+006 26.6465
405434 7.55479e+006 26.6596
405434 7.55479e+006 26.7017
405434 7.55479e+006 26.7017
405434 7.55479e+006 26.6907
405434 7.55479e+006 26.6465
405434 7.55479e+006 26.6596
405434 7.55479e+006 26.6465
405434 7.55479e+006 26.6907
405434 7.55479e+006 26.6907
405434 7.55479e+006 26.7017
405434 7.55479e+006 26.6596
405434 7.55479e+006 26.6465
405434 7.55479e+006 26.6334
405434 7.55479e+006 26.6796
405434 7.55479e+006 26.6796
405434 7.55479e+006 26.6907
405434 7.55479e+006 26.6465
405434 7.55479e+006 26.6796
405434 7.55479e+006 26.6907
405434 7.55479e+006 26.7513
405434 7.55479e+006 26.7513
405434 7.55479e+006 26.7431
405434 7.55479e+006 26.6796
405434 7.55479e+006 26.6907
405434 7.55479e+006 26.7017
405434 7.55479e+006 26.7596
405434 7.55479e+006 26.7596
405434 7.55479e+006 26.7513
405434 7.55479e+006 26.6907
405434 7.55479e+006 26.7017
405434 7.55479e+006 26.6907
405434 7.55479e+006 26.7513
405434 7.55479e+006 26.7513
405434 7.55479e+006 26.7596
405434 7.55479e+006 26.7017
405434 7.55479e+006 26.6907
405434 7.55479e+006 26.6796
405434 7.55479e+006 26.7431
405434 7.55479e+006 26.7431
405434 7.55479e+006 26.7513
405434 7.55479e+006 26.6907
405434 7.55479e+006 26.7431
405434 7.55479e+006 26.7513
405434 7.55479e+006 26.8243
405434 7.55479e+006 26.8243
405434 7.55479e+006 26.8194
405434 7.55479e+006 26.7431
405434 7.55479e+006 26.7513
405434 7.55479e+006 26.7596
405434 7.55479e+006 26.8292
405434 7.55479e+006 26.8292
405434 7.55479e+006 26.8243
405434 7.55479e+006 26.7513
405434 7.55479e+006 26.7596
405434 7.55479e+006 26.7513
405434 7.55479e+006 26.8243
405434 7.55479e+006 26.8243
405434 7.55479e+006 26.8292
405434 7.55479e+006 26.7596
405434 7.55479e+006 26.7513
405434 7.55479e+006 26.7431
405434 7.55479e+006 26.8194
405434 7.55479e+006 26.8194
405434 7.55479e+006 26.8243
405434 7.55479e+006 26.7513
405434 7.55479e+006 26.8194
405434 7.55479e+006 26.8243
405434 7.55479e+006 26.9046
405434 7.55479e+006 26.9046
405434 7.55479e+006 26.9034
405434 7.55479e+006 26.8194
405434 7.55479e+006 26.8243
405434 7.55479e+006 26.8292
405434 7.55479e+006 26.9059
405434 7.55479e+006 26.9059
405434 7.55479e+006 26.9046
405434 7.55479e+006 26.8243
405434 7.55479e+006 26.8292
405434 7.55479e+006 26.8243
405434 7.55479e+006 26.9046
405434 7.55479e+006 26.9046
405434 7.55479e+006 26.9059
405434 7.55479e+006 26.8292
405434 7.55479e+006 26.8243
405434 7.55479e+006 26.8194
405434 7.55479e+006 26.9034
405434 7.55479e+006 26.9034
405434 7.55479e+006 26.9046
405434 7.55479e+006 26.8243
405434 7.55479e+006 26.9034
405434 7.55479e+006 26.9046
405434 7.55479e+006 26.9868
405434 7.55479e+006 26.9868
405434 7.55479e+006 26.9893
405434 7.55479e+006 26.9034
405434 7.55479e+006 26.9046
405434 7.55479e+006 26.9059
405434 7.55479e+006 26.9843
405434 7.55479e+006 26.9843
405434 7.55479e+006 26.9868
405434 7.55479e+006 26.9046
405434 7.55479e+006 26.9059
405434 7.55479e+006 26.9046
405434 7.55479e+006 26.9868
405434 7.55479e+006 26.9868
405434 7.55479e+006 26.9843
405434 7.55479e+006 26.9059
405434 7.55479e+006 26.9046
405434 7.55479e+006 26.9034
405434 7.55479e+006 26.9893
405434 7.55479e+006 26.9893
405434 7.55479e+006 26.9868
405434 7.55479e+006 26.9046
405434 7.55479e+006 26.9893
405434 7.55479e+006 26.9868
405434 7.55479e+006 27.0653
405434 7.55479e+006 27.0653
405434 7.55479e+006 27.0714
405434 7.55479e+006 26.9893
405434 7.55479e+006 26.9868
405434 7.55479e+006 26.9843
405434 7.55479e+006 27.0592
405434 7.55479e+006 27.0592
405434 7.55479e+006 27.0653
405434 7.55479e+006 26.9868
405434 7.55479e+006 26.9843
405434 7.55479e+006 26.9868
405434 7.55479e+006 27.0653
405434 7.55479e+006 27.0653
405434 7.55479e+006 27.0592
405434 7.55479e+006 26.9843
405434 7.55479e+006 26.9868
405434 7.55479e+006 26.9893
405434 7.55479e+006 27.0714
405434 7.55479e+006 27.0714
405434 7.55479e+006 27.0653
405434 7.55479e+006 26.9868
405434 7.55479e+006 27.0714
405434 7.55479e+006 27.0653
405434 7.55479e+006 27.1347
405434 7.55479e+006 27.1347
405434 7.55479e+006 27.1439
405434 7.55479e+006 27.0714
405434 7.55479e+006 27.0653
405434 7.55479e+006 27.0592
405434 7.55479e+006 27.1254
405434 7.55479e+006 27.1254
405434 7.55479e+006 27.1347
405434 7.55479e+006 27.0653
405434 7.55479e+006 27.0592
405434 7.55479e+006 27.0653
405434 7.55479e+006 27.1347
405434 7.55479e+006 27.1347
405434 7.55479e+006 27.1254
405434 7.55479e+006 27.0592
405434 7.55479e+006 27.0653
405434 7.55479e+006 27.0714
405434 7.55479e+006 27.1439
405434 7.55479e+006 27.1439
405434 7.55479e+006 27.1347
405434 7.55479e+006 27.0653
405434 7.55479e+006 27.1693
405434 7.55479e+006 26.9605
405434 7.55479e+006 26.9536
405434 7.55479e+006 26.9536
405434 7.55479e+006 27.1624
405434 7.55479e+006 27.1693
405434 7.55479e+006 27.1693
405434 7.55479e+006 27.1748
405434 7.55479e+006 26.966
405434 7.55479e+006 26.966
405434 7.55479e+006 26.9605
405434 7.55479e+006 27.1693
405434 7.55479e+006 27.1748
405434 7.55479e+006 27.1712
405434 7.55479e+006 26.9625
405434 7.55479e+006 26.9625
405434 7.55479e+006 26.966
405434 7.55479e+006 27.1748
405434 7.55479e+006 27.1712
405434 7.55479e+006 27.1636
405434 7.55479e+006 26.9548
405434 7.55479e+006 26.9548
405434 7.55479e+006 26.9625
405434 7.55479e+006 27.1712
405434 7.55479e+006 27.1636
405434 7.55479e+006 27.1624
405434 7.55479e+006 26.9536
405434 7.55479e+006 26.9536
405434 7.55479e+006 26.9548
405434 7.55479e+006 27.1636
405433 7.55479e+006 26.7377
405434 7.55479e+006 26.9148
405434 7.55479e+006 26.9065
405434 7.55479e+006 26.9065
405433 7.55479e+006 26.7294
405433 7.55479e+006 26.7377
405433 7.55479e+006 26.7375
405434 7.55479e+006 26.9146
405434 7.55479e+006 26.9148
405434 7.55479e+006 26.9148
405433 7.55479e+006 26.7377
405433 7.55479e+006 26.7375
405434 7.55479e+006 26.729
405434 7.55479e+006 26.9061
405434 7.55479e+006 26.9146
405434 7.55479e+006 26.9146
405433 7.55479e+006 26.7375
405434 7.55479e+006 26.729
405434 7.55479e+006 26.7241
405434 7.55479e+006 26.9012
405434 7.55479e+006 26.9061
405434 7.55479e+006 26.9061
405434 7.55479e+006 26.729
405434 7.55479e+006 26.7241
405433 7.55479e+006 26.7294
405434 7.55479e+006 26.9065
405434 7.55479e+006 26.9012
405434 7.55479e+006 26.9012
405434 7.55479e+006 26.7241
405433 7.55479e+006 26.7294
405434 7.55479e+006 26.6954
405434 7.55479e+006 26.9058
405434 7.55479e+006 26.9093
405434 7.55479e+006 26.9093
405434 7.55479e+006 26.6989
405434 7.55479e+006 26.6954
405434 7.55479e+006 26.6989
405434 7.55479e+006 26.9093
405434 7.55479e+006 26.9039
405434 7.55479e+006 26.9039
405434 7.55479e+006 26.6935
405434 7.55479e+006 26.6989
405434 7.55479e+006 26.6935
405434 7.55479e+006 26.9039
405434 7.55479e+006 26.8969
405434 7.55479e+006 26.8969
405434 7.55479e+006 26.6865
405434 7.55479e+006 26.6935
405434 7.55479e+006 26.6865
405434 7.55479e+006 26.8969
405434 7.55479e+006 26.8981
405434 7.55479e+006 26.8981
405434 7.55479e+006 26.6877
405434 7.55479e+006 26.6865
405434 7.55479e+006 26.6877
405434 7.55479e+006 26.8981
405434 7.55479e+006 26.9058
405434 7.55479e+006 26.9058
405434 7.55479e+006 26.6954
405434 7.55479e+006 26.6877
405434 7.55479e+006 26.9058
405434 7.55479e+006 26.8981
405434 7.55479e+006 26.8969
405434 7.55479e+006 26.9058
405434 7.55479e+006 26.8969
405434 7.55479e+006 26.9039
405434 7.55479e+006 26.9058
405434 7.55479e+006 26.9039
405434 7.55479e+006 26.9093
405434 7.55479e+006 26.9602
405434 7.55479e+006 26.9569
405434 7.55479e+006 26.9667
405434 7.55479e+006 26.9667
405434 7.55479e+006 26.9713
405434 7.55479e+006 26.9602
405434 7.55479e+006 26.9569
405434 7.55479e+006 26.9516
405434 7.55479e+006 26.9593
405434 7.55479e+006 26.9593
405434 7.55479e+006 26.9667
405434 7.55479e+006 26.9569
405434 7.55479e+006 26.9516
405434 7.55479e+006 26.9516
405434 7.55479e+006 26.9593
405434 7.55479e+006 26.9593
405434 7.55479e+006 26.9593
405434 7.55479e+006 26.9516
405434 7.55479e+006 26.9516
405434 7.55479e+006 26.9569
405434 7.55479e+006 26.9667
405434 7.55479e+006 26.9667
405434 7.55479e+006 26.9593
405434 7.55479e+006 26.9516
405434 7.55479e+006 26.9569
405434 7.55479e+006 26.9602
405434 7.55479e+006 26.9713
405434 7.55479e+006 26.9713
405434 7.55479e+006 26.9667
405434 7.55479e+006 26.9569
405434 7.55479e+006 26.9713
405434 7.55479e+006 26.9667
405434 7.55479e+006 26.9706
405434 7.55479e+006 26.9706
405434 7.55479e+006 26.9757
405434 7.55479e+006 26.9713
405434 7.55479e+006 26.9667
405434 7.55479e+006 26.9593
405434 7.55479e+006 26.9624
405434 7.55479e+006 26.9624
405434 7.55479e+006 26.9706
405434 7.55479e+006 26.9667
405434 7.55479e+006 26.9593
405434 7.55479e+006 26.9593
405434 7.55479e+006 26.9624
405434 7.55479e+006 26.9624
405434 7.55479e+006 26.9624
405434 7.55479e+006 26.9593
405434 7.55479e+006 26.9593
405434 7.55479e+006 26.9667
405434 7.55479e+006 26.9706
405434 7.55479e+006 26.9706
405434 7.55479e+006 26.9624
405434 7.55479e+006 26.9593
405434 7.55479e+006 26.9667
405434 7.55479e+006 26.9713
405434 7.55479e+006 26.9757
405434 7.55479e+006 26.9757
405434 7.55479e+006 26.9706
405434 7.55479e+006 26.9667
405434 7.55479e+006 26.9757
405434 7.55479e+006 26.9706
405434 7.55479e+006 26.9678
405434 7.55479e+006 26.9678
405434 7.55479e+006 26.9726
405434 7.55479e+006 26.9757
405434 7.55479e+006 26.9706
405434 7.55479e+006 26.9624
405434 7.55479e+006 26.9602
405434 7.55479e+006 26.9602
405434 7.55479e+006 26.9678
405434 7.55479e+006 26.9706
405434 7.55479e+006 26.9624
405434 7.55479e+006 26.9624
405434 7.55479e+006 26.9602
405434 7.55479e+006 26.9602
405434 7.55479e+006 26.9602
405434 7.55479e+006 26.9624
405434 7.55479e+006 26.9624
405434 7.55479e+006 26.9706
405434 7.55479e+006 26.9678
405434 7.55479e+006 26.9678
405434 7.55479e+006 26.9602
405434 7.55479e+006 26.9624
405434 7.55479e+006 26.9706
405434 7.55479e+006 26.9757
405434 7.55479e+006 26.9726
405434 7.55479e+006 26.9726
405434 7.55479e+006 26.9678
405434 7.55479e+006 26.9706
405434 7.55479e+006 26.9726
405434 7.55479e+006 26.9678
405434 7.55479e+006 26.9589
405434 7.55479e+006 26.9589
405434 7.55479e+006 26.9624
405434 7.55479e+006 26.9726
405434 7.55479e+006 26.9678
405434 7.55479e+006 26.9602
405434 7.55479e+006 26.9531
405434 7.55479e+006 26.9531
405434 7.55479e+006 26.9589
405434 7.55479e+006 26.9678
405434 7.55479e+006 26.9602
405434 7.55479e+006 26.9602
405434 7.55479e+006 26.9531
405434 7.55479e+006 26.9531
405434 7.55479e+006 26.9531
405434 7.55479e+006 26.9602
405434 7.55479e+006 26.9602
405434 7.55479e+006 26.9678
405434 7.55479e+006 26.9589
405434 7.55479e+006 26.9589
405434 7.55479e+006 26.9531
405434 7.55479e+006 26.9602
405434 7.55479e+006 26.9678
405434 7.55479e+006 26.9726
405434 7.55479e+006 26.9624
405434 7.55479e+006 26.9624
405434 7.55479e+006 26.9589
405434 7.55479e+006 26.9678
405434 7.55479e+006 26.9624
405434 7.55479e+006 26.9589
405434 7.55479e+006 26.9453
405434 7.55479e+006 26.9453
405434 7.55479e+006 26.947
405434 7.55479e+006 26.9624
405434 7.55479e+006 26.9589
405434 7.55479e+006 26.9531
405434 7.55479e+006 26.9425
405434 7.55479e+006 26.9425
405434 7.55479e+006 26.9453
405434 7.55479e+006 26.9589
405434 7.55479e+006 26.9531
405434 7.55479e+006 26.9531
405434 7.55479e+006 26.9425
405434 7.55479e+006 26.9425
405434 7.55479e+006 26.9425
405434 7.55479e+006 26.9531
405434 7.55479e+006 26.9531
405434 7.55479e+006 26.9589
405434 7.55479e+006 26.9453
405434 7.55479e+006 26.9453
405434 7.55479e+006 26.9425
405434 7.55479e+006 26.9531
405434 7.55479e+006 26.9589
405434 7.55479e+006 26.9624
405434 7.55479e+006 26.947
405434 7.55479e+006 26.947
405434 7.55479e+006 26.9453
405434 7.55479e+006 26.9589
405434 7.55479e+006 26.947
405434 7.55479e+006 26.9453
405434 7.55479e+006 26.9294
405434 7.55479e+006 26.9294
405434 7.55479e+006 26.929
405434 7.55479e+006 26.947
405434 7.55479e+006 26.9453
405434 7.55479e+006 26.9425
405434 7.55479e+006 26.93
405434 7.55479e+006 26.93
405434 7.55479e+006 26.9294
405434 7.55479e+006 26.9453
405434 7.55479e+006 26.9425
405434 7.55479e+006 26.9425
405434 7.55479e+006 26.93
405434 7.55479e+006 26.93
405434 7.55479e+006 26.93
405434 7.55479e+006 26.9425
405434 7.55479e+006 26.9425
405434 7.55479e+006 26.9453
405434 7.55479e+006 26.9294
405434 7.55479e+006 26.9294
405434 7.55479e+006 26.93
405434 7.55479e+006 26.9425
405434 7.55479e+006 26.9453
405434 7.55479e+006 26.947
405434 7.55479e+006 26.929
405434 7.55479e+006 26.929
405434 7.55479e+006 26.9294
405434 7.55479e+006 26.9453
405434 7.55479e+006 26.929
405434 7.55479e+006 26.9294
405434 7.55479e+006 26.914
405434 7.55479e+006 26.914
405434 7.55479e+006 26.9116
405434 7.55479e+006 26.929
405434 7.55479e+006 26.9294
405434 7.55479e+006 26.93
405434 7.55479e+006 26.9179
405434 7.55479e+006 26.9179
405434 7.55479e+006 26.914
405434 7.55479e+006 26.9294
405434 7.55479e+006 26.93
405434 7.55479e+006 26.93
405434 7.55479e+006 26.9179
405434 7.55479e+006 26.9179
405434 7.55479e+006 26.9179
405434 7.55479e+006 26.93
405434 7.55479e+006 26.93
405434 7.55479e+006 26.9294
405434 7.55479e+006 26.914
405434 7.55479e+006 26.914
405434 7.55479e+006 26.9179
405434 7.55479e+006 26.93
405434 7.55479e+006 26.9294
405434 7.55479e+006 26.929
405434 7.55479e+006 26.9116
405434 7.55479e+006 26.9116
405434 7.55479e+006 26.914
405434 7.55479e+006 26.9294
405434 7.55479e+006 26.9116
405434 7.55479e+006 26.914
405434 7.55479e+006 26.9017
405434 7.55479e+006 26.9017
405434 7.55479e+006 26.8977
405434 7.55479e+006 26.9116
405434 7.55479e+006 26.914
405434 7.55479e+006 26.9179
405434 7.55479e+006 26.9082
405434 7.55479e+006 26.9082
405434 7.55479e+006 26.9017
405434 7.55479e+006 26.914
405434 7.55479e+006 26.9179
405434 7.55479e+006 26.9179
405434 7.55479e+006 26.9082
405434 7.55479e+006 26.9082
405434 7.55479e+006 26.9082
405434 7.55479e+006 26.9179
405434 7.55479e+006 26.9179
405434 7.55479e+006 26.914
405434 7.55479e+006 26.9017
405434 7.55479e+006 26.9017
405434 7.55479e+006 26.9082
405434 7.55479e+006 26.9179
405434 7.55479e+006 26.914
405434 7.55479e+006 26.9116
405434 7.55479e+006 26.8977
405434 7.55479e+006 26.8977
405434 7.55479e+006 26.9017
405434 7.55479e+006 26.914
405434 7.55479e+006 26.8977
405434 7.55479e+006 26.9017
405434 7.55479e+006 26.8947
405434 7.55479e+006 26.8947
405434 7.55479e+006 26.8897
405434 7.55479e+006 26.8977
405434 7.55479e+006 26.9017
405434 7.55479e+006 26.9082
405434 7.55479e+006 26.9027
405434 7.55479e+006 26.9027
405434 7.55479e+006 26.8947
405434 7.55479e+006 26.9017
405434 7.55479e+006 26.9082
405434 7.55479e+006 26.9082
405434 7.55479e+006 26.9027
405434 7.55479e+006 26.9027
405434 7.55479e+006 26.9027
405434 7.55479e+006 26.9082
405434 7.55479e+006 26.9082
405434 7.55479e+006 26.9017
405434 7.55479e+006 26.8947
405434 7.55479e+006 26.8947
405434 7.55479e+006 26.9027
405434 7.55479e+006 26.9082
405434 7.55479e+006 26.9017
405434 7.55479e+006 26.8977
405434 7.55479e+006 26.8897
405434 7.55479e+006 26.8897
405434 7.55479e+006 26.8947
405434 7.55479e+006 26.9017
405434 7.55479e+006 26.8897
405434 7.55479e+006 26.8947
405434 7.55479e+006 26.8941
405434 7.55479e+006 26.8941
405434 7.55479e+006 26.8891
405434 7.55479e+006 26.8897
405434 7.55479e+006 26.8947
405434 7.55479e+006 26.9027
405434 7.55479e+006 26.9022
405434 7.55479e+006 26.9022
405434 7.55479e+006 26.8941
405434 7.55479e+006 26.8947
405434 7.55479e+006 26.9027
405434 7.55479e+006 26.9027
405434 7.55479e+006 26.9022
405434 7.55479e+006 26.9022
405434 7.55479e+006 26.9022
405434 7.55479e+006 26.9027
405434 7.55479e+006 26.9027
405434 7.55479e+006 26.8947
405434 7.55479e+006 26.8941
405434 7.55479e+006 26.8941
405434 7.55479e+006 26.9022
405434 7.55479e+006 26.9027
405434 7.55479e+006 26.8947
405434 7.55479e+006 26.8897
405434 7.55479e+006 26.8891
405434 7.55479e+006 26.8891
405434 7.55479e+006 26.8941
405434 7.55479e+006 26.8947
405434 7.55479e+006 26.8891
405434 7.55479e+006 26.8941
405434 7.55479e+006 26.9001
405434 7.55479e+006 26.9001
405434 7.55479e+006 26.8959
405434 7.55479e+006 26.8891
405434 7.55479e+006 26.8941
405434 7.55479e+006 26.9022
405434 7.55479e+006 26.907
405434 7.55479e+006 26.907
405434 7.55479e+006 26.9001
405434 7.55479e+006 26.8941
405434 7.55479e+006 26.9022
405434 7.55479e+006 26.9022
405434 7.55479e+006 26.907
405434 7.55479e+006 26.907
405434 7.55479e+006 26.907
405434 7.55479e+006 26.9022
405434 7.55479e+006 26.9022
405434 7.55479e+006 26.8941
405434 7.55479e+006 26.9001
405434 7.55479e+006 26.9001
405434 7.55479e+006 26.907
405434 7.55479e+006 26.9022
405434 7.55479e+006 26.8941
405434 7.55479e+006 26.8891
405434 7.55479e+006 26.8959
405434 7.55479e+006 26.8959
405434 7.55479e+006 26.9001
405434 7.55479e+006 26.8941
405434 7.55479e+006 26.8959
405434 7.55479e+006 26.9001
405434 7.55479e+006 26.9117
405434 7.55479e+006 26.9117
405434 7.55479e+006 26.909
405434 7.55479e+006 26.8959
405434 7.55479e+006 26.9001
405434 7.55479e+006 26.907
405434 7.55479e+006 26.916
405434 7.55479e+006 26.916
405434 7.55479e+006 26.9117
405434 7.55479e+006 26.9001
405434 7.55479e+006 26.907
405434 7.55479e+006 26.907
405434 7.55479e+006 26.916
405434 7.55479e+006 26.916
405434 7.55479e+006 26.916
405434 7.55479e+006 26.907
405434 7.55479e+006 26.907
405434 7.55479e+006 26.9001
405434 7.55479e+006 26.9117
405434 7.55479e+006 26.9117
405434 7.55479e+006 26.916
405434 7.55479e+006 26.907
405434 7.55479e+006 26.9001
405434 7.55479e+006 26.8959
405434 7.55479e+006 26.909
405434 7.55479e+006 26.909
405434 7.55479e+006 26.9117
405434 7.55479e+006 26.9001
405434 7.55479e+006 26.909
405434 7.55479e+006 26.9117
405434 7.55479e+006 26.9267
405434 7.55479e+006 26.9267
405434 7.55479e+006 26.926
405434 7.55479e+006 26.909
405434 7.55479e+006 26.9117
405434 7.55479e+006 26.916
405434 7.55479e+006 26.9279
405434 7.55479e+006 26.9279
405434 7.55479e+006 26.9267
405434 7.55479e+006 26.9117
405434 7.55479e+006 26.916
405434 7.55479e+006 26.916
405434 7.55479e+006 26.9279
405434 7.55479e+006 26.9279
405434 7.55479e+006 26.9279
405434 7.55479e+006 26.916
405434 7.55479e+006 26.916
405434 7.55479e+006 26.9117
405434 7.55479e+006 26.9267
405434 7.55479e+006 26.9267
405434 7.55479e+006 26.9279
405434 7.55479e+006 26.916
405434 7.55479e+006 26.9117
405434 7.55479e+006 26.909
405434 7.55479e+006 26.926
405434 7.55479e+006 26.926
405434 7.55479e+006 26.9267
405434 7.55479e+006 26.9117
405434 7.55479e+006 26.926
405434 7.55479e+006 26.9267
405434 7.55479e+006 26.9427
405434 7.55479e+006 26.9427
405434 7.55479e+006 26.9441
405434 7.55479e+006 26.926
405434 7.55479e+006 26.9267
405434 7.55479e+006 26.9279
405434 7.55479e+006 26.9404
405434 7.55479e+006 26.9404
405434 7.55479e+006 26.9427
405434 7.55479e+006 26.9267
405434 7.55479e+006 26.9279
405434 7.55479e+006 26.9279
405434 7.55479e+006 26.9404
405434 7.55479e+006 26.9404
405434 7.55479e+006 26.9404
405434 7.55479e+006 26.9279
405434 7.55479e+006 26.9279
405434 7.55479e+006 26.9267
405434 7.55479e+006 26.9427
405434 7.55479e+006 26.9427
405434 7.55479e+006 26.9404
405434 7.55479e+006 26.9279
405434 7.55479e+006 26.9267
405434 7.55479e+006 26.926
405434 7.55479e+006 26.9441
405434 7.55479e+006 26.9441
405434 7.55479e+006 26.9427
405434 7.55479e+006 26.9267
405434 7.55479e+006 26.9441
405434 7.55479e+006 26.9427
405434 7.55479e+006 26.9569
405434 7.55479e+006 26.9569
405434 7.55479e+006 26.9602
405434 7.55479e+006 26.9441
405434 7.55479e+006 26.9427
405434 7.55479e+006 26.9404
405434 7.55479e+006 26.9516
405434 7.55479e+006 26.9516
405434 7.55479e+006 26.9569
405434 7.55479e+006 26.9427
405434 7.55479e+006 26.9404
405434 7.55479e+006 26.9404
405434 7.55479e+006 26.9516
405434 7.55479e+006 26.9516
405434 7.55479e+006 26.9516
405434 7.55479e+006 26.9404
405434 7.55479e+006 26.9404
405434 7.55479e+006 26.9427
405434 7.55479e+006 26.9569
405434 7.55479e+006 26.9569
405434 7.55479e+006 26.9516
405434 7.55479e+006 26.9404
405434 7.55479e+006 26.9427
405434 7.55479e+006 26.9441
405434 7.55479e+006 26.9602
405434 7.55479e+006 26.9602
405434 7.55479e+006 26.9569
405434 7.55479e+006 26.9427
405434 7.55479e+006 27.128
405434 7.55479e+006 26.9506
405434 7.55479e+006 26.959
405434 7.55479e+006 26.959
405434 7.55479e+006 27.1364
405434 7.55479e+006 27.128
405434 7.55479e+006 27.1364
405434 7.55479e+006 26.959
405434 7.55479e+006 26.9592
405434 7.55479e+006 26.9592
405434 7.55479e+006 27.1366
405434 7.55479e+006 27.1364
405434 7.55479e+006 27.1366
405434 7.55479e+006 26.9592
405434 7.55479e+006 26.9509
405434 7.55479e+006 26.9509
405434 7.55479e+006 27.1284
405434 7.55479e+006 27.1366
405434 7.55479e+006 27.1284
405434 7.55479e+006 26.9509
405434 7.55479e+006 26.9456
405434 7.55479e+006 26.9456
405434 7.55479e+006 27.123
405434 7.55479e+006 27.1284
405434 7.55479e+006 27.123
405434 7.55479e+006 26.9456
405434 7.55479e+006 26.9506
405434 7.55479e+006 26.9506
405434 7.55479e+006 27.128
405434 7.55479e+006 27.123
