405437 7.5548e+006 25.666
405437 7.5548e+006 25.677
405437 7.5548e+006 25.7377
405437 7.5548e+006 25.7377
405437 7.5548e+006 25.7294
405437 7.5548e+006 25.666
405437 7.5548e+006 25.677
405437 7.5548e+006 25.6881
405437 7.5548e+006 25.746
405437 7.5548e+006 25.746
405437 7.5548e+006 25.7377
405437 7.5548e+006 25.677
405437 7.5548e+006 25.6881
405437 7.5548e+006 25.677
405437 7.5548e+006 25.7377
405437 7.5548e+006 25.7377
405437 7.5548e+006 25.746
405437 7.5548e+006 25.6881
405437 7.5548e+006 25.677
405437 7.5548e+006 25.666
405437 7.5548e+006 25.7294
405437 7.5548e+006 25.7294
405437 7.5548e+006 25.7377
405437 7.5548e+006 25.677
405437 7.5548e+006 25.7294
405437 7.5548e+006 25.7377
405437 7.5548e+006 25.8107
405437 7.5548e+006 25.8107
405437 7.5548e+006 25.8057
405437 7.5548e+006 25.7294
405437 7.5548e+006 25.7377
405437 7.5548e+006 25.746
405437 7.5548e+006 25.8156
405437 7.5548e+006 25.8156
405437 7.5548e+006 25.8107
405437 7.5548e+006 25.7377
405437 7.5548e+006 25.746
405437 7.5548e+006 25.7377
405437 7.5548e+006 25.8107
405437 7.5548e+006 25.8107
405437 7.5548e+006 25.8156
405437 7.5548e+006 25.746
405437 7.5548e+006 25.7377
405437 7.5548e+006 25.7294
405437 7.5548e+006 25.8057
405437 7.5548e+006 25.8057
405437 7.5548e+006 25.8107
405437 7.5548e+006 25.7377
405437 7.5548e+006 25.8057
405437 7.5548e+006 25.8107
405437 7.5548e+006 25.891
405437 7.5548e+006 25.891
405437 7.5548e+006 25.8897
405437 7.5548e+006 25.8057
405437 7.5548e+006 25.8107
405437 7.5548e+006 25.8156
405437 7.5548e+006 25.8922
405437 7.5548e+006 25.8922
405437 7.5548e+006 25.891
405437 7.5548e+006 25.8107
405437 7.5548e+006 25.8156
405437 7.5548e+006 25.8107
405437 7.5548e+006 25.891
405437 7.5548e+006 25.891
405437 7.5548e+006 25.8922
405437 7.5548e+006 25.8156
405437 7.5548e+006 25.8107
405437 7.5548e+006 25.8057
405437 7.5548e+006 25.8897
405437 7.5548e+006 25.8897
405437 7.5548e+006 25.891
405437 7.5548e+006 25.8107
405437 7.5548e+006 25.8897
405437 7.5548e+006 25.891
405437 7.5548e+006 25.9732
405437 7.5548e+006 25.9732
405437 7.5548e+006 25.9757
405437 7.5548e+006 25.8897
405437 7.5548e+006 25.891
405437 7.5548e+006 25.8922
405437 7.5548e+006 25.9707
405437 7.5548e+006 25.9707
405437 7.5548e+006 25.9732
405437 7.5548e+006 25.891
405437 7.5548e+006 25.8922
405437 7.5548e+006 25.891
405437 7.5548e+006 25.9732
405437 7.5548e+006 25.9732
405437 7.5548e+006 25.9707
405437 7.5548e+006 25.8922
405437 7.5548e+006 25.891
405437 7.5548e+006 25.8897
405437 7.5548e+006 25.9757
405437 7.5548e+006 25.9757
405437 7.5548e+006 25.9732
405437 7.5548e+006 25.891
405437 7.5548e+006 25.9757
405437 7.5548e+006 25.9732
405437 7.5548e+006 26.0516
405437 7.5548e+006 26.0516
405437 7.5548e+006 26.0577
405437 7.5548e+006 25.9757
405437 7.5548e+006 25.9732
405437 7.5548e+006 25.9707
405437 7.5548e+006 26.0455
405437 7.5548e+006 26.0455
405437 7.5548e+006 26.0516
405437 7.5548e+006 25.9732
405437 7.5548e+006 25.9707
405437 7.5548e+006 25.9732
405437 7.5548e+006 26.0516
405437 7.5548e+006 26.0516
405437 7.5548e+006 26.0455
405437 7.5548e+006 25.9707
405437 7.5548e+006 25.9732
405437 7.5548e+006 25.9757
405437 7.5548e+006 26.0577
405437 7.5548e+006 26.0577
405437 7.5548e+006 26.0516
405437 7.5548e+006 25.9732
405437 7.5548e+006 26.0577
405437 7.5548e+006 26.0516
405437 7.5548e+006 26.121
405437 7.5548e+006 26.121
405437 7.5548e+006 26.1303
405437 7.5548e+006 26.0577
405437 7.5548e+006 26.0516
405437 7.5548e+006 26.0455
405437 7.5548e+006 26.1117
405437 7.5548e+006 26.1117
405437 7.5548e+006 26.121
405437 7.5548e+006 26.0516
405437 7.5548e+006 26.0455
405437 7.5548e+006 26.0516
405437 7.5548e+006 26.121
405437 7.5548e+006 26.121
405437 7.5548e+006 26.1117
405437 7.5548e+006 26.0455
405437 7.5548e+006 26.0516
405437 7.5548e+006 26.0577
405437 7.5548e+006 26.1303
405437 7.5548e+006 26.1303
405437 7.5548e+006 26.121
405437 7.5548e+006 26.0516
405437 7.5548e+006 26.1303
405437 7.5548e+006 26.121
405437 7.5548e+006 26.1766
405437 7.5548e+006 26.1766
405437 7.5548e+006 26.1884
405437 7.5548e+006 26.1303
405437 7.5548e+006 26.121
405437 7.5548e+006 26.1117
405437 7.5548e+006 26.1648
405437 7.5548e+006 26.1648
405437 7.5548e+006 26.1766
405437 7.5548e+006 26.121
405437 7.5548e+006 26.1117
405437 7.5548e+006 26.121
405437 7.5548e+006 26.1766
405437 7.5548e+006 26.1766
405437 7.5548e+006 26.1648
405437 7.5548e+006 26.1117
405437 7.5548e+006 26.121
405437 7.5548e+006 26.1303
405437 7.5548e+006 26.1884
405437 7.5548e+006 26.1884
405437 7.5548e+006 26.1766
405437 7.5548e+006 26.121
405437 7.5548e+006 26.1884
405437 7.5548e+006 26.1766
405437 7.5548e+006 26.2146
405437 7.5548e+006 26.2146
405437 7.5548e+006 26.2281
405437 7.5548e+006 26.1884
405437 7.5548e+006 26.1766
405437 7.5548e+006 26.1648
405437 7.5548e+006 26.201
405437 7.5548e+006 26.201
405437 7.5548e+006 26.2146
405437 7.5548e+006 26.1766
405437 7.5548e+006 26.1648
405437 7.5548e+006 26.1766
405437 7.5548e+006 26.2146
405437 7.5548e+006 26.2146
405437 7.5548e+006 26.201
405437 7.5548e+006 26.1648
405437 7.5548e+006 26.1766
405437 7.5548e+006 26.1884
405437 7.5548e+006 26.2281
405437 7.5548e+006 26.2281
405437 7.5548e+006 26.2146
405437 7.5548e+006 26.1766
405437 7.5548e+006 26.2281
405437 7.5548e+006 26.2146
405437 7.5548e+006 26.2324
405437 7.5548e+006 26.2324
405437 7.5548e+006 26.2467
405437 7.5548e+006 26.2281
405437 7.5548e+006 26.2146
405437 7.5548e+006 26.201
405437 7.5548e+006 26.218
405437 7.5548e+006 26.218
405437 7.5548e+006 26.2324
405437 7.5548e+006 26.2146
405437 7.5548e+006 26.201
405437 7.5548e+006 26.2146
405437 7.5548e+006 26.2324
405437 7.5548e+006 26.2324
405437 7.5548e+006 26.218
405437 7.5548e+006 26.201
405437 7.5548e+006 26.2146
405437 7.5548e+006 26.2281
405437 7.5548e+006 26.2467
405437 7.5548e+006 26.2467
405437 7.5548e+006 26.2324
405437 7.5548e+006 26.2146
405437 7.5548e+006 26.2467
405437 7.5548e+006 26.2324
405437 7.5548e+006 26.2288
405437 7.5548e+006 26.2288
405437 7.5548e+006 26.243
405437 7.5548e+006 26.2467
405437 7.5548e+006 26.2324
405437 7.5548e+006 26.218
405437 7.5548e+006 26.2146
405437 7.5548e+006 26.2146
405437 7.5548e+006 26.2288
405437 7.5548e+006 26.2324
405437 7.5548e+006 26.218
405437 7.5548e+006 26.2324
405437 7.5548e+006 26.2288
405437 7.5548e+006 26.2288
405437 7.5548e+006 26.2146
405437 7.5548e+006 26.218
405437 7.5548e+006 26.2324
405437 7.5548e+006 26.2467
405437 7.5548e+006 26.243
405437 7.5548e+006 26.243
405437 7.5548e+006 26.2288
405437 7.5548e+006 26.2324
405437 7.5548e+006 26.243
405437 7.5548e+006 26.2288
405437 7.5548e+006 26.204
405437 7.5548e+006 26.204
405437 7.5548e+006 26.2171
405437 7.5548e+006 26.243
405437 7.5548e+006 26.2288
405437 7.5548e+006 26.2146
405437 7.5548e+006 26.191
405437 7.5548e+006 26.191
405437 7.5548e+006 26.204
405437 7.5548e+006 26.2288
405437 7.5548e+006 26.2146
405437 7.5548e+006 26.2288
405437 7.5548e+006 26.204
405437 7.5548e+006 26.204
405437 7.5548e+006 26.191
405437 7.5548e+006 26.2146
405437 7.5548e+006 26.2288
405437 7.5548e+006 26.243
405437 7.5548e+006 26.2171
405437 7.5548e+006 26.2171
405437 7.5548e+006 26.204
405437 7.5548e+006 26.2288
405437 7.5548e+006 26.2171
405437 7.5548e+006 26.204
405437 7.5548e+006 26.1598
405437 7.5548e+006 26.1598
405437 7.5548e+006 26.1709
405437 7.5548e+006 26.2171
405437 7.5548e+006 26.204
405437 7.5548e+006 26.191
405437 7.5548e+006 26.1488
405437 7.5548e+006 26.1488
405437 7.5548e+006 26.1598
405437 7.5548e+006 26.204
405437 7.5548e+006 26.191
405437 7.5548e+006 26.204
405437 7.5548e+006 26.1598
405437 7.5548e+006 26.1598
405437 7.5548e+006 26.1488
405437 7.5548e+006 26.191
405437 7.5548e+006 26.204
405437 7.5548e+006 26.2171
405437 7.5548e+006 26.1709
405437 7.5548e+006 26.1709
405437 7.5548e+006 26.1598
405437 7.5548e+006 26.204
405437 7.5548e+006 26.1709
405437 7.5548e+006 26.1598
405437 7.5548e+006 26.0992
405437 7.5548e+006 26.0992
405437 7.5548e+006 26.1075
405437 7.5548e+006 26.1709
405437 7.5548e+006 26.1598
405437 7.5548e+006 26.1488
405437 7.5548e+006 26.0909
405437 7.5548e+006 26.0909
405437 7.5548e+006 26.0992
405437 7.5548e+006 26.1598
405437 7.5548e+006 26.1488
405437 7.5548e+006 26.1598
405437 7.5548e+006 26.0992
405437 7.5548e+006 26.0992
405437 7.5548e+006 26.0909
405437 7.5548e+006 26.1488
405437 7.5548e+006 26.1598
405437 7.5548e+006 26.1709
405437 7.5548e+006 26.1075
405437 7.5548e+006 26.1075
405437 7.5548e+006 26.0992
405437 7.5548e+006 26.1598
405437 7.5548e+006 26.1075
405437 7.5548e+006 26.0992
405437 7.5548e+006 26.0262
405437 7.5548e+006 26.0262
405437 7.5548e+006 26.0312
405437 7.5548e+006 26.1075
405437 7.5548e+006 26.0992
405437 7.5548e+006 26.0909
405437 7.5548e+006 26.0213
405437 7.5548e+006 26.0213
405437 7.5548e+006 26.0262
405437 7.5548e+006 26.0992
405437 7.5548e+006 26.0909
405437 7.5548e+006 26.0992
405437 7.5548e+006 26.0262
405437 7.5548e+006 26.0262
405437 7.5548e+006 26.0213
405437 7.5548e+006 26.0909
405437 7.5548e+006 26.0992
405437 7.5548e+006 26.1075
405437 7.5548e+006 26.0312
405437 7.5548e+006 26.0312
405437 7.5548e+006 26.0262
405437 7.5548e+006 26.0992
405437 7.5548e+006 26.0312
405437 7.5548e+006 26.0262
405437 7.5548e+006 25.9459
405437 7.5548e+006 25.9459
405437 7.5548e+006 25.9472
405437 7.5548e+006 26.0312
405437 7.5548e+006 26.0262
405437 7.5548e+006 26.0213
405437 7.5548e+006 25.9446
405437 7.5548e+006 25.9446
405437 7.5548e+006 25.9459
405437 7.5548e+006 26.0262
405437 7.5548e+006 26.0213
405437 7.5548e+006 26.0262
405437 7.5548e+006 25.9459
405437 7.5548e+006 25.9459
405437 7.5548e+006 25.9446
405437 7.5548e+006 26.0213
405437 7.5548e+006 26.0262
405437 7.5548e+006 26.0312
405437 7.5548e+006 25.9472
405437 7.5548e+006 25.9472
405437 7.5548e+006 25.9459
405437 7.5548e+006 26.0262
405437 7.5548e+006 25.9472
405437 7.5548e+006 25.9459
405437 7.5548e+006 25.8637
405437 7.5548e+006 25.8637
405437 7.5548e+006 25.8612
405437 7.5548e+006 25.9472
405437 7.5548e+006 25.9459
405437 7.5548e+006 25.9446
405437 7.5548e+006 25.8662
405437 7.5548e+006 25.8662
405437 7.5548e+006 25.8637
405437 7.5548e+006 25.9459
405437 7.5548e+006 25.9446
405437 7.5548e+006 25.9459
405437 7.5548e+006 25.8637
405437 7.5548e+006 25.8637
405437 7.5548e+006 25.8662
405437 7.5548e+006 25.9446
405437 7.5548e+006 25.9459
405437 7.5548e+006 25.9472
405437 7.5548e+006 25.8612
405437 7.5548e+006 25.8612
405437 7.5548e+006 25.8637
405437 7.5548e+006 25.9459
405437 7.5548e+006 25.8612
405437 7.5548e+006 25.8637
405437 7.5548e+006 25.7853
405437 7.5548e+006 25.7853
405437 7.5548e+006 25.7792
405437 7.5548e+006 25.8612
405437 7.5548e+006 25.8637
405437 7.5548e+006 25.8662
405437 7.5548e+006 25.7914
405437 7.5548e+006 25.7914
405437 7.5548e+006 25.7853
405437 7.5548e+006 25.8637
405437 7.5548e+006 25.8662
405437 7.5548e+006 25.8637
405437 7.5548e+006 25.7853
405437 7.5548e+006 25.7853
405437 7.5548e+006 25.7914
405437 7.5548e+006 25.8662
405437 7.5548e+006 25.8637
405437 7.5548e+006 25.8612
405437 7.5548e+006 25.7792
405437 7.5548e+006 25.7792
405437 7.5548e+006 25.7853
405437 7.5548e+006 25.8637
405437 7.5548e+006 25.7792
405437 7.5548e+006 25.7853
405437 7.5548e+006 25.7159
405437 7.5548e+006 25.7159
405437 7.5548e+006 25.7066
405437 7.5548e+006 25.7792
405437 7.5548e+006 25.7853
405437 7.5548e+006 25.7914
405437 7.5548e+006 25.7251
405437 7.5548e+006 25.7251
405437 7.5548e+006 25.7159
405437 7.5548e+006 25.7853
405437 7.5548e+006 25.7914
405437 7.5548e+006 25.7853
405437 7.5548e+006 25.7159
405437 7.5548e+006 25.7159
405437 7.5548e+006 25.7251
405437 7.5548e+006 25.7914
405437 7.5548e+006 25.7853
405437 7.5548e+006 25.7792
405437 7.5548e+006 25.7066
405437 7.5548e+006 25.7066
405437 7.5548e+006 25.7159
405437 7.5548e+006 25.7853
405437 7.5548e+006 25.7066
405437 7.5548e+006 25.7159
405437 7.5548e+006 25.6603
405437 7.5548e+006 25.6603
405437 7.5548e+006 25.6485
405437 7.5548e+006 25.7066
405437 7.5548e+006 25.7159
405437 7.5548e+006 25.7251
405437 7.5548e+006 25.6721
405437 7.5548e+006 25.6721
405437 7.5548e+006 25.6603
405437 7.5548e+006 25.7159
405437 7.5548e+006 25.7251
405437 7.5548e+006 25.7159
405437 7.5548e+006 25.6603
405437 7.5548e+006 25.6603
405437 7.5548e+006 25.6721
405437 7.5548e+006 25.7251
405437 7.5548e+006 25.7159
405437 7.5548e+006 25.7066
405437 7.5548e+006 25.6485
405437 7.5548e+006 25.6485
405437 7.5548e+006 25.6603
405437 7.5548e+006 25.7159
405437 7.5548e+006 25.6485
405437 7.5548e+006 25.6603
405437 7.5548e+006 25.6223
405437 7.5548e+006 25.6223
405437 7.5548e+006 25.6087
405437 7.5548e+006 25.6485
405437 7.5548e+006 25.6603
405437 7.5548e+006 25.6721
405437 7.5548e+006 25.6359
405437 7.5548e+006 25.6359
405437 7.5548e+006 25.6223
405437 7.5548e+006 25.6603
405437 7.5548e+006 25.6721
405437 7.5548e+006 25.6603
405437 7.5548e+006 25.6223
405437 7.5548e+006 25.6223
405437 7.5548e+006 25.6359
405437 7.5548e+006 25.6721
405437 7.5548e+006 25.6603
405437 7.5548e+006 25.6485
405437 7.5548e+006 25.6087
405437 7.5548e+006 25.6087
405437 7.5548e+006 25.6223
405437 7.5548e+006 25.6603
405437 7.5548e+006 25.6087
405437 7.5548e+006 25.6223
405437 7.5548e+006 25.6045
405437 7.5548e+006 25.6045
405437 7.5548e+006 25.5901
405437 7.5548e+006 25.6087
405437 7.5548e+006 25.6223
405437 7.5548e+006 25.6359
405437 7.5548e+006 25.6189
405437 7.5548e+006 25.6189
405437 7.5548e+006 25.6045
405437 7.5548e+006 25.6223
405437 7.5548e+006 25.6359
405437 7.5548e+006 25.6223
405437 7.5548e+006 25.6045
405437 7.5548e+006 25.6045
405437 7.5548e+006 25.6189
405437 7.5548e+006 25.6359
405437 7.5548e+006 25.6223
405437 7.5548e+006 25.6087
405437 7.5548e+006 25.5901
405437 7.5548e+006 25.5901
405437 7.5548e+006 25.6045
405437 7.5548e+006 25.6223
405437 7.5548e+006 25.5901
405437 7.5548e+006 25.6045
405437 7.5548e+006 25.6081
405437 7.5548e+006 25.6081
405437 7.5548e+006 25.5939
405437 7.5548e+006 25.5901
405437 7.5548e+006 25.6045
405437 7.5548e+006 25.6189
405437 7.5548e+006 25.6223
405437 7.5548e+006 25.6223
405437 7.5548e+006 25.6081
405437 7.5548e+006 25.6045
405437 7.5548e+006 25.6189
405437 7.5548e+006 25.6045
405437 7.5548e+006 25.6081
405437 7.5548e+006 25.6081
405437 7.5548e+006 25.6223
405437 7.5548e+006 25.6189
405437 7.5548e+006 25.6045
405437 7.5548e+006 25.5901
405437 7.5548e+006 25.5939
405437 7.5548e+006 25.5939
405437 7.5548e+006 25.6081
405437 7.5548e+006 25.6045
405437 7.5548e+006 25.5939
405437 7.5548e+006 25.6081
405437 7.5548e+006 25.6328
405437 7.5548e+006 25.6328
405437 7.5548e+006 25.6198
405437 7.5548e+006 25.5939
405437 7.5548e+006 25.6081
405437 7.5548e+006 25.6223
405437 7.5548e+006 25.6459
405437 7.5548e+006 25.6459
405437 7.5548e+006 25.6328
405437 7.5548e+006 25.6081
405437 7.5548e+006 25.6223
405437 7.5548e+006 25.6081
405437 7.5548e+006 25.6328
405437 7.5548e+006 25.6328
405437 7.5548e+006 25.6459
405437 7.5548e+006 25.6223
405437 7.5548e+006 25.6081
405437 7.5548e+006 25.5939
405437 7.5548e+006 25.6198
405437 7.5548e+006 25.6198
405437 7.5548e+006 25.6328
405437 7.5548e+006 25.6081
405437 7.5548e+006 25.6198
405437 7.5548e+006 25.6328
405437 7.5548e+006 25.677
405437 7.5548e+006 25.677
405437 7.5548e+006 25.666
405437 7.5548e+006 25.6198
405437 7.5548e+006 25.6328
405437 7.5548e+006 25.6459
405437 7.5548e+006 25.6881
405437 7.5548e+006 25.6881
405437 7.5548e+006 25.677
405437 7.5548e+006 25.6328
405437 7.5548e+006 25.6459
405437 7.5548e+006 25.6328
405437 7.5548e+006 25.677
405437 7.5548e+006 25.677
405437 7.5548e+006 25.6881
405437 7.5548e+006 25.6459
405437 7.5548e+006 25.6328
405437 7.5548e+006 25.6198
405437 7.5548e+006 25.666
405437 7.5548e+006 25.666
405437 7.5548e+006 25.677
405437 7.5548e+006 25.6328
405437 7.5548e+006 26.1133
405437 7.5548e+006 25.936
405437 7.5548e+006 25.9442
405437 7.5548e+006 25.9442
405437 7.5548e+006 26.1216
405437 7.5548e+006 26.1133
405437 7.5548e+006 26.1133
405437 7.5548e+006 26.1136
405437 7.5548e+006 25.9362
405437 7.5548e+006 25.9362
405437 7.5548e+006 25.936
405437 7.5548e+006 26.1133
405437 7.5548e+006 26.1136
405437 7.5548e+006 26.122
405437 7.5548e+006 25.9446
405437 7.5548e+006 25.9446
405437 7.5548e+006 25.9362
405437 7.5548e+006 26.1136
405437 7.5548e+006 26.122
405437 7.5548e+006 26.1269
405437 7.5548e+006 25.9496
405437 7.5548e+006 25.9496
405437 7.5548e+006 25.9446
405437 7.5548e+006 26.122
405437 7.5548e+006 26.1269
405437 7.5548e+006 26.1216
405437 7.5548e+006 25.9442
405437 7.5548e+006 25.9442
405437 7.5548e+006 25.9496
405437 7.5548e+006 26.1269
405437 7.5548e+006 26.1558
405437 7.5548e+006 25.9447
405437 7.5548e+006 25.9378
405437 7.5548e+006 25.9378
405437 7.5548e+006 26.1488
405437 7.5548e+006 26.1558
405437 7.5548e+006 26.1613
405437 7.5548e+006 25.9502
405437 7.5548e+006 25.9447
405437 7.5548e+006 25.9447
405437 7.5548e+006 26.1558
405437 7.5548e+006 26.1613
405437 7.5548e+006 26.1577
405437 7.5548e+006 25.9467
405437 7.5548e+006 25.9502
405437 7.5548e+006 25.9502
405437 7.5548e+006 26.1613
405437 7.5548e+006 26.1577
405437 7.5548e+006 26.15
405437 7.5548e+006 25.939
405437 7.5548e+006 25.9467
405437 7.5548e+006 25.9467
405437 7.5548e+006 26.1577
405437 7.5548e+006 26.15
405437 7.5548e+006 26.1488
405437 7.5548e+006 25.9378
405437 7.5548e+006 25.939
405437 7.5548e+006 25.939
405437 7.5548e+006 26.15
405437 7.5548e+006 26.1488
405437 7.5548e+006 25.7227
405437 7.5548e+006 25.8992
405437 7.5548e+006 25.8908
405437 7.5548e+006 25.8908
405437 7.5548e+006 25.7143
405437 7.5548e+006 25.7227
405437 7.5548e+006 25.7143
405437 7.5548e+006 25.8908
405437 7.5548e+006 25.8906
405437 7.5548e+006 25.8906
405437 7.5548e+006 25.714
405437 7.5548e+006 25.7143
405437 7.5548e+006 25.714
405437 7.5548e+006 25.8906
405437 7.5548e+006 25.8988
405437 7.5548e+006 25.8988
405437 7.5548e+006 25.7223
405437 7.5548e+006 25.714
405437 7.5548e+006 25.7223
405437 7.5548e+006 25.8988
405437 7.5548e+006 25.9042
405437 7.5548e+006 25.9042
405437 7.5548e+006 25.7277
405437 7.5548e+006 25.7223
405437 7.5548e+006 25.7277
405437 7.5548e+006 25.9042
405437 7.5548e+006 25.8992
405437 7.5548e+006 25.8992
405437 7.5548e+006 25.7227
405437 7.5548e+006 25.7277
405437 7.5548e+006 25.8992
405437 7.5548e+006 25.9042
405437 7.5548e+006 25.8988
405437 7.5548e+006 25.8992
405437 7.5548e+006 25.8988
405437 7.5548e+006 25.8906
405437 7.5548e+006 25.8992
405437 7.5548e+006 25.8906
405437 7.5548e+006 25.8908
405437 7.5548e+006 25.885
405437 7.5548e+006 25.8889
405437 7.5548e+006 25.9015
405437 7.5548e+006 25.9015
405437 7.5548e+006 25.8993
405437 7.5548e+006 25.885
405437 7.5548e+006 25.8889
405437 7.5548e+006 25.8952
405437 7.5548e+006 25.9052
405437 7.5548e+006 25.9052
405437 7.5548e+006 25.9015
405437 7.5548e+006 25.8889
405437 7.5548e+006 25.8952
405437 7.5548e+006 25.8952
405437 7.5548e+006 25.9052
405437 7.5548e+006 25.9052
405437 7.5548e+006 25.9052
405437 7.5548e+006 25.8952
405437 7.5548e+006 25.8952
405437 7.5548e+006 25.8889
405437 7.5548e+006 25.9015
405437 7.5548e+006 25.9015
405437 7.5548e+006 25.9052
405437 7.5548e+006 25.8952
405437 7.5548e+006 25.8889
405437 7.5548e+006 25.885
405437 7.5548e+006 25.8993
405437 7.5548e+006 25.8993
405437 7.5548e+006 25.9015
405437 7.5548e+006 25.8889
405437 7.5548e+006 25.8993
405437 7.5548e+006 25.9015
405437 7.5548e+006 25.9171
405437 7.5548e+006 25.9171
405437 7.5548e+006 25.9169
405437 7.5548e+006 25.8993
405437 7.5548e+006 25.9015
405437 7.5548e+006 25.9052
405437 7.5548e+006 25.9174
405437 7.5548e+006 25.9174
405437 7.5548e+006 25.9171
405437 7.5548e+006 25.9015
405437 7.5548e+006 25.9052
405437 7.5548e+006 25.9052
405437 7.5548e+006 25.9174
405437 7.5548e+006 25.9174
405437 7.5548e+006 25.9174
405437 7.5548e+006 25.9052
405437 7.5548e+006 25.9052
405437 7.5548e+006 25.9015
405437 7.5548e+006 25.9171
405437 7.5548e+006 25.9171
405437 7.5548e+006 25.9174
405437 7.5548e+006 25.9052
405437 7.5548e+006 25.9015
405437 7.5548e+006 25.8993
405437 7.5548e+006 25.9169
405437 7.5548e+006 25.9169
405437 7.5548e+006 25.9171
405437 7.5548e+006 25.9015
405437 7.5548e+006 25.9169
405437 7.5548e+006 25.9171
405437 7.5548e+006 25.9329
405437 7.5548e+006 25.9329
405437 7.5548e+006 25.9348
405437 7.5548e+006 25.9169
405437 7.5548e+006 25.9171
405437 7.5548e+006 25.9174
405437 7.5548e+006 25.9298
405437 7.5548e+006 25.9298
405437 7.5548e+006 25.9329
405437 7.5548e+006 25.9171
405437 7.5548e+006 25.9174
405437 7.5548e+006 25.9174
405437 7.5548e+006 25.9298
405437 7.5548e+006 25.9298
405437 7.5548e+006 25.9298
405437 7.5548e+006 25.9174
405437 7.5548e+006 25.9174
405437 7.5548e+006 25.9171
405437 7.5548e+006 25.9329
405437 7.5548e+006 25.9329
405437 7.5548e+006 25.9298
405437 7.5548e+006 25.9174
405437 7.5548e+006 25.9171
405437 7.5548e+006 25.9169
405437 7.5548e+006 25.9348
405437 7.5548e+006 25.9348
405437 7.5548e+006 25.9329
405437 7.5548e+006 25.9171
405437 7.5548e+006 25.9348
405437 7.5548e+006 25.9329
405437 7.5548e+006 25.9462
405437 7.5548e+006 25.9462
405437 7.5548e+006 25.9498
405437 7.5548e+006 25.9348
405437 7.5548e+006 25.9329
405437 7.5548e+006 25.9298
405437 7.5548e+006 25.9402
405437 7.5548e+006 25.9402
405437 7.5548e+006 25.9462
405437 7.5548e+006 25.9329
405437 7.5548e+006 25.9298
405437 7.5548e+006 25.9298
405437 7.5548e+006 25.9402
405437 7.5548e+006 25.9402
405437 7.5548e+006 25.9402
405437 7.5548e+006 25.9298
405437 7.5548e+006 25.9298
405437 7.5548e+006 25.9329
405437 7.5548e+006 25.9462
405437 7.5548e+006 25.9462
405437 7.5548e+006 25.9402
405437 7.5548e+006 25.9298
405437 7.5548e+006 25.9329
405437 7.5548e+006 25.9348
405437 7.5548e+006 25.9498
405437 7.5548e+006 25.9498
405437 7.5548e+006 25.9462
405437 7.5548e+006 25.9329
405437 7.5548e+006 25.9498
405437 7.5548e+006 25.9462
405437 7.5548e+006 25.9547
405437 7.5548e+006 25.9547
405437 7.5548e+006 25.9595
405437 7.5548e+006 25.9498
405437 7.5548e+006 25.9462
405437 7.5548e+006 25.9402
405437 7.5548e+006 25.9469
405437 7.5548e+006 25.9469
405437 7.5548e+006 25.9547
405437 7.5548e+006 25.9462
405437 7.5548e+006 25.9402
405437 7.5548e+006 25.9402
405437 7.5548e+006 25.9469
405437 7.5548e+006 25.9469
405437 7.5548e+006 25.9469
405437 7.5548e+006 25.9402
405437 7.5548e+006 25.9402
405437 7.5548e+006 25.9462
405437 7.5548e+006 25.9547
405437 7.5548e+006 25.9547
405437 7.5548e+006 25.9469
405437 7.5548e+006 25.9402
405437 7.5548e+006 25.9462
405437 7.5548e+006 25.9498
405437 7.5548e+006 25.9595
405437 7.5548e+006 25.9595
405437 7.5548e+006 25.9547
405437 7.5548e+006 25.9462
405437 7.5548e+006 25.9595
405437 7.5548e+006 25.9547
405437 7.5548e+006 25.9569
405437 7.5548e+006 25.9569
405437 7.5548e+006 25.962
405437 7.5548e+006 25.9595
405437 7.5548e+006 25.9547
405437 7.5548e+006 25.9469
405437 7.5548e+006 25.9487
405437 7.5548e+006 25.9487
405437 7.5548e+006 25.9569
405437 7.5548e+006 25.9547
405437 7.5548e+006 25.9469
405437 7.5548e+006 25.9469
405437 7.5548e+006 25.9487
405437 7.5548e+006 25.9487
405437 7.5548e+006 25.9487
405437 7.5548e+006 25.9469
405437 7.5548e+006 25.9469
405437 7.5548e+006 25.9547
405437 7.5548e+006 25.9569
405437 7.5548e+006 25.9569
405437 7.5548e+006 25.9487
405437 7.5548e+006 25.9469
405437 7.5548e+006 25.9547
405437 7.5548e+006 25.9595
405437 7.5548e+006 25.962
405437 7.5548e+006 25.962
405437 7.5548e+006 25.9569
405437 7.5548e+006 25.9547
405437 7.5548e+006 25.962
405437 7.5548e+006 25.9569
405437 7.5548e+006 25.9525
405437 7.5548e+006 25.9525
405437 7.5548e+006 25.957
405437 7.5548e+006 25.962
405437 7.5548e+006 25.9569
405437 7.5548e+006 25.9487
405437 7.5548e+006 25.9452
405437 7.5548e+006 25.9452
405437 7.5548e+006 25.9525
405437 7.5548e+006 25.9569
405437 7.5548e+006 25.9487
405437 7.5548e+006 25.9487
405437 7.5548e+006 25.9452
405437 7.5548e+006 25.9452
405437 7.5548e+006 25.9452
405437 7.5548e+006 25.9487
405437 7.5548e+006 25.9487
405437 7.5548e+006 25.9569
405437 7.5548e+006 25.9525
405437 7.5548e+006 25.9525
405437 7.5548e+006 25.9452
405437 7.5548e+006 25.9487
405437 7.5548e+006 25.9569
405437 7.5548e+006 25.962
405437 7.5548e+006 25.957
405437 7.5548e+006 25.957
405437 7.5548e+006 25.9525
405437 7.5548e+006 25.9569
405437 7.5548e+006 25.957
405437 7.5548e+006 25.9525
405437 7.5548e+006 25.9422
405437 7.5548e+006 25.9422
405437 7.5548e+006 25.9453
405437 7.5548e+006 25.957
405437 7.5548e+006 25.9525
405437 7.5548e+006 25.9452
405437 7.5548e+006 25.9371
405437 7.5548e+006 25.9371
405437 7.5548e+006 25.9422
405437 7.5548e+006 25.9525
405437 7.5548e+006 25.9452
405437 7.5548e+006 25.9452
405437 7.5548e+006 25.9371
405437 7.5548e+006 25.9371
405437 7.5548e+006 25.9371
405437 7.5548e+006 25.9452
405437 7.5548e+006 25.9452
405437 7.5548e+006 25.9525
405437 7.5548e+006 25.9422
405437 7.5548e+006 25.9422
405437 7.5548e+006 25.9371
405437 7.5548e+006 25.9452
405437 7.5548e+006 25.9525
405437 7.5548e+006 25.957
405437 7.5548e+006 25.9453
405437 7.5548e+006 25.9453
405437 7.5548e+006 25.9422
405437 7.5548e+006 25.9525
405437 7.5548e+006 25.9453
405437 7.5548e+006 25.9422
405437 7.5548e+006 25.9278
405437 7.5548e+006 25.9278
405437 7.5548e+006 25.929
405437 7.5548e+006 25.9453
405437 7.5548e+006 25.9422
405437 7.5548e+006 25.9371
405437 7.5548e+006 25.9258
405437 7.5548e+006 25.9258
405437 7.5548e+006 25.9278
405437 7.5548e+006 25.9422
405437 7.5548e+006 25.9371
405437 7.5548e+006 25.9371
405437 7.5548e+006 25.9258
405437 7.5548e+006 25.9258
405437 7.5548e+006 25.9258
405437 7.5548e+006 25.9371
405437 7.5548e+006 25.9371
405437 7.5548e+006 25.9422
405437 7.5548e+006 25.9278
405437 7.5548e+006 25.9278
405437 7.5548e+006 25.9258
405437 7.5548e+006 25.9371
405437 7.5548e+006 25.9422
405437 7.5548e+006 25.9453
405437 7.5548e+006 25.929
405437 7.5548e+006 25.929
405437 7.5548e+006 25.9278
405437 7.5548e+006 25.9422
405437 7.5548e+006 25.929
405437 7.5548e+006 25.9278
405437 7.5548e+006 25.9117
405437 7.5548e+006 25.9117
405437 7.5548e+006 25.9109
405437 7.5548e+006 25.929
405437 7.5548e+006 25.9278
405437 7.5548e+006 25.9258
405437 7.5548e+006 25.9132
405437 7.5548e+006 25.9132
405437 7.5548e+006 25.9117
405437 7.5548e+006 25.9278
405437 7.5548e+006 25.9258
405437 7.5548e+006 25.9258
405437 7.5548e+006 25.9132
405437 7.5548e+006 25.9132
405437 7.5548e+006 25.9132
405437 7.5548e+006 25.9258
405437 7.5548e+006 25.9258
405437 7.5548e+006 25.9278
405437 7.5548e+006 25.9117
405437 7.5548e+006 25.9117
405437 7.5548e+006 25.9132
405437 7.5548e+006 25.9258
405437 7.5548e+006 25.9278
405437 7.5548e+006 25.929
405437 7.5548e+006 25.9109
405437 7.5548e+006 25.9109
405437 7.5548e+006 25.9117
405437 7.5548e+006 25.9278
405437 7.5548e+006 25.9109
405437 7.5548e+006 25.9117
405437 7.5548e+006 25.8969
405437 7.5548e+006 25.8969
405437 7.5548e+006 25.894
405437 7.5548e+006 25.9109
405437 7.5548e+006 25.9117
405437 7.5548e+006 25.9132
405437 7.5548e+006 25.9015
405437 7.5548e+006 25.9015
405437 7.5548e+006 25.8969
405437 7.5548e+006 25.9117
405437 7.5548e+006 25.9132
405437 7.5548e+006 25.9132
405437 7.5548e+006 25.9015
405437 7.5548e+006 25.9015
405437 7.5548e+006 25.9015
405437 7.5548e+006 25.9132
405437 7.5548e+006 25.9132
405437 7.5548e+006 25.9117
405437 7.5548e+006 25.8969
405437 7.5548e+006 25.8969
405437 7.5548e+006 25.9015
405437 7.5548e+006 25.9132
405437 7.5548e+006 25.9117
405437 7.5548e+006 25.9109
405437 7.5548e+006 25.894
405437 7.5548e+006 25.894
405437 7.5548e+006 25.8969
405437 7.5548e+006 25.9117
405437 7.5548e+006 25.894
405437 7.5548e+006 25.8969
405437 7.5548e+006 25.8857
405437 7.5548e+006 25.8857
405437 7.5548e+006 25.8814
405437 7.5548e+006 25.894
405437 7.5548e+006 25.8969
405437 7.5548e+006 25.9015
405437 7.5548e+006 25.8927
405437 7.5548e+006 25.8927
405437 7.5548e+006 25.8857
405437 7.5548e+006 25.8969
405437 7.5548e+006 25.9015
405437 7.5548e+006 25.9015
405437 7.5548e+006 25.8927
405437 7.5548e+006 25.8927
405437 7.5548e+006 25.8927
405437 7.5548e+006 25.9015
405437 7.5548e+006 25.9015
405437 7.5548e+006 25.8969
405437 7.5548e+006 25.8857
405437 7.5548e+006 25.8857
405437 7.5548e+006 25.8927
405437 7.5548e+006 25.9015
405437 7.5548e+006 25.8969
405437 7.5548e+006 25.894
405437 7.5548e+006 25.8814
405437 7.5548e+006 25.8814
405437 7.5548e+006 25.8857
405437 7.5548e+006 25.8969
405437 7.5548e+006 25.8814
405437 7.5548e+006 25.8857
405437 7.5548e+006 25.8803
405437 7.5548e+006 25.8803
405437 7.5548e+006 25.8752
405437 7.5548e+006 25.8814
405437 7.5548e+006 25.8857
405437 7.5548e+006 25.8927
405437 7.5548e+006 25.8884
405437 7.5548e+006 25.8884
405437 7.5548e+006 25.8803
405437 7.5548e+006 25.8857
405437 7.5548e+006 25.8927
405437 7.5548e+006 25.8927
405437 7.5548e+006 25.8884
405437 7.5548e+006 25.8884
405437 7.5548e+006 25.8884
405437 7.5548e+006 25.8927
405437 7.5548e+006 25.8927
405437 7.5548e+006 25.8857
405437 7.5548e+006 25.8803
405437 7.5548e+006 25.8803
405437 7.5548e+006 25.8884
405437 7.5548e+006 25.8927
405437 7.5548e+006 25.8857
405437 7.5548e+006 25.8814
405437 7.5548e+006 25.8752
405437 7.5548e+006 25.8752
405437 7.5548e+006 25.8803
405437 7.5548e+006 25.8857
405437 7.5548e+006 25.8752
405437 7.5548e+006 25.8803
405437 7.5548e+006 25.8814
405437 7.5548e+006 25.8814
405437 7.5548e+006 25.8765
405437 7.5548e+006 25.8752
405437 7.5548e+006 25.8803
405437 7.5548e+006 25.8884
405437 7.5548e+006 25.8893
405437 7.5548e+006 25.8893
405437 7.5548e+006 25.8814
405437 7.5548e+006 25.8803
405437 7.5548e+006 25.8884
405437 7.5548e+006 25.8884
405437 7.5548e+006 25.8893
405437 7.5548e+006 25.8893
405437 7.5548e+006 25.8893
405437 7.5548e+006 25.8884
405437 7.5548e+006 25.8884
405437 7.5548e+006 25.8803
405437 7.5548e+006 25.8814
405437 7.5548e+006 25.8814
405437 7.5548e+006 25.8893
405437 7.5548e+006 25.8884
405437 7.5548e+006 25.8803
405437 7.5548e+006 25.8752
405437 7.5548e+006 25.8765
405437 7.5548e+006 25.8765
405437 7.5548e+006 25.8814
405437 7.5548e+006 25.8803
405437 7.5548e+006 25.8765
405437 7.5548e+006 25.8814
405437 7.5548e+006 25.8889
405437 7.5548e+006 25.8889
405437 7.5548e+006 25.885
405437 7.5548e+006 25.8765
405437 7.5548e+006 25.8814
405437 7.5548e+006 25.8893
405437 7.5548e+006 25.8952
405437 7.5548e+006 25.8952
405437 7.5548e+006 25.8889
405437 7.5548e+006 25.8814
405437 7.5548e+006 25.8893
405437 7.5548e+006 25.8893
405437 7.5548e+006 25.8952
405437 7.5548e+006 25.8952
405437 7.5548e+006 25.8952
405437 7.5548e+006 25.8893
405437 7.5548e+006 25.8893
405437 7.5548e+006 25.8814
405437 7.5548e+006 25.8889
405437 7.5548e+006 25.8889
405437 7.5548e+006 25.8952
405437 7.5548e+006 25.8893
405437 7.5548e+006 25.8814
405437 7.5548e+006 25.8765
405437 7.5548e+006 25.885
405437 7.5548e+006 25.885
405437 7.5548e+006 25.8889
405437 7.5548e+006 25.8814
405437 7.5548e+006 25.6823
405437 7.5548e+006 25.8937
405437 7.5548e+006 25.8973
405437 7.5548e+006 25.8973
405437 7.5548e+006 25.6858
405437 7.5548e+006 25.6823
405437 7.5548e+006 25.6858
405437 7.5548e+006 25.8973
405437 7.5548e+006 25.8918
405437 7.5548e+006 25.8918
405437 7.5548e+006 25.6803
405437 7.5548e+006 25.6858
405437 7.5548e+006 25.6803
405437 7.5548e+006 25.8918
405437 7.5548e+006 25.8849
405437 7.5548e+006 25.8849
405437 7.5548e+006 25.6734
405437 7.5548e+006 25.6803
405437 7.5548e+006 25.6734
405437 7.5548e+006 25.8849
405437 7.5548e+006 25.886
405437 7.5548e+006 25.886
405437 7.5548e+006 25.6746
405437 7.5548e+006 25.6734
405437 7.5548e+006 25.6746
405437 7.5548e+006 25.886
405437 7.5548e+006 25.8937
405437 7.5548e+006 25.8937
405437 7.5548e+006 25.6823
405437 7.5548e+006 25.6746
