405441 7.55479e+006 26.2579
405441 7.55479e+006 26.2487
405441 7.55479e+006 26.3042
405441 7.55479e+006 26.3042
405441 7.55479e+006 26.3161
405441 7.55479e+006 26.2579
405441 7.55479e+006 26.2487
405441 7.55479e+006 26.2394
405441 7.55479e+006 26.2924
405441 7.55479e+006 26.2924
405441 7.55479e+006 26.3042
405441 7.55479e+006 26.2487
405441 7.55479e+006 26.2394
405441 7.55479e+006 26.2487
405441 7.55479e+006 26.3042
405441 7.55479e+006 26.3042
405441 7.55479e+006 26.2924
405441 7.55479e+006 26.2394
405441 7.55479e+006 26.2487
405441 7.55479e+006 26.2579
405441 7.55479e+006 26.3161
405441 7.55479e+006 26.3161
405441 7.55479e+006 26.3042
405441 7.55479e+006 26.2487
405441 7.55479e+006 26.3161
405441 7.55479e+006 26.3042
405441 7.55479e+006 26.3422
405441 7.55479e+006 26.3422
405441 7.55479e+006 26.3558
405441 7.55479e+006 26.3161
405441 7.55479e+006 26.3042
405441 7.55479e+006 26.2924
405441 7.55479e+006 26.3287
405441 7.55479e+006 26.3287
405441 7.55479e+006 26.3422
405441 7.55479e+006 26.3042
405441 7.55479e+006 26.2924
405441 7.55479e+006 26.3042
405441 7.55479e+006 26.3422
405441 7.55479e+006 26.3422
405441 7.55479e+006 26.3287
405441 7.55479e+006 26.2924
405441 7.55479e+006 26.3042
405441 7.55479e+006 26.3161
405441 7.55479e+006 26.3558
405441 7.55479e+006 26.3558
405441 7.55479e+006 26.3422
405441 7.55479e+006 26.3042
405441 7.55479e+006 26.3558
405441 7.55479e+006 26.3422
405441 7.55479e+006 26.36
405441 7.55479e+006 26.36
405441 7.55479e+006 26.3744
405441 7.55479e+006 26.3558
405441 7.55479e+006 26.3422
405441 7.55479e+006 26.3287
405441 7.55479e+006 26.3457
405441 7.55479e+006 26.3457
405441 7.55479e+006 26.36
405441 7.55479e+006 26.3422
405441 7.55479e+006 26.3287
405441 7.55479e+006 26.3422
405441 7.55479e+006 26.36
405441 7.55479e+006 26.36
405441 7.55479e+006 26.3457
405441 7.55479e+006 26.3287
405441 7.55479e+006 26.3422
405441 7.55479e+006 26.3558
405441 7.55479e+006 26.3744
405441 7.55479e+006 26.3744
405441 7.55479e+006 26.36
405441 7.55479e+006 26.3422
405441 7.55479e+006 26.3744
405441 7.55479e+006 26.36
405441 7.55479e+006 26.3564
405441 7.55479e+006 26.3564
405441 7.55479e+006 26.3707
405441 7.55479e+006 26.3744
405441 7.55479e+006 26.36
405441 7.55479e+006 26.3457
405441 7.55479e+006 26.3422
405441 7.55479e+006 26.3422
405441 7.55479e+006 26.3564
405441 7.55479e+006 26.36
405441 7.55479e+006 26.3457
405441 7.55479e+006 26.36
405441 7.55479e+006 26.3564
405441 7.55479e+006 26.3564
405441 7.55479e+006 26.3422
405441 7.55479e+006 26.3457
405441 7.55479e+006 26.36
405441 7.55479e+006 26.3744
405441 7.55479e+006 26.3707
405441 7.55479e+006 26.3707
405441 7.55479e+006 26.3564
405441 7.55479e+006 26.36
405441 7.55479e+006 26.3707
405441 7.55479e+006 26.3564
405441 7.55479e+006 26.3317
405441 7.55479e+006 26.3317
405441 7.55479e+006 26.3448
405441 7.55479e+006 26.3707
405441 7.55479e+006 26.3564
405441 7.55479e+006 26.3422
405441 7.55479e+006 26.3186
405441 7.55479e+006 26.3186
405441 7.55479e+006 26.3317
405441 7.55479e+006 26.3564
405441 7.55479e+006 26.3422
405441 7.55479e+006 26.3564
405441 7.55479e+006 26.3317
405441 7.55479e+006 26.3317
405441 7.55479e+006 26.3186
405441 7.55479e+006 26.3422
405441 7.55479e+006 26.3564
405441 7.55479e+006 26.3707
405441 7.55479e+006 26.3448
405441 7.55479e+006 26.3448
405441 7.55479e+006 26.3317
405441 7.55479e+006 26.3564
405441 7.55479e+006 26.3448
405441 7.55479e+006 26.3317
405441 7.55479e+006 26.2875
405441 7.55479e+006 26.2875
405441 7.55479e+006 26.2986
405441 7.55479e+006 26.3448
405441 7.55479e+006 26.3317
405441 7.55479e+006 26.3186
405441 7.55479e+006 26.2765
405441 7.55479e+006 26.2765
405441 7.55479e+006 26.2875
405441 7.55479e+006 26.3317
405441 7.55479e+006 26.3186
405441 7.55479e+006 26.3317
405441 7.55479e+006 26.2875
405441 7.55479e+006 26.2875
405441 7.55479e+006 26.2765
405441 7.55479e+006 26.3186
405441 7.55479e+006 26.3317
405441 7.55479e+006 26.3448
405441 7.55479e+006 26.2986
405441 7.55479e+006 26.2986
405441 7.55479e+006 26.2875
405441 7.55479e+006 26.3317
405441 7.55479e+006 26.2986
405441 7.55479e+006 26.2875
405441 7.55479e+006 26.2269
405441 7.55479e+006 26.2269
405441 7.55479e+006 26.2351
405441 7.55479e+006 26.2986
405441 7.55479e+006 26.2875
405441 7.55479e+006 26.2765
405441 7.55479e+006 26.2186
405441 7.55479e+006 26.2186
405441 7.55479e+006 26.2269
405441 7.55479e+006 26.2875
405441 7.55479e+006 26.2765
405441 7.55479e+006 26.2875
405441 7.55479e+006 26.2269
405441 7.55479e+006 26.2269
405441 7.55479e+006 26.2186
405441 7.55479e+006 26.2765
405441 7.55479e+006 26.2875
405441 7.55479e+006 26.2986
405441 7.55479e+006 26.2351
405441 7.55479e+006 26.2351
405441 7.55479e+006 26.2269
405441 7.55479e+006 26.2875
405441 7.55479e+006 26.2351
405441 7.55479e+006 26.2269
405441 7.55479e+006 26.1539
405441 7.55479e+006 26.1539
405440 7.55479e+006 26.1588
405441 7.55479e+006 26.2351
405441 7.55479e+006 26.2269
405441 7.55479e+006 26.2186
405441 7.55479e+006 26.149
405441 7.55479e+006 26.149
405441 7.55479e+006 26.1539
405441 7.55479e+006 26.2269
405441 7.55479e+006 26.2186
405441 7.55479e+006 26.2269
405441 7.55479e+006 26.1539
405441 7.55479e+006 26.1539
405441 7.55479e+006 26.149
405441 7.55479e+006 26.2186
405441 7.55479e+006 26.2269
405441 7.55479e+006 26.2351
405440 7.55479e+006 26.1588
405440 7.55479e+006 26.1588
405441 7.55479e+006 26.1539
405441 7.55479e+006 26.2269
405440 7.55479e+006 26.1588
405441 7.55479e+006 26.1539
405441 7.55479e+006 26.0736
405441 7.55479e+006 26.0736
405440 7.55479e+006 26.0748
405440 7.55479e+006 26.1588
405441 7.55479e+006 26.1539
405441 7.55479e+006 26.149
405441 7.55479e+006 26.0723
405441 7.55479e+006 26.0723
405441 7.55479e+006 26.0736
405441 7.55479e+006 26.1539
405441 7.55479e+006 26.149
405441 7.55479e+006 26.1539
405440 7.55479e+006 26.0736
405440 7.55479e+006 26.0736
405441 7.55479e+006 26.0723
405441 7.55479e+006 26.149
405441 7.55479e+006 26.1539
405440 7.55479e+006 26.1588
405440 7.55479e+006 26.0748
405440 7.55479e+006 26.0748
405440 7.55479e+006 26.0736
405441 7.55479e+006 26.1539
405440 7.55479e+006 26.0748
405441 7.55479e+006 26.0736
405441 7.55479e+006 25.9914
405441 7.55479e+006 25.9914
405440 7.55479e+006 25.9889
405440 7.55479e+006 26.0748
405441 7.55479e+006 26.0736
405441 7.55479e+006 26.0723
405441 7.55479e+006 25.9939
405441 7.55479e+006 25.9939
405441 7.55479e+006 25.9914
405441 7.55479e+006 26.0736
405441 7.55479e+006 26.0723
405440 7.55479e+006 26.0736
405440 7.55479e+006 25.9914
405440 7.55479e+006 25.9914
405441 7.55479e+006 25.9939
405441 7.55479e+006 26.0723
405440 7.55479e+006 26.0736
405440 7.55479e+006 26.0748
405440 7.55479e+006 25.9889
405440 7.55479e+006 25.9889
405440 7.55479e+006 25.9914
405440 7.55479e+006 26.0736
405440 7.55479e+006 25.9889
405441 7.55479e+006 25.9914
405441 7.55479e+006 25.9129
405441 7.55479e+006 25.9129
405441 7.55479e+006 25.9068
405440 7.55479e+006 25.9889
405441 7.55479e+006 25.9914
405441 7.55479e+006 25.9939
405441 7.55479e+006 25.919
405441 7.55479e+006 25.919
405441 7.55479e+006 25.9129
405441 7.55479e+006 25.9914
405441 7.55479e+006 25.9939
405440 7.55479e+006 25.9914
405441 7.55479e+006 25.9129
405441 7.55479e+006 25.9129
405441 7.55479e+006 25.919
405441 7.55479e+006 25.9939
405440 7.55479e+006 25.9914
405440 7.55479e+006 25.9889
405441 7.55479e+006 25.9068
405441 7.55479e+006 25.9068
405441 7.55479e+006 25.9129
405440 7.55479e+006 25.9914
405441 7.55479e+006 25.9068
405441 7.55479e+006 25.9129
405441 7.55479e+006 25.8435
405441 7.55479e+006 25.8435
405441 7.55479e+006 25.8343
405441 7.55479e+006 25.9068
405441 7.55479e+006 25.9129
405441 7.55479e+006 25.919
405441 7.55479e+006 25.8528
405441 7.55479e+006 25.8528
405441 7.55479e+006 25.8435
405441 7.55479e+006 25.9129
405441 7.55479e+006 25.919
405441 7.55479e+006 25.9129
405441 7.55479e+006 25.8435
405441 7.55479e+006 25.8435
405441 7.55479e+006 25.8528
405441 7.55479e+006 25.919
405441 7.55479e+006 25.9129
405441 7.55479e+006 25.9068
405441 7.55479e+006 25.8343
405441 7.55479e+006 25.8343
405441 7.55479e+006 25.8435
405441 7.55479e+006 25.9129
405441 7.55479e+006 25.8343
405441 7.55479e+006 25.8435
405441 7.55479e+006 25.788
405441 7.55479e+006 25.788
405441 7.55479e+006 25.7761
405441 7.55479e+006 25.8343
405441 7.55479e+006 25.8435
405441 7.55479e+006 25.8528
405441 7.55479e+006 25.7998
405441 7.55479e+006 25.7998
405441 7.55479e+006 25.788
405441 7.55479e+006 25.8435
405441 7.55479e+006 25.8528
405441 7.55479e+006 25.8435
405441 7.55479e+006 25.788
405441 7.55479e+006 25.788
405441 7.55479e+006 25.7998
405441 7.55479e+006 25.8528
405441 7.55479e+006 25.8435
405441 7.55479e+006 25.8343
405441 7.55479e+006 25.7761
405441 7.55479e+006 25.7761
405441 7.55479e+006 25.788
405441 7.55479e+006 25.8435
405441 7.55479e+006 25.7761
405441 7.55479e+006 25.788
405441 7.55479e+006 25.75
405441 7.55479e+006 25.75
405441 7.55479e+006 25.7364
405441 7.55479e+006 25.7761
405441 7.55479e+006 25.788
405441 7.55479e+006 25.7998
405441 7.55479e+006 25.7635
405441 7.55479e+006 25.7635
405441 7.55479e+006 25.75
405441 7.55479e+006 25.788
405441 7.55479e+006 25.7998
405441 7.55479e+006 25.788
405441 7.55479e+006 25.75
405441 7.55479e+006 25.75
405441 7.55479e+006 25.7635
405441 7.55479e+006 25.7998
405441 7.55479e+006 25.788
405441 7.55479e+006 25.7761
405441 7.55479e+006 25.7364
405441 7.55479e+006 25.7364
405441 7.55479e+006 25.75
405441 7.55479e+006 25.788
405441 7.55479e+006 25.7364
405441 7.55479e+006 25.75
405441 7.55479e+006 25.7322
405441 7.55479e+006 25.7322
405441 7.55479e+006 25.7178
405441 7.55479e+006 25.7364
405441 7.55479e+006 25.75
405441 7.55479e+006 25.7635
405441 7.55479e+006 25.7465
405441 7.55479e+006 25.7465
405441 7.55479e+006 25.7322
405441 7.55479e+006 25.75
405441 7.55479e+006 25.7635
405441 7.55479e+006 25.75
405441 7.55479e+006 25.7322
405441 7.55479e+006 25.7322
405441 7.55479e+006 25.7465
405441 7.55479e+006 25.7635
405441 7.55479e+006 25.75
405441 7.55479e+006 25.7364
405441 7.55479e+006 25.7178
405441 7.55479e+006 25.7178
405441 7.55479e+006 25.7322
405441 7.55479e+006 25.75
405441 7.55479e+006 25.7178
405441 7.55479e+006 25.7322
405441 7.55479e+006 25.7358
405441 7.55479e+006 25.7358
405441 7.55479e+006 25.7216
405441 7.55479e+006 25.7178
405441 7.55479e+006 25.7322
405441 7.55479e+006 25.7465
405441 7.55479e+006 25.75
405441 7.55479e+006 25.75
405441 7.55479e+006 25.7358
405441 7.55479e+006 25.7322
405441 7.55479e+006 25.7465
405441 7.55479e+006 25.7322
405441 7.55479e+006 25.7358
405441 7.55479e+006 25.7358
405441 7.55479e+006 25.75
405441 7.55479e+006 25.7465
405441 7.55479e+006 25.7322
405441 7.55479e+006 25.7178
405441 7.55479e+006 25.7216
405441 7.55479e+006 25.7216
405441 7.55479e+006 25.7358
405441 7.55479e+006 25.7322
405441 7.55479e+006 25.7216
405441 7.55479e+006 25.7358
405441 7.55479e+006 25.7605
405441 7.55479e+006 25.7605
405441 7.55479e+006 25.7474
405441 7.55479e+006 25.7216
405441 7.55479e+006 25.7358
405441 7.55479e+006 25.75
405441 7.55479e+006 25.7736
405441 7.55479e+006 25.7736
405441 7.55479e+006 25.7605
405441 7.55479e+006 25.7358
405441 7.55479e+006 25.75
405441 7.55479e+006 25.7358
405441 7.55479e+006 25.7605
405441 7.55479e+006 25.7605
405441 7.55479e+006 25.7736
405441 7.55479e+006 25.75
405441 7.55479e+006 25.7358
405441 7.55479e+006 25.7216
405441 7.55479e+006 25.7474
405441 7.55479e+006 25.7474
405441 7.55479e+006 25.7605
405441 7.55479e+006 25.7358
405441 7.55479e+006 25.7474
405441 7.55479e+006 25.7605
405441 7.55479e+006 25.8047
405441 7.55479e+006 25.8047
405441 7.55479e+006 25.7936
405441 7.55479e+006 25.7474
405441 7.55479e+006 25.7605
405441 7.55479e+006 25.7736
405441 7.55479e+006 25.8158
405441 7.55479e+006 25.8158
405441 7.55479e+006 25.8047
405441 7.55479e+006 25.7605
405441 7.55479e+006 25.7736
405441 7.55479e+006 25.7605
405441 7.55479e+006 25.8047
405441 7.55479e+006 25.8047
405441 7.55479e+006 25.8158
405441 7.55479e+006 25.7736
405441 7.55479e+006 25.7605
405441 7.55479e+006 25.7474
405441 7.55479e+006 25.7936
405441 7.55479e+006 25.7936
405441 7.55479e+006 25.8047
405441 7.55479e+006 25.7605
405441 7.55479e+006 25.7936
405441 7.55479e+006 25.8047
405441 7.55479e+006 25.8654
405441 7.55479e+006 25.8654
405441 7.55479e+006 25.8571
405441 7.55479e+006 25.7936
405441 7.55479e+006 25.8047
405441 7.55479e+006 25.8158
405441 7.55479e+006 25.8736
405441 7.55479e+006 25.8736
405441 7.55479e+006 25.8654
405441 7.55479e+006 25.8047
405441 7.55479e+006 25.8158
405441 7.55479e+006 25.8047
405441 7.55479e+006 25.8654
405441 7.55479e+006 25.8654
405441 7.55479e+006 25.8736
405441 7.55479e+006 25.8158
405441 7.55479e+006 25.8047
405441 7.55479e+006 25.7936
405441 7.55479e+006 25.8571
405441 7.55479e+006 25.8571
405441 7.55479e+006 25.8654
405441 7.55479e+006 25.8047
405441 7.55479e+006 25.8571
405441 7.55479e+006 25.8654
405441 7.55479e+006 25.9383
405441 7.55479e+006 25.9383
405441 7.55479e+006 25.9334
405441 7.55479e+006 25.8571
405441 7.55479e+006 25.8654
405441 7.55479e+006 25.8736
405441 7.55479e+006 25.9433
405441 7.55479e+006 25.9433
405441 7.55479e+006 25.9383
405441 7.55479e+006 25.8654
405441 7.55479e+006 25.8736
405441 7.55479e+006 25.8654
405441 7.55479e+006 25.9383
405441 7.55479e+006 25.9383
405441 7.55479e+006 25.9433
405441 7.55479e+006 25.8736
405441 7.55479e+006 25.8654
405441 7.55479e+006 25.8571
405441 7.55479e+006 25.9334
405441 7.55479e+006 25.9334
405441 7.55479e+006 25.9383
405441 7.55479e+006 25.8654
405441 7.55479e+006 25.9334
405441 7.55479e+006 25.9383
405441 7.55479e+006 26.0186
405441 7.55479e+006 26.0186
405441 7.55479e+006 26.0174
405441 7.55479e+006 25.9334
405441 7.55479e+006 25.9383
405441 7.55479e+006 25.9433
405441 7.55479e+006 26.0199
405441 7.55479e+006 26.0199
405441 7.55479e+006 26.0186
405441 7.55479e+006 25.9383
405441 7.55479e+006 25.9433
405441 7.55479e+006 25.9383
405441 7.55479e+006 26.0186
405441 7.55479e+006 26.0186
405441 7.55479e+006 26.0199
405441 7.55479e+006 25.9433
405441 7.55479e+006 25.9383
405441 7.55479e+006 25.9334
405441 7.55479e+006 26.0174
405441 7.55479e+006 26.0174
405441 7.55479e+006 26.0186
405441 7.55479e+006 25.9383
405441 7.55479e+006 26.0174
405441 7.55479e+006 26.0186
405441 7.55479e+006 26.1008
405441 7.55479e+006 26.1008
405441 7.55479e+006 26.1033
405441 7.55479e+006 26.0174
405441 7.55479e+006 26.0186
405441 7.55479e+006 26.0199
405441 7.55479e+006 26.0983
405441 7.55479e+006 26.0983
405441 7.55479e+006 26.1008
405441 7.55479e+006 26.0186
405441 7.55479e+006 26.0199
405441 7.55479e+006 26.0186
405441 7.55479e+006 26.1008
405441 7.55479e+006 26.1008
405441 7.55479e+006 26.0983
405441 7.55479e+006 26.0199
405441 7.55479e+006 26.0186
405441 7.55479e+006 26.0174
405441 7.55479e+006 26.1033
405441 7.55479e+006 26.1033
405441 7.55479e+006 26.1008
405441 7.55479e+006 26.0186
405441 7.55479e+006 26.1033
405441 7.55479e+006 26.1008
405441 7.55479e+006 26.1793
405441 7.55479e+006 26.1793
405441 7.55479e+006 26.1854
405441 7.55479e+006 26.1033
405441 7.55479e+006 26.1008
405441 7.55479e+006 26.0983
405441 7.55479e+006 26.1732
405441 7.55479e+006 26.1732
405441 7.55479e+006 26.1793
405441 7.55479e+006 26.1008
405441 7.55479e+006 26.0983
405441 7.55479e+006 26.1008
405441 7.55479e+006 26.1793
405441 7.55479e+006 26.1793
405441 7.55479e+006 26.1732
405441 7.55479e+006 26.0983
405441 7.55479e+006 26.1008
405441 7.55479e+006 26.1033
405441 7.55479e+006 26.1854
405441 7.55479e+006 26.1854
405441 7.55479e+006 26.1793
405441 7.55479e+006 26.1008
405441 7.55479e+006 26.1854
405441 7.55479e+006 26.1793
405441 7.55479e+006 26.2487
405441 7.55479e+006 26.2487
405441 7.55479e+006 26.2579
405441 7.55479e+006 26.1854
405441 7.55479e+006 26.1793
405441 7.55479e+006 26.1732
405441 7.55479e+006 26.2394
405441 7.55479e+006 26.2394
405441 7.55479e+006 26.2487
405441 7.55479e+006 26.1793
405441 7.55479e+006 26.1732
405441 7.55479e+006 26.1793
405441 7.55479e+006 26.2487
405441 7.55479e+006 26.2487
405441 7.55479e+006 26.2394
405441 7.55479e+006 26.1732
405441 7.55479e+006 26.1793
405441 7.55479e+006 26.1854
405441 7.55479e+006 26.2579
405441 7.55479e+006 26.2579
405441 7.55479e+006 26.2487
405441 7.55479e+006 26.1793
405441 7.55479e+006 26.2834
405441 7.55479e+006 26.0746
405441 7.55479e+006 26.0676
405441 7.55479e+006 26.0676
405441 7.55479e+006 26.2764
405441 7.55479e+006 26.2834
405441 7.55479e+006 26.2834
405441 7.55479e+006 26.2888
405441 7.55479e+006 26.08
405441 7.55479e+006 26.08
405441 7.55479e+006 26.0746
405441 7.55479e+006 26.2834
405441 7.55479e+006 26.2888
405441 7.55479e+006 26.2853
405441 7.55479e+006 26.0765
405441 7.55479e+006 26.0765
405441 7.55479e+006 26.08
405441 7.55479e+006 26.2888
405441 7.55479e+006 26.2853
405441 7.55479e+006 26.2776
405441 7.55479e+006 26.0688
405441 7.55479e+006 26.0688
405441 7.55479e+006 26.0765
405441 7.55479e+006 26.2853
405441 7.55479e+006 26.2776
405441 7.55479e+006 26.2764
405441 7.55479e+006 26.0676
405441 7.55479e+006 26.0676
405441 7.55479e+006 26.0688
405441 7.55479e+006 26.2776
405441 7.55479e+006 25.8517
405441 7.55479e+006 26.0288
405441 7.55479e+006 26.0205
405441 7.55479e+006 26.0205
405441 7.55479e+006 25.8434
405441 7.55479e+006 25.8517
405441 7.55479e+006 25.8515
405441 7.55479e+006 26.0286
405441 7.55479e+006 26.0288
405441 7.55479e+006 26.0288
405441 7.55479e+006 25.8517
405441 7.55479e+006 25.8515
405441 7.55479e+006 25.8431
405441 7.55479e+006 26.0202
405441 7.55479e+006 26.0286
405441 7.55479e+006 26.0286
405441 7.55479e+006 25.8515
405441 7.55479e+006 25.8431
405441 7.55479e+006 25.8381
405441 7.55479e+006 26.0152
405441 7.55479e+006 26.0202
405441 7.55479e+006 26.0202
405441 7.55479e+006 25.8431
405441 7.55479e+006 25.8381
405441 7.55479e+006 25.8434
405441 7.55479e+006 26.0205
405441 7.55479e+006 26.0152
405441 7.55479e+006 26.0152
405441 7.55479e+006 25.8381
405441 7.55479e+006 25.8434
405441 7.55479e+006 25.8094
405441 7.55479e+006 26.0198
405441 7.55479e+006 26.0234
405441 7.55479e+006 26.0234
405441 7.55479e+006 25.813
405441 7.55479e+006 25.8094
405441 7.55479e+006 25.813
405441 7.55479e+006 26.0234
405441 7.55479e+006 26.0179
405441 7.55479e+006 26.0179
405441 7.55479e+006 25.8075
405441 7.55479e+006 25.813
405441 7.55479e+006 25.8075
405441 7.55479e+006 26.0179
405441 7.55479e+006 26.0109
405441 7.55479e+006 26.0109
405441 7.55479e+006 25.8006
405441 7.55479e+006 25.8075
405441 7.55479e+006 25.8006
405441 7.55479e+006 26.0109
405441 7.55479e+006 26.0121
405441 7.55479e+006 26.0121
405441 7.55479e+006 25.8017
405441 7.55479e+006 25.8006
405441 7.55479e+006 25.8017
405441 7.55479e+006 26.0121
405441 7.55479e+006 26.0198
405441 7.55479e+006 26.0198
405441 7.55479e+006 25.8094
405441 7.55479e+006 25.8017
405441 7.55479e+006 26.0198
405441 7.55479e+006 26.0121
405441 7.55479e+006 26.0109
405441 7.55479e+006 26.0198
405441 7.55479e+006 26.0109
405441 7.55479e+006 26.0179
405441 7.55479e+006 26.0198
405441 7.55479e+006 26.0179
405441 7.55479e+006 26.0234
405441 7.55479e+006 26.0742
405441 7.55479e+006 26.0709
405441 7.55479e+006 26.0808
405441 7.55479e+006 26.0808
405441 7.55479e+006 26.0853
405441 7.55479e+006 26.0742
405441 7.55479e+006 26.0709
405441 7.55479e+006 26.0656
405441 7.55479e+006 26.0733
405441 7.55479e+006 26.0733
405441 7.55479e+006 26.0808
405441 7.55479e+006 26.0709
405441 7.55479e+006 26.0656
405441 7.55479e+006 26.0656
405441 7.55479e+006 26.0733
405441 7.55479e+006 26.0733
405441 7.55479e+006 26.0733
405441 7.55479e+006 26.0656
405441 7.55479e+006 26.0656
405441 7.55479e+006 26.0709
405441 7.55479e+006 26.0808
405441 7.55479e+006 26.0808
405441 7.55479e+006 26.0733
405441 7.55479e+006 26.0656
405441 7.55479e+006 26.0709
405441 7.55479e+006 26.0742
405441 7.55479e+006 26.0853
405441 7.55479e+006 26.0853
405441 7.55479e+006 26.0808
405441 7.55479e+006 26.0709
405441 7.55479e+006 26.0853
405441 7.55479e+006 26.0808
405441 7.55479e+006 26.0846
405441 7.55479e+006 26.0846
405441 7.55479e+006 26.0897
405441 7.55479e+006 26.0853
405441 7.55479e+006 26.0808
405441 7.55479e+006 26.0733
405441 7.55479e+006 26.0764
405441 7.55479e+006 26.0764
405441 7.55479e+006 26.0846
405441 7.55479e+006 26.0808
405441 7.55479e+006 26.0733
405441 7.55479e+006 26.0733
405441 7.55479e+006 26.0764
405441 7.55479e+006 26.0764
405441 7.55479e+006 26.0764
405441 7.55479e+006 26.0733
405441 7.55479e+006 26.0733
405441 7.55479e+006 26.0808
405441 7.55479e+006 26.0846
405441 7.55479e+006 26.0846
405441 7.55479e+006 26.0764
405441 7.55479e+006 26.0733
405441 7.55479e+006 26.0808
405441 7.55479e+006 26.0853
405441 7.55479e+006 26.0897
405441 7.55479e+006 26.0897
405441 7.55479e+006 26.0846
405441 7.55479e+006 26.0808
405441 7.55479e+006 26.0897
405441 7.55479e+006 26.0846
405441 7.55479e+006 26.0819
405441 7.55479e+006 26.0819
405441 7.55479e+006 26.0866
405441 7.55479e+006 26.0897
405441 7.55479e+006 26.0846
405441 7.55479e+006 26.0764
405441 7.55479e+006 26.0742
405441 7.55479e+006 26.0742
405441 7.55479e+006 26.0819
405441 7.55479e+006 26.0846
405441 7.55479e+006 26.0764
405441 7.55479e+006 26.0764
405441 7.55479e+006 26.0742
405441 7.55479e+006 26.0742
405441 7.55479e+006 26.0742
405441 7.55479e+006 26.0764
405441 7.55479e+006 26.0764
405441 7.55479e+006 26.0846
405441 7.55479e+006 26.0819
405441 7.55479e+006 26.0819
405441 7.55479e+006 26.0742
405441 7.55479e+006 26.0764
405441 7.55479e+006 26.0846
405441 7.55479e+006 26.0897
405441 7.55479e+006 26.0866
405441 7.55479e+006 26.0866
405441 7.55479e+006 26.0819
405441 7.55479e+006 26.0846
405441 7.55479e+006 26.0866
405441 7.55479e+006 26.0819
405441 7.55479e+006 26.0729
405441 7.55479e+006 26.0729
405441 7.55479e+006 26.0764
405441 7.55479e+006 26.0866
405441 7.55479e+006 26.0819
405441 7.55479e+006 26.0742
405441 7.55479e+006 26.0672
405441 7.55479e+006 26.0672
405441 7.55479e+006 26.0729
405441 7.55479e+006 26.0819
405441 7.55479e+006 26.0742
405441 7.55479e+006 26.0742
405441 7.55479e+006 26.0672
405441 7.55479e+006 26.0672
405441 7.55479e+006 26.0672
405441 7.55479e+006 26.0742
405441 7.55479e+006 26.0742
405441 7.55479e+006 26.0819
405441 7.55479e+006 26.0729
405441 7.55479e+006 26.0729
405441 7.55479e+006 26.0672
405441 7.55479e+006 26.0742
405441 7.55479e+006 26.0819
405441 7.55479e+006 26.0866
405441 7.55479e+006 26.0764
405441 7.55479e+006 26.0764
405441 7.55479e+006 26.0729
405441 7.55479e+006 26.0819
405441 7.55479e+006 26.0764
405441 7.55479e+006 26.0729
405441 7.55479e+006 26.0593
405441 7.55479e+006 26.0593
405441 7.55479e+006 26.061
405441 7.55479e+006 26.0764
405441 7.55479e+006 26.0729
405441 7.55479e+006 26.0672
405441 7.55479e+006 26.0565
405441 7.55479e+006 26.0565
405441 7.55479e+006 26.0593
405441 7.55479e+006 26.0729
405441 7.55479e+006 26.0672
405441 7.55479e+006 26.0672
405441 7.55479e+006 26.0565
405441 7.55479e+006 26.0565
405441 7.55479e+006 26.0565
405441 7.55479e+006 26.0672
405441 7.55479e+006 26.0672
405441 7.55479e+006 26.0729
405441 7.55479e+006 26.0593
405441 7.55479e+006 26.0593
405441 7.55479e+006 26.0565
405441 7.55479e+006 26.0672
405441 7.55479e+006 26.0729
405441 7.55479e+006 26.0764
405441 7.55479e+006 26.061
405441 7.55479e+006 26.061
405441 7.55479e+006 26.0593
405441 7.55479e+006 26.0729
405441 7.55479e+006 26.061
405441 7.55479e+006 26.0593
405441 7.55479e+006 26.0434
405441 7.55479e+006 26.0434
405441 7.55479e+006 26.0431
405441 7.55479e+006 26.061
405441 7.55479e+006 26.0593
405441 7.55479e+006 26.0565
405441 7.55479e+006 26.044
405441 7.55479e+006 26.044
405441 7.55479e+006 26.0434
405441 7.55479e+006 26.0593
405441 7.55479e+006 26.0565
405441 7.55479e+006 26.0565
405441 7.55479e+006 26.044
405441 7.55479e+006 26.044
405441 7.55479e+006 26.044
405441 7.55479e+006 26.0565
405441 7.55479e+006 26.0565
405441 7.55479e+006 26.0593
405441 7.55479e+006 26.0434
405441 7.55479e+006 26.0434
405441 7.55479e+006 26.044
405441 7.55479e+006 26.0565
405441 7.55479e+006 26.0593
405441 7.55479e+006 26.061
405441 7.55479e+006 26.0431
405441 7.55479e+006 26.0431
405441 7.55479e+006 26.0434
405441 7.55479e+006 26.0593
405441 7.55479e+006 26.0431
405441 7.55479e+006 26.0434
405441 7.55479e+006 26.028
405441 7.55479e+006 26.028
405441 7.55479e+006 26.0256
405441 7.55479e+006 26.0431
405441 7.55479e+006 26.0434
405441 7.55479e+006 26.044
405441 7.55479e+006 26.0319
405441 7.55479e+006 26.0319
405441 7.55479e+006 26.028
405441 7.55479e+006 26.0434
405441 7.55479e+006 26.044
405441 7.55479e+006 26.044
405441 7.55479e+006 26.0319
405441 7.55479e+006 26.0319
405441 7.55479e+006 26.0319
405441 7.55479e+006 26.044
405441 7.55479e+006 26.044
405441 7.55479e+006 26.0434
405441 7.55479e+006 26.028
405441 7.55479e+006 26.028
405441 7.55479e+006 26.0319
405441 7.55479e+006 26.044
405441 7.55479e+006 26.0434
405441 7.55479e+006 26.0431
405441 7.55479e+006 26.0256
405441 7.55479e+006 26.0256
405441 7.55479e+006 26.028
405441 7.55479e+006 26.0434
405441 7.55479e+006 26.0256
405441 7.55479e+006 26.028
405441 7.55479e+006 26.0157
405441 7.55479e+006 26.0157
405441 7.55479e+006 26.0117
405441 7.55479e+006 26.0256
405441 7.55479e+006 26.028
405441 7.55479e+006 26.0319
405441 7.55479e+006 26.0222
405441 7.55479e+006 26.0222
405441 7.55479e+006 26.0157
405441 7.55479e+006 26.028
405441 7.55479e+006 26.0319
405441 7.55479e+006 26.0319
405441 7.55479e+006 26.0222
405441 7.55479e+006 26.0222
405441 7.55479e+006 26.0222
405441 7.55479e+006 26.0319
405441 7.55479e+006 26.0319
405441 7.55479e+006 26.028
405441 7.55479e+006 26.0157
405441 7.55479e+006 26.0157
405441 7.55479e+006 26.0222
405441 7.55479e+006 26.0319
405441 7.55479e+006 26.028
405441 7.55479e+006 26.0256
405441 7.55479e+006 26.0117
405441 7.55479e+006 26.0117
405441 7.55479e+006 26.0157
405441 7.55479e+006 26.028
405441 7.55479e+006 26.0117
405441 7.55479e+006 26.0157
405441 7.55479e+006 26.0087
405441 7.55479e+006 26.0087
405441 7.55479e+006 26.0037
405441 7.55479e+006 26.0117
405441 7.55479e+006 26.0157
405441 7.55479e+006 26.0222
405441 7.55479e+006 26.0167
405441 7.55479e+006 26.0167
405441 7.55479e+006 26.0087
405441 7.55479e+006 26.0157
405441 7.55479e+006 26.0222
405441 7.55479e+006 26.0222
405441 7.55479e+006 26.0167
405441 7.55479e+006 26.0167
405441 7.55479e+006 26.0167
405441 7.55479e+006 26.0222
405441 7.55479e+006 26.0222
405441 7.55479e+006 26.0157
405441 7.55479e+006 26.0087
405441 7.55479e+006 26.0087
405441 7.55479e+006 26.0167
405441 7.55479e+006 26.0222
405441 7.55479e+006 26.0157
405441 7.55479e+006 26.0117
405441 7.55479e+006 26.0037
405441 7.55479e+006 26.0037
405441 7.55479e+006 26.0087
405441 7.55479e+006 26.0157
405441 7.55479e+006 26.0037
405441 7.55479e+006 26.0087
405441 7.55479e+006 26.0081
405441 7.55479e+006 26.0081
405441 7.55479e+006 26.0031
405441 7.55479e+006 26.0037
405441 7.55479e+006 26.0087
405441 7.55479e+006 26.0167
405441 7.55479e+006 26.0163
405441 7.55479e+006 26.0163
405441 7.55479e+006 26.0081
405441 7.55479e+006 26.0087
405441 7.55479e+006 26.0167
405441 7.55479e+006 26.0167
405441 7.55479e+006 26.0163
405441 7.55479e+006 26.0163
405441 7.55479e+006 26.0163
405441 7.55479e+006 26.0167
405441 7.55479e+006 26.0167
405441 7.55479e+006 26.0087
405441 7.55479e+006 26.0081
405441 7.55479e+006 26.0081
405441 7.55479e+006 26.0163
405441 7.55479e+006 26.0167
405441 7.55479e+006 26.0087
405441 7.55479e+006 26.0037
405441 7.55479e+006 26.0031
405441 7.55479e+006 26.0031
405441 7.55479e+006 26.0081
405441 7.55479e+006 26.0087
405441 7.55479e+006 26.0031
405441 7.55479e+006 26.0081
405441 7.55479e+006 26.0141
405441 7.55479e+006 26.0141
405441 7.55479e+006 26.0099
405441 7.55479e+006 26.0031
405441 7.55479e+006 26.0081
405441 7.55479e+006 26.0163
405441 7.55479e+006 26.021
405441 7.55479e+006 26.021
405441 7.55479e+006 26.0141
405441 7.55479e+006 26.0081
405441 7.55479e+006 26.0163
405441 7.55479e+006 26.0163
405441 7.55479e+006 26.021
405441 7.55479e+006 26.021
405441 7.55479e+006 26.021
405441 7.55479e+006 26.0163
405441 7.55479e+006 26.0163
405441 7.55479e+006 26.0081
405441 7.55479e+006 26.0141
405441 7.55479e+006 26.0141
405441 7.55479e+006 26.021
405441 7.55479e+006 26.0163
405441 7.55479e+006 26.0081
405441 7.55479e+006 26.0031
405441 7.55479e+006 26.0099
405441 7.55479e+006 26.0099
405441 7.55479e+006 26.0141
405441 7.55479e+006 26.0081
405441 7.55479e+006 26.0099
405441 7.55479e+006 26.0141
405441 7.55479e+006 26.0257
405441 7.55479e+006 26.0257
405441 7.55479e+006 26.023
405441 7.55479e+006 26.0099
405441 7.55479e+006 26.0141
405441 7.55479e+006 26.021
405441 7.55479e+006 26.03
405441 7.55479e+006 26.03
405441 7.55479e+006 26.0257
405441 7.55479e+006 26.0141
405441 7.55479e+006 26.021
405441 7.55479e+006 26.021
405441 7.55479e+006 26.03
405441 7.55479e+006 26.03
405441 7.55479e+006 26.03
405441 7.55479e+006 26.021
405441 7.55479e+006 26.021
405441 7.55479e+006 26.0141
405441 7.55479e+006 26.0257
405441 7.55479e+006 26.0257
405441 7.55479e+006 26.03
405441 7.55479e+006 26.021
405441 7.55479e+006 26.0141
405441 7.55479e+006 26.0099
405441 7.55479e+006 26.023
405441 7.55479e+006 26.023
405441 7.55479e+006 26.0257
405441 7.55479e+006 26.0141
405441 7.55479e+006 26.023
405441 7.55479e+006 26.0257
405441 7.55479e+006 26.0407
405441 7.55479e+006 26.0407
405441 7.55479e+006 26.04
405441 7.55479e+006 26.023
405441 7.55479e+006 26.0257
405441 7.55479e+006 26.03
405441 7.55479e+006 26.0419
405441 7.55479e+006 26.0419
405441 7.55479e+006 26.0407
405441 7.55479e+006 26.0257
405441 7.55479e+006 26.03
405441 7.55479e+006 26.03
405441 7.55479e+006 26.0419
405441 7.55479e+006 26.0419
405441 7.55479e+006 26.0419
405441 7.55479e+006 26.03
405441 7.55479e+006 26.03
405441 7.55479e+006 26.0257
405441 7.55479e+006 26.0407
405441 7.55479e+006 26.0407
405441 7.55479e+006 26.0419
405441 7.55479e+006 26.03
405441 7.55479e+006 26.0257
405441 7.55479e+006 26.023
405441 7.55479e+006 26.04
405441 7.55479e+006 26.04
405441 7.55479e+006 26.0407
405441 7.55479e+006 26.0257
405441 7.55479e+006 26.04
405441 7.55479e+006 26.0407
405441 7.55479e+006 26.0567
405441 7.55479e+006 26.0567
405441 7.55479e+006 26.0581
405441 7.55479e+006 26.04
405441 7.55479e+006 26.0407
405441 7.55479e+006 26.0419
405441 7.55479e+006 26.0545
405441 7.55479e+006 26.0545
405441 7.55479e+006 26.0567
405441 7.55479e+006 26.0407
405441 7.55479e+006 26.0419
405441 7.55479e+006 26.0419
405441 7.55479e+006 26.0545
405441 7.55479e+006 26.0545
405441 7.55479e+006 26.0545
405441 7.55479e+006 26.0419
405441 7.55479e+006 26.0419
405441 7.55479e+006 26.0407
405441 7.55479e+006 26.0567
405441 7.55479e+006 26.0567
405441 7.55479e+006 26.0545
405441 7.55479e+006 26.0419
405441 7.55479e+006 26.0407
405441 7.55479e+006 26.04
405441 7.55479e+006 26.0581
405441 7.55479e+006 26.0581
405441 7.55479e+006 26.0567
405441 7.55479e+006 26.0407
405441 7.55479e+006 26.0581
405441 7.55479e+006 26.0567
405441 7.55479e+006 26.0709
405441 7.55479e+006 26.0709
405441 7.55479e+006 26.0742
405441 7.55479e+006 26.0581
405441 7.55479e+006 26.0567
405441 7.55479e+006 26.0545
405441 7.55479e+006 26.0656
405441 7.55479e+006 26.0656
405441 7.55479e+006 26.0709
405441 7.55479e+006 26.0567
405441 7.55479e+006 26.0545
405441 7.55479e+006 26.0545
405441 7.55479e+006 26.0656
405441 7.55479e+006 26.0656
405441 7.55479e+006 26.0656
405441 7.55479e+006 26.0545
405441 7.55479e+006 26.0545
405441 7.55479e+006 26.0567
405441 7.55479e+006 26.0709
405441 7.55479e+006 26.0709
405441 7.55479e+006 26.0656
405441 7.55479e+006 26.0545
405441 7.55479e+006 26.0567
405441 7.55479e+006 26.0581
405441 7.55479e+006 26.0742
405441 7.55479e+006 26.0742
405441 7.55479e+006 26.0709
405441 7.55479e+006 26.0567
405441 7.55479e+006 26.242
405441 7.55479e+006 26.0646
405441 7.55479e+006 26.073
405441 7.55479e+006 26.073
405441 7.55479e+006 26.2504
405441 7.55479e+006 26.242
405441 7.55479e+006 26.2504
405441 7.55479e+006 26.073
405441 7.55479e+006 26.0732
405441 7.55479e+006 26.0732
405441 7.55479e+006 26.2507
405441 7.55479e+006 26.2504
405441 7.55479e+006 26.2507
405441 7.55479e+006 26.0732
405441 7.55479e+006 26.065
405441 7.55479e+006 26.065
405441 7.55479e+006 26.2424
405441 7.55479e+006 26.2507
405441 7.55479e+006 26.2424
405441 7.55479e+006 26.065
405441 7.55479e+006 26.0596
405441 7.55479e+006 26.0596
405441 7.55479e+006 26.237
405441 7.55479e+006 26.2424
405441 7.55479e+006 26.237
405441 7.55479e+006 26.0596
405441 7.55479e+006 26.0646
405441 7.55479e+006 26.0646
405441 7.55479e+006 26.242
405441 7.55479e+006 26.237
